39	81	199.927
79	81	199.921
39	79	199.889
27	37	199.796
47	67	199.77
57	87	199.673
21	53	199.551
13	29	199.547
3	57	199.213
39	59	199.121
75	79	199.06
63	99	199.039
31	97	199.028
15	25	198.989
59	79	198.744
3	87	198.724
59	81	198.553
1	15	198.503
75	81	198.475
39	75	198.399
19	95	198.233
37	95	197.9
1	25	197.55
59	75	197.427
69	75	197.378
15	87	196.796
1	87	196.644
63	73	196.549
3	43	196.549
19	93	-196.495
27	95	196.483
9	41	196.437
15	43	196.142
69	79	196.02
17	29	195.735
69	81	195.639
5	69	-195.601
71	97	195.479
3	85	195.398
47	63	195.367
65	67	195.254
11	35	195.246
53	93	195.071
67	99	194.959
47	99	194.783
17	49	194.771
3	15	194.763
15	57	194.72
39	69	194.717
63	67	194.654
37	65	194.508
1	57	194.328
43	87	194.243
47	65	194.101
9	31	193.939
43	57	193.532
27	65	193.414
65	95	193.369
25	43	193.293
91	93	-193.04
13	17	192.785
57	85	192.756
19	37	192.658
25	87	192.543
1	3	192.316
73	99	192.244
21	93	192.02
19	91	191.515
29	49	191.092
5	45	-191.049
59	69	190.988
31	71	190.867
41	45	190.847
19	65	190.827
1	43	190.686
93	95	-190.306
43	85	190.289
19	27	190.202
85	87	190.139
9	97	189.647
47	73	189.603
25	57	189.492
3	25	189.49
13	49	189.284
53	91	-189.284
91	95	188.633
5	75	-188.596
5	7	188.529
67	73	187.331
51	65	-187.3
33	45	186.987
33	41	186.814
13	85	186.238
55	59	186.139
61	91	186.084
11	83	185.577
31	41	185.541
21	91	-185.429
23	41	185.207
51	67	-184.841
27	47	184.703
37	67	184.617
55	61	184.557
7	23	-184.55
27	67	184.481
37	47	184.462
19	53	-184.437
45	69	184.34
5	79	-184.337
51	89	183.61
55	75	183.607
5	81	-183.413
23	45	183.139
65	99	182.366
45	75	182.324
15	85	181.929
5	39	-181.925
41	97	181.882
29	85	181.697
47	51	-181.352
63	65	180.952
51	99	-180.742
9	33	180.697
5	23	-180.693
55	79	180.514
37	93	-180.509
39	55	180.415
37	91	180.057
65	93	-179.815
19	21	-179.617
67	95	179.459
33	55	179.281
55	81	178.769
1	7	178.662
7	25	178.413
47	95	178.23
19	51	-177.975
9	45	177.817
27	91	177.538
1	85	177.41
1	23	-177.329
35	83	177.184
27	93	-177.065
5	59	-176.896
59	61	176.338
21	35	176.312
23	97	176.235
7	69	-176.16
9	23	176.044
59	91	175.525
11	21	175.405
53	95	-175.031
11	81	-174.954
19	67	174.882
45	79	174.737
51	63	-174.279
25	85	174.091
51	93	174.077
51	95	-174.063
9	71	173.792
23	31	173.709
89	93	173.533
11	39	-173.476
49	85	173.123
11	79	-172.783
19	47	172.745
61	95	172.686
45	81	172.684
7	83	172.631
7	15	172.417
39	45	172.044
55	69	171.846
11	69	-171.756
45	55	171.536
21	89	171.504
5	41	-171.482
53	89	171.46
7	45	-171.314
65	73	171.118
3	13	170.959
35	53	170.771
39	91	170.744
11	53	170.573
45	59	170.362
37	51	-170.346
23	71	169.635
19	61	169.473
21	95	-169.453
37	61	169.234
65	91	169.163
13	57	169.064
81	91	168.869
27	61	168.795
39	61	168.702
49	71	-168.572
79	91	167.8
23	87	-167.706
27	51	-167.575
23	25	-167.54
53	59	-167.346
27	63	167.141
15	23	-167.124
21	39	-167.116
17	85	167.108
21	59	-166.955
11	59	-166.828
61	79	166.826
49	57	166.618
39	53	-166.593
21	81	-166.499
37	63	166.497
11	75	-166.399
61	81	166.358
33	75	166.017
3	29	165.841
27	99	165.841
37	99	165.806
53	81	-165.72
61	93	-165.448
41	71	165.266
19	89	-165.2
23	57	-164.646
61	75	164.494
3	49	164.368
29	57	164.338
21	79	-164.319
13	87	163.791
69	83	-163.781
53	79	-163.654
5	33	-163.526
55	91	162.768
37	53	-162.599
5	83	162.558
7	87	162.426
7	75	-162.411
23	69	162.37
49	87	161.849
5	55	-161.843
27	73	161.75
67	93	-161.22
75	91	160.904
53	65	-160.608
31	45	160.576
33	69	160.57
5	11	160.045
37	73	160.041
95	99	159.712
13	43	159.69
53	61	-159.561
65	89	-159.374
41	69	158.973
23	33	158.958
29	87	158.904
27	53	-158.894
51	53	158.878
33	59	158.876
63	95	158.745
51	73	-158.712
57	71	-158.471
7	79	-158.438
31	33	158.427
47	93	-158.373
33	79	158.067
35	81	-157.962
7	81	-157.961
3	23	-157.688
45	97	157.195
7	57	157.192
71	87	-157.097
7	41	-156.992
21	37	-156.795
59	93	-156.768
81	83	-156.747
35	39	-156.658
33	39	156.174
41	75	155.978
17	77	155.832
19	99	155.694
7	39	-155.69
33	81	155.6
35	79	-155.57
21	75	-155.541
21	51	155.346
21	65	-155.264
79	83	-155.191
7	43	155.127
5	9	-155.026
53	75	-154.92
21	61	-154.888
89	95	-154.848
39	83	-154.516
29	43	153.954
1	71	-153.755
39	93	-153.549
19	63	153.298
21	27	-153.134
35	69	-153.079
3	7	152.987
51	91	-152.84
3	17	152.344
17	57	152.309
81	93	-152.052
75	83	-151.919
23	75	151.876
11	91	-151.633
7	11	151.496
1	5	151.496
35	93	151.481
41	55	151.434
33	97	151.292
3	71	-150.939
89	91	-150.865
23	43	-150.787
35	59	-150.578
67	89	-150.576
11	93	150.411
79	93	-150.326
61	69	150.146
73	95	149.854
61	65	149.544
43	49	149.434
21	69	-149.398
13	15	149.105
49	97	-149.096
5	25	148.916
69	91	148.824
35	75	-148.71
7	59	-148.547
67	91	148.392
29	77	148.14
19	59	148.083
77	81	-147.99
39	77	-147.973
57	97	-147.924
17	71	-147.724
53	69	-147.614
1	97	-147.509
87	97	-147.501
77	79	-147.375
41	79	147.24
17	87	146.955
59	77	-146.931
1	49	146.827
47	91	146.599
59	83	-146.572
47	89	-146.553
17	19	-146.437
35	89	146.256
15	49	146.002
1	13	145.957
17	93	145.784
71	85	-145.666
35	91	-145.606
25	83	145.515
89	99	-145.242
37	89	-145.127
41	81	145.081
15	71	-145.075
13	71	-144.837
29	71	-144.835
49	65	-144.777
17	95	-144.624
75	77	-144.567
39	41	144.422
49	95	-144.312
23	79	144.272
1	41	-144.177
29	93	144.073
15	29	143.863
19	49	-143.848
59	95	143.664
37	49	-143.466
1	45	-143.464
19	39	143.374
53	55	-143.274
5	15	143.269
13	77	143.259
41	59	143.018
93	99	-143.01
7	9	-142.943
19	73	142.746
23	81	142.71
9	69	142.671
33	61	142.641
27	49	-142.581
69	77	-142.564
17	91	-142.449
13	89	142.347
75	93	-142.147
13	93	142.099
5	31	-142.088
7	97	-142.012
19	29	-141.92
5	35	141.759
85	89	141.696
71	73	141.585
19	81	141.574
11	77	141.554
27	89	-141.417
13	51	141.286
21	55	-141.24
21	77	141.19
53	67	-141.18
1	29	141.161
23	39	141.094
31	49	-141.054
5	97	-140.984
1	31	-140.946
53	77	140.924
45	71	140.884
17	37	-140.82
17	65	-140.79
51	85	140.75
31	57	-140.728
23	85	-140.655
3	97	-140.601
29	51	140.503
25	71	-140.441
31	87	-140.416
17	53	140.31
29	53	140.264
19	79	140.24
29	89	140.217
49	67	-140.151
55	93	-139.975
9	75	139.967
73	97	139.893
21	83	139.861
17	43	139.835
13	25	139.677
63	93	-139.663
13	19	-139.607
23	83	-139.533
7	31	-139.392
47	49	-139.358
49	93	139.326
7	33	-139.3
17	27	-139.287
51	57	139.269
77	91	-138.997
21	29	138.82
63	89	-138.819
9	55	138.762
47	71	138.692
3	51	138.548
63	71	138.486
47	53	-138.47
11	45	-138.391
13	53	138.365
1	83	138.243
39	95	138.192
17	21	137.961
41	87	-137.834
15	97	-137.81
49	51	137.785
25	45	-137.749
7	71	-137.733
25	49	137.718
29	95	-137.685
19	55	137.439
55	95	137.359
51	87	137.358
67	71	137.156
13	21	137.116
31	73	137.054
1	9	-136.727
29	65	-136.655
21	67	-136.52
23	59	136.496
19	35	-136.463
81	95	136.272
45	83	-136.238
15	83	136.233
41	57	-136.127
17	51	135.945
43	71	-135.81
5	87	135.581
11	19	-135.578
77	93	135.419
45	61	135.376
71	99	135.283
53	83	135.261
79	95	135.225
29	91	-135.203
15	41	-135.19
15	45	-135.162
13	65	-135.082
13	95	-135.032
25	29	134.685
25	41	-134.496
85	97	-134.446
25	97	-134.416
7	35	134.337
35	77	134.305
49	77	134.242
49	91	-134.226
37	59	134.167
7	55	-134.121
5	61	-134.117
3	31	-134.112
63	97	134.068
9	87	-134.048
21	47	-133.92
49	99	-133.746
17	67	-133.695
9	57	-133.545
11	89	133.293
1	69	-133.189
19	75	133.109
11	55	-133.013
3	89	132.972
49	63	-132.877
23	55	132.87
25	69	-132.753
69	93	-132.736
5	77	132.636
11	61	-132.597
7	85	132.559
17	47	-132.462
23	63	132.458
29	37	-132.453
23	73	132.37
9	79	132.266
23	99	132.257
27	59	132.201
15	17	132.2
55	77	-132.119
57	99	-132.019
61	67	131.947
45	87	-131.945
33	71	131.939
13	91	-131.874
37	55	131.83
15	31	-131.654
47	61	131.585
87	99	-131.425
65	71	131.216
5	57	131.159
3	41	-131.052
27	55	131.039
47	97	131.027
43	51	130.934
9	73	130.918
1	17	130.815
5	21	130.532
9	81	130.478
27	29	-130.418
19	77	-130.416
43	89	130.224
61	77	-130.131
13	97	-130.131
97	99	130.064
57	89	130.02
1	51	130.009
17	89	129.97
31	63	129.951
49	53	129.932
15	51	129.911
9	39	129.894
29	67	-129.84
13	37	-129.788
1	99	-129.721
27	71	129.623
23	49	-129.617
17	97	-129.519
5	71	-129.507
17	61	-129.501
41	73	129.483
5	91	-129.4
57	67	-129.358
29	97	-129.303
73	93	-129.294
31	85	-129.234
67	97	129.109
75	95	128.941
35	95	-128.864
3	9	-128.772
51	61	-128.752
45	57	-128.749
9	59	128.696
25	31	-128.682
37	39	128.661
13	67	-128.659
91	99	128.642
5	53	128.562
9	15	-128.493
37	71	128.413
11	95	-128.365
77	83	128.191
17	99	-128.123
77	99	-128.069
9	35	-128.038
49	73	-127.96
31	35	-127.952
73	89	-127.908
31	69	127.904
43	97	-127.903
67	87	-127.882
29	47	-127.851
57	63	-127.77
13	27	-127.729
3	99	-127.68
87	89	127.608
5	43	127.574
47	57	-127.539
63	87	-127.181
63	91	127.149
21	49	127.08
57	65	-127.011
35	45	-126.884
37	81	126.853
15	69	-126.748
3	5	126.721
27	39	126.713
77	95	-126.581
17	63	-126.538
13	47	-126.53
49	89	126.513
65	85	-126.461
9	25	-126.374
31	47	126.322
61	89	-126.24
47	87	-126.152
41	43	-126.08
37	79	126.035
1	33	-126.026
1	63	-125.846
63	77	-125.834
29	99	-125.709
31	99	125.626
69	97	125.593
3	67	-125.511
13	31	-125.319
11	23	-125.272
53	99	-125.222
85	93	125.116
25	51	125.104
13	99	-124.957
27	81	124.944
65	87	-124.762
83	91	-124.672
15	99	-124.659
3	45	-124.531
33	43	-124.479
3	65	-124.409
17	25	124.399
9	85	-124.389
19	85	-124.327
29	31	-124.301
31	67	124.292
45	77	-124.224
27	79	124.19
51	77	124.176
67	85	-124.141
31	83	-124.133
43	83	124.111
43	45	-123.956
85	99	-123.73
83	97	-123.621
15	33	-123.58
11	41	-123.569
45	91	123.566
25	33	-123.545
3	47	-123.515
41	83	-123.509
1	67	-123.48
17	31	-123.468
35	97	-123.39
41	63	123.305
9	63	123.25
19	69	123.145
3	63	-123.124
33	91	123.068
65	77	-123.039
83	87	123.022
35	41	-123.017
31	43	-122.975
23	47	122.972
31	75	122.883
35	37	-122.861
49	61	-122.811
35	61	-122.693
41	85	-122.68
23	67	122.521
33	89	-122.507
29	63	-122.504
9	49	-122.422
71	95	122.391
53	63	-122.37
67	77	-122.352
1	47	-122.182
61	83	-122.123
9	43	-122.101
15	89	122.01
33	87	-122.002
11	33	-121.99
27	35	-121.943
1	75	-121.895
25	75	-121.871
47	85	-121.857
59	89	-121.751
25	99	-121.707
21	99	-121.693
59	65	121.579
9	11	-121.53
55	83	-121.511
13	63	-121.411
11	37	-121.325
47	77	-121.281
37	77	-121.198
35	55	-121.182
17	73	-121.088
73	77	-120.999
65	97	120.961
3	33	-120.842
37	75	120.797
85	95	-120.796
71	83	-120.768
33	35	-120.689
33	57	-120.672
51	71	-120.478
9	83	-120.431
15	63	-120.39
41	99	120.293
11	27	-120.249
35	51	120.235
39	89	-120.132
21	45	-120.075
55	89	-120.053
75	97	119.83
73	91	119.803
35	65	-119.766
15	67	-119.723
53	85	119.676
27	77	-119.54
29	61	-119.407
9	99	119.394
83	93	119.386
57	73	-119.363
81	89	-119.341
13	23	-119.336
27	75	119.232
63	85	-119.193
21	33	-119.106
21	63	-119.055
33	85	-119.048
73	87	-118.973
69	87	-118.966
11	31	-118.941
27	97	118.924
69	95	118.877
45	53	-118.872
57	83	118.807
1	73	-118.753
21	85	118.676
77	89	118.676
7	77	118.631
45	73	118.519
17	59	-118.514
1	89	118.372
43	99	-118.371
19	57	-118.35
33	77	-118.233
15	47	-118.212
31	55	118.19
79	89	-118.167
33	53	-118.137
25	79	-118.131
7	99	-118.111
1	65	-117.998
37	85	-117.832
19	71	117.812
29	35	117.762
25	63	-117.726
39	65	117.678
3	19	-117.658
37	97	117.603
25	81	-117.575
1	79	-117.543
3	83	117.311
25	89	117.293
57	95	-117.159
31	79	116.982
37	57	-116.959
15	75	-116.921
55	65	116.901
1	81	-116.869
23	29	-116.829
9	47	116.699
13	35	116.69
25	55	-116.535
35	71	-116.505
11	25	116.494
13	61	-116.47
27	85	-116.396
7	63	-116.391
65	81	116.334
41	61	116.331
17	35	116.327
31	65	116.258
25	39	-116.203
27	57	-116.186
25	67	-116.17
23	35	-116.155
17	39	-116.153
3	93	116.123
15	65	-116.111
41	49	-116.071
9	13	-116.027
5	93	115.994
3	95	-115.909
43	67	-115.875
31	81	115.819
57	93	115.785
43	55	-115.716
11	97	-115.613
19	87	-115.611
9	89	-115.493
65	79	115.456
1	39	-115.456
11	65	-115.419
57	69	-115.378
61	63	115.365
43	65	-115.269
53	73	-115.267
17	81	-115.222
29	73	-115.168
61	99	115.131
3	37	-115.075
31	39	115.045
7	61	-115.022
9	67	114.999
25	47	-114.925
37	87	-114.877
45	63	114.843
27	31	114.762
69	71	114.756
3	73	-114.703
87	95	-114.701
41	47	114.555
43	69	-114.539
23	51	-114.536
17	79	-114.432
7	73	-114.314
27	87	-114.266
3	27	-114.226
7	21	114.222
79	97	114.192
43	47	-114.089
9	29	-114.05
43	63	-113.986
55	97	113.874
11	17	113.865
13	73	-113.773
75	89	-113.738
15	55	-113.737
11	51	113.509
77	85	113.508
31	37	113.435
45	85	-113.429
45	99	113.385
11	29	113.363
33	83	-113.237
15	79	-113.202
41	67	113.2
85	91	-113.199
31	59	113.15
15	73	-113.107
81	97	113.104
21	73	-113.092
51	97	-113.075
87	93	112.99
1	11	112.979
1	55	-112.926
17	23	-112.925
27	83	-112.914
25	59	-112.701
17	55	-112.668
15	81	-112.62
3	69	-112.455
29	59	-112.344
33	73	112.317
39	97	112.31
23	65	112.199
51	59	-112.184
25	65	-112.179
7	49	112.169
7	53	112.157
19	83	-112.107
61	73	112.095
37	69	112.02
5	85	111.961
5	73	-111.93
95	97	111.856
11	13	111.791
35	47	-111.763
1	59	-111.707
37	83	-111.684
35	67	-111.649
35	73	-111.586
33	93	-111.513
15	39	-111.46
31	89	-111.415
25	73	-111.296
83	95	-111.215
5	99	-111.192
5	63	-111.074
65	75	110.956
73	85	-110.942
29	39	-110.941
27	69	110.797
41	89	-110.755
75	87	-110.636
19	43	-110.615
11	15	110.574
43	61	-110.518
17	75	-110.512
59	97	110.365
71	93	-110.365
29	81	-110.299
41	77	-110.253
7	91	-110.124
13	41	-110.123
39	51	-110.077
45	93	-110.042
9	17	-109.906
43	93	109.871
3	53	109.761
31	51	-109.7
13	59	-109.692
89	97	-109.602
71	89	-109.568
29	79	-109.446
11	71	-109.444
43	95	-109.391
71	75	109.312
5	19	-109.303
51	81	-109.27
35	49	109.243
1	37	-109.214
1	27	-109.111
37	43	-109.014
25	61	-108.974
51	55	-108.944
53	57	108.736
69	89	-108.692
9	61	108.686
3	21	108.685
7	67	-108.676
27	43	-108.657
43	75	-108.647
15	37	-108.639
15	59	-108.608
7	13	108.576
7	47	-108.551
15	27	-108.542
13	39	-108.487
51	79	-108.389
19	97	108.201
23	77	-108.2
3	55	-108.194
29	41	-108.166
21	41	-108.16
83	89	108.159
31	95	108.157
59	67	108.147
49	59	-108.099
15	19	-108.097
7	51	108.074
13	33	-108.063
1	19	-108.006
57	75	-107.996
1	95	-107.962
13	81	-107.934
55	87	-107.914
15	95	-107.8
9	21	-107.773
29	55	-107.758
61	85	-107.686
21	57	107.502
73	83	-107.443
25	35	107.367
55	85	-107.356
47	59	107.35
79	87	-107.308
19	33	107.202
13	79	-107.149
43	73	-107.053
9	65	107.021
33	63	106.985
23	61	106.94
41	91	106.877
15	61	-106.876
81	87	-106.797
5	95	-106.703
71	91	106.699
25	27	-106.69
13	55	-106.639
41	53	-106.535
53	87	106.517
55	57	-106.501
35	63	-106.469
9	77	-106.461
25	37	-106.441
7	29	106.396
11	67	-106.32
3	91	-106.278
11	47	-106.198
3	75	-106.15
15	93	106.145
39	49	-106.115
45	47	106.111
57	91	-106.06
29	33	-106.06
55	67	106.024
33	95	106.016
29	75	-105.931
39	87	-105.927
45	89	-105.902
17	69	-105.847
19	45	105.838
9	51	-105.815
39	67	105.792
43	79	-105.754
47	55	105.736
9	53	-105.611
83	85	105.553
71	79	105.53
43	53	105.526
1	93	105.516
45	67	105.473
21	87	105.462
3	61	-105.453
49	81	-105.43
11	49	105.366
65	69	105.296
43	81	-105.224
33	99	105.194
23	27	105.186
49	55	-105.154
19	31	105.142
57	79	-105.09
25	95	-105.051
39	47	105.051
67	81	105.048
49	79	-104.972
21	43	104.965
23	37	104.963
35	99	-104.906
41	65	104.877
71	81	104.87
9	27	104.848
51	75	-104.837
1	35	104.83
19	25	-104.794
17	41	-104.775
11	73	-104.696
39	43	-104.688
57	81	-104.658
41	51	-104.65
45	95	104.633
67	79	104.621
45	49	-104.516
21	31	-104.45
69	73	104.363
47	81	104.343
39	71	104.313
55	71	104.232
87	91	-104.21
65	83	-104.206
13	75	-104.074
11	87	104.065
9	37	104.064
35	85	104.062
53	71	-104.028
1	61	-104.003
47	79	103.97
39	57	-103.947
23	89	-103.924
11	43	103.895
43	59	-103.869
7	93	103.86
59	87	-103.816
47	83	-103.782
69	99	103.769
57	61	-103.767
63	69	103.644
49	83	103.63
61	87	-103.626
3	79	-103.616
33	37	103.59
33	51	-103.583
61	71	103.539
93	97	-103.532
15	35	103.52
21	71	-103.504
3	77	103.487
5	47	-103.45
27	33	103.355
17	83	103.344
5	67	-103.332
63	83	-103.326
43	91	-103.309
23	91	103.25
3	81	-103.236
21	23	-103.19
25	93	103.07
59	71	103.063
69	85	-103.047
29	69	-102.986
5	37	-102.977
23	95	102.963
7	17	102.949
5	49	102.863
31	53	-102.849
49	75	-102.799
21	97	-102.76
67	83	-102.72
57	77	102.69
3	39	-102.678
67	75	102.668
7	65	-102.586
23	53	-102.462
27	41	102.417
5	27	-102.402
11	57	102.374
31	77	-102.346
37	45	102.311
57	59	-102.275
9	91	102.263
73	75	102.262
47	75	102.255
33	49	-102.237
15	53	102.204
31	93	-102.175
19	23	102.159
71	77	-102.135
83	99	-102.09
51	69	-102.059
37	41	102.014
5	89	101.986
27	45	101.965
59	99	101.921
53	97	-101.849
63	75	101.845
75	99	101.841
3	11	101.831
15	21	101.807
33	47	101.788
13	69	-101.785
17	33	-101.752
1	53	101.694
11	63	-101.663
59	63	101.627
13	45	-101.613
43	77	101.596
3	59	-101.519
55	73	101.466
39	99	101.416
77	87	101.352
41	93	-101.347
79	99	101.345
1	21	101.333
81	99	101.316
11	85	101.316
9	95	101.315
31	61	101.293
33	67	101.257
5	51	101.202
45	65	101.139
63	79	101.081
39	63	101.078
91	97	101.076
9	93	-101.054
77	97	-101.041
5	65	-101.031
11	99	-101.003
29	83	100.991
55	63	100.987
63	81	100.982
5	17	100.973
61	97	100.955
67	69	100.951
15	91	-100.913
7	19	-100.905
49	69	-100.883
45	51	-100.83
5	13	100.813
21	25	100.808
25	53	100.797
35	43	100.795
73	79	100.756
23	93	-100.745
25	77	100.744
29	45	-100.741
47	69	100.734
7	89	100.723
75	85	-100.705
55	99	100.686
41	95	100.645
59	73	100.614
51	83	100.587
5	29	100.582
1	77	100.523
73	81	100.514
7	27	-100.496
1	91	-100.49
39	73	100.459
35	87	100.391
13	83	100.388
9	19	100.375
25	91	-100.289
59	85	-100.262
33	65	100.256
7	37	-100.217
17	45	-100.187
7	95	-100.183
19	41	100.181
31	91	100.174
3	35	100.16
79	85	-100.033
35	57	100.027
15	77	100.022
81	85	-100.015
39	85	-100.007
94	95	20
96	97	20
80	81	20
40	41	20
22	23	20
90	91	20
88	89	20
86	87	20
84	85	20
82	83	20
92	93	20
14	15	20
38	39	20
26	27	20
44	45	20
36	37	20
46	47	20
20	21	20
48	49	20
50	51	20
52	53	20
24	25	20
54	55	20
34	35	20
42	43	20
56	57	20
28	29	20
58	59	20
62	63	20
64	65	20
66	67	20
16	17	20
32	33	20
68	69	20
70	71	20
30	31	20
72	73	20
74	75	20
76	77	20
78	79	20
60	61	20
18	19	20
0	1	20
98	99	20
10	11	20
2	3	20
4	5	20
6	7	20
8	9	20
12	13	20
39	80	19.9927
38	81	19.9927
78	81	19.9921
79	80	19.9921
38	79	19.9889
39	78	19.9889
27	36	19.9796
26	37	19.9796
46	67	19.977
47	66	19.977
56	87	19.9673
57	86	19.9673
20	53	19.9551
21	52	19.9551
13	28	19.9547
12	29	19.9547
2	57	19.9213
3	56	19.9213
38	59	19.9121
39	58	19.9121
74	79	19.906
75	78	19.906
62	99	19.9039
63	98	19.9039
30	97	19.9028
31	96	19.9028
14	25	19.8989
15	24	19.8989
58	79	19.8744
59	78	19.8744
2	87	19.8724
3	86	19.8724
58	81	19.8553
59	80	19.8553
0	15	19.8503
1	14	19.8503
75	80	19.8475
74	81	19.8475
38	75	19.8399
39	74	19.8399
19	94	19.8233
18	95	19.8233
36	95	19.79
37	94	19.79
1	24	19.755
0	25	19.755
58	75	19.7427
59	74	19.7427
69	74	19.7378
68	75	19.7378
14	87	19.6796
15	86	19.6796
0	87	19.6644
1	86	19.6644
63	72	19.6549
62	73	19.6549
2	43	19.6549
3	42	19.6549
19	92	-19.6495
18	93	-19.6495
27	94	19.6483
26	95	19.6483
8	41	19.6437
9	40	19.6437
14	43	19.6142
15	42	19.6142
68	79	19.602
69	78	19.602
17	28	19.5735
16	29	19.5735
68	81	19.5639
69	80	19.5639
5	68	-19.5601
4	69	-19.5601
71	96	19.5479
70	97	19.5479
2	85	19.5398
3	84	19.5398
46	63	19.5367
47	62	19.5367
65	66	19.5254
64	67	19.5254
11	34	19.5246
10	35	19.5246
53	92	19.5071
52	93	19.5071
66	99	19.4959
67	98	19.4959
46	99	19.4783
47	98	19.4783
17	48	19.4771
16	49	19.4771
2	15	19.4763
3	14	19.4763
15	56	19.472
14	57	19.472
38	69	19.4717
39	68	19.4717
62	67	19.4654
63	66	19.4654
36	65	19.4508
37	64	19.4508
1	56	19.4328
0	57	19.4328
42	87	19.4243
43	86	19.4243
46	65	19.4101
47	64	19.4101
9	30	19.3939
8	31	19.3939
43	56	19.3532
42	57	19.3532
26	65	19.3414
27	64	19.3414
64	95	19.3369
65	94	19.3369
24	43	19.3293
25	42	19.3293
90	93	-19.304
91	92	-19.304
12	17	19.2785
13	16	19.2785
56	85	19.2756
57	84	19.2756
18	37	19.2658
19	36	19.2658
25	86	19.2543
24	87	19.2543
1	2	19.2316
0	3	19.2316
72	99	19.2244
73	98	19.2244
21	92	19.202
20	93	19.202
19	90	19.1515
18	91	19.1515
29	48	19.1092
28	49	19.1092
4	45	-19.1049
5	44	-19.1049
59	68	19.0988
58	69	19.0988
30	71	19.0867
31	70	19.0867
41	44	19.0847
40	45	19.0847
18	65	19.0827
19	64	19.0827
1	42	19.0686
0	43	19.0686
93	94	-19.0306
92	95	-19.0306
43	84	19.0289
42	85	19.0289
18	27	19.0202
19	26	19.0202
85	86	19.0139
84	87	19.0139
9	96	18.9647
8	97	18.9647
47	72	18.9603
46	73	18.9603
24	57	18.9492
25	56	18.9492
2	25	18.949
3	24	18.949
13	48	18.9284
12	49	18.9284
52	91	-18.9284
53	90	-18.9284
91	94	18.8633
90	95	18.8633
4	75	-18.8596
5	74	-18.8596
5	6	18.8529
4	7	18.8529
66	73	18.7331
67	72	18.7331
50	65	-18.73
51	64	-18.73
32	45	18.6987
33	44	18.6987
32	41	18.6814
33	40	18.6814
13	84	18.6238
12	85	18.6238
54	59	18.6139
55	58	18.6139
61	90	18.6084
60	91	18.6084
11	82	18.5577
10	83	18.5577
31	40	18.5541
30	41	18.5541
20	91	-18.5429
21	90	-18.5429
22	41	18.5207
23	40	18.5207
51	66	-18.4841
50	67	-18.4841
27	46	18.4703
26	47	18.4703
37	66	18.4617
36	67	18.4617
55	60	18.4557
54	61	18.4557
6	23	-18.455
7	22	-18.455
26	67	18.4481
27	66	18.4481
36	47	18.4462
37	46	18.4462
18	53	-18.4437
19	52	-18.4437
44	69	18.434
45	68	18.434
5	78	-18.4337
4	79	-18.4337
51	88	18.361
50	89	18.361
55	74	18.3607
54	75	18.3607
5	80	-18.3413
4	81	-18.3413
23	44	18.3139
22	45	18.3139
65	98	18.2366
64	99	18.2366
45	74	18.2324
44	75	18.2324
15	84	18.1929
14	85	18.1929
4	39	-18.1925
5	38	-18.1925
40	97	18.1882
41	96	18.1882
29	84	18.1697
28	85	18.1697
47	50	-18.1352
46	51	-18.1352
63	64	18.0952
62	65	18.0952
50	99	-18.0742
51	98	-18.0742
8	33	18.0697
9	32	18.0697
5	22	-18.0693
4	23	-18.0693
54	79	18.0514
55	78	18.0514
37	92	-18.0509
36	93	-18.0509
39	54	18.0415
38	55	18.0415
37	90	18.0057
36	91	18.0057
64	93	-17.9815
65	92	-17.9815
19	20	-17.9617
18	21	-17.9617
67	94	17.9459
66	95	17.9459
33	54	17.9281
32	55	17.9281
55	80	17.8769
54	81	17.8769
1	6	17.8662
0	7	17.8662
6	25	17.8413
7	24	17.8413
46	95	17.823
47	94	17.823
19	50	-17.7975
18	51	-17.7975
8	45	17.7817
9	44	17.7817
26	91	17.7538
27	90	17.7538
1	84	17.741
0	85	17.741
1	22	-17.7329
0	23	-17.7329
35	82	17.7184
34	83	17.7184
27	92	-17.7065
26	93	-17.7065
4	59	-17.6896
5	58	-17.6896
58	61	17.6338
59	60	17.6338
20	35	17.6312
21	34	17.6312
22	97	17.6235
23	96	17.6235
7	68	-17.616
6	69	-17.616
9	22	17.6044
8	23	17.6044
59	90	17.5525
58	91	17.5525
10	21	17.5405
11	20	17.5405
53	94	-17.5031
52	95	-17.5031
11	80	-17.4954
10	81	-17.4954
19	66	17.4882
18	67	17.4882
45	78	17.4737
44	79	17.4737
51	62	-17.4279
50	63	-17.4279
25	84	17.4091
24	85	17.4091
50	93	17.4077
51	92	17.4077
51	94	-17.4063
50	95	-17.4063
9	70	17.3792
8	71	17.3792
22	31	17.3709
23	30	17.3709
89	92	17.3533
88	93	17.3533
10	39	-17.3476
11	38	-17.3476
48	85	17.3123
49	84	17.3123
10	79	-17.2783
11	78	-17.2783
19	46	17.2745
18	47	17.2745
61	94	17.2686
60	95	17.2686
45	80	17.2684
44	81	17.2684
6	83	17.2631
7	82	17.2631
7	14	17.2417
6	15	17.2417
38	45	17.2044
39	44	17.2044
54	69	17.1846
55	68	17.1846
11	68	-17.1756
10	69	-17.1756
45	54	17.1536
44	55	17.1536
21	88	17.1504
20	89	17.1504
4	41	-17.1482
5	40	-17.1482
53	88	17.146
52	89	17.146
6	45	-17.1314
7	44	-17.1314
64	73	17.1118
65	72	17.1118
3	12	17.0959
2	13	17.0959
34	53	17.0771
35	52	17.0771
38	91	17.0744
39	90	17.0744
10	53	17.0573
11	52	17.0573
44	59	17.0362
45	58	17.0362
37	50	-17.0346
36	51	-17.0346
23	70	16.9635
22	71	16.9635
18	61	16.9473
19	60	16.9473
21	94	-16.9453
20	95	-16.9453
37	60	16.9234
36	61	16.9234
65	90	16.9163
64	91	16.9163
12	57	16.9064
13	56	16.9064
81	90	16.8869
80	91	16.8869
27	60	16.8795
26	61	16.8795
39	60	16.8702
38	61	16.8702
49	70	-16.8572
48	71	-16.8572
78	91	16.78
79	90	16.78
23	86	-16.7706
22	87	-16.7706
27	50	-16.7575
26	51	-16.7575
23	24	-16.754
22	25	-16.754
53	58	-16.7346
52	59	-16.7346
27	62	16.7141
26	63	16.7141
14	23	-16.7124
15	22	-16.7124
20	39	-16.7116
21	38	-16.7116
17	84	16.7108
16	85	16.7108
20	59	-16.6955
21	58	-16.6955
11	58	-16.6828
10	59	-16.6828
61	78	16.6826
60	79	16.6826
48	57	16.6618
49	56	16.6618
39	52	-16.6593
38	53	-16.6593
20	81	-16.6499
21	80	-16.6499
37	62	16.6497
36	63	16.6497
11	74	-16.6399
10	75	-16.6399
60	81	16.6358
61	80	16.6358
32	75	16.6017
33	74	16.6017
2	29	16.5841
3	28	16.5841
26	99	16.5841
27	98	16.5841
37	98	16.5806
36	99	16.5806
52	81	-16.572
53	80	-16.572
61	92	-16.5448
60	93	-16.5448
40	71	16.5266
41	70	16.5266
19	88	-16.52
18	89	-16.52
22	57	-16.4646
23	56	-16.4646
61	74	16.4494
60	75	16.4494
3	48	16.4368
2	49	16.4368
28	57	16.4338
29	56	16.4338
21	78	-16.4319
20	79	-16.4319
12	87	16.3791
13	86	16.3791
69	82	-16.3781
68	83	-16.3781
53	78	-16.3654
52	79	-16.3654
4	33	-16.3526
5	32	-16.3526
55	90	16.2768
54	91	16.2768
37	52	-16.2599
36	53	-16.2599
5	82	16.2558
4	83	16.2558
6	87	16.2426
7	86	16.2426
7	74	-16.2411
6	75	-16.2411
23	68	16.237
22	69	16.237
49	86	16.1849
48	87	16.1849
4	55	-16.1843
5	54	-16.1843
26	73	16.175
27	72	16.175
67	92	-16.122
66	93	-16.122
74	91	16.0904
75	90	16.0904
53	64	-16.0608
52	65	-16.0608
31	44	16.0576
30	45	16.0576
33	68	16.057
32	69	16.057
5	10	16.0045
4	11	16.0045
36	73	16.0041
37	72	16.0041
95	98	15.9712
94	99	15.9712
12	43	15.969
13	42	15.969
52	61	-15.9561
53	60	-15.9561
65	88	-15.9374
64	89	-15.9374
40	69	15.8973
41	68	15.8973
23	32	15.8958
22	33	15.8958
29	86	15.8904
28	87	15.8904
27	52	-15.8894
26	53	-15.8894
50	53	15.8878
51	52	15.8878
32	59	15.8876
33	58	15.8876
62	95	15.8745
63	94	15.8745
51	72	-15.8712
50	73	-15.8712
57	70	-15.8471
56	71	-15.8471
6	79	-15.8438
7	78	-15.8438
31	32	15.8427
30	33	15.8427
47	92	-15.8373
46	93	-15.8373
32	79	15.8067
33	78	15.8067
34	81	-15.7962
35	80	-15.7962
7	80	-15.7961
6	81	-15.7961
3	22	-15.7688
2	23	-15.7688
45	96	15.7195
44	97	15.7195
6	57	15.7192
7	56	15.7192
71	86	-15.7097
70	87	-15.7097
6	41	-15.6992
7	40	-15.6992
20	37	-15.6795
21	36	-15.6795
58	93	-15.6768
59	92	-15.6768
80	83	-15.6747
81	82	-15.6747
34	39	-15.6658
35	38	-15.6658
32	39	15.6174
33	38	15.6174
40	75	15.5978
41	74	15.5978
17	76	15.5832
16	77	15.5832
18	99	15.5694
19	98	15.5694
7	38	-15.569
6	39	-15.569
33	80	15.56
32	81	15.56
34	79	-15.557
35	78	-15.557
21	74	-15.5541
20	75	-15.5541
20	51	15.5346
21	50	15.5346
21	64	-15.5264
20	65	-15.5264
78	83	-15.5191
79	82	-15.5191
7	42	15.5127
6	43	15.5127
5	8	-15.5026
4	9	-15.5026
53	74	-15.492
52	75	-15.492
21	60	-15.4888
20	61	-15.4888
89	94	-15.4848
88	95	-15.4848
39	82	-15.4516
38	83	-15.4516
29	42	15.3954
28	43	15.3954
0	71	-15.3755
1	70	-15.3755
38	93	-15.3549
39	92	-15.3549
18	63	15.3298
19	62	15.3298
21	26	-15.3134
20	27	-15.3134
34	69	-15.3079
35	68	-15.3079
2	7	15.2987
3	6	15.2987
51	90	-15.284
50	91	-15.284
3	16	15.2344
2	17	15.2344
17	56	15.2309
16	57	15.2309
81	92	-15.2052
80	93	-15.2052
75	82	-15.1919
74	83	-15.1919
23	74	15.1876
22	75	15.1876
10	91	-15.1633
11	90	-15.1633
6	11	15.1496
7	10	15.1496
0	5	15.1496
1	4	15.1496
35	92	15.1481
34	93	15.1481
40	55	15.1434
41	54	15.1434
32	97	15.1292
33	96	15.1292
3	70	-15.0939
2	71	-15.0939
89	90	-15.0865
88	91	-15.0865
23	42	-15.0787
22	43	-15.0787
34	59	-15.0578
35	58	-15.0578
67	88	-15.0576
66	89	-15.0576
11	92	15.0411
10	93	15.0411
79	92	-15.0326
78	93	-15.0326
60	69	15.0146
61	68	15.0146
72	95	14.9854
73	94	14.9854
60	65	14.9544
61	64	14.9544
43	48	14.9434
42	49	14.9434
21	68	-14.9398
20	69	-14.9398
12	15	14.9105
13	14	14.9105
48	97	-14.9096
49	96	-14.9096
5	24	14.8916
4	25	14.8916
68	91	14.8824
69	90	14.8824
35	74	-14.871
34	75	-14.871
6	59	-14.8547
7	58	-14.8547
67	90	14.8392
66	91	14.8392
29	76	14.814
28	77	14.814
19	58	14.8083
18	59	14.8083
77	80	-14.799
76	81	-14.799
39	76	-14.7973
38	77	-14.7973
56	97	-14.7924
57	96	-14.7924
17	70	-14.7724
16	71	-14.7724
52	69	-14.7614
53	68	-14.7614
1	96	-14.7509
0	97	-14.7509
86	97	-14.7501
87	96	-14.7501
76	79	-14.7375
77	78	-14.7375
40	79	14.724
41	78	14.724
16	87	14.6955
17	86	14.6955
58	77	-14.6931
59	76	-14.6931
1	48	14.6827
0	49	14.6827
47	90	14.6599
46	91	14.6599
58	83	-14.6572
59	82	-14.6572
47	88	-14.6553
46	89	-14.6553
17	18	-14.6437
16	19	-14.6437
34	89	14.6256
35	88	14.6256
15	48	14.6002
14	49	14.6002
1	12	14.5957
0	13	14.5957
16	93	14.5784
17	92	14.5784
71	84	-14.5666
70	85	-14.5666
34	91	-14.5606
35	90	-14.5606
25	82	14.5515
24	83	14.5515
89	98	-14.5242
88	99	-14.5242
37	88	-14.5127
36	89	-14.5127
40	81	14.5081
41	80	14.5081
15	70	-14.5075
14	71	-14.5075
13	70	-14.4837
12	71	-14.4837
29	70	-14.4835
28	71	-14.4835
49	64	-14.4777
48	65	-14.4777
17	94	-14.4624
16	95	-14.4624
74	77	-14.4567
75	76	-14.4567
38	41	14.4422
39	40	14.4422
49	94	-14.4312
48	95	-14.4312
22	79	14.4272
23	78	14.4272
0	41	-14.4177
1	40	-14.4177
29	92	14.4073
28	93	14.4073
15	28	14.3863
14	29	14.3863
18	49	-14.3848
19	48	-14.3848
58	95	14.3664
59	94	14.3664
36	49	-14.3466
37	48	-14.3466
1	44	-14.3464
0	45	-14.3464
19	38	14.3374
18	39	14.3374
53	54	-14.3274
52	55	-14.3274
5	14	14.3269
4	15	14.3269
12	77	14.3259
13	76	14.3259
40	59	14.3018
41	58	14.3018
93	98	-14.301
92	99	-14.301
6	9	-14.2943
7	8	-14.2943
18	73	14.2746
19	72	14.2746
22	81	14.271
23	80	14.271
8	69	14.2671
9	68	14.2671
33	60	14.2641
32	61	14.2641
27	48	-14.2581
26	49	-14.2581
68	77	-14.2564
69	76	-14.2564
16	91	-14.2449
17	90	-14.2449
12	89	14.2347
13	88	14.2347
75	92	-14.2147
74	93	-14.2147
12	93	14.2099
13	92	14.2099
4	31	-14.2088
5	30	-14.2088
7	96	-14.2012
6	97	-14.2012
18	29	-14.192
19	28	-14.192
4	35	14.1759
5	34	14.1759
84	89	14.1696
85	88	14.1696
70	73	14.1585
71	72	14.1585
19	80	14.1574
18	81	14.1574
10	77	14.1554
11	76	14.1554
26	89	-14.1417
27	88	-14.1417
13	50	14.1286
12	51	14.1286
21	54	-14.124
20	55	-14.124
21	76	14.119
20	77	14.119
53	66	-14.118
52	67	-14.118
1	28	14.1161
0	29	14.1161
22	39	14.1094
23	38	14.1094
30	49	-14.1054
31	48	-14.1054
5	96	-14.0984
4	97	-14.0984
1	30	-14.0946
0	31	-14.0946
53	76	14.0924
52	77	14.0924
45	70	14.0884
44	71	14.0884
16	37	-14.082
17	36	-14.082
16	65	-14.079
17	64	-14.079
51	84	14.075
50	85	14.075
30	57	-14.0728
31	56	-14.0728
22	85	-14.0655
23	84	-14.0655
3	96	-14.0601
2	97	-14.0601
29	50	14.0503
28	51	14.0503
25	70	-14.0441
24	71	-14.0441
31	86	-14.0416
30	87	-14.0416
16	53	14.031
17	52	14.031
29	52	14.0264
28	53	14.0264
19	78	14.024
18	79	14.024
29	88	14.0217
28	89	14.0217
48	67	-14.0151
49	66	-14.0151
54	93	-13.9975
55	92	-13.9975
9	74	13.9967
8	75	13.9967
72	97	13.9893
73	96	13.9893
21	82	13.9861
20	83	13.9861
16	43	13.9835
17	42	13.9835
13	24	13.9677
12	25	13.9677
62	93	-13.9663
63	92	-13.9663
12	19	-13.9607
13	18	-13.9607
22	83	-13.9533
23	82	-13.9533
7	30	-13.9392
6	31	-13.9392
47	48	-13.9358
46	49	-13.9358
49	92	13.9326
48	93	13.9326
7	32	-13.93
6	33	-13.93
16	27	-13.9287
17	26	-13.9287
51	56	13.9269
50	57	13.9269
76	91	-13.8997
77	90	-13.8997
20	29	13.882
21	28	13.882
62	89	-13.8819
63	88	-13.8819
8	55	13.8762
9	54	13.8762
47	70	13.8692
46	71	13.8692
3	50	13.8548
2	51	13.8548
63	70	13.8486
62	71	13.8486
47	52	-13.847
46	53	-13.847
10	45	-13.8391
11	44	-13.8391
12	53	13.8365
13	52	13.8365
1	82	13.8243
0	83	13.8243
39	94	13.8192
38	95	13.8192
17	20	13.7961
16	21	13.7961
41	86	-13.7834
40	87	-13.7834
15	96	-13.781
14	97	-13.781
49	50	13.7785
48	51	13.7785
25	44	-13.7749
24	45	-13.7749
6	71	-13.7733
7	70	-13.7733
24	49	13.7718
25	48	13.7718
28	95	-13.7685
29	94	-13.7685
19	54	13.7439
18	55	13.7439
55	94	13.7359
54	95	13.7359
50	87	13.7358
51	86	13.7358
66	71	13.7156
67	70	13.7156
12	21	13.7116
13	20	13.7116
30	73	13.7054
31	72	13.7054
0	9	-13.6727
1	8	-13.6727
28	65	-13.6655
29	64	-13.6655
20	67	-13.652
21	66	-13.652
22	59	13.6496
23	58	13.6496
19	34	-13.6463
18	35	-13.6463
80	95	13.6272
81	94	13.6272
44	83	-13.6238
45	82	-13.6238
15	82	13.6233
14	83	13.6233
40	57	-13.6127
41	56	-13.6127
17	50	13.5945
16	51	13.5945
42	71	-13.581
43	70	-13.581
5	86	13.5581
4	87	13.5581
11	18	-13.5578
10	19	-13.5578
76	93	13.5419
77	92	13.5419
44	61	13.5376
45	60	13.5376
70	99	13.5283
71	98	13.5283
52	83	13.5261
53	82	13.5261
79	94	13.5225
78	95	13.5225
28	91	-13.5203
29	90	-13.5203
14	41	-13.519
15	40	-13.519
15	44	-13.5162
14	45	-13.5162
13	64	-13.5082
12	65	-13.5082
12	95	-13.5032
13	94	-13.5032
25	28	13.4685
24	29	13.4685
24	41	-13.4496
25	40	-13.4496
84	97	-13.4446
85	96	-13.4446
24	97	-13.4416
25	96	-13.4416
7	34	13.4337
6	35	13.4337
35	76	13.4305
34	77	13.4305
48	77	13.4242
49	76	13.4242
49	90	-13.4226
48	91	-13.4226
37	58	13.4167
36	59	13.4167
7	54	-13.4121
6	55	-13.4121
5	60	-13.4117
4	61	-13.4117
2	31	-13.4112
3	30	-13.4112
62	97	13.4068
63	96	13.4068
9	86	-13.4048
8	87	-13.4048
20	47	-13.392
21	46	-13.392
48	99	-13.3746
49	98	-13.3746
17	66	-13.3695
16	67	-13.3695
9	56	-13.3545
8	57	-13.3545
10	89	13.3293
11	88	13.3293
0	69	-13.3189
1	68	-13.3189
19	74	13.3109
18	75	13.3109
11	54	-13.3013
10	55	-13.3013
3	88	13.2972
2	89	13.2972
49	62	-13.2877
48	63	-13.2877
22	55	13.287
23	54	13.287
25	68	-13.2753
24	69	-13.2753
68	93	-13.2736
69	92	-13.2736
4	77	13.2636
5	76	13.2636
10	61	-13.2597
11	60	-13.2597
7	84	13.2559
6	85	13.2559
16	47	-13.2462
17	46	-13.2462
22	63	13.2458
23	62	13.2458
29	36	-13.2453
28	37	-13.2453
23	72	13.237
22	73	13.237
8	79	13.2266
9	78	13.2266
22	99	13.2257
23	98	13.2257
27	58	13.2201
26	59	13.2201
15	16	13.22
14	17	13.22
54	77	-13.2119
55	76	-13.2119
56	99	-13.2019
57	98	-13.2019
61	66	13.1947
60	67	13.1947
44	87	-13.1945
45	86	-13.1945
33	70	13.1939
32	71	13.1939
13	90	-13.1874
12	91	-13.1874
37	54	13.183
36	55	13.183
15	30	-13.1654
14	31	-13.1654
46	61	13.1585
47	60	13.1585
87	98	-13.1425
86	99	-13.1425
65	70	13.1216
64	71	13.1216
5	56	13.1159
4	57	13.1159
3	40	-13.1052
2	41	-13.1052
26	55	13.1039
27	54	13.1039
47	96	13.1027
46	97	13.1027
42	51	13.0934
43	50	13.0934
9	72	13.0918
8	73	13.0918
0	17	13.0815
1	16	13.0815
5	20	13.0532
4	21	13.0532
8	81	13.0478
9	80	13.0478
26	29	-13.0418
27	28	-13.0418
19	76	-13.0416
18	77	-13.0416
42	89	13.0224
43	88	13.0224
61	76	-13.0131
60	77	-13.0131
12	97	-13.0131
13	96	-13.0131
96	99	13.0064
97	98	13.0064
56	89	13.002
57	88	13.002
0	51	13.0009
1	50	13.0009
16	89	12.997
17	88	12.997
31	62	12.9951
30	63	12.9951
49	52	12.9932
48	53	12.9932
14	51	12.9911
15	50	12.9911
8	39	12.9894
9	38	12.9894
29	66	-12.984
28	67	-12.984
13	36	-12.9788
12	37	-12.9788
0	99	-12.9721
1	98	-12.9721
26	71	12.9623
27	70	12.9623
22	49	-12.9617
23	48	-12.9617
17	96	-12.9519
16	97	-12.9519
5	70	-12.9507
4	71	-12.9507
17	60	-12.9501
16	61	-12.9501
40	73	12.9483
41	72	12.9483
4	91	-12.94
5	90	-12.94
56	67	-12.9358
57	66	-12.9358
28	97	-12.9303
29	96	-12.9303
72	93	-12.9294
73	92	-12.9294
30	85	-12.9234
31	84	-12.9234
67	96	12.9109
66	97	12.9109
74	95	12.8941
75	94	12.8941
34	95	-12.8864
35	94	-12.8864
2	9	-12.8772
3	8	-12.8772
51	60	-12.8752
50	61	-12.8752
44	57	-12.8749
45	56	-12.8749
8	59	12.8696
9	58	12.8696
24	31	-12.8682
25	30	-12.8682
36	39	12.8661
37	38	12.8661
13	66	-12.8659
12	67	-12.8659
90	99	12.8642
91	98	12.8642
5	52	12.8562
4	53	12.8562
8	15	-12.8493
9	14	-12.8493
37	70	12.8413
36	71	12.8413
11	94	-12.8365
10	95	-12.8365
77	82	12.8191
76	83	12.8191
16	99	-12.8123
17	98	-12.8123
77	98	-12.8069
76	99	-12.8069
9	34	-12.8038
8	35	-12.8038
48	73	-12.796
49	72	-12.796
30	35	-12.7952
31	34	-12.7952
72	89	-12.7908
73	88	-12.7908
31	68	12.7904
30	69	12.7904
43	96	-12.7903
42	97	-12.7903
67	86	-12.7882
66	87	-12.7882
28	47	-12.7851
29	46	-12.7851
56	63	-12.777
57	62	-12.777
13	26	-12.7729
12	27	-12.7729
3	98	-12.768
2	99	-12.768
86	89	12.7608
87	88	12.7608
4	43	12.7574
5	42	12.7574
46	57	-12.7539
47	56	-12.7539
63	86	-12.7181
62	87	-12.7181
62	91	12.7149
63	90	12.7149
20	49	12.708
21	48	12.708
56	65	-12.7011
57	64	-12.7011
34	45	-12.6884
35	44	-12.6884
37	80	12.6853
36	81	12.6853
14	69	-12.6748
15	68	-12.6748
2	5	12.6721
3	4	12.6721
26	39	12.6713
27	38	12.6713
77	94	-12.6581
76	95	-12.6581
17	62	-12.6538
16	63	-12.6538
13	46	-12.653
12	47	-12.653
48	89	12.6513
49	88	12.6513
64	85	-12.6461
65	84	-12.6461
8	25	-12.6374
9	24	-12.6374
31	46	12.6322
30	47	12.6322
61	88	-12.624
60	89	-12.624
47	86	-12.6152
46	87	-12.6152
40	43	-12.608
41	42	-12.608
36	79	12.6035
37	78	12.6035
1	32	-12.6026
0	33	-12.6026
0	63	-12.5846
1	62	-12.5846
63	76	-12.5834
62	77	-12.5834
29	98	-12.5709
28	99	-12.5709
31	98	12.5626
30	99	12.5626
68	97	12.5593
69	96	12.5593
2	67	-12.5511
3	66	-12.5511
13	30	-12.5319
12	31	-12.5319
11	22	-12.5272
10	23	-12.5272
53	98	-12.5222
52	99	-12.5222
85	92	12.5116
84	93	12.5116
24	51	12.5104
25	50	12.5104
12	99	-12.4957
13	98	-12.4957
27	80	12.4944
26	81	12.4944
65	86	-12.4762
64	87	-12.4762
83	90	-12.4672
82	91	-12.4672
15	98	-12.4659
14	99	-12.4659
2	45	-12.4531
3	44	-12.4531
33	42	-12.4479
32	43	-12.4479
3	64	-12.4409
2	65	-12.4409
17	24	12.4399
16	25	12.4399
9	84	-12.4389
8	85	-12.4389
19	84	-12.4327
18	85	-12.4327
29	30	-12.4301
28	31	-12.4301
30	67	12.4292
31	66	12.4292
44	77	-12.4224
45	76	-12.4224
26	79	12.419
27	78	12.419
51	76	12.4176
50	77	12.4176
66	85	-12.4141
67	84	-12.4141
31	82	-12.4133
30	83	-12.4133
43	82	12.4111
42	83	12.4111
42	45	-12.3956
43	44	-12.3956
84	99	-12.373
85	98	-12.373
82	97	-12.3621
83	96	-12.3621
15	32	-12.358
14	33	-12.358
11	40	-12.3569
10	41	-12.3569
45	90	12.3566
44	91	12.3566
25	32	-12.3545
24	33	-12.3545
2	47	-12.3515
3	46	-12.3515
41	82	-12.3509
40	83	-12.3509
0	67	-12.348
1	66	-12.348
17	30	-12.3468
16	31	-12.3468
35	96	-12.339
34	97	-12.339
40	63	12.3305
41	62	12.3305
8	63	12.325
9	62	12.325
19	68	12.3145
18	69	12.3145
3	62	-12.3124
2	63	-12.3124
33	90	12.3068
32	91	12.3068
64	77	-12.3039
65	76	-12.3039
83	86	12.3022
82	87	12.3022
34	41	-12.3017
35	40	-12.3017
30	43	-12.2975
31	42	-12.2975
22	47	12.2972
23	46	12.2972
31	74	12.2883
30	75	12.2883
34	37	-12.2861
35	36	-12.2861
49	60	-12.2811
48	61	-12.2811
34	61	-12.2693
35	60	-12.2693
41	84	-12.268
40	85	-12.268
23	66	12.2521
22	67	12.2521
32	89	-12.2507
33	88	-12.2507
29	62	-12.2504
28	63	-12.2504
8	49	-12.2422
9	48	-12.2422
70	95	12.2391
71	94	12.2391
52	63	-12.237
53	62	-12.237
67	76	-12.2352
66	77	-12.2352
0	47	-12.2182
1	46	-12.2182
60	83	-12.2123
61	82	-12.2123
8	43	-12.2101
9	42	-12.2101
14	89	12.201
15	88	12.201
32	87	-12.2002
33	86	-12.2002
11	32	-12.199
10	33	-12.199
26	35	-12.1943
27	34	-12.1943
0	75	-12.1895
1	74	-12.1895
24	75	-12.1871
25	74	-12.1871
47	84	-12.1857
46	85	-12.1857
59	88	-12.1751
58	89	-12.1751
25	98	-12.1707
24	99	-12.1707
20	99	-12.1693
21	98	-12.1693
58	65	12.1579
59	64	12.1579
9	10	-12.153
8	11	-12.153
55	82	-12.1511
54	83	-12.1511
13	62	-12.1411
12	63	-12.1411
11	36	-12.1325
10	37	-12.1325
47	76	-12.1281
46	77	-12.1281
37	76	-12.1198
36	77	-12.1198
34	55	-12.1182
35	54	-12.1182
17	72	-12.1088
16	73	-12.1088
73	76	-12.0999
72	77	-12.0999
64	97	12.0961
65	96	12.0961
2	33	-12.0842
3	32	-12.0842
36	75	12.0797
37	74	12.0797
84	95	-12.0796
85	94	-12.0796
70	83	-12.0768
71	82	-12.0768
33	34	-12.0689
32	35	-12.0689
33	56	-12.0672
32	57	-12.0672
50	71	-12.0478
51	70	-12.0478
8	83	-12.0431
9	82	-12.0431
14	63	-12.039
15	62	-12.039
41	98	12.0293
40	99	12.0293
11	26	-12.0249
10	27	-12.0249
35	50	12.0235
34	51	12.0235
39	88	-12.0132
38	89	-12.0132
21	44	-12.0075
20	45	-12.0075
54	89	-12.0053
55	88	-12.0053
74	97	11.983
75	96	11.983
72	91	11.9803
73	90	11.9803
35	64	-11.9766
34	65	-11.9766
14	67	-11.9723
15	66	-11.9723
53	84	11.9676
52	85	11.9676
26	77	-11.954
27	76	-11.954
29	60	-11.9407
28	61	-11.9407
8	99	11.9394
9	98	11.9394
83	92	11.9386
82	93	11.9386
56	73	-11.9363
57	72	-11.9363
81	88	-11.9341
80	89	-11.9341
13	22	-11.9336
12	23	-11.9336
27	74	11.9232
26	75	11.9232
63	84	-11.9193
62	85	-11.9193
21	32	-11.9106
20	33	-11.9106
21	62	-11.9055
20	63	-11.9055
33	84	-11.9048
32	85	-11.9048
72	87	-11.8973
73	86	-11.8973
68	87	-11.8966
69	86	-11.8966
11	30	-11.8941
10	31	-11.8941
27	96	11.8924
26	97	11.8924
68	95	11.8877
69	94	11.8877
45	52	-11.8872
44	53	-11.8872
56	83	11.8807
57	82	11.8807
0	73	-11.8753
1	72	-11.8753
20	85	11.8676
21	84	11.8676
76	89	11.8676
77	88	11.8676
6	77	11.8631
7	76	11.8631
45	72	11.8519
44	73	11.8519
16	59	-11.8514
17	58	-11.8514
0	89	11.8372
1	88	11.8372
42	99	-11.8371
43	98	-11.8371
18	57	-11.835
19	56	-11.835
33	76	-11.8233
32	77	-11.8233
15	46	-11.8212
14	47	-11.8212
30	55	11.819
31	54	11.819
78	89	-11.8167
79	88	-11.8167
32	53	-11.8137
33	52	-11.8137
25	78	-11.8131
24	79	-11.8131
7	98	-11.8111
6	99	-11.8111
0	65	-11.7998
1	64	-11.7998
36	85	-11.7832
37	84	-11.7832
18	71	11.7812
19	70	11.7812
29	34	11.7762
28	35	11.7762
24	63	-11.7726
25	62	-11.7726
38	65	11.7678
39	64	11.7678
2	19	-11.7658
3	18	-11.7658
36	97	11.7603
37	96	11.7603
25	80	-11.7575
24	81	-11.7575
0	79	-11.7543
1	78	-11.7543
2	83	11.7311
3	82	11.7311
24	89	11.7293
25	88	11.7293
57	94	-11.7159
56	95	-11.7159
30	79	11.6982
31	78	11.6982
37	56	-11.6959
36	57	-11.6959
15	74	-11.6921
14	75	-11.6921
54	65	11.6901
55	64	11.6901
0	81	-11.6869
1	80	-11.6869
22	29	-11.6829
23	28	-11.6829
9	46	11.6699
8	47	11.6699
12	35	11.669
13	34	11.669
25	54	-11.6535
24	55	-11.6535
35	70	-11.6505
34	71	-11.6505
10	25	11.6494
11	24	11.6494
13	60	-11.647
12	61	-11.647
26	85	-11.6396
27	84	-11.6396
6	63	-11.6391
7	62	-11.6391
65	80	11.6334
64	81	11.6334
40	61	11.6331
41	60	11.6331
17	34	11.6327
16	35	11.6327
30	65	11.6258
31	64	11.6258
24	39	-11.6203
25	38	-11.6203
26	57	-11.6186
27	56	-11.6186
24	67	-11.617
25	66	-11.617
23	34	-11.6155
22	35	-11.6155
16	39	-11.6153
17	38	-11.6153
3	92	11.6123
2	93	11.6123
15	64	-11.6111
14	65	-11.6111
40	49	-11.6071
41	48	-11.6071
8	13	-11.6027
9	12	-11.6027
4	93	11.5994
5	92	11.5994
2	95	-11.5909
3	94	-11.5909
43	66	-11.5875
42	67	-11.5875
30	81	11.5819
31	80	11.5819
57	92	11.5785
56	93	11.5785
42	55	-11.5716
43	54	-11.5716
11	96	-11.5613
10	97	-11.5613
18	87	-11.5611
19	86	-11.5611
8	89	-11.5493
9	88	-11.5493
65	78	11.5456
64	79	11.5456
1	38	-11.5456
0	39	-11.5456
11	64	-11.5419
10	65	-11.5419
57	68	-11.5378
56	69	-11.5378
60	63	11.5365
61	62	11.5365
43	64	-11.5269
42	65	-11.5269
53	72	-11.5267
52	73	-11.5267
16	81	-11.5222
17	80	-11.5222
29	72	-11.5168
28	73	-11.5168
60	99	11.5131
61	98	11.5131
2	37	-11.5075
3	36	-11.5075
30	39	11.5045
31	38	11.5045
7	60	-11.5022
6	61	-11.5022
8	67	11.4999
9	66	11.4999
24	47	-11.4925
25	46	-11.4925
37	86	-11.4877
36	87	-11.4877
44	63	11.4843
45	62	11.4843
26	31	11.4762
27	30	11.4762
69	70	11.4756
68	71	11.4756
2	73	-11.4703
3	72	-11.4703
87	94	-11.4701
86	95	-11.4701
41	46	11.4555
40	47	11.4555
43	68	-11.4539
42	69	-11.4539
22	51	-11.4536
23	50	-11.4536
16	79	-11.4432
17	78	-11.4432
7	72	-11.4314
6	73	-11.4314
27	86	-11.4266
26	87	-11.4266
2	27	-11.4226
3	26	-11.4226
6	21	11.4222
7	20	11.4222
78	97	11.4192
79	96	11.4192
43	46	-11.4089
42	47	-11.4089
8	29	-11.405
9	28	-11.405
43	62	-11.3986
42	63	-11.3986
54	97	11.3874
55	96	11.3874
10	17	11.3865
11	16	11.3865
13	72	-11.3773
12	73	-11.3773
75	88	-11.3738
74	89	-11.3738
14	55	-11.3737
15	54	-11.3737
11	50	11.3509
10	51	11.3509
77	84	11.3508
76	85	11.3508
31	36	11.3435
30	37	11.3435
45	84	-11.3429
44	85	-11.3429
44	99	11.3385
45	98	11.3385
10	29	11.3363
11	28	11.3363
33	82	-11.3237
32	83	-11.3237
14	79	-11.3202
15	78	-11.3202
40	67	11.32
41	66	11.32
85	90	-11.3199
84	91	-11.3199
30	59	11.315
31	58	11.315
14	73	-11.3107
15	72	-11.3107
81	96	11.3104
80	97	11.3104
21	72	-11.3092
20	73	-11.3092
51	96	-11.3075
50	97	-11.3075
86	93	11.299
87	92	11.299
1	10	11.2979
0	11	11.2979
1	54	-11.2926
0	55	-11.2926
16	23	-11.2925
17	22	-11.2925
27	82	-11.2914
26	83	-11.2914
25	58	-11.2701
24	59	-11.2701
17	54	-11.2668
16	55	-11.2668
14	81	-11.262
15	80	-11.262
3	68	-11.2455
2	69	-11.2455
28	59	-11.2344
29	58	-11.2344
32	73	11.2317
33	72	11.2317
38	97	11.231
39	96	11.231
22	65	11.2199
23	64	11.2199
50	59	-11.2184
51	58	-11.2184
24	65	-11.2179
25	64	-11.2179
7	48	11.2169
6	49	11.2169
6	53	11.2157
7	52	11.2157
18	83	-11.2107
19	82	-11.2107
61	72	11.2095
60	73	11.2095
37	68	11.202
36	69	11.202
4	85	11.1961
5	84	11.1961
4	73	-11.193
5	72	-11.193
94	97	11.1856
95	96	11.1856
11	12	11.1791
10	13	11.1791
34	47	-11.1763
35	46	-11.1763
0	59	-11.1707
1	58	-11.1707
36	83	-11.1684
37	82	-11.1684
35	66	-11.1649
34	67	-11.1649
34	73	-11.1586
35	72	-11.1586
32	93	-11.1513
33	92	-11.1513
14	39	-11.146
15	38	-11.146
31	88	-11.1415
30	89	-11.1415
25	72	-11.1296
24	73	-11.1296
82	95	-11.1215
83	94	-11.1215
4	99	-11.1192
5	98	-11.1192
4	63	-11.1074
5	62	-11.1074
65	74	11.0956
64	75	11.0956
72	85	-11.0942
73	84	-11.0942
29	38	-11.0941
28	39	-11.0941
26	69	11.0797
27	68	11.0797
41	88	-11.0755
40	89	-11.0755
74	87	-11.0636
75	86	-11.0636
19	42	-11.0615
18	43	-11.0615
11	14	11.0574
10	15	11.0574
42	61	-11.0518
43	60	-11.0518
17	74	-11.0512
16	75	-11.0512
59	96	11.0365
58	97	11.0365
70	93	-11.0365
71	92	-11.0365
29	80	-11.0299
28	81	-11.0299
41	76	-11.0253
40	77	-11.0253
7	90	-11.0124
6	91	-11.0124
13	40	-11.0123
12	41	-11.0123
38	51	-11.0077
39	50	-11.0077
44	93	-11.0042
45	92	-11.0042
9	16	-10.9906
8	17	-10.9906
43	92	10.9871
42	93	10.9871
3	52	10.9761
2	53	10.9761
30	51	-10.97
31	50	-10.97
12	59	-10.9692
13	58	-10.9692
89	96	-10.9602
88	97	-10.9602
70	89	-10.9568
71	88	-10.9568
28	79	-10.9446
29	78	-10.9446
11	70	-10.9444
10	71	-10.9444
43	94	-10.9391
42	95	-10.9391
70	75	10.9312
71	74	10.9312
4	19	-10.9303
5	18	-10.9303
51	80	-10.927
50	81	-10.927
34	49	10.9243
35	48	10.9243
0	37	-10.9214
1	36	-10.9214
0	27	-10.9111
1	26	-10.9111
36	43	-10.9014
37	42	-10.9014
24	61	-10.8974
25	60	-10.8974
51	54	-10.8944
50	55	-10.8944
52	57	10.8736
53	56	10.8736
69	88	-10.8692
68	89	-10.8692
9	60	10.8686
8	61	10.8686
3	20	10.8685
2	21	10.8685
6	67	-10.8676
7	66	-10.8676
26	43	-10.8657
27	42	-10.8657
43	74	-10.8647
42	75	-10.8647
14	37	-10.8639
15	36	-10.8639
14	59	-10.8608
15	58	-10.8608
7	12	10.8576
6	13	10.8576
7	46	-10.8551
6	47	-10.8551
14	27	-10.8542
15	26	-10.8542
12	39	-10.8487
13	38	-10.8487
50	79	-10.8389
51	78	-10.8389
19	96	10.8201
18	97	10.8201
23	76	-10.82
22	77	-10.82
3	54	-10.8194
2	55	-10.8194
29	40	-10.8166
28	41	-10.8166
21	40	-10.816
20	41	-10.816
83	88	10.8159
82	89	10.8159
30	95	10.8157
31	94	10.8157
59	66	10.8147
58	67	10.8147
48	59	-10.8099
49	58	-10.8099
15	18	-10.8097
14	19	-10.8097
7	50	10.8074
6	51	10.8074
13	32	-10.8063
12	33	-10.8063
1	18	-10.8006
0	19	-10.8006
56	75	-10.7996
57	74	-10.7996
0	95	-10.7962
1	94	-10.7962
12	81	-10.7934
13	80	-10.7934
55	86	-10.7914
54	87	-10.7914
15	94	-10.78
14	95	-10.78
9	20	-10.7773
8	21	-10.7773
29	54	-10.7758
28	55	-10.7758
61	84	-10.7686
60	85	-10.7686
20	57	10.7502
21	56	10.7502
73	82	-10.7443
72	83	-10.7443
24	35	10.7367
25	34	10.7367
54	85	-10.7356
55	84	-10.7356
47	58	10.735
46	59	10.735
79	86	-10.7308
78	87	-10.7308
18	33	10.7202
19	32	10.7202
13	78	-10.7149
12	79	-10.7149
42	73	-10.7053
43	72	-10.7053
9	64	10.7021
8	65	10.7021
33	62	10.6985
32	63	10.6985
23	60	10.694
22	61	10.694
41	90	10.6877
40	91	10.6877
15	60	-10.6876
14	61	-10.6876
80	87	-10.6797
81	86	-10.6797
4	95	-10.6703
5	94	-10.6703
70	91	10.6699
71	90	10.6699
24	27	-10.669
25	26	-10.669
12	55	-10.6639
13	54	-10.6639
40	53	-10.6535
41	52	-10.6535
52	87	10.6517
53	86	10.6517
55	56	-10.6501
54	57	-10.6501
35	62	-10.6469
34	63	-10.6469
9	76	-10.6461
8	77	-10.6461
24	37	-10.6441
25	36	-10.6441
6	29	10.6396
7	28	10.6396
11	66	-10.632
10	67	-10.632
3	90	-10.6278
2	91	-10.6278
10	47	-10.6198
11	46	-10.6198
2	75	-10.615
3	74	-10.615
15	92	10.6145
14	93	10.6145
39	48	-10.6115
38	49	-10.6115
45	46	10.6111
44	47	10.6111
57	90	-10.606
56	91	-10.606
29	32	-10.606
28	33	-10.606
55	66	10.6024
54	67	10.6024
32	95	10.6016
33	94	10.6016
29	74	-10.5931
28	75	-10.5931
38	87	-10.5927
39	86	-10.5927
44	89	-10.5902
45	88	-10.5902
16	69	-10.5847
17	68	-10.5847
18	45	10.5838
19	44	10.5838
8	51	-10.5815
9	50	-10.5815
38	67	10.5792
39	66	10.5792
43	78	-10.5754
42	79	-10.5754
47	54	10.5736
46	55	10.5736
8	53	-10.5611
9	52	-10.5611
83	84	10.5553
82	85	10.5553
70	79	10.553
71	78	10.553
42	53	10.5526
43	52	10.5526
0	93	10.5516
1	92	10.5516
45	66	10.5473
44	67	10.5473
21	86	10.5462
20	87	10.5462
2	61	-10.5453
3	60	-10.5453
49	80	-10.543
48	81	-10.543
10	49	10.5366
11	48	10.5366
65	68	10.5296
64	69	10.5296
42	81	-10.5224
43	80	-10.5224
32	99	10.5194
33	98	10.5194
23	26	10.5186
22	27	10.5186
48	55	-10.5154
49	54	-10.5154
18	31	10.5142
19	30	10.5142
57	78	-10.509
56	79	-10.509
25	94	-10.5051
24	95	-10.5051
38	47	10.5051
39	46	10.5051
67	80	10.5048
66	81	10.5048
48	79	-10.4972
49	78	-10.4972
21	42	10.4965
20	43	10.4965
22	37	10.4963
23	36	10.4963
35	98	-10.4906
34	99	-10.4906
40	65	10.4877
41	64	10.4877
70	81	10.487
71	80	10.487
9	26	10.4848
8	27	10.4848
50	75	-10.4837
51	74	-10.4837
1	34	10.483
0	35	10.483
19	24	-10.4794
18	25	-10.4794
17	40	-10.4775
16	41	-10.4775
11	72	-10.4696
10	73	-10.4696
39	42	-10.4688
38	43	-10.4688
57	80	-10.4658
56	81	-10.4658
40	51	-10.465
41	50	-10.465
44	95	10.4633
45	94	10.4633
66	79	10.4621
67	78	10.4621
45	48	-10.4516
44	49	-10.4516
21	30	-10.445
20	31	-10.445
68	73	10.4363
69	72	10.4363
47	80	10.4343
46	81	10.4343
39	70	10.4313
38	71	10.4313
54	71	10.4232
55	70	10.4232
86	91	-10.421
87	90	-10.421
64	83	-10.4206
65	82	-10.4206
12	75	-10.4074
13	74	-10.4074
11	86	10.4065
10	87	10.4065
9	36	10.4064
8	37	10.4064
35	84	10.4062
34	85	10.4062
52	71	-10.4028
53	70	-10.4028
1	60	-10.4003
0	61	-10.4003
46	79	10.397
47	78	10.397
38	57	-10.3947
39	56	-10.3947
22	89	-10.3924
23	88	-10.3924
10	43	10.3895
11	42	10.3895
43	58	-10.3869
42	59	-10.3869
7	92	10.386
6	93	10.386
59	86	-10.3816
58	87	-10.3816
47	82	-10.3782
46	83	-10.3782
68	99	10.3769
69	98	10.3769
57	60	-10.3767
56	61	-10.3767
63	68	10.3644
62	69	10.3644
48	83	10.363
49	82	10.363
60	87	-10.3626
61	86	-10.3626
2	79	-10.3616
3	78	-10.3616
32	37	10.359
33	36	10.359
33	50	-10.3583
32	51	-10.3583
60	71	10.3539
61	70	10.3539
93	96	-10.3532
92	97	-10.3532
14	35	10.352
15	34	10.352
20	71	-10.3504
21	70	-10.3504
2	77	10.3487
3	76	10.3487
4	47	-10.345
5	46	-10.345
27	32	10.3355
26	33	10.3355
16	83	10.3344
17	82	10.3344
5	66	-10.3332
4	67	-10.3332
62	83	-10.3326
63	82	-10.3326
42	91	-10.3309
43	90	-10.3309
22	91	10.325
23	90	10.325
3	80	-10.3236
2	81	-10.3236
20	23	-10.319
21	22	-10.319
25	92	10.307
24	93	10.307
59	70	10.3063
58	71	10.3063
68	85	-10.3047
69	84	-10.3047
29	68	-10.2986
28	69	-10.2986
5	36	-10.2977
4	37	-10.2977
22	95	10.2963
23	94	10.2963
6	17	10.2949
7	16	10.2949
5	48	10.2863
4	49	10.2863
30	53	-10.2849
31	52	-10.2849
49	74	-10.2799
48	75	-10.2799
21	96	-10.276
20	97	-10.276
66	83	-10.272
67	82	-10.272
56	77	10.269
57	76	10.269
3	38	-10.2678
2	39	-10.2678
67	74	10.2668
66	75	10.2668
7	64	-10.2586
6	65	-10.2586
23	52	-10.2462
22	53	-10.2462
26	41	10.2417
27	40	10.2417
4	27	-10.2402
5	26	-10.2402
11	56	10.2374
10	57	10.2374
30	77	-10.2346
31	76	-10.2346
37	44	10.2311
36	45	10.2311
56	59	-10.2275
57	58	-10.2275
9	90	10.2263
8	91	10.2263
72	75	10.2262
73	74	10.2262
47	74	10.2255
46	75	10.2255
32	49	-10.2237
33	48	-10.2237
14	53	10.2204
15	52	10.2204
30	93	-10.2175
31	92	-10.2175
19	22	10.2159
18	23	10.2159
71	76	-10.2135
70	77	-10.2135
83	98	-10.209
82	99	-10.209
50	69	-10.2059
51	68	-10.2059
37	40	10.2014
36	41	10.2014
5	88	10.1986
4	89	10.1986
27	44	10.1965
26	45	10.1965
58	99	10.1921
59	98	10.1921
53	96	-10.1849
52	97	-10.1849
63	74	10.1845
62	75	10.1845
74	99	10.1841
75	98	10.1841
3	10	10.1831
2	11	10.1831
14	21	10.1807
15	20	10.1807
33	46	10.1788
32	47	10.1788
13	68	-10.1785
12	69	-10.1785
16	33	-10.1752
17	32	-10.1752
1	52	10.1694
0	53	10.1694
11	62	-10.1663
10	63	-10.1663
58	63	10.1627
59	62	10.1627
13	44	-10.1613
12	45	-10.1613
43	76	10.1596
42	77	10.1596
3	58	-10.1519
2	59	-10.1519
55	72	10.1466
54	73	10.1466
38	99	10.1416
39	98	10.1416
76	87	10.1352
77	86	10.1352
40	93	-10.1347
41	92	-10.1347
78	99	10.1345
79	98	10.1345
1	20	10.1333
0	21	10.1333
81	98	10.1316
80	99	10.1316
10	85	10.1316
11	84	10.1316
9	94	10.1315
8	95	10.1315
30	61	10.1293
31	60	10.1293
33	66	10.1257
32	67	10.1257
4	51	10.1202
5	50	10.1202
45	64	10.1139
44	65	10.1139
62	79	10.1081
63	78	10.1081
38	63	10.1078
39	62	10.1078
91	96	10.1076
90	97	10.1076
9	92	-10.1054
8	93	-10.1054
76	97	-10.1041
77	96	-10.1041
4	65	-10.1031
5	64	-10.1031
10	99	-10.1003
11	98	-10.1003
28	83	10.0991
29	82	10.0991
54	63	10.0987
55	62	10.0987
63	80	10.0982
62	81	10.0982
4	17	10.0973
5	16	10.0973
60	97	10.0955
61	96	10.0955
66	69	10.0951
67	68	10.0951
15	90	-10.0913
14	91	-10.0913
7	18	-10.0905
6	19	-10.0905
49	68	-10.0883
48	69	-10.0883
44	51	-10.083
45	50	-10.083
4	13	10.0813
5	12	10.0813
21	24	10.0808
20	25	10.0808
25	52	10.0797
24	53	10.0797
35	42	10.0795
34	43	10.0795
72	79	10.0756
73	78	10.0756
22	93	-10.0745
23	92	-10.0745
24	77	10.0744
25	76	10.0744
29	44	-10.0741
28	45	-10.0741
47	68	10.0734
46	69	10.0734
6	89	10.0723
7	88	10.0723
75	84	-10.0705
74	85	-10.0705
55	98	10.0686
54	99	10.0686
40	95	10.0645
41	94	10.0645
59	72	10.0614
58	73	10.0614
51	82	10.0587
50	83	10.0587
4	29	10.0582
5	28	10.0582
0	77	10.0523
1	76	10.0523
73	80	10.0514
72	81	10.0514
7	26	-10.0496
6	27	-10.0496
1	90	-10.049
0	91	-10.049
38	73	10.0459
39	72	10.0459
34	87	10.0391
35	86	10.0391
13	82	10.0388
12	83	10.0388
8	19	10.0375
9	18	10.0375
25	90	-10.0289
24	91	-10.0289
58	85	-10.0262
59	84	-10.0262
33	64	10.0256
32	65	10.0256
7	36	-10.0217
6	37	-10.0217
17	44	-10.0187
16	45	-10.0187
6	95	-10.0183
7	94	-10.0183
19	40	10.0181
18	41	10.0181
30	91	10.0174
31	90	10.0174
2	35	10.016
3	34	10.016
78	85	-10.0033
79	84	-10.0033
35	56	10.0027
34	57	10.0027
14	77	10.0022
15	76	10.0022
80	85	-10.0015
81	84	-10.0015
39	84	-10.0007
38	85	-10.0007
38	80	1.99927
78	80	1.99921
38	78	1.99889
26	36	1.99796
46	66	1.9977
56	86	1.99673
20	52	1.99551
12	28	1.99547
2	56	1.99213
38	58	1.99121
74	78	1.9906
62	98	1.99039
30	96	1.99028
14	24	1.98989
58	78	1.98744
2	86	1.98724
58	80	1.98553
0	14	1.98503
74	80	1.98475
38	74	1.98399
18	94	1.98233
36	94	1.979
0	24	1.9755
58	74	1.97427
68	74	1.97378
14	86	1.96796
0	86	1.96644
62	72	1.96549
2	42	1.96549
18	92	-1.96495
26	94	1.96483
8	40	1.96437
14	42	1.96142
68	78	1.9602
16	28	1.95735
68	80	1.95639
4	68	-1.95601
70	96	1.95479
2	84	1.95398
46	62	1.95367
64	66	1.95254
10	34	1.95246
52	92	1.95071
66	98	1.94959
46	98	1.94783
16	48	1.94771
2	14	1.94763
14	56	1.9472
38	68	1.94717
62	66	1.94654
36	64	1.94508
0	56	1.94328
42	86	1.94243
46	64	1.94101
8	30	1.93939
42	56	1.93532
26	64	1.93414
64	94	1.93369
24	42	1.93293
90	92	-1.9304
12	16	1.92785
56	84	1.92756
18	36	1.92658
24	86	1.92543
0	2	1.92316
72	98	1.92244
20	92	1.9202
18	90	1.91515
28	48	1.91092
4	44	-1.91049
58	68	1.90988
30	70	1.90867
40	44	1.90847
18	64	1.90827
0	42	1.90686
92	94	-1.90306
42	84	1.90289
18	26	1.90202
84	86	1.90139
8	96	1.89647
46	72	1.89603
24	56	1.89492
2	24	1.8949
12	48	1.89284
52	90	-1.89284
90	94	1.88633
4	74	-1.88596
4	6	1.88529
66	72	1.87331
50	64	-1.873
32	44	1.86987
32	40	1.86814
12	84	1.86238
54	58	1.86139
60	90	1.86084
10	82	1.85577
30	40	1.85541
20	90	-1.85429
22	40	1.85207
50	66	-1.84841
26	46	1.84703
36	66	1.84617
54	60	1.84557
6	22	-1.8455
26	66	1.84481
36	46	1.84462
18	52	-1.84437
44	68	1.8434
4	78	-1.84337
50	88	1.8361
54	74	1.83607
4	80	-1.83413
22	44	1.83139
64	98	1.82366
44	74	1.82324
14	84	1.81929
4	38	-1.81925
40	96	1.81882
28	84	1.81697
46	50	-1.81352
62	64	1.80952
50	98	-1.80742
8	32	1.80697
4	22	-1.80693
54	78	1.80514
36	92	-1.80509
38	54	1.80415
36	90	1.80057
64	92	-1.79815
18	20	-1.79617
66	94	1.79459
32	54	1.79281
54	80	1.78769
0	6	1.78662
6	24	1.78413
46	94	1.7823
18	50	-1.77975
8	44	1.77817
26	90	1.77538
0	84	1.7741
0	22	-1.77329
34	82	1.77184
26	92	-1.77065
4	58	-1.76896
58	60	1.76338
20	34	1.76312
22	96	1.76235
6	68	-1.7616
8	22	1.76044
58	90	1.75525
10	20	1.75405
52	94	-1.75031
10	80	-1.74954
18	66	1.74882
44	78	1.74737
50	62	-1.74279
24	84	1.74091
50	92	1.74077
50	94	-1.74063
8	70	1.73792
22	30	1.73709
88	92	1.73533
10	38	-1.73476
48	84	1.73123
10	78	-1.72783
18	46	1.72745
60	94	1.72686
44	80	1.72684
6	82	1.72631
6	14	1.72417
38	44	1.72044
54	68	1.71846
10	68	-1.71756
44	54	1.71536
20	88	1.71504
4	40	-1.71482
52	88	1.7146
6	44	-1.71314
64	72	1.71118
2	12	1.70959
34	52	1.70771
38	90	1.70744
10	52	1.70573
44	58	1.70362
36	50	-1.70346
22	70	1.69635
18	60	1.69473
20	94	-1.69453
36	60	1.69234
64	90	1.69163
12	56	1.69064
80	90	1.68869
26	60	1.68795
38	60	1.68702
48	70	-1.68572
78	90	1.678
22	86	-1.67706
26	50	-1.67575
22	24	-1.6754
52	58	-1.67346
26	62	1.67141
14	22	-1.67124
20	38	-1.67116
16	84	1.67108
20	58	-1.66955
10	58	-1.66828
60	78	1.66826
48	56	1.66618
38	52	-1.66593
20	80	-1.66499
36	62	1.66497
10	74	-1.66399
60	80	1.66358
32	74	1.66017
2	28	1.65841
26	98	1.65841
36	98	1.65806
52	80	-1.6572
60	92	-1.65448
40	70	1.65266
18	88	-1.652
22	56	-1.64646
60	74	1.64494
2	48	1.64368
28	56	1.64338
20	78	-1.64319
12	86	1.63791
68	82	-1.63781
52	78	-1.63654
4	32	-1.63526
54	90	1.62768
36	52	-1.62599
4	82	1.62558
6	86	1.62426
6	74	-1.62411
22	68	1.6237
48	86	1.61849
4	54	-1.61843
26	72	1.6175
66	92	-1.6122
74	90	1.60904
52	64	-1.60608
30	44	1.60576
32	68	1.6057
4	10	1.60045
36	72	1.60041
94	98	1.59712
12	42	1.5969
52	60	-1.59561
64	88	-1.59374
40	68	1.58973
22	32	1.58958
28	86	1.58904
26	52	-1.58894
50	52	1.58878
32	58	1.58876
62	94	1.58745
50	72	-1.58712
56	70	-1.58471
6	78	-1.58438
30	32	1.58427
46	92	-1.58373
32	78	1.58067
34	80	-1.57962
6	80	-1.57961
2	22	-1.57688
44	96	1.57195
6	56	1.57192
70	86	-1.57097
6	40	-1.56992
20	36	-1.56795
58	92	-1.56768
80	82	-1.56747
34	38	-1.56658
32	38	1.56174
40	74	1.55978
16	76	1.55832
18	98	1.55694
6	38	-1.5569
32	80	1.556
34	78	-1.5557
20	74	-1.55541
20	50	1.55346
20	64	-1.55264
78	82	-1.55191
6	42	1.55127
4	8	-1.55026
52	74	-1.5492
20	60	-1.54888
88	94	-1.54848
38	82	-1.54516
28	42	1.53954
0	70	-1.53755
38	92	-1.53549
18	62	1.53298
20	26	-1.53134
34	68	-1.53079
2	6	1.52987
50	90	-1.5284
2	16	1.52344
16	56	1.52309
80	92	-1.52052
74	82	-1.51919
22	74	1.51876
10	90	-1.51633
6	10	1.51496
0	4	1.51496
34	92	1.51481
40	54	1.51434
32	96	1.51292
2	70	-1.50939
88	90	-1.50865
22	42	-1.50787
34	58	-1.50578
66	88	-1.50576
10	92	1.50411
78	92	-1.50326
60	68	1.50146
72	94	1.49854
60	64	1.49544
42	48	1.49434
20	68	-1.49398
12	14	1.49105
48	96	-1.49096
4	24	1.48916
68	90	1.48824
34	74	-1.4871
6	58	-1.48547
66	90	1.48392
28	76	1.4814
18	58	1.48083
76	80	-1.4799
38	76	-1.47973
56	96	-1.47924
16	70	-1.47724
52	68	-1.47614
0	96	-1.47509
86	96	-1.47501
76	78	-1.47375
40	78	1.4724
16	86	1.46955
58	76	-1.46931
0	48	1.46827
46	90	1.46599
58	82	-1.46572
46	88	-1.46553
16	18	-1.46437
34	88	1.46256
14	48	1.46002
0	12	1.45957
16	92	1.45784
70	84	-1.45666
34	90	-1.45606
24	82	1.45515
88	98	-1.45242
36	88	-1.45127
40	80	1.45081
14	70	-1.45075
12	70	-1.44837
28	70	-1.44835
48	64	-1.44777
16	94	-1.44624
74	76	-1.44567
38	40	1.44422
48	94	-1.44312
22	78	1.44272
0	40	-1.44177
28	92	1.44073
14	28	1.43863
18	48	-1.43848
58	94	1.43664
36	48	-1.43466
0	44	-1.43464
18	38	1.43374
52	54	-1.43274
4	14	1.43269
12	76	1.43259
40	58	1.43018
92	98	-1.4301
6	8	-1.42943
18	72	1.42746
22	80	1.4271
8	68	1.42671
32	60	1.42641
26	48	-1.42581
68	76	-1.42564
16	90	-1.42449
12	88	1.42347
74	92	-1.42147
12	92	1.42099
4	30	-1.42088
6	96	-1.42012
18	28	-1.4192
4	34	1.41759
84	88	1.41696
70	72	1.41585
18	80	1.41574
10	76	1.41554
26	88	-1.41417
12	50	1.41286
20	54	-1.4124
20	76	1.4119
52	66	-1.4118
0	28	1.41161
22	38	1.41094
30	48	-1.41054
4	96	-1.40984
0	30	-1.40946
52	76	1.40924
44	70	1.40884
16	36	-1.4082
16	64	-1.4079
50	84	1.4075
30	56	-1.40728
22	84	-1.40655
2	96	-1.40601
28	50	1.40503
24	70	-1.40441
30	86	-1.40416
16	52	1.4031
28	52	1.40264
18	78	1.4024
28	88	1.40217
48	66	-1.40151
54	92	-1.39975
8	74	1.39967
72	96	1.39893
20	82	1.39861
16	42	1.39835
12	24	1.39677
62	92	-1.39663
12	18	-1.39607
22	82	-1.39533
6	30	-1.39392
46	48	-1.39358
48	92	1.39326
6	32	-1.393
16	26	-1.39287
50	56	1.39269
76	90	-1.38997
20	28	1.3882
62	88	-1.38819
8	54	1.38762
46	70	1.38692
2	50	1.38548
62	70	1.38486
46	52	-1.3847
10	44	-1.38391
12	52	1.38365
0	82	1.38243
38	94	1.38192
16	20	1.37961
40	86	-1.37834
14	96	-1.3781
48	50	1.37785
24	44	-1.37749
6	70	-1.37733
24	48	1.37718
28	94	-1.37685
18	54	1.37439
54	94	1.37359
50	86	1.37358
66	70	1.37156
12	20	1.37116
30	72	1.37054
0	8	-1.36727
28	64	-1.36655
20	66	-1.3652
22	58	1.36496
18	34	-1.36463
80	94	1.36272
44	82	-1.36238
14	82	1.36233
40	56	-1.36127
16	50	1.35945
42	70	-1.3581
4	86	1.35581
10	18	-1.35578
76	92	1.35419
44	60	1.35376
70	98	1.35283
52	82	1.35261
78	94	1.35225
28	90	-1.35203
14	40	-1.3519
14	44	-1.35162
12	64	-1.35082
12	94	-1.35032
24	28	1.34685
24	40	-1.34496
84	96	-1.34446
24	96	-1.34416
6	34	1.34337
34	76	1.34305
48	76	1.34242
48	90	-1.34226
36	58	1.34167
6	54	-1.34121
4	60	-1.34117
2	30	-1.34112
62	96	1.34068
8	86	-1.34048
20	46	-1.3392
48	98	-1.33746
16	66	-1.33695
8	56	-1.33545
10	88	1.33293
0	68	-1.33189
18	74	1.33109
10	54	-1.33013
2	88	1.32972
48	62	-1.32877
22	54	1.3287
24	68	-1.32753
68	92	-1.32736
4	76	1.32636
10	60	-1.32597
6	84	1.32559
16	46	-1.32462
22	62	1.32458
28	36	-1.32453
22	72	1.3237
8	78	1.32266
22	98	1.32257
26	58	1.32201
14	16	1.322
54	76	-1.32119
56	98	-1.32019
60	66	1.31947
44	86	-1.31945
32	70	1.31939
12	90	-1.31874
36	54	1.3183
14	30	-1.31654
46	60	1.31585
86	98	-1.31425
64	70	1.31216
4	56	1.31159
2	40	-1.31052
26	54	1.31039
46	96	1.31027
42	50	1.30934
8	72	1.30918
0	16	1.30815
4	20	1.30532
8	80	1.30478
26	28	-1.30418
18	76	-1.30416
42	88	1.30224
60	76	-1.30131
12	96	-1.30131
96	98	1.30064
56	88	1.3002
0	50	1.30009
16	88	1.2997
30	62	1.29951
48	52	1.29932
14	50	1.29911
8	38	1.29894
28	66	-1.2984
12	36	-1.29788
0	98	-1.29721
26	70	1.29623
22	48	-1.29617
16	96	-1.29519
4	70	-1.29507
16	60	-1.29501
40	72	1.29483
4	90	-1.294
56	66	-1.29358
28	96	-1.29303
72	92	-1.29294
30	84	-1.29234
66	96	1.29109
74	94	1.28941
34	94	-1.28864
2	8	-1.28772
50	60	-1.28752
44	56	-1.28749
8	58	1.28696
24	30	-1.28682
36	38	1.28661
12	66	-1.28659
90	98	1.28642
4	52	1.28562
8	14	-1.28493
36	70	1.28413
10	94	-1.28365
76	82	1.28191
16	98	-1.28123
76	98	-1.28069
8	34	-1.28038
48	72	-1.2796
30	34	-1.27952
72	88	-1.27908
30	68	1.27904
42	96	-1.27903
66	86	-1.27882
28	46	-1.27851
56	62	-1.2777
12	26	-1.27729
2	98	-1.2768
86	88	1.27608
4	42	1.27574
46	56	-1.27539
62	86	-1.27181
62	90	1.27149
20	48	1.2708
56	64	-1.27011
34	44	-1.26884
36	80	1.26853
14	68	-1.26748
2	4	1.26721
26	38	1.26713
76	94	-1.26581
16	62	-1.26538
12	46	-1.2653
48	88	1.26513
64	84	-1.26461
8	24	-1.26374
30	46	1.26322
60	88	-1.2624
46	86	-1.26152
40	42	-1.2608
36	78	1.26035
0	32	-1.26026
0	62	-1.25846
62	76	-1.25834
28	98	-1.25709
30	98	1.25626
68	96	1.25593
2	66	-1.25511
12	30	-1.25319
10	22	-1.25272
52	98	-1.25222
84	92	1.25116
24	50	1.25104
12	98	-1.24957
26	80	1.24944
64	86	-1.24762
82	90	-1.24672
14	98	-1.24659
2	44	-1.24531
32	42	-1.24479
2	64	-1.24409
16	24	1.24399
8	84	-1.24389
18	84	-1.24327
28	30	-1.24301
30	66	1.24292
44	76	-1.24224
26	78	1.2419
50	76	1.24176
66	84	-1.24141
30	82	-1.24133
42	82	1.24111
42	44	-1.23956
84	98	-1.2373
82	96	-1.23621
14	32	-1.2358
10	40	-1.23569
44	90	1.23566
24	32	-1.23545
2	46	-1.23515
40	82	-1.23509
0	66	-1.2348
16	30	-1.23468
34	96	-1.2339
40	62	1.23305
8	62	1.2325
18	68	1.23145
2	62	-1.23124
32	90	1.23068
64	76	-1.23039
82	86	1.23022
34	40	-1.23017
30	42	-1.22975
22	46	1.22972
30	74	1.22883
34	36	-1.22861
48	60	-1.22811
34	60	-1.22693
40	84	-1.2268
22	66	1.22521
32	88	-1.22507
28	62	-1.22504
8	48	-1.22422
70	94	1.22391
52	62	-1.2237
66	76	-1.22352
0	46	-1.22182
60	82	-1.22123
8	42	-1.22101
14	88	1.2201
32	86	-1.22002
10	32	-1.2199
26	34	-1.21943
0	74	-1.21895
24	74	-1.21871
46	84	-1.21857
58	88	-1.21751
24	98	-1.21707
20	98	-1.21693
58	64	1.21579
8	10	-1.2153
54	82	-1.21511
12	62	-1.21411
10	36	-1.21325
46	76	-1.21281
36	76	-1.21198
34	54	-1.21182
16	72	-1.21088
72	76	-1.20999
64	96	1.20961
2	32	-1.20842
36	74	1.20797
84	94	-1.20796
70	82	-1.20768
32	34	-1.20689
32	56	-1.20672
50	70	-1.20478
8	82	-1.20431
14	62	-1.2039
40	98	1.20293
10	26	-1.20249
34	50	1.20235
38	88	-1.20132
20	44	-1.20075
54	88	-1.20053
74	96	1.1983
72	90	1.19803
34	64	-1.19766
14	66	-1.19723
52	84	1.19676
26	76	-1.1954
28	60	-1.19407
8	98	1.19394
82	92	1.19386
56	72	-1.19363
80	88	-1.19341
12	22	-1.19336
26	74	1.19232
62	84	-1.19193
20	32	-1.19106
20	62	-1.19055
32	84	-1.19048
72	86	-1.18973
68	86	-1.18966
10	30	-1.18941
26	96	1.18924
68	94	1.18877
44	52	-1.18872
56	82	1.18807
0	72	-1.18753
20	84	1.18676
76	88	1.18676
6	76	1.18631
44	72	1.18519
16	58	-1.18514
0	88	1.18372
42	98	-1.18371
18	56	-1.1835
32	76	-1.18233
14	46	-1.18212
30	54	1.1819
78	88	-1.18167
32	52	-1.18137
24	78	-1.18131
6	98	-1.18111
0	64	-1.17998
36	84	-1.17832
18	70	1.17812
28	34	1.17762
24	62	-1.17726
38	64	1.17678
2	18	-1.17658
36	96	1.17603
24	80	-1.17575
0	78	-1.17543
2	82	1.17311
24	88	1.17293
56	94	-1.17159
30	78	1.16982
36	56	-1.16959
14	74	-1.16921
54	64	1.16901
0	80	-1.16869
22	28	-1.16829
8	46	1.16699
12	34	1.1669
24	54	-1.16535
34	70	-1.16505
10	24	1.16494
12	60	-1.1647
26	84	-1.16396
6	62	-1.16391
64	80	1.16334
40	60	1.16331
16	34	1.16327
30	64	1.16258
24	38	-1.16203
26	56	-1.16186
24	66	-1.1617
22	34	-1.16155
16	38	-1.16153
2	92	1.16123
14	64	-1.16111
40	48	-1.16071
8	12	-1.16027
4	92	1.15994
2	94	-1.15909
42	66	-1.15875
30	80	1.15819
56	92	1.15785
42	54	-1.15716
10	96	-1.15613
18	86	-1.15611
8	88	-1.15493
64	78	1.15456
0	38	-1.15456
10	64	-1.15419
56	68	-1.15378
60	62	1.15365
42	64	-1.15269
52	72	-1.15267
16	80	-1.15222
28	72	-1.15168
60	98	1.15131
2	36	-1.15075
30	38	1.15045
6	60	-1.15022
8	66	1.14999
24	46	-1.14925
36	86	-1.14877
44	62	1.14843
26	30	1.14762
68	70	1.14756
2	72	-1.14703
86	94	-1.14701
40	46	1.14555
42	68	-1.14539
22	50	-1.14536
16	78	-1.14432
6	72	-1.14314
26	86	-1.14266
2	26	-1.14226
6	20	1.14222
78	96	1.14192
42	46	-1.14089
8	28	-1.1405
42	62	-1.13986
54	96	1.13874
10	16	1.13865
12	72	-1.13773
74	88	-1.13738
14	54	-1.13737
10	50	1.13509
76	84	1.13508
30	36	1.13435
44	84	-1.13429
44	98	1.13385
10	28	1.13363
32	82	-1.13237
14	78	-1.13202
40	66	1.132
84	90	-1.13199
30	58	1.1315
14	72	-1.13107
80	96	1.13104
20	72	-1.13092
50	96	-1.13075
86	92	1.1299
0	10	1.12979
0	54	-1.12926
16	22	-1.12925
26	82	-1.12914
24	58	-1.12701
16	54	-1.12668
14	80	-1.1262
2	68	-1.12455
28	58	-1.12344
32	72	1.12317
38	96	1.1231
22	64	1.12199
50	58	-1.12184
24	64	-1.12179
6	48	1.12169
6	52	1.12157
18	82	-1.12107
60	72	1.12095
36	68	1.1202
4	84	1.11961
4	72	-1.1193
94	96	1.11856
10	12	1.11791
34	46	-1.11763
0	58	-1.11707
36	82	-1.11684
34	66	-1.11649
34	72	-1.11586
32	92	-1.11513
14	38	-1.1146
30	88	-1.11415
24	72	-1.11296
82	94	-1.11215
4	98	-1.11192
4	62	-1.11074
64	74	1.10956
72	84	-1.10942
28	38	-1.10941
26	68	1.10797
40	88	-1.10755
74	86	-1.10636
18	42	-1.10615
10	14	1.10574
42	60	-1.10518
16	74	-1.10512
58	96	1.10365
70	92	-1.10365
28	80	-1.10299
40	76	-1.10253
6	90	-1.10124
12	40	-1.10123
38	50	-1.10077
44	92	-1.10042
8	16	-1.09906
42	92	1.09871
2	52	1.09761
30	50	-1.097
12	58	-1.09692
88	96	-1.09602
70	88	-1.09568
28	78	-1.09446
10	70	-1.09444
42	94	-1.09391
70	74	1.09312
4	18	-1.09303
50	80	-1.0927
34	48	1.09243
0	36	-1.09214
0	26	-1.09111
36	42	-1.09014
24	60	-1.08974
50	54	-1.08944
52	56	1.08736
68	88	-1.08692
8	60	1.08686
2	20	1.08685
6	66	-1.08676
26	42	-1.08657
42	74	-1.08647
14	36	-1.08639
14	58	-1.08608
6	12	1.08576
6	46	-1.08551
14	26	-1.08542
12	38	-1.08487
50	78	-1.08389
18	96	1.08201
22	76	-1.082
2	54	-1.08194
28	40	-1.08166
20	40	-1.0816
82	88	1.08159
30	94	1.08157
58	66	1.08147
48	58	-1.08099
14	18	-1.08097
6	50	1.08074
12	32	-1.08063
0	18	-1.08006
56	74	-1.07996
0	94	-1.07962
12	80	-1.07934
54	86	-1.07914
14	94	-1.078
8	20	-1.07773
28	54	-1.07758
60	84	-1.07686
20	56	1.07502
72	82	-1.07443
24	34	1.07367
54	84	-1.07356
46	58	1.0735
78	86	-1.07308
18	32	1.07202
12	78	-1.07149
42	72	-1.07053
8	64	1.07021
32	62	1.06985
22	60	1.0694
40	90	1.06877
14	60	-1.06876
80	86	-1.06797
4	94	-1.06703
70	90	1.06699
24	26	-1.0669
12	54	-1.06639
40	52	-1.06535
52	86	1.06517
54	56	-1.06501
34	62	-1.06469
8	76	-1.06461
24	36	-1.06441
6	28	1.06396
10	66	-1.0632
2	90	-1.06278
10	46	-1.06198
2	74	-1.0615
14	92	1.06145
38	48	-1.06115
44	46	1.06111
56	90	-1.0606
28	32	-1.0606
54	66	1.06024
32	94	1.06016
28	74	-1.05931
38	86	-1.05927
44	88	-1.05902
16	68	-1.05847
18	44	1.05838
8	50	-1.05815
38	66	1.05792
42	78	-1.05754
46	54	1.05736
8	52	-1.05611
82	84	1.05553
70	78	1.0553
42	52	1.05526
0	92	1.05516
44	66	1.05473
20	86	1.05462
2	60	-1.05453
48	80	-1.0543
10	48	1.05366
64	68	1.05296
42	80	-1.05224
32	98	1.05194
22	26	1.05186
48	54	-1.05154
18	30	1.05142
56	78	-1.0509
24	94	-1.05051
38	46	1.05051
66	80	1.05048
48	78	-1.04972
20	42	1.04965
22	36	1.04963
34	98	-1.04906
40	64	1.04877
70	80	1.0487
8	26	1.04848
50	74	-1.04837
0	34	1.0483
18	24	-1.04794
16	40	-1.04775
10	72	-1.04696
38	42	-1.04688
56	80	-1.04658
40	50	-1.0465
44	94	1.04633
66	78	1.04621
44	48	-1.04516
20	30	-1.0445
68	72	1.04363
46	80	1.04343
38	70	1.04313
54	70	1.04232
86	90	-1.0421
64	82	-1.04206
12	74	-1.04074
10	86	1.04065
8	36	1.04064
34	84	1.04062
52	70	-1.04028
0	60	-1.04003
46	78	1.0397
38	56	-1.03947
22	88	-1.03924
10	42	1.03895
42	58	-1.03869
6	92	1.0386
58	86	-1.03816
46	82	-1.03782
68	98	1.03769
56	60	-1.03767
62	68	1.03644
48	82	1.0363
60	86	-1.03626
2	78	-1.03616
32	36	1.0359
32	50	-1.03583
60	70	1.03539
92	96	-1.03532
14	34	1.0352
20	70	-1.03504
2	76	1.03487
4	46	-1.0345
26	32	1.03355
16	82	1.03344
4	66	-1.03332
62	82	-1.03326
42	90	-1.03309
22	90	1.0325
2	80	-1.03236
20	22	-1.0319
24	92	1.0307
58	70	1.03063
68	84	-1.03047
28	68	-1.02986
4	36	-1.02977
22	94	1.02963
6	16	1.02949
4	48	1.02863
30	52	-1.02849
48	74	-1.02799
20	96	-1.0276
66	82	-1.0272
56	76	1.0269
2	38	-1.02678
66	74	1.02668
6	64	-1.02586
22	52	-1.02462
26	40	1.02417
4	26	-1.02402
10	56	1.02374
30	76	-1.02346
36	44	1.02311
56	58	-1.02275
8	90	1.02263
72	74	1.02262
46	74	1.02255
32	48	-1.02237
14	52	1.02204
30	92	-1.02175
18	22	1.02159
70	76	-1.02135
82	98	-1.0209
50	68	-1.02059
36	40	1.02014
4	88	1.01986
26	44	1.01965
58	98	1.01921
52	96	-1.01849
62	74	1.01845
74	98	1.01841
2	10	1.01831
14	20	1.01807
32	46	1.01788
12	68	-1.01785
16	32	-1.01752
0	52	1.01694
10	62	-1.01663
58	62	1.01627
12	44	-1.01613
42	76	1.01596
2	58	-1.01519
54	72	1.01466
38	98	1.01416
76	86	1.01352
40	92	-1.01347
78	98	1.01345
0	20	1.01333
80	98	1.01316
10	84	1.01316
8	94	1.01315
30	60	1.01293
32	66	1.01257
4	50	1.01202
44	64	1.01139
62	78	1.01081
38	62	1.01078
90	96	1.01076
8	92	-1.01054
76	96	-1.01041
4	64	-1.01031
10	98	-1.01003
28	82	1.00991
54	62	1.00987
62	80	1.00982
4	16	1.00973
60	96	1.00955
66	68	1.00951
14	90	-1.00913
6	18	-1.00905
48	68	-1.00883
44	50	-1.0083
4	12	1.00813
20	24	1.00808
24	52	1.00797
34	42	1.00795
72	78	1.00756
22	92	-1.00745
24	76	1.00744
28	44	-1.00741
46	68	1.00734
6	88	1.00723
74	84	-1.00705
54	98	1.00686
40	94	1.00645
58	72	1.00614
50	82	1.00587
4	28	1.00582
0	76	1.00523
72	80	1.00514
6	26	-1.00496
0	90	-1.0049
38	72	1.00459
34	86	1.00391
12	82	1.00388
8	18	1.00375
24	90	-1.00289
58	84	-1.00262
32	64	1.00256
6	36	-1.00217
16	44	-1.00187
6	94	-1.00183
18	40	1.00181
30	90	1.00174
2	34	1.0016
78	84	-1.00033
34	56	1.00027
14	76	1.00022
80	84	-1.00015
38	84	-1.00007
