45	63	11.9919
9	35	11.9917
13	75	11.98
53	67	11.9547
55	85	11.9525
11	81	11.9506
3	33	11.9497
37	95	11.9414
63	97	11.9412
71	91	11.9247
57	75	-11.9231
15	63	11.9218
13	57	-11.9087
45	97	11.905
25	99	11.903
61	83	11.9013
87	99	11.8974
65	99	11.8967
23	47	11.8956
33	73	11.8849
15	45	11.8767
59	69	11.8743
47	65	-11.8731
23	29	11.8693
51	79	-11.8647
15	97	11.8632
41	75	-11.8625
47	87	-11.8585
23	87	-11.8576
27	77	11.8548
39	55	11.8517
69	97	11.8493
55	89	11.8486
29	87	-11.845
31	67	11.8438
41	83	11.8407
1	31	11.8334
47	57	11.8244
11	45	11.8172
85	91	11.8025
65	87	11.801
5	45	11.7842
11	63	11.7818
13	41	-11.773
85	89	11.7683
41	61	11.7675
17	93	11.76
39	91	11.7517
11	15	11.7492
39	85	11.7484
75	83	-11.741
13	83	-11.7385
47	99	-11.7339
9	73	11.7225
45	81	11.7159
3	51	-11.7084
31	53	11.7034
5	63	11.7031
35	91	11.7025
23	57	11.6974
55	91	11.6966
3	73	11.6913
9	91	11.687
71	85	11.6854
5	81	11.6831
25	87	11.6748
59	97	11.6636
15	69	11.6584
25	65	11.6561
33	79	11.653
49	89	11.6442
63	81	11.6442
41	57	11.6362
63	69	11.6352
3	79	11.6351
29	47	11.6296
35	73	11.6247
13	23	-11.6193
23	65	-11.6045
13	47	-11.604
3	25	11.5999
5	11	11.5982
33	51	-11.5779
73	79	11.5716
23	99	-11.5688
17	27	11.5687
5	97	11.5599
47	75	-11.5571
9	71	11.5499
57	65	-11.5463
45	69	11.5411
35	39	11.5384
29	99	-11.5281
61	95	11.5279
43	95	11.5255
35	71	11.5242
15	81	11.5225
59	93	11.5168
11	97	11.5144
23	75	-11.4988
25	51	-11.4918
55	71	11.4755
39	89	11.4709
9	79	11.4706
71	73	11.4622
61	75	-11.4529
9	39	11.4426
39	71	11.4373
37	43	11.4284
43	61	11.4271
57	83	11.4141
57	87	-11.4101
1	67	11.4014
15	29	11.3964
13	61	-11.3958
35	79	11.3919
5	15	11.3707
9	33	11.369
29	65	-11.3583
73	91	11.352
59	63	11.351
19	49	11.3483
25	47	-11.3469
19	39	11.3442
21	31	11.3423
81	97	11.3278
19	89	11.3228
19	55	11.3033
21	67	11.3019
25	33	11.2961
1	21	11.2911
51	73	-11.276
69	93	11.2705
45	59	11.2673
51	99	-11.2658
25	29	-11.2558
15	59	11.2481
17	77	11.244
51	87	-11.2402
33	35	11.2361
29	57	11.2199
29	51	11.2135
89	91	11.2127
57	99	-11.1966
37	61	11.1867
3	99	11.1834
23	25	-11.1687
27	93	11.1647
17	35	-11.1612
35	85	11.1608
13	65	11.1591
13	87	11.1574
1	53	11.156
49	55	11.1546
65	75	11.1474
13	29	-11.1416
83	95	11.117
35	55	11.1158
79	93	-11.1072
9	85	11.103
77	93	11.0925
41	43	11.0812
3	9	11.0722
7	53	11.0705
9	17	-11.0594
75	87	11.0447
57	61	11.032
9	55	11.0281
41	47	11.0275
25	79	11.0274
5	69	11.0109
71	89	11.0019
15	23	10.9968
11	69	10.9911
21	53	10.9801
11	29	10.9678
43	83	10.9624
29	63	10.9614
29	75	-10.9601
19	85	10.9598
33	71	10.953
49	85	10.9355
29	69	10.9331
3	35	10.9262
23	41	10.9208
9	51	-10.9198
51	69	10.9067
23	83	10.9039
29	97	10.8956
5	59	10.894
3	87	10.882
35	93	-10.8505
29	45	10.8484
17	39	-10.8424
47	83	10.8208
17	79	-10.8127
13	99	10.8121
41	95	10.8098
69	79	-10.808
35	51	-10.8054
33	99	10.7987
9	93	-10.7973
33	91	10.789
15	87	-10.7642
17	59	10.7591
11	23	10.7472
51	93	10.744
7	67	10.7427
75	99	10.741
51	65	-10.7333
23	51	10.722
25	73	10.7211
39	73	10.7129
69	81	10.7091
37	83	10.6941
39	49	10.6805
79	99	10.6702
3	65	10.6613
25	57	-10.6581
93	97	10.6515
29	79	-10.6102
73	85	10.6072
79	87	10.5999
15	51	10.5981
29	81	10.5944
47	51	10.5884
41	65	-10.588
79	91	10.5791
3	29	-10.5741
19	91	10.5538
59	79	-10.5458
3	71	10.5444
11	59	10.5443
59	77	10.54
23	63	10.5358
71	79	10.5325
51	59	10.4911
33	87	10.4803
11	13	-10.456
15	47	10.447
23	45	10.4425
7	49	10.4268
35	89	10.4146
17	91	-10.4119
43	75	-10.4069
51	97	10.4018
17	69	10.4009
23	81	10.399
37	41	10.3975
23	97	10.3908
55	73	10.3888
3	91	10.3722
41	87	-10.3715
69	87	-10.3622
49	53	10.3491
29	83	10.3467
23	61	10.3342
23	69	10.3323
29	59	10.3212
9	89	10.3143
13	15	-10.312
59	81	10.3079
11	83	10.3053
47	61	10.3043
11	87	-10.2957
29	41	10.2805
3	47	-10.268
65	83	-10.2629
17	73	-10.2628
75	95	-10.2615
63	87	-10.2585
27	59	10.256
17	51	10.2524
83	87	-10.2484
15	99	-10.2347
33	65	10.2343
13	25	10.2335
13	43	-10.2314
13	81	-10.2235
15	93	10.2202
17	19	-10.22
15	79	-10.2194
81	83	10.2193
87	97	-10.2186
19	35	10.2175
11	75	-10.2131
29	33	-10.2083
73	93	-10.2076
3	23	-10.2034
51	63	10.2025
19	27	-10.2009
63	93	10.1964
79	97	-10.1951
13	95	-10.1905
39	79	10.1811
17	55	-10.1704
11	47	10.1669
73	99	10.1604
25	75	10.1525
15	57	10.15
49	91	10.1451
39	93	-10.1351
45	87	-10.1346
19	71	10.1214
27	39	-10.1109
11	57	10.1089
7	31	10.0991
33	93	-10.0965
33	39	10.0939
41	99	-10.0791
27	35	-10.0789
15	75	-10.0715
65	79	10.0707
45	93	10.0648
9	19	10.0608
45	51	10.0489
3	93	-10.0361
49	67	10.0323
5	29	10.0265
23	79	-10.0261
17	85	-10.0012
15	25	-10.0004
17	71	-9.99676
17	33	-9.98973
75	81	-9.98961
15	65	-9.98459
51	71	-9.97979
69	99	-9.96657
47	63	9.96588
33	85	9.95506
13	63	-9.95196
9	27	-9.9515
51	91	-9.94868
31	49	9.94859
91	93	-9.9449
43	57	9.94487
3	69	-9.94255
9	25	9.93191
69	77	9.92791
81	87	-9.92402
13	45	-9.91944
63	79	-9.91369
25	69	-9.89476
49	71	9.88066
47	79	-9.88044
47	69	9.87315
45	47	9.86838
73	87	9.85985
47	97	9.85808
83	99	-9.85274
33	47	-9.83358
11	61	9.83152
15	83	9.83034
33	69	-9.82958
43	89	-9.82947
57	81	9.82908
47	81	9.82605
3	17	-9.82451
11	41	9.82223
19	37	-9.81707
19	95	-9.81481
61	81	9.81198
37	75	-9.8109
51	57	9.79313
23	33	-9.79192
59	87	-9.79021
9	69	-9.7858
35	59	-9.78178
11	51	9.78095
25	35	9.77938
61	65	-9.77849
9	59	-9.77306
45	79	-9.76598
35	69	-9.75651
57	95	9.74966
57	63	9.74965
11	99	-9.74253
79	85	9.74082
29	61	9.73667
29	93	9.73583
23	59	9.73365
33	55	9.73325
13	37	-9.73028
63	99	-9.72939
97	99	-9.72915
63	75	-9.72842
43	55	-9.71689
3	15	-9.7142
17	97	9.7094
43	49	-9.70932
27	79	-9.70657
45	75	-9.69871
27	69	9.69794
3	39	9.6948
45	57	9.6913
13	97	-9.68983
41	81	9.68464
5	23	9.68451
73	89	9.6836
69	73	-9.68037
61	87	-9.67392
49	61	-9.67349
29	73	-9.6658
71	93	-9.6508
43	85	-9.65012
55	79	9.63127
45	83	9.61672
65	69	-9.61586
17	89	-9.61378
41	49	-9.61298
11	65	-9.6115
45	99	-9.60567
5	93	9.59683
63	83	9.5952
23	53	-9.59487
23	67	-9.57997
65	73	9.57933
57	97	9.57043
35	77	-9.56881
25	97	-9.566
7	89	9.56489
19	77	-9.56218
3	59	-9.55454
13	53	9.54575
1	49	9.5421
37	39	-9.53604
15	41	9.53469
25	93	-9.53301
47	53	-9.53283
49	83	-9.53246
29	67	-9.53087
27	55	-9.52942
3	85	9.5271
25	63	-9.52464
13	51	-9.52138
53	57	-9.52124
15	33	-9.51141
19	43	-9.51012
1	11	-9.50888
39	43	-9.50639
7	57	-9.50549
55	93	-9.50386
63	65	-9.50363
33	59	-9.50327
53	75	9.50226
7	21	9.50119
39	77	-9.49987
77	79	-9.49704
3	97	-9.49076
25	41	-9.48907
19	61	-9.48811
75	97	-9.48656
39	51	-9.4854
7	65	9.48534
1	15	-9.48334
11	25	-9.46898
59	73	-9.46817
65	97	-9.46793
59	99	-9.46755
29	53	-9.46731
53	87	9.46512
9	77	-9.46412
3	57	-9.46014
29	31	-9.45913
67	87	9.45415
27	91	-9.45371
13	67	9.45304
47	67	-9.44986
87	93	-9.44959
77	97	9.44808
51	81	9.44752
49	95	-9.44617
23	31	-9.44485
85	93	-9.44293
37	55	-9.44065
7	47	-9.43006
9	99	9.42886
57	69	9.42865
5	13	-9.42456
13	69	-9.4236
25	59	-9.42122
81	99	-9.41317
89	95	-9.40505
25	45	-9.40239
39	95	-9.40132
1	7	9.3973
45	65	-9.39716
57	67	-9.39407
1	81	-9.38641
55	95	-9.38612
67	75	9.38301
35	49	9.38141
7	75	9.37532
1	63	-9.37306
37	89	-9.37288
33	97	-9.3721
11	79	-9.36966
51	75	-9.36808
21	29	-9.36737
3	63	-9.36731
47	59	9.36662
5	83	9.36479
7	77	-9.36242
93	99	-9.35885
21	37	-9.3586
1	45	-9.35414
49	75	9.34977
61	89	-9.34803
5	87	-9.34076
19	53	9.33675
53	83	-9.33608
13	31	9.33573
5	51	9.33483
41	53	-9.33365
61	99	-9.33229
11	93	9.33191
25	71	9.32627
37	57	9.32487
37	49	-9.32421
3	55	9.32332
7	41	-9.32112
53	65	9.31114
19	31	9.31107
19	93	-9.30775
15	31	-9.30485
43	91	-9.30339
41	45	9.30215
41	63	9.29919
15	21	-9.29734
65	81	-9.29704
25	83	-9.2938
15	61	9.29308
35	99	9.29259
15	17	9.29048
27	51	9.28631
1	29	-9.28073
7	13	9.28065
27	85	-9.28013
53	99	9.27706
21	69	-9.27695
17	63	9.2692
67	83	-9.26912
9	49	9.26899
13	49	9.26776
31	83	-9.26575
37	85	-9.26282
3	45	-9.25983
5	75	-9.25809
1	97	-9.2532
83	97	9.25305
9	87	9.24831
19	83	-9.24113
11	31	-9.24061
69	75	-9.23745
7	99	9.23582
27	73	-9.23561
33	63	-9.23429
53	89	9.23375
67	99	9.23237
15	73	-9.22823
27	89	-9.22759
19	73	9.22759
51	77	9.22753
21	51	-9.22732
31	75	9.22327
31	87	9.22264
73	97	-9.21989
47	73	-9.21727
23	73	-9.21466
9	29	-9.20574
65	67	9.20536
85	95	-9.20333
21	95	-9.19889
9	97	-9.19818
53	61	-9.19762
41	67	-9.19648
59	65	-9.19634
31	47	-9.19497
25	81	-9.19048
41	89	-9.17885
1	23	-9.17885
5	79	-9.17753
5	47	9.16948
7	87	9.1692
31	57	-9.16878
45	61	9.16707
43	71	-9.16674
7	23	-9.16114
81	95	9.16072
25	91	9.16024
7	19	9.16019
21	23	-9.15988
35	97	-9.15903
17	45	9.15531
43	47	9.15464
5	57	9.1519
27	97	9.14669
1	19	9.1463
17	25	-9.14396
19	67	9.143
33	45	-9.14232
3	11	-9.14111
23	93	9.13232
61	67	-9.13078
51	85	-9.1293
21	97	-9.12905
61	63	9.12874
35	87	9.12781
49	57	-9.12684
57	79	-9.12017
3	13	9.11285
21	87	9.11225
37	91	-9.11021
31	61	-9.10721
29	35	-9.10298
27	33	-9.10131
31	63	-9.09365
27	37	9.09309
79	81	-9.08995
21	79	9.08669
23	95	9.08416
21	63	-9.08281
5	41	9.08159
81	93	9.08053
55	61	-9.07844
1	69	-9.07646
5	61	9.07487
33	89	9.07364
59	91	-9.071
83	89	-9.0653
15	67	-9.06365
33	57	-9.06313
31	81	-9.06183
23	43	9.06118
27	71	-9.05664
1	83	-9.05641
41	97	9.05629
19	41	-9.05568
17	37	9.05548
63	73	-9.05502
31	45	-9.05198
11	95	9.05061
47	95	9.04883
3	27	-9.04306
1	13	9.04248
9	15	-9.04228
55	77	-9.04096
25	53	9.04045
63	77	9.03749
65	77	-9.03382
31	41	-9.03314
21	59	-9.0225
25	67	9.02225
39	59	-9.02089
27	49	-9.01608
57	59	9.0154
3	75	9.01206
7	25	9.01179
7	27	-9.01117
1	5	-9.01107
51	55	-9.00821
17	49	-9.007
21	45	-9.00572
59	71	-8.99471
69	91	-8.99391
89	93	-8.99281
65	93	-8.99151
31	97	-8.9914
11	21	-8.98751
31	95	-8.9856
45	73	-8.9837
17	29	8.98232
35	37	-8.98139
31	37	-8.98097
15	35	-8.9805
11	33	-8.98041
5	71	-8.97851
69	71	-8.97405
25	77	-8.97167
91	95	-8.9666
45	77	8.96609
3	81	-8.96482
77	91	-8.96434
67	89	8.96342
43	53	-8.9634
13	59	-8.96317
79	89	8.95122
7	83	-8.9441
77	99	-8.94098
31	89	8.93395
1	87	8.92989
47	93	8.92743
15	77	8.92743
31	99	8.92494
9	63	-8.92451
67	95	-8.92311
51	67	-8.92311
21	43	-8.91881
37	67	-8.91832
61	85	-8.91619
3	77	-8.90802
15	53	-8.9054
7	55	8.90485
1	37	-8.90395
1	75	8.9037
5	99	-8.90239
43	67	-8.90143
21	47	-8.90058
31	69	-8.89986
9	65	8.89899
11	67	-8.89818
1	61	-8.89377
73	77	-8.8937
9	37	-8.89301
1	95	-8.89036
13	79	8.889
21	83	-8.88699
37	71	-8.88689
17	99	-8.88655
13	21	8.88588
7	43	-8.88567
53	95	-8.88524
77	89	-8.88407
21	93	-8.88328
39	61	-8.88145
21	61	-8.88065
33	77	-8.87801
31	65	8.87685
35	63	-8.87483
27	95	8.87405
7	29	-8.87241
7	61	-8.86751
69	83	8.86741
21	99	8.86546
35	43	-8.86374
77	85	-8.86082
33	81	-8.85765
19	79	8.8571
43	81	8.85576
1	47	-8.85412
5	33	-8.84942
5	73	-8.8487
3	5	-8.84631
17	87	-8.84579
37	53	-8.84438
59	75	-8.84214
9	45	-8.83876
37	81	8.83792
5	77	8.83714
25	27	-8.83297
39	69	-8.83009
25	61	-8.82983
71	99	8.8223
1	57	-8.82057
5	17	8.81753
61	97	8.81674
51	53	-8.81079
7	85	8.81
43	65	-8.80754
41	55	-8.80545
9	43	-8.80117
21	25	8.79723
63	67	-8.79622
75	89	8.79073
1	59	-8.78958
35	45	-8.78954
21	75	8.78953
17	95	8.78836
21	81	-8.78738
35	65	8.78547
37	77	8.78412
5	25	-8.78158
11	43	8.77381
49	77	-8.77071
11	53	-8.76978
77	87	-8.76916
41	69	8.76642
71	95	-8.76264
13	33	8.76252
21	57	-8.76195
75	79	8.761
27	63	8.76013
5	65	-8.75942
35	95	-8.75918
71	97	-8.75879
19	75	8.75732
5	43	8.75722
59	85	-8.75625
3	21	8.75519
31	51	-8.75506
41	51	8.75351
11	73	-8.75349
55	83	-8.75128
19	33	8.74159
47	77	8.73933
45	67	-8.73861
67	69	-8.73645
67	97	-8.73517
9	23	-8.73197
1	89	8.72812
3	89	8.72805
13	19	8.72303
51	83	8.72191
1	41	-8.72033
25	31	8.71875
11	37	8.71853
31	43	-8.71408
23	37	8.70892
47	49	-8.70461
91	99	8.70026
27	99	-8.69891
5	91	-8.69812
49	73	8.69802
15	27	8.69591
37	47	8.69389
67	81	-8.69333
73	81	-8.69281
5	85	-8.6923
65	95	-8.68994
55	59	-8.68766
13	89	8.68721
27	45	8.68664
27	65	-8.68617
41	85	-8.68544
21	41	-8.68541
53	55	8.67845
21	65	8.67544
9	95	-8.67516
5	9	-8.67416
45	71	-8.67227
33	75	8.67224
9	47	-8.66838
29	77	8.66636
91	97	-8.66479
21	33	8.6613
63	71	-8.66083
71	77	-8.65658
25	39	8.65097
21	49	8.64819
23	49	-8.64768
53	63	-8.64537
29	95	8.64222
23	35	-8.6417
57	77	8.64074
5	31	-8.6375
5	35	-8.62899
1	99	8.62207
1	51	-8.61891
3	67	8.60817
77	95	8.60254
83	85	-8.60083
67	79	8.59821
43	87	-8.59786
71	87	8.59671
45	53	-8.59444
69	85	-8.58659
31	59	-8.58196
17	65	-8.58184
53	97	-8.57941
53	81	-8.57746
35	47	-8.57471
15	71	-8.57422
87	95	-8.57159
71	81	-8.57054
29	43	8.57022
53	69	-8.56829
11	17	8.56699
57	73	-8.56664
57	89	-8.56205
5	95	8.55699
3	53	8.55675
39	83	-8.55292
1	65	8.54173
37	93	8.53484
23	77	8.53395
39	41	-8.53384
17	43	8.53327
5	21	-8.53029
5	27	8.52534
53	85	8.5249
27	87	-8.52453
21	73	8.5237
41	59	8.52287
61	91	-8.51838
87	91	8.51724
17	23	8.51689
29	71	-8.51543
17	21	-8.51527
25	85	8.51095
63	91	-8.51072
59	83	8.50518
7	39	8.50223
27	43	8.50219
55	69	-8.49914
45	91	-8.49864
31	55	8.4972
7	59	-8.49706
3	41	-8.49499
5	89	-8.49392
19	57	-8.49062
57	93	8.48803
55	67	8.48587
3	19	8.48506
43	77	8.48474
49	65	8.48107
9	21	8.4809
41	77	8.47993
53	79	8.4784
15	95	8.47682
9	11	-8.47515
1	25	8.47206
45	95	8.46949
61	69	8.46884
31	79	8.4688
15	91	-8.46745
51	89	-8.46623
43	45	8.46276
75	77	-8.46174
27	29	8.46144
11	71	-8.46107
5	55	-8.46075
59	89	-8.45794
29	91	-8.45669
21	35	8.45107
1	43	-8.44562
37	73	-8.44376
43	73	-8.44021
49	93	-8.43994
59	67	-8.43518
65	71	8.43492
55	75	8.43419
33	67	8.43333
39	97	-8.43079
17	47	8.43026
85	97	-8.42846
37	65	-8.42766
43	99	-8.42699
63	95	8.4191
11	35	-8.419
3	83	-8.41758
7	51	-8.41338
27	47	8.41044
43	63	8.40612
17	81	8.40213
3	7	8.40051
3	31	8.39117
39	53	8.38977
25	55	8.38975
1	79	8.38865
11	77	8.38783
1	55	8.38581
9	81	-8.3856
19	51	-8.3836
95	99	-8.38218
61	71	-8.38093
7	17	-8.37945
33	53	8.37722
13	77	-8.3735
49	87	8.37227
7	93	-8.37183
7	95	-8.37169
15	43	8.37051
19	59	-8.36705
31	85	8.35979
45	85	-8.35827
13	93	-8.35795
5	37	8.35502
13	55	8.35427
13	73	8.35346
29	37	8.35321
67	85	8.35251
7	69	-8.3508
51	61	8.34155
65	91	8.34005
29	49	-8.33709
63	85	-8.33579
7	15	-8.33301
35	81	-8.33091
39	99	8.33013
5	67	-8.33
75	85	8.33
7	97	-8.3283
81	91	-8.32097
1	93	-8.3183
27	61	8.31152
1	85	8.31064
93	95	8.31051
41	79	-8.31041
33	49	8.30907
53	59	-8.30735
37	87	-8.30478
5	39	-8.29989
55	97	-8.29693
79	83	-8.29593
27	57	8.29548
81	85	-8.29338
31	39	8.29308
61	77	8.29166
11	49	-8.28953
73	75	8.28824
75	93	-8.28675
77	81	8.28575
41	91	-8.2854
1	3	8.28401
49	81	-8.28388
7	37	-8.28165
73	95	-8.27985
23	27	8.27718
7	91	8.27576
5	7	-8.27525
7	63	-8.2745
43	97	8.26984
49	79	8.26928
39	67	8.26468
11	91	-8.26233
49	99	8.26175
37	79	-8.2616
33	41	-8.26048
5	49	-8.25811
7	45	-8.25711
31	33	8.2562
69	89	-8.25325
13	85	8.25239
27	41	8.25045
83	91	-8.24726
39	63	-8.24713
37	45	8.246
55	57	-8.24442
31	93	-8.24243
5	53	-8.24143
15	37	8.24109
19	21	8.23917
59	61	8.23887
39	87	8.23794
15	39	-8.23726
23	71	-8.23255
35	61	-8.23196
7	33	8.23126
39	75	8.22985
7	71	8.22892
29	39	-8.22854
47	71	-8.22741
81	89	-8.22329
39	45	-8.2197
11	27	8.21961
43	93	8.219
85	99	8.21866
67	73	8.21777
9	57	-8.21468
77	83	8.21144
47	89	-8.21131
15	85	-8.21116
33	83	-8.2098
45	55	-8.20774
33	37	-8.20742
37	63	8.20589
67	93	-8.20569
89	97	-8.20549
19	23	-8.20469
1	39	8.20335
7	11	-8.20261
95	97	8.20049
1	33	8.20041
19	81	-8.19981
45	89	-8.19766
55	63	-8.19678
11	85	-8.19554
41	71	-8.19409
27	75	-8.18986
19	69	-8.18845
23	91	-8.18759
37	99	-8.18477
9	61	-8.18297
13	39	8.18121
19	47	-8.17997
47	91	-8.17838
57	85	-8.17159
53	77	-8.1706
53	73	8.16929
11	19	-8.16919
33	43	-8.16903
63	89	-8.16755
7	79	8.16729
17	61	8.1669
35	57	-8.16572
21	77	-8.16463
27	83	8.16176
55	81	-8.15918
23	89	-8.1581
43	59	8.15633
71	83	-8.15549
11	89	-8.15359
21	27	-8.15305
25	43	-8.15279
53	91	8.15256
55	99	8.15185
25	95	-8.15015
3	61	-8.14972
45	49	-8.14725
3	49	8.14657
43	79	-8.14611
27	81	8.14453
49	59	-8.13536
13	27	-8.13427
17	57	8.13321
15	49	-8.133
1	71	8.12816
49	63	-8.12802
7	81	-8.1239
85	87	8.12067
79	95	-8.11612
21	89	8.11486
27	53	-8.11408
15	55	-8.11403
9	13	8.11357
25	89	8.11302
21	91	8.10879
65	89	8.10835
53	93	-8.10701
39	65	8.10399
9	67	8.10209
31	73	8.10117
21	71	8.10096
1	73	8.09982
3	37	-8.09572
25	49	8.09471
39	57	-8.0926
29	85	-8.09002
11	55	-8.0898
33	95	-8.08964
53	71	8.0886
35	67	8.08625
55	87	8.0862
61	79	-8.08616
13	35	8.08515
41	93	8.08428
49	97	-8.08175
1	91	8.08164
1	17	-8.08024
9	75	8.08018
43	69	8.07973
67	91	8.07896
67	77	-8.07438
31	91	8.07334
9	53	8.07328
1	27	-8.07237
19	29	-8.07214
21	39	8.07039
75	91	8.07033
49	51	-8.06818
23	39	-8.06707
35	83	-8.06642
65	85	8.06641
35	53	8.06638
35	41	-8.06616
37	97	8.06208
29	55	-8.06124
3	43	-8.06069
15	89	-8.06065
41	73	-8.05939
17	31	-8.05919
35	75	8.05908
7	73	8.05708
39	81	-8.05434
37	59	8.05366
83	93	8.05355
19	65	8.05333
37	51	8.053
47	55	-8.05295
39	47	-8.0518
25	37	-8.05176
9	41	-8.05047
87	89	8.0497
27	31	-8.04945
13	17	-8.0474
89	99	8.04591
9	83	-8.04429
55	65	8.04378
31	71	8.04299
19	25	8.04063
9	31	8.04061
27	67	-8.04045
13	91	8.03959
19	87	8.03944
33	61	-8.0391
11	39	-8.03801
31	35	8.03685
57	91	-8.03517
47	85	-8.03506
67	71	8.03385
69	95	8.03373
23	55	-8.03354
73	83	-8.03238
17	83	8.03203
43	51	8.03043
17	75	-8.03028
15	19	-8.02957
17	67	-8.02925
7	35	8.02867
5	19	-8.02716
49	69	-8.02693
57	71	-8.0259
71	75	8.02546
19	97	-8.02506
17	41	8.02412
29	89	-8.02188
3	95	-8.02152
1	77	-8.02054
23	85	-8.0157
1	9	8.01427
51	95	8.01417
21	55	8.01386
7	9	8.01268
61	73	-8.01202
19	45	-8.0099
19	63	-8.00798
37	69	8.00773
13	71	8.00706
1	35	8.00648
31	77	-8.00636
17	53	-8.00311
59	95	8.0024
19	99	8.00181
21	85	8.00159
61	93	8.00062
44	45	6
28	29	6
80	81	6
56	57	6
82	83	6
84	85	6
20	21	6
26	27	6
86	87	6
24	25	6
88	89	6
60	61	6
22	23	6
90	91	6
92	93	6
94	95	6
96	97	6
78	79	6
46	47	6
30	31	6
54	55	6
68	69	6
42	43	6
18	19	6
70	71	6
40	41	6
48	49	6
50	51	6
38	39	6
66	67	6
52	53	6
58	59	6
64	65	6
16	17	6
34	35	6
14	15	6
72	73	6
62	63	6
32	33	6
74	75	6
76	77	6
36	37	6
0	1	6
98	99	6
4	5	6
8	9	6
2	3	6
10	11	6
12	13	6
6	7	6
45	62	5.99595
44	63	5.99595
8	35	5.99585
9	34	5.99585
13	74	5.99002
12	75	5.99002
52	67	5.97737
53	66	5.97737
55	84	5.97623
54	85	5.97623
10	81	5.97529
11	80	5.97529
3	32	5.97486
2	33	5.97486
37	94	5.97071
36	95	5.97071
63	96	5.97061
62	97	5.97061
70	91	5.96235
71	90	5.96235
56	75	-5.96157
57	74	-5.96157
14	63	5.96088
15	62	5.96088
13	56	-5.95436
12	57	-5.95436
45	96	5.95251
44	97	5.95251
25	98	5.9515
24	99	5.9515
61	82	5.95063
60	83	5.95063
87	98	5.94868
86	99	5.94868
64	99	5.94833
65	98	5.94833
23	46	5.9478
22	47	5.9478
32	73	5.94246
33	72	5.94246
15	44	5.93833
14	45	5.93833
59	68	5.93715
58	69	5.93715
46	65	-5.93655
47	64	-5.93655
23	28	5.93464
22	29	5.93464
50	79	-5.93237
51	78	-5.93237
14	97	5.9316
15	96	5.9316
40	75	-5.93123
41	74	-5.93123
46	87	-5.92925
47	86	-5.92925
22	87	-5.92879
23	86	-5.92879
27	76	5.92742
26	77	5.92742
39	54	5.92585
38	55	5.92585
68	97	5.92465
69	96	5.92465
55	88	5.92428
54	89	5.92428
28	87	-5.92248
29	86	-5.92248
31	66	5.92191
30	67	5.92191
41	82	5.92037
40	83	5.92037
0	31	5.91671
1	30	5.91671
47	56	5.91219
46	57	5.91219
10	45	5.90858
11	44	5.90858
85	90	5.90126
84	91	5.90126
65	86	5.9005
64	87	5.9005
4	45	5.89208
5	44	5.89208
11	62	5.89089
10	63	5.89089
12	41	-5.88648
13	40	-5.88648
84	89	5.88416
85	88	5.88416
40	61	5.88377
41	60	5.88377
17	92	5.88001
16	93	5.88001
39	90	5.87583
38	91	5.87583
10	15	5.87458
11	14	5.87458
38	85	5.87421
39	84	5.87421
75	82	-5.8705
74	83	-5.8705
12	83	-5.86923
13	82	-5.86923
47	98	-5.86696
46	99	-5.86696
8	73	5.86124
9	72	5.86124
45	80	5.85797
44	81	5.85797
3	50	-5.85422
2	51	-5.85422
30	53	5.8517
31	52	5.8517
5	62	5.85157
4	63	5.85157
35	90	5.85125
34	91	5.85125
22	57	5.84868
23	56	5.84868
55	90	5.84828
54	91	5.84828
3	72	5.84566
2	73	5.84566
9	90	5.84351
8	91	5.84351
71	84	5.84271
70	85	5.84271
5	80	5.84153
4	81	5.84153
24	87	5.8374
25	86	5.8374
58	97	5.83182
59	96	5.83182
15	68	5.82919
14	69	5.82919
24	65	5.82803
25	64	5.82803
32	79	5.82648
33	78	5.82648
49	88	5.82209
48	89	5.82209
62	81	5.82208
63	80	5.82208
40	57	5.8181
41	56	5.8181
62	69	5.81761
63	68	5.81761
3	78	5.81753
2	79	5.81753
29	46	5.81481
28	47	5.81481
35	72	5.81233
34	73	5.81233
12	23	-5.80964
13	22	-5.80964
23	64	-5.80224
22	65	-5.80224
13	46	-5.802
12	47	-5.802
2	25	5.79993
3	24	5.79993
5	10	5.79912
4	11	5.79912
32	51	-5.78896
33	50	-5.78896
73	78	5.78579
72	79	5.78579
22	99	-5.78441
23	98	-5.78441
16	27	5.78436
17	26	5.78436
4	97	5.77995
5	96	5.77995
47	74	-5.77857
46	75	-5.77857
9	70	5.77496
8	71	5.77496
57	64	-5.77314
56	65	-5.77314
45	68	5.77053
44	69	5.77053
34	39	5.76921
35	38	5.76921
28	99	-5.76403
29	98	-5.76403
61	94	5.76395
60	95	5.76395
42	95	5.76274
43	94	5.76274
35	70	5.76212
34	71	5.76212
14	81	5.76126
15	80	5.76126
58	93	5.75841
59	92	5.75841
11	96	5.7572
10	97	5.7572
23	74	-5.74938
22	75	-5.74938
25	50	-5.74592
24	51	-5.74592
54	71	5.73776
55	70	5.73776
38	89	5.73544
39	88	5.73544
9	78	5.73532
8	79	5.73532
71	72	5.7311
70	73	5.7311
60	75	-5.72646
61	74	-5.72646
8	39	5.72131
9	38	5.72131
38	71	5.71863
39	70	5.71863
37	42	5.7142
36	43	5.7142
43	60	5.71355
42	61	5.71355
57	82	5.70704
56	83	5.70704
57	86	-5.70503
56	87	-5.70503
1	66	5.70069
0	67	5.70069
15	28	5.69818
14	29	5.69818
13	60	-5.69791
12	61	-5.69791
35	78	5.69596
34	79	5.69596
4	15	5.68537
5	14	5.68537
9	32	5.68448
8	33	5.68448
29	64	-5.67914
28	65	-5.67914
72	91	5.67599
73	90	5.67599
58	63	5.6755
59	62	5.6755
18	49	5.67415
19	48	5.67415
24	47	-5.67343
25	46	-5.67343
18	39	5.67209
19	38	5.67209
21	30	5.67114
20	31	5.67114
80	97	5.66388
81	96	5.66388
18	89	5.6614
19	88	5.6614
19	54	5.65165
18	55	5.65165
20	67	5.65095
21	66	5.65095
24	33	5.64804
25	32	5.64804
0	21	5.64555
1	20	5.64555
51	72	-5.63798
50	73	-5.63798
69	92	5.63523
68	93	5.63523
45	58	5.63363
44	59	5.63363
50	99	-5.63291
51	98	-5.63291
25	28	-5.6279
24	29	-5.6279
15	58	5.62407
14	59	5.62407
16	77	5.62201
17	76	5.62201
51	86	-5.6201
50	87	-5.6201
33	34	5.61806
32	35	5.61806
29	56	5.60997
28	57	5.60997
29	50	5.60675
28	51	5.60675
89	90	5.60636
88	91	5.60636
56	99	-5.59832
57	98	-5.59832
37	60	5.59333
36	61	5.59333
2	99	5.59171
3	98	5.59171
23	24	-5.58434
22	25	-5.58434
27	92	5.58234
26	93	5.58234
16	35	-5.5806
17	34	-5.5806
34	85	5.5804
35	84	5.5804
12	65	5.57956
13	64	5.57956
13	86	5.57872
12	87	5.57872
0	53	5.57799
1	52	5.57799
48	55	5.57731
49	54	5.57731
64	75	5.57368
65	74	5.57368
12	29	-5.57082
13	28	-5.57082
82	95	5.55851
83	94	5.55851
35	54	5.55789
34	55	5.55789
78	93	-5.55359
79	92	-5.55359
9	84	5.55149
8	85	5.55149
76	93	5.54623
77	92	5.54623
40	43	5.54059
41	42	5.54059
3	8	5.53609
2	9	5.53609
6	53	5.53526
7	52	5.53526
9	16	-5.52969
8	17	-5.52969
75	86	5.52235
74	87	5.52235
57	60	5.51598
56	61	5.51598
8	55	5.51407
9	54	5.51407
41	46	5.51373
40	47	5.51373
25	78	5.5137
24	79	5.5137
5	68	5.50547
4	69	5.50547
71	88	5.50097
70	89	5.50097
15	22	5.49841
14	23	5.49841
10	69	5.49554
11	68	5.49554
21	52	5.49005
20	53	5.49005
11	28	5.48391
10	29	5.48391
43	82	5.4812
42	83	5.4812
29	62	5.48071
28	63	5.48071
29	74	-5.48004
28	75	-5.48004
19	84	5.47991
18	85	5.47991
32	71	5.47649
33	70	5.47649
48	85	5.46774
49	84	5.46774
28	69	5.46653
29	68	5.46653
3	34	5.46308
2	35	5.46308
22	41	5.46041
23	40	5.46041
9	50	-5.45988
8	51	-5.45988
50	69	5.45334
51	68	5.45334
22	83	5.45195
23	82	5.45195
28	97	5.44782
29	96	5.44782
4	59	5.44701
5	58	5.44701
3	86	5.44098
2	87	5.44098
34	93	-5.42526
35	92	-5.42526
29	44	5.42421
28	45	5.42421
16	39	-5.42121
17	38	-5.42121
46	83	5.41041
47	82	5.41041
17	78	-5.40634
16	79	-5.40634
12	99	5.40605
13	98	5.40605
41	94	5.40488
40	95	5.40488
68	79	-5.40398
69	78	-5.40398
35	50	-5.40272
34	51	-5.40272
32	99	5.39936
33	98	5.39936
9	92	-5.39863
8	93	-5.39863
32	91	5.39449
33	90	5.39449
15	86	-5.38211
14	87	-5.38211
16	59	5.37953
17	58	5.37953
11	22	5.3736
10	23	5.3736
50	93	5.37202
51	92	5.37202
6	67	5.37135
7	66	5.37135
75	98	5.37049
74	99	5.37049
51	64	-5.36666
50	65	-5.36666
22	51	5.36098
23	50	5.36098
24	73	5.36056
25	72	5.36056
39	72	5.35645
38	73	5.35645
69	80	5.35455
68	81	5.35455
36	83	5.34704
37	82	5.34704
38	49	5.34027
39	48	5.34027
79	98	5.3351
78	99	5.3351
2	65	5.33066
3	64	5.33066
25	56	-5.32904
24	57	-5.32904
92	97	5.32576
93	96	5.32576
29	78	-5.30512
28	79	-5.30512
73	84	5.30362
72	85	5.30362
78	87	5.29993
79	86	5.29993
15	50	5.29904
14	51	5.29904
29	80	5.29722
28	81	5.29722
47	50	5.29421
46	51	5.29421
41	64	-5.29401
40	65	-5.29401
79	90	5.28955
78	91	5.28955
3	28	-5.28705
2	29	-5.28705
19	90	5.27692
18	91	5.27692
58	79	-5.27288
59	78	-5.27288
3	70	5.27218
2	71	5.27218
11	58	5.27217
10	59	5.27217
59	76	5.26999
58	77	5.26999
23	62	5.26792
22	63	5.26792
71	78	5.26627
70	79	5.26627
51	58	5.24557
50	59	5.24557
33	86	5.24017
32	87	5.24017
11	12	-5.22799
10	13	-5.22799
15	46	5.22349
14	47	5.22349
22	45	5.22123
23	44	5.22123
7	48	5.21339
6	49	5.21339
34	89	5.20731
35	88	5.20731
16	91	-5.20597
17	90	-5.20597
42	75	-5.20346
43	74	-5.20346
50	97	5.2009
51	96	5.2009
16	69	5.20043
17	68	5.20043
22	81	5.19948
23	80	5.19948
36	41	5.19876
37	40	5.19876
22	97	5.19538
23	96	5.19538
55	72	5.19439
54	73	5.19439
2	91	5.1861
3	90	5.1861
41	86	-5.18576
40	87	-5.18576
68	87	-5.18112
69	86	-5.18112
49	52	5.17457
48	53	5.17457
29	82	5.17334
28	83	5.17334
23	60	5.1671
22	61	5.1671
22	69	5.16613
23	68	5.16613
28	59	5.16062
29	58	5.16062
9	88	5.15717
8	89	5.15717
12	15	-5.15598
13	14	-5.15598
59	80	5.15395
58	81	5.15395
11	82	5.15265
10	83	5.15265
47	60	5.15215
46	61	5.15215
11	86	-5.14785
10	87	-5.14785
28	41	5.14023
29	40	5.14023
3	46	-5.13402
2	47	-5.13402
64	83	-5.13145
65	82	-5.13145
17	72	-5.13139
16	73	-5.13139
74	95	-5.13073
75	94	-5.13073
62	87	-5.12924
63	86	-5.12924
26	59	5.128
27	58	5.128
17	50	5.12618
16	51	5.12618
82	87	-5.1242
83	86	-5.1242
15	98	-5.11733
14	99	-5.11733
32	65	5.11715
33	64	5.11715
12	25	5.11676
13	24	5.11676
12	43	-5.11571
13	42	-5.11571
12	81	-5.11175
13	80	-5.11175
15	92	5.11011
14	93	5.11011
17	18	-5.11001
16	19	-5.11001
15	78	-5.10972
14	79	-5.10972
80	83	5.10964
81	82	5.10964
87	96	-5.10931
86	97	-5.10931
19	34	5.10875
18	35	5.10875
10	75	-5.10657
11	74	-5.10657
28	33	-5.10416
29	32	-5.10416
73	92	-5.10379
72	93	-5.10379
3	22	-5.10172
2	23	-5.10172
51	62	5.10123
50	63	5.10123
19	26	-5.10044
18	27	-5.10044
62	93	5.09819
63	92	5.09819
78	97	-5.09755
79	96	-5.09755
12	95	-5.09526
13	94	-5.09526
39	78	5.09057
38	79	5.09057
17	54	-5.08519
16	55	-5.08519
11	46	5.08344
10	47	5.08344
73	98	5.08019
72	99	5.08019
24	75	5.07623
25	74	5.07623
15	56	5.075
14	57	5.075
49	90	5.07254
48	91	5.07254
39	92	-5.06754
38	93	-5.06754
45	86	-5.0673
44	87	-5.0673
18	71	5.06072
19	70	5.06072
26	39	-5.05547
27	38	-5.05547
11	56	5.05443
10	57	5.05443
6	31	5.04953
7	30	5.04953
33	92	-5.04826
32	93	-5.04826
32	39	5.04697
33	38	5.04697
41	98	-5.03954
40	99	-5.03954
27	34	-5.03943
26	35	-5.03943
14	75	-5.03574
15	74	-5.03574
64	79	5.03537
65	78	5.03537
44	93	5.03239
45	92	5.03239
9	18	5.03041
8	19	5.03041
44	51	5.02445
45	50	5.02445
3	92	-5.01803
2	93	-5.01803
48	67	5.01613
49	66	5.01613
5	28	5.01323
4	29	5.01323
23	78	-5.01306
22	79	-5.01306
17	84	-5.0006
16	85	-5.0006
14	25	-5.0002
15	24	-5.0002
16	71	-4.99838
17	70	-4.99838
16	33	-4.99487
17	32	-4.99487
75	80	-4.9948
74	81	-4.9948
15	64	-4.99229
14	65	-4.99229
50	71	-4.98989
51	70	-4.98989
68	99	-4.98328
69	98	-4.98328
46	63	4.98294
47	62	4.98294
33	84	4.97753
32	85	4.97753
13	62	-4.97598
12	63	-4.97598
8	27	-4.97575
9	26	-4.97575
50	91	-4.97434
51	90	-4.97434
31	48	4.9743
30	49	4.9743
91	92	-4.97245
90	93	-4.97245
43	56	4.97244
42	57	4.97244
2	69	-4.97128
3	68	-4.97128
8	25	4.96596
9	24	4.96596
68	77	4.96395
69	76	4.96395
80	87	-4.96201
81	86	-4.96201
13	44	-4.95972
12	45	-4.95972
62	79	-4.95684
63	78	-4.95684
24	69	-4.94738
25	68	-4.94738
49	70	4.94033
48	71	4.94033
46	79	-4.94022
47	78	-4.94022
47	68	4.93658
46	69	4.93658
44	47	4.93419
45	46	4.93419
72	87	4.92993
73	86	4.92993
47	96	4.92904
46	97	4.92904
83	98	-4.92637
82	99	-4.92637
32	47	-4.91679
33	46	-4.91679
11	60	4.91576
10	61	4.91576
15	82	4.91517
14	83	4.91517
33	68	-4.91479
32	69	-4.91479
42	89	-4.91474
43	88	-4.91474
56	81	4.91454
57	80	4.91454
47	80	4.91302
46	81	4.91302
3	16	-4.91225
2	17	-4.91225
10	41	4.91112
11	40	4.91112
19	36	-4.90854
18	37	-4.90854
18	95	-4.90741
19	94	-4.90741
61	80	4.90599
60	81	4.90599
37	74	-4.90545
36	75	-4.90545
50	57	4.89657
51	56	4.89657
23	32	-4.89596
22	33	-4.89596
58	87	-4.8951
59	86	-4.8951
9	68	-4.8929
8	69	-4.8929
35	58	-4.89089
34	59	-4.89089
10	51	4.89048
11	50	4.89048
24	35	4.88969
25	34	4.88969
60	65	-4.88924
61	64	-4.88924
8	59	-4.88653
9	58	-4.88653
44	79	-4.88299
45	78	-4.88299
34	69	-4.87826
35	68	-4.87826
57	94	4.87483
56	95	4.87483
56	63	4.87482
57	62	4.87482
10	99	-4.87126
11	98	-4.87126
79	84	4.87041
78	85	4.87041
29	60	4.86833
28	61	4.86833
29	92	4.86792
28	93	4.86792
22	59	4.86682
23	58	4.86682
32	55	4.86662
33	54	4.86662
12	37	-4.86514
13	36	-4.86514
62	99	-4.86469
63	98	-4.86469
97	98	-4.86457
96	99	-4.86457
63	74	-4.86421
62	75	-4.86421
42	55	-4.85845
43	54	-4.85845
2	15	-4.8571
3	14	-4.8571
17	96	4.8547
16	97	4.8547
43	48	-4.85466
42	49	-4.85466
27	78	-4.85328
26	79	-4.85328
44	75	-4.84936
45	74	-4.84936
27	68	4.84897
26	69	4.84897
2	39	4.8474
3	38	4.8474
45	56	4.84565
44	57	4.84565
13	96	-4.84492
12	97	-4.84492
40	81	4.84232
41	80	4.84232
4	23	4.84226
5	22	4.84226
72	89	4.8418
73	88	4.8418
69	72	-4.84019
68	73	-4.84019
61	86	-4.83696
60	87	-4.83696
48	61	-4.83675
49	60	-4.83675
29	72	-4.8329
28	73	-4.8329
71	92	-4.8254
70	93	-4.8254
43	84	-4.82506
42	85	-4.82506
55	78	4.81563
54	79	4.81563
44	83	4.80836
45	82	4.80836
65	68	-4.80793
64	69	-4.80793
16	89	-4.80689
17	88	-4.80689
40	49	-4.80649
41	48	-4.80649
10	65	-4.80575
11	64	-4.80575
45	98	-4.80283
44	99	-4.80283
4	93	4.79842
5	92	4.79842
63	82	4.7976
62	83	4.7976
22	53	-4.79744
23	52	-4.79744
23	66	-4.78998
22	67	-4.78998
65	72	4.78966
64	73	4.78966
56	97	4.78521
57	96	4.78521
34	77	-4.78441
35	76	-4.78441
25	96	-4.783
24	97	-4.783
6	89	4.78244
7	88	4.78244
19	76	-4.78109
18	77	-4.78109
2	59	-4.77727
3	58	-4.77727
12	53	4.77288
13	52	4.77288
1	48	4.77105
0	49	4.77105
37	38	-4.76802
36	39	-4.76802
15	40	4.76735
14	41	4.76735
24	93	-4.76651
25	92	-4.76651
46	53	-4.76641
47	52	-4.76641
48	83	-4.76623
49	82	-4.76623
28	67	-4.76543
29	66	-4.76543
26	55	-4.76471
27	54	-4.76471
2	85	4.76355
3	84	4.76355
25	62	-4.76232
24	63	-4.76232
12	51	-4.76069
13	50	-4.76069
53	56	-4.76062
52	57	-4.76062
15	32	-4.7557
14	33	-4.7557
19	42	-4.75506
18	43	-4.75506
0	11	-4.75444
1	10	-4.75444
38	43	-4.75319
39	42	-4.75319
7	56	-4.75274
6	57	-4.75274
54	93	-4.75193
55	92	-4.75193
62	65	-4.75182
63	64	-4.75182
33	58	-4.75164
32	59	-4.75164
53	74	4.75113
52	75	4.75113
7	20	4.7506
6	21	4.7506
38	77	-4.74994
39	76	-4.74994
77	78	-4.74852
76	79	-4.74852
3	96	-4.74538
2	97	-4.74538
25	40	-4.74454
24	41	-4.74454
19	60	-4.74406
18	61	-4.74406
75	96	-4.74328
74	97	-4.74328
39	50	-4.7427
38	51	-4.7427
7	64	4.74267
6	65	4.74267
1	14	-4.74167
0	15	-4.74167
10	25	-4.73449
11	24	-4.73449
59	72	-4.73408
58	73	-4.73408
64	97	-4.73397
65	96	-4.73397
58	99	-4.73377
59	98	-4.73377
28	53	-4.73366
29	52	-4.73366
52	87	4.73256
53	86	4.73256
8	77	-4.73206
9	76	-4.73206
2	57	-4.73007
3	56	-4.73007
29	30	-4.72956
28	31	-4.72956
66	87	4.72707
67	86	4.72707
26	91	-4.72685
27	90	-4.72685
13	66	4.72652
12	67	4.72652
47	66	-4.72493
46	67	-4.72493
87	92	-4.72479
86	93	-4.72479
77	96	4.72404
76	97	4.72404
50	81	4.72376
51	80	4.72376
48	95	-4.72308
49	94	-4.72308
23	30	-4.72243
22	31	-4.72243
84	93	-4.72146
85	92	-4.72146
36	55	-4.72032
37	54	-4.72032
7	46	-4.71503
6	47	-4.71503
9	98	4.71443
8	99	4.71443
57	68	4.71433
56	69	4.71433
5	12	-4.71228
4	13	-4.71228
13	68	-4.7118
12	69	-4.7118
25	58	-4.71061
24	59	-4.71061
80	99	-4.70658
81	98	-4.70658
89	94	-4.70252
88	95	-4.70252
24	45	-4.70119
25	44	-4.70119
39	94	-4.70066
38	95	-4.70066
1	6	4.69865
0	7	4.69865
45	64	-4.69858
44	65	-4.69858
56	67	-4.69704
57	66	-4.69704
1	80	-4.69321
0	81	-4.69321
55	94	-4.69306
54	95	-4.69306
67	74	4.69151
66	75	4.69151
35	48	4.6907
34	49	4.6907
6	75	4.68766
7	74	4.68766
0	63	-4.68653
1	62	-4.68653
36	89	-4.68644
37	88	-4.68644
32	97	-4.68605
33	96	-4.68605
10	79	-4.68483
11	78	-4.68483
50	75	-4.68404
51	74	-4.68404
20	29	-4.68369
21	28	-4.68369
2	63	-4.68366
3	62	-4.68366
47	58	4.68331
46	59	4.68331
4	83	4.68239
5	82	4.68239
6	77	-4.68121
7	76	-4.68121
92	99	-4.67943
93	98	-4.67943
21	36	-4.6793
20	37	-4.6793
0	45	-4.67707
1	44	-4.67707
49	74	4.67488
48	75	4.67488
61	88	-4.67402
60	89	-4.67402
4	87	-4.67038
5	86	-4.67038
19	52	4.66837
18	53	4.66837
53	82	-4.66804
52	83	-4.66804
13	30	4.66787
12	31	4.66787
5	50	4.66742
4	51	4.66742
40	53	-4.66682
41	52	-4.66682
60	99	-4.66614
61	98	-4.66614
10	93	4.66596
11	92	4.66596
25	70	4.66313
24	71	4.66313
36	57	4.66244
37	56	4.66244
36	49	-4.66211
37	48	-4.66211
2	55	4.66166
3	54	4.66166
7	40	-4.66056
6	41	-4.66056
53	64	4.65557
52	65	4.65557
18	31	4.65553
19	30	4.65553
18	93	-4.65388
19	92	-4.65388
15	30	-4.65242
14	31	-4.65242
43	90	-4.65169
42	91	-4.65169
41	44	4.65107
40	45	4.65107
40	63	4.64959
41	62	4.64959
15	20	-4.64867
14	21	-4.64867
65	80	-4.64852
64	81	-4.64852
24	83	-4.6469
25	82	-4.6469
15	60	4.64654
14	61	4.64654
35	98	4.64629
34	99	4.64629
15	16	4.64524
14	17	4.64524
27	50	4.64315
26	51	4.64315
1	28	-4.64037
0	29	-4.64037
7	12	4.64033
6	13	4.64033
26	85	-4.64007
27	84	-4.64007
52	99	4.63853
53	98	4.63853
20	69	-4.63847
21	68	-4.63847
17	62	4.6346
16	63	4.6346
66	83	-4.63456
67	82	-4.63456
8	49	4.63449
9	48	4.63449
12	49	4.63388
13	48	4.63388
31	82	-4.63287
30	83	-4.63287
36	85	-4.63141
37	84	-4.63141
2	45	-4.62992
3	44	-4.62992
5	74	-4.62905
4	75	-4.62905
1	96	-4.6266
0	97	-4.6266
82	97	4.62653
83	96	4.62653
8	87	4.62416
9	86	4.62416
18	83	-4.62056
19	82	-4.62056
10	31	-4.6203
11	30	-4.6203
69	74	-4.61873
68	75	-4.61873
6	99	4.61791
7	98	4.61791
27	72	-4.61781
26	73	-4.61781
32	63	-4.61714
33	62	-4.61714
52	89	4.61687
53	88	4.61687
66	99	4.61619
67	98	4.61619
14	73	-4.61411
15	72	-4.61411
27	88	-4.6138
26	89	-4.6138
19	72	4.6138
18	73	4.6138
51	76	4.61377
50	77	4.61377
20	51	-4.61366
21	50	-4.61366
31	74	4.61163
30	75	4.61163
31	86	4.61132
30	87	4.61132
72	97	-4.60994
73	96	-4.60994
47	72	-4.60863
46	73	-4.60863
23	72	-4.60733
22	73	-4.60733
9	28	-4.60287
8	29	-4.60287
64	67	4.60268
65	66	4.60268
85	94	-4.60167
84	95	-4.60167
21	94	-4.59944
20	95	-4.59944
9	96	-4.59909
8	97	-4.59909
53	60	-4.59881
52	61	-4.59881
41	66	-4.59824
40	67	-4.59824
59	64	-4.59817
58	65	-4.59817
30	47	-4.59748
31	46	-4.59748
24	81	-4.59524
25	80	-4.59524
41	88	-4.58943
40	89	-4.58943
1	22	-4.58942
0	23	-4.58942
5	78	-4.58877
4	79	-4.58877
5	46	4.58474
4	47	4.58474
6	87	4.5846
7	86	4.5846
31	56	-4.58439
30	57	-4.58439
45	60	4.58354
44	61	4.58354
43	70	-4.58337
42	71	-4.58337
6	23	-4.58057
7	22	-4.58057
80	95	4.58036
81	94	4.58036
24	91	4.58012
25	90	4.58012
6	19	4.5801
7	18	4.5801
21	22	-4.57994
20	23	-4.57994
35	96	-4.57952
34	97	-4.57952
17	44	4.57766
16	45	4.57766
42	47	4.57732
43	46	4.57732
4	57	4.57595
5	56	4.57595
27	96	4.57334
26	97	4.57334
0	19	4.57315
1	18	4.57315
17	24	-4.57198
16	25	-4.57198
18	67	4.5715
19	66	4.5715
33	44	-4.57116
32	45	-4.57116
3	10	-4.57055
2	11	-4.57055
23	92	4.56616
22	93	4.56616
61	66	-4.56539
60	67	-4.56539
50	85	-4.56465
51	84	-4.56465
20	97	-4.56452
21	96	-4.56452
60	63	4.56437
61	62	4.56437
34	87	4.5639
35	86	4.5639
49	56	-4.56342
48	57	-4.56342
57	78	-4.56008
56	79	-4.56008
3	12	4.55642
2	13	4.55642
21	86	4.55612
20	87	4.55612
36	91	-4.55511
37	90	-4.55511
30	61	-4.55361
31	60	-4.55361
29	34	-4.55149
28	35	-4.55149
26	33	-4.55066
27	32	-4.55066
30	63	-4.54683
31	62	-4.54683
27	36	4.54655
26	37	4.54655
79	80	-4.54498
78	81	-4.54498
21	78	4.54335
20	79	4.54335
23	94	4.54208
22	95	4.54208
21	62	-4.5414
20	63	-4.5414
5	40	4.5408
4	41	4.5408
80	93	4.54026
81	92	4.54026
54	61	-4.53922
55	60	-4.53922
0	69	-4.53823
1	68	-4.53823
5	60	4.53743
4	61	4.53743
33	88	4.53682
32	89	4.53682
59	90	-4.5355
58	91	-4.5355
83	88	-4.53265
82	89	-4.53265
15	66	-4.53182
14	67	-4.53182
32	57	-4.53156
33	56	-4.53156
31	80	-4.53091
30	81	-4.53091
22	43	4.53059
23	42	4.53059
27	70	-4.52832
26	71	-4.52832
1	82	-4.52821
0	83	-4.52821
41	96	4.52814
40	97	4.52814
19	40	-4.52784
18	41	-4.52784
16	37	4.52774
17	36	4.52774
62	73	-4.52751
63	72	-4.52751
30	45	-4.52599
31	44	-4.52599
11	94	4.52531
10	95	4.52531
46	95	4.52441
47	94	4.52441
2	27	-4.52153
3	26	-4.52153
1	12	4.52124
0	13	4.52124
8	15	-4.52114
9	14	-4.52114
54	77	-4.52048
55	76	-4.52048
24	53	4.52023
25	52	4.52023
63	76	4.51875
62	77	4.51875
65	76	-4.51691
64	77	-4.51691
31	40	-4.51657
30	41	-4.51657
21	58	-4.51125
20	59	-4.51125
25	66	4.51112
24	67	4.51112
39	58	-4.51045
38	59	-4.51045
26	49	-4.50804
27	48	-4.50804
57	58	4.5077
56	59	4.5077
3	74	4.50603
2	75	4.50603
7	24	4.5059
6	25	4.5059
7	26	-4.50559
6	27	-4.50559
0	5	-4.50553
1	4	-4.50553
51	54	-4.50411
50	55	-4.50411
16	49	-4.5035
17	48	-4.5035
20	45	-4.50286
21	44	-4.50286
58	71	-4.49736
59	70	-4.49736
68	91	-4.49695
69	90	-4.49695
89	92	-4.4964
88	93	-4.4964
64	93	-4.49576
65	92	-4.49576
31	96	-4.4957
30	97	-4.4957
10	21	-4.49375
11	20	-4.49375
30	95	-4.4928
31	94	-4.4928
45	72	-4.49185
44	73	-4.49185
17	28	4.49116
16	29	4.49116
34	37	-4.49069
35	36	-4.49069
30	37	-4.49048
31	36	-4.49048
14	35	-4.49025
15	34	-4.49025
11	32	-4.4902
10	33	-4.4902
4	71	-4.48925
5	70	-4.48925
68	71	-4.48702
69	70	-4.48702
24	77	-4.48583
25	76	-4.48583
91	94	-4.4833
90	95	-4.4833
44	77	4.48304
45	76	4.48304
2	81	-4.48241
3	80	-4.48241
76	91	-4.48217
77	90	-4.48217
67	88	4.48171
66	89	4.48171
42	53	-4.4817
43	52	-4.4817
12	59	-4.48159
13	58	-4.48159
79	88	4.47561
78	89	4.47561
6	83	-4.47205
7	82	-4.47205
76	99	-4.47049
77	98	-4.47049
31	88	4.46697
30	89	4.46697
1	86	4.46494
0	87	4.46494
47	92	4.46372
46	93	4.46372
14	77	4.46371
15	76	4.46371
30	99	4.46247
31	98	4.46247
9	62	-4.46226
8	63	-4.46226
66	95	-4.46156
67	94	-4.46156
51	66	-4.46156
50	67	-4.46156
20	43	-4.4594
21	42	-4.4594
37	66	-4.45916
36	67	-4.45916
60	85	-4.4581
61	84	-4.4581
3	76	-4.45401
2	77	-4.45401
15	52	-4.4527
14	53	-4.4527
6	55	4.45242
7	54	4.45242
1	36	-4.45198
0	37	-4.45198
1	74	4.45185
0	75	4.45185
5	98	-4.4512
4	99	-4.4512
42	67	-4.45071
43	66	-4.45071
20	47	-4.45029
21	46	-4.45029
31	68	-4.44993
30	69	-4.44993
8	65	4.4495
9	64	4.4495
10	67	-4.44909
11	66	-4.44909
1	60	-4.44689
0	61	-4.44689
72	77	-4.44685
73	76	-4.44685
9	36	-4.4465
8	37	-4.4465
1	94	-4.44518
0	95	-4.44518
12	79	4.4445
13	78	4.4445
21	82	-4.4435
20	83	-4.4435
37	70	-4.44345
36	71	-4.44345
16	99	-4.44328
17	98	-4.44328
13	20	4.44294
12	21	4.44294
6	43	-4.44284
7	42	-4.44284
53	94	-4.44262
52	95	-4.44262
76	89	-4.44204
77	88	-4.44204
21	92	-4.44164
20	93	-4.44164
39	60	-4.44073
38	61	-4.44073
21	60	-4.44032
20	61	-4.44032
33	76	-4.439
32	77	-4.439
30	65	4.43842
31	64	4.43842
34	63	-4.43741
35	62	-4.43741
26	95	4.43702
27	94	4.43702
7	28	-4.43621
6	29	-4.43621
6	61	-4.43376
7	60	-4.43376
69	82	4.43371
68	83	4.43371
21	98	4.43273
20	99	4.43273
34	43	-4.43187
35	42	-4.43187
76	85	-4.43041
77	84	-4.43041
32	81	-4.42882
33	80	-4.42882
18	79	4.42855
19	78	4.42855
42	81	4.42788
43	80	4.42788
1	46	-4.42706
0	47	-4.42706
4	33	-4.42471
5	32	-4.42471
5	72	-4.42435
4	73	-4.42435
2	5	-4.42315
3	4	-4.42315
17	86	-4.42289
16	87	-4.42289
36	53	-4.42219
37	52	-4.42219
59	74	-4.42107
58	75	-4.42107
8	45	-4.41938
9	44	-4.41938
37	80	4.41896
36	81	4.41896
5	76	4.41857
4	77	4.41857
25	26	-4.41649
24	27	-4.41649
39	68	-4.41504
38	69	-4.41504
24	61	-4.41491
25	60	-4.41491
70	99	4.41115
71	98	4.41115
0	57	-4.41029
1	56	-4.41029
4	17	4.40877
5	16	4.40877
60	97	4.40837
61	96	4.40837
51	52	-4.4054
50	53	-4.4054
7	84	4.405
6	85	4.405
43	64	-4.40377
42	65	-4.40377
41	54	-4.40273
40	55	-4.40273
8	43	-4.40058
9	42	-4.40058
20	25	4.39861
21	24	4.39861
62	67	-4.39811
63	66	-4.39811
74	89	4.39536
75	88	4.39536
1	58	-4.39479
0	59	-4.39479
35	44	-4.39477
34	45	-4.39477
21	74	4.39476
20	75	4.39476
16	95	4.39418
17	94	4.39418
20	81	-4.39369
21	80	-4.39369
35	64	4.39273
34	65	4.39273
37	76	4.39206
36	77	4.39206
4	25	-4.39079
5	24	-4.39079
11	42	4.38691
10	43	4.38691
48	77	-4.38536
49	76	-4.38536
11	52	-4.38489
10	53	-4.38489
76	87	-4.38458
77	86	-4.38458
41	68	4.38321
40	69	4.38321
71	94	-4.38132
70	95	-4.38132
13	32	4.38126
12	33	4.38126
21	56	-4.38098
20	57	-4.38098
75	78	4.3805
74	79	4.3805
27	62	4.38006
26	63	4.38006
4	65	-4.37971
5	64	-4.37971
35	94	-4.37959
34	95	-4.37959
70	97	-4.37939
71	96	-4.37939
18	75	4.37866
19	74	4.37866
5	42	4.37861
4	43	4.37861
58	85	-4.37813
59	84	-4.37813
3	20	4.37759
2	21	4.37759
31	50	-4.37753
30	51	-4.37753
41	50	4.37675
40	51	4.37675
10	73	-4.37675
11	72	-4.37675
54	83	-4.37564
55	82	-4.37564
19	32	4.3708
18	33	4.3708
47	76	4.36967
46	77	4.36967
44	67	-4.3693
45	66	-4.3693
66	69	-4.36822
67	68	-4.36822
67	96	-4.36759
66	97	-4.36759
8	23	-4.36598
9	22	-4.36598
1	88	4.36406
0	89	4.36406
2	89	4.36402
3	88	4.36402
12	19	4.36152
13	18	4.36152
50	83	4.36096
51	82	4.36096
1	40	-4.36016
0	41	-4.36016
25	30	4.35938
24	31	4.35938
10	37	4.35926
11	36	4.35926
30	43	-4.35704
31	42	-4.35704
23	36	4.35446
22	37	4.35446
47	48	-4.3523
46	49	-4.3523
90	99	4.35013
91	98	4.35013
27	98	-4.34945
26	99	-4.34945
5	90	-4.34906
4	91	-4.34906
49	72	4.34901
48	73	4.34901
14	27	4.34795
15	26	4.34795
37	46	4.34694
36	47	4.34694
67	80	-4.34667
66	81	-4.34667
72	81	-4.3464
73	80	-4.3464
4	85	-4.34615
5	84	-4.34615
64	95	-4.34497
65	94	-4.34497
54	59	-4.34383
55	58	-4.34383
13	88	4.3436
12	89	4.3436
26	45	4.34332
27	44	4.34332
26	65	-4.34309
27	64	-4.34309
41	84	-4.34272
40	85	-4.34272
21	40	-4.34271
20	41	-4.34271
53	54	4.33922
52	55	4.33922
20	65	4.33772
21	64	4.33772
8	95	-4.33758
9	94	-4.33758
4	9	-4.33708
5	8	-4.33708
44	71	-4.33614
45	70	-4.33614
32	75	4.33612
33	74	4.33612
8	47	-4.33419
9	46	-4.33419
29	76	4.33318
28	77	4.33318
90	97	-4.33239
91	96	-4.33239
20	33	4.33065
21	32	4.33065
62	71	-4.33041
63	70	-4.33041
71	76	-4.32829
70	77	-4.32829
25	38	4.32549
24	39	4.32549
21	48	4.3241
20	49	4.3241
23	48	-4.32384
22	49	-4.32384
52	63	-4.32268
53	62	-4.32268
28	95	4.32111
29	94	4.32111
23	34	-4.32085
22	35	-4.32085
57	76	4.32037
56	77	4.32037
4	31	-4.31875
5	30	-4.31875
4	35	-4.31449
5	34	-4.31449
1	98	4.31103
0	99	4.31103
0	51	-4.30945
1	50	-4.30945
2	67	4.30409
3	66	4.30409
76	95	4.30127
77	94	4.30127
82	85	-4.30042
83	84	-4.30042
67	78	4.2991
66	79	4.2991
43	86	-4.29893
42	87	-4.29893
71	86	4.29836
70	87	4.29836
45	52	-4.29722
44	53	-4.29722
68	85	-4.2933
69	84	-4.2933
30	59	-4.29098
31	58	-4.29098
17	64	-4.29092
16	65	-4.29092
52	97	-4.28971
53	96	-4.28971
52	81	-4.28873
53	80	-4.28873
35	46	-4.28736
34	47	-4.28736
14	71	-4.28711
15	70	-4.28711
87	94	-4.2858
86	95	-4.2858
71	80	-4.28527
70	81	-4.28527
28	43	4.28511
29	42	4.28511
53	68	-4.28414
52	69	-4.28414
11	16	4.28349
10	17	4.28349
56	73	-4.28332
57	72	-4.28332
57	88	-4.28102
56	89	-4.28102
5	94	4.2785
4	95	4.2785
3	52	4.27837
2	53	4.27837
39	82	-4.27646
38	83	-4.27646
0	65	4.27086
1	64	4.27086
37	92	4.26742
36	93	4.26742
22	77	4.26698
23	76	4.26698
38	41	-4.26692
39	40	-4.26692
16	43	4.26664
17	42	4.26664
5	20	-4.26514
4	21	-4.26514
5	26	4.26267
4	27	4.26267
53	84	4.26245
52	85	4.26245
26	87	-4.26226
27	86	-4.26226
20	73	4.26185
21	72	4.26185
41	58	4.26143
40	59	4.26143
60	91	-4.25919
61	90	-4.25919
87	90	4.25862
86	91	4.25862
17	22	4.25844
16	23	4.25844
28	71	-4.25771
29	70	-4.25771
16	21	-4.25763
17	20	-4.25763
25	84	4.25548
24	85	4.25548
62	91	-4.25536
63	90	-4.25536
58	83	4.25259
59	82	4.25259
6	39	4.25112
7	38	4.25112
27	42	4.25109
26	43	4.25109
55	68	-4.24957
54	69	-4.24957
44	91	-4.24932
45	90	-4.24932
30	55	4.2486
31	54	4.2486
6	59	-4.24853
7	58	-4.24853
2	41	-4.2475
3	40	-4.2475
5	88	-4.24696
4	89	-4.24696
19	56	-4.24531
18	57	-4.24531
57	92	4.24402
56	93	4.24402
54	67	4.24293
55	66	4.24293
2	19	4.24253
3	18	4.24253
42	77	4.24237
43	76	4.24237
49	64	4.24054
48	65	4.24054
8	21	4.24045
9	20	4.24045
41	76	4.23997
40	77	4.23997
52	79	4.2392
53	78	4.2392
15	94	4.23841
14	95	4.23841
9	10	-4.23757
8	11	-4.23757
1	24	4.23603
0	25	4.23603
45	94	4.23475
44	95	4.23475
60	69	4.23442
61	68	4.23442
30	79	4.2344
31	78	4.2344
15	90	-4.23372
14	91	-4.23372
50	89	-4.23311
51	88	-4.23311
42	45	4.23138
43	44	4.23138
75	76	-4.23087
74	77	-4.23087
27	28	4.23072
26	29	4.23072
11	70	-4.23053
10	71	-4.23053
5	54	-4.23038
4	55	-4.23038
59	88	-4.22897
58	89	-4.22897
28	91	-4.22834
29	90	-4.22834
20	35	4.22554
21	34	4.22554
0	43	-4.22281
1	42	-4.22281
37	72	-4.22188
36	73	-4.22188
42	73	-4.2201
43	72	-4.2201
48	93	-4.21997
49	92	-4.21997
59	66	-4.21759
58	67	-4.21759
64	71	4.21746
65	70	4.21746
55	74	4.21709
54	75	4.21709
32	67	4.21666
33	66	4.21666
38	97	-4.2154
39	96	-4.2154
17	46	4.21513
16	47	4.21513
85	96	-4.21423
84	97	-4.21423
36	65	-4.21383
37	64	-4.21383
43	98	-4.21349
42	99	-4.21349
62	95	4.20955
63	94	4.20955
10	35	-4.2095
11	34	-4.2095
2	83	-4.20879
3	82	-4.20879
6	51	-4.20669
7	50	-4.20669
27	46	4.20522
26	47	4.20522
43	62	4.20306
42	63	4.20306
17	80	4.20107
16	81	4.20107
3	6	4.20026
2	7	4.20026
2	31	4.19559
3	30	4.19559
39	52	4.19489
38	53	4.19489
25	54	4.19487
24	55	4.19487
1	78	4.19432
0	79	4.19432
10	77	4.19391
11	76	4.19391
1	54	4.19291
0	55	4.19291
8	81	-4.1928
9	80	-4.1928
19	50	-4.1918
18	51	-4.1918
94	99	-4.19109
95	98	-4.19109
60	71	-4.19046
61	70	-4.19046
6	17	-4.18972
7	16	-4.18972
33	52	4.18861
32	53	4.18861
13	76	-4.18675
12	77	-4.18675
48	87	4.18613
49	86	4.18613
7	92	-4.18591
6	93	-4.18591
6	95	-4.18585
7	94	-4.18585
14	43	4.18525
15	42	4.18525
19	58	-4.18353
18	59	-4.18353
31	84	4.1799
30	85	4.1799
44	85	-4.17913
45	84	-4.17913
13	92	-4.17898
12	93	-4.17898
5	36	4.17751
4	37	4.17751
12	55	4.17714
13	54	4.17714
12	73	4.17673
13	72	4.17673
29	36	4.17661
28	37	4.17661
67	84	4.17626
66	85	4.17626
7	68	-4.1754
6	69	-4.1754
50	61	4.17078
51	60	4.17078
65	90	4.17003
64	91	4.17003
28	49	-4.16855
29	48	-4.16855
63	84	-4.16789
62	85	-4.16789
6	15	-4.1665
7	14	-4.1665
35	80	-4.16546
34	81	-4.16546
38	99	4.16507
39	98	4.16507
4	67	-4.165
5	66	-4.165
75	84	4.165
74	85	4.165
6	97	-4.16415
7	96	-4.16415
81	90	-4.16048
80	91	-4.16048
1	92	-4.15915
0	93	-4.15915
27	60	4.15576
26	61	4.15576
1	84	4.15532
0	85	4.15532
93	94	4.15526
92	95	4.15526
40	79	-4.15521
41	78	-4.15521
33	48	4.15453
32	49	4.15453
52	59	-4.15368
53	58	-4.15368
36	87	-4.15239
37	86	-4.15239
4	39	-4.14995
5	38	-4.14995
55	96	-4.14846
54	97	-4.14846
78	83	-4.14796
79	82	-4.14796
26	57	4.14774
27	56	4.14774
80	85	-4.14669
81	84	-4.14669
30	39	4.14654
31	38	4.14654
60	77	4.14583
61	76	4.14583
10	49	-4.14477
11	48	-4.14477
72	75	4.14412
73	74	4.14412
75	92	-4.14337
74	93	-4.14337
76	81	4.14288
77	80	4.14288
41	90	-4.1427
40	91	-4.1427
1	2	4.142
0	3	4.142
49	80	-4.14194
48	81	-4.14194
7	36	-4.14083
6	37	-4.14083
72	95	-4.13993
73	94	-4.13993
23	26	4.13859
22	27	4.13859
6	91	4.13788
7	90	4.13788
4	7	-4.13763
5	6	-4.13763
7	62	-4.13725
6	63	-4.13725
43	96	4.13492
42	97	4.13492
49	78	4.13464
48	79	4.13464
39	66	4.13234
38	67	4.13234
10	91	-4.13117
11	90	-4.13117
48	99	4.13087
49	98	4.13087
37	78	-4.1308
36	79	-4.1308
33	40	-4.13024
32	41	-4.13024
5	48	-4.12905
4	49	-4.12905
6	45	-4.12855
7	44	-4.12855
31	32	4.1281
30	33	4.1281
69	88	-4.12663
68	89	-4.12663
12	85	4.1262
13	84	4.1262
26	41	4.12523
27	40	4.12523
82	91	-4.12363
83	90	-4.12363
39	62	-4.12356
38	63	-4.12356
36	45	4.123
37	44	4.123
54	57	-4.12221
55	56	-4.12221
31	92	-4.12121
30	93	-4.12121
5	52	-4.12071
4	53	-4.12071
15	36	4.12055
14	37	4.12055
19	20	4.11959
18	21	4.11959
59	60	4.11943
58	61	4.11943
39	86	4.11897
38	87	4.11897
15	38	-4.11863
14	39	-4.11863
22	71	-4.11628
23	70	-4.11628
35	60	-4.11598
34	61	-4.11598
6	33	4.11563
7	32	4.11563
38	75	4.11493
39	74	4.11493
6	71	4.11446
7	70	4.11446
29	38	-4.11427
28	39	-4.11427
47	70	-4.11371
46	71	-4.11371
80	89	-4.11164
81	88	-4.11164
38	45	-4.10985
39	44	-4.10985
11	26	4.1098
10	27	4.1098
42	93	4.1095
43	92	4.1095
85	98	4.10933
84	99	4.10933
66	73	4.10888
67	72	4.10888
9	56	-4.10734
8	57	-4.10734
76	83	4.10572
77	82	4.10572
47	88	-4.10566
46	89	-4.10566
14	85	-4.10558
15	84	-4.10558
32	83	-4.1049
33	82	-4.1049
44	55	-4.10387
45	54	-4.10387
33	36	-4.10371
32	37	-4.10371
36	63	4.10295
37	62	4.10295
66	93	-4.10284
67	92	-4.10284
88	97	-4.10274
89	96	-4.10274
18	23	-4.10235
19	22	-4.10235
1	38	4.10168
0	39	4.10168
6	11	-4.10131
7	10	-4.10131
95	96	4.10024
94	97	4.10024
0	33	4.1002
1	32	4.1002
18	81	-4.0999
19	80	-4.0999
44	89	-4.09883
45	88	-4.09883
55	62	-4.09839
54	63	-4.09839
11	84	-4.09777
10	85	-4.09777
40	71	-4.09705
41	70	-4.09705
26	75	-4.09493
27	74	-4.09493
19	68	-4.09423
18	69	-4.09423
23	90	-4.0938
22	91	-4.0938
37	98	-4.09239
36	99	-4.09239
9	60	-4.09148
8	61	-4.09148
12	39	4.09061
13	38	4.09061
19	46	-4.08999
18	47	-4.08999
46	91	-4.08919
47	90	-4.08919
57	84	-4.08579
56	85	-4.08579
53	76	-4.0853
52	77	-4.0853
52	73	4.08464
53	72	4.08464
11	18	-4.0846
10	19	-4.0846
33	42	-4.08451
32	43	-4.08451
63	88	-4.08378
62	89	-4.08378
6	79	4.08365
7	78	4.08365
17	60	4.08345
16	61	4.08345
34	57	-4.08286
35	56	-4.08286
20	77	-4.08231
21	76	-4.08231
27	82	4.08088
26	83	4.08088
54	81	-4.07959
55	80	-4.07959
23	88	-4.07905
22	89	-4.07905
42	59	4.07817
43	58	4.07817
70	83	-4.07774
71	82	-4.07774
10	89	-4.0768
11	88	-4.0768
20	27	-4.07653
21	26	-4.07653
24	43	-4.0764
25	42	-4.0764
53	90	4.07628
52	91	4.07628
55	98	4.07592
54	99	4.07592
24	95	-4.07508
25	94	-4.07508
3	60	-4.07486
2	61	-4.07486
45	48	-4.07363
44	49	-4.07363
3	48	4.07329
2	49	4.07329
42	79	-4.07306
43	78	-4.07306
27	80	4.07227
26	81	4.07227
48	59	-4.06768
49	58	-4.06768
13	26	-4.06713
12	27	-4.06713
16	57	4.0666
17	56	4.0666
14	49	-4.0665
15	48	-4.0665
1	70	4.06408
0	71	4.06408
49	62	-4.06401
48	63	-4.06401
6	81	-4.06195
7	80	-4.06195
85	86	4.06033
84	87	4.06033
79	94	-4.05806
78	95	-4.05806
20	89	4.05743
21	88	4.05743
27	52	-4.05704
26	53	-4.05704
15	54	-4.05701
14	55	-4.05701
8	13	4.05679
9	12	4.05679
25	88	4.05651
24	89	4.05651
20	91	4.0544
21	90	4.0544
64	89	4.05417
65	88	4.05417
53	92	-4.05351
52	93	-4.05351
38	65	4.052
39	64	4.052
8	67	4.05105
9	66	4.05105
30	73	4.05058
31	72	4.05058
21	70	4.05048
20	71	4.05048
1	72	4.04991
0	73	4.04991
3	36	-4.04786
2	37	-4.04786
24	49	4.04736
25	48	4.04736
38	57	-4.0463
39	56	-4.0463
28	85	-4.04501
29	84	-4.04501
11	54	-4.0449
10	55	-4.0449
32	95	-4.04482
33	94	-4.04482
53	70	4.0443
52	71	4.0443
34	67	4.04312
35	66	4.04312
55	86	4.0431
54	87	4.0431
60	79	-4.04308
61	78	-4.04308
12	35	4.04258
13	34	4.04258
40	93	4.04214
41	92	4.04214
49	96	-4.04088
48	97	-4.04088
1	90	4.04082
0	91	4.04082
0	17	-4.04012
1	16	-4.04012
9	74	4.04009
8	75	4.04009
42	69	4.03987
43	68	4.03987
67	90	4.03948
66	91	4.03948
67	76	-4.03719
66	77	-4.03719
31	90	4.03667
30	91	4.03667
8	53	4.03664
9	52	4.03664
1	26	-4.03618
0	27	-4.03618
19	28	-4.03607
18	29	-4.03607
20	39	4.03519
21	38	4.03519
74	91	4.03516
75	90	4.03516
49	50	-4.03409
48	51	-4.03409
23	38	-4.03353
22	39	-4.03353
34	83	-4.03321
35	82	-4.03321
65	84	4.0332
64	85	4.0332
35	52	4.03319
34	53	4.03319
34	41	-4.03308
35	40	-4.03308
37	96	4.03104
36	97	4.03104
29	54	-4.03062
28	55	-4.03062
3	42	-4.03035
2	43	-4.03035
14	89	-4.03032
15	88	-4.03032
40	73	-4.0297
41	72	-4.0297
16	31	-4.0296
17	30	-4.0296
34	75	4.02954
35	74	4.02954
6	73	4.02854
7	72	4.02854
39	80	-4.02717
38	81	-4.02717
37	58	4.02683
36	59	4.02683
82	93	4.02677
83	92	4.02677
18	65	4.02666
19	64	4.02666
37	50	4.0265
36	51	4.0265
46	55	-4.02647
47	54	-4.02647
39	46	-4.0259
38	47	-4.0259
24	37	-4.02588
25	36	-4.02588
8	41	-4.02524
9	40	-4.02524
87	88	4.02485
86	89	4.02485
27	30	-4.02473
26	31	-4.02473
12	17	-4.0237
13	16	-4.0237
89	98	4.02295
88	99	4.02295
8	83	-4.02214
9	82	-4.02214
54	65	4.02189
55	64	4.02189
31	70	4.0215
30	71	4.0215
18	25	4.02031
19	24	4.02031
8	31	4.0203
9	30	4.0203
27	66	-4.02023
26	67	-4.02023
13	90	4.01979
12	91	4.01979
18	87	4.01972
19	86	4.01972
33	60	-4.01955
32	61	-4.01955
10	39	-4.019
11	38	-4.019
31	34	4.01843
30	35	4.01843
56	91	-4.01758
57	90	-4.01758
46	85	-4.01753
47	84	-4.01753
67	70	4.01693
66	71	4.01693
68	95	4.01687
69	94	4.01687
22	55	-4.01677
23	54	-4.01677
72	83	-4.01619
73	82	-4.01619
17	82	4.01602
16	83	4.01602
43	50	4.01521
42	51	4.01521
17	74	-4.01514
16	75	-4.01514
14	19	-4.01479
15	18	-4.01479
17	66	-4.01463
16	67	-4.01463
7	34	4.01433
6	35	4.01433
4	19	-4.01358
5	18	-4.01358
49	68	-4.01347
48	69	-4.01347
56	71	-4.01295
57	70	-4.01295
71	74	4.01273
70	75	4.01273
18	97	-4.01253
19	96	-4.01253
17	40	4.01206
16	41	4.01206
29	88	-4.01094
28	89	-4.01094
2	95	-4.01076
3	94	-4.01076
0	77	-4.01027
1	76	-4.01027
23	84	-4.00785
22	85	-4.00785
0	9	4.00713
1	8	4.00713
50	95	4.00708
51	94	4.00708
20	55	4.00693
21	54	4.00693
7	8	4.00634
6	9	4.00634
61	72	-4.00601
60	73	-4.00601
18	45	-4.00495
19	44	-4.00495
18	63	-4.00399
19	62	-4.00399
36	69	4.00387
37	68	4.00387
13	70	4.00353
12	71	4.00353
0	35	4.00324
1	34	4.00324
30	77	-4.00318
31	76	-4.00318
17	52	-4.00155
16	53	-4.00155
58	95	4.0012
59	94	4.0012
19	98	4.00091
18	99	4.00091
20	85	4.0008
21	84	4.0008
60	93	4.00031
61	92	4.00031
44	62	2.99798
8	34	2.99792
12	74	2.99501
52	66	2.98868
54	84	2.98811
10	80	2.98765
2	32	2.98743
36	94	2.98535
62	96	2.98531
70	90	2.98118
56	74	-2.98078
14	62	2.98044
12	56	-2.97718
44	96	2.97625
24	98	2.97575
60	82	2.97531
86	98	2.97434
64	98	2.97417
22	46	2.9739
32	72	2.97123
14	44	2.96917
58	68	2.96857
46	64	-2.96827
22	28	2.96732
50	78	-2.96619
14	96	2.9658
40	74	-2.96561
46	86	-2.96462
22	86	-2.96439
26	76	2.96371
38	54	2.96293
68	96	2.96232
54	88	2.96214
28	86	-2.96124
30	66	2.96096
40	82	2.96018
0	30	2.95835
46	56	2.9561
10	44	2.95429
84	90	2.95063
64	86	2.95025
4	44	2.94604
10	62	2.94545
12	40	-2.94324
84	88	2.94208
40	60	2.94188
16	92	2.94001
38	90	2.93791
10	14	2.93729
38	84	2.93711
74	82	-2.93525
12	82	-2.93462
46	98	-2.93348
8	72	2.93062
44	80	2.92899
2	50	-2.92711
30	52	2.92585
4	62	2.92578
34	90	2.92563
22	56	2.92434
54	90	2.92414
2	72	2.92283
8	90	2.92176
70	84	2.92135
4	80	2.92077
24	86	2.9187
58	96	2.91591
14	68	2.91459
24	64	2.91401
32	78	2.91324
48	88	2.91105
62	80	2.91104
40	56	2.90905
62	68	2.90881
2	78	2.90876
28	46	2.9074
34	72	2.90617
12	22	-2.90482
22	64	-2.90112
12	46	-2.901
2	24	2.89997
4	10	2.89956
32	50	-2.89448
72	78	2.89289
22	98	-2.89221
16	26	2.89218
4	96	2.88997
46	74	-2.88928
8	70	2.88748
56	64	-2.88657
44	68	2.88527
34	38	2.8846
28	98	-2.88201
60	94	2.88198
42	94	2.88137
34	70	2.88106
14	80	2.88063
58	92	2.8792
10	96	2.8786
22	74	-2.87469
24	50	-2.87296
54	70	2.86888
38	88	2.86772
8	78	2.86766
70	72	2.86555
60	74	-2.86323
8	38	2.86066
38	70	2.85932
36	42	2.8571
42	60	2.85677
56	82	2.85352
56	86	-2.85252
0	66	2.85034
14	28	2.84909
12	60	-2.84896
34	78	2.84798
4	14	2.84269
8	32	2.84224
28	64	-2.83957
72	90	2.838
58	62	2.83775
18	48	2.83708
24	46	-2.83672
18	38	2.83604
20	30	2.83557
80	96	2.83194
18	88	2.8307
18	54	2.82583
20	66	2.82547
24	32	2.82402
0	20	2.82277
50	72	-2.81899
68	92	2.81761
44	58	2.81682
50	98	-2.81646
24	28	-2.81395
14	58	2.81203
16	76	2.811
50	86	-2.81005
32	34	2.80903
28	56	2.80498
28	50	2.80337
88	90	2.80318
56	98	-2.79916
36	60	2.79667
2	98	2.79586
22	24	-2.79217
26	92	2.79117
16	34	-2.7903
34	84	2.7902
12	64	2.78978
12	86	2.78936
0	52	2.789
48	54	2.78865
64	74	2.78684
12	28	-2.78541
82	94	2.77926
34	54	2.77895
78	92	-2.77679
8	84	2.77574
76	92	2.77311
40	42	2.7703
2	8	2.76805
6	52	2.76763
8	16	-2.76485
74	86	2.76118
56	60	2.75799
8	54	2.75703
40	46	2.75687
24	78	2.75685
4	68	2.75274
70	88	2.75049
14	22	2.74921
10	68	2.74777
20	52	2.74502
10	28	2.74195
42	82	2.7406
28	62	2.74035
28	74	-2.74002
18	84	2.73996
32	70	2.73824
48	84	2.73387
28	68	2.73327
2	34	2.73154
22	40	2.7302
8	50	-2.72994
50	68	2.72667
22	82	2.72598
28	96	2.72391
4	58	2.7235
2	86	2.72049
34	92	-2.71263
28	44	2.7121
16	38	-2.7106
46	82	2.7052
16	78	-2.70317
12	98	2.70302
40	94	2.70244
68	78	-2.70199
34	50	-2.70136
32	98	2.69968
8	92	-2.69931
32	90	2.69724
14	86	-2.69106
16	58	2.68976
10	22	2.6868
50	92	2.68601
6	66	2.68568
74	98	2.68525
50	64	-2.68333
22	50	2.68049
24	72	2.68028
38	72	2.67822
68	80	2.67727
36	82	2.67352
38	48	2.67014
78	98	2.66755
2	64	2.66533
24	56	-2.66452
92	96	2.66288
28	78	-2.65256
72	84	2.65181
78	86	2.64997
14	50	2.64952
28	80	2.64861
46	50	2.6471
40	64	-2.64701
78	90	2.64477
2	28	-2.64353
18	90	2.63846
58	78	-2.63644
2	70	2.63609
10	58	2.63608
58	76	2.63499
22	62	2.63396
70	78	2.63313
50	58	2.62278
32	86	2.62009
10	12	-2.61399
14	46	2.61175
22	44	2.61062
6	48	2.60669
34	88	2.60365
16	90	-2.60299
42	74	-2.60173
50	96	2.60045
16	68	2.60022
22	80	2.59974
36	40	2.59938
22	96	2.59769
54	72	2.5972
2	90	2.59305
40	86	-2.59288
68	86	-2.59056
48	52	2.58728
28	82	2.58667
22	60	2.58355
22	68	2.58307
28	58	2.58031
8	88	2.57858
12	14	-2.57799
58	80	2.57697
10	82	2.57632
46	60	2.57608
10	86	-2.57393
28	40	2.57011
2	46	-2.56701
64	82	-2.56573
16	72	-2.5657
74	94	-2.56536
62	86	-2.56462
26	58	2.564
16	50	2.56309
82	86	-2.5621
14	98	-2.55867
32	64	2.55857
12	24	2.55838
12	42	-2.55786
12	80	-2.55588
14	92	2.55505
16	18	-2.55501
14	78	-2.55486
80	82	2.55482
86	96	-2.55466
18	34	2.55437
10	74	-2.55328
28	32	-2.55208
72	92	-2.5519
2	22	-2.55086
50	62	2.55062
18	26	-2.55022
62	92	2.54909
78	96	-2.54877
12	94	-2.54763
38	78	2.54529
16	54	-2.5426
10	46	2.54172
72	98	2.54009
24	74	2.53812
14	56	2.5375
48	90	2.53627
38	92	-2.53377
44	86	-2.53365
18	70	2.53036
26	38	-2.52774
10	56	2.52722
6	30	2.52477
32	92	-2.52413
32	38	2.52349
40	98	-2.51977
26	34	-2.51972
14	74	-2.51787
64	78	2.51769
44	92	2.51619
8	18	2.5152
44	50	2.51222
2	92	-2.50901
48	66	2.50807
4	28	2.50662
22	78	-2.50653
16	84	-2.5003
14	24	-2.5001
16	70	-2.49919
16	32	-2.49743
74	80	-2.4974
14	64	-2.49615
50	70	-2.49495
68	98	-2.49164
46	62	2.49147
32	84	2.48876
12	62	-2.48799
8	26	-2.48787
50	90	-2.48717
30	48	2.48715
90	92	-2.48623
42	56	2.48622
2	68	-2.48564
8	24	2.48298
68	76	2.48198
80	86	-2.48101
12	44	-2.47986
62	78	-2.47842
24	68	-2.47369
48	70	2.47016
46	78	-2.47011
46	68	2.46829
44	46	2.46709
72	86	2.46496
46	96	2.46452
82	98	-2.46318
32	46	-2.4584
10	60	2.45788
14	82	2.45758
32	68	-2.4574
42	88	-2.45737
56	80	2.45727
46	80	2.45651
2	16	-2.45613
10	40	2.45556
18	36	-2.45427
18	94	-2.4537
60	80	2.453
36	74	-2.45272
50	56	2.44828
22	32	-2.44798
58	86	-2.44755
8	68	-2.44645
34	58	-2.44545
10	50	2.44524
24	34	2.44485
60	64	-2.44462
8	58	-2.44327
44	78	-2.4415
34	68	-2.43913
56	94	2.43741
56	62	2.43741
10	98	-2.43563
78	84	2.4352
28	60	2.43417
28	92	2.43396
22	58	2.43341
32	54	2.43331
12	36	-2.43257
62	98	-2.43235
96	98	-2.43229
62	74	-2.43211
42	54	-2.42922
2	14	-2.42855
16	96	2.42735
42	48	-2.42733
26	78	-2.42664
44	74	-2.42468
26	68	2.42448
2	38	2.4237
44	56	2.42282
12	96	-2.42246
40	80	2.42116
4	22	2.42113
72	88	2.4209
68	72	-2.42009
60	86	-2.41848
48	60	-2.41837
28	72	-2.41645
70	92	-2.4127
42	84	-2.41253
54	78	2.40782
44	82	2.40418
64	68	-2.40397
16	88	-2.40344
40	48	-2.40325
10	64	-2.40287
44	98	-2.40142
4	92	2.39921
62	82	2.3988
22	52	-2.39872
22	66	-2.39499
64	72	2.39483
56	96	2.39261
34	76	-2.3922
24	96	-2.3915
6	88	2.39122
18	76	-2.39055
2	58	-2.38864
12	52	2.38644
0	48	2.38553
36	38	-2.38401
14	40	2.38367
24	92	-2.38325
46	52	-2.38321
48	82	-2.38312
28	66	-2.38272
26	54	-2.38236
2	84	2.38177
24	62	-2.38116
12	50	-2.38035
52	56	-2.38031
14	32	-2.37785
18	42	-2.37753
0	10	-2.37722
38	42	-2.3766
6	56	-2.37637
54	92	-2.37597
62	64	-2.37591
32	58	-2.37582
52	74	2.37557
6	20	2.3753
38	76	-2.37497
76	78	-2.37426
2	96	-2.37269
24	40	-2.37227
18	60	-2.37203
74	96	-2.37164
38	50	-2.37135
6	64	2.37133
0	14	-2.37083
10	24	-2.36725
58	72	-2.36704
64	96	-2.36698
58	98	-2.36689
28	52	-2.36683
52	86	2.36628
8	76	-2.36603
2	56	-2.36503
28	30	-2.36478
66	86	2.36354
26	90	-2.36343
12	66	2.36326
46	66	-2.36246
86	92	-2.3624
76	96	2.36202
50	80	2.36188
48	94	-2.36154
22	30	-2.36121
84	92	-2.36073
36	54	-2.36016
6	46	-2.35751
8	98	2.35722
56	68	2.35716
4	12	-2.35614
12	68	-2.3559
24	58	-2.3553
80	98	-2.35329
88	94	-2.35126
24	44	-2.3506
38	94	-2.35033
0	6	2.34933
44	64	-2.34929
56	66	-2.34852
0	80	-2.3466
54	94	-2.34653
66	74	2.34575
34	48	2.34535
6	74	2.34383
0	62	-2.34326
36	88	-2.34322
32	96	-2.34303
10	78	-2.34242
50	74	-2.34202
20	28	-2.34184
2	62	-2.34183
46	58	2.34165
4	82	2.3412
6	76	-2.3406
92	98	-2.33971
20	36	-2.33965
0	44	-2.33853
48	74	2.33744
60	88	-2.33701
4	86	-2.33519
18	52	2.33419
52	82	-2.33402
12	30	2.33393
4	50	2.33371
40	52	-2.33341
60	98	-2.33307
10	92	2.33298
24	70	2.33157
36	56	2.33122
36	48	-2.33105
2	54	2.33083
6	40	-2.33028
52	64	2.32779
18	30	2.32777
18	92	-2.32694
14	30	-2.32621
42	90	-2.32585
40	44	2.32554
40	62	2.3248
14	20	-2.32433
64	80	-2.32426
24	82	-2.32345
14	60	2.32327
34	98	2.32315
14	16	2.32262
26	50	2.32158
0	28	-2.32018
6	12	2.32016
26	84	-2.32003
52	98	2.31927
20	68	-2.31924
16	62	2.3173
66	82	-2.31728
8	48	2.31725
12	48	2.31694
30	82	-2.31644
36	84	-2.31571
2	44	-2.31496
4	74	-2.31452
0	96	-2.3133
82	96	2.31326
8	86	2.31208
18	82	-2.31028
10	30	-2.31015
68	74	-2.30936
6	98	2.30895
26	72	-2.3089
32	62	-2.30857
52	88	2.30844
66	98	2.30809
14	72	-2.30706
26	88	-2.3069
18	72	2.3069
50	76	2.30688
20	50	-2.30683
30	74	2.30582
30	86	2.30566
72	96	-2.30497
46	72	-2.30432
22	72	-2.30367
8	28	-2.30143
64	66	2.30134
84	94	-2.30083
20	94	-2.29972
8	96	-2.29954
52	60	-2.29941
40	66	-2.29912
58	64	-2.29909
30	46	-2.29874
24	80	-2.29762
40	88	-2.29471
0	22	-2.29471
4	78	-2.29438
4	46	2.29237
6	86	2.2923
30	56	-2.29219
44	60	2.29177
42	70	-2.29169
6	22	-2.29028
80	94	2.29018
24	90	2.29006
6	18	2.29005
20	22	-2.28997
34	96	-2.28976
16	44	2.28883
42	46	2.28866
4	56	2.28797
26	96	2.28667
0	18	2.28657
16	24	-2.28599
18	66	2.28575
32	44	-2.28558
2	10	-2.28528
22	92	2.28308
60	66	-2.2827
50	84	-2.28233
20	96	-2.28226
60	62	2.28218
34	86	2.28195
48	56	-2.28171
56	78	-2.28004
2	12	2.27821
20	86	2.27806
36	90	-2.27755
30	60	-2.2768
28	34	-2.27575
26	32	-2.27533
30	62	-2.27341
26	36	2.27327
78	80	-2.27249
20	78	2.27167
22	94	2.27104
20	62	-2.2707
4	40	2.2704
80	92	2.27013
54	60	-2.26961
0	68	-2.26912
4	60	2.26872
32	88	2.26841
58	90	-2.26775
82	88	-2.26633
14	66	-2.26591
32	56	-2.26578
30	80	-2.26546
22	42	2.2653
26	70	-2.26416
0	82	-2.2641
40	96	2.26407
18	40	-2.26392
16	36	2.26387
62	72	-2.26376
30	44	-2.263
10	94	2.26265
46	94	2.26221
2	26	-2.26077
0	12	2.26062
8	14	-2.26057
54	76	-2.26024
24	52	2.26011
62	76	2.25937
64	76	-2.25845
30	40	-2.25829
20	58	-2.25562
24	66	2.25556
38	58	-2.25522
26	48	-2.25402
56	58	2.25385
2	74	2.25302
6	24	2.25295
6	26	-2.25279
0	4	-2.25277
50	54	-2.25205
16	48	-2.25175
20	44	-2.25143
58	70	-2.24868
68	90	-2.24848
88	92	-2.2482
64	92	-2.24788
30	96	-2.24785
10	20	-2.24688
30	94	-2.2464
44	72	-2.24593
16	28	2.24558
34	36	-2.24535
30	36	-2.24524
14	34	-2.24513
10	32	-2.2451
4	70	-2.24463
68	70	-2.24351
24	76	-2.24292
90	94	-2.24165
44	76	2.24152
2	80	-2.24121
76	90	-2.24108
66	88	2.24085
42	52	-2.24085
12	58	-2.24079
78	88	2.2378
6	82	-2.23602
76	98	-2.23524
30	88	2.23349
0	86	2.23247
46	92	2.23186
14	76	2.23186
30	98	2.23123
8	62	-2.23113
66	94	-2.23078
50	66	-2.23078
20	42	-2.2297
36	66	-2.22958
60	84	-2.22905
2	76	-2.227
14	52	-2.22635
6	54	2.22621
0	36	-2.22599
0	74	2.22593
4	98	-2.2256
42	66	-2.22536
20	46	-2.22514
30	68	-2.22496
8	64	2.22475
10	66	-2.22454
0	60	-2.22344
72	76	-2.22343
8	36	-2.22325
0	94	-2.22259
12	78	2.22225
20	82	-2.22175
36	70	-2.22172
16	98	-2.22164
12	20	2.22147
6	42	-2.22142
52	94	-2.22131
76	88	-2.22102
20	92	-2.22082
38	60	-2.22036
20	60	-2.22016
32	76	-2.2195
30	64	2.21921
34	62	-2.21871
26	94	2.21851
6	28	-2.2181
6	60	-2.21688
68	82	2.21685
20	98	2.21636
34	42	-2.21594
76	84	-2.21521
32	80	-2.21441
18	78	2.21428
42	80	2.21394
0	46	-2.21353
4	32	-2.21236
4	72	-2.21218
2	4	-2.21158
16	86	-2.21145
36	52	-2.21109
58	74	-2.21053
8	44	-2.20969
36	80	2.20948
4	76	2.20928
24	26	-2.20824
38	68	-2.20752
24	60	-2.20746
70	98	2.20558
0	56	-2.20514
4	16	2.20438
60	96	2.20419
50	52	-2.2027
6	84	2.2025
42	64	-2.20188
40	54	-2.20136
8	42	-2.20029
20	24	2.19931
62	66	-2.19905
74	88	2.19768
0	58	-2.19739
34	44	-2.19738
20	74	2.19738
16	94	2.19709
20	80	-2.19684
34	64	2.19637
36	76	2.19603
4	24	-2.1954
10	42	2.19345
48	76	-2.19268
10	52	-2.19245
76	86	-2.19229
40	68	2.1916
70	94	-2.19066
12	32	2.19063
20	56	-2.19049
74	78	2.19025
26	62	2.19003
4	64	-2.18986
34	94	-2.1898
70	96	-2.1897
18	74	2.18933
4	42	2.1893
58	84	-2.18906
2	20	2.1888
30	50	-2.18877
40	50	2.18838
10	72	-2.18837
54	82	-2.18782
18	32	2.1854
46	76	2.18483
44	66	-2.18465
66	68	-2.18411
66	96	-2.18379
8	22	-2.18299
0	88	2.18203
2	88	2.18201
12	18	2.18076
50	82	2.18048
0	40	-2.18008
24	30	2.17969
10	36	2.17963
30	42	-2.17852
22	36	2.17723
46	48	-2.17615
90	98	2.17506
26	98	-2.17473
4	90	-2.17453
48	72	2.17451
14	26	2.17398
36	46	2.17347
66	80	-2.17333
72	80	-2.1732
4	84	-2.17307
64	94	-2.17249
54	58	-2.17192
12	88	2.1718
26	44	2.17166
26	64	-2.17154
40	84	-2.17136
20	40	-2.17135
52	54	2.16961
20	64	2.16886
8	94	-2.16879
4	8	-2.16854
44	70	-2.16807
32	74	2.16806
8	46	-2.16709
28	76	2.16659
90	96	-2.1662
20	32	2.16533
62	70	-2.16521
70	76	-2.16414
24	38	2.16274
20	48	2.16205
22	48	-2.16192
52	62	-2.16134
28	94	2.16055
22	34	-2.16043
56	76	2.16018
4	30	-2.15937
4	34	-2.15725
0	98	2.15552
0	50	-2.15473
2	66	2.15204
76	94	2.15064
82	84	-2.15021
66	78	2.14955
42	86	-2.14946
70	86	2.14918
44	52	-2.14861
68	84	-2.14665
30	58	-2.14549
16	64	-2.14546
52	96	-2.14485
52	80	-2.14437
34	46	-2.14368
14	70	-2.14355
86	94	-2.1429
70	80	-2.14263
28	42	2.14255
52	68	-2.14207
10	16	2.14175
56	72	-2.14166
56	88	-2.14051
4	94	2.13925
2	52	2.13919
38	82	-2.13823
0	64	2.13543
36	92	2.13371
22	76	2.13349
38	40	-2.13346
16	42	2.13332
4	20	-2.13257
4	26	2.13133
52	84	2.13123
26	86	-2.13113
20	72	2.13092
40	58	2.13072
60	90	-2.1296
86	90	2.12931
16	22	2.12922
28	70	-2.12886
16	20	-2.12882
24	84	2.12774
62	90	-2.12768
58	82	2.12629
6	38	2.12556
26	42	2.12555
54	68	-2.12479
44	90	-2.12466
30	54	2.1243
6	58	-2.12426
2	40	-2.12375
4	88	-2.12348
18	56	-2.12266
56	92	2.12201
54	66	2.12147
2	18	2.12127
42	76	2.12119
48	64	2.12027
8	20	2.12022
40	76	2.11998
52	78	2.1196
14	94	2.1192
8	10	-2.11879
0	24	2.11802
44	94	2.11737
60	68	2.11721
30	78	2.1172
14	90	-2.11686
50	88	-2.11656
42	44	2.11569
74	76	-2.11543
26	28	2.11536
10	70	-2.11527
4	54	-2.11519
58	88	-2.11448
28	90	-2.11417
20	34	2.11277
0	42	-2.1114
36	72	-2.11094
42	72	-2.11005
48	92	-2.10999
58	66	-2.1088
64	70	2.10873
54	74	2.10855
32	66	2.10833
38	96	-2.1077
16	46	2.10757
84	96	-2.10711
36	64	-2.10692
42	98	-2.10675
62	94	2.10478
10	34	-2.10475
2	82	-2.1044
6	50	-2.10334
26	46	2.10261
42	62	2.10153
16	80	2.10053
2	6	2.10013
2	30	2.09779
38	52	2.09744
24	54	2.09744
0	78	2.09716
10	76	2.09696
0	54	2.09645
8	80	-2.0964
18	50	-2.0959
94	98	-2.09554
60	70	-2.09523
6	16	-2.09486
32	52	2.0943
12	76	-2.09338
48	86	2.09307
6	92	-2.09296
6	94	-2.09292
14	42	2.09263
18	58	-2.09176
30	84	2.08995
44	84	-2.08957
12	92	-2.08949
4	36	2.08875
12	54	2.08857
12	72	2.08836
28	36	2.0883
66	84	2.08813
6	68	-2.0877
50	60	2.08539
64	90	2.08501
28	48	-2.08427
62	84	-2.08395
6	14	-2.08325
34	80	-2.08273
38	98	2.08253
4	66	-2.0825
74	84	2.0825
6	96	-2.08208
80	90	-2.08024
0	92	-2.07957
26	60	2.07788
0	84	2.07766
92	94	2.07763
40	78	-2.0776
32	48	2.07727
52	58	-2.07684
36	86	-2.0762
4	38	-2.07497
54	96	-2.07423
78	82	-2.07398
26	56	2.07387
80	84	-2.07335
30	38	2.07327
60	76	2.07291
10	48	-2.07238
72	74	2.07206
74	92	-2.07169
76	80	2.07144
40	90	-2.07135
0	2	2.071
48	80	-2.07097
6	36	-2.07041
72	94	-2.06996
22	26	2.0693
6	90	2.06894
4	6	-2.06881
6	62	-2.06862
42	96	2.06746
48	78	2.06732
38	66	2.06617
10	90	-2.06558
48	98	2.06544
36	78	-2.0654
32	40	-2.06512
4	48	-2.06453
6	44	-2.06428
30	32	2.06405
68	88	-2.06331
12	84	2.0631
26	40	2.06261
82	90	-2.06181
38	62	-2.06178
36	44	2.0615
54	56	-2.06111
30	92	-2.06061
4	52	-2.06036
14	36	2.06027
18	20	2.05979
58	60	2.05972
38	86	2.05948
14	38	-2.05931
22	70	-2.05814
34	60	-2.05799
6	32	2.05781
38	74	2.05746
6	70	2.05723
28	38	-2.05713
46	70	-2.05685
80	88	-2.05582
38	44	-2.05492
10	26	2.0549
42	92	2.05475
84	98	2.05466
66	72	2.05444
8	56	-2.05367
76	82	2.05286
46	88	-2.05283
14	84	-2.05279
32	82	-2.05245
44	54	-2.05193
32	36	-2.05185
36	62	2.05147
66	92	-2.05142
88	96	-2.05137
18	22	-2.05117
0	38	2.05084
6	10	-2.05065
94	96	2.05012
0	32	2.0501
18	80	-2.04995
44	88	-2.04941
54	62	-2.0492
10	84	-2.04888
40	70	-2.04852
26	74	-2.04746
18	68	-2.04711
22	90	-2.0469
36	98	-2.04619
8	60	-2.04574
12	38	2.0453
18	46	-2.04499
46	90	-2.0446
56	84	-2.0429
52	76	-2.04265
52	72	2.04232
10	18	-2.0423
32	42	-2.04226
62	88	-2.04189
6	78	2.04182
16	60	2.04173
34	56	-2.04143
20	76	-2.04116
26	82	2.04044
54	80	-2.0398
22	88	-2.03952
42	58	2.03908
70	82	-2.03887
10	88	-2.0384
20	26	-2.03826
24	42	-2.0382
52	90	2.03814
54	98	2.03796
24	94	-2.03754
2	60	-2.03743
44	48	-2.03681
2	48	2.03664
42	78	-2.03653
26	80	2.03613
48	58	-2.03384
12	26	-2.03357
16	56	2.0333
14	48	-2.03325
0	70	2.03204
48	62	-2.03201
6	80	-2.03098
84	86	2.03017
78	94	-2.02903
20	88	2.02871
26	52	-2.02852
14	54	-2.02851
8	12	2.02839
24	88	2.02825
20	90	2.0272
64	88	2.02709
52	92	-2.02675
38	64	2.026
8	66	2.02552
30	72	2.02529
20	70	2.02524
0	72	2.02496
2	36	-2.02393
24	48	2.02368
38	56	-2.02315
28	84	-2.0225
10	54	-2.02245
32	94	-2.02241
52	70	2.02215
34	66	2.02156
54	86	2.02155
60	78	-2.02154
12	34	2.02129
40	92	2.02107
48	96	-2.02044
0	90	2.02041
0	16	-2.02006
8	74	2.02005
42	68	2.01993
66	90	2.01974
66	76	-2.01859
30	90	2.01834
8	52	2.01832
0	26	-2.01809
18	28	-2.01804
20	38	2.0176
74	90	2.01758
48	50	-2.01705
22	38	-2.01677
34	82	-2.01661
64	84	2.0166
34	52	2.01659
34	40	-2.01654
36	96	2.01552
28	54	-2.01531
2	42	-2.01517
14	88	-2.01516
40	72	-2.01485
16	30	-2.0148
34	74	2.01477
6	72	2.01427
38	80	-2.01359
36	58	2.01342
82	92	2.01339
18	64	2.01333
36	50	2.01325
46	54	-2.01324
38	46	-2.01295
24	36	-2.01294
8	40	-2.01262
86	88	2.01242
26	30	-2.01236
12	16	-2.01185
88	98	2.01148
8	82	-2.01107
54	64	2.01094
30	70	2.01075
18	24	2.01016
8	30	2.01015
26	66	-2.01011
12	90	2.0099
18	86	2.00986
32	60	-2.00977
10	38	-2.0095
30	34	2.00921
56	90	-2.00879
46	84	-2.00876
66	70	2.00846
68	94	2.00843
22	54	-2.00839
72	82	-2.0081
16	82	2.00801
42	50	2.00761
16	74	-2.00757
14	18	-2.00739
16	66	-2.00731
6	34	2.00717
4	18	-2.00679
48	68	-2.00673
56	70	-2.00647
70	74	2.00637
18	96	-2.00627
16	40	2.00603
28	88	-2.00547
2	94	-2.00538
0	76	-2.00513
22	84	-2.00393
0	8	2.00357
50	94	2.00354
20	54	2.00346
6	8	2.00317
60	72	-2.003
18	44	-2.00247
18	62	-2.00199
36	68	2.00193
12	70	2.00177
0	34	2.00162
30	76	-2.00159
16	52	-2.00078
58	94	2.0006
18	98	2.00045
20	84	2.0004
60	92	2.00015
