id label data 
0 1 1.3748641296522788 0.4785397103478509 
1 1 1.4381789326537036 1.1352166641157078 
2 -1 0.8662915905680656 0.15425109953708482 
3 1 1.064011577328517 0.8514753915025882 
4 -1 0.4234977924076181 0.22480265260903173 
5 -1 0.9308695708269112 0.6810562554174351 
6 1 1.439786318308708 0.6952835454225426 
7 1 0.6768945114002232 1.1370580145121858 
8 1 0.8372107481017602 0.881887806619873 
9 -1 0.40578866486399207 1.1342357283167732 
10 1 1.390075743134627 0.5837289239456659 
11 1 0.7337057579299324 1.147715028763766 
12 -1 0.8702915699872554 1.071037502940879 
13 1 1.3989607032030795 0.44857616967088193 
14 1 0.8129553033865734 1.0454505198378299 
15 -1 1.0367244327811798 1.2378355732658721 
16 -1 0.2060167202523948 0.4888815725523604 
17 1 0.9829114848793132 1.1263176251592861 
18 -1 0.20602264856314234 0.8656017051568802 
19 1 0.581833431675413 1.014066377580982 
20 -1 0.5152139110384756 0.7054071202921062 
21 1 1.0686142712544833 0.8373867516253872 
22 1 1.2265621746073458 0.955782819875148 
23 -1 0.37809355241887227 0.875553775589978 
24 1 0.7360212833035961 1.2520827028023238 
25 1 1.4527514886099657 0.9043080628906377 
26 -1 0.8115119291952887 0.17075840882209445 
27 -1 0.2810548927796306 0.5814834675413634 
28 -1 0.5462183574259084 0.15299446792846377 
29 1 1.115424565365031 0.7254470960403478 
30 1 0.8350324377285196 1.3621787163158743 
31 -1 0.4051793546875783 0.37138726827429996 
32 -1 0.735467799874647 0.3295706031370253 
33 1 1.1865657131619136 0.5024985615604418 
34 -1 0.13433839525611696 0.5286361882341123 
35 1 0.804466557355885 1.144606712917705 
36 1 0.7846844010926701 0.5826929270893643 
37 -1 0.7721067551355361 0.17181705385374227 
38 1 0.6075676990401365 0.8759584001863565 
39 -1 0.10842890956600969 0.6951357637068155 
40 1 1.043891412487616 0.5794188136190356 
41 -1 0.552271632333746 0.1811656369537374 
42 1 0.5307058439068645 1.2733607287565762 
43 1 1.2508743239425713 1.1676627990820165 
44 -1 0.9430515947064305 0.3315307218334037 
45 1 0.44004773183694673 1.3531517097042294 
46 1 1.5052097065515753 1.2022549443512458 
47 1 0.744174961120379 1.1107744177195835 
48 -1 0.16681675792185663 0.9791121746936149 
49 1 1.3045095657109076 0.9386002310515387 
50 -1 0.31716835227391554 1.2329075521209147 
51 1 0.7756509010975158 0.7941914660098992 
52 1 0.7930513879262804 1.2282780366058048 
53 1 1.2391083762213604 0.9069607620184879 
54 1 1.371086115890415 0.8759270500117834 
55 -1 0.3020490734301392 0.6539795781982262 
56 -1 1.004126771441499 0.962328742094954 
57 -1 0.544374922940851 0.5964526762697161 
58 -1 0.5880846340537756 0.6192803444206915 
59 -1 0.2505067816060749 0.10899498513414178 
60 -1 0.3784859839513743 0.07104671654841219 
61 -1 0.9342337579401538 0.47575513706176675 
62 -1 0.5397269122946382 0.13245501602953133 
63 -1 0.9651302755822487 0.37846645984665006 
64 -1 0.1933774337363389 0.6904027468273085 
65 -1 0.7815145891656963 0.7593978798012875 
66 1 1.3917345290008856 0.8640067451217269 
67 1 1.215574578723545 0.6144953780447135 
68 -1 0.6601013002313971 0.8342899151840323 
69 -1 0.43077082092540797 0.20843851367615646 
70 1 0.5005609905502647 0.6575648296390109 
71 -1 0.3077837617860584 1.0326404128161808 
72 -1 0.1267482638678032 0.963763593098434 
73 -1 0.15758705243276952 1.1393362727872978 
74 -1 0.5970751147361223 0.9577550098129001 
75 1 1.3875887791725925 1.063327605988828 
76 -1 0.9041557650205982 0.1932410428398852 
77 -1 1.0519387248154453 0.45013402495908483 
78 -1 0.22157524249759988 0.44027137428088836 
79 -1 0.3023774496468467 1.3376076947917461 
80 1 1.1086789324386208 0.9623800690522899 
81 1 0.8759238138834676 1.1576092397667221 
82 -1 0.5469457339859403 0.9402410326164059 
83 1 1.5629421161324482 0.3597570217754503 
84 1 1.2321995618192088 0.6809779012257722 
85 -1 0.7949900054912475 0.1754780949912437 
86 -1 0.20043125668393447 1.1818536801542987 
87 1 0.6124779986056984 0.8458181872809044 
88 1 0.9575845155264711 0.7206758584477699 
89 1 0.9275809387860542 1.0348448222032534 
90 -1 1.097216668887805 0.23943597234941613 
91 -1 0.692603192531754 0.09859482736211538 
92 -1 0.3130473874868583 0.5604053109911816 
93 -1 0.21768123578166082 1.0302527191947681 
94 1 1.0980631891171966 1.0588076359794958 
95 -1 0.5978437923070399 0.589290429431597 
96 -1 0.2975478405403179 1.123455608452635 
97 1 1.1359540501109786 0.9673709434535441 
98 -1 0.636512961604183 0.4583409364736309 
99 -1 0.4050134143719578 0.7478813747610408 
100 -1 0.4633492843818175 0.9156799462657121 
101 1 1.1989796928067018 0.8383852087065162 
102 -1 0.4387007851432947 0.12081853450886502 
103 1 0.8592652345694347 0.6577271982135716 
104 1 0.9479407282943565 0.8714781474361369 
105 -1 0.34195056485598174 0.49580864450050194 
106 1 1.5335774992186082 0.6195747616526943 
107 -1 1.1211680326322617 0.7843980676827992 
108 1 0.6170327125192379 1.2167456668642376 
109 1 1.0724058772688625 1.1390356565099837 
110 1 1.2959504533408097 0.6050229865653434 
111 -1 0.6794247630890214 0.5726232129075169 
112 1 0.8585500004965194 1.0041734273353955 
113 1 0.9870099804823834 1.1474575627368142 
114 1 0.5990256423660597 0.9760301493598754 
115 1 0.983604316326567 0.47554466534542283 
116 1 0.9281409010049905 1.2109290818971685 
117 1 0.9790953508922429 0.4670948822795677 
118 1 0.8293695941196655 0.9189988650212824 
119 -1 0.47801662483241436 0.5905316510160492 
120 1 1.118809023660665 1.470499418138188 
121 -1 1.3582843773594129 0.7474333548662316 
122 1 1.4517380535016888 0.6810349688852282 
123 -1 0.5352000972870203 0.9641315364635373 
124 1 0.8763551694639828 0.9901526758456927 
125 1 0.502834048056663 0.8977385809873064 
126 -1 0.7412266158438117 0.09691866759259461 
127 -1 0.3292563284223965 0.8913900598606896 
128 -1 0.5367938308275242 0.07682049511779634 
129 -1 0.5779863488117154 0.6203917660409353 
130 1 1.1347580711131624 0.6719712883500734 
131 -1 0.6168247700305702 0.8889167704424668 
132 -1 0.5487720743463355 0.515749859949002 
133 1 0.7200921231138822 1.2818059253701468 
134 -1 0.499636338869613 0.6145214094858851 
135 1 0.950595650384522 0.8852185547642144 
136 -1 0.2708504373553485 0.3960005699103415 
137 -1 0.33026815193076187 0.7556581906071783 
138 1 1.0489785288700468 0.7797055562499694 
139 -1 0.4649423942275955 0.6945219542362178 
140 -1 0.6259230718227342 0.47707725109419696 
141 1 0.673398872553888 1.1660222116842616 
142 -1 0.10642810657823326 0.7548127388407956 
143 1 1.2116738583138382 1.2228460091542173 
144 -1 0.03389284549815611 1.0274819593175981 
145 1 1.066476338351442 1.1930030577971227 
146 1 1.0488428192066848 0.6506635118697691 
147 -1 0.6634494902527412 0.6458487676579568 
148 -1 0.42666924234013653 0.3711820640062208 
149 1 0.6966287210996703 1.1441029684040547 
150 -1 0.9645927250440964 0.3165698763402966 
151 1 1.2741382400718417 1.224635675708362 
152 -1 1.0746103493037553 0.5977019499545643 
153 1 1.437396293265327 1.1101473381492877 
154 1 1.1390617606743398 1.1151835132045684 
155 -1 0.41813034207034366 0.22795623932008793 
156 -1 0.2587150321498466 0.7425235868215628 
157 1 0.7584927149916235 1.3944251321780412 
158 1 0.3668682831087729 1.0840297756627344 
159 1 1.4338148429754116 0.6518024541409673 
160 1 1.4474846110856388 1.0250802479110297 
161 1 0.7580308934953427 1.2397591653917044 
162 1 0.7823705899601345 0.7219576214249094 
163 -1 0.4756037647160587 1.0340536354402246 
164 -1 1.2849313223170478 0.4437990259048941 
165 1 1.1766969625955854 0.7980472652233995 
166 -1 0.7968939871840311 0.36172606298720833 
167 -1 0.25316921560650246 1.0592041529353287 
168 1 1.3163417498200165 0.9725149265442624 
169 -1 0.6648601875211828 0.0 
170 1 0.782290634434747 0.8148056093746265 
171 1 1.0974498747347192 0.5438635232642494 
172 1 1.0495176175480718 0.7924976640307579 
173 -1 0.36574329362419117 0.5197981638289867 
174 1 1.125536499137225 1.1254479328289044 
175 1 1.0627727462861223 0.5533298841248617 
176 -1 0.5916963613734243 0.9246599340624776 
177 -1 1.0634480532867343 0.7494695549425762 
178 1 1.2197927363814969 0.5411159201184146 
179 -1 0.04790009871917259 1.1052676360471816 
180 -1 0.27348807078037185 1.1717498911304873 
181 1 1.5602884603774143 0.8587420991158138 
182 1 0.6273639351899707 1.5528389492446597 
183 1 1.0484889191811446 0.7671636989079393 
184 1 1.0089000146648095 1.3492560903526298 
185 1 0.8678403189046834 1.2188752571683847 
186 1 1.3111968863025443 0.5780115959096732 
187 1 0.8163352744677678 0.9448552880859348 
188 -1 0.1989494855782372 0.2271319463831503 
189 -1 0.1534182715727587 0.7984879980948482 
190 -1 0.23660697313318133 1.2398719237749614 
191 -1 0.7367683818238656 0.5925386425785346 
192 -1 0.6612948291039844 0.5460148236788109 
193 1 1.1042124928937052 0.3582602028904188 
194 1 1.0446356578369689 0.7390113885262829 
195 -1 0.9719061898830469 0.13342093708664285 
196 1 1.4578391041546859 0.9555496998739617 
197 1 1.1843310841770993 0.5209085312072748 
198 -1 0.4232027534505636 0.773665993975239 
199 -1 0.8521658888766116 0.2237223128871232 
200 -1 0.2724462691194627 0.827528637812408 
201 -1 0.4361565887545404 0.5821014752900852 
202 1 0.8435688422691385 0.7919353519789144 
203 -1 0.2713303063314271 1.0923824034272067 
204 1 1.2121221287542847 0.6282342195847752 
205 1 1.382668707471698 0.7188823002627402 
206 -1 0.28744739686495513 1.092135284410854 
207 -1 0.11430611136372405 0.8803111205934714 
208 -1 0.42506594612220555 0.7567995788723487 
209 -1 0.18328791968029504 0.5042754912995931 
210 -1 0.15879750028664527 0.69088748208371 
211 -1 0.4021034138866857 0.14148526928436508 
212 1 0.8122419250812306 0.9252074565479234 
213 -1 0.6755202085412012 0.05072795278479157 
214 -1 0.6632345864621245 0.9379811997890789 
215 -1 0.5818850938501032 0.16291918221767604 
216 1 0.8997274126041575 0.885644999411864 
217 1 0.6135423367083016 1.2845974743227633 
218 -1 0.6819529777320456 0.8374878385121388 
219 -1 0.9182036868606077 0.8371615674071771 
220 1 1.017144876928135 0.6157425224830517 
221 -1 0.3632289796506747 1.0201949530233652 
222 1 1.277765434048773 0.8151923829342491 
223 1 0.5146067741477052 1.0193233144943745 
224 1 1.3988667247870101 0.5396098533797785 
225 1 0.8196425791692399 0.8499700506037852 
226 1 1.021015208474228 0.9387401749670696 
227 1 1.1647783157812026 0.7245221336678678 
228 1 1.288780881527704 1.0353106852002494 
229 1 1.3114397116779637 0.9980357344293569 
230 -1 1.3662431243444146 0.8196857282659044 
231 -1 0.3521523486724478 1.1994418067155148 
232 1 0.7948595584198955 0.8583266569488446 
233 -1 0.14088994428618665 0.9091263637532371 
234 -1 0.17919253242355845 0.6406477870848241 
235 1 1.5707963267948966 0.9547491267204692 
236 -1 0.7349442817018372 0.03895973605139999 
237 1 1.1994207842093205 0.5866636138881404 
238 1 0.7038675404739958 1.2059489227788416 
239 -1 0.19026204020977852 0.9689424399749608 
240 1 1.516934122293282 0.8496655246987933 
241 -1 0.12658400634359854 0.8106452989052955 
242 -1 0.503628640755908 0.6605455233727556 
243 -1 0.5024206199624397 0.29451910614567994 
244 -1 0.5669919000045303 0.26439608639549234 
245 -1 0.3480643485079436 1.1784936784306037 
246 -1 0.11551508621132524 1.3846651308944429 
247 -1 0.2569855450217753 0.48919681189417225 
248 -1 0.118729435651364 1.1936741262418924 
249 1 1.3880192267422908 0.3344789691449185 
