id label data 
0 1 1.3748641296522788 0.4785397103478509 
1 1 1.4381789326537036 1.1352166641157078 
2 1 0.6768945114002232 1.1370580145121858 
3 -1 0.2060167202523948 0.4888815725523604 
4 -1 0.5152139110384756 0.7054071202921062 
5 -1 0.5462183574259084 0.15299446792846377 
6 1 0.6075676990401365 0.8759584001863565 
7 1 0.7930513879262804 1.2282780366058048 
8 -1 0.7815145891656963 0.7593978798012875 
9 -1 0.43077082092540797 0.20843851367615646 
10 -1 0.22157524249759988 0.44027137428088836 
11 -1 0.20043125668393447 1.1818536801542987 
12 -1 1.097216668887805 0.23943597234941613 
13 -1 0.692603192531754 0.09859482736211538 
14 -1 0.3130473874868583 0.5604053109911816 
15 1 1.0980631891171966 1.0588076359794958 
16 -1 0.5978437923070399 0.589290429431597 
17 -1 0.4387007851432947 0.12081853450886502 
18 1 0.5990256423660597 0.9760301493598754 
19 1 0.8293695941196655 0.9189988650212824 
20 -1 0.7412266158438117 0.09691866759259461 
21 1 1.0488428192066848 0.6506635118697691 
22 -1 0.9645927250440964 0.3165698763402966 
23 1 1.437396293265327 1.1101473381492877 
24 1 1.1390617606743398 1.1151835132045684 
25 -1 0.2587150321498466 0.7425235868215628 
26 -1 0.4756037647160587 1.0340536354402246 
27 -1 0.6648601875211828 0.0 
28 1 1.2197927363814969 0.5411159201184146 
29 -1 0.04790009871917259 1.1052676360471816 
30 1 1.0484889191811446 0.7671636989079393 
31 1 0.8678403189046834 1.2188752571683847 
32 -1 0.7367683818238656 0.5925386425785346 
33 -1 0.2724462691194627 0.827528637812408 
34 1 1.382668707471698 0.7188823002627402 
35 1 0.8122419250812306 0.9252074565479234 
36 -1 0.6755202085412012 0.05072795278479157 
37 1 0.8997274126041575 0.885644999411864 
38 -1 0.9182036868606077 0.8371615674071771 
39 1 1.277765434048773 0.8151923829342491 
40 1 0.5146067741477052 1.0193233144943745 
41 1 0.8196425791692399 0.8499700506037852 
42 1 1.288780881527704 1.0353106852002494 
43 1 1.3114397116779637 0.9980357344293569 
44 -1 0.3521523486724478 1.1994418067155148 
45 1 0.7948595584198955 0.8583266569488446 
46 -1 0.12658400634359854 0.8106452989052955 
47 -1 0.503628640755908 0.6605455233727556 
48 -1 0.5024206199624397 0.29451910614567994 
49 -1 0.3480643485079436 1.1784936784306037 
