id label data 
0 -1 0.8662915905680656 0.15425109953708482 
1 -1 0.9308695708269112 0.6810562554174351 
2 1 0.8372107481017602 0.881887806619873 
3 1 1.2855679764318544 0.5986708476237881 
4 -1 1.1033028099403237 0.7810472062728436 
5 -1 0.19312929765750453 0.68348572662452 
6 1 0.7360212833035961 1.2520827028023238 
7 1 0.6075676990401365 0.8759584001863565 
8 -1 0.9430515947064305 0.3315307218334037 
9 1 0.744174961120379 1.1107744177195835 
10 1 1.371086115890415 0.8759270500117834 
11 -1 0.9342337579401538 0.47575513706176675 
12 -1 0.5397269122946382 0.13245501602953133 
13 -1 0.1933774337363389 0.6904027468273085 
14 1 0.5005609905502647 0.6575648296390109 
15 -1 0.15758705243276952 1.1393362727872978 
16 -1 0.22157524249759988 0.44027137428088836 
17 -1 0.20043125668393447 1.1818536801542987 
18 -1 0.2975478405403179 1.123455608452635 
19 -1 1.1211680326322617 0.7843980676827992 
20 -1 0.4528707946088132 0.36413598522687646 
21 1 0.5862402426453761 1.4779393741834108 
22 1 0.983604316326567 0.47554466534542283 
23 1 1.4517380535016888 0.6810349688852282 
24 -1 0.3292563284223965 0.8913900598606896 
25 -1 0.05189160544016783 1.0736460874482814 
26 1 1.1347580711131624 0.6719712883500734 
27 1 1.108847622543278 0.48366463023137213 
28 1 0.7200921231138822 1.2818059253701468 
29 1 0.950595650384522 0.8852185547642144 
30 -1 0.4224228158032085 1.1892337704627531 
31 -1 0.9645927250440964 0.3165698763402966 
32 1 0.7584927149916235 1.3944251321780412 
33 1 0.7580308934953427 1.2397591653917044 
34 -1 1.2849313223170478 0.4437990259048941 
35 -1 0.5794136915703032 1.156565411730764 
36 1 1.1766969625955854 0.7980472652233995 
37 -1 0.6165079918863909 0.0009072225113010423 
38 -1 0.36574329362419117 0.5197981638289867 
39 -1 0.27348807078037185 1.1717498911304873 
40 -1 0.1534182715727587 0.7984879980948482 
41 -1 0.4361565887545404 0.5821014752900852 
42 1 0.8122419250812306 0.9252074565479234 
43 -1 0.6819529777320456 0.8374878385121388 
44 1 1.017144876928135 0.6157425224830517 
45 1 0.5146067741477052 1.0193233144943745 
46 1 0.512538223593279 0.9215079344461095 
47 1 1.1647783157812026 0.7245221336678678 
48 -1 0.3521523486724478 1.1994418067155148 
49 -1 0.11551508621132524 1.3846651308944429 
