id label data 
0 1 1.064011577328517 0.8514753915025882 
1 1 0.6118698477978028 0.9656497837755783 
2 1 0.7337057579299324 1.147715028763766 
3 1 1.3989607032030795 0.44857616967088193 
4 -1 0.2060167202523948 0.4888815725523604 
5 1 1.445963984576977 0.7186570550024824 
6 1 1.0686142712544833 0.8373867516253872 
7 1 1.2265621746073458 0.955782819875148 
8 1 1.4527514886099657 0.9043080628906377 
9 -1 0.735467799874647 0.3295706031370253 
10 1 1.5052097065515753 1.2022549443512458 
11 -1 0.31716835227391554 1.2329075521209147 
12 1 0.7756509010975158 0.7941914660098992 
13 -1 0.3020490734301392 0.6539795781982262 
14 1 1.1568801686284502 0.870165194329505 
15 -1 0.5397269122946382 0.13245501602953133 
16 -1 0.1933774337363389 0.6904027468273085 
17 1 0.5005609905502647 0.6575648296390109 
18 -1 0.5469457339859403 0.9402410326164059 
19 -1 0.692603192531754 0.09859482736211538 
20 -1 0.21768123578166082 1.0302527191947681 
21 1 1.0980631891171966 1.0588076359794958 
22 -1 1.1211680326322617 0.7843980676827992 
23 -1 0.4528707946088132 0.36413598522687646 
24 1 0.9281409010049905 1.2109290818971685 
25 1 0.502834048056663 0.8977385809873064 
26 1 0.9557495387144995 1.2426858246772934 
27 -1 0.9533231897127843 0.20659230324083527 
28 1 0.7718364522268216 1.1026027260311047 
29 -1 0.5487720743463355 0.515749859949002 
30 -1 0.4224228158032085 1.1892337704627531 
31 -1 0.2708504373553485 0.3960005699103415 
32 -1 0.6259230718227342 0.47707725109419696 
33 -1 0.03389284549815611 1.0274819593175981 
34 -1 1.2849313223170478 0.4437990259048941 
35 -1 0.32543047601849895 1.0906858755032425 
36 -1 0.6165079918863909 0.0009072225113010423 
37 -1 1.0634480532867343 0.7494695549425762 
38 1 0.6273639351899707 1.5528389492446597 
39 -1 0.39216956857423 1.1156896353990668 
40 -1 0.4361565887545404 0.5821014752900852 
41 1 1.2121221287542847 0.6282342195847752 
42 1 1.382668707471698 0.7188823002627402 
43 1 0.6135423367083016 1.2845974743227633 
44 1 0.5146067741477052 1.0193233144943745 
45 -1 0.4334404090862941 0.9706358804148544 
46 1 0.7948595584198955 0.8583266569488446 
47 -1 0.14088994428618665 0.9091263637532371 
48 -1 0.19026204020977852 0.9689424399749608 
49 -1 0.503628640755908 0.6605455233727556 
