id label data 
0 1 1.064011577328517 0.8514753915025882 
1 -1 0.1471612834650327 0.6586675269533543 
2 -1 0.8702915699872554 1.071037502940879 
3 -1 0.19312929765750453 0.68348572662452 
4 1 1.445963984576977 0.7186570550024824 
5 1 1.2265621746073458 0.955782819875148 
6 1 1.115424565365031 0.7254470960403478 
7 -1 0.735467799874647 0.3295706031370253 
8 -1 0.13433839525611696 0.5286361882341123 
9 1 0.804466557355885 1.144606712917705 
10 1 0.6075676990401365 0.8759584001863565 
11 1 0.5307058439068645 1.2733607287565762 
12 1 0.744174961120379 1.1107744177195835 
13 -1 0.16681675792185663 0.9791121746936149 
14 -1 0.2561968169878331 0.5543783564297466 
15 -1 0.3630783986147846 0.32535953645262616 
16 -1 0.5880846340537756 0.6192803444206915 
17 -1 0.3784859839513743 0.07104671654841219 
18 -1 0.9342337579401538 0.47575513706176675 
19 -1 0.1933774337363389 0.6904027468273085 
20 1 1.3917345290008856 0.8640067451217269 
21 -1 0.43077082092540797 0.20843851367615646 
22 1 0.6124779986056984 0.8458181872809044 
23 -1 1.097216668887805 0.23943597234941613 
24 1 0.9479407282943565 0.8714781474361369 
25 1 0.5862402426453761 1.4779393741834108 
26 1 0.502834048056663 0.8977385809873064 
27 -1 0.3292563284223965 0.8913900598606896 
28 -1 0.5779863488117154 0.6203917660409353 
29 -1 0.9533231897127843 0.20659230324083527 
30 1 0.7718364522268216 1.1026027260311047 
31 1 0.7200921231138822 1.2818059253701468 
32 -1 0.03389284549815611 1.0274819593175981 
33 1 0.6966287210996703 1.1441029684040547 
34 1 0.7584927149916235 1.3944251321780412 
35 1 0.7580308934953427 1.2397591653917044 
36 -1 0.4756037647160587 1.0340536354402246 
37 -1 1.2849313223170478 0.4437990259048941 
38 -1 0.36574329362419117 0.5197981638289867 
39 1 1.0484889191811446 0.7671636989079393 
40 -1 0.1989494855782372 0.2271319463831503 
41 -1 0.2724462691194627 0.827528637812408 
42 1 0.7872701912607837 1.006510730245694 
43 -1 0.6819529777320456 0.8374878385121388 
44 1 0.8196425791692399 0.8499700506037852 
45 1 0.8474361637450374 1.2080307283406337 
46 1 1.1351600703313647 1.477881094676697 
47 -1 0.12658400634359854 0.8106452989052955 
48 -1 0.5024206199624397 0.29451910614567994 
49 1 0.20471554077163384 1.2279606684927966 
