id label data 
0 1 1.3989607032030795 0.44857616967088193 
1 1 0.8129553033865734 1.0454505198378299 
2 -1 1.0367244327811798 1.2378355732658721 
3 1 0.581833431675413 1.014066377580982 
4 -1 0.8115119291952887 0.17075840882209445 
5 -1 0.4051793546875783 0.37138726827429996 
6 -1 0.735467799874647 0.3295706031370253 
7 1 0.44004773183694673 1.3531517097042294 
8 1 1.5052097065515753 1.2022549443512458 
9 1 1.3045095657109076 0.9386002310515387 
10 -1 0.31716835227391554 1.2329075521209147 
11 1 0.7756509010975158 0.7941914660098992 
12 1 1.2391083762213604 0.9069607620184879 
13 -1 1.004126771441499 0.962328742094954 
14 -1 0.5880846340537756 0.6192803444206915 
15 -1 0.9651302755822487 0.37846645984665006 
16 -1 0.6601013002313971 0.8342899151840323 
17 -1 0.1267482638678032 0.963763593098434 
18 -1 0.15758705243276952 1.1393362727872978 
19 1 1.5629421161324482 0.3597570217754503 
20 -1 0.34195056485598174 0.49580864450050194 
21 -1 1.1211680326322617 0.7843980676827992 
22 1 1.0724058772688625 1.1390356565099837 
23 1 0.9281409010049905 1.2109290818971685 
24 1 0.9790953508922429 0.4670948822795677 
25 1 1.4517380535016888 0.6810349688852282 
26 1 0.502834048056663 0.8977385809873064 
27 -1 0.3292563284223965 0.8913900598606896 
28 -1 0.5367938308275242 0.07682049511779634 
29 -1 0.6168247700305702 0.8889167704424668 
30 1 0.950595650384522 0.8852185547642144 
31 -1 1.2849313223170478 0.4437990259048941 
32 1 1.1766969625955854 0.7980472652233995 
33 -1 0.7968939871840311 0.36172606298720833 
34 1 1.0974498747347192 0.5438635232642494 
35 -1 0.36574329362419117 0.5197981638289867 
36 1 1.0627727462861223 0.5533298841248617 
37 1 0.6273639351899707 1.5528389492446597 
38 1 1.0089000146648095 1.3492560903526298 
39 1 0.8163352744677678 0.9448552880859348 
40 -1 0.1534182715727587 0.7984879980948482 
41 1 1.1042124928937052 0.3582602028904188 
42 -1 0.9719061898830469 0.13342093708664285 
43 -1 0.4232027534505636 0.773665993975239 
44 1 1.2121221287542847 0.6282342195847752 
45 -1 0.28744739686495513 1.092135284410854 
46 1 0.6135423367083016 1.2845974743227633 
47 1 1.3988667247870101 0.5396098533797785 
48 -1 1.3662431243444146 0.8196857282659044 
49 1 1.3880192267422908 0.3344789691449185 
