id label data 
0 -1 0.4234977924076181 0.22480265260903173 
1 1 1.439786318308708 0.6952835454225426 
2 1 0.6768945114002232 1.1370580145121858 
3 1 1.390075743134627 0.5837289239456659 
4 -1 0.8702915699872554 1.071037502940879 
5 1 0.9829114848793132 1.1263176251592861 
6 -1 0.8115119291952887 0.17075840882209445 
7 -1 0.7721067551355361 0.17181705385374227 
8 -1 0.9430515947064305 0.3315307218334037 
9 1 0.44004773183694673 1.3531517097042294 
10 -1 0.2561968169878331 0.5543783564297466 
11 -1 0.3630783986147846 0.32535953645262616 
12 -1 0.9342337579401538 0.47575513706176675 
13 -1 0.6601013002313971 0.8342899151840323 
14 1 1.3875887791725925 1.063327605988828 
15 -1 0.9041557650205982 0.1932410428398852 
16 -1 0.22157524249759988 0.44027137428088836 
17 1 0.9275809387860542 1.0348448222032534 
18 -1 0.3130473874868583 0.5604053109911816 
19 -1 0.4050134143719578 0.7478813747610408 
20 1 0.9479407282943565 0.8714781474361369 
21 1 1.5335774992186082 0.6195747616526943 
22 1 1.0724058772688625 1.1390356565099837 
23 1 0.983604316326567 0.47554466534542283 
24 1 0.8293695941196655 0.9189988650212824 
25 -1 0.5367938308275242 0.07682049511779634 
26 -1 0.499636338869613 0.6145214094858851 
27 1 1.066476338351442 1.1930030577971227 
28 1 0.7092287430217409 1.1531149896446162 
29 1 1.2741382400718417 1.224635675708362 
30 -1 0.41813034207034366 0.22795623932008793 
31 1 0.7584927149916235 1.3944251321780412 
32 1 1.4474846110856388 1.0250802479110297 
33 -1 0.6648601875211828 0.0 
34 1 1.0974498747347192 0.5438635232642494 
35 1 1.5602884603774143 0.8587420991158138 
36 1 1.0484889191811446 0.7671636989079393 
37 1 0.706166968226222 1.2852423165841131 
38 1 1.0089000146648095 1.3492560903526298 
39 1 0.8163352744677678 0.9448552880859348 
40 -1 0.1989494855782372 0.2271319463831503 
41 -1 0.7367683818238656 0.5925386425785346 
42 -1 0.6612948291039844 0.5460148236788109 
43 -1 0.9719061898830469 0.13342093708664285 
44 -1 0.2713303063314271 1.0923824034272067 
45 1 0.8196425791692399 0.8499700506037852 
46 1 1.1994207842093205 0.5866636138881404 
47 -1 0.12658400634359854 0.8106452989052955 
48 -1 0.11551508621132524 1.3846651308944429 
49 1 1.3880192267422908 0.3344789691449185 
