id label data 
0 -1 0.8662915905680656 0.15425109953708482 
1 -1 0.4234977924076181 0.22480265260903173 
2 -1 0.9308695708269112 0.6810562554174351 
3 1 0.8372107481017602 0.881887806619873 
4 1 1.390075743134627 0.5837289239456659 
5 -1 0.20602264856314234 0.8656017051568802 
6 1 1.115424565365031 0.7254470960403478 
7 -1 0.13433839525611696 0.5286361882341123 
8 1 0.7846844010926701 0.5826929270893643 
9 -1 0.7721067551355361 0.17181705385374227 
10 1 1.043891412487616 0.5794188136190356 
11 1 0.744174961120379 1.1107744177195835 
12 -1 0.3020490734301392 0.6539795781982262 
13 -1 0.544374922940851 0.5964526762697161 
14 1 1.3917345290008856 0.8640067451217269 
15 -1 0.9041557650205982 0.1932410428398852 
16 -1 0.3023774496468467 1.3376076947917461 
17 1 0.6124779986056984 0.8458181872809044 
18 1 0.9275809387860542 1.0348448222032534 
19 -1 0.636512961604183 0.4583409364736309 
20 -1 0.4633492843818175 0.9156799462657121 
21 1 1.1989796928067018 0.8383852087065162 
22 1 0.9479407282943565 0.8714781474361369 
23 1 0.9870099804823834 1.1474575627368142 
24 1 1.118809023660665 1.470499418138188 
25 -1 1.3582843773594129 0.7474333548662316 
26 1 0.8763551694639828 0.9901526758456927 
27 -1 0.5779863488117154 0.6203917660409353 
28 -1 0.499636338869613 0.6145214094858851 
29 1 1.0489785288700468 0.7797055562499694 
30 -1 0.4649423942275955 0.6945219542362178 
31 1 0.673398872553888 1.1660222116842616 
32 -1 0.6634494902527412 0.6458487676579568 
33 -1 0.42666924234013653 0.3711820640062208 
34 1 0.6966287210996703 1.1441029684040547 
35 -1 0.41813034207034366 0.22795623932008793 
36 1 0.3668682831087729 1.0840297756627344 
37 1 1.4474846110856388 1.0250802479110297 
38 1 1.3163417498200165 0.9725149265442624 
39 1 1.5602884603774143 0.8587420991158138 
40 1 1.3111968863025443 0.5780115959096732 
41 -1 0.6612948291039844 0.5460148236788109 
42 -1 0.8521658888766116 0.2237223128871232 
43 -1 0.42506594612220555 0.7567995788723487 
44 1 1.1647783157812026 0.7245221336678678 
45 -1 0.17919253242355845 0.6406477870848241 
46 -1 0.7349442817018372 0.03895973605139999 
47 1 1.1994207842093205 0.5866636138881404 
48 -1 0.2569855450217753 0.48919681189417225 
49 -1 0.118729435651364 1.1936741262418924 
