id label data 
0 1 0.7337057579299324 1.147715028763766 
1 -1 0.5462183574259084 0.15299446792846377 
2 -1 0.7721067551355361 0.17181705385374227 
3 -1 1.0029111360002019 0.17787479380470642 
4 1 1.5052097065515753 1.2022549443512458 
5 -1 0.31716835227391554 1.2329075521209147 
6 1 0.7756509010975158 0.7941914660098992 
7 -1 0.6601013002313971 0.8342899151840323 
8 -1 0.43077082092540797 0.20843851367615646 
9 -1 0.3077837617860584 1.0326404128161808 
10 1 1.1086789324386208 0.9623800690522899 
11 -1 0.5469457339859403 0.9402410326164059 
12 1 1.5629421161324482 0.3597570217754503 
13 1 1.2321995618192088 0.6809779012257722 
14 1 0.9275809387860542 1.0348448222032534 
15 1 1.1359540501109786 0.9673709434535441 
16 1 1.1989796928067018 0.8383852087065162 
17 1 1.5335774992186082 0.6195747616526943 
18 1 1.2959504533408097 0.6050229865653434 
19 -1 0.47801662483241436 0.5905316510160492 
20 -1 1.3582843773594129 0.7474333548662316 
21 1 0.8763551694639828 0.9901526758456927 
22 -1 0.7412266158438117 0.09691866759259461 
23 1 0.9156987703072348 1.2245049731946336 
24 -1 0.9533231897127843 0.20659230324083527 
25 1 0.673398872553888 1.1660222116842616 
26 -1 0.10642810657823326 0.7548127388407956 
27 1 1.0488428192066848 0.6506635118697691 
28 -1 0.42666924234013653 0.3711820640062208 
29 1 1.437396293265327 1.1101473381492877 
30 1 0.3668682831087729 1.0840297756627344 
31 1 1.4474846110856388 1.0250802479110297 
32 -1 0.32543047601849895 1.0906858755032425 
33 1 0.782290634434747 0.8148056093746265 
34 1 1.0627727462861223 0.5533298841248617 
35 -1 0.7812499502396626 0.10569445405746579 
36 -1 0.1989494855782372 0.2271319463831503 
37 -1 0.23660697313318133 1.2398719237749614 
38 -1 0.7367683818238656 0.5925386425785346 
39 1 1.4578391041546859 0.9555496998739617 
40 1 1.382668707471698 0.7188823002627402 
41 -1 0.5818850938501032 0.16291918221767604 
42 1 1.277765434048773 0.8151923829342491 
43 1 1.3988667247870101 0.5396098533797785 
44 1 0.8196425791692399 0.8499700506037852 
45 1 1.021015208474228 0.9387401749670696 
46 1 1.288780881527704 1.0353106852002494 
47 1 1.1994207842093205 0.5866636138881404 
48 -1 0.3480643485079436 1.1784936784306037 
49 1 0.20471554077163384 1.2279606684927966 
