id label data 
0 1 1.4381789326537036 1.1352166641157078 
1 -1 0.9308695708269112 0.6810562554174351 
2 -1 0.40578866486399207 1.1342357283167732 
3 -1 0.19312929765750453 0.68348572662452 
4 -1 0.2810548927796306 0.5814834675413634 
5 -1 0.13433839525611696 0.5286361882341123 
6 1 1.043891412487616 0.5794188136190356 
7 -1 0.552271632333746 0.1811656369537374 
8 1 0.744174961120379 1.1107744177195835 
9 1 1.371086115890415 0.8759270500117834 
10 -1 1.004126771441499 0.962328742094954 
11 -1 0.544374922940851 0.5964526762697161 
12 -1 0.7815145891656963 0.7593978798012875 
13 -1 0.43077082092540797 0.20843851367615646 
14 -1 0.3077837617860584 1.0326404128161808 
15 -1 0.6421009258267096 0.9939169675907565 
16 -1 1.0519387248154453 0.45013402495908483 
17 -1 0.20043125668393447 1.1818536801542987 
18 1 0.9575845155264711 0.7206758584477699 
19 -1 1.097216668887805 0.23943597234941613 
20 -1 0.4387007851432947 0.12081853450886502 
21 -1 0.7591742645871979 0.0025398498062234477 
22 1 0.8592652345694347 0.6577271982135716 
23 -1 0.6794247630890214 0.5726232129075169 
24 1 0.8585500004965194 1.0041734273353955 
25 -1 0.47801662483241436 0.5905316510160492 
26 1 1.118809023660665 1.470499418138188 
27 -1 1.3582843773594129 0.7474333548662316 
28 1 1.4517380535016888 0.6810349688852282 
29 -1 0.7412266158438117 0.09691866759259461 
30 1 1.0489785288700468 0.7797055562499694 
31 -1 0.4649423942275955 0.6945219542362178 
32 1 1.1994759265037376 0.8204769886070684 
33 1 1.437396293265327 1.1101473381492877 
34 1 0.7823705899601345 0.7219576214249094 
35 -1 0.25316921560650246 1.0592041529353287 
36 1 1.3163417498200165 0.9725149265442624 
37 1 0.782290634434747 0.8148056093746265 
38 -1 0.1534182715727587 0.7984879980948482 
39 1 1.4578391041546859 0.9555496998739617 
40 1 0.7872701912607837 1.006510730245694 
41 -1 0.4021034138866857 0.14148526928436508 
42 1 0.8122419250812306 0.9252074565479234 
43 1 0.8997274126041575 0.885644999411864 
44 1 1.277765434048773 0.8151923829342491 
45 1 1.3988667247870101 0.5396098533797785 
46 1 1.288780881527704 1.0353106852002494 
47 1 1.1351600703313647 1.477881094676697 
48 -1 0.118729435651364 1.1936741262418924 
49 1 0.20471554077163384 1.2279606684927966 
