id label data 
0 1 0.6768945114002232 1.1370580145121858 
1 -1 0.2060167202523948 0.4888815725523604 
2 1 1.445963984576977 0.7186570550024824 
3 1 1.4241160122587637 0.9861646833714102 
4 -1 0.37809355241887227 0.875553775589978 
5 1 1.4527514886099657 0.9043080628906377 
6 -1 0.2810548927796306 0.5814834675413634 
7 -1 0.735467799874647 0.3295706031370253 
8 1 1.1865657131619136 0.5024985615604418 
9 -1 0.10842890956600969 0.6951357637068155 
10 1 1.043891412487616 0.5794188136190356 
11 -1 0.20585159210460832 0.7197706658226609 
12 1 0.44004773183694673 1.3531517097042294 
13 1 1.2391083762213604 0.9069607620184879 
14 -1 0.3630783986147846 0.32535953645262616 
15 -1 0.544374922940851 0.5964526762697161 
16 1 1.3917345290008856 0.8640067451217269 
17 -1 0.3023774496468467 1.3376076947917461 
18 -1 0.7949900054912475 0.1754780949912437 
19 1 0.6124779986056984 0.8458181872809044 
20 -1 0.4050134143719578 0.7478813747610408 
21 -1 0.4633492843818175 0.9156799462657121 
22 1 0.8585500004965194 1.0041734273353955 
23 1 0.9905752825663673 0.7737998771913308 
24 1 0.9281409010049905 1.2109290818971685 
25 1 0.9790953508922429 0.4670948822795677 
26 1 0.502834048056663 0.8977385809873064 
27 1 0.9557495387144995 1.2426858246772934 
28 1 0.7718364522268216 1.1026027260311047 
29 1 1.0489785288700468 0.7797055562499694 
30 -1 0.6259230718227342 0.47707725109419696 
31 1 0.7092287430217409 1.1531149896446162 
32 1 1.1390617606743398 1.1151835132045684 
33 -1 0.41813034207034366 0.22795623932008793 
34 -1 0.7968939871840311 0.36172606298720833 
35 1 1.3163417498200165 0.9725149265442624 
36 -1 0.6648601875211828 0.0 
37 1 1.125536499137225 1.1254479328289044 
38 1 1.5602884603774143 0.8587420991158138 
39 1 1.0089000146648095 1.3492560903526298 
40 1 1.0129534371142355 0.5459111444948062 
41 -1 0.39216956857423 1.1156896353990668 
42 -1 0.42227705695679646 0.1517990503600473 
43 -1 0.6612948291039844 0.5460148236788109 
44 -1 0.9719061898830469 0.13342093708664285 
45 1 0.8435688422691385 0.7919353519789144 
46 -1 0.6755202085412012 0.05072795278479157 
47 -1 0.6632345864621245 0.9379811997890789 
48 1 0.8997274126041575 0.885644999411864 
49 1 1.1351600703313647 1.477881094676697 
