id label data 
0 1 1.4381789326537036 1.1352166641157078 
1 1 1.064011577328517 0.8514753915025882 
2 1 1.439786318308708 0.6952835454225426 
3 -1 0.8702915699872554 1.071037502940879 
4 1 0.9829114848793132 1.1263176251592861 
5 -1 0.20602264856314234 0.8656017051568802 
6 1 0.581833431675413 1.014066377580982 
7 1 1.2265621746073458 0.955782819875148 
8 1 1.115424565365031 0.7254470960403478 
9 1 0.804466557355885 1.144606712917705 
10 -1 0.552271632333746 0.1811656369537374 
11 1 0.5307058439068645 1.2733607287565762 
12 -1 0.2561968169878331 0.5543783564297466 
13 -1 1.004126771441499 0.962328742094954 
14 1 1.1568801686284502 0.870165194329505 
15 -1 0.2505067816060749 0.10899498513414178 
16 -1 0.9651302755822487 0.37846645984665006 
17 -1 0.1267482638678032 0.963763593098434 
18 -1 0.9639572151876132 0.35706808391994144 
19 -1 0.21768123578166082 1.0302527191947681 
20 -1 0.636512961604183 0.4583409364736309 
21 1 0.8592652345694347 0.6577271982135716 
22 1 1.0724058772688625 1.1390356565099837 
23 1 0.9870099804823834 1.1474575627368142 
24 1 0.5990256423660597 0.9760301493598754 
25 1 1.118809023660665 1.470499418138188 
26 -1 0.5352000972870203 0.9641315364635373 
27 -1 0.5779863488117154 0.6203917660409353 
28 -1 0.2551741314855227 0.3033447739473894 
29 -1 0.6634494902527412 0.6458487676579568 
30 1 0.7823705899601345 0.7219576214249094 
31 -1 0.25316921560650246 1.0592041529353287 
32 1 1.0495176175480718 0.7924976640307579 
33 -1 1.0634480532867343 0.7494695549425762 
34 1 1.2197927363814969 0.5411159201184146 
35 1 0.8678403189046834 1.2188752571683847 
36 -1 0.8559760960104329 0.7856651477086477 
37 1 1.1042124928937052 0.3582602028904188 
38 1 1.1843310841770993 0.5209085312072748 
39 -1 0.11430611136372405 0.8803111205934714 
40 -1 0.18328791968029504 0.5042754912995931 
41 -1 0.15879750028664527 0.69088748208371 
42 1 0.6135423367083016 1.2845974743227633 
43 -1 0.9182036868606077 0.8371615674071771 
44 -1 1.3662431243444146 0.8196857282659044 
45 1 0.8474361637450374 1.2080307283406337 
46 -1 0.14088994428618665 0.9091263637532371 
47 1 0.7038675404739958 1.2059489227788416 
48 1 1.516934122293282 0.8496655246987933 
49 -1 0.503628640755908 0.6605455233727556 
