id label data 
0 1 1.3748641296522788 0.4785397103478509 
1 -1 0.8662915905680656 0.15425109953708482 
2 1 1.2855679764318544 0.5986708476237881 
3 -1 0.1471612834650327 0.6586675269533543 
4 -1 1.0367244327811798 1.2378355732658721 
5 -1 0.5462183574259084 0.15299446792846377 
6 1 1.1865657131619136 0.5024985615604418 
7 1 0.804466557355885 1.144606712917705 
8 1 0.5307058439068645 1.2733607287565762 
9 1 1.2508743239425713 1.1676627990820165 
10 -1 0.16681675792185663 0.9791121746936149 
11 1 0.7930513879262804 1.2282780366058048 
12 1 1.215574578723545 0.6144953780447135 
13 -1 0.1267482638678032 0.963763593098434 
14 -1 0.3023774496468467 1.3376076947917461 
15 1 1.1086789324386208 0.9623800690522899 
16 1 0.8759238138834676 1.1576092397667221 
17 1 1.2321995618192088 0.6809779012257722 
18 -1 0.9639572151876132 0.35706808391994144 
19 -1 0.6851629507077559 0.17745206475575565 
20 -1 0.2975478405403179 1.123455608452635 
21 1 1.1359540501109786 0.9673709434535441 
22 -1 0.34195056485598174 0.49580864450050194 
23 1 1.2959504533408097 0.6050229865653434 
24 1 0.9790953508922429 0.4670948822795677 
25 -1 0.3292563284223965 0.8913900598606896 
26 1 1.1347580711131624 0.6719712883500734 
27 1 0.7200921231138822 1.2818059253701468 
28 -1 0.6634494902527412 0.6458487676579568 
29 -1 0.42666924234013653 0.3711820640062208 
30 1 1.1390617606743398 1.1151835132045684 
31 -1 0.5794136915703032 1.156565411730764 
32 1 1.1766969625955854 0.7980472652233995 
33 1 1.0495176175480718 0.7924976640307579 
34 -1 0.36574329362419117 0.5197981638289867 
35 1 1.2197927363814969 0.5411159201184146 
36 -1 0.04790009871917259 1.1052676360471816 
37 -1 0.27348807078037185 1.1717498911304873 
38 1 0.8678403189046834 1.2188752571683847 
39 -1 0.23660697313318133 1.2398719237749614 
40 -1 0.8559760960104329 0.7856651477086477 
41 1 1.1843310841770993 0.5209085312072748 
42 1 0.8435688422691385 0.7919353519789144 
43 -1 0.18328791968029504 0.5042754912995931 
44 -1 0.5818850938501032 0.16291918221767604 
45 -1 0.3632289796506747 1.0201949530233652 
46 1 1.3114397116779637 0.9980357344293569 
47 -1 0.5024206199624397 0.29451910614567994 
48 -1 0.3480643485079436 1.1784936784306037 
49 -1 0.2569855450217753 0.48919681189417225 
