id label data 
0 1 0.6118698477978028 0.9656497837755783 
1 1 1.2855679764318544 0.5986708476237881 
2 -1 0.1471612834650327 0.6586675269533543 
3 -1 0.6145290335921406 0.3251748504225906 
4 -1 1.1033028099403237 0.7810472062728436 
5 -1 0.19312929765750453 0.68348572662452 
6 1 1.445963984576977 0.7186570550024824 
7 1 1.4241160122587637 0.9861646833714102 
8 -1 0.20585159210460832 0.7197706658226609 
9 -1 1.0029111360002019 0.17787479380470642 
10 -1 0.2561968169878331 0.5543783564297466 
11 -1 0.3630783986147846 0.32535953645262616 
12 1 1.1568801686284502 0.870165194329505 
13 -1 0.6421009258267096 0.9939169675907565 
14 -1 0.9639572151876132 0.35706808391994144 
15 1 1.4080725186658178 0.7564281510788682 
16 -1 0.6851629507077559 0.17745206475575565 
17 -1 0.7591742645871979 0.0025398498062234477 
18 -1 0.4528707946088132 0.36413598522687646 
19 1 0.5862402426453761 1.4779393741834108 
20 1 0.9905752825663673 0.7737998771913308 
21 1 0.7632494726460882 0.72290857636242 
22 -1 0.05189160544016783 1.0736460874482814 
23 1 0.9156987703072348 1.2245049731946336 
24 1 0.9557495387144995 1.2426858246772934 
25 -1 0.2551741314855227 0.3033447739473894 
26 -1 0.9533231897127843 0.20659230324083527 
27 1 0.7718364522268216 1.1026027260311047 
28 1 1.108847622543278 0.48366463023137213 
29 -1 1.2380735975305897 0.3413797156234673 
30 -1 0.4224228158032085 1.1892337704627531 
31 1 1.1994759265037376 0.8204769886070684 
32 1 0.7092287430217409 1.1531149896446162 
33 1 1.09311733245557 0.6163199468927825 
34 -1 0.5794136915703032 1.156565411730764 
35 -1 0.32543047601849895 1.0906858755032425 
36 -1 0.6165079918863909 0.0009072225113010423 
37 1 1.238831234458325 0.3000375017851934 
38 1 0.706166968226222 1.2852423165841131 
39 -1 0.7812499502396626 0.10569445405746579 
40 1 1.0129534371142355 0.5459111444948062 
41 -1 0.39216956857423 1.1156896353990668 
42 -1 0.42227705695679646 0.1517990503600473 
43 -1 0.8559760960104329 0.7856651477086477 
44 1 0.7872701912607837 1.006510730245694 
45 1 0.512538223593279 0.9215079344461095 
46 1 0.8474361637450374 1.2080307283406337 
47 -1 0.4334404090862941 0.9706358804148544 
48 1 1.1351600703313647 1.477881094676697 
49 1 0.20471554077163384 1.2279606684927966 
