id label data 
0 -1 0.6145290335921406 0.3251748504225906 
1 -1 1.1033028099403237 0.7810472062728436 
2 1 0.581833431675413 1.014066377580982 
3 -1 0.5152139110384756 0.7054071202921062 
4 1 1.115424565365031 0.7254470960403478 
5 1 0.7846844010926701 0.5826929270893643 
6 1 0.6075676990401365 0.8759584001863565 
7 -1 1.0029111360002019 0.17787479380470642 
8 1 1.3045095657109076 0.9386002310515387 
9 1 1.2391083762213604 0.9069607620184879 
10 -1 0.3784859839513743 0.07104671654841219 
11 -1 0.9651302755822487 0.37846645984665006 
12 1 1.5629421161324482 0.3597570217754503 
13 1 0.6124779986056984 0.8458181872809044 
14 1 1.4080725186658178 0.7564281510788682 
15 -1 0.5978437923070399 0.589290429431597 
16 1 1.1989796928067018 0.8383852087065162 
17 1 0.9905752825663673 0.7737998771913308 
18 1 0.5990256423660597 0.9760301493598754 
19 -1 0.5352000972870203 0.9641315364635373 
20 1 0.8763551694639828 0.9901526758456927 
21 1 0.9156987703072348 1.2245049731946336 
22 -1 0.5779863488117154 0.6203917660409353 
23 -1 0.2551741314855227 0.3033447739473894 
24 -1 0.6168247700305702 0.8889167704424668 
25 1 1.108847622543278 0.48366463023137213 
26 -1 0.33026815193076187 0.7556581906071783 
27 -1 0.10642810657823326 0.7548127388407956 
28 1 0.6966287210996703 1.1441029684040547 
29 -1 0.2587150321498466 0.7425235868215628 
30 1 1.09311733245557 0.6163199468927825 
31 1 1.0627727462861223 0.5533298841248617 
32 -1 0.5916963613734243 0.9246599340624776 
33 1 1.238831234458325 0.3000375017851934 
34 -1 0.7812499502396626 0.10569445405746579 
35 1 1.0129534371142355 0.5459111444948062 
36 1 1.3111968863025443 0.5780115959096732 
37 1 1.1042124928937052 0.3582602028904188 
38 1 1.0446356578369689 0.7390113885262829 
39 -1 0.11430611136372405 0.8803111205934714 
40 -1 0.42506594612220555 0.7567995788723487 
41 -1 0.15879750028664527 0.69088748208371 
42 -1 0.6632345864621245 0.9379811997890789 
43 -1 0.9182036868606077 0.8371615674071771 
44 1 0.512538223593279 0.9215079344461095 
45 1 1.1647783157812026 0.7245221336678678 
46 -1 0.17919253242355845 0.6406477870848241 
47 1 1.5707963267948966 0.9547491267204692 
48 -1 0.7349442817018372 0.03895973605139999 
49 -1 0.5669919000045303 0.26439608639549234 
