id label data 
0 1 1.3748641296522788 0.4785397103478509 
1 -1 0.4234977924076181 0.22480265260903173 
2 -1 0.1471612834650327 0.6586675269533543 
3 1 0.8129553033865734 1.0454505198378299 
4 -1 1.0367244327811798 1.2378355732658721 
5 -1 0.8115119291952887 0.17075840882209445 
6 1 0.8350324377285196 1.3621787163158743 
7 -1 0.4051793546875783 0.37138726827429996 
8 -1 0.13433839525611696 0.5286361882341123 
9 1 0.7846844010926701 0.5826929270893643 
10 1 0.7930513879262804 1.2282780366058048 
11 -1 0.3020490734301392 0.6539795781982262 
12 -1 0.6421009258267096 0.9939169675907565 
13 1 1.3875887791725925 1.063327605988828 
14 -1 1.0519387248154453 0.45013402495908483 
15 1 0.9575845155264711 0.7206758584477699 
16 -1 0.692603192531754 0.09859482736211538 
17 -1 0.3130473874868583 0.5604053109911816 
18 -1 0.5978437923070399 0.589290429431597 
19 -1 0.6851629507077559 0.17745206475575565 
20 -1 0.4387007851432947 0.12081853450886502 
21 -1 0.7591742645871979 0.0025398498062234477 
22 -1 0.6794247630890214 0.5726232129075169 
23 -1 0.5367938308275242 0.07682049511779634 
24 -1 0.6168247700305702 0.8889167704424668 
25 -1 1.2380735975305897 0.3413797156234673 
26 -1 0.33026815193076187 0.7556581906071783 
27 -1 0.4649423942275955 0.6945219542362178 
28 1 1.2116738583138382 1.2228460091542173 
29 -1 0.03389284549815611 1.0274819593175981 
30 1 1.1994759265037376 0.8204769886070684 
31 1 0.6966287210996703 1.1441029684040547 
32 1 1.4338148429754116 0.6518024541409673 
33 -1 0.4756037647160587 1.0340536354402246 
34 1 1.238831234458325 0.3000375017851934 
35 1 1.0446356578369689 0.7390113885262829 
36 -1 0.8521658888766116 0.2237223128871232 
37 -1 0.2724462691194627 0.827528637812408 
38 1 0.7872701912607837 1.006510730245694 
39 -1 0.42506594612220555 0.7567995788723487 
40 -1 0.4021034138866857 0.14148526928436508 
41 -1 0.4334404090862941 0.9706358804148544 
42 1 0.7948595584198955 0.8583266569488446 
43 -1 0.17919253242355845 0.6406477870848241 
44 1 1.5707963267948966 0.9547491267204692 
45 -1 0.7349442817018372 0.03895973605139999 
46 -1 0.19026204020977852 0.9689424399749608 
47 -1 0.12658400634359854 0.8106452989052955 
48 -1 0.5024206199624397 0.29451910614567994 
49 -1 0.2569855450217753 0.48919681189417225 
