id label data 
0 -1 0.4234977924076181 0.22480265260903173 
1 -1 0.9308695708269112 0.6810562554174351 
2 1 1.3989607032030795 0.44857616967088193 
3 -1 0.20602264856314234 0.8656017051568802 
4 -1 0.37809355241887227 0.875553775589978 
5 1 0.8350324377285196 1.3621787163158743 
6 -1 0.10842890956600969 0.6951357637068155 
7 1 0.7756509010975158 0.7941914660098992 
8 1 1.371086115890415 0.8759270500117834 
9 -1 0.3020490734301392 0.6539795781982262 
10 -1 0.7815145891656963 0.7593978798012875 
11 1 0.5005609905502647 0.6575648296390109 
12 -1 0.3077837617860584 1.0326404128161808 
13 1 0.9575845155264711 0.7206758584477699 
14 1 0.9275809387860542 1.0348448222032534 
15 -1 0.3130473874868583 0.5604053109911816 
16 -1 0.21768123578166082 1.0302527191947681 
17 -1 0.636512961604183 0.4583409364736309 
18 1 1.1989796928067018 0.8383852087065162 
19 -1 0.4528707946088132 0.36413598522687646 
20 1 0.6170327125192379 1.2167456668642376 
21 1 1.2959504533408097 0.6050229865653434 
22 1 0.8585500004965194 1.0041734273353955 
23 1 0.9905752825663673 0.7737998771913308 
24 -1 1.3582843773594129 0.7474333548662316 
25 1 0.9557495387144995 1.2426858246772934 
26 -1 1.2380735975305897 0.3413797156234673 
27 -1 0.4224228158032085 1.1892337704627531 
28 1 1.0488428192066848 0.6506635118697691 
29 1 1.1994759265037376 0.8204769886070684 
30 1 0.7823705899601345 0.7219576214249094 
31 1 1.1766969625955854 0.7980472652233995 
32 -1 0.32543047601849895 1.0906858755032425 
33 -1 0.25316921560650246 1.0592041529353287 
34 1 1.125536499137225 1.1254479328289044 
35 -1 0.5916963613734243 0.9246599340624776 
36 -1 1.0634480532867343 0.7494695549425762 
37 -1 0.04790009871917259 1.1052676360471816 
38 1 1.0129534371142355 0.5459111444948062 
39 -1 0.39216956857423 1.1156896353990668 
40 1 0.8163352744677678 0.9448552880859348 
41 1 1.1843310841770993 0.5209085312072748 
42 -1 0.8521658888766116 0.2237223128871232 
43 -1 0.2713303063314271 1.0923824034272067 
44 -1 0.28744739686495513 1.092135284410854 
45 -1 0.18328791968029504 0.5042754912995931 
46 1 0.8122419250812306 0.9252074565479234 
47 1 1.5707963267948966 0.9547491267204692 
48 1 1.1994207842093205 0.5866636138881404 
49 -1 0.118729435651364 1.1936741262418924 
