id label data 
0 1 0.6768945114002232 1.1370580145121858 
1 1 0.9829114848793132 1.1263176251592861 
2 -1 0.5152139110384756 0.7054071202921062 
3 1 0.7360212833035961 1.2520827028023238 
4 -1 0.2810548927796306 0.5814834675413634 
5 -1 0.20585159210460832 0.7197706658226609 
6 -1 0.31716835227391554 1.2329075521209147 
7 1 0.7930513879262804 1.2282780366058048 
8 1 1.1568801686284502 0.870165194329505 
9 -1 0.6601013002313971 0.8342899151840323 
10 -1 0.1267482638678032 0.963763593098434 
11 -1 0.22157524249759988 0.44027137428088836 
12 1 0.8759238138834676 1.1576092397667221 
13 -1 0.20043125668393447 1.1818536801542987 
14 -1 0.692603192531754 0.09859482736211538 
15 -1 0.4050134143719578 0.7478813747610408 
16 -1 1.1211680326322617 0.7843980676827992 
17 1 0.9870099804823834 1.1474575627368142 
18 1 0.5990256423660597 0.9760301493598754 
19 1 0.9281409010049905 1.2109290818971685 
20 1 0.8763551694639828 0.9901526758456927 
21 -1 0.499636338869613 0.6145214094858851 
22 -1 0.10642810657823326 0.7548127388407956 
23 -1 0.42666924234013653 0.3711820640062208 
24 -1 1.0746103493037553 0.5977019499545643 
25 1 1.437396293265327 1.1101473381492877 
26 1 1.1390617606743398 1.1151835132045684 
27 1 1.09311733245557 0.6163199468927825 
28 1 1.4474846110856388 1.0250802479110297 
29 1 1.3163417498200165 0.9725149265442624 
30 -1 0.6165079918863909 0.0009072225113010423 
31 1 1.0495176175480718 0.7924976640307579 
32 1 1.2197927363814969 0.5411159201184146 
33 -1 0.27348807078037185 1.1717498911304873 
34 -1 0.6612948291039844 0.5460148236788109 
35 1 1.0446356578369689 0.7390113885262829 
36 -1 0.9719061898830469 0.13342093708664285 
37 -1 0.4361565887545404 0.5821014752900852 
38 1 1.382668707471698 0.7188823002627402 
39 -1 0.5818850938501032 0.16291918221767604 
40 -1 0.3632289796506747 1.0201949530233652 
41 1 0.5146067741477052 1.0193233144943745 
42 1 0.512538223593279 0.9215079344461095 
43 1 1.288780881527704 1.0353106852002494 
44 -1 0.4334404090862941 0.9706358804148544 
45 1 0.7948595584198955 0.8583266569488446 
46 1 0.7038675404739958 1.2059489227788416 
47 1 1.516934122293282 0.8496655246987933 
48 -1 0.11551508621132524 1.3846651308944429 
49 -1 0.2569855450217753 0.48919681189417225 
