id label data 
0 1 0.8372107481017602 0.881887806619873 
1 1 0.8129553033865734 1.0454505198378299 
2 -1 0.20602264856314234 0.8656017051568802 
3 1 1.4241160122587637 0.9861646833714102 
4 -1 0.37809355241887227 0.875553775589978 
5 1 0.7360212833035961 1.2520827028023238 
6 1 0.8350324377285196 1.3621787163158743 
7 -1 0.4051793546875783 0.37138726827429996 
8 -1 0.10842890956600969 0.6951357637068155 
9 -1 0.20585159210460832 0.7197706658226609 
10 -1 0.5880846340537756 0.6192803444206915 
11 -1 0.2505067816060749 0.10899498513414178 
12 1 1.3917345290008856 0.8640067451217269 
13 -1 0.15758705243276952 1.1393362727872978 
14 -1 0.5970751147361223 0.9577550098129001 
15 -1 0.7949900054912475 0.1754780949912437 
16 -1 0.636512961604183 0.4583409364736309 
17 -1 0.4633492843818175 0.9156799462657121 
18 1 0.6170327125192379 1.2167456668642376 
19 1 0.5862402426453761 1.4779393741834108 
20 1 0.9870099804823834 1.1474575627368142 
21 1 0.7632494726460882 0.72290857636242 
22 -1 0.05189160544016783 1.0736460874482814 
23 -1 1.2380735975305897 0.3413797156234673 
24 1 0.950595650384522 0.8852185547642144 
25 1 0.673398872553888 1.1660222116842616 
26 1 1.2116738583138382 1.2228460091542173 
27 1 1.0488428192066848 0.6506635118697691 
28 -1 0.9645927250440964 0.3165698763402966 
29 -1 1.0746103493037553 0.5977019499545643 
30 1 0.3668682831087729 1.0840297756627344 
31 1 1.4338148429754116 0.6518024541409673 
32 1 0.7580308934953427 1.2397591653917044 
33 -1 0.4756037647160587 1.0340536354402246 
34 -1 0.7968939871840311 0.36172606298720833 
35 1 1.125536499137225 1.1254479328289044 
36 -1 0.42227705695679646 0.1517990503600473 
37 -1 0.4232027534505636 0.773665993975239 
38 -1 0.8521658888766116 0.2237223128871232 
39 -1 0.2724462691194627 0.827528637812408 
40 -1 0.28744739686495513 1.092135284410854 
41 -1 0.6755202085412012 0.05072795278479157 
42 -1 0.6819529777320456 0.8374878385121388 
43 1 1.017144876928135 0.6157425224830517 
44 1 1.021015208474228 0.9387401749670696 
45 -1 1.3662431243444146 0.8196857282659044 
46 -1 0.3521523486724478 1.1994418067155148 
47 1 0.8474361637450374 1.2080307283406337 
48 1 0.7038675404739958 1.2059489227788416 
49 1 1.516934122293282 0.8496655246987933 
