id label data 
0 -1 0.8702915699872554 1.071037502940879 
1 1 0.9829114848793132 1.1263176251592861 
2 -1 0.37809355241887227 0.875553775589978 
3 1 0.7360212833035961 1.2520827028023238 
4 1 1.4527514886099657 0.9043080628906377 
5 1 0.8350324377285196 1.3621787163158743 
6 1 0.804466557355885 1.144606712917705 
7 -1 0.10842890956600969 0.6951357637068155 
8 -1 0.552271632333746 0.1811656369537374 
9 1 0.5307058439068645 1.2733607287565762 
10 1 1.2508743239425713 1.1676627990820165 
11 -1 0.9430515947064305 0.3315307218334037 
12 -1 0.16681675792185663 0.9791121746936149 
13 -1 0.2505067816060749 0.10899498513414178 
14 -1 0.3784859839513743 0.07104671654841219 
15 -1 0.5397269122946382 0.13245501602953133 
16 1 1.215574578723545 0.6144953780447135 
17 1 0.5005609905502647 0.6575648296390109 
18 -1 0.5970751147361223 0.9577550098129001 
19 1 0.8759238138834676 1.1576092397667221 
20 -1 0.5469457339859403 0.9402410326164059 
21 1 0.9575845155264711 0.7206758584477699 
22 -1 0.4050134143719578 0.7478813747610408 
23 1 0.8592652345694347 0.6577271982135716 
24 1 1.5335774992186082 0.6195747616526943 
25 1 0.8585500004965194 1.0041734273353955 
26 1 0.983604316326567 0.47554466534542283 
27 1 0.7200921231138822 1.2818059253701468 
28 -1 0.2708504373553485 0.3960005699103415 
29 -1 0.33026815193076187 0.7556581906071783 
30 -1 1.0746103493037553 0.5977019499545643 
31 1 0.7584927149916235 1.3944251321780412 
32 1 0.7580308934953427 1.2397591653917044 
33 1 0.7823705899601345 0.7219576214249094 
34 1 0.782290634434747 0.8148056093746265 
35 1 1.125536499137225 1.1254479328289044 
36 -1 0.5916963613734243 0.9246599340624776 
37 -1 0.27348807078037185 1.1717498911304873 
38 -1 0.23660697313318133 1.2398719237749614 
39 1 1.0446356578369689 0.7390113885262829 
40 1 0.8435688422691385 0.7919353519789144 
41 -1 0.2713303063314271 1.0923824034272067 
42 -1 0.11430611136372405 0.8803111205934714 
43 -1 0.15879750028664527 0.69088748208371 
44 -1 0.5818850938501032 0.16291918221767604 
45 -1 0.6819529777320456 0.8374878385121388 
46 1 1.017144876928135 0.6157425224830517 
47 1 0.7038675404739958 1.2059489227788416 
48 -1 0.19026204020977852 0.9689424399749608 
49 -1 0.11551508621132524 1.3846651308944429 
