id label data 
0 1 1.3748641296522788 0.4785397103478509 
1 1 1.4381789326537036 1.1352166641157078 
2 1 1.064011577328517 0.8514753915025882 
3 1 0.6118698477978028 0.9656497837755783 
4 1 1.439786318308708 0.6952835454225426 
5 1 0.6768945114002232 1.1370580145121858 
6 1 1.2855679764318544 0.5986708476237881 
7 -1 0.40578866486399207 1.1342357283167732 
8 1 0.7337057579299324 1.147715028763766 
9 -1 0.1471612834650327 0.6586675269533543 
10 -1 0.8702915699872554 1.071037502940879 
11 1 1.3989607032030795 0.44857616967088193 
12 1 0.8129553033865734 1.0454505198378299 
13 -1 0.6145290335921406 0.3251748504225906 
14 -1 1.0367244327811798 1.2378355732658721 
15 -1 1.1033028099403237 0.7810472062728436 
16 -1 0.2060167202523948 0.4888815725523604 
17 1 0.9829114848793132 1.1263176251592861 
18 -1 0.19312929765750453 0.68348572662452 
19 1 1.445963984576977 0.7186570550024824 
20 1 0.581833431675413 1.014066377580982 
21 -1 0.5152139110384756 0.7054071202921062 
22 1 1.4241160122587637 0.9861646833714102 
23 1 1.0686142712544833 0.8373867516253872 
24 1 1.2265621746073458 0.955782819875148 
25 -1 0.37809355241887227 0.875553775589978 
26 1 0.7360212833035961 1.2520827028023238 
27 1 1.4527514886099657 0.9043080628906377 
28 -1 0.8115119291952887 0.17075840882209445 
29 -1 0.2810548927796306 0.5814834675413634 
30 -1 0.5462183574259084 0.15299446792846377 
31 1 0.8350324377285196 1.3621787163158743 
32 -1 0.4051793546875783 0.37138726827429996 
33 -1 0.735467799874647 0.3295706031370253 
34 1 1.1865657131619136 0.5024985615604418 
35 1 0.804466557355885 1.144606712917705 
36 1 0.6075676990401365 0.8759584001863565 
37 -1 0.10842890956600969 0.6951357637068155 
38 -1 0.552271632333746 0.1811656369537374 
39 1 0.5307058439068645 1.2733607287565762 
40 1 1.2508743239425713 1.1676627990820165 
41 -1 0.9430515947064305 0.3315307218334037 
42 -1 0.20585159210460832 0.7197706658226609 
43 -1 1.0029111360002019 0.17787479380470642 
44 1 0.44004773183694673 1.3531517097042294 
45 1 1.5052097065515753 1.2022549443512458 
46 -1 0.16681675792185663 0.9791121746936149 
47 1 1.3045095657109076 0.9386002310515387 
48 -1 0.31716835227391554 1.2329075521209147 
49 1 0.7756509010975158 0.7941914660098992 
50 1 0.7930513879262804 1.2282780366058048 
51 1 1.2391083762213604 0.9069607620184879 
52 -1 0.2561968169878331 0.5543783564297466 
53 1 1.371086115890415 0.8759270500117834 
54 -1 0.3630783986147846 0.32535953645262616 
55 -1 1.004126771441499 0.962328742094954 
56 -1 0.5880846340537756 0.6192803444206915 
57 1 1.1568801686284502 0.870165194329505 
58 -1 0.2505067816060749 0.10899498513414178 
59 -1 0.3784859839513743 0.07104671654841219 
60 -1 0.9342337579401538 0.47575513706176675 
61 -1 0.5397269122946382 0.13245501602953133 
62 -1 0.9651302755822487 0.37846645984665006 
63 -1 0.1933774337363389 0.6904027468273085 
64 -1 0.7815145891656963 0.7593978798012875 
65 1 1.215574578723545 0.6144953780447135 
66 -1 0.6601013002313971 0.8342899151840323 
67 -1 0.43077082092540797 0.20843851367615646 
68 1 0.5005609905502647 0.6575648296390109 
69 -1 0.3077837617860584 1.0326404128161808 
70 -1 0.6421009258267096 0.9939169675907565 
71 -1 0.1267482638678032 0.963763593098434 
72 -1 0.15758705243276952 1.1393362727872978 
73 -1 0.5970751147361223 0.9577550098129001 
74 1 1.3875887791725925 1.063327605988828 
75 -1 1.0519387248154453 0.45013402495908483 
76 -1 0.22157524249759988 0.44027137428088836 
77 1 1.1086789324386208 0.9623800690522899 
78 1 0.8759238138834676 1.1576092397667221 
79 -1 0.5469457339859403 0.9402410326164059 
80 1 1.5629421161324482 0.3597570217754503 
81 1 1.2321995618192088 0.6809779012257722 
82 -1 0.7949900054912475 0.1754780949912437 
83 -1 0.20043125668393447 1.1818536801542987 
84 1 0.9575845155264711 0.7206758584477699 
85 -1 0.9639572151876132 0.35706808391994144 
86 -1 1.097216668887805 0.23943597234941613 
87 1 1.4080725186658178 0.7564281510788682 
88 -1 0.692603192531754 0.09859482736211538 
89 -1 0.3130473874868583 0.5604053109911816 
90 -1 0.21768123578166082 1.0302527191947681 
91 1 1.0980631891171966 1.0588076359794958 
92 -1 0.5978437923070399 0.589290429431597 
93 -1 0.6851629507077559 0.17745206475575565 
94 -1 0.2975478405403179 1.123455608452635 
95 1 1.1359540501109786 0.9673709434535441 
96 -1 0.4050134143719578 0.7478813747610408 
97 -1 0.4387007851432947 0.12081853450886502 
98 -1 0.7591742645871979 0.0025398498062234477 
99 1 0.8592652345694347 0.6577271982135716 
100 -1 0.34195056485598174 0.49580864450050194 
101 1 1.5335774992186082 0.6195747616526943 
102 -1 1.1211680326322617 0.7843980676827992 
103 -1 0.4528707946088132 0.36413598522687646 
104 1 0.6170327125192379 1.2167456668642376 
105 1 0.5862402426453761 1.4779393741834108 
106 1 1.0724058772688625 1.1390356565099837 
107 1 1.2959504533408097 0.6050229865653434 
108 -1 0.6794247630890214 0.5726232129075169 
109 1 0.8585500004965194 1.0041734273353955 
110 1 0.9905752825663673 0.7737998771913308 
111 1 0.5990256423660597 0.9760301493598754 
112 1 0.983604316326567 0.47554466534542283 
113 1 0.9281409010049905 1.2109290818971685 
114 1 0.9790953508922429 0.4670948822795677 
115 1 0.8293695941196655 0.9189988650212824 
116 -1 0.47801662483241436 0.5905316510160492 
117 1 1.4517380535016888 0.6810349688852282 
118 -1 0.5352000972870203 0.9641315364635373 
119 1 0.502834048056663 0.8977385809873064 
120 1 0.7632494726460882 0.72290857636242 
121 -1 0.7412266158438117 0.09691866759259461 
122 -1 0.3292563284223965 0.8913900598606896 
123 -1 0.5367938308275242 0.07682049511779634 
124 -1 0.05189160544016783 1.0736460874482814 
125 1 0.9156987703072348 1.2245049731946336 
126 1 0.9557495387144995 1.2426858246772934 
127 1 1.1347580711131624 0.6719712883500734 
128 -1 0.2551741314855227 0.3033447739473894 
129 -1 0.9533231897127843 0.20659230324083527 
130 -1 0.6168247700305702 0.8889167704424668 
131 1 0.7718364522268216 1.1026027260311047 
132 1 1.108847622543278 0.48366463023137213 
133 -1 0.5487720743463355 0.515749859949002 
134 1 0.7200921231138822 1.2818059253701468 
135 -1 1.2380735975305897 0.3413797156234673 
136 1 0.950595650384522 0.8852185547642144 
137 -1 0.4224228158032085 1.1892337704627531 
138 -1 0.2708504373553485 0.3960005699103415 
139 -1 0.33026815193076187 0.7556581906071783 
140 -1 0.6259230718227342 0.47707725109419696 
141 -1 0.10642810657823326 0.7548127388407956 
142 1 1.2116738583138382 1.2228460091542173 
143 -1 0.03389284549815611 1.0274819593175981 
144 1 1.066476338351442 1.1930030577971227 
145 1 1.0488428192066848 0.6506635118697691 
146 1 1.1994759265037376 0.8204769886070684 
147 1 0.7092287430217409 1.1531149896446162 
148 -1 0.9645927250440964 0.3165698763402966 
149 1 1.2741382400718417 1.224635675708362 
150 -1 1.0746103493037553 0.5977019499545643 
151 1 1.437396293265327 1.1101473381492877 
152 1 1.1390617606743398 1.1151835132045684 
153 -1 0.2587150321498466 0.7425235868215628 
154 1 0.7584927149916235 1.3944251321780412 
155 1 1.09311733245557 0.6163199468927825 
156 1 1.4338148429754116 0.6518024541409673 
157 1 0.7580308934953427 1.2397591653917044 
158 1 0.7823705899601345 0.7219576214249094 
159 -1 0.4756037647160587 1.0340536354402246 
160 -1 1.2849313223170478 0.4437990259048941 
161 -1 0.5794136915703032 1.156565411730764 
162 1 1.1766969625955854 0.7980472652233995 
163 -1 0.32543047601849895 1.0906858755032425 
164 -1 0.7968939871840311 0.36172606298720833 
165 -1 0.25316921560650246 1.0592041529353287 
166 -1 0.6165079918863909 0.0009072225113010423 
167 -1 0.6648601875211828 0.0 
168 1 0.782290634434747 0.8148056093746265 
169 1 1.0974498747347192 0.5438635232642494 
170 1 1.0495176175480718 0.7924976640307579 
171 -1 0.36574329362419117 0.5197981638289867 
172 1 1.125536499137225 1.1254479328289044 
173 1 1.0627727462861223 0.5533298841248617 
174 -1 0.5916963613734243 0.9246599340624776 
175 1 1.238831234458325 0.3000375017851934 
176 -1 1.0634480532867343 0.7494695549425762 
177 1 1.2197927363814969 0.5411159201184146 
178 -1 0.04790009871917259 1.1052676360471816 
179 -1 0.27348807078037185 1.1717498911304873 
180 1 0.6273639351899707 1.5528389492446597 
181 1 1.0484889191811446 0.7671636989079393 
182 1 0.706166968226222 1.2852423165841131 
183 1 1.0089000146648095 1.3492560903526298 
184 -1 0.7812499502396626 0.10569445405746579 
185 1 1.0129534371142355 0.5459111444948062 
186 1 0.8678403189046834 1.2188752571683847 
187 -1 0.39216956857423 1.1156896353990668 
188 1 0.8163352744677678 0.9448552880859348 
189 -1 0.1989494855782372 0.2271319463831503 
190 -1 0.1534182715727587 0.7984879980948482 
191 -1 0.42227705695679646 0.1517990503600473 
192 -1 0.23660697313318133 1.2398719237749614 
193 -1 0.7367683818238656 0.5925386425785346 
194 -1 0.8559760960104329 0.7856651477086477 
195 1 1.1042124928937052 0.3582602028904188 
196 1 1.0446356578369689 0.7390113885262829 
197 -1 0.9719061898830469 0.13342093708664285 
198 1 1.4578391041546859 0.9555496998739617 
199 1 1.1843310841770993 0.5209085312072748 
200 -1 0.4232027534505636 0.773665993975239 
201 -1 0.2724462691194627 0.827528637812408 
202 -1 0.4361565887545404 0.5821014752900852 
203 1 0.7872701912607837 1.006510730245694 
204 1 0.8435688422691385 0.7919353519789144 
205 -1 0.2713303063314271 1.0923824034272067 
206 1 1.2121221287542847 0.6282342195847752 
207 1 1.382668707471698 0.7188823002627402 
208 -1 0.28744739686495513 1.092135284410854 
209 -1 0.11430611136372405 0.8803111205934714 
210 -1 0.18328791968029504 0.5042754912995931 
211 -1 0.15879750028664527 0.69088748208371 
212 -1 0.4021034138866857 0.14148526928436508 
213 1 0.8122419250812306 0.9252074565479234 
214 -1 0.6755202085412012 0.05072795278479157 
215 -1 0.6632345864621245 0.9379811997890789 
216 -1 0.5818850938501032 0.16291918221767604 
217 1 0.8997274126041575 0.885644999411864 
218 1 0.6135423367083016 1.2845974743227633 
219 -1 0.6819529777320456 0.8374878385121388 
220 -1 0.9182036868606077 0.8371615674071771 
221 1 1.017144876928135 0.6157425224830517 
222 -1 0.3632289796506747 1.0201949530233652 
223 1 1.277765434048773 0.8151923829342491 
224 1 0.5146067741477052 1.0193233144943745 
225 1 1.3988667247870101 0.5396098533797785 
226 1 0.8196425791692399 0.8499700506037852 
227 1 1.021015208474228 0.9387401749670696 
228 1 0.512538223593279 0.9215079344461095 
229 1 1.288780881527704 1.0353106852002494 
230 1 1.3114397116779637 0.9980357344293569 
231 -1 1.3662431243444146 0.8196857282659044 
232 -1 0.3521523486724478 1.1994418067155148 
233 1 0.8474361637450374 1.2080307283406337 
234 -1 0.4334404090862941 0.9706358804148544 
235 1 0.7948595584198955 0.8583266569488446 
236 -1 0.14088994428618665 0.9091263637532371 
237 1 1.1351600703313647 1.477881094676697 
238 1 1.5707963267948966 0.9547491267204692 
239 1 0.7038675404739958 1.2059489227788416 
240 -1 0.19026204020977852 0.9689424399749608 
241 1 1.516934122293282 0.8496655246987933 
242 -1 0.12658400634359854 0.8106452989052955 
243 -1 0.503628640755908 0.6605455233727556 
244 -1 0.5024206199624397 0.29451910614567994 
245 -1 0.5669919000045303 0.26439608639549234 
246 -1 0.3480643485079436 1.1784936784306037 
247 -1 0.11551508621132524 1.3846651308944429 
248 1 0.20471554077163384 1.2279606684927966 
249 1 1.3880192267422908 0.3344789691449185 
