id label data 
0 -1 0.8662915905680656 0.15425109953708482 
1 1 0.8372107481017602 0.881887806619873 
2 -1 0.40578866486399207 1.1342357283167732 
3 -1 1.0367244327811798 1.2378355732658721 
4 -1 0.2060167202523948 0.4888815725523604 
5 1 1.0686142712544833 0.8373867516253872 
6 -1 0.5462183574259084 0.15299446792846377 
7 -1 0.4051793546875783 0.37138726827429996 
8 1 0.7846844010926701 0.5826929270893643 
9 1 1.043891412487616 0.5794188136190356 
10 -1 0.9430515947064305 0.3315307218334037 
11 1 0.44004773183694673 1.3531517097042294 
12 1 1.5052097065515753 1.2022549443512458 
13 1 1.3045095657109076 0.9386002310515387 
14 -1 1.004126771441499 0.962328742094954 
15 -1 0.5397269122946382 0.13245501602953133 
16 -1 0.9651302755822487 0.37846645984665006 
17 -1 0.9041557650205982 0.1932410428398852 
18 -1 1.0519387248154453 0.45013402495908483 
19 -1 0.5469457339859403 0.9402410326164059 
20 -1 0.9639572151876132 0.35706808391994144 
21 -1 0.6851629507077559 0.17745206475575565 
22 -1 0.7591742645871979 0.0025398498062234477 
23 1 1.118809023660665 1.470499418138188 
24 -1 0.2551741314855227 0.3033447739473894 
25 -1 0.6168247700305702 0.8889167704424668 
26 -1 0.2708504373553485 0.3960005699103415 
27 1 0.673398872553888 1.1660222116842616 
28 -1 0.6634494902527412 0.6458487676579568 
29 1 0.7092287430217409 1.1531149896446162 
30 -1 0.9645927250440964 0.3165698763402966 
31 -1 0.41813034207034366 0.22795623932008793 
32 -1 0.2587150321498466 0.7425235868215628 
33 1 1.4338148429754116 0.6518024541409673 
34 1 0.782290634434747 0.8148056093746265 
35 1 1.0974498747347192 0.5438635232642494 
36 1 1.0627727462861223 0.5533298841248617 
37 1 1.0089000146648095 1.3492560903526298 
38 1 1.3111968863025443 0.5780115959096732 
39 -1 0.42227705695679646 0.1517990503600473 
40 -1 0.7367683818238656 0.5925386425785346 
41 1 1.4578391041546859 0.9555496998739617 
42 -1 0.11430611136372405 0.8803111205934714 
43 1 0.8997274126041575 0.885644999411864 
44 1 0.6135423367083016 1.2845974743227633 
45 -1 0.9182036868606077 0.8371615674071771 
46 1 1.017144876928135 0.6157425224830517 
47 1 1.3114397116779637 0.9980357344293569 
48 -1 0.503628640755908 0.6605455233727556 
49 -1 0.5669919000045303 0.26439608639549234 
