id label data 
0 1 0.6118698477978028 0.9656497837755783 
1 1 1.2855679764318544 0.5986708476237881 
2 1 1.390075743134627 0.5837289239456659 
3 1 0.7337057579299324 1.147715028763766 
4 1 0.8129553033865734 1.0454505198378299 
5 -1 0.8115119291952887 0.17075840882209445 
6 1 1.1865657131619136 0.5024985615604418 
7 -1 0.7721067551355361 0.17181705385374227 
8 1 1.2508743239425713 1.1676627990820165 
9 1 1.2391083762213604 0.9069607620184879 
10 -1 0.2505067816060749 0.10899498513414178 
11 -1 0.6421009258267096 0.9939169675907565 
12 -1 0.15758705243276952 1.1393362727872978 
13 -1 0.5970751147361223 0.9577550098129001 
14 1 1.3875887791725925 1.063327605988828 
15 1 1.1086789324386208 0.9623800690522899 
16 1 1.2321995618192088 0.6809779012257722 
17 -1 0.5978437923070399 0.589290429431597 
18 1 1.1359540501109786 0.9673709434535441 
19 1 0.8592652345694347 0.6577271982135716 
20 -1 0.34195056485598174 0.49580864450050194 
21 1 1.5335774992186082 0.6195747616526943 
22 1 0.983604316326567 0.47554466534542283 
23 1 0.8293695941196655 0.9189988650212824 
24 -1 0.47801662483241436 0.5905316510160492 
25 1 1.4517380535016888 0.6810349688852282 
26 -1 0.05189160544016783 1.0736460874482814 
27 1 1.1347580711131624 0.6719712883500734 
28 -1 0.5487720743463355 0.515749859949002 
29 -1 0.33026815193076187 0.7556581906071783 
30 -1 0.4649423942275955 0.6945219542362178 
31 -1 0.5794136915703032 1.156565411730764 
32 1 1.238831234458325 0.3000375017851934 
33 1 0.6273639351899707 1.5528389492446597 
34 1 0.706166968226222 1.2852423165841131 
35 -1 0.7812499502396626 0.10569445405746579 
36 1 0.8678403189046834 1.2188752571683847 
37 -1 0.1534182715727587 0.7984879980948482 
38 -1 0.23660697313318133 1.2398719237749614 
39 1 1.1042124928937052 0.3582602028904188 
40 1 0.8435688422691385 0.7919353519789144 
41 -1 0.6632345864621245 0.9379811997890789 
42 1 1.3988667247870101 0.5396098533797785 
43 1 1.021015208474228 0.9387401749670696 
44 1 1.1647783157812026 0.7245221336678678 
45 -1 0.14088994428618665 0.9091263637532371 
46 -1 0.17919253242355845 0.6406477870848241 
47 -1 0.7349442817018372 0.03895973605139999 
48 -1 0.19026204020977852 0.9689424399749608 
49 -1 0.3480643485079436 1.1784936784306037 
