id label data 
0 1 1.3748641296522788 0.4785397103478509 
1 1 1.4381789326537036 1.1352166641157078 
2 1 1.439786318308708 0.6952835454225426 
3 -1 0.6145290335921406 0.3251748504225906 
4 -1 1.1033028099403237 0.7810472062728436 
5 1 0.581833431675413 1.014066377580982 
6 1 1.4241160122587637 0.9861646833714102 
7 1 1.4527514886099657 0.9043080628906377 
8 -1 0.552271632333746 0.1811656369537374 
9 -1 1.0029111360002019 0.17787479380470642 
10 -1 0.544374922940851 0.5964526762697161 
11 1 1.215574578723545 0.6144953780447135 
12 -1 0.3023774496468467 1.3376076947917461 
13 1 1.5629421161324482 0.3597570217754503 
14 -1 0.7949900054912475 0.1754780949912437 
15 1 1.4080725186658178 0.7564281510788682 
16 1 1.0980631891171966 1.0588076359794958 
17 -1 0.2975478405403179 1.123455608452635 
18 -1 0.4633492843818175 0.9156799462657121 
19 -1 0.4387007851432947 0.12081853450886502 
20 1 1.0724058772688625 1.1390356565099837 
21 -1 0.6794247630890214 0.5726232129075169 
22 1 0.9790953508922429 0.4670948822795677 
23 -1 0.5352000972870203 0.9641315364635373 
24 1 0.7632494726460882 0.72290857636242 
25 -1 0.7412266158438117 0.09691866759259461 
26 -1 0.5367938308275242 0.07682049511779634 
27 1 0.9156987703072348 1.2245049731946336 
28 1 1.108847622543278 0.48366463023137213 
29 1 0.950595650384522 0.8852185547642144 
30 1 1.0489785288700468 0.7797055562499694 
31 -1 0.6259230718227342 0.47707725109419696 
32 1 1.2116738583138382 1.2228460091542173 
33 1 1.066476338351442 1.1930030577971227 
34 1 1.2741382400718417 1.224635675708362 
35 1 0.3668682831087729 1.0840297756627344 
36 -1 0.7968939871840311 0.36172606298720833 
37 -1 0.6648601875211828 0.0 
38 1 1.5602884603774143 0.8587420991158138 
39 -1 0.8559760960104329 0.7856651477086477 
40 -1 0.4232027534505636 0.773665993975239 
41 1 1.2121221287542847 0.6282342195847752 
42 -1 0.42506594612220555 0.7567995788723487 
43 -1 0.15879750028664527 0.69088748208371 
44 -1 0.4021034138866857 0.14148526928436508 
45 -1 0.6755202085412012 0.05072795278479157 
46 1 1.277765434048773 0.8151923829342491 
47 -1 1.3662431243444146 0.8196857282659044 
48 -1 0.3521523486724478 1.1994418067155148 
49 1 1.3880192267422908 0.3344789691449185 
