id label data 
0 1 1.3748641296522788 0.4785397103478509 
1 1 1.4381789326537036 1.1352166641157078 
2 -1 0.8662915905680656 0.15425109953708482 
3 1 1.064011577328517 0.8514753915025882 
4 -1 0.4234977924076181 0.22480265260903173 
5 -1 0.9308695708269112 0.6810562554174351 
6 1 1.439786318308708 0.6952835454225426 
7 1 0.6768945114002232 1.1370580145121858 
8 1 0.8372107481017602 0.881887806619873 
9 -1 0.40578866486399207 1.1342357283167732 
10 -1 0.1471612834650327 0.6586675269533543 
11 -1 0.8702915699872554 1.071037502940879 
12 1 1.3989607032030795 0.44857616967088193 
13 -1 0.6145290335921406 0.3251748504225906 
14 -1 1.0367244327811798 1.2378355732658721 
15 -1 1.1033028099403237 0.7810472062728436 
16 -1 0.2060167202523948 0.4888815725523604 
17 1 0.9829114848793132 1.1263176251592861 
18 -1 0.19312929765750453 0.68348572662452 
19 1 1.445963984576977 0.7186570550024824 
20 -1 0.20602264856314234 0.8656017051568802 
21 1 0.581833431675413 1.014066377580982 
22 -1 0.5152139110384756 0.7054071202921062 
23 1 1.4241160122587637 0.9861646833714102 
24 1 1.0686142712544833 0.8373867516253872 
25 1 1.2265621746073458 0.955782819875148 
26 -1 0.37809355241887227 0.875553775589978 
27 1 0.7360212833035961 1.2520827028023238 
28 1 1.4527514886099657 0.9043080628906377 
29 -1 0.2810548927796306 0.5814834675413634 
30 -1 0.5462183574259084 0.15299446792846377 
31 1 1.115424565365031 0.7254470960403478 
32 1 0.8350324377285196 1.3621787163158743 
33 -1 0.4051793546875783 0.37138726827429996 
34 -1 0.735467799874647 0.3295706031370253 
35 -1 0.13433839525611696 0.5286361882341123 
36 1 0.804466557355885 1.144606712917705 
37 1 0.7846844010926701 0.5826929270893643 
38 1 0.6075676990401365 0.8759584001863565 
39 -1 0.10842890956600969 0.6951357637068155 
40 1 1.043891412487616 0.5794188136190356 
41 -1 0.552271632333746 0.1811656369537374 
42 1 0.5307058439068645 1.2733607287565762 
43 -1 0.9430515947064305 0.3315307218334037 
44 -1 0.20585159210460832 0.7197706658226609 
45 -1 1.0029111360002019 0.17787479380470642 
46 1 0.44004773183694673 1.3531517097042294 
47 1 1.5052097065515753 1.2022549443512458 
48 1 0.744174961120379 1.1107744177195835 
49 -1 0.16681675792185663 0.9791121746936149 
50 1 1.3045095657109076 0.9386002310515387 
51 -1 0.31716835227391554 1.2329075521209147 
52 1 0.7756509010975158 0.7941914660098992 
53 1 0.7930513879262804 1.2282780366058048 
54 -1 0.2561968169878331 0.5543783564297466 
55 1 1.371086115890415 0.8759270500117834 
56 -1 0.3630783986147846 0.32535953645262616 
57 -1 0.3020490734301392 0.6539795781982262 
58 -1 1.004126771441499 0.962328742094954 
59 -1 0.544374922940851 0.5964526762697161 
60 -1 0.5880846340537756 0.6192803444206915 
61 1 1.1568801686284502 0.870165194329505 
62 -1 0.3784859839513743 0.07104671654841219 
63 -1 0.9342337579401538 0.47575513706176675 
64 -1 0.5397269122946382 0.13245501602953133 
65 -1 0.9651302755822487 0.37846645984665006 
66 -1 0.1933774337363389 0.6904027468273085 
67 -1 0.7815145891656963 0.7593978798012875 
68 1 1.3917345290008856 0.8640067451217269 
69 1 1.215574578723545 0.6144953780447135 
70 -1 0.6601013002313971 0.8342899151840323 
71 -1 0.43077082092540797 0.20843851367615646 
72 1 0.5005609905502647 0.6575648296390109 
73 -1 0.3077837617860584 1.0326404128161808 
74 -1 0.1267482638678032 0.963763593098434 
75 -1 0.9041557650205982 0.1932410428398852 
76 -1 1.0519387248154453 0.45013402495908483 
77 -1 0.22157524249759988 0.44027137428088836 
78 -1 0.3023774496468467 1.3376076947917461 
79 1 0.8759238138834676 1.1576092397667221 
80 -1 0.5469457339859403 0.9402410326164059 
81 1 1.5629421161324482 0.3597570217754503 
82 -1 0.7949900054912475 0.1754780949912437 
83 -1 0.20043125668393447 1.1818536801542987 
84 1 0.6124779986056984 0.8458181872809044 
85 1 0.9575845155264711 0.7206758584477699 
86 1 0.9275809387860542 1.0348448222032534 
87 -1 0.9639572151876132 0.35706808391994144 
88 -1 1.097216668887805 0.23943597234941613 
89 1 1.4080725186658178 0.7564281510788682 
90 -1 0.692603192531754 0.09859482736211538 
91 -1 0.3130473874868583 0.5604053109911816 
92 -1 0.21768123578166082 1.0302527191947681 
93 1 1.0980631891171966 1.0588076359794958 
94 -1 0.6851629507077559 0.17745206475575565 
95 -1 0.2975478405403179 1.123455608452635 
96 -1 0.636512961604183 0.4583409364736309 
97 -1 0.4050134143719578 0.7478813747610408 
98 -1 0.4633492843818175 0.9156799462657121 
99 1 1.1989796928067018 0.8383852087065162 
100 -1 0.4387007851432947 0.12081853450886502 
101 -1 0.7591742645871979 0.0025398498062234477 
102 1 0.9479407282943565 0.8714781474361369 
103 -1 1.1211680326322617 0.7843980676827992 
104 -1 0.4528707946088132 0.36413598522687646 
105 1 0.6170327125192379 1.2167456668642376 
106 1 0.5862402426453761 1.4779393741834108 
107 1 1.0724058772688625 1.1390356565099837 
108 1 1.2959504533408097 0.6050229865653434 
109 -1 0.6794247630890214 0.5726232129075169 
110 1 0.8585500004965194 1.0041734273353955 
111 1 0.9870099804823834 1.1474575627368142 
112 1 0.9905752825663673 0.7737998771913308 
113 1 0.5990256423660597 0.9760301493598754 
114 1 0.9281409010049905 1.2109290818971685 
115 1 0.9790953508922429 0.4670948822795677 
116 1 1.118809023660665 1.470499418138188 
117 -1 1.3582843773594129 0.7474333548662316 
118 -1 0.5352000972870203 0.9641315364635373 
119 1 0.8763551694639828 0.9901526758456927 
120 1 0.502834048056663 0.8977385809873064 
121 1 0.7632494726460882 0.72290857636242 
122 -1 0.7412266158438117 0.09691866759259461 
123 -1 0.3292563284223965 0.8913900598606896 
124 -1 0.5367938308275242 0.07682049511779634 
125 1 0.9156987703072348 1.2245049731946336 
126 -1 0.5779863488117154 0.6203917660409353 
127 1 0.9557495387144995 1.2426858246772934 
128 -1 0.2551741314855227 0.3033447739473894 
129 -1 0.9533231897127843 0.20659230324083527 
130 -1 0.6168247700305702 0.8889167704424668 
131 1 0.7718364522268216 1.1026027260311047 
132 1 1.108847622543278 0.48366463023137213 
133 1 0.7200921231138822 1.2818059253701468 
134 -1 1.2380735975305897 0.3413797156234673 
135 -1 0.499636338869613 0.6145214094858851 
136 1 0.950595650384522 0.8852185547642144 
137 -1 0.4224228158032085 1.1892337704627531 
138 -1 0.2708504373553485 0.3960005699103415 
139 1 1.0489785288700468 0.7797055562499694 
140 -1 0.6259230718227342 0.47707725109419696 
141 1 0.673398872553888 1.1660222116842616 
142 -1 0.10642810657823326 0.7548127388407956 
143 1 1.2116738583138382 1.2228460091542173 
144 -1 0.03389284549815611 1.0274819593175981 
145 1 1.066476338351442 1.1930030577971227 
146 1 1.0488428192066848 0.6506635118697691 
147 -1 0.6634494902527412 0.6458487676579568 
148 -1 0.42666924234013653 0.3711820640062208 
149 1 1.1994759265037376 0.8204769886070684 
150 1 0.6966287210996703 1.1441029684040547 
151 1 0.7092287430217409 1.1531149896446162 
152 -1 0.9645927250440964 0.3165698763402966 
153 1 1.2741382400718417 1.224635675708362 
154 -1 1.0746103493037553 0.5977019499545643 
155 1 1.437396293265327 1.1101473381492877 
156 1 1.1390617606743398 1.1151835132045684 
157 -1 0.41813034207034366 0.22795623932008793 
158 -1 0.2587150321498466 0.7425235868215628 
159 1 0.7584927149916235 1.3944251321780412 
160 1 1.09311733245557 0.6163199468927825 
161 1 0.3668682831087729 1.0840297756627344 
162 1 1.4338148429754116 0.6518024541409673 
163 1 1.4474846110856388 1.0250802479110297 
164 1 0.7580308934953427 1.2397591653917044 
165 1 0.7823705899601345 0.7219576214249094 
166 -1 0.4756037647160587 1.0340536354402246 
167 -1 1.2849313223170478 0.4437990259048941 
168 1 1.1766969625955854 0.7980472652233995 
169 -1 0.32543047601849895 1.0906858755032425 
170 -1 0.7968939871840311 0.36172606298720833 
171 -1 0.25316921560650246 1.0592041529353287 
172 1 1.3163417498200165 0.9725149265442624 
173 -1 0.6165079918863909 0.0009072225113010423 
174 -1 0.6648601875211828 0.0 
175 1 0.782290634434747 0.8148056093746265 
176 1 1.0974498747347192 0.5438635232642494 
177 1 1.0495176175480718 0.7924976640307579 
178 -1 0.36574329362419117 0.5197981638289867 
179 1 1.125536499137225 1.1254479328289044 
180 1 1.0627727462861223 0.5533298841248617 
181 -1 0.5916963613734243 0.9246599340624776 
182 -1 1.0634480532867343 0.7494695549425762 
183 1 1.2197927363814969 0.5411159201184146 
184 -1 0.04790009871917259 1.1052676360471816 
185 -1 0.27348807078037185 1.1717498911304873 
186 1 1.5602884603774143 0.8587420991158138 
187 1 1.0484889191811446 0.7671636989079393 
188 1 1.0089000146648095 1.3492560903526298 
189 1 1.0129534371142355 0.5459111444948062 
190 -1 0.39216956857423 1.1156896353990668 
191 1 1.3111968863025443 0.5780115959096732 
192 1 0.8163352744677678 0.9448552880859348 
193 -1 0.1989494855782372 0.2271319463831503 
194 -1 0.42227705695679646 0.1517990503600473 
195 -1 0.7367683818238656 0.5925386425785346 
196 -1 0.8559760960104329 0.7856651477086477 
197 -1 0.6612948291039844 0.5460148236788109 
198 1 1.0446356578369689 0.7390113885262829 
199 -1 0.9719061898830469 0.13342093708664285 
200 1 1.4578391041546859 0.9555496998739617 
201 1 1.1843310841770993 0.5209085312072748 
202 -1 0.4232027534505636 0.773665993975239 
203 -1 0.8521658888766116 0.2237223128871232 
204 -1 0.2724462691194627 0.827528637812408 
205 -1 0.4361565887545404 0.5821014752900852 
206 1 0.7872701912607837 1.006510730245694 
207 -1 0.2713303063314271 1.0923824034272067 
208 1 1.2121221287542847 0.6282342195847752 
209 1 1.382668707471698 0.7188823002627402 
210 -1 0.28744739686495513 1.092135284410854 
211 -1 0.11430611136372405 0.8803111205934714 
212 -1 0.42506594612220555 0.7567995788723487 
213 -1 0.18328791968029504 0.5042754912995931 
214 -1 0.15879750028664527 0.69088748208371 
215 -1 0.4021034138866857 0.14148526928436508 
216 1 0.8122419250812306 0.9252074565479234 
217 -1 0.6755202085412012 0.05072795278479157 
218 -1 0.5818850938501032 0.16291918221767604 
219 1 0.8997274126041575 0.885644999411864 
220 1 0.6135423367083016 1.2845974743227633 
221 -1 0.6819529777320456 0.8374878385121388 
222 -1 0.9182036868606077 0.8371615674071771 
223 1 1.017144876928135 0.6157425224830517 
224 -1 0.3632289796506747 1.0201949530233652 
225 1 1.277765434048773 0.8151923829342491 
226 1 0.5146067741477052 1.0193233144943745 
227 1 0.8196425791692399 0.8499700506037852 
228 1 0.512538223593279 0.9215079344461095 
229 1 1.288780881527704 1.0353106852002494 
230 1 1.3114397116779637 0.9980357344293569 
231 -1 1.3662431243444146 0.8196857282659044 
232 -1 0.3521523486724478 1.1994418067155148 
233 1 0.8474361637450374 1.2080307283406337 
234 -1 0.4334404090862941 0.9706358804148544 
235 1 0.7948595584198955 0.8583266569488446 
236 1 1.1351600703313647 1.477881094676697 
237 1 1.5707963267948966 0.9547491267204692 
238 1 1.1994207842093205 0.5866636138881404 
239 1 0.7038675404739958 1.2059489227788416 
240 1 1.516934122293282 0.8496655246987933 
241 -1 0.12658400634359854 0.8106452989052955 
242 -1 0.503628640755908 0.6605455233727556 
243 -1 0.5024206199624397 0.29451910614567994 
244 -1 0.5669919000045303 0.26439608639549234 
245 -1 0.11551508621132524 1.3846651308944429 
246 -1 0.2569855450217753 0.48919681189417225 
247 -1 0.118729435651364 1.1936741262418924 
248 1 0.20471554077163384 1.2279606684927966 
249 1 1.3880192267422908 0.3344789691449185 
