id label data 
0 1 1.064011577328517 0.8514753915025882 
1 1 1.439786318308708 0.6952835454225426 
2 -1 0.40578866486399207 1.1342357283167732 
3 1 0.7337057579299324 1.147715028763766 
4 1 1.0686142712544833 0.8373867516253872 
5 1 1.2265621746073458 0.955782819875148 
6 -1 0.2810548927796306 0.5814834675413634 
7 1 1.1865657131619136 0.5024985615604418 
8 1 1.371086115890415 0.8759270500117834 
9 -1 0.9342337579401538 0.47575513706176675 
10 -1 0.1933774337363389 0.6904027468273085 
11 -1 0.3077837617860584 1.0326404128161808 
12 1 1.3875887791725925 1.063327605988828 
13 -1 1.0519387248154453 0.45013402495908483 
14 1 1.1086789324386208 0.9623800690522899 
15 1 1.2321995618192088 0.6809779012257722 
16 -1 0.7949900054912475 0.1754780949912437 
17 -1 0.21768123578166082 1.0302527191947681 
18 -1 0.2975478405403179 1.123455608452635 
19 1 1.1359540501109786 0.9673709434535441 
20 1 0.6170327125192379 1.2167456668642376 
21 1 1.2959504533408097 0.6050229865653434 
22 -1 0.6794247630890214 0.5726232129075169 
23 -1 0.47801662483241436 0.5905316510160492 
24 -1 0.5352000972870203 0.9641315364635373 
25 1 1.1347580711131624 0.6719712883500734 
26 -1 0.5487720743463355 0.515749859949002 
27 -1 0.6259230718227342 0.47707725109419696 
28 -1 0.10642810657823326 0.7548127388407956 
29 1 1.2116738583138382 1.2228460091542173 
30 -1 0.03389284549815611 1.0274819593175981 
31 1 1.066476338351442 1.1930030577971227 
32 1 1.2741382400718417 1.224635675708362 
33 1 1.4338148429754116 0.6518024541409673 
34 -1 0.25316921560650246 1.0592041529353287 
35 1 1.0495176175480718 0.7924976640307579 
36 -1 1.0634480532867343 0.7494695549425762 
37 -1 0.1989494855782372 0.2271319463831503 
38 1 1.4578391041546859 0.9555496998739617 
39 1 1.1843310841770993 0.5209085312072748 
40 -1 0.4361565887545404 0.5821014752900852 
41 -1 0.18328791968029504 0.5042754912995931 
42 -1 0.4021034138866857 0.14148526928436508 
43 -1 0.6632345864621245 0.9379811997890789 
44 -1 0.3632289796506747 1.0201949530233652 
45 1 1.021015208474228 0.9387401749670696 
46 -1 0.14088994428618665 0.9091263637532371 
47 1 1.5707963267948966 0.9547491267204692 
48 1 1.516934122293282 0.8496655246987933 
49 -1 0.5669919000045303 0.26439608639549234 
