id label data 
0 1 0.6118698477978028 0.9656497837755783 
1 -1 0.40578866486399207 1.1342357283167732 
2 1 1.390075743134627 0.5837289239456659 
3 1 1.3989607032030795 0.44857616967088193 
4 -1 0.6145290335921406 0.3251748504225906 
5 -1 0.5152139110384756 0.7054071202921062 
6 1 1.0686142712544833 0.8373867516253872 
7 1 1.2508743239425713 1.1676627990820165 
8 -1 0.16681675792185663 0.9791121746936149 
9 1 1.3045095657109076 0.9386002310515387 
10 -1 0.5880846340537756 0.6192803444206915 
11 -1 0.3784859839513743 0.07104671654841219 
12 -1 0.7815145891656963 0.7593978798012875 
13 1 1.215574578723545 0.6144953780447135 
14 -1 0.5970751147361223 0.9577550098129001 
15 -1 0.9041557650205982 0.1932410428398852 
16 1 0.8759238138834676 1.1576092397667221 
17 -1 1.097216668887805 0.23943597234941613 
18 1 1.4080725186658178 0.7564281510788682 
19 1 1.0980631891171966 1.0588076359794958 
20 1 0.9479407282943565 0.8714781474361369 
21 -1 0.34195056485598174 0.49580864450050194 
22 1 0.6170327125192379 1.2167456668642376 
23 1 0.8293695941196655 0.9189988650212824 
24 1 0.7632494726460882 0.72290857636242 
25 -1 0.5487720743463355 0.515749859949002 
26 -1 0.499636338869613 0.6145214094858851 
27 -1 0.2708504373553485 0.3960005699103415 
28 1 1.066476338351442 1.1930030577971227 
29 1 1.2741382400718417 1.224635675708362 
30 -1 1.0746103493037553 0.5977019499545643 
31 -1 0.2587150321498466 0.7425235868215628 
32 1 1.09311733245557 0.6163199468927825 
33 1 1.0974498747347192 0.5438635232642494 
34 -1 0.5916963613734243 0.9246599340624776 
35 -1 0.04790009871917259 1.1052676360471816 
36 1 0.6273639351899707 1.5528389492446597 
37 1 1.0484889191811446 0.7671636989079393 
38 1 0.706166968226222 1.2852423165841131 
39 1 1.3111968863025443 0.5780115959096732 
40 1 0.8163352744677678 0.9448552880859348 
41 -1 0.4232027534505636 0.773665993975239 
42 -1 0.2713303063314271 1.0923824034272067 
43 1 1.2121221287542847 0.6282342195847752 
44 -1 0.28744739686495513 1.092135284410854 
45 -1 0.3632289796506747 1.0201949530233652 
46 1 1.3114397116779637 0.9980357344293569 
47 -1 0.5669919000045303 0.26439608639549234 
48 -1 0.118729435651364 1.1936741262418924 
49 1 1.3880192267422908 0.3344789691449185 
