17	99	199.521
3	75	199.293
17	31	199.24
19	29	198.972
47	65	198.93
7	67	198.877
21	65	198.854
1	99	198.737
23	97	198.722
35	97	198.573
9	77	198.462
1	17	198.441
23	35	198.402
5	13	198.369
13	91	198.318
45	59	197.874
31	99	197.573
11	77	197.562
25	33	197.532
7	91	197.518
41	79	197.104
21	47	197.027
37	99	196.698
1	31	196.629
15	55	196.428
9	39	196.174
43	47	196.163
1	51	196.146
17	37	195.989
5	91	195.709
69	83	195.639
51	99	195.635
41	51	195.46
27	49	195.423
13	57	195.411
3	79	195.297
35	61	195.269
61	97	195.101
43	65	194.714
33	87	194.568
81	83	194.273
31	37	193.96
19	89	193.91
61	63	193.738
7	13	193.611
67	91	193.398
75	79	193.321
17	51	192.729
39	77	192.57
69	81	192.547
73	93	192.467
9	11	192.321
9	27	192.274
57	91	192.216
11	25	192.058
29	89	192.033
39	49	191.601
1	37	191.58
7	57	191.526
49	81	191.198
69	95	-190.79
89	95	190.381
23	61	190.346
47	55	190.027
11	33	190
43	53	189.869
37	51	189.646
3	41	189.644
5	57	189.608
41	75	189.603
21	43	189.114
9	49	189.035
11	71	188.766
31	51	187.844
13	67	187.588
5	7	187.581
23	85	-187.395
53	65	187.248
51	79	187.23
71	77	187.09
27	39	186.987
57	67	186.786
59	95	186.639
63	97	185.847
27	77	185.756
25	87	185.754
83	95	-185.51
23	83	185.38
39	81	185.369
39	71	184.662
1	41	184.638
43	55	184.416
31	57	-184.359
39	69	184.34
11	39	183.93
25	77	183.918
19	85	183.902
55	65	183.418
83	97	183.318
41	99	183.163
47	53	183.043
1	57	-182.952
15	93	182.856
83	85	-182.738
9	71	182.385
81	97	182.219
15	73	182.027
31	35	181.952
35	63	181.806
21	53	181.737
21	55	181.349
35	37	180.923
17	57	-180.719
35	85	-180.514
49	77	180.213
19	95	180.121
5	67	180.084
23	81	179.721
85	97	-179.387
1	5	-179.325
33	77	179.123
1	13	-179.017
45	95	178.405
17	41	178.188
37	61	178.162
29	85	177.809
73	87	-177.603
17	35	177.533
23	63	177.362
59	89	177.115
23	31	177.111
49	69	177.018
57	99	-176.878
15	47	176.75
55	73	176.65
35	83	176.283
37	41	176.193
27	81	176.115
11	87	176.113
57	85	176.092
9	25	175.189
11	27	174.699
33	71	174.645
13	31	-174.477
45	89	174.361
1	79	174.283
49	83	174.144
51	75	173.979
3	51	173.576
29	95	173.569
35	99	173.477
63	81	173.437
9	81	173.234
13	17	-172.779
39	83	172.684
31	85	-172.613
35	81	172.598
31	97	172.391
23	37	172.089
49	63	171.82
59	69	-171.752
81	95	-171.481
5	51	-171.377
5	31	-171.359
5	17	-171.326
37	97	171.245
17	23	171.175
31	41	171.077
31	61	171.031
79	99	170.632
25	71	170.446
13	99	-170.36
85	89	170.25
85	95	170.203
5	99	-170.157
55	93	169.982
61	81	169.88
15	43	169.131
9	69	168.658
15	65	168.581
9	33	168.565
23	69	168.478
51	57	-168.418
17	61	168.389
71	87	168.308
1	91	-168.172
69	89	-168.111
87	93	-168.017
13	51	-167.853
69	85	-167.747
59	71	-167.727
15	21	167.524
69	97	167.249
17	97	167.127
19	83	-166.923
1	35	166.919
29	67	166.735
83	89	-166.64
11	49	166.618
61	83	166.358
69	71	166.17
23	99	166.078
61	99	165.801
81	85	-165.424
17	79	165.228
17	85	-164.892
49	97	164.506
31	91	-164.375
37	57	-164.134
5	41	-163.646
77	81	163.281
5	79	-162.805
19	67	162.785
39	95	-162.647
97	99	162.584
61	85	-162.212
69	77	162.133
77	87	161.956
17	91	-161.878
21	73	161.473
63	83	161.441
19	69	-161.39
67	85	161.221
47	73	161.214
7	85	161.187
37	79	161.141
27	63	160.903
25	39	160.576
27	69	160.57
1	23	160.514
49	71	160.381
1	7	-160.24
7	29	160.181
23	57	-159.67
7	31	-159.651
45	69	-159.37
27	71	159.336
91	99	-158.976
35	57	-158.898
85	99	-158.579
25	27	158.427
23	49	158.425
19	57	158.165
45	71	-158.108
29	83	-157.962
35	69	157.934
1	85	-157.843
31	79	157.764
53	55	157.744
49	61	157.686
37	63	157.589
29	57	157.473
59	83	-157.42
33	73	-157.267
13	41	-157.254
1	61	157.16
7	19	157.147
37	85	-156.71
13	85	156.62
1	3	156.567
1	75	156.536
9	83	156.4
23	95	-156.4
51	91	-156.178
71	95	-156.126
65	73	156.006
33	39	155.888
1	97	155.786
7	17	-155.654
27	83	155.6
75	99	155.253
19	59	155.161
13	37	-154.919
19	23	-154.623
35	51	154.342
13	79	-154.248
5	37	-154.239
71	81	154.211
3	99	154.19
39	59	-153.757
85	91	153.679
35	49	153.307
41	57	-153.257
29	69	-153.079
31	67	-152.413
7	99	-151.824
1	67	-151.822
95	97	-151.722
11	69	151.245
57	97	-151.16
19	45	151.037
29	59	150.656
63	69	150.509
61	69	150.146
9	87	149.93
37	75	149.88
33	93	-149.729
49	95	-149.641
53	83	-149.472
43	85	149.161
11	81	149.088
17	75	148.953
31	63	148.718
51	61	148.608
59	81	-148.179
3	17	148.04
17	67	-147.94
29	45	147.92
27	33	147.766
77	83	147.588
3	37	147.285
21	35	-147.147
23	65	-146.931
55	57	146.906
27	97	146.776
39	97	146.74
21	23	-146.733
81	89	-146.655
7	51	-146.621
39	63	146.584
41	91	-146.553
23	29	-146.471
71	83	146.463
47	85	146.345
29	91	146.256
45	83	-146.167
15	57	146.166
17	63	146.121
9	95	-146.018
23	51	145.945
19	81	-145.907
13	15	145.903
57	79	-145.877
15	91	145.724
35	65	-145.718
23	53	-145.655
5	85	145.562
7	15	145.503
35	95	-145.446
19	97	-145.409
47	93	145.353
65	85	145.302
63	85	-145.3
23	89	-145.292
19	35	-145.23
71	93	-145.206
21	97	-145.123
79	91	-144.922
43	73	144.782
25	49	144.737
53	81	-144.709
53	85	144.673
3	5	-144.512
53	69	-144.363
65	97	-144.346
25	73	-144.299
67	99	-143.956
19	91	143.933
1	73	-143.855
37	91	-143.847
23	47	-143.817
63	99	143.772
53	97	-143.724
31	83	143.526
15	67	143.477
23	39	143.446
5	93	143.428
5	15	143.307
21	31	-143.076
51	73	-142.916
51	97	142.871
13	55	142.771
13	35	-142.77
13	29	142.763
27	61	142.641
77	95	-142.555
7	55	142.366
57	61	-142.359
35	47	-142.179
21	93	142.178
75	87	142.025
13	23	-141.831
21	61	-141.802
73	99	-141.768
31	47	-141.752
13	19	141.662
31	65	-141.553
41	87	141.504
35	53	-141.394
55	91	141.373
19	43	141.355
21	85	141.351
33	75	141.263
17	73	-141.143
39	45	-141.128
3	87	141.059
17	21	-141.042
31	75	141.038
5	75	-141.011
23	43	-140.981
19	31	-140.818
55	67	140.733
15	87	-140.718
13	93	140.716
79	87	140.557
59	77	-140.546
23	27	140.389
3	31	140.234
51	85	-140.226
21	37	-140.187
49	85	-140.181
15	53	140.175
47	97	-140.112
9	63	140.037
9	59	-139.713
39	87	139.694
53	95	139.615
67	89	139.537
31	73	-139.531
47	57	139.46
7	23	-139.399
3	33	139.356
11	59	-139.33
5	55	139.225
21	99	-139.19
41	73	-139.083
17	65	-138.862
43	83	-138.832
55	85	138.819
17	47	-138.758
65	93	138.601
51	67	-138.56
61	65	-138.468
29	43	138.415
89	97	-138.368
43	57	138.235
91	93	138.198
7	37	-137.979
29	81	-137.925
5	73	137.897
25	93	-137.876
31	55	-137.846
29	35	-137.845
57	83	-137.502
29	97	-137.394
29	31	-137.292
1	21	-137.233
23	67	-137.111
25	75	137.054
45	81	-137
7	35	-136.985
39	89	-136.937
35	43	-136.85
65	83	-136.836
23	91	-136.797
5	35	-136.739
3	13	-136.684
35	91	-136.611
13	73	136.599
7	41	-136.552
65	99	-136.547
73	79	-136.467
43	97	-136.367
33	49	136.353
71	73	-136.329
27	35	136.315
1	47	-136.303
35	89	-136.253
11	93	-136.221
17	83	136.21
47	99	-136.152
51	87	136.145
37	65	-136.083
37	73	-136.063
11	95	-135.982
1	63	135.839
11	75	135.796
59	85	135.739
57	73	135.633
1	65	-135.602
37	83	135.584
35	39	135.565
3	11	135.482
39	61	135.376
1	55	-135.363
11	83	135.307
61	95	-135.292
13	97	-135.217
57	89	135.172
17	55	-135.019
57	65	134.951
35	41	134.894
1	93	-134.704
49	59	-134.673
31	43	-134.668
9	97	134.531
11	73	-134.511
27	95	-134.41
3	25	134.391
57	93	134.383
13	75	-134.347
53	61	-134.346
5	23	-134.312
17	19	-134.307
39	85	-134.286
55	87	-134.221
33	79	134.134
37	47	-133.974
7	79	-133.913
27	67	-133.85
71	89	-133.775
47	83	-133.665
7	89	133.65
31	81	133.619
33	41	133.618
19	53	133.563
35	67	-133.491
47	61	-133.407
15	31	-133.354
43	89	133.332
1	15	-133.229
21	83	-133.048
3	71	132.939
51	93	-132.854
7	97	-132.549
21	57	132.534
21	63	-132.418
55	99	-132.372
21	51	-132.262
43	93	132.104
19	47	132.033
49	53	-132.028
7	93	132.023
43	95	131.915
53	89	131.803
73	91	131.604
41	61	131.585
17	29	-131.551
63	95	-131.388
5	29	131.326
37	67	-131.319
15	17	-131.249
31	53	-131.194
13	47	131.039
17	43	-131.024
91	97	-130.881
13	61	-130.831
19	39	-130.791
79	93	-130.762
83	99	130.732
9	23	130.488
71	75	130.444
11	45	-130.429
41	93	-130.329
13	43	130.325
67	97	-130.324
65	81	-130.187
5	19	130.175
37	81	130.173
1	19	-130.094
45	77	-130.083
7	43	130.083
43	69	-130.079
93	99	-130.067
3	91	-129.937
41	67	-129.78
17	93	-129.735
3	77	129.726
51	65	-129.675
75	77	129.632
19	99	-129.624
15	85	129.547
43	67	129.485
1	43	-129.418
53	63	-129.409
63	65	-129.38
19	55	129.265
19	65	129.248
29	47	129.222
47	51	-129.188
3	53	-129.097
15	99	-129.082
3	57	-128.985
5	97	-128.952
19	61	-128.951
23	55	-128.935
29	55	128.877
43	81	-128.864
63	77	128.823
51	63	128.809
17	53	-128.724
9	45	-128.696
45	85	128.686
29	53	128.681
33	59	-128.677
71	79	128.606
31	93	-128.502
27	87	128.46
1	29	-128.43
3	73	-128.427
7	27	-128.39
53	79	-128.369
57	75	-128.343
39	53	-128.312
67	83	-128.278
7	47	128.246
43	99	-128.089
25	29	-127.952
75	91	-127.908
25	69	127.904
21	81	-127.869
1	87	127.854
43	91	127.832
19	37	-127.831
5	47	127.823
35	55	-127.759
87	99	127.677
17	81	127.608
29	99	-127.515
5	61	-127.512
67	93	127.469
67	79	-127.364
47	91	127.254
11	79	127.17
5	43	127.12
73	75	-127.009
1	83	126.996
25	79	126.955
23	41	126.889
53	99	-126.886
29	39	-126.884
57	63	-126.858
7	73	126.855
1	53	-126.773
51	55	-126.749
77	93	-126.686
43	61	-126.614
59	87	-126.542
47	67	126.539
21	41	-126.515
19	49	-126.464
23	59	-126.42
27	85	-126.401
9	89	-126.378
25	41	126.322
9	61	126.317
7	83	-126.303
37	55	-126.295
61	91	-126.24
15	33	-126.24
49	89	-126.178
13	65	126.052
53	57	125.903
25	81	125.884
29	65	125.876
21	87	-125.86
65	69	-125.843
37	53	-125.74
77	89	-125.541
45	87	-125.525
47	81	-125.461
25	59	-125.435
33	51	125.368
61	89	-125.357
15	51	-125.253
57	95	125.228
29	37	-125.228
33	45	-125.214
59	97	-125.169
53	75	-125.124
37	87	125.083
45	49	-125.046
21	79	-124.972
33	69	124.936
31	89	-124.891
31	69	124.774
49	67	-124.765
41	97	124.75
7	61	-124.75
37	43	-124.693
45	93	124.684
57	81	-124.559
45	63	-124.459
17	87	124.383
9	35	124.374
77	97	124.351
41	65	-124.283
3	9	124.185
55	97	-124.153
65	79	-124.119
27	59	-123.971
47	63	-123.92
9	75	123.876
41	53	-123.807
51	53	-123.783
13	21	123.781
25	89	-123.706
19	21	123.695
9	19	-123.56
3	21	-123.521
11	89	-123.319
5	65	123.295
25	67	-123.223
81	99	123.171
9	29	-123.151
59	63	-123.108
67	95	123.01
41	47	-122.975
59	93	122.944
67	73	122.82
65	95	122.739
47	79	-122.718
47	89	122.713
29	61	-122.693
3	7	-122.678
47	69	-122.636
41	85	-122.587
29	49	-122.538
27	91	-122.507
47	87	-122.482
7	65	122.403
73	77	-122.398
29	77	-122.315
53	73	122.298
11	41	122.28
27	53	-122.277
3	65	-122.26
9	85	-122.253
7	75	-122.225
37	93	-122.144
43	51	-122.142
15	29	122.094
89	91	122.074
63	91	-121.943
31	95	-121.941
15	25	-121.913
15	37	-121.811
65	89	121.789
65	91	121.76
13	63	-121.738
9	67	-121.732
19	25	-121.721
47	95	121.597
21	69	-121.594
35	79	121.573
21	75	-121.571
57	69	-121.522
53	59	121.502
19	77	-121.481
67	81	-121.474
15	19	121.472
61	67	-121.464
25	45	-121.328
5	21	121.326
3	93	-121.23
25	95	-121.22
23	77	121.154
41	71	120.892
19	27	-120.82
7	49	-120.758
23	45	-120.751
21	29	120.709
27	29	-120.689
33	81	120.689
11	29	-120.644
65	67	120.636
7	63	-120.626
45	97	-120.543
13	89	120.415
77	79	120.413
13	83	-120.407
33	55	-120.302
29	33	-120.173
67	75	-120.122
31	87	120.096
5	63	-120.073
43	79	-120.052
19	71	-120.045
3	39	119.98
17	89	-119.912
9	93	-119.823
45	61	-119.822
49	87	119.819
65	87	-119.744
35	59	-119.693
15	23	-119.692
65	75	-119.609
3	67	-119.602
67	77	-119.571
15	35	-119.486
41	55	-119.438
83	91	-119.341
59	61	-119.317
9	53	-119.31
35	73	-119.275
3	47	-119.252
7	95	119.197
33	89	-119.168
7	81	-119.143
33	95	-119.13
37	89	-119.095
7	21	119.049
21	91	119.042
63	67	-119.001
55	61	-118.901
17	69	118.793
43	63	-118.787
1	81	118.723
75	93	-118.679
13	53	118.643
37	69	118.642
61	79	118.594
55	79	-118.549
19	51	-118.538
39	75	118.519
15	41	-118.496
29	51	-118.491
11	19	-118.279
67	69	-118.102
25	51	117.924
5	53	117.839
29	71	-117.779
41	43	-117.773
27	89	-117.689
15	79	-117.663
63	89	-117.646
55	83	-117.629
19	63	-117.624
21	95	117.566
5	87	-117.259
11	67	-117.218
49	65	-117.152
3	43	-117.074
21	89	117.035
21	67	116.978
7	25	-116.957
25	55	-116.887
61	77	116.853
31	49	116.787
45	53	116.781
89	99	-116.702
11	63	116.625
35	45	-116.579
47	75	-116.454
63	71	116.378
37	49	116.332
71	97	116.299
17	95	-116.25
33	99	116.195
1	33	116.129
73	85	116.116
55	89	116.084
27	45	-116.061
7	9	-116.033
43	49	-116.008
41	63	115.889
77	85	-115.86
25	83	115.819
23	73	-115.803
15	97	-115.799
49	91	-115.769
33	67	-115.717
21	49	-115.641
35	77	115.632
37	95	-115.408
23	79	115.384
1	89	-115.261
23	71	115.216
39	93	-115.129
7	69	-115.069
61	73	-115.051
7	53	115.043
39	67	-114.986
19	33	-114.915
41	77	114.836
9	79	114.766
69	87	114.716
33	37	114.688
51	83	114.676
53	91	114.654
69	99	114.635
13	87	-114.537
27	93	-114.471
13	27	-114.426
9	73	-114.245
53	67	113.975
7	77	-113.935
53	77	-113.912
11	15	-113.839
81	91	-113.816
49	57	-113.783
71	85	-113.748
15	27	-113.7
43	75	-113.495
79	97	113.472
79	85	-113.37
11	97	113.369
73	97	-113.31
15	61	-113.169
47	49	-113.098
27	57	-113.074
17	33	113.048
5	83	-112.921
17	49	112.83
13	81	-112.764
55	63	-112.719
45	73	112.67
29	63	-112.501
95	99	-112.449
35	75	112.442
27	75	112.317
11	51	112.227
53	71	-112.171
33	83	112.144
15	71	-112.123
5	89	112.107
61	75	112.095
7	11	-112.06
3	27	112.053
43	59	112.037
1	69	112.025
57	87	-111.938
39	79	111.83
29	41	-111.763
87	91	-111.748
5	27	-111.747
87	95	-111.639
7	33	-111.626
3	55	-111.613
29	75	-111.586
87	89	-111.533
21	33	-111.463
25	91	-111.415
39	43	-111.409
51	71	111.35
27	43	-111.331
43	87	-111.32
15	63	-111.249
13	95	111.18
29	87	-111.174
11	23	111.171
3	35	111.132
91	95	111.129
53	93	110.993
67	87	-110.96
59	73	110.937
1	95	-110.718
55	95	110.619
9	91	-110.606
7	39	-110.55
13	49	-110.44
7	87	-110.271
3	61	110.247
19	41	-110.12
49	99	110.072
55	81	-109.969
25	99	109.907
27	65	-109.898
33	47	-109.865
5	33	-109.747
1	25	109.729
85	93	109.682
39	65	-109.642
3	15	-109.62
81	87	109.587
51	81	109.569
35	71	109.411
9	41	109.388
31	33	109.373
27	55	-109.288
15	77	-109.221
55	75	-109.219
25	37	109.193
33	91	-109.131
77	91	-109.111
39	73	-109.079
3	49	109.016
43	45	108.769
15	89	108.76
35	93	-108.75
11	85	-108.697
69	91	-108.692
51	89	-108.679
13	69	-108.616
15	83	-108.615
61	71	108.54
55	69	-108.532
49	75	108.473
13	33	-108.453
11	91	-108.309
21	27	-108.235
63	93	-108.195
3	59	-108.184
27	47	-108.049
27	31	108.028
13	25	-107.987
3	29	-107.855
19	75	-107.853
11	61	107.687
63	73	-107.659
33	65	-107.639
5	81	-107.63
5	25	-107.515
15	75	-107.508
27	37	107.482
21	39	-107.442
5	49	-107.437
37	45	-107.43
11	53	-107.417
17	25	107.353
11	55	-107.341
63	79	107.29
23	75	107.265
49	93	-107.153
61	93	-107.148
59	75	-107.147
19	87	-107.127
5	71	-107.115
11	35	107.093
9	15	-107.079
1	49	106.988
59	79	-106.854
75	89	-106.738
25	47	-106.715
31	39	106.699
75	97	106.651
29	79	-106.602
39	47	-106.593
23	93	-106.563
3	45	-106.485
3	23	106.481
29	73	106.472
21	25	-106.423
9	43	-106.396
45	75	-106.389
27	73	-106.131
25	57	-106.119
39	41	106.111
5	11	-106.053
33	57	-106.027
51	77	106.026
15	49	-105.946
3	69	105.938
39	91	-105.902
45	79	-105.893
59	65	105.867
75	85	-105.8
3	97	105.765
49	55	-105.607
19	73	105.549
5	95	105.435
25	43	-105.395
17	27	105.347
1	71	105.319
39	57	-105.309
25	63	105.236
37	39	105.229
9	13	-105.205
11	13	-105.086
1	11	104.992
93	97	-104.903
3	85	-104.867
19	79	-104.863
3	19	-104.86
37	59	-104.79
55	71	-104.785
57	59	104.751
59	67	104.713
33	43	-104.705
45	65	104.661
9	57	-104.648
25	31	104.635
47	59	104.617
83	87	104.602
27	79	104.592
41	89	-104.559
13	77	-104.532
5	77	-104.469
35	87	104.425
51	69	104.386
11	99	104.378
25	65	-104.372
69	75	104.363
41	83	104.343
9	65	-104.213
5	9	-104.209
25	85	-104.198
17	39	104.121
21	45	104.12
15	81	-104.105
93	95	104.083
3	89	-104.07
3	81	104.026
69	93	-104.024
63	75	104.023
41	45	-104.006
67	71	-104.005
15	95	103.986
55	77	-103.943
61	87	103.772
5	69	-103.77
21	59	103.754
71	99	103.752
45	67	103.681
27	99	103.612
51	95	-103.56
31	59	-103.551
43	77	-103.45
13	71	-103.349
41	59	-103.268
45	47	103.178
71	91	-103.143
75	81	103.053
3	95	-103.045
9	55	-103.011
11	37	102.984
45	57	102.96
31	45	-102.949
29	93	102.933
7	59	102.904
3	63	102.881
57	77	-102.825
49	79	102.811
25	97	102.736
9	21	-102.718
75	95	-102.708
39	99	102.679
15	45	102.65
11	17	102.627
9	47	-102.569
69	79	102.565
9	51	102.532
13	39	-102.482
17	71	102.472
19	93	102.458
5	45	102.433
49	51	102.414
41	81	102.409
1	27	102.37
7	71	-102.367
15	69	-102.328
11	57	-102.271
73	83	-102.263
9	31	102.232
17	45	-102.216
7	45	102.213
45	99	-102.186
9	37	102.037
33	63	101.998
45	51	-101.996
23	87	101.992
5	59	101.971
15	39	-101.971
15	59	101.936
17	59	-101.887
27	41	101.788
23	25	101.768
87	97	101.734
53	87	-101.722
43	71	-101.687
25	53	-101.67
79	89	-101.473
1	39	101.442
79	81	101.426
79	83	101.423
49	73	-101.414
39	51	101.39
31	71	101.385
5	39	-101.363
37	71	101.358
25	61	101.293
65	77	-101.29
33	97	101.283
1	77	101.259
33	85	-101.248
3	83	101.222
13	59	101.198
59	99	-101.195
69	73	-101.174
45	91	101.164
11	43	-101.161
77	99	101.101
13	45	101.07
37	77	101.062
11	31	101.03
9	17	101.025
59	91	101.017
73	89	101.001
33	61	100.968
81	93	-100.943
41	49	100.942
33	35	100.802
79	95	-100.799
65	71	-100.795
85	87	-100.769
39	55	-100.76
41	69	100.734
21	71	-100.711
23	33	100.69
51	59	-100.662
25	35	100.656
9	99	100.644
47	77	-100.588
1	45	-100.557
47	71	-100.527
11	21	-100.52
75	83	100.514
17	77	100.495
11	47	-100.492
21	77	-100.48
55	59	100.475
31	77	100.443
73	95	100.436
73	81	-100.398
83	93	-100.332
89	93	100.302
1	59	-100.259
57	71	-100.246
1	9	100.186
33	53	-100.161
27	51	100.154
63	87	100.137
41	95	-100.133
45	55	100.038
11	65	-100.015
82	83	20
90	91	20
68	69	20
26	27	20
24	25	20
56	57	20
92	93	20
66	67	20
58	59	20
22	23	20
20	21	20
40	41	20
94	95	20
60	61	20
62	63	20
38	39	20
96	97	20
64	65	20
54	55	20
70	71	20
18	19	20
36	37	20
34	35	20
80	81	20
84	85	20
78	79	20
32	33	20
46	47	20
16	17	20
42	43	20
44	45	20
86	87	20
76	77	20
30	31	20
14	15	20
74	75	20
72	73	20
52	53	20
88	89	20
28	29	20
48	49	20
50	51	20
0	1	20
98	99	20
12	13	20
2	3	20
10	11	20
4	5	20
8	9	20
6	7	20
17	98	19.9521
16	99	19.9521
3	74	19.9293
2	75	19.9293
17	30	19.924
16	31	19.924
18	29	19.8972
19	28	19.8972
46	65	19.893
47	64	19.893
6	67	19.8877
7	66	19.8877
21	64	19.8854
20	65	19.8854
1	98	19.8737
0	99	19.8737
23	96	19.8722
22	97	19.8722
34	97	19.8573
35	96	19.8573
9	76	19.8462
8	77	19.8462
1	16	19.8441
0	17	19.8441
23	34	19.8402
22	35	19.8402
4	13	19.8369
5	12	19.8369
13	90	19.8318
12	91	19.8318
45	58	19.7874
44	59	19.7874
30	99	19.7573
31	98	19.7573
11	76	19.7562
10	77	19.7562
24	33	19.7532
25	32	19.7532
6	91	19.7518
7	90	19.7518
41	78	19.7104
40	79	19.7104
20	47	19.7027
21	46	19.7027
36	99	19.6698
37	98	19.6698
1	30	19.6629
0	31	19.6629
14	55	19.6428
15	54	19.6428
8	39	19.6174
9	38	19.6174
42	47	19.6163
43	46	19.6163
0	51	19.6146
1	50	19.6146
17	36	19.5989
16	37	19.5989
5	90	19.5709
4	91	19.5709
68	83	19.5639
69	82	19.5639
51	98	19.5635
50	99	19.5635
40	51	19.546
41	50	19.546
27	48	19.5423
26	49	19.5423
13	56	19.5411
12	57	19.5411
3	78	19.5297
2	79	19.5297
34	61	19.5269
35	60	19.5269
61	96	19.5101
60	97	19.5101
42	65	19.4714
43	64	19.4714
32	87	19.4568
33	86	19.4568
81	82	19.4273
80	83	19.4273
30	37	19.396
31	36	19.396
18	89	19.391
19	88	19.391
60	63	19.3738
61	62	19.3738
6	13	19.3611
7	12	19.3611
67	90	19.3398
66	91	19.3398
75	78	19.3321
74	79	19.3321
17	50	19.2729
16	51	19.2729
39	76	19.257
38	77	19.257
69	80	19.2547
68	81	19.2547
73	92	19.2467
72	93	19.2467
9	10	19.2321
8	11	19.2321
9	26	19.2274
8	27	19.2274
56	91	19.2216
57	90	19.2216
10	25	19.2058
11	24	19.2058
29	88	19.2033
28	89	19.2033
39	48	19.1601
38	49	19.1601
0	37	19.158
1	36	19.158
6	57	19.1526
7	56	19.1526
48	81	19.1198
49	80	19.1198
69	94	-19.079
68	95	-19.079
89	94	19.0381
88	95	19.0381
22	61	19.0346
23	60	19.0346
47	54	19.0027
46	55	19.0027
10	33	19
11	32	19
42	53	18.9869
43	52	18.9869
37	50	18.9646
36	51	18.9646
2	41	18.9644
3	40	18.9644
5	56	18.9608
4	57	18.9608
41	74	18.9603
40	75	18.9603
20	43	18.9114
21	42	18.9114
8	49	18.9035
9	48	18.9035
10	71	18.8766
11	70	18.8766
30	51	18.7844
31	50	18.7844
13	66	18.7588
12	67	18.7588
5	6	18.7581
4	7	18.7581
23	84	-18.7395
22	85	-18.7395
53	64	18.7248
52	65	18.7248
50	79	18.723
51	78	18.723
70	77	18.709
71	76	18.709
26	39	18.6987
27	38	18.6987
57	66	18.6786
56	67	18.6786
59	94	18.6639
58	95	18.6639
62	97	18.5847
63	96	18.5847
27	76	18.5756
26	77	18.5756
25	86	18.5754
24	87	18.5754
83	94	-18.551
82	95	-18.551
23	82	18.538
22	83	18.538
39	80	18.5369
38	81	18.5369
38	71	18.4662
39	70	18.4662
1	40	18.4638
0	41	18.4638
42	55	18.4416
43	54	18.4416
30	57	-18.4359
31	56	-18.4359
39	68	18.434
38	69	18.434
10	39	18.393
11	38	18.393
25	76	18.3918
24	77	18.3918
18	85	18.3902
19	84	18.3902
54	65	18.3418
55	64	18.3418
82	97	18.3318
83	96	18.3318
41	98	18.3163
40	99	18.3163
46	53	18.3043
47	52	18.3043
1	56	-18.2952
0	57	-18.2952
15	92	18.2856
14	93	18.2856
82	85	-18.2738
83	84	-18.2738
9	70	18.2385
8	71	18.2385
80	97	18.2219
81	96	18.2219
15	72	18.2027
14	73	18.2027
30	35	18.1952
31	34	18.1952
34	63	18.1806
35	62	18.1806
20	53	18.1737
21	52	18.1737
21	54	18.1349
20	55	18.1349
34	37	18.0923
35	36	18.0923
16	57	-18.0719
17	56	-18.0719
35	84	-18.0514
34	85	-18.0514
49	76	18.0213
48	77	18.0213
18	95	18.0121
19	94	18.0121
5	66	18.0084
4	67	18.0084
22	81	17.9721
23	80	17.9721
84	97	-17.9387
85	96	-17.9387
1	4	-17.9325
0	5	-17.9325
32	77	17.9123
33	76	17.9123
1	12	-17.9017
0	13	-17.9017
45	94	17.8405
44	95	17.8405
16	41	17.8188
17	40	17.8188
37	60	17.8162
36	61	17.8162
29	84	17.7809
28	85	17.7809
73	86	-17.7603
72	87	-17.7603
16	35	17.7533
17	34	17.7533
23	62	17.7362
22	63	17.7362
58	89	17.7115
59	88	17.7115
22	31	17.7111
23	30	17.7111
48	69	17.7018
49	68	17.7018
57	98	-17.6878
56	99	-17.6878
15	46	17.675
14	47	17.675
55	72	17.665
54	73	17.665
35	82	17.6283
34	83	17.6283
36	41	17.6193
37	40	17.6193
26	81	17.6115
27	80	17.6115
11	86	17.6113
10	87	17.6113
56	85	17.6092
57	84	17.6092
8	25	17.5189
9	24	17.5189
11	26	17.4699
10	27	17.4699
33	70	17.4645
32	71	17.4645
12	31	-17.4477
13	30	-17.4477
44	89	17.4361
45	88	17.4361
0	79	17.4283
1	78	17.4283
48	83	17.4144
49	82	17.4144
51	74	17.3979
50	75	17.3979
3	50	17.3576
2	51	17.3576
29	94	17.3569
28	95	17.3569
35	98	17.3477
34	99	17.3477
62	81	17.3437
63	80	17.3437
8	81	17.3234
9	80	17.3234
12	17	-17.2779
13	16	-17.2779
39	82	17.2684
38	83	17.2684
30	85	-17.2613
31	84	-17.2613
35	80	17.2598
34	81	17.2598
31	96	17.2391
30	97	17.2391
22	37	17.2089
23	36	17.2089
49	62	17.182
48	63	17.182
58	69	-17.1752
59	68	-17.1752
81	94	-17.1481
80	95	-17.1481
4	51	-17.1377
5	50	-17.1377
4	31	-17.1359
5	30	-17.1359
5	16	-17.1326
4	17	-17.1326
36	97	17.1245
37	96	17.1245
16	23	17.1175
17	22	17.1175
31	40	17.1077
30	41	17.1077
30	61	17.1031
31	60	17.1031
79	98	17.0632
78	99	17.0632
25	70	17.0446
24	71	17.0446
13	98	-17.036
12	99	-17.036
85	88	17.025
84	89	17.025
85	94	17.0203
84	95	17.0203
5	98	-17.0157
4	99	-17.0157
55	92	16.9982
54	93	16.9982
61	80	16.988
60	81	16.988
14	43	16.9131
15	42	16.9131
9	68	16.8658
8	69	16.8658
15	64	16.8581
14	65	16.8581
9	32	16.8565
8	33	16.8565
23	68	16.8478
22	69	16.8478
50	57	-16.8418
51	56	-16.8418
17	60	16.8389
16	61	16.8389
71	86	16.8308
70	87	16.8308
0	91	-16.8172
1	90	-16.8172
69	88	-16.8111
68	89	-16.8111
87	92	-16.8017
86	93	-16.8017
13	50	-16.7853
12	51	-16.7853
68	85	-16.7747
69	84	-16.7747
59	70	-16.7727
58	71	-16.7727
14	21	16.7524
15	20	16.7524
69	96	16.7249
68	97	16.7249
16	97	16.7127
17	96	16.7127
18	83	-16.6923
19	82	-16.6923
0	35	16.6919
1	34	16.6919
29	66	16.6735
28	67	16.6735
83	88	-16.664
82	89	-16.664
11	48	16.6618
10	49	16.6618
61	82	16.6358
60	83	16.6358
69	70	16.617
68	71	16.617
23	98	16.6078
22	99	16.6078
60	99	16.5801
61	98	16.5801
81	84	-16.5424
80	85	-16.5424
16	79	16.5228
17	78	16.5228
17	84	-16.4892
16	85	-16.4892
49	96	16.4506
48	97	16.4506
30	91	-16.4375
31	90	-16.4375
36	57	-16.4134
37	56	-16.4134
5	40	-16.3646
4	41	-16.3646
76	81	16.3281
77	80	16.3281
5	78	-16.2805
4	79	-16.2805
19	66	16.2785
18	67	16.2785
38	95	-16.2647
39	94	-16.2647
96	99	16.2584
97	98	16.2584
61	84	-16.2212
60	85	-16.2212
68	77	16.2133
69	76	16.2133
77	86	16.1956
76	87	16.1956
16	91	-16.1878
17	90	-16.1878
21	72	16.1473
20	73	16.1473
63	82	16.1441
62	83	16.1441
19	68	-16.139
18	69	-16.139
67	84	16.1221
66	85	16.1221
47	72	16.1214
46	73	16.1214
7	84	16.1187
6	85	16.1187
36	79	16.1141
37	78	16.1141
27	62	16.0903
26	63	16.0903
24	39	16.0576
25	38	16.0576
26	69	16.057
27	68	16.057
1	22	16.0514
0	23	16.0514
48	71	16.0381
49	70	16.0381
1	6	-16.024
0	7	-16.024
7	28	16.0181
6	29	16.0181
23	56	-15.967
22	57	-15.967
7	30	-15.9651
6	31	-15.9651
45	68	-15.937
44	69	-15.937
27	70	15.9336
26	71	15.9336
91	98	-15.8976
90	99	-15.8976
35	56	-15.8898
34	57	-15.8898
85	98	-15.8579
84	99	-15.8579
25	26	15.8427
24	27	15.8427
23	48	15.8425
22	49	15.8425
19	56	15.8165
18	57	15.8165
44	71	-15.8108
45	70	-15.8108
29	82	-15.7962
28	83	-15.7962
34	69	15.7934
35	68	15.7934
1	84	-15.7843
0	85	-15.7843
31	78	15.7764
30	79	15.7764
53	54	15.7744
52	55	15.7744
49	60	15.7686
48	61	15.7686
36	63	15.7589
37	62	15.7589
28	57	15.7473
29	56	15.7473
59	82	-15.742
58	83	-15.742
33	72	-15.7267
32	73	-15.7267
12	41	-15.7254
13	40	-15.7254
0	61	15.716
1	60	15.716
7	18	15.7147
6	19	15.7147
37	84	-15.671
36	85	-15.671
13	84	15.662
12	85	15.662
1	2	15.6567
0	3	15.6567
1	74	15.6536
0	75	15.6536
9	82	15.64
8	83	15.64
22	95	-15.64
23	94	-15.64
51	90	-15.6178
50	91	-15.6178
70	95	-15.6126
71	94	-15.6126
65	72	15.6006
64	73	15.6006
32	39	15.5888
33	38	15.5888
0	97	15.5786
1	96	15.5786
6	17	-15.5654
7	16	-15.5654
27	82	15.56
26	83	15.56
75	98	15.5253
74	99	15.5253
18	59	15.5161
19	58	15.5161
12	37	-15.4919
13	36	-15.4919
18	23	-15.4623
19	22	-15.4623
34	51	15.4342
35	50	15.4342
13	78	-15.4248
12	79	-15.4248
5	36	-15.4239
4	37	-15.4239
70	81	15.4211
71	80	15.4211
2	99	15.419
3	98	15.419
39	58	-15.3757
38	59	-15.3757
84	91	15.3679
85	90	15.3679
34	49	15.3307
35	48	15.3307
40	57	-15.3257
41	56	-15.3257
28	69	-15.3079
29	68	-15.3079
31	66	-15.2413
30	67	-15.2413
7	98	-15.1824
6	99	-15.1824
1	66	-15.1822
0	67	-15.1822
94	97	-15.1722
95	96	-15.1722
11	68	15.1245
10	69	15.1245
57	96	-15.116
56	97	-15.116
18	45	15.1037
19	44	15.1037
29	58	15.0656
28	59	15.0656
63	68	15.0509
62	69	15.0509
60	69	15.0146
61	68	15.0146
9	86	14.993
8	87	14.993
36	75	14.988
37	74	14.988
33	92	-14.9729
32	93	-14.9729
49	94	-14.9641
48	95	-14.9641
53	82	-14.9472
52	83	-14.9472
42	85	14.9161
43	84	14.9161
10	81	14.9088
11	80	14.9088
17	74	14.8953
16	75	14.8953
30	63	14.8718
31	62	14.8718
50	61	14.8608
51	60	14.8608
58	81	-14.8179
59	80	-14.8179
2	17	14.804
3	16	14.804
17	66	-14.794
16	67	-14.794
28	45	14.792
29	44	14.792
27	32	14.7766
26	33	14.7766
77	82	14.7588
76	83	14.7588
3	36	14.7285
2	37	14.7285
20	35	-14.7147
21	34	-14.7147
22	65	-14.6931
23	64	-14.6931
55	56	14.6906
54	57	14.6906
27	96	14.6776
26	97	14.6776
38	97	14.674
39	96	14.674
20	23	-14.6733
21	22	-14.6733
80	89	-14.6655
81	88	-14.6655
7	50	-14.6621
6	51	-14.6621
38	63	14.6584
39	62	14.6584
40	91	-14.6553
41	90	-14.6553
23	28	-14.6471
22	29	-14.6471
71	82	14.6463
70	83	14.6463
47	84	14.6345
46	85	14.6345
28	91	14.6256
29	90	14.6256
44	83	-14.6167
45	82	-14.6167
15	56	14.6166
14	57	14.6166
16	63	14.6121
17	62	14.6121
8	95	-14.6018
9	94	-14.6018
23	50	14.5945
22	51	14.5945
18	81	-14.5907
19	80	-14.5907
13	14	14.5903
12	15	14.5903
57	78	-14.5877
56	79	-14.5877
14	91	14.5724
15	90	14.5724
35	64	-14.5718
34	65	-14.5718
23	52	-14.5655
22	53	-14.5655
5	84	14.5562
4	85	14.5562
6	15	14.5503
7	14	14.5503
35	94	-14.5446
34	95	-14.5446
18	97	-14.5409
19	96	-14.5409
47	92	14.5353
46	93	14.5353
64	85	14.5302
65	84	14.5302
62	85	-14.53
63	84	-14.53
22	89	-14.5292
23	88	-14.5292
19	34	-14.523
18	35	-14.523
71	92	-14.5206
70	93	-14.5206
20	97	-14.5123
21	96	-14.5123
78	91	-14.4922
79	90	-14.4922
42	73	14.4782
43	72	14.4782
25	48	14.4737
24	49	14.4737
53	80	-14.4709
52	81	-14.4709
53	84	14.4673
52	85	14.4673
3	4	-14.4512
2	5	-14.4512
52	69	-14.4363
53	68	-14.4363
65	96	-14.4346
64	97	-14.4346
25	72	-14.4299
24	73	-14.4299
66	99	-14.3956
67	98	-14.3956
19	90	14.3933
18	91	14.3933
1	72	-14.3855
0	73	-14.3855
37	90	-14.3847
36	91	-14.3847
23	46	-14.3817
22	47	-14.3817
63	98	14.3772
62	99	14.3772
52	97	-14.3724
53	96	-14.3724
30	83	14.3526
31	82	14.3526
14	67	14.3477
15	66	14.3477
22	39	14.3446
23	38	14.3446
5	92	14.3428
4	93	14.3428
4	15	14.3307
5	14	14.3307
20	31	-14.3076
21	30	-14.3076
51	72	-14.2916
50	73	-14.2916
50	97	14.2871
51	96	14.2871
12	55	14.2771
13	54	14.2771
13	34	-14.277
12	35	-14.277
12	29	14.2763
13	28	14.2763
26	61	14.2641
27	60	14.2641
76	95	-14.2555
77	94	-14.2555
7	54	14.2366
6	55	14.2366
57	60	-14.2359
56	61	-14.2359
34	47	-14.2179
35	46	-14.2179
20	93	14.2178
21	92	14.2178
74	87	14.2025
75	86	14.2025
12	23	-14.1831
13	22	-14.1831
21	60	-14.1802
20	61	-14.1802
72	99	-14.1768
73	98	-14.1768
30	47	-14.1752
31	46	-14.1752
13	18	14.1662
12	19	14.1662
31	64	-14.1553
30	65	-14.1553
40	87	14.1504
41	86	14.1504
35	52	-14.1394
34	53	-14.1394
54	91	14.1373
55	90	14.1373
18	43	14.1355
19	42	14.1355
21	84	14.1351
20	85	14.1351
33	74	14.1263
32	75	14.1263
17	72	-14.1143
16	73	-14.1143
38	45	-14.1128
39	44	-14.1128
2	87	14.1059
3	86	14.1059
16	21	-14.1042
17	20	-14.1042
30	75	14.1038
31	74	14.1038
4	75	-14.1011
5	74	-14.1011
23	42	-14.0981
22	43	-14.0981
19	30	-14.0818
18	31	-14.0818
55	66	14.0733
54	67	14.0733
14	87	-14.0718
15	86	-14.0718
13	92	14.0716
12	93	14.0716
78	87	14.0557
79	86	14.0557
58	77	-14.0546
59	76	-14.0546
22	27	14.0389
23	26	14.0389
2	31	14.0234
3	30	14.0234
50	85	-14.0226
51	84	-14.0226
20	37	-14.0187
21	36	-14.0187
48	85	-14.0181
49	84	-14.0181
14	53	14.0175
15	52	14.0175
47	96	-14.0112
46	97	-14.0112
9	62	14.0037
8	63	14.0037
9	58	-13.9713
8	59	-13.9713
39	86	13.9694
38	87	13.9694
53	94	13.9615
52	95	13.9615
66	89	13.9537
67	88	13.9537
31	72	-13.9531
30	73	-13.9531
47	56	13.946
46	57	13.946
7	22	-13.9399
6	23	-13.9399
2	33	13.9356
3	32	13.9356
10	59	-13.933
11	58	-13.933
5	54	13.9225
4	55	13.9225
20	99	-13.919
21	98	-13.919
41	72	-13.9083
40	73	-13.9083
17	64	-13.8862
16	65	-13.8862
42	83	-13.8832
43	82	-13.8832
54	85	13.8819
55	84	13.8819
17	46	-13.8758
16	47	-13.8758
65	92	13.8601
64	93	13.8601
51	66	-13.856
50	67	-13.856
60	65	-13.8468
61	64	-13.8468
29	42	13.8415
28	43	13.8415
89	96	-13.8368
88	97	-13.8368
43	56	13.8235
42	57	13.8235
91	92	13.8198
90	93	13.8198
6	37	-13.7979
7	36	-13.7979
29	80	-13.7925
28	81	-13.7925
4	73	13.7897
5	72	13.7897
24	93	-13.7876
25	92	-13.7876
30	55	-13.7846
31	54	-13.7846
28	35	-13.7845
29	34	-13.7845
57	82	-13.7502
56	83	-13.7502
29	96	-13.7394
28	97	-13.7394
29	30	-13.7292
28	31	-13.7292
1	20	-13.7233
0	21	-13.7233
22	67	-13.7111
23	66	-13.7111
24	75	13.7054
25	74	13.7054
45	80	-13.7
44	81	-13.7
6	35	-13.6985
7	34	-13.6985
39	88	-13.6937
38	89	-13.6937
35	42	-13.685
34	43	-13.685
64	83	-13.6836
65	82	-13.6836
23	90	-13.6797
22	91	-13.6797
4	35	-13.6739
5	34	-13.6739
3	12	-13.6684
2	13	-13.6684
35	90	-13.6611
34	91	-13.6611
13	72	13.6599
12	73	13.6599
6	41	-13.6552
7	40	-13.6552
64	99	-13.6547
65	98	-13.6547
72	79	-13.6467
73	78	-13.6467
43	96	-13.6367
42	97	-13.6367
32	49	13.6353
33	48	13.6353
70	73	-13.6329
71	72	-13.6329
27	34	13.6315
26	35	13.6315
0	47	-13.6303
1	46	-13.6303
35	88	-13.6253
34	89	-13.6253
10	93	-13.6221
11	92	-13.6221
16	83	13.621
17	82	13.621
47	98	-13.6152
46	99	-13.6152
51	86	13.6145
50	87	13.6145
36	65	-13.6083
37	64	-13.6083
36	73	-13.6063
37	72	-13.6063
10	95	-13.5982
11	94	-13.5982
1	62	13.5839
0	63	13.5839
10	75	13.5796
11	74	13.5796
59	84	13.5739
58	85	13.5739
56	73	13.5633
57	72	13.5633
0	65	-13.5602
1	64	-13.5602
36	83	13.5584
37	82	13.5584
35	38	13.5565
34	39	13.5565
2	11	13.5482
3	10	13.5482
38	61	13.5376
39	60	13.5376
0	55	-13.5363
1	54	-13.5363
10	83	13.5307
11	82	13.5307
61	94	-13.5292
60	95	-13.5292
12	97	-13.5217
13	96	-13.5217
57	88	13.5172
56	89	13.5172
17	54	-13.5019
16	55	-13.5019
57	64	13.4951
56	65	13.4951
35	40	13.4894
34	41	13.4894
1	92	-13.4704
0	93	-13.4704
49	58	-13.4673
48	59	-13.4673
30	43	-13.4668
31	42	-13.4668
8	97	13.4531
9	96	13.4531
10	73	-13.4511
11	72	-13.4511
27	94	-13.441
26	95	-13.441
2	25	13.4391
3	24	13.4391
56	93	13.4383
57	92	13.4383
13	74	-13.4347
12	75	-13.4347
53	60	-13.4346
52	61	-13.4346
5	22	-13.4312
4	23	-13.4312
16	19	-13.4307
17	18	-13.4307
39	84	-13.4286
38	85	-13.4286
55	86	-13.4221
54	87	-13.4221
32	79	13.4134
33	78	13.4134
37	46	-13.3974
36	47	-13.3974
7	78	-13.3913
6	79	-13.3913
27	66	-13.385
26	67	-13.385
70	89	-13.3775
71	88	-13.3775
46	83	-13.3665
47	82	-13.3665
7	88	13.365
6	89	13.365
31	80	13.3619
30	81	13.3619
33	40	13.3618
32	41	13.3618
18	53	13.3563
19	52	13.3563
34	67	-13.3491
35	66	-13.3491
46	61	-13.3407
47	60	-13.3407
15	30	-13.3354
14	31	-13.3354
42	89	13.3332
43	88	13.3332
0	15	-13.3229
1	14	-13.3229
21	82	-13.3048
20	83	-13.3048
3	70	13.2939
2	71	13.2939
51	92	-13.2854
50	93	-13.2854
6	97	-13.2549
7	96	-13.2549
21	56	13.2534
20	57	13.2534
21	62	-13.2418
20	63	-13.2418
55	98	-13.2372
54	99	-13.2372
20	51	-13.2262
21	50	-13.2262
42	93	13.2104
43	92	13.2104
19	46	13.2033
18	47	13.2033
48	53	-13.2028
49	52	-13.2028
7	92	13.2023
6	93	13.2023
43	94	13.1915
42	95	13.1915
52	89	13.1803
53	88	13.1803
73	90	13.1604
72	91	13.1604
41	60	13.1585
40	61	13.1585
16	29	-13.1551
17	28	-13.1551
63	94	-13.1388
62	95	-13.1388
5	28	13.1326
4	29	13.1326
37	66	-13.1319
36	67	-13.1319
15	16	-13.1249
14	17	-13.1249
30	53	-13.1194
31	52	-13.1194
12	47	13.1039
13	46	13.1039
17	42	-13.1024
16	43	-13.1024
91	96	-13.0881
90	97	-13.0881
12	61	-13.0831
13	60	-13.0831
19	38	-13.0791
18	39	-13.0791
78	93	-13.0762
79	92	-13.0762
83	98	13.0732
82	99	13.0732
8	23	13.0488
9	22	13.0488
70	75	13.0444
71	74	13.0444
10	45	-13.0429
11	44	-13.0429
40	93	-13.0329
41	92	-13.0329
13	42	13.0325
12	43	13.0325
67	96	-13.0324
66	97	-13.0324
64	81	-13.0187
65	80	-13.0187
5	18	13.0175
4	19	13.0175
36	81	13.0173
37	80	13.0173
1	18	-13.0094
0	19	-13.0094
44	77	-13.0083
45	76	-13.0083
7	42	13.0083
6	43	13.0083
43	68	-13.0079
42	69	-13.0079
93	98	-13.0067
92	99	-13.0067
3	90	-12.9937
2	91	-12.9937
41	66	-12.978
40	67	-12.978
17	92	-12.9735
16	93	-12.9735
2	77	12.9726
3	76	12.9726
50	65	-12.9675
51	64	-12.9675
74	77	12.9632
75	76	12.9632
18	99	-12.9624
19	98	-12.9624
14	85	12.9547
15	84	12.9547
42	67	12.9485
43	66	12.9485
1	42	-12.9418
0	43	-12.9418
52	63	-12.9409
53	62	-12.9409
63	64	-12.938
62	65	-12.938
19	54	12.9265
18	55	12.9265
19	64	12.9248
18	65	12.9248
28	47	12.9222
29	46	12.9222
46	51	-12.9188
47	50	-12.9188
3	52	-12.9097
2	53	-12.9097
15	98	-12.9082
14	99	-12.9082
2	57	-12.8985
3	56	-12.8985
5	96	-12.8952
4	97	-12.8952
18	61	-12.8951
19	60	-12.8951
22	55	-12.8935
23	54	-12.8935
29	54	12.8877
28	55	12.8877
42	81	-12.8864
43	80	-12.8864
63	76	12.8823
62	77	12.8823
51	62	12.8809
50	63	12.8809
16	53	-12.8724
17	52	-12.8724
9	44	-12.8696
8	45	-12.8696
45	84	12.8686
44	85	12.8686
28	53	12.8681
29	52	12.8681
33	58	-12.8677
32	59	-12.8677
71	78	12.8606
70	79	12.8606
30	93	-12.8502
31	92	-12.8502
26	87	12.846
27	86	12.846
0	29	-12.843
1	28	-12.843
3	72	-12.8427
2	73	-12.8427
7	26	-12.839
6	27	-12.839
52	79	-12.8369
53	78	-12.8369
57	74	-12.8343
56	75	-12.8343
39	52	-12.8312
38	53	-12.8312
66	83	-12.8278
67	82	-12.8278
6	47	12.8246
7	46	12.8246
42	99	-12.8089
43	98	-12.8089
25	28	-12.7952
24	29	-12.7952
74	91	-12.7908
75	90	-12.7908
24	69	12.7904
25	68	12.7904
20	81	-12.7869
21	80	-12.7869
0	87	12.7854
1	86	12.7854
42	91	12.7832
43	90	12.7832
19	36	-12.7831
18	37	-12.7831
5	46	12.7823
4	47	12.7823
34	55	-12.7759
35	54	-12.7759
87	98	12.7677
86	99	12.7677
16	81	12.7608
17	80	12.7608
29	98	-12.7515
28	99	-12.7515
4	61	-12.7512
5	60	-12.7512
67	92	12.7469
66	93	12.7469
66	79	-12.7364
67	78	-12.7364
46	91	12.7254
47	90	12.7254
11	78	12.717
10	79	12.717
4	43	12.712
5	42	12.712
72	75	-12.7009
73	74	-12.7009
0	83	12.6996
1	82	12.6996
24	79	12.6955
25	78	12.6955
23	40	12.6889
22	41	12.6889
53	98	-12.6886
52	99	-12.6886
29	38	-12.6884
28	39	-12.6884
57	62	-12.6858
56	63	-12.6858
6	73	12.6855
7	72	12.6855
0	53	-12.6773
1	52	-12.6773
51	54	-12.6749
50	55	-12.6749
77	92	-12.6686
76	93	-12.6686
42	61	-12.6614
43	60	-12.6614
59	86	-12.6542
58	87	-12.6542
46	67	12.6539
47	66	12.6539
20	41	-12.6515
21	40	-12.6515
19	48	-12.6464
18	49	-12.6464
23	58	-12.642
22	59	-12.642
27	84	-12.6401
26	85	-12.6401
9	88	-12.6378
8	89	-12.6378
25	40	12.6322
24	41	12.6322
8	61	12.6317
9	60	12.6317
7	82	-12.6303
6	83	-12.6303
36	55	-12.6295
37	54	-12.6295
61	90	-12.624
60	91	-12.624
15	32	-12.624
14	33	-12.624
48	89	-12.6178
49	88	-12.6178
12	65	12.6052
13	64	12.6052
53	56	12.5903
52	57	12.5903
25	80	12.5884
24	81	12.5884
28	65	12.5876
29	64	12.5876
20	87	-12.586
21	86	-12.586
64	69	-12.5843
65	68	-12.5843
36	53	-12.574
37	52	-12.574
76	89	-12.5541
77	88	-12.5541
44	87	-12.5525
45	86	-12.5525
47	80	-12.5461
46	81	-12.5461
24	59	-12.5435
25	58	-12.5435
32	51	12.5368
33	50	12.5368
61	88	-12.5357
60	89	-12.5357
15	50	-12.5253
14	51	-12.5253
57	94	12.5228
56	95	12.5228
28	37	-12.5228
29	36	-12.5228
33	44	-12.5214
32	45	-12.5214
59	96	-12.5169
58	97	-12.5169
52	75	-12.5124
53	74	-12.5124
37	86	12.5083
36	87	12.5083
44	49	-12.5046
45	48	-12.5046
21	78	-12.4972
20	79	-12.4972
33	68	12.4936
32	69	12.4936
31	88	-12.4891
30	89	-12.4891
31	68	12.4774
30	69	12.4774
48	67	-12.4765
49	66	-12.4765
41	96	12.475
40	97	12.475
6	61	-12.475
7	60	-12.475
36	43	-12.4693
37	42	-12.4693
45	92	12.4684
44	93	12.4684
57	80	-12.4559
56	81	-12.4559
45	62	-12.4459
44	63	-12.4459
17	86	12.4383
16	87	12.4383
9	34	12.4374
8	35	12.4374
77	96	12.4351
76	97	12.4351
41	64	-12.4283
40	65	-12.4283
3	8	12.4185
2	9	12.4185
54	97	-12.4153
55	96	-12.4153
64	79	-12.4119
65	78	-12.4119
27	58	-12.3971
26	59	-12.3971
46	63	-12.392
47	62	-12.392
9	74	12.3876
8	75	12.3876
41	52	-12.3807
40	53	-12.3807
51	52	-12.3783
50	53	-12.3783
12	21	12.3781
13	20	12.3781
25	88	-12.3706
24	89	-12.3706
18	21	12.3695
19	20	12.3695
9	18	-12.356
8	19	-12.356
2	21	-12.3521
3	20	-12.3521
10	89	-12.3319
11	88	-12.3319
4	65	12.3295
5	64	12.3295
25	66	-12.3223
24	67	-12.3223
80	99	12.3171
81	98	12.3171
9	28	-12.3151
8	29	-12.3151
59	62	-12.3108
58	63	-12.3108
66	95	12.301
67	94	12.301
41	46	-12.2975
40	47	-12.2975
59	92	12.2944
58	93	12.2944
66	73	12.282
67	72	12.282
64	95	12.2739
65	94	12.2739
46	79	-12.2718
47	78	-12.2718
47	88	12.2713
46	89	12.2713
28	61	-12.2693
29	60	-12.2693
2	7	-12.2678
3	6	-12.2678
46	69	-12.2636
47	68	-12.2636
40	85	-12.2587
41	84	-12.2587
29	48	-12.2538
28	49	-12.2538
27	90	-12.2507
26	91	-12.2507
46	87	-12.2482
47	86	-12.2482
6	65	12.2403
7	64	12.2403
72	77	-12.2398
73	76	-12.2398
28	77	-12.2315
29	76	-12.2315
52	73	12.2298
53	72	12.2298
11	40	12.228
10	41	12.228
26	53	-12.2277
27	52	-12.2277
2	65	-12.226
3	64	-12.226
9	84	-12.2253
8	85	-12.2253
6	75	-12.2225
7	74	-12.2225
37	92	-12.2144
36	93	-12.2144
42	51	-12.2142
43	50	-12.2142
15	28	12.2094
14	29	12.2094
88	91	12.2074
89	90	12.2074
62	91	-12.1943
63	90	-12.1943
31	94	-12.1941
30	95	-12.1941
14	25	-12.1913
15	24	-12.1913
14	37	-12.1811
15	36	-12.1811
64	89	12.1789
65	88	12.1789
64	91	12.176
65	90	12.176
13	62	-12.1738
12	63	-12.1738
8	67	-12.1732
9	66	-12.1732
19	24	-12.1721
18	25	-12.1721
47	94	12.1597
46	95	12.1597
20	69	-12.1594
21	68	-12.1594
35	78	12.1573
34	79	12.1573
20	75	-12.1571
21	74	-12.1571
57	68	-12.1522
56	69	-12.1522
52	59	12.1502
53	58	12.1502
18	77	-12.1481
19	76	-12.1481
67	80	-12.1474
66	81	-12.1474
15	18	12.1472
14	19	12.1472
60	67	-12.1464
61	66	-12.1464
24	45	-12.1328
25	44	-12.1328
4	21	12.1326
5	20	12.1326
3	92	-12.123
2	93	-12.123
24	95	-12.122
25	94	-12.122
22	77	12.1154
23	76	12.1154
41	70	12.0892
40	71	12.0892
19	26	-12.082
18	27	-12.082
6	49	-12.0758
7	48	-12.0758
22	45	-12.0751
23	44	-12.0751
21	28	12.0709
20	29	12.0709
27	28	-12.0689
26	29	-12.0689
32	81	12.0689
33	80	12.0689
10	29	-12.0644
11	28	-12.0644
65	66	12.0636
64	67	12.0636
7	62	-12.0626
6	63	-12.0626
44	97	-12.0543
45	96	-12.0543
13	88	12.0415
12	89	12.0415
76	79	12.0413
77	78	12.0413
13	82	-12.0407
12	83	-12.0407
33	54	-12.0302
32	55	-12.0302
29	32	-12.0173
28	33	-12.0173
67	74	-12.0122
66	75	-12.0122
30	87	12.0096
31	86	12.0096
4	63	-12.0073
5	62	-12.0073
43	78	-12.0052
42	79	-12.0052
19	70	-12.0045
18	71	-12.0045
3	38	11.998
2	39	11.998
17	88	-11.9912
16	89	-11.9912
9	92	-11.9823
8	93	-11.9823
44	61	-11.9822
45	60	-11.9822
48	87	11.9819
49	86	11.9819
65	86	-11.9744
64	87	-11.9744
35	58	-11.9693
34	59	-11.9693
15	22	-11.9692
14	23	-11.9692
64	75	-11.9609
65	74	-11.9609
3	66	-11.9602
2	67	-11.9602
66	77	-11.9571
67	76	-11.9571
14	35	-11.9486
15	34	-11.9486
41	54	-11.9438
40	55	-11.9438
82	91	-11.9341
83	90	-11.9341
58	61	-11.9317
59	60	-11.9317
9	52	-11.931
8	53	-11.931
35	72	-11.9275
34	73	-11.9275
3	46	-11.9252
2	47	-11.9252
7	94	11.9197
6	95	11.9197
33	88	-11.9168
32	89	-11.9168
6	81	-11.9143
7	80	-11.9143
33	94	-11.913
32	95	-11.913
37	88	-11.9095
36	89	-11.9095
6	21	11.9049
7	20	11.9049
20	91	11.9042
21	90	11.9042
63	66	-11.9001
62	67	-11.9001
55	60	-11.8901
54	61	-11.8901
17	68	11.8793
16	69	11.8793
42	63	-11.8787
43	62	-11.8787
0	81	11.8723
1	80	11.8723
74	93	-11.8679
75	92	-11.8679
13	52	11.8643
12	53	11.8643
36	69	11.8642
37	68	11.8642
61	78	11.8594
60	79	11.8594
55	78	-11.8549
54	79	-11.8549
19	50	-11.8538
18	51	-11.8538
39	74	11.8519
38	75	11.8519
15	40	-11.8496
14	41	-11.8496
29	50	-11.8491
28	51	-11.8491
10	19	-11.8279
11	18	-11.8279
66	69	-11.8102
67	68	-11.8102
25	50	11.7924
24	51	11.7924
4	53	11.7839
5	52	11.7839
29	70	-11.7779
28	71	-11.7779
41	42	-11.7773
40	43	-11.7773
27	88	-11.7689
26	89	-11.7689
14	79	-11.7663
15	78	-11.7663
63	88	-11.7646
62	89	-11.7646
54	83	-11.7629
55	82	-11.7629
18	63	-11.7624
19	62	-11.7624
21	94	11.7566
20	95	11.7566
4	87	-11.7259
5	86	-11.7259
10	67	-11.7218
11	66	-11.7218
48	65	-11.7152
49	64	-11.7152
2	43	-11.7074
3	42	-11.7074
21	88	11.7035
20	89	11.7035
21	66	11.6978
20	67	11.6978
7	24	-11.6957
6	25	-11.6957
24	55	-11.6887
25	54	-11.6887
61	76	11.6853
60	77	11.6853
31	48	11.6787
30	49	11.6787
45	52	11.6781
44	53	11.6781
88	99	-11.6702
89	98	-11.6702
11	62	11.6625
10	63	11.6625
34	45	-11.6579
35	44	-11.6579
46	75	-11.6454
47	74	-11.6454
62	71	11.6378
63	70	11.6378
36	49	11.6332
37	48	11.6332
70	97	11.6299
71	96	11.6299
16	95	-11.625
17	94	-11.625
33	98	11.6195
32	99	11.6195
1	32	11.6129
0	33	11.6129
72	85	11.6116
73	84	11.6116
55	88	11.6084
54	89	11.6084
27	44	-11.6061
26	45	-11.6061
6	9	-11.6033
7	8	-11.6033
42	49	-11.6008
43	48	-11.6008
40	63	11.5889
41	62	11.5889
76	85	-11.586
77	84	-11.586
25	82	11.5819
24	83	11.5819
23	72	-11.5803
22	73	-11.5803
15	96	-11.5799
14	97	-11.5799
49	90	-11.5769
48	91	-11.5769
32	67	-11.5717
33	66	-11.5717
20	49	-11.5641
21	48	-11.5641
34	77	11.5632
35	76	11.5632
37	94	-11.5408
36	95	-11.5408
22	79	11.5384
23	78	11.5384
1	88	-11.5261
0	89	-11.5261
22	71	11.5216
23	70	11.5216
39	92	-11.5129
38	93	-11.5129
7	68	-11.5069
6	69	-11.5069
61	72	-11.5051
60	73	-11.5051
7	52	11.5043
6	53	11.5043
39	66	-11.4986
38	67	-11.4986
18	33	-11.4915
19	32	-11.4915
40	77	11.4836
41	76	11.4836
8	79	11.4766
9	78	11.4766
69	86	11.4716
68	87	11.4716
32	37	11.4688
33	36	11.4688
51	82	11.4676
50	83	11.4676
53	90	11.4654
52	91	11.4654
69	98	11.4635
68	99	11.4635
13	86	-11.4537
12	87	-11.4537
26	93	-11.4471
27	92	-11.4471
12	27	-11.4426
13	26	-11.4426
8	73	-11.4245
9	72	-11.4245
53	66	11.3975
52	67	11.3975
6	77	-11.3935
7	76	-11.3935
53	76	-11.3912
52	77	-11.3912
11	14	-11.3839
10	15	-11.3839
80	91	-11.3816
81	90	-11.3816
48	57	-11.3783
49	56	-11.3783
70	85	-11.3748
71	84	-11.3748
15	26	-11.37
14	27	-11.37
43	74	-11.3495
42	75	-11.3495
79	96	11.3472
78	97	11.3472
79	84	-11.337
78	85	-11.337
11	96	11.3369
10	97	11.3369
73	96	-11.331
72	97	-11.331
14	61	-11.3169
15	60	-11.3169
47	48	-11.3098
46	49	-11.3098
27	56	-11.3074
26	57	-11.3074
17	32	11.3048
16	33	11.3048
4	83	-11.2921
5	82	-11.2921
16	49	11.283
17	48	11.283
12	81	-11.2764
13	80	-11.2764
54	63	-11.2719
55	62	-11.2719
45	72	11.267
44	73	11.267
28	63	-11.2501
29	62	-11.2501
95	98	-11.2449
94	99	-11.2449
34	75	11.2442
35	74	11.2442
27	74	11.2317
26	75	11.2317
10	51	11.2227
11	50	11.2227
52	71	-11.2171
53	70	-11.2171
32	83	11.2144
33	82	11.2144
15	70	-11.2123
14	71	-11.2123
4	89	11.2107
5	88	11.2107
60	75	11.2095
61	74	11.2095
6	11	-11.206
7	10	-11.206
2	27	11.2053
3	26	11.2053
42	59	11.2037
43	58	11.2037
1	68	11.2025
0	69	11.2025
56	87	-11.1938
57	86	-11.1938
39	78	11.183
38	79	11.183
29	40	-11.1763
28	41	-11.1763
87	90	-11.1748
86	91	-11.1748
5	26	-11.1747
4	27	-11.1747
87	94	-11.1639
86	95	-11.1639
7	32	-11.1626
6	33	-11.1626
2	55	-11.1613
3	54	-11.1613
28	75	-11.1586
29	74	-11.1586
86	89	-11.1533
87	88	-11.1533
20	33	-11.1463
21	32	-11.1463
24	91	-11.1415
25	90	-11.1415
39	42	-11.1409
38	43	-11.1409
50	71	11.135
51	70	11.135
26	43	-11.1331
27	42	-11.1331
43	86	-11.132
42	87	-11.132
14	63	-11.1249
15	62	-11.1249
12	95	11.118
13	94	11.118
29	86	-11.1174
28	87	-11.1174
10	23	11.1171
11	22	11.1171
3	34	11.1132
2	35	11.1132
91	94	11.1129
90	95	11.1129
52	93	11.0993
53	92	11.0993
67	86	-11.096
66	87	-11.096
59	72	11.0937
58	73	11.0937
0	95	-11.0718
1	94	-11.0718
55	94	11.0619
54	95	11.0619
9	90	-11.0606
8	91	-11.0606
7	38	-11.055
6	39	-11.055
13	48	-11.044
12	49	-11.044
6	87	-11.0271
7	86	-11.0271
3	60	11.0247
2	61	11.0247
19	40	-11.012
18	41	-11.012
49	98	11.0072
48	99	11.0072
55	80	-10.9969
54	81	-10.9969
24	99	10.9907
25	98	10.9907
27	64	-10.9898
26	65	-10.9898
32	47	-10.9865
33	46	-10.9865
4	33	-10.9747
5	32	-10.9747
1	24	10.9729
0	25	10.9729
85	92	10.9682
84	93	10.9682
39	64	-10.9642
38	65	-10.9642
2	15	-10.962
3	14	-10.962
81	86	10.9587
80	87	10.9587
51	80	10.9569
50	81	10.9569
34	71	10.9411
35	70	10.9411
9	40	10.9388
8	41	10.9388
30	33	10.9373
31	32	10.9373
27	54	-10.9288
26	55	-10.9288
15	76	-10.9221
14	77	-10.9221
55	74	-10.9219
54	75	-10.9219
25	36	10.9193
24	37	10.9193
32	91	-10.9131
33	90	-10.9131
76	91	-10.9111
77	90	-10.9111
39	72	-10.9079
38	73	-10.9079
2	49	10.9016
3	48	10.9016
43	44	10.8769
42	45	10.8769
15	88	10.876
14	89	10.876
35	92	-10.875
34	93	-10.875
11	84	-10.8697
10	85	-10.8697
68	91	-10.8692
69	90	-10.8692
51	88	-10.8679
50	89	-10.8679
13	68	-10.8616
12	69	-10.8616
14	83	-10.8615
15	82	-10.8615
61	70	10.854
60	71	10.854
55	68	-10.8532
54	69	-10.8532
49	74	10.8473
48	75	10.8473
12	33	-10.8453
13	32	-10.8453
10	91	-10.8309
11	90	-10.8309
20	27	-10.8235
21	26	-10.8235
63	92	-10.8195
62	93	-10.8195
2	59	-10.8184
3	58	-10.8184
27	46	-10.8049
26	47	-10.8049
26	31	10.8028
27	30	10.8028
12	25	-10.7987
13	24	-10.7987
3	28	-10.7855
2	29	-10.7855
18	75	-10.7853
19	74	-10.7853
10	61	10.7687
11	60	10.7687
62	73	-10.7659
63	72	-10.7659
32	65	-10.7639
33	64	-10.7639
4	81	-10.763
5	80	-10.763
4	25	-10.7515
5	24	-10.7515
15	74	-10.7508
14	75	-10.7508
26	37	10.7482
27	36	10.7482
21	38	-10.7442
20	39	-10.7442
4	49	-10.7437
5	48	-10.7437
36	45	-10.743
37	44	-10.743
11	52	-10.7417
10	53	-10.7417
16	25	10.7353
17	24	10.7353
11	54	-10.7341
10	55	-10.7341
62	79	10.729
63	78	10.729
22	75	10.7265
23	74	10.7265
49	92	-10.7153
48	93	-10.7153
60	93	-10.7148
61	92	-10.7148
59	74	-10.7147
58	75	-10.7147
18	87	-10.7127
19	86	-10.7127
4	71	-10.7115
5	70	-10.7115
11	34	10.7093
10	35	10.7093
8	15	-10.7079
9	14	-10.7079
1	48	10.6988
0	49	10.6988
58	79	-10.6854
59	78	-10.6854
74	89	-10.6738
75	88	-10.6738
24	47	-10.6715
25	46	-10.6715
30	39	10.6699
31	38	10.6699
75	96	10.6651
74	97	10.6651
29	78	-10.6602
28	79	-10.6602
38	47	-10.6593
39	46	-10.6593
22	93	-10.6563
23	92	-10.6563
2	45	-10.6485
3	44	-10.6485
3	22	10.6481
2	23	10.6481
28	73	10.6472
29	72	10.6472
20	25	-10.6423
21	24	-10.6423
8	43	-10.6396
9	42	-10.6396
44	75	-10.6389
45	74	-10.6389
26	73	-10.6131
27	72	-10.6131
24	57	-10.6119
25	56	-10.6119
38	41	10.6111
39	40	10.6111
5	10	-10.6053
4	11	-10.6053
33	56	-10.6027
32	57	-10.6027
51	76	10.6026
50	77	10.6026
14	49	-10.5946
15	48	-10.5946
2	69	10.5938
3	68	10.5938
38	91	-10.5902
39	90	-10.5902
44	79	-10.5893
45	78	-10.5893
58	65	10.5867
59	64	10.5867
75	84	-10.58
74	85	-10.58
2	97	10.5765
3	96	10.5765
49	54	-10.5607
48	55	-10.5607
19	72	10.5549
18	73	10.5549
5	94	10.5435
4	95	10.5435
25	42	-10.5395
24	43	-10.5395
17	26	10.5347
16	27	10.5347
0	71	10.5319
1	70	10.5319
39	56	-10.5309
38	57	-10.5309
25	62	10.5236
24	63	10.5236
37	38	10.5229
36	39	10.5229
8	13	-10.5205
9	12	-10.5205
10	13	-10.5086
11	12	-10.5086
0	11	10.4992
1	10	10.4992
93	96	-10.4903
92	97	-10.4903
2	85	-10.4867
3	84	-10.4867
18	79	-10.4863
19	78	-10.4863
3	18	-10.486
2	19	-10.486
37	58	-10.479
36	59	-10.479
54	71	-10.4785
55	70	-10.4785
56	59	10.4751
57	58	10.4751
59	66	10.4713
58	67	10.4713
33	42	-10.4705
32	43	-10.4705
44	65	10.4661
45	64	10.4661
8	57	-10.4648
9	56	-10.4648
24	31	10.4635
25	30	10.4635
47	58	10.4617
46	59	10.4617
83	86	10.4602
82	87	10.4602
27	78	10.4592
26	79	10.4592
41	88	-10.4559
40	89	-10.4559
13	76	-10.4532
12	77	-10.4532
4	77	-10.4469
5	76	-10.4469
34	87	10.4425
35	86	10.4425
50	69	10.4386
51	68	10.4386
11	98	10.4378
10	99	10.4378
25	64	-10.4372
24	65	-10.4372
68	75	10.4363
69	74	10.4363
41	82	10.4343
40	83	10.4343
9	64	-10.4213
8	65	-10.4213
4	9	-10.4209
5	8	-10.4209
24	85	-10.4198
25	84	-10.4198
17	38	10.4121
16	39	10.4121
21	44	10.412
20	45	10.412
14	81	-10.4105
15	80	-10.4105
92	95	10.4083
93	94	10.4083
2	89	-10.407
3	88	-10.407
3	80	10.4026
2	81	10.4026
68	93	-10.4024
69	92	-10.4024
62	75	10.4023
63	74	10.4023
41	44	-10.4006
40	45	-10.4006
67	70	-10.4005
66	71	-10.4005
15	94	10.3986
14	95	10.3986
54	77	-10.3943
55	76	-10.3943
61	86	10.3772
60	87	10.3772
5	68	-10.377
4	69	-10.377
20	59	10.3754
21	58	10.3754
70	99	10.3752
71	98	10.3752
44	67	10.3681
45	66	10.3681
27	98	10.3612
26	99	10.3612
50	95	-10.356
51	94	-10.356
31	58	-10.3551
30	59	-10.3551
42	77	-10.345
43	76	-10.345
13	70	-10.3349
12	71	-10.3349
41	58	-10.3268
40	59	-10.3268
45	46	10.3178
44	47	10.3178
70	91	-10.3143
71	90	-10.3143
74	81	10.3053
75	80	10.3053
3	94	-10.3045
2	95	-10.3045
8	55	-10.3011
9	54	-10.3011
10	37	10.2984
11	36	10.2984
45	56	10.296
44	57	10.296
31	44	-10.2949
30	45	-10.2949
29	92	10.2933
28	93	10.2933
6	59	10.2904
7	58	10.2904
2	63	10.2881
3	62	10.2881
56	77	-10.2825
57	76	-10.2825
48	79	10.2811
49	78	10.2811
24	97	10.2736
25	96	10.2736
9	20	-10.2718
8	21	-10.2718
74	95	-10.2708
75	94	-10.2708
38	99	10.2679
39	98	10.2679
14	45	10.265
15	44	10.265
10	17	10.2627
11	16	10.2627
8	47	-10.2569
9	46	-10.2569
69	78	10.2565
68	79	10.2565
8	51	10.2532
9	50	10.2532
13	38	-10.2482
12	39	-10.2482
16	71	10.2472
17	70	10.2472
19	92	10.2458
18	93	10.2458
5	44	10.2433
4	45	10.2433
48	51	10.2414
49	50	10.2414
41	80	10.2409
40	81	10.2409
0	27	10.237
1	26	10.237
6	71	-10.2367
7	70	-10.2367
15	68	-10.2328
14	69	-10.2328
11	56	-10.2271
10	57	-10.2271
72	83	-10.2263
73	82	-10.2263
9	30	10.2232
8	31	10.2232
17	44	-10.2216
16	45	-10.2216
6	45	10.2213
7	44	10.2213
44	99	-10.2186
45	98	-10.2186
8	37	10.2037
9	36	10.2037
33	62	10.1998
32	63	10.1998
45	50	-10.1996
44	51	-10.1996
22	87	10.1992
23	86	10.1992
4	59	10.1971
5	58	10.1971
15	38	-10.1971
14	39	-10.1971
14	59	10.1936
15	58	10.1936
16	59	-10.1887
17	58	-10.1887
26	41	10.1788
27	40	10.1788
22	25	10.1768
23	24	10.1768
87	96	10.1734
86	97	10.1734
53	86	-10.1722
52	87	-10.1722
42	71	-10.1687
43	70	-10.1687
25	52	-10.167
24	53	-10.167
79	88	-10.1473
78	89	-10.1473
0	39	10.1442
1	38	10.1442
78	81	10.1426
79	80	10.1426
79	82	10.1423
78	83	10.1423
49	72	-10.1414
48	73	-10.1414
39	50	10.139
38	51	10.139
31	70	10.1385
30	71	10.1385
5	38	-10.1363
4	39	-10.1363
36	71	10.1358
37	70	10.1358
24	61	10.1293
25	60	10.1293
65	76	-10.129
64	77	-10.129
33	96	10.1283
32	97	10.1283
1	76	10.1259
0	77	10.1259
32	85	-10.1248
33	84	-10.1248
2	83	10.1222
3	82	10.1222
13	58	10.1198
12	59	10.1198
59	98	-10.1195
58	99	-10.1195
69	72	-10.1174
68	73	-10.1174
45	90	10.1164
44	91	10.1164
10	43	-10.1161
11	42	-10.1161
76	99	10.1101
77	98	10.1101
12	45	10.107
13	44	10.107
37	76	10.1062
36	77	10.1062
10	31	10.103
11	30	10.103
9	16	10.1025
8	17	10.1025
59	90	10.1017
58	91	10.1017
73	88	10.1001
72	89	10.1001
32	61	10.0968
33	60	10.0968
81	92	-10.0943
80	93	-10.0943
40	49	10.0942
41	48	10.0942
33	34	10.0802
32	35	10.0802
79	94	-10.0799
78	95	-10.0799
65	70	-10.0795
64	71	-10.0795
84	87	-10.0769
85	86	-10.0769
38	55	-10.076
39	54	-10.076
41	68	10.0734
40	69	10.0734
21	70	-10.0711
20	71	-10.0711
23	32	10.069
22	33	10.069
50	59	-10.0662
51	58	-10.0662
25	34	10.0656
24	35	10.0656
8	99	10.0644
9	98	10.0644
47	76	-10.0588
46	77	-10.0588
1	44	-10.0557
0	45	-10.0557
47	70	-10.0527
46	71	-10.0527
11	20	-10.052
10	21	-10.052
74	83	10.0514
75	82	10.0514
17	76	10.0495
16	77	10.0495
11	46	-10.0492
10	47	-10.0492
21	76	-10.048
20	77	-10.048
54	59	10.0475
55	58	10.0475
30	77	10.0443
31	76	10.0443
72	95	10.0436
73	94	10.0436
72	81	-10.0398
73	80	-10.0398
83	92	-10.0332
82	93	-10.0332
89	92	10.0302
88	93	10.0302
0	59	-10.0259
1	58	-10.0259
56	71	-10.0246
57	70	-10.0246
1	8	10.0186
0	9	10.0186
32	53	-10.0161
33	52	-10.0161
27	50	10.0154
26	51	10.0154
62	87	10.0137
63	86	10.0137
40	95	-10.0133
41	94	-10.0133
45	54	10.0038
44	55	10.0038
10	65	-10.0015
11	64	-10.0015
16	98	1.99521
2	74	1.99293
16	30	1.9924
18	28	1.98972
46	64	1.9893
6	66	1.98877
20	64	1.98854
0	98	1.98737
22	96	1.98722
34	96	1.98573
8	76	1.98462
0	16	1.98441
22	34	1.98402
4	12	1.98369
12	90	1.98318
44	58	1.97874
30	98	1.97573
10	76	1.97562
24	32	1.97532
6	90	1.97518
40	78	1.97104
20	46	1.97027
36	98	1.96698
0	30	1.96629
14	54	1.96428
8	38	1.96174
42	46	1.96163
0	50	1.96146
16	36	1.95989
4	90	1.95709
68	82	1.95639
50	98	1.95635
40	50	1.9546
26	48	1.95423
12	56	1.95411
2	78	1.95297
34	60	1.95269
60	96	1.95101
42	64	1.94714
32	86	1.94568
80	82	1.94273
30	36	1.9396
18	88	1.9391
60	62	1.93738
6	12	1.93611
66	90	1.93398
74	78	1.93321
16	50	1.92729
38	76	1.9257
68	80	1.92547
72	92	1.92467
8	10	1.92321
8	26	1.92274
56	90	1.92216
10	24	1.92058
28	88	1.92033
38	48	1.91601
0	36	1.9158
6	56	1.91526
48	80	1.91198
68	94	-1.9079
88	94	1.90381
22	60	1.90346
46	54	1.90027
10	32	1.9
42	52	1.89869
36	50	1.89646
2	40	1.89644
4	56	1.89608
40	74	1.89603
20	42	1.89114
8	48	1.89035
10	70	1.88766
30	50	1.87844
12	66	1.87588
4	6	1.87581
22	84	-1.87395
52	64	1.87248
50	78	1.8723
70	76	1.8709
26	38	1.86987
56	66	1.86786
58	94	1.86639
62	96	1.85847
26	76	1.85756
24	86	1.85754
82	94	-1.8551
22	82	1.8538
38	80	1.85369
38	70	1.84662
0	40	1.84638
42	54	1.84416
30	56	-1.84359
38	68	1.8434
10	38	1.8393
24	76	1.83918
18	84	1.83902
54	64	1.83418
82	96	1.83318
40	98	1.83163
46	52	1.83043
0	56	-1.82952
14	92	1.82856
82	84	-1.82738
8	70	1.82385
80	96	1.82219
14	72	1.82027
30	34	1.81952
34	62	1.81806
20	52	1.81737
20	54	1.81349
34	36	1.80923
16	56	-1.80719
34	84	-1.80514
48	76	1.80213
18	94	1.80121
4	66	1.80084
22	80	1.79721
84	96	-1.79387
0	4	-1.79325
32	76	1.79123
0	12	-1.79017
44	94	1.78405
16	40	1.78188
36	60	1.78162
28	84	1.77809
72	86	-1.77603
16	34	1.77533
22	62	1.77362
58	88	1.77115
22	30	1.77111
48	68	1.77018
56	98	-1.76878
14	46	1.7675
54	72	1.7665
34	82	1.76283
36	40	1.76193
26	80	1.76115
10	86	1.76113
56	84	1.76092
8	24	1.75189
10	26	1.74699
32	70	1.74645
12	30	-1.74477
44	88	1.74361
0	78	1.74283
48	82	1.74144
50	74	1.73979
2	50	1.73576
28	94	1.73569
34	98	1.73477
62	80	1.73437
8	80	1.73234
12	16	-1.72779
38	82	1.72684
30	84	-1.72613
34	80	1.72598
30	96	1.72391
22	36	1.72089
48	62	1.7182
58	68	-1.71752
80	94	-1.71481
4	50	-1.71377
4	30	-1.71359
4	16	-1.71326
36	96	1.71245
16	22	1.71175
30	40	1.71077
30	60	1.71031
78	98	1.70632
24	70	1.70446
12	98	-1.7036
84	88	1.7025
84	94	1.70203
4	98	-1.70157
54	92	1.69982
60	80	1.6988
14	42	1.69131
8	68	1.68658
14	64	1.68581
8	32	1.68565
22	68	1.68478
50	56	-1.68418
16	60	1.68389
70	86	1.68308
0	90	-1.68172
68	88	-1.68111
86	92	-1.68017
12	50	-1.67853
68	84	-1.67747
58	70	-1.67727
14	20	1.67524
68	96	1.67249
16	96	1.67127
18	82	-1.66923
0	34	1.66919
28	66	1.66735
82	88	-1.6664
10	48	1.66618
60	82	1.66358
68	70	1.6617
22	98	1.66078
60	98	1.65801
80	84	-1.65424
16	78	1.65228
16	84	-1.64892
48	96	1.64506
30	90	-1.64375
36	56	-1.64134
4	40	-1.63646
76	80	1.63281
4	78	-1.62805
18	66	1.62785
38	94	-1.62647
96	98	1.62584
60	84	-1.62212
68	76	1.62133
76	86	1.61956
16	90	-1.61878
20	72	1.61473
62	82	1.61441
18	68	-1.6139
66	84	1.61221
46	72	1.61214
6	84	1.61187
36	78	1.61141
26	62	1.60903
24	38	1.60576
26	68	1.6057
0	22	1.60514
48	70	1.60381
0	6	-1.6024
6	28	1.60181
22	56	-1.5967
6	30	-1.59651
44	68	-1.5937
26	70	1.59336
90	98	-1.58976
34	56	-1.58898
84	98	-1.58579
24	26	1.58427
22	48	1.58425
18	56	1.58165
44	70	-1.58108
28	82	-1.57962
34	68	1.57934
0	84	-1.57843
30	78	1.57764
52	54	1.57744
48	60	1.57686
36	62	1.57589
28	56	1.57473
58	82	-1.5742
32	72	-1.57267
12	40	-1.57254
0	60	1.5716
6	18	1.57147
36	84	-1.5671
12	84	1.5662
0	2	1.56567
0	74	1.56536
8	82	1.564
22	94	-1.564
50	90	-1.56178
70	94	-1.56126
64	72	1.56006
32	38	1.55888
0	96	1.55786
6	16	-1.55654
26	82	1.556
74	98	1.55253
18	58	1.55161
12	36	-1.54919
18	22	-1.54623
34	50	1.54342
12	78	-1.54248
4	36	-1.54239
70	80	1.54211
2	98	1.5419
38	58	-1.53757
84	90	1.53679
34	48	1.53307
40	56	-1.53257
28	68	-1.53079
30	66	-1.52413
6	98	-1.51824
0	66	-1.51822
94	96	-1.51722
10	68	1.51245
56	96	-1.5116
18	44	1.51037
28	58	1.50656
62	68	1.50509
60	68	1.50146
8	86	1.4993
36	74	1.4988
32	92	-1.49729
48	94	-1.49641
52	82	-1.49472
42	84	1.49161
10	80	1.49088
16	74	1.48953
30	62	1.48718
50	60	1.48608
58	80	-1.48179
2	16	1.4804
16	66	-1.4794
28	44	1.4792
26	32	1.47766
76	82	1.47588
2	36	1.47285
20	34	-1.47147
22	64	-1.46931
54	56	1.46906
26	96	1.46776
38	96	1.4674
20	22	-1.46733
80	88	-1.46655
6	50	-1.46621
38	62	1.46584
40	90	-1.46553
22	28	-1.46471
70	82	1.46463
46	84	1.46345
28	90	1.46256
44	82	-1.46167
14	56	1.46166
16	62	1.46121
8	94	-1.46018
22	50	1.45945
18	80	-1.45907
12	14	1.45903
56	78	-1.45877
14	90	1.45724
34	64	-1.45718
22	52	-1.45655
4	84	1.45562
6	14	1.45503
34	94	-1.45446
18	96	-1.45409
46	92	1.45353
64	84	1.45302
62	84	-1.453
22	88	-1.45292
18	34	-1.4523
70	92	-1.45206
20	96	-1.45123
78	90	-1.44922
42	72	1.44782
24	48	1.44737
52	80	-1.44709
52	84	1.44673
2	4	-1.44512
52	68	-1.44363
64	96	-1.44346
24	72	-1.44299
66	98	-1.43956
18	90	1.43933
0	72	-1.43855
36	90	-1.43847
22	46	-1.43817
62	98	1.43772
52	96	-1.43724
30	82	1.43526
14	66	1.43477
22	38	1.43446
4	92	1.43428
4	14	1.43307
20	30	-1.43076
50	72	-1.42916
50	96	1.42871
12	54	1.42771
12	34	-1.4277
12	28	1.42763
26	60	1.42641
76	94	-1.42555
6	54	1.42366
56	60	-1.42359
34	46	-1.42179
20	92	1.42178
74	86	1.42025
12	22	-1.41831
20	60	-1.41802
72	98	-1.41768
30	46	-1.41752
12	18	1.41662
30	64	-1.41553
40	86	1.41504
34	52	-1.41394
54	90	1.41373
18	42	1.41355
20	84	1.41351
32	74	1.41263
16	72	-1.41143
38	44	-1.41128
2	86	1.41059
16	20	-1.41042
30	74	1.41038
4	74	-1.41011
22	42	-1.40981
18	30	-1.40818
54	66	1.40733
14	86	-1.40718
12	92	1.40716
78	86	1.40557
58	76	-1.40546
22	26	1.40389
2	30	1.40234
50	84	-1.40226
20	36	-1.40187
48	84	-1.40181
14	52	1.40175
46	96	-1.40112
8	62	1.40037
8	58	-1.39713
38	86	1.39694
52	94	1.39615
66	88	1.39537
30	72	-1.39531
46	56	1.3946
6	22	-1.39399
2	32	1.39356
10	58	-1.3933
4	54	1.39225
20	98	-1.3919
40	72	-1.39083
16	64	-1.38862
42	82	-1.38832
54	84	1.38819
16	46	-1.38758
64	92	1.38601
50	66	-1.3856
60	64	-1.38468
28	42	1.38415
88	96	-1.38368
42	56	1.38235
90	92	1.38198
6	36	-1.37979
28	80	-1.37925
4	72	1.37897
24	92	-1.37876
30	54	-1.37846
28	34	-1.37845
56	82	-1.37502
28	96	-1.37394
28	30	-1.37292
0	20	-1.37233
22	66	-1.37111
24	74	1.37054
44	80	-1.37
6	34	-1.36985
38	88	-1.36937
34	42	-1.3685
64	82	-1.36836
22	90	-1.36797
4	34	-1.36739
2	12	-1.36684
34	90	-1.36611
12	72	1.36599
6	40	-1.36552
64	98	-1.36547
72	78	-1.36467
42	96	-1.36367
32	48	1.36353
70	72	-1.36329
26	34	1.36315
0	46	-1.36303
34	88	-1.36253
10	92	-1.36221
16	82	1.3621
46	98	-1.36152
50	86	1.36145
36	64	-1.36083
36	72	-1.36063
10	94	-1.35982
0	62	1.35839
10	74	1.35796
58	84	1.35739
56	72	1.35633
0	64	-1.35602
36	82	1.35584
34	38	1.35565
2	10	1.35482
38	60	1.35376
0	54	-1.35363
10	82	1.35307
60	94	-1.35292
12	96	-1.35217
56	88	1.35172
16	54	-1.35019
56	64	1.34951
34	40	1.34894
0	92	-1.34704
48	58	-1.34673
30	42	-1.34668
8	96	1.34531
10	72	-1.34511
26	94	-1.3441
2	24	1.34391
56	92	1.34383
12	74	-1.34347
52	60	-1.34346
4	22	-1.34312
16	18	-1.34307
38	84	-1.34286
54	86	-1.34221
32	78	1.34134
36	46	-1.33974
6	78	-1.33913
26	66	-1.3385
70	88	-1.33775
46	82	-1.33665
6	88	1.3365
30	80	1.33619
32	40	1.33618
18	52	1.33563
34	66	-1.33491
46	60	-1.33407
14	30	-1.33354
42	88	1.33332
0	14	-1.33229
20	82	-1.33048
2	70	1.32939
50	92	-1.32854
6	96	-1.32549
20	56	1.32534
20	62	-1.32418
54	98	-1.32372
20	50	-1.32262
42	92	1.32104
18	46	1.32033
48	52	-1.32028
6	92	1.32023
42	94	1.31915
52	88	1.31803
72	90	1.31604
40	60	1.31585
16	28	-1.31551
62	94	-1.31388
4	28	1.31326
36	66	-1.31319
14	16	-1.31249
30	52	-1.31194
12	46	1.31039
16	42	-1.31024
90	96	-1.30881
12	60	-1.30831
18	38	-1.30791
78	92	-1.30762
82	98	1.30732
8	22	1.30488
70	74	1.30444
10	44	-1.30429
40	92	-1.30329
12	42	1.30325
66	96	-1.30324
64	80	-1.30187
4	18	1.30175
36	80	1.30173
0	18	-1.30094
44	76	-1.30083
6	42	1.30083
42	68	-1.30079
92	98	-1.30067
2	90	-1.29937
40	66	-1.2978
16	92	-1.29735
2	76	1.29726
50	64	-1.29675
74	76	1.29632
18	98	-1.29624
14	84	1.29547
42	66	1.29485
0	42	-1.29418
52	62	-1.29409
62	64	-1.2938
18	54	1.29265
18	64	1.29248
28	46	1.29222
46	50	-1.29188
2	52	-1.29097
14	98	-1.29082
2	56	-1.28985
4	96	-1.28952
18	60	-1.28951
22	54	-1.28935
28	54	1.28877
42	80	-1.28864
62	76	1.28823
50	62	1.28809
16	52	-1.28724
8	44	-1.28696
44	84	1.28686
28	52	1.28681
32	58	-1.28677
70	78	1.28606
30	92	-1.28502
26	86	1.2846
0	28	-1.2843
2	72	-1.28427
6	26	-1.2839
52	78	-1.28369
56	74	-1.28343
38	52	-1.28312
66	82	-1.28278
6	46	1.28246
42	98	-1.28089
24	28	-1.27952
74	90	-1.27908
24	68	1.27904
20	80	-1.27869
0	86	1.27854
42	90	1.27832
18	36	-1.27831
4	46	1.27823
34	54	-1.27759
86	98	1.27677
16	80	1.27608
28	98	-1.27515
4	60	-1.27512
66	92	1.27469
66	78	-1.27364
46	90	1.27254
10	78	1.2717
4	42	1.2712
72	74	-1.27009
0	82	1.26996
24	78	1.26955
22	40	1.26889
52	98	-1.26886
28	38	-1.26884
56	62	-1.26858
6	72	1.26855
0	52	-1.26773
50	54	-1.26749
76	92	-1.26686
42	60	-1.26614
58	86	-1.26542
46	66	1.26539
20	40	-1.26515
18	48	-1.26464
22	58	-1.2642
26	84	-1.26401
8	88	-1.26378
24	40	1.26322
8	60	1.26317
6	82	-1.26303
36	54	-1.26295
60	90	-1.2624
14	32	-1.2624
48	88	-1.26178
12	64	1.26052
52	56	1.25903
24	80	1.25884
28	64	1.25876
20	86	-1.2586
64	68	-1.25843
36	52	-1.2574
76	88	-1.25541
44	86	-1.25525
46	80	-1.25461
24	58	-1.25435
32	50	1.25368
60	88	-1.25357
14	50	-1.25253
56	94	1.25228
28	36	-1.25228
32	44	-1.25214
58	96	-1.25169
52	74	-1.25124
36	86	1.25083
44	48	-1.25046
20	78	-1.24972
32	68	1.24936
30	88	-1.24891
30	68	1.24774
48	66	-1.24765
40	96	1.2475
6	60	-1.2475
36	42	-1.24693
44	92	1.24684
56	80	-1.24559
44	62	-1.24459
16	86	1.24383
8	34	1.24374
76	96	1.24351
40	64	-1.24283
2	8	1.24185
54	96	-1.24153
64	78	-1.24119
26	58	-1.23971
46	62	-1.2392
8	74	1.23876
40	52	-1.23807
50	52	-1.23783
12	20	1.23781
24	88	-1.23706
18	20	1.23695
8	18	-1.2356
2	20	-1.23521
10	88	-1.23319
4	64	1.23295
24	66	-1.23223
80	98	1.23171
8	28	-1.23151
58	62	-1.23108
66	94	1.2301
40	46	-1.22975
58	92	1.22944
66	72	1.2282
64	94	1.22739
46	78	-1.22718
46	88	1.22713
28	60	-1.22693
2	6	-1.22678
46	68	-1.22636
40	84	-1.22587
28	48	-1.22538
26	90	-1.22507
46	86	-1.22482
6	64	1.22403
72	76	-1.22398
28	76	-1.22315
52	72	1.22298
10	40	1.2228
26	52	-1.22277
2	64	-1.2226
8	84	-1.22253
6	74	-1.22225
36	92	-1.22144
42	50	-1.22142
14	28	1.22094
88	90	1.22074
62	90	-1.21943
30	94	-1.21941
14	24	-1.21913
14	36	-1.21811
64	88	1.21789
64	90	1.2176
12	62	-1.21738
8	66	-1.21732
18	24	-1.21721
46	94	1.21597
20	68	-1.21594
34	78	1.21573
20	74	-1.21571
56	68	-1.21522
52	58	1.21502
18	76	-1.21481
66	80	-1.21474
14	18	1.21472
60	66	-1.21464
24	44	-1.21328
4	20	1.21326
2	92	-1.2123
24	94	-1.2122
22	76	1.21154
40	70	1.20892
18	26	-1.2082
6	48	-1.20758
22	44	-1.20751
20	28	1.20709
26	28	-1.20689
32	80	1.20689
10	28	-1.20644
64	66	1.20636
6	62	-1.20626
44	96	-1.20543
12	88	1.20415
76	78	1.20413
12	82	-1.20407
32	54	-1.20302
28	32	-1.20173
66	74	-1.20122
30	86	1.20096
4	62	-1.20073
42	78	-1.20052
18	70	-1.20045
2	38	1.1998
16	88	-1.19912
8	92	-1.19823
44	60	-1.19822
48	86	1.19819
64	86	-1.19744
34	58	-1.19693
14	22	-1.19692
64	74	-1.19609
2	66	-1.19602
66	76	-1.19571
14	34	-1.19486
40	54	-1.19438
82	90	-1.19341
58	60	-1.19317
8	52	-1.1931
34	72	-1.19275
2	46	-1.19252
6	94	1.19197
32	88	-1.19168
6	80	-1.19143
32	94	-1.1913
36	88	-1.19095
6	20	1.19049
20	90	1.19042
62	66	-1.19001
54	60	-1.18901
16	68	1.18793
42	62	-1.18787
0	80	1.18723
74	92	-1.18679
12	52	1.18643
36	68	1.18642
60	78	1.18594
54	78	-1.18549
18	50	-1.18538
38	74	1.18519
14	40	-1.18496
28	50	-1.18491
10	18	-1.18279
66	68	-1.18102
24	50	1.17924
4	52	1.17839
28	70	-1.17779
40	42	-1.17773
26	88	-1.17689
14	78	-1.17663
62	88	-1.17646
54	82	-1.17629
18	62	-1.17624
20	94	1.17566
4	86	-1.17259
10	66	-1.17218
48	64	-1.17152
2	42	-1.17074
20	88	1.17035
20	66	1.16978
6	24	-1.16957
24	54	-1.16887
60	76	1.16853
30	48	1.16787
44	52	1.16781
88	98	-1.16702
10	62	1.16625
34	44	-1.16579
46	74	-1.16454
62	70	1.16378
36	48	1.16332
70	96	1.16299
16	94	-1.1625
32	98	1.16195
0	32	1.16129
72	84	1.16116
54	88	1.16084
26	44	-1.16061
6	8	-1.16033
42	48	-1.16008
40	62	1.15889
76	84	-1.1586
24	82	1.15819
22	72	-1.15803
14	96	-1.15799
48	90	-1.15769
32	66	-1.15717
20	48	-1.15641
34	76	1.15632
36	94	-1.15408
22	78	1.15384
0	88	-1.15261
22	70	1.15216
38	92	-1.15129
6	68	-1.15069
60	72	-1.15051
6	52	1.15043
38	66	-1.14986
18	32	-1.14915
40	76	1.14836
8	78	1.14766
68	86	1.14716
32	36	1.14688
50	82	1.14676
52	90	1.14654
68	98	1.14635
12	86	-1.14537
26	92	-1.14471
12	26	-1.14426
8	72	-1.14245
52	66	1.13975
6	76	-1.13935
52	76	-1.13912
10	14	-1.13839
80	90	-1.13816
48	56	-1.13783
70	84	-1.13748
14	26	-1.137
42	74	-1.13495
78	96	1.13472
78	84	-1.1337
10	96	1.13369
72	96	-1.1331
14	60	-1.13169
46	48	-1.13098
26	56	-1.13074
16	32	1.13048
4	82	-1.12921
16	48	1.1283
12	80	-1.12764
54	62	-1.12719
44	72	1.1267
28	62	-1.12501
94	98	-1.12449
34	74	1.12442
26	74	1.12317
10	50	1.12227
52	70	-1.12171
32	82	1.12144
14	70	-1.12123
4	88	1.12107
60	74	1.12095
6	10	-1.1206
2	26	1.12053
42	58	1.12037
0	68	1.12025
56	86	-1.11938
38	78	1.1183
28	40	-1.11763
86	90	-1.11748
4	26	-1.11747
86	94	-1.11639
6	32	-1.11626
2	54	-1.11613
28	74	-1.11586
86	88	-1.11533
20	32	-1.11463
24	90	-1.11415
38	42	-1.11409
50	70	1.1135
26	42	-1.11331
42	86	-1.1132
14	62	-1.11249
12	94	1.1118
28	86	-1.11174
10	22	1.11171
2	34	1.11132
90	94	1.11129
52	92	1.10993
66	86	-1.1096
58	72	1.10937
0	94	-1.10718
54	94	1.10619
8	90	-1.10606
6	38	-1.1055
12	48	-1.1044
6	86	-1.10271
2	60	1.10247
18	40	-1.1012
48	98	1.10072
54	80	-1.09969
24	98	1.09907
26	64	-1.09898
32	46	-1.09865
4	32	-1.09747
0	24	1.09729
84	92	1.09682
38	64	-1.09642
2	14	-1.0962
80	86	1.09587
50	80	1.09569
34	70	1.09411
8	40	1.09388
30	32	1.09373
26	54	-1.09288
14	76	-1.09221
54	74	-1.09219
24	36	1.09193
32	90	-1.09131
76	90	-1.09111
38	72	-1.09079
2	48	1.09016
42	44	1.08769
14	88	1.0876
34	92	-1.0875
10	84	-1.08697
68	90	-1.08692
50	88	-1.08679
12	68	-1.08616
14	82	-1.08615
60	70	1.0854
54	68	-1.08532
48	74	1.08473
12	32	-1.08453
10	90	-1.08309
20	26	-1.08235
62	92	-1.08195
2	58	-1.08184
26	46	-1.08049
26	30	1.08028
12	24	-1.07987
2	28	-1.07855
18	74	-1.07853
10	60	1.07687
62	72	-1.07659
32	64	-1.07639
4	80	-1.0763
4	24	-1.07515
14	74	-1.07508
26	36	1.07482
20	38	-1.07442
4	48	-1.07437
36	44	-1.0743
10	52	-1.07417
16	24	1.07353
10	54	-1.07341
62	78	1.0729
22	74	1.07265
48	92	-1.07153
60	92	-1.07148
58	74	-1.07147
18	86	-1.07127
4	70	-1.07115
10	34	1.07093
8	14	-1.07079
0	48	1.06988
58	78	-1.06854
74	88	-1.06738
24	46	-1.06715
30	38	1.06699
74	96	1.06651
28	78	-1.06602
38	46	-1.06593
22	92	-1.06563
2	44	-1.06485
2	22	1.06481
28	72	1.06472
20	24	-1.06423
8	42	-1.06396
44	74	-1.06389
26	72	-1.06131
24	56	-1.06119
38	40	1.06111
4	10	-1.06053
32	56	-1.06027
50	76	1.06026
14	48	-1.05946
2	68	1.05938
38	90	-1.05902
44	78	-1.05893
58	64	1.05867
74	84	-1.058
2	96	1.05765
48	54	-1.05607
18	72	1.05549
4	94	1.05435
24	42	-1.05395
16	26	1.05347
0	70	1.05319
38	56	-1.05309
24	62	1.05236
36	38	1.05229
8	12	-1.05205
10	12	-1.05086
0	10	1.04992
92	96	-1.04903
2	84	-1.04867
18	78	-1.04863
2	18	-1.0486
36	58	-1.0479
54	70	-1.04785
56	58	1.04751
58	66	1.04713
32	42	-1.04705
44	64	1.04661
8	56	-1.04648
24	30	1.04635
46	58	1.04617
82	86	1.04602
26	78	1.04592
40	88	-1.04559
12	76	-1.04532
4	76	-1.04469
34	86	1.04425
50	68	1.04386
10	98	1.04378
24	64	-1.04372
68	74	1.04363
40	82	1.04343
8	64	-1.04213
4	8	-1.04209
24	84	-1.04198
16	38	1.04121
20	44	1.0412
14	80	-1.04105
92	94	1.04083
2	88	-1.0407
2	80	1.04026
68	92	-1.04024
62	74	1.04023
40	44	-1.04006
66	70	-1.04005
14	94	1.03986
54	76	-1.03943
60	86	1.03772
4	68	-1.0377
20	58	1.03754
70	98	1.03752
44	66	1.03681
26	98	1.03612
50	94	-1.0356
30	58	-1.03551
42	76	-1.0345
12	70	-1.03349
40	58	-1.03268
44	46	1.03178
70	90	-1.03143
74	80	1.03053
2	94	-1.03045
8	54	-1.03011
10	36	1.02984
44	56	1.0296
30	44	-1.02949
28	92	1.02933
6	58	1.02904
2	62	1.02881
56	76	-1.02825
48	78	1.02811
24	96	1.02736
8	20	-1.02718
74	94	-1.02708
38	98	1.02679
14	44	1.0265
10	16	1.02627
8	46	-1.02569
68	78	1.02565
8	50	1.02532
12	38	-1.02482
16	70	1.02472
18	92	1.02458
4	44	1.02433
48	50	1.02414
40	80	1.02409
0	26	1.0237
6	70	-1.02367
14	68	-1.02328
10	56	-1.02271
72	82	-1.02263
8	30	1.02232
16	44	-1.02216
6	44	1.02213
44	98	-1.02186
8	36	1.02037
32	62	1.01998
44	50	-1.01996
22	86	1.01992
4	58	1.01971
14	38	-1.01971
14	58	1.01936
16	58	-1.01887
26	40	1.01788
22	24	1.01768
86	96	1.01734
52	86	-1.01722
42	70	-1.01687
24	52	-1.0167
78	88	-1.01473
0	38	1.01442
78	80	1.01426
78	82	1.01423
48	72	-1.01414
38	50	1.0139
30	70	1.01385
4	38	-1.01363
36	70	1.01358
24	60	1.01293
64	76	-1.0129
32	96	1.01283
0	76	1.01259
32	84	-1.01248
2	82	1.01222
12	58	1.01198
58	98	-1.01195
68	72	-1.01174
44	90	1.01164
10	42	-1.01161
76	98	1.01101
12	44	1.0107
36	76	1.01062
10	30	1.0103
8	16	1.01025
58	90	1.01017
72	88	1.01001
32	60	1.00968
80	92	-1.00943
40	48	1.00942
32	34	1.00802
78	94	-1.00799
64	70	-1.00795
84	86	-1.00769
38	54	-1.0076
40	68	1.00734
20	70	-1.00711
22	32	1.0069
50	58	-1.00662
24	34	1.00656
8	98	1.00644
46	76	-1.00588
0	44	-1.00557
46	70	-1.00527
10	20	-1.0052
74	82	1.00514
16	76	1.00495
10	46	-1.00492
20	76	-1.0048
54	58	1.00475
30	76	1.00443
72	94	1.00436
72	80	-1.00398
82	92	-1.00332
88	92	1.00302
0	58	-1.00259
56	70	-1.00246
0	8	1.00186
32	52	-1.00161
26	50	1.00154
62	86	1.00137
40	94	-1.00133
44	54	1.00038
10	64	-1.00015
