37	87	199.96
33	59	199.859
21	39	199.741
15	55	199.42
57	65	199.329
17	67	199.295
93	95	199.21
5	23	198.716
7	51	198.692
15	31	198.635
45	85	198.533
47	55	198.485
33	47	198.302
31	55	198.292
19	65	198.27
47	59	197.955
45	75	197.909
11	33	197.853
1	69	197.749
5	63	197.589
77	97	197.571
3	27	197.488
25	29	197.429
11	59	197.381
19	57	197.027
15	47	196.943
27	49	-196.789
53	85	196.744
67	91	196.709
9	11	196.221
35	83	196.219
23	31	195.967
35	63	195.818
5	35	195.766
7	21	195.74
5	31	195.683
45	83	-195.66
75	83	-195.375
7	71	195.248
57	99	195.173
33	55	194.826
17	89	194.741
7	39	194.348
15	33	193.95
55	59	193.704
31	47	193.699
75	85	193.474
61	79	193.416
23	55	193.313
17	91	193.27
51	71	193.081
23	63	193.041
11	47	193.005
29	39	193
31	63	192.731
65	99	192.725
67	89	192.69
15	59	192.381
3	9	192.311
79	87	192.194
45	53	192.133
37	79	192.046
21	29	192.045
23	35	191.914
73	81	191.845
43	51	191.411
15	23	191.397
3	49	-191.271
21	51	191.097
83	85	-190.881
47	95	-190.829
5	55	190.484
43	97	189.842
11	15	189.835
5	15	189.834
47	93	-189.337
11	55	189.122
9	33	188.808
39	51	188.742
69	93	188.476
23	47	188.297
61	87	188.205
31	33	188.023
9	59	187.926
5	83	187.882
43	71	187.775
21	25	187.547
25	39	187.363
59	93	-187.318
37	61	187.178
55	95	-187.148
21	71	186.914
59	95	-186.703
39	71	186.459
31	59	186.224
25	79	-186.194
15	63	186.051
75	77	-186.013
7	43	185.991
23	95	-185.747
35	45	-185.746
33	93	-185.679
33	95	-185.546
23	83	185.544
69	95	185.499
19	99	185.491
63	83	185.045
55	63	184.811
9	27	184.692
53	83	-184.477
23	53	-184.428
35	75	-184.205
19	37	184.048
53	95	184.017
31	35	184.005
17	85	183.902
55	93	-183.846
19	87	183.491
5	47	183.295
3	11	183.037
3	41	183.037
43	77	182.981
53	75	182.821
41	49	-182.631
75	97	-182.575
81	91	182.476
89	91	181.901
11	31	181.828
15	95	-181.799
37	57	181.763
57	87	181.752
77	83	181.498
31	95	-181.047
13	73	180.752
9	47	180.651
35	85	-180.514
23	93	-179.666
1	93	179.388
9	15	179.126
23	85	-179.086
27	41	179.045
23	33	178.99
23	45	-178.87
5	53	-178.767
17	45	178.686
37	65	178.484
17	53	178.389
53	93	178.376
53	89	178.342
15	93	-178.267
65	87	178.234
67	85	178.225
5	45	-178.027
7	29	177.753
23	59	177.734
5	95	-177.361
35	53	-177.336
85	89	177.289
11	27	177.114
9	55	176.616
31	93	-176.139
5	85	-175.998
45	77	-175.585
29	79	-175.473
47	63	175.472
35	55	175.39
11	93	-175.324
1	95	174.865
15	35	174.683
11	95	-174.503
17	75	174.459
5	33	173.59
45	67	173.341
7	25	173.146
83	97	172.619
35	77	172.598
3	59	172.557
53	69	172.546
3	33	172.339
5	75	-171.964
31	83	171.781
5	59	171.77
53	67	171.49
25	61	-171.193
9	49	-171.05
45	63	-171.02
45	97	-170.703
23	75	-170.582
5	93	-170.559
29	51	170.5
67	75	170.16
87	99	170.075
85	95	169.752
37	99	169.558
13	61	169.529
21	43	169.3
9	31	169.261
31	53	-169.254
53	55	-168.769
11	23	168.677
27	59	168.595
45	89	168.588
67	81	168.499
63	75	-167.7
25	51	167.622
27	33	167.531
51	97	167.011
53	63	-166.892
47	53	-166.656
63	85	-166.552
39	43	166.407
33	63	166.22
85	91	166.216
35	47	165.985
69	89	165.956
13	25	-165.59
77	85	-165.424
13	51	-165.37
63	95	-164.743
25	37	-164.668
9	41	164.662
25	87	-164.443
29	71	164.177
5	11	164.157
35	95	-163.88
59	63	163.786
71	97	163.765
55	83	163.714
15	53	-163.326
45	91	163.196
75	91	162.946
45	95	162.651
85	93	162.585
17	81	162.4
31	85	-161.904
13	79	161.846
31	45	-161.755
47	69	-161.645
15	83	161.421
11	49	-160.932
85	97	-160.919
83	95	-160.718
75	89	160.705
17	83	-160.578
3	47	160.442
7	13	-160.356
35	97	160.257
59	69	-160.251
1	53	160.181
13	21	-159.699
1	89	159.422
19	79	159.399
9	93	-158.995
11	63	158.66
7	97	158.532
71	77	158.34
55	85	-158.317
63	93	-157.844
9	95	-157.625
33	69	-157.589
29	61	-157.457
57	61	157.22
69	85	157.098
73	91	156.845
51	77	156.677
57	79	156.589
53	91	156.472
21	79	-156.456
63	77	156.255
25	71	156.135
45	55	-156.096
35	93	-156.023
13	81	155.98
39	79	-155.848
23	69	-155.695
53	59	-155.635
81	97	-155.473
13	39	-155.437
33	53	-155.433
27	47	155.236
47	83	155.236
67	83	-154.918
3	15	154.91
19	61	154.804
45	93	154.781
13	29	-154.628
55	69	-154.616
33	35	154.356
43	75	-154.16
29	37	-154.01
15	85	-153.781
47	85	-153.716
89	95	153.709
29	87	-153.57
31	75	-153.325
5	77	153.243
3	55	153.118
9	23	152.743
83	93	-152.469
35	59	152.464
15	45	-152.338
65	79	152.142
49	59	-151.783
61	99	151.218
61	65	151.014
43	73	-150.924
53	77	-150.774
13	43	-150.773
89	93	150.636
33	49	-150.531
1	59	-150.481
1	47	-150.344
83	89	-150.144
51	73	-149.91
45	47	-149.831
75	95	149.39
5	9	149.383
73	97	-149.151
75	81	149.141
17	97	-149.128
7	77	149.088
17	69	148.447
53	99	147.997
67	97	-147.867
15	69	-147.814
91	97	-147.797
11	41	147.724
1	33	-147.57
85	99	147.37
23	77	147.235
19	35	-147.147
45	69	147.101
43	81	-147.069
15	27	147.028
31	69	-146.948
53	57	146.916
5	19	-146.855
65	83	-146.825
11	69	-146.753
45	65	146.542
19	23	-146.522
27	55	146.358
57	85	146.345
5	69	-146.157
9	63	146.151
65	85	146.095
19	83	-146.026
83	91	-145.998
55	75	-145.971
17	77	-145.907
45	57	145.586
37	55	-145.552
53	65	145.305
79	99	145.299
55	87	-145.245
17	35	-145.23
37	47	-145.197
1	85	145.176
47	87	-145.14
17	23	-144.947
17	95	144.936
3	93	-144.932
33	79	-144.843
35	65	-144.819
59	79	-144.788
53	97	-144.621
19	63	-144.534
27	93	-144.514
57	83	-144.482
45	99	144.414
15	37	-144.36
77	81	-144.356
23	65	-144.35
31	37	-144.337
21	61	-144.328
11	35	144.314
47	79	-143.969
15	87	-143.879
23	37	-143.873
23	57	-143.849
31	87	-143.793
11	79	-143.675
3	31	143.652
65	75	143.609
9	25	143.591
23	87	-143.572
5	65	-143.526
1	23	-143.451
61	93	143.328
67	77	-143.24
87	95	143.146
13	71	-143.145
23	89	-143.084
43	83	143.071
15	75	-143.036
1	55	-142.914
39	61	-142.891
33	83	142.785
33	37	-142.643
63	97	142.626
19	45	142.592
33	87	-142.587
37	95	142.557
29	43	142.552
81	89	142.527
11	53	-142.479
59	87	-142.432
37	59	-142.397
35	57	-142.179
45	81	142.165
89	99	142.119
5	57	-142.062
17	99	142.026
55	79	-142.009
19	31	-142.009
67	69	141.787
33	85	-141.732
61	95	141.654
15	79	-141.501
5	37	-141.5
59	83	141.47
87	93	141.463
57	75	141.446
75	93	141.441
59	85	-141.426
19	85	141.351
7	73	-141.255
19	53	141.114
3	95	-141.062
5	87	-140.957
5	17	-140.927
7	41	140.923
67	73	140.897
43	45	-140.816
9	29	140.8
5	97	140.752
37	93	140.742
77	91	-140.655
7	79	-140.522
59	61	-140.475
11	25	140.445
3	25	140.262
51	81	-139.937
17	93	139.924
1	17	139.876
41	71	139.824
35	67	-139.819
19	75	139.761
21	41	139.7
75	99	139.687
19	55	-139.594
69	83	-139.59
57	95	139.563
63	65	-139.532
81	85	139.529
33	61	-139.437
39	41	139.41
27	95	-139.382
47	61	-139.354
13	87	139.153
25	43	139.137
21	97	139.118
41	51	139.104
9	79	-139.079
11	37	-138.753
47	75	-138.718
67	99	138.694
23	67	-138.672
3	21	138.524
11	87	-138.511
15	19	-138.49
47	49	-138.261
13	37	138.218
31	79	-138.187
1	11	-138.053
83	99	-137.871
35	69	-137.784
67	95	137.671
33	45	-137.586
79	93	137.572
3	29	137.57
31	65	-137.451
79	95	137.416
95	99	137.41
3	39	137.255
73	77	-137.193
37	63	-137.173
65	95	137.041
35	89	-137.017
57	63	-137.011
49	51	-136.993
45	59	-136.919
5	89	-136.711
19	47	-136.659
1	15	-136.652
51	79	-136.594
31	57	-136.563
57	93	136.528
39	97	136.359
63	87	-136.358
61	69	136.242
27	31	136.105
1	45	136.055
55	65	-135.92
25	33	135.855
23	97	135.849
55	57	-135.791
25	27	135.784
1	31	-135.704
19	95	135.655
11	61	-135.5
93	99	135.494
3	7	135.482
5	67	-135.399
41	59	135.349
25	59	135.311
33	41	135.31
55	61	-135.295
1	5	-135.293
17	73	135.038
11	29	134.975
21	73	-134.946
69	99	134.88
69	75	134.813
27	51	134.715
47	57	-134.566
7	49	-134.509
53	87	134.49
3	51	134.473
23	99	-134.38
63	69	-134.312
21	27	134.231
9	21	134.18
89	97	-134.117
37	53	134.117
47	65	-134.059
1	67	134.003
9	39	133.881
15	65	-133.875
7	27	133.71
65	93	133.698
29	41	133.671
31	77	133.658
35	37	-133.578
9	69	-133.559
15	57	-133.293
23	79	-133.134
7	61	-133.043
1	61	133.037
35	87	-132.966
67	93	132.927
77	89	-132.89
15	61	-132.871
25	73	-132.765
43	91	-132.728
17	63	-132.625
41	43	132.558
13	97	-132.554
3	79	-132.528
19	33	-132.489
35	43	132.484
7	81	-132.317
35	91	-132.262
27	39	132.186
43	85	-132.055
17	57	132.033
19	59	-132.006
19	93	131.984
13	27	-131.965
81	83	-131.915
21	49	-131.89
11	83	131.888
9	37	-131.834
37	39	-131.773
47	89	-131.757
49	65	131.742
35	99	-131.737
39	87	-131.705
55	89	-131.555
21	37	-131.54
21	87	-131.525
27	79	-131.456
39	73	-131.44
9	87	-131.372
27	29	131.175
25	47	131.152
19	49	131.062
51	61	-131.043
17	31	-130.957
5	99	-130.953
43	49	-130.87
25	41	130.825
73	75	130.719
17	65	130.711
9	35	130.602
15	49	-130.56
43	67	-130.519
57	89	130.504
15	25	130.441
25	49	-130.413
91	99	130.401
13	49	130.374
1	83	-130.338
31	89	-130.306
57	59	-130.281
49	93	130.266
31	61	-130.127
33	57	-130.095
5	79	-129.996
17	43	-129.966
21	77	129.958
49	55	-129.935
11	85	-129.915
33	65	-129.81
59	65	-129.799
65	77	-129.701
61	73	129.613
39	49	-129.556
1	35	-129.348
17	55	-129.217
29	33	129.079
49	57	129.025
1	99	128.995
3	23	128.948
25	55	128.913
27	69	-128.911
23	61	-128.894
19	25	-128.782
11	19	-128.777
71	73	-128.767
63	67	-128.532
37	83	-128.474
57	67	128.403
69	87	128.331
23	91	-128.244
57	69	128.194
29	59	128.187
29	73	-128.106
83	87	-128.105
9	61	-128.022
51	75	-127.977
71	89	-127.97
19	77	-127.869
85	87	127.86
39	77	127.775
15	89	-127.773
37	85	127.711
1	27	-127.701
3	69	-127.698
71	75	-127.693
9	53	-127.631
65	89	127.592
65	67	127.359
37	69	127.212
33	75	-127.194
5	91	-127.105
1	9	-126.973
49	79	126.79
17	47	-126.754
21	81	-126.653
63	89	-126.556
3	13	-126.536
31	67	-126.522
3	71	126.484
19	27	-126.401
59	75	-126.364
11	45	-126.352
15	17	-126.32
1	63	-126.313
49	71	-126.279
27	65	-126.263
27	61	-126.233
29	49	-126.222
11	21	126.076
47	99	-126.062
7	9	126.059
53	81	125.98
63	79	-125.932
69	91	125.896
1	75	125.89
59	89	-125.744
37	45	125.686
45	87	125.643
27	37	-125.636
55	99	-125.587
11	39	125.552
27	87	-125.521
57	77	-125.461
11	65	-125.388
33	89	-125.369
15	29	125.326
3	37	-125.318
1	3	-125.195
49	95	125.166
3	5	125.139
51	91	-125.109
41	47	124.991
3	87	-124.98
31	99	-124.979
11	57	-124.936
25	57	-124.931
39	81	-124.866
25	31	124.839
55	77	124.653
39	89	-124.61
71	79	-124.512
55	67	-124.478
65	97	-124.382
29	47	124.363
49	99	124.34
63	99	-124.336
37	49	124.306
27	43	124.279
53	61	124.186
49	87	124.142
27	57	-124.135
5	61	-124.126
27	71	124.1
69	79	123.971
39	91	-123.963
65	69	123.936
3	61	-123.838
73	79	123.831
63	91	-123.816
15	77	123.722
17	19	123.695
1	71	-123.641
9	19	-123.634
23	27	123.62
71	81	-123.6
3	19	-123.521
1	41	-123.362
91	95	123.33
67	71	-123.269
7	91	-123.205
9	51	123.14
29	55	123.072
59	99	-122.743
13	59	-122.63
11	13	-122.626
21	91	-122.582
31	97	122.547
29	91	-122.505
15	67	-122.475
17	71	-122.428
45	73	122.394
49	61	122.384
15	99	-122.187
71	91	-122.165
43	89	-122.161
19	29	-122.111
29	81	-121.997
1	87	121.93
33	99	-121.912
3	63	121.885
15	41	121.834
21	89	-121.825
41	89	-121.82
47	67	-121.812
25	65	-121.742
77	95	-121.708
9	13	-121.698
3	43	121.656
77	99	-121.589
3	65	-121.522
35	81	-121.479
19	97	-121.32
7	75	-121.311
39	67	-121.244
13	33	-121.226
51	67	-121.209
57	91	121.206
13	77	-121.196
31	49	-121.182
65	91	121.15
1	57	121.119
1	49	120.927
25	81	-120.886
19	89	120.874
1	37	120.789
29	89	-120.761
19	67	120.723
19	41	-120.655
53	79	120.642
61	71	-120.611
7	89	-120.554
7	67	-120.501
57	97	-120.48
71	83	120.381
41	69	-120.367
29	31	120.042
49	69	119.921
25	93	-119.905
31	91	-119.901
41	55	119.841
9	65	-119.7
19	69	119.676
1	91	119.616
11	89	-119.556
1	79	119.472
21	67	-119.423
5	27	119.385
37	75	119.37
17	33	-119.289
21	33	119.255
3	57	-119.252
49	97	-119.229
35	79	-119.22
75	87	119.195
17	59	-119.096
91	93	119.089
17	51	-119.053
27	99	-119.016
13	91	118.987
21	59	118.986
25	95	-118.985
9	83	118.941
43	53	-118.934
97	99	-118.93
43	63	118.825
29	57	-118.775
45	71	-118.764
33	39	118.726
73	85	118.685
61	63	-118.631
13	93	118.508
49	73	118.497
9	57	-118.365
39	59	118.336
7	17	-118.279
29	67	-118.253
17	39	-118.177
41	97	118.106
41	93	-117.904
51	83	117.904
73	89	117.848
7	11	117.791
25	99	-117.747
11	75	-117.635
41	79	-117.605
45	51	-117.508
51	89	-117.478
9	85	-117.462
7	87	-117.398
47	77	117.336
41	65	-117.329
9	89	-117.314
7	37	-117.247
73	83	-116.999
1	65	116.976
9	71	116.808
55	91	-116.76
1	13	116.735
87	89	116.712
15	91	-116.575
17	21	-116.435
29	97	116.429
13	47	-116.351
69	71	-116.329
11	99	-116.319
37	89	116.314
27	73	-116.223
5	43	116.155
29	65	-116.084
63	81	-116.029
77	93	-116.008
23	25	115.896
19	91	115.873
27	63	115.637
11	51	115.618
69	77	-115.599
33	67	-115.463
55	97	115.36
1	77	-115.313
59	67	-115.079
61	85	114.981
35	61	-114.827
41	95	-114.826
13	69	114.796
29	99	-114.749
17	29	-114.693
25	91	-114.692
71	85	-114.672
95	97	-114.597
41	77	114.557
13	95	114.557
37	41	-114.444
9	45	-114.42
15	97	114.303
25	97	114.241
35	71	114.221
5	25	114.192
41	67	-114.114
51	87	-114.066
1	39	-114.048
31	41	113.963
37	51	-113.872
41	57	-113.84
1	7	-113.785
41	87	-113.77
43	79	-113.768
11	17	-113.691
21	47	113.493
47	91	-113.368
5	81	-113.301
39	47	113.222
79	83	-113.197
49	77	-113.093
1	21	-113.085
17	87	113.053
17	41	-113.05
29	93	-113.048
79	85	113.036
1	19	113.005
17	37	112.904
7	83	112.822
41	91	-112.812
25	89	-112.63
25	63	112.601
15	39	112.552
7	45	-112.55
3	99	-112.517
29	95	-112.495
15	21	112.363
23	43	112.33
13	41	-112.303
3	53	-112.279
51	85	-112.184
43	61	-111.996
49	81	111.851
23	49	-111.647
7	59	111.588
11	67	-111.564
7	33	111.521
61	89	111.428
9	17	-111.386
45	61	111.338
9	67	-111.337
61	83	-111.263
27	97	111.228
13	55	-111.14
3	35	111.132
23	29	111.087
25	69	-111.025
3	73	-110.979
23	81	-110.977
3	89	-110.968
39	55	110.967
21	55	110.932
81	99	110.82
1	51	-110.779
45	79	110.756
39	69	-110.631
35	51	110.592
9	91	-110.584
1	43	-110.565
35	73	-110.544
67	87	110.487
37	67	110.462
25	67	-110.449
13	15	-110.426
69	97	-110.416
5	29	110.197
1	97	-110.153
51	59	110.11
1	25	-110.033
9	99	-110.008
47	97	109.91
33	51	109.866
93	97	-109.832
29	77	109.76
29	63	109.736
21	69	-109.723
33	77	109.717
27	53	-109.637
61	81	109.591
79	89	109.561
1	29	-109.412
21	75	-109.114
29	69	-109.057
79	81	109.045
13	67	109.044
9	43	109.028
33	91	-109.026
53	71	-108.998
73	87	108.915
11	71	108.886
59	77	108.884
7	69	-108.809
5	49	-108.741
7	85	-108.697
37	73	108.654
13	57	108.625
53	73	108.559
27	81	-108.55
13	75	108.384
13	19	108.322
59	91	-108.276
63	73	-108.254
39	75	-108.102
9	75	-108.1
43	65	-108.087
65	81	108.085
41	61	-108.042
11	91	-107.971
71	87	-107.9
31	39	107.843
17	25	-107.767
3	97	107.715
37	71	-107.68
25	77	107.603
21	31	107.593
31	81	-107.521
27	35	107.431
39	99	-107.151
7	35	107.093
9	73	-107.075
21	93	-107.043
41	99	-106.874
39	93	-106.859
63	71	106.594
37	77	-106.589
57	81	106.546
13	31	-106.498
37	91	106.423
7	47	106.394
49	63	-106.373
19	39	-106.303
71	99	-106.276
77	87	-106.27
27	77	106.265
13	99	106.257
87	91	106.184
13	17	106.182
19	43	-106.15
51	69	-106.133
43	69	-106.127
3	81	-106.059
39	57	-105.898
75	79	105.853
13	65	105.772
43	99	-105.764
19	21	-105.743
61	75	105.737
19	81	105.73
3	91	-105.703
21	99	-105.699
25	35	105.624
21	95	-105.619
41	81	-105.597
39	95	-105.591
27	89	-105.574
23	41	105.516
3	67	-105.448
43	57	-105.444
31	43	105.368
11	73	-105.32
9	81	-105.187
15	81	-105.119
21	57	-105.118
17	61	105.112
11	77	105.033
47	51	105.029
7	15	104.941
41	73	-104.933
25	53	-104.916
3	85	-104.867
3	17	-104.86
3	83	104.812
17	79	104.71
51	53	-104.661
33	97	104.515
41	53	-104.479
5	71	104.343
5	73	-104.256
59	71	104.189
33	71	104.169
7	55	104.156
11	43	104.125
67	79	104.121
21	45	-104.073
59	97	104.062
3	77	104.026
5	41	103.996
59	73	-103.963
79	91	103.88
39	65	-103.869
55	81	-103.851
1	73	103.727
39	45	-103.723
51	63	103.593
13	45	103.513
21	83	103.504
29	53	-103.495
41	63	103.48
33	73	-103.479
49	75	103.473
15	51	103.383
7	53	-103.363
49	91	103.356
29	35	103.308
21	65	-103.239
81	95	103.222
13	23	-103.194
27	83	103.164
39	85	-103.106
27	85	-103.075
7	93	-103.011
61	67	103.011
49	53	102.996
51	55	102.92
3	45	-102.903
21	85	-102.902
41	75	-102.894
37	97	-102.877
39	83	102.845
69	81	102.834
49	89	102.725
87	97	-102.7
5	51	102.609
71	93	-102.456
41	85	-102.418
43	55	102.385
23	71	102.383
27	91	-102.323
35	49	-102.313
73	93	102.249
23	39	102.241
69	73	102.209
15	43	102.186
7	99	-102.17
21	23	102.17
31	73	-102.143
11	81	-102.14
23	73	-102.119
7	63	102.115
7	31	102.102
39	53	-102.042
51	93	-102.009
13	83	-101.994
13	85	101.936
15	73	-101.916
27	45	-101.852
11	97	101.823
79	97	-101.803
5	39	101.757
37	81	101.753
65	71	-101.742
57	71	-101.734
7	95	-101.701
25	83	101.696
43	59	101.689
5	21	101.678
43	95	-101.667
43	87	-101.667
39	63	101.664
71	95	-101.656
81	93	101.648
49	67	101.645
49	83	-101.631
33	43	101.624
37	43	-101.606
81	87	101.586
27	67	-101.524
5	13	-101.512
21	63	101.504
9	77	101.499
73	99	101.458
23	51	101.42
21	53	-101.417
41	45	-101.376
31	51	101.375
47	81	-101.366
29	85	-101.349
47	73	-101.325
5	7	101.315
61	97	-101.31
25	85	-101.295
13	53	101.29
47	71	101.279
21	35	101.247
13	63	-101.227
17	27	-101.221
45	49	101.129
1	81	101.063
43	47	101.056
27	75	-101.033
15	71	101.002
17	49	100.941
19	73	100.935
65	73	100.931
35	39	100.929
9	97	100.927
55	73	-100.925
73	95	100.883
51	95	-100.865
51	99	-100.855
33	81	-100.751
29	75	-100.726
13	89	100.697
3	75	-100.691
31	71	100.629
77	79	-100.608
7	23	100.579
49	85	100.543
55	71	100.538
7	19	-100.52
41	83	100.507
43	93	-100.5
7	57	-100.492
19	71	-100.46
25	45	-100.45
59	81	-100.436
61	91	100.418
29	83	100.404
35	41	100.401
19	51	-100.306
29	45	-100.299
51	65	-100.268
57	73	100.258
25	75	-100.21
13	35	-100.141
7	65	-100.03
61	77	-100.009
51	57	-100.003
26	27	20
38	39	20
74	75	20
76	77	20
36	37	20
94	95	20
72	73	20
96	97	20
58	59	20
68	69	20
60	61	20
40	41	20
52	53	20
46	47	20
28	29	20
82	83	20
54	55	20
32	33	20
16	17	20
84	85	20
64	65	20
70	71	20
86	87	20
44	45	20
66	67	20
30	31	20
48	49	20
24	25	20
80	81	20
56	57	20
88	89	20
22	23	20
62	63	20
34	35	20
90	91	20
78	79	20
18	19	20
50	51	20
92	93	20
42	43	20
14	15	20
20	21	20
0	1	20
98	99	20
12	13	20
6	7	20
4	5	20
8	9	20
2	3	20
10	11	20
37	86	19.996
36	87	19.996
33	58	19.9859
32	59	19.9859
20	39	19.9741
21	38	19.9741
15	54	19.942
14	55	19.942
56	65	19.9329
57	64	19.9329
16	67	19.9295
17	66	19.9295
92	95	19.921
93	94	19.921
4	23	19.8716
5	22	19.8716
7	50	19.8692
6	51	19.8692
15	30	19.8635
14	31	19.8635
44	85	19.8533
45	84	19.8533
46	55	19.8485
47	54	19.8485
33	46	19.8302
32	47	19.8302
31	54	19.8292
30	55	19.8292
19	64	19.827
18	65	19.827
46	59	19.7955
47	58	19.7955
45	74	19.7909
44	75	19.7909
11	32	19.7853
10	33	19.7853
0	69	19.7749
1	68	19.7749
5	62	19.7589
4	63	19.7589
76	97	19.7571
77	96	19.7571
3	26	19.7488
2	27	19.7488
25	28	19.7429
24	29	19.7429
11	58	19.7381
10	59	19.7381
18	57	19.7027
19	56	19.7027
14	47	19.6943
15	46	19.6943
27	48	-19.6789
26	49	-19.6789
53	84	19.6744
52	85	19.6744
67	90	19.6709
66	91	19.6709
8	11	19.6221
9	10	19.6221
34	83	19.6219
35	82	19.6219
22	31	19.5967
23	30	19.5967
34	63	19.5818
35	62	19.5818
5	34	19.5766
4	35	19.5766
7	20	19.574
6	21	19.574
5	30	19.5683
4	31	19.5683
44	83	-19.566
45	82	-19.566
75	82	-19.5375
74	83	-19.5375
6	71	19.5248
7	70	19.5248
56	99	19.5173
57	98	19.5173
32	55	19.4826
33	54	19.4826
17	88	19.4741
16	89	19.4741
7	38	19.4348
6	39	19.4348
14	33	19.395
15	32	19.395
55	58	19.3704
54	59	19.3704
31	46	19.3699
30	47	19.3699
74	85	19.3474
75	84	19.3474
61	78	19.3416
60	79	19.3416
23	54	19.3313
22	55	19.3313
17	90	19.327
16	91	19.327
50	71	19.3081
51	70	19.3081
22	63	19.3041
23	62	19.3041
11	46	19.3005
10	47	19.3005
28	39	19.3
29	38	19.3
31	62	19.2731
30	63	19.2731
65	98	19.2725
64	99	19.2725
66	89	19.269
67	88	19.269
15	58	19.2381
14	59	19.2381
2	9	19.2311
3	8	19.2311
79	86	19.2194
78	87	19.2194
44	53	19.2133
45	52	19.2133
36	79	19.2046
37	78	19.2046
20	29	19.2045
21	28	19.2045
23	34	19.1914
22	35	19.1914
73	80	19.1845
72	81	19.1845
43	50	19.1411
42	51	19.1411
14	23	19.1397
15	22	19.1397
3	48	-19.1271
2	49	-19.1271
21	50	19.1097
20	51	19.1097
83	84	-19.0881
82	85	-19.0881
47	94	-19.0829
46	95	-19.0829
4	55	19.0484
5	54	19.0484
42	97	18.9842
43	96	18.9842
10	15	18.9835
11	14	18.9835
5	14	18.9834
4	15	18.9834
46	93	-18.9337
47	92	-18.9337
11	54	18.9122
10	55	18.9122
9	32	18.8808
8	33	18.8808
38	51	18.8742
39	50	18.8742
69	92	18.8476
68	93	18.8476
23	46	18.8297
22	47	18.8297
61	86	18.8205
60	87	18.8205
30	33	18.8023
31	32	18.8023
8	59	18.7926
9	58	18.7926
4	83	18.7882
5	82	18.7882
43	70	18.7775
42	71	18.7775
20	25	18.7547
21	24	18.7547
24	39	18.7363
25	38	18.7363
59	92	-18.7318
58	93	-18.7318
37	60	18.7178
36	61	18.7178
54	95	-18.7148
55	94	-18.7148
21	70	18.6914
20	71	18.6914
58	95	-18.6703
59	94	-18.6703
39	70	18.6459
38	71	18.6459
31	58	18.6224
30	59	18.6224
25	78	-18.6194
24	79	-18.6194
14	63	18.6051
15	62	18.6051
74	77	-18.6013
75	76	-18.6013
6	43	18.5991
7	42	18.5991
23	94	-18.5747
22	95	-18.5747
35	44	-18.5746
34	45	-18.5746
32	93	-18.5679
33	92	-18.5679
32	95	-18.5546
33	94	-18.5546
22	83	18.5544
23	82	18.5544
69	94	18.5499
68	95	18.5499
19	98	18.5491
18	99	18.5491
62	83	18.5045
63	82	18.5045
55	62	18.4811
54	63	18.4811
8	27	18.4692
9	26	18.4692
52	83	-18.4477
53	82	-18.4477
22	53	-18.4428
23	52	-18.4428
35	74	-18.4205
34	75	-18.4205
19	36	18.4048
18	37	18.4048
52	95	18.4017
53	94	18.4017
30	35	18.4005
31	34	18.4005
16	85	18.3902
17	84	18.3902
54	93	-18.3846
55	92	-18.3846
19	86	18.3491
18	87	18.3491
4	47	18.3295
5	46	18.3295
3	10	18.3037
2	11	18.3037
3	40	18.3037
2	41	18.3037
43	76	18.2981
42	77	18.2981
52	75	18.2821
53	74	18.2821
41	48	-18.2631
40	49	-18.2631
75	96	-18.2575
74	97	-18.2575
80	91	18.2476
81	90	18.2476
88	91	18.1901
89	90	18.1901
10	31	18.1828
11	30	18.1828
15	94	-18.1799
14	95	-18.1799
37	56	18.1763
36	57	18.1763
57	86	18.1752
56	87	18.1752
77	82	18.1498
76	83	18.1498
30	95	-18.1047
31	94	-18.1047
13	72	18.0752
12	73	18.0752
8	47	18.0651
9	46	18.0651
35	84	-18.0514
34	85	-18.0514
22	93	-17.9666
23	92	-17.9666
1	92	17.9388
0	93	17.9388
9	14	17.9126
8	15	17.9126
22	85	-17.9086
23	84	-17.9086
27	40	17.9045
26	41	17.9045
22	33	17.899
23	32	17.899
23	44	-17.887
22	45	-17.887
4	53	-17.8767
5	52	-17.8767
17	44	17.8686
16	45	17.8686
36	65	17.8484
37	64	17.8484
16	53	17.8389
17	52	17.8389
52	93	17.8376
53	92	17.8376
52	89	17.8342
53	88	17.8342
15	92	-17.8267
14	93	-17.8267
64	87	17.8234
65	86	17.8234
67	84	17.8225
66	85	17.8225
4	45	-17.8027
5	44	-17.8027
7	28	17.7753
6	29	17.7753
23	58	17.7734
22	59	17.7734
4	95	-17.7361
5	94	-17.7361
35	52	-17.7336
34	53	-17.7336
84	89	17.7289
85	88	17.7289
10	27	17.7114
11	26	17.7114
9	54	17.6616
8	55	17.6616
31	92	-17.6139
30	93	-17.6139
4	85	-17.5998
5	84	-17.5998
45	76	-17.5585
44	77	-17.5585
29	78	-17.5473
28	79	-17.5473
46	63	17.5472
47	62	17.5472
34	55	17.539
35	54	17.539
11	92	-17.5324
10	93	-17.5324
1	94	17.4865
0	95	17.4865
14	35	17.4683
15	34	17.4683
11	94	-17.4503
10	95	-17.4503
17	74	17.4459
16	75	17.4459
5	32	17.359
4	33	17.359
44	67	17.3341
45	66	17.3341
6	25	17.3146
7	24	17.3146
83	96	17.2619
82	97	17.2619
34	77	17.2598
35	76	17.2598
3	58	17.2557
2	59	17.2557
52	69	17.2546
53	68	17.2546
2	33	17.2339
3	32	17.2339
4	75	-17.1964
5	74	-17.1964
31	82	17.1781
30	83	17.1781
4	59	17.177
5	58	17.177
53	66	17.149
52	67	17.149
25	60	-17.1193
24	61	-17.1193
9	48	-17.105
8	49	-17.105
44	63	-17.102
45	62	-17.102
45	96	-17.0703
44	97	-17.0703
22	75	-17.0582
23	74	-17.0582
4	93	-17.0559
5	92	-17.0559
29	50	17.05
28	51	17.05
67	74	17.016
66	75	17.016
87	98	17.0075
86	99	17.0075
84	95	16.9752
85	94	16.9752
37	98	16.9558
36	99	16.9558
13	60	16.9529
12	61	16.9529
21	42	16.93
20	43	16.93
8	31	16.9261
9	30	16.9261
31	52	-16.9254
30	53	-16.9254
52	55	-16.8769
53	54	-16.8769
10	23	16.8677
11	22	16.8677
27	58	16.8595
26	59	16.8595
45	88	16.8588
44	89	16.8588
66	81	16.8499
67	80	16.8499
63	74	-16.77
62	75	-16.77
24	51	16.7622
25	50	16.7622
26	33	16.7531
27	32	16.7531
50	97	16.7011
51	96	16.7011
53	62	-16.6892
52	63	-16.6892
46	53	-16.6656
47	52	-16.6656
62	85	-16.6552
63	84	-16.6552
38	43	16.6407
39	42	16.6407
33	62	16.622
32	63	16.622
85	90	16.6216
84	91	16.6216
35	46	16.5985
34	47	16.5985
69	88	16.5956
68	89	16.5956
12	25	-16.559
13	24	-16.559
77	84	-16.5424
76	85	-16.5424
12	51	-16.537
13	50	-16.537
63	94	-16.4743
62	95	-16.4743
24	37	-16.4668
25	36	-16.4668
8	41	16.4662
9	40	16.4662
25	86	-16.4443
24	87	-16.4443
29	70	16.4177
28	71	16.4177
4	11	16.4157
5	10	16.4157
34	95	-16.388
35	94	-16.388
59	62	16.3786
58	63	16.3786
70	97	16.3765
71	96	16.3765
55	82	16.3714
54	83	16.3714
15	52	-16.3326
14	53	-16.3326
44	91	16.3196
45	90	16.3196
74	91	16.2946
75	90	16.2946
45	94	16.2651
44	95	16.2651
84	93	16.2585
85	92	16.2585
16	81	16.24
17	80	16.24
31	84	-16.1904
30	85	-16.1904
13	78	16.1846
12	79	16.1846
31	44	-16.1755
30	45	-16.1755
46	69	-16.1645
47	68	-16.1645
15	82	16.1421
14	83	16.1421
11	48	-16.0932
10	49	-16.0932
85	96	-16.0919
84	97	-16.0919
83	94	-16.0718
82	95	-16.0718
75	88	16.0705
74	89	16.0705
17	82	-16.0578
16	83	-16.0578
2	47	16.0442
3	46	16.0442
6	13	-16.0356
7	12	-16.0356
34	97	16.0257
35	96	16.0257
58	69	-16.0251
59	68	-16.0251
1	52	16.0181
0	53	16.0181
13	20	-15.9699
12	21	-15.9699
1	88	15.9422
0	89	15.9422
18	79	15.9399
19	78	15.9399
9	92	-15.8995
8	93	-15.8995
11	62	15.866
10	63	15.866
7	96	15.8532
6	97	15.8532
70	77	15.834
71	76	15.834
54	85	-15.8317
55	84	-15.8317
63	92	-15.7844
62	93	-15.7844
9	94	-15.7625
8	95	-15.7625
33	68	-15.7589
32	69	-15.7589
28	61	-15.7457
29	60	-15.7457
56	61	15.722
57	60	15.722
68	85	15.7098
69	84	15.7098
72	91	15.6845
73	90	15.6845
51	76	15.6677
50	77	15.6677
57	78	15.6589
56	79	15.6589
53	90	15.6472
52	91	15.6472
21	78	-15.6456
20	79	-15.6456
63	76	15.6255
62	77	15.6255
25	70	15.6135
24	71	15.6135
45	54	-15.6096
44	55	-15.6096
35	92	-15.6023
34	93	-15.6023
13	80	15.598
12	81	15.598
39	78	-15.5848
38	79	-15.5848
22	69	-15.5695
23	68	-15.5695
53	58	-15.5635
52	59	-15.5635
81	96	-15.5473
80	97	-15.5473
12	39	-15.5437
13	38	-15.5437
33	52	-15.5433
32	53	-15.5433
27	46	15.5236
26	47	15.5236
47	82	15.5236
46	83	15.5236
66	83	-15.4918
67	82	-15.4918
3	14	15.491
2	15	15.491
19	60	15.4804
18	61	15.4804
45	92	15.4781
44	93	15.4781
12	29	-15.4628
13	28	-15.4628
55	68	-15.4616
54	69	-15.4616
32	35	15.4356
33	34	15.4356
43	74	-15.416
42	75	-15.416
28	37	-15.401
29	36	-15.401
14	85	-15.3781
15	84	-15.3781
46	85	-15.3716
47	84	-15.3716
88	95	15.3709
89	94	15.3709
28	87	-15.357
29	86	-15.357
30	75	-15.3325
31	74	-15.3325
4	77	15.3243
5	76	15.3243
2	55	15.3118
3	54	15.3118
8	23	15.2743
9	22	15.2743
83	92	-15.2469
82	93	-15.2469
34	59	15.2464
35	58	15.2464
14	45	-15.2338
15	44	-15.2338
64	79	15.2142
65	78	15.2142
49	58	-15.1783
48	59	-15.1783
61	98	15.1218
60	99	15.1218
61	64	15.1014
60	65	15.1014
42	73	-15.0924
43	72	-15.0924
52	77	-15.0774
53	76	-15.0774
12	43	-15.0773
13	42	-15.0773
89	92	15.0636
88	93	15.0636
33	48	-15.0531
32	49	-15.0531
0	59	-15.0481
1	58	-15.0481
1	46	-15.0344
0	47	-15.0344
83	88	-15.0144
82	89	-15.0144
51	72	-14.991
50	73	-14.991
44	47	-14.9831
45	46	-14.9831
75	94	14.939
74	95	14.939
5	8	14.9383
4	9	14.9383
72	97	-14.9151
73	96	-14.9151
75	80	14.9141
74	81	14.9141
16	97	-14.9128
17	96	-14.9128
6	77	14.9088
7	76	14.9088
16	69	14.8447
17	68	14.8447
53	98	14.7997
52	99	14.7997
66	97	-14.7867
67	96	-14.7867
14	69	-14.7814
15	68	-14.7814
90	97	-14.7797
91	96	-14.7797
11	40	14.7724
10	41	14.7724
0	33	-14.757
1	32	-14.757
84	99	14.737
85	98	14.737
23	76	14.7235
22	77	14.7235
19	34	-14.7147
18	35	-14.7147
45	68	14.7101
44	69	14.7101
42	81	-14.7069
43	80	-14.7069
14	27	14.7028
15	26	14.7028
30	69	-14.6948
31	68	-14.6948
53	56	14.6916
52	57	14.6916
5	18	-14.6855
4	19	-14.6855
64	83	-14.6825
65	82	-14.6825
10	69	-14.6753
11	68	-14.6753
44	65	14.6542
45	64	14.6542
19	22	-14.6522
18	23	-14.6522
27	54	14.6358
26	55	14.6358
57	84	14.6345
56	85	14.6345
5	68	-14.6157
4	69	-14.6157
9	62	14.6151
8	63	14.6151
64	85	14.6095
65	84	14.6095
19	82	-14.6026
18	83	-14.6026
82	91	-14.5998
83	90	-14.5998
55	74	-14.5971
54	75	-14.5971
17	76	-14.5907
16	77	-14.5907
45	56	14.5586
44	57	14.5586
37	54	-14.5552
36	55	-14.5552
53	64	14.5305
52	65	14.5305
79	98	14.5299
78	99	14.5299
55	86	-14.5245
54	87	-14.5245
16	35	-14.523
17	34	-14.523
36	47	-14.5197
37	46	-14.5197
1	84	14.5176
0	85	14.5176
46	87	-14.514
47	86	-14.514
17	22	-14.4947
16	23	-14.4947
17	94	14.4936
16	95	14.4936
3	92	-14.4932
2	93	-14.4932
32	79	-14.4843
33	78	-14.4843
35	64	-14.4819
34	65	-14.4819
59	78	-14.4788
58	79	-14.4788
53	96	-14.4621
52	97	-14.4621
19	62	-14.4534
18	63	-14.4534
26	93	-14.4514
27	92	-14.4514
57	82	-14.4482
56	83	-14.4482
44	99	14.4414
45	98	14.4414
14	37	-14.436
15	36	-14.436
77	80	-14.4356
76	81	-14.4356
22	65	-14.435
23	64	-14.435
31	36	-14.4337
30	37	-14.4337
21	60	-14.4328
20	61	-14.4328
11	34	14.4314
10	35	14.4314
46	79	-14.3969
47	78	-14.3969
14	87	-14.3879
15	86	-14.3879
23	36	-14.3873
22	37	-14.3873
23	56	-14.3849
22	57	-14.3849
31	86	-14.3793
30	87	-14.3793
10	79	-14.3675
11	78	-14.3675
2	31	14.3652
3	30	14.3652
64	75	14.3609
65	74	14.3609
8	25	14.3591
9	24	14.3591
22	87	-14.3572
23	86	-14.3572
5	64	-14.3526
4	65	-14.3526
0	23	-14.3451
1	22	-14.3451
61	92	14.3328
60	93	14.3328
66	77	-14.324
67	76	-14.324
86	95	14.3146
87	94	14.3146
13	70	-14.3145
12	71	-14.3145
22	89	-14.3084
23	88	-14.3084
43	82	14.3071
42	83	14.3071
14	75	-14.3036
15	74	-14.3036
1	54	-14.2914
0	55	-14.2914
39	60	-14.2891
38	61	-14.2891
32	83	14.2785
33	82	14.2785
32	37	-14.2643
33	36	-14.2643
63	96	14.2626
62	97	14.2626
19	44	14.2592
18	45	14.2592
33	86	-14.2587
32	87	-14.2587
36	95	14.2557
37	94	14.2557
29	42	14.2552
28	43	14.2552
80	89	14.2527
81	88	14.2527
11	52	-14.2479
10	53	-14.2479
58	87	-14.2432
59	86	-14.2432
37	58	-14.2397
36	59	-14.2397
34	57	-14.2179
35	56	-14.2179
45	80	14.2165
44	81	14.2165
89	98	14.2119
88	99	14.2119
5	56	-14.2062
4	57	-14.2062
17	98	14.2026
16	99	14.2026
54	79	-14.2009
55	78	-14.2009
18	31	-14.2009
19	30	-14.2009
67	68	14.1787
66	69	14.1787
32	85	-14.1732
33	84	-14.1732
61	94	14.1654
60	95	14.1654
14	79	-14.1501
15	78	-14.1501
5	36	-14.15
4	37	-14.15
59	82	14.147
58	83	14.147
87	92	14.1463
86	93	14.1463
56	75	14.1446
57	74	14.1446
75	92	14.1441
74	93	14.1441
58	85	-14.1426
59	84	-14.1426
18	85	14.1351
19	84	14.1351
7	72	-14.1255
6	73	-14.1255
19	52	14.1114
18	53	14.1114
3	94	-14.1062
2	95	-14.1062
4	87	-14.0957
5	86	-14.0957
5	16	-14.0927
4	17	-14.0927
6	41	14.0923
7	40	14.0923
67	72	14.0897
66	73	14.0897
42	45	-14.0816
43	44	-14.0816
8	29	14.08
9	28	14.08
5	96	14.0752
4	97	14.0752
37	92	14.0742
36	93	14.0742
76	91	-14.0655
77	90	-14.0655
7	78	-14.0522
6	79	-14.0522
59	60	-14.0475
58	61	-14.0475
10	25	14.0445
11	24	14.0445
3	24	14.0262
2	25	14.0262
50	81	-13.9937
51	80	-13.9937
17	92	13.9924
16	93	13.9924
0	17	13.9876
1	16	13.9876
40	71	13.9824
41	70	13.9824
35	66	-13.9819
34	67	-13.9819
19	74	13.9761
18	75	13.9761
20	41	13.97
21	40	13.97
74	99	13.9687
75	98	13.9687
18	55	-13.9594
19	54	-13.9594
69	82	-13.959
68	83	-13.959
56	95	13.9563
57	94	13.9563
63	64	-13.9532
62	65	-13.9532
81	84	13.9529
80	85	13.9529
33	60	-13.9437
32	61	-13.9437
38	41	13.941
39	40	13.941
27	94	-13.9382
26	95	-13.9382
46	61	-13.9354
47	60	-13.9354
12	87	13.9153
13	86	13.9153
25	42	13.9137
24	43	13.9137
20	97	13.9118
21	96	13.9118
40	51	13.9104
41	50	13.9104
8	79	-13.9079
9	78	-13.9079
10	37	-13.8753
11	36	-13.8753
47	74	-13.8718
46	75	-13.8718
66	99	13.8694
67	98	13.8694
23	66	-13.8672
22	67	-13.8672
2	21	13.8524
3	20	13.8524
10	87	-13.8511
11	86	-13.8511
15	18	-13.849
14	19	-13.849
47	48	-13.8261
46	49	-13.8261
13	36	13.8218
12	37	13.8218
30	79	-13.8187
31	78	-13.8187
0	11	-13.8053
1	10	-13.8053
83	98	-13.7871
82	99	-13.7871
35	68	-13.7784
34	69	-13.7784
67	94	13.7671
66	95	13.7671
32	45	-13.7586
33	44	-13.7586
78	93	13.7572
79	92	13.7572
3	28	13.757
2	29	13.757
31	64	-13.7451
30	65	-13.7451
78	95	13.7416
79	94	13.7416
94	99	13.741
95	98	13.741
2	39	13.7255
3	38	13.7255
73	76	-13.7193
72	77	-13.7193
36	63	-13.7173
37	62	-13.7173
65	94	13.7041
64	95	13.7041
35	88	-13.7017
34	89	-13.7017
56	63	-13.7011
57	62	-13.7011
49	50	-13.6993
48	51	-13.6993
45	58	-13.6919
44	59	-13.6919
5	88	-13.6711
4	89	-13.6711
18	47	-13.6659
19	46	-13.6659
1	14	-13.6652
0	15	-13.6652
51	78	-13.6594
50	79	-13.6594
30	57	-13.6563
31	56	-13.6563
56	93	13.6528
57	92	13.6528
39	96	13.6359
38	97	13.6359
62	87	-13.6358
63	86	-13.6358
60	69	13.6242
61	68	13.6242
26	31	13.6105
27	30	13.6105
0	45	13.6055
1	44	13.6055
55	64	-13.592
54	65	-13.592
24	33	13.5855
25	32	13.5855
22	97	13.5849
23	96	13.5849
55	56	-13.5791
54	57	-13.5791
24	27	13.5784
25	26	13.5784
0	31	-13.5704
1	30	-13.5704
18	95	13.5655
19	94	13.5655
10	61	-13.55
11	60	-13.55
92	99	13.5494
93	98	13.5494
3	6	13.5482
2	7	13.5482
4	67	-13.5399
5	66	-13.5399
40	59	13.5349
41	58	13.5349
24	59	13.5311
25	58	13.5311
33	40	13.531
32	41	13.531
55	60	-13.5295
54	61	-13.5295
1	4	-13.5293
0	5	-13.5293
16	73	13.5038
17	72	13.5038
11	28	13.4975
10	29	13.4975
20	73	-13.4946
21	72	-13.4946
68	99	13.488
69	98	13.488
68	75	13.4813
69	74	13.4813
26	51	13.4715
27	50	13.4715
46	57	-13.4566
47	56	-13.4566
6	49	-13.4509
7	48	-13.4509
52	87	13.449
53	86	13.449
2	51	13.4473
3	50	13.4473
23	98	-13.438
22	99	-13.438
62	69	-13.4312
63	68	-13.4312
20	27	13.4231
21	26	13.4231
9	20	13.418
8	21	13.418
88	97	-13.4117
89	96	-13.4117
36	53	13.4117
37	52	13.4117
46	65	-13.4059
47	64	-13.4059
0	67	13.4003
1	66	13.4003
9	38	13.3881
8	39	13.3881
14	65	-13.3875
15	64	-13.3875
6	27	13.371
7	26	13.371
65	92	13.3698
64	93	13.3698
29	40	13.3671
28	41	13.3671
30	77	13.3658
31	76	13.3658
34	37	-13.3578
35	36	-13.3578
8	69	-13.3559
9	68	-13.3559
14	57	-13.3293
15	56	-13.3293
23	78	-13.3134
22	79	-13.3134
6	61	-13.3043
7	60	-13.3043
0	61	13.3037
1	60	13.3037
35	86	-13.2966
34	87	-13.2966
67	92	13.2927
66	93	13.2927
76	89	-13.289
77	88	-13.289
15	60	-13.2871
14	61	-13.2871
24	73	-13.2765
25	72	-13.2765
42	91	-13.2728
43	90	-13.2728
16	63	-13.2625
17	62	-13.2625
41	42	13.2558
40	43	13.2558
13	96	-13.2554
12	97	-13.2554
3	78	-13.2528
2	79	-13.2528
18	33	-13.2489
19	32	-13.2489
35	42	13.2484
34	43	13.2484
6	81	-13.2317
7	80	-13.2317
34	91	-13.2262
35	90	-13.2262
27	38	13.2186
26	39	13.2186
43	84	-13.2055
42	85	-13.2055
17	56	13.2033
16	57	13.2033
19	58	-13.2006
18	59	-13.2006
18	93	13.1984
19	92	13.1984
13	26	-13.1965
12	27	-13.1965
80	83	-13.1915
81	82	-13.1915
21	48	-13.189
20	49	-13.189
11	82	13.1888
10	83	13.1888
8	37	-13.1834
9	36	-13.1834
37	38	-13.1773
36	39	-13.1773
46	89	-13.1757
47	88	-13.1757
48	65	13.1742
49	64	13.1742
35	98	-13.1737
34	99	-13.1737
38	87	-13.1705
39	86	-13.1705
54	89	-13.1555
55	88	-13.1555
21	36	-13.154
20	37	-13.154
21	86	-13.1525
20	87	-13.1525
27	78	-13.1456
26	79	-13.1456
38	73	-13.144
39	72	-13.144
8	87	-13.1372
9	86	-13.1372
27	28	13.1175
26	29	13.1175
25	46	13.1152
24	47	13.1152
19	48	13.1062
18	49	13.1062
51	60	-13.1043
50	61	-13.1043
17	30	-13.0957
16	31	-13.0957
5	98	-13.0953
4	99	-13.0953
42	49	-13.087
43	48	-13.087
25	40	13.0825
24	41	13.0825
72	75	13.0719
73	74	13.0719
17	64	13.0711
16	65	13.0711
8	35	13.0602
9	34	13.0602
14	49	-13.056
15	48	-13.056
42	67	-13.0519
43	66	-13.0519
57	88	13.0504
56	89	13.0504
15	24	13.0441
14	25	13.0441
25	48	-13.0413
24	49	-13.0413
90	99	13.0401
91	98	13.0401
12	49	13.0374
13	48	13.0374
1	82	-13.0338
0	83	-13.0338
30	89	-13.0306
31	88	-13.0306
57	58	-13.0281
56	59	-13.0281
48	93	13.0266
49	92	13.0266
30	61	-13.0127
31	60	-13.0127
33	56	-13.0095
32	57	-13.0095
5	78	-12.9996
4	79	-12.9996
16	43	-12.9966
17	42	-12.9966
21	76	12.9958
20	77	12.9958
49	54	-12.9935
48	55	-12.9935
11	84	-12.9915
10	85	-12.9915
32	65	-12.981
33	64	-12.981
58	65	-12.9799
59	64	-12.9799
64	77	-12.9701
65	76	-12.9701
61	72	12.9613
60	73	12.9613
38	49	-12.9556
39	48	-12.9556
0	35	-12.9348
1	34	-12.9348
17	54	-12.9217
16	55	-12.9217
28	33	12.9079
29	32	12.9079
49	56	12.9025
48	57	12.9025
1	98	12.8995
0	99	12.8995
2	23	12.8948
3	22	12.8948
24	55	12.8913
25	54	12.8913
26	69	-12.8911
27	68	-12.8911
22	61	-12.8894
23	60	-12.8894
18	25	-12.8782
19	24	-12.8782
10	19	-12.8777
11	18	-12.8777
71	72	-12.8767
70	73	-12.8767
62	67	-12.8532
63	66	-12.8532
37	82	-12.8474
36	83	-12.8474
56	67	12.8403
57	66	12.8403
69	86	12.8331
68	87	12.8331
23	90	-12.8244
22	91	-12.8244
56	69	12.8194
57	68	12.8194
29	58	12.8187
28	59	12.8187
29	72	-12.8106
28	73	-12.8106
83	86	-12.8105
82	87	-12.8105
9	60	-12.8022
8	61	-12.8022
50	75	-12.7977
51	74	-12.7977
71	88	-12.797
70	89	-12.797
19	76	-12.7869
18	77	-12.7869
84	87	12.786
85	86	12.786
39	76	12.7775
38	77	12.7775
14	89	-12.7773
15	88	-12.7773
36	85	12.7711
37	84	12.7711
1	26	-12.7701
0	27	-12.7701
3	68	-12.7698
2	69	-12.7698
71	74	-12.7693
70	75	-12.7693
8	53	-12.7631
9	52	-12.7631
64	89	12.7592
65	88	12.7592
65	66	12.7359
64	67	12.7359
37	68	12.7212
36	69	12.7212
32	75	-12.7194
33	74	-12.7194
5	90	-12.7105
4	91	-12.7105
1	8	-12.6973
0	9	-12.6973
49	78	12.679
48	79	12.679
17	46	-12.6754
16	47	-12.6754
20	81	-12.6653
21	80	-12.6653
63	88	-12.6556
62	89	-12.6556
2	13	-12.6536
3	12	-12.6536
31	66	-12.6522
30	67	-12.6522
3	70	12.6484
2	71	12.6484
18	27	-12.6401
19	26	-12.6401
58	75	-12.6364
59	74	-12.6364
11	44	-12.6352
10	45	-12.6352
14	17	-12.632
15	16	-12.632
1	62	-12.6313
0	63	-12.6313
49	70	-12.6279
48	71	-12.6279
27	64	-12.6263
26	65	-12.6263
26	61	-12.6233
27	60	-12.6233
29	48	-12.6222
28	49	-12.6222
10	21	12.6076
11	20	12.6076
46	99	-12.6062
47	98	-12.6062
6	9	12.6059
7	8	12.6059
52	81	12.598
53	80	12.598
63	78	-12.5932
62	79	-12.5932
68	91	12.5896
69	90	12.5896
1	74	12.589
0	75	12.589
58	89	-12.5744
59	88	-12.5744
37	44	12.5686
36	45	12.5686
44	87	12.5643
45	86	12.5643
26	37	-12.5636
27	36	-12.5636
54	99	-12.5587
55	98	-12.5587
10	39	12.5552
11	38	12.5552
27	86	-12.5521
26	87	-12.5521
57	76	-12.5461
56	77	-12.5461
11	64	-12.5388
10	65	-12.5388
32	89	-12.5369
33	88	-12.5369
14	29	12.5326
15	28	12.5326
2	37	-12.5318
3	36	-12.5318
1	2	-12.5195
0	3	-12.5195
49	94	12.5166
48	95	12.5166
3	4	12.5139
2	5	12.5139
51	90	-12.5109
50	91	-12.5109
40	47	12.4991
41	46	12.4991
3	86	-12.498
2	87	-12.498
31	98	-12.4979
30	99	-12.4979
10	57	-12.4936
11	56	-12.4936
25	56	-12.4931
24	57	-12.4931
39	80	-12.4866
38	81	-12.4866
25	30	12.4839
24	31	12.4839
55	76	12.4653
54	77	12.4653
39	88	-12.461
38	89	-12.461
70	79	-12.4512
71	78	-12.4512
54	67	-12.4478
55	66	-12.4478
65	96	-12.4382
64	97	-12.4382
28	47	12.4363
29	46	12.4363
49	98	12.434
48	99	12.434
63	98	-12.4336
62	99	-12.4336
37	48	12.4306
36	49	12.4306
26	43	12.4279
27	42	12.4279
52	61	12.4186
53	60	12.4186
49	86	12.4142
48	87	12.4142
27	56	-12.4135
26	57	-12.4135
4	61	-12.4126
5	60	-12.4126
27	70	12.41
26	71	12.41
68	79	12.3971
69	78	12.3971
39	90	-12.3963
38	91	-12.3963
65	68	12.3936
64	69	12.3936
3	60	-12.3838
2	61	-12.3838
73	78	12.3831
72	79	12.3831
63	90	-12.3816
62	91	-12.3816
14	77	12.3722
15	76	12.3722
16	19	12.3695
17	18	12.3695
1	70	-12.3641
0	71	-12.3641
8	19	-12.3634
9	18	-12.3634
22	27	12.362
23	26	12.362
71	80	-12.36
70	81	-12.36
3	18	-12.3521
2	19	-12.3521
1	40	-12.3362
0	41	-12.3362
91	94	12.333
90	95	12.333
66	71	-12.3269
67	70	-12.3269
7	90	-12.3205
6	91	-12.3205
8	51	12.314
9	50	12.314
29	54	12.3072
28	55	12.3072
58	99	-12.2743
59	98	-12.2743
13	58	-12.263
12	59	-12.263
11	12	-12.2626
10	13	-12.2626
21	90	-12.2582
20	91	-12.2582
30	97	12.2547
31	96	12.2547
29	90	-12.2505
28	91	-12.2505
14	67	-12.2475
15	66	-12.2475
16	71	-12.2428
17	70	-12.2428
45	72	12.2394
44	73	12.2394
48	61	12.2384
49	60	12.2384
14	99	-12.2187
15	98	-12.2187
71	90	-12.2165
70	91	-12.2165
42	89	-12.2161
43	88	-12.2161
18	29	-12.2111
19	28	-12.2111
28	81	-12.1997
29	80	-12.1997
0	87	12.193
1	86	12.193
32	99	-12.1912
33	98	-12.1912
3	62	12.1885
2	63	12.1885
15	40	12.1834
14	41	12.1834
20	89	-12.1825
21	88	-12.1825
41	88	-12.182
40	89	-12.182
46	67	-12.1812
47	66	-12.1812
25	64	-12.1742
24	65	-12.1742
77	94	-12.1708
76	95	-12.1708
8	13	-12.1698
9	12	-12.1698
2	43	12.1656
3	42	12.1656
77	98	-12.1589
76	99	-12.1589
3	64	-12.1522
2	65	-12.1522
35	80	-12.1479
34	81	-12.1479
19	96	-12.132
18	97	-12.132
7	74	-12.1311
6	75	-12.1311
39	66	-12.1244
38	67	-12.1244
12	33	-12.1226
13	32	-12.1226
51	66	-12.1209
50	67	-12.1209
56	91	12.1206
57	90	12.1206
13	76	-12.1196
12	77	-12.1196
31	48	-12.1182
30	49	-12.1182
65	90	12.115
64	91	12.115
0	57	12.1119
1	56	12.1119
1	48	12.0927
0	49	12.0927
24	81	-12.0886
25	80	-12.0886
18	89	12.0874
19	88	12.0874
0	37	12.0789
1	36	12.0789
28	89	-12.0761
29	88	-12.0761
19	66	12.0723
18	67	12.0723
19	40	-12.0655
18	41	-12.0655
53	78	12.0642
52	79	12.0642
60	71	-12.0611
61	70	-12.0611
7	88	-12.0554
6	89	-12.0554
7	66	-12.0501
6	67	-12.0501
57	96	-12.048
56	97	-12.048
71	82	12.0381
70	83	12.0381
41	68	-12.0367
40	69	-12.0367
28	31	12.0042
29	30	12.0042
48	69	11.9921
49	68	11.9921
25	92	-11.9905
24	93	-11.9905
30	91	-11.9901
31	90	-11.9901
41	54	11.9841
40	55	11.9841
8	65	-11.97
9	64	-11.97
19	68	11.9676
18	69	11.9676
1	90	11.9616
0	91	11.9616
10	89	-11.9556
11	88	-11.9556
1	78	11.9472
0	79	11.9472
21	66	-11.9423
20	67	-11.9423
5	26	11.9385
4	27	11.9385
36	75	11.937
37	74	11.937
16	33	-11.9289
17	32	-11.9289
20	33	11.9255
21	32	11.9255
3	56	-11.9252
2	57	-11.9252
48	97	-11.9229
49	96	-11.9229
34	79	-11.922
35	78	-11.922
74	87	11.9195
75	86	11.9195
17	58	-11.9096
16	59	-11.9096
90	93	11.9089
91	92	11.9089
16	51	-11.9053
17	50	-11.9053
27	98	-11.9016
26	99	-11.9016
12	91	11.8987
13	90	11.8987
20	59	11.8986
21	58	11.8986
25	94	-11.8985
24	95	-11.8985
9	82	11.8941
8	83	11.8941
43	52	-11.8934
42	53	-11.8934
97	98	-11.893
96	99	-11.893
43	62	11.8825
42	63	11.8825
28	57	-11.8775
29	56	-11.8775
44	71	-11.8764
45	70	-11.8764
33	38	11.8726
32	39	11.8726
72	85	11.8685
73	84	11.8685
60	63	-11.8631
61	62	-11.8631
12	93	11.8508
13	92	11.8508
49	72	11.8497
48	73	11.8497
8	57	-11.8365
9	56	-11.8365
38	59	11.8336
39	58	11.8336
7	16	-11.8279
6	17	-11.8279
29	66	-11.8253
28	67	-11.8253
16	39	-11.8177
17	38	-11.8177
41	96	11.8106
40	97	11.8106
40	93	-11.7904
41	92	-11.7904
50	83	11.7904
51	82	11.7904
73	88	11.7848
72	89	11.7848
7	10	11.7791
6	11	11.7791
24	99	-11.7747
25	98	-11.7747
10	75	-11.7635
11	74	-11.7635
41	78	-11.7605
40	79	-11.7605
44	51	-11.7508
45	50	-11.7508
50	89	-11.7478
51	88	-11.7478
8	85	-11.7462
9	84	-11.7462
6	87	-11.7398
7	86	-11.7398
47	76	11.7336
46	77	11.7336
40	65	-11.7329
41	64	-11.7329
9	88	-11.7314
8	89	-11.7314
7	36	-11.7247
6	37	-11.7247
72	83	-11.6999
73	82	-11.6999
0	65	11.6976
1	64	11.6976
8	71	11.6808
9	70	11.6808
55	90	-11.676
54	91	-11.676
0	13	11.6735
1	12	11.6735
87	88	11.6712
86	89	11.6712
15	90	-11.6575
14	91	-11.6575
16	21	-11.6435
17	20	-11.6435
28	97	11.6429
29	96	11.6429
13	46	-11.6351
12	47	-11.6351
69	70	-11.6329
68	71	-11.6329
11	98	-11.6319
10	99	-11.6319
36	89	11.6314
37	88	11.6314
27	72	-11.6223
26	73	-11.6223
4	43	11.6155
5	42	11.6155
29	64	-11.6084
28	65	-11.6084
63	80	-11.6029
62	81	-11.6029
76	93	-11.6008
77	92	-11.6008
22	25	11.5896
23	24	11.5896
18	91	11.5873
19	90	11.5873
26	63	11.5637
27	62	11.5637
11	50	11.5618
10	51	11.5618
68	77	-11.5599
69	76	-11.5599
33	66	-11.5463
32	67	-11.5463
54	97	11.536
55	96	11.536
0	77	-11.5313
1	76	-11.5313
59	66	-11.5079
58	67	-11.5079
61	84	11.4981
60	85	11.4981
34	61	-11.4827
35	60	-11.4827
41	94	-11.4826
40	95	-11.4826
12	69	11.4796
13	68	11.4796
28	99	-11.4749
29	98	-11.4749
17	28	-11.4693
16	29	-11.4693
24	91	-11.4692
25	90	-11.4692
70	85	-11.4672
71	84	-11.4672
95	96	-11.4597
94	97	-11.4597
40	77	11.4557
41	76	11.4557
12	95	11.4557
13	94	11.4557
37	40	-11.4444
36	41	-11.4444
8	45	-11.442
9	44	-11.442
14	97	11.4303
15	96	11.4303
24	97	11.4241
25	96	11.4241
35	70	11.4221
34	71	11.4221
5	24	11.4192
4	25	11.4192
41	66	-11.4114
40	67	-11.4114
50	87	-11.4066
51	86	-11.4066
1	38	-11.4048
0	39	-11.4048
31	40	11.3963
30	41	11.3963
37	50	-11.3872
36	51	-11.3872
40	57	-11.384
41	56	-11.384
0	7	-11.3785
1	6	-11.3785
41	86	-11.377
40	87	-11.377
42	79	-11.3768
43	78	-11.3768
10	17	-11.3691
11	16	-11.3691
20	47	11.3493
21	46	11.3493
47	90	-11.3368
46	91	-11.3368
4	81	-11.3301
5	80	-11.3301
39	46	11.3222
38	47	11.3222
78	83	-11.3197
79	82	-11.3197
48	77	-11.3093
49	76	-11.3093
1	20	-11.3085
0	21	-11.3085
17	86	11.3053
16	87	11.3053
16	41	-11.305
17	40	-11.305
29	92	-11.3048
28	93	-11.3048
79	84	11.3036
78	85	11.3036
1	18	11.3005
0	19	11.3005
16	37	11.2904
17	36	11.2904
6	83	11.2822
7	82	11.2822
40	91	-11.2812
41	90	-11.2812
24	89	-11.263
25	88	-11.263
24	63	11.2601
25	62	11.2601
14	39	11.2552
15	38	11.2552
6	45	-11.255
7	44	-11.255
3	98	-11.2517
2	99	-11.2517
28	95	-11.2495
29	94	-11.2495
14	21	11.2363
15	20	11.2363
23	42	11.233
22	43	11.233
12	41	-11.2303
13	40	-11.2303
2	53	-11.2279
3	52	-11.2279
50	85	-11.2184
51	84	-11.2184
42	61	-11.1996
43	60	-11.1996
49	80	11.1851
48	81	11.1851
23	48	-11.1647
22	49	-11.1647
7	58	11.1588
6	59	11.1588
10	67	-11.1564
11	66	-11.1564
6	33	11.1521
7	32	11.1521
61	88	11.1428
60	89	11.1428
8	17	-11.1386
9	16	-11.1386
44	61	11.1338
45	60	11.1338
9	66	-11.1337
8	67	-11.1337
60	83	-11.1263
61	82	-11.1263
27	96	11.1228
26	97	11.1228
12	55	-11.114
13	54	-11.114
2	35	11.1132
3	34	11.1132
23	28	11.1087
22	29	11.1087
24	69	-11.1025
25	68	-11.1025
3	72	-11.0979
2	73	-11.0979
23	80	-11.0977
22	81	-11.0977
3	88	-11.0968
2	89	-11.0968
39	54	11.0967
38	55	11.0967
20	55	11.0932
21	54	11.0932
81	98	11.082
80	99	11.082
0	51	-11.0779
1	50	-11.0779
45	78	11.0756
44	79	11.0756
38	69	-11.0631
39	68	-11.0631
34	51	11.0592
35	50	11.0592
8	91	-11.0584
9	90	-11.0584
0	43	-11.0565
1	42	-11.0565
35	72	-11.0544
34	73	-11.0544
67	86	11.0487
66	87	11.0487
36	67	11.0462
37	66	11.0462
25	66	-11.0449
24	67	-11.0449
13	14	-11.0426
12	15	-11.0426
69	96	-11.0416
68	97	-11.0416
4	29	11.0197
5	28	11.0197
0	97	-11.0153
1	96	-11.0153
50	59	11.011
51	58	11.011
1	24	-11.0033
0	25	-11.0033
9	98	-11.0008
8	99	-11.0008
47	96	10.991
46	97	10.991
32	51	10.9866
33	50	10.9866
92	97	-10.9832
93	96	-10.9832
29	76	10.976
28	77	10.976
28	63	10.9736
29	62	10.9736
21	68	-10.9723
20	69	-10.9723
32	77	10.9717
33	76	10.9717
27	52	-10.9637
26	53	-10.9637
61	80	10.9591
60	81	10.9591
79	88	10.9561
78	89	10.9561
0	29	-10.9412
1	28	-10.9412
21	74	-10.9114
20	75	-10.9114
28	69	-10.9057
29	68	-10.9057
79	80	10.9045
78	81	10.9045
13	66	10.9044
12	67	10.9044
8	43	10.9028
9	42	10.9028
33	90	-10.9026
32	91	-10.9026
53	70	-10.8998
52	71	-10.8998
72	87	10.8915
73	86	10.8915
10	71	10.8886
11	70	10.8886
59	76	10.8884
58	77	10.8884
7	68	-10.8809
6	69	-10.8809
5	48	-10.8741
4	49	-10.8741
6	85	-10.8697
7	84	-10.8697
37	72	10.8654
36	73	10.8654
12	57	10.8625
13	56	10.8625
52	73	10.8559
53	72	10.8559
27	80	-10.855
26	81	-10.855
13	74	10.8384
12	75	10.8384
13	18	10.8322
12	19	10.8322
58	91	-10.8276
59	90	-10.8276
62	73	-10.8254
63	72	-10.8254
39	74	-10.8102
38	75	-10.8102
8	75	-10.81
9	74	-10.81
42	65	-10.8087
43	64	-10.8087
64	81	10.8085
65	80	10.8085
40	61	-10.8042
41	60	-10.8042
10	91	-10.7971
11	90	-10.7971
71	86	-10.79
70	87	-10.79
31	38	10.7843
30	39	10.7843
16	25	-10.7767
17	24	-10.7767
2	97	10.7715
3	96	10.7715
36	71	-10.768
37	70	-10.768
24	77	10.7603
25	76	10.7603
21	30	10.7593
20	31	10.7593
30	81	-10.7521
31	80	-10.7521
27	34	10.7431
26	35	10.7431
38	99	-10.7151
39	98	-10.7151
7	34	10.7093
6	35	10.7093
8	73	-10.7075
9	72	-10.7075
20	93	-10.7043
21	92	-10.7043
40	99	-10.6874
41	98	-10.6874
38	93	-10.6859
39	92	-10.6859
62	71	10.6594
63	70	10.6594
36	77	-10.6589
37	76	-10.6589
56	81	10.6546
57	80	10.6546
13	30	-10.6498
12	31	-10.6498
36	91	10.6423
37	90	10.6423
6	47	10.6394
7	46	10.6394
48	63	-10.6373
49	62	-10.6373
19	38	-10.6303
18	39	-10.6303
70	99	-10.6276
71	98	-10.6276
77	86	-10.627
76	87	-10.627
26	77	10.6265
27	76	10.6265
12	99	10.6257
13	98	10.6257
86	91	10.6184
87	90	10.6184
13	16	10.6182
12	17	10.6182
18	43	-10.615
19	42	-10.615
50	69	-10.6133
51	68	-10.6133
43	68	-10.6127
42	69	-10.6127
3	80	-10.6059
2	81	-10.6059
39	56	-10.5898
38	57	-10.5898
75	78	10.5853
74	79	10.5853
13	64	10.5772
12	65	10.5772
42	99	-10.5764
43	98	-10.5764
19	20	-10.5743
18	21	-10.5743
61	74	10.5737
60	75	10.5737
18	81	10.573
19	80	10.573
3	90	-10.5703
2	91	-10.5703
20	99	-10.5699
21	98	-10.5699
25	34	10.5624
24	35	10.5624
20	95	-10.5619
21	94	-10.5619
41	80	-10.5597
40	81	-10.5597
38	95	-10.5591
39	94	-10.5591
26	89	-10.5574
27	88	-10.5574
23	40	10.5516
22	41	10.5516
3	66	-10.5448
2	67	-10.5448
43	56	-10.5444
42	57	-10.5444
31	42	10.5368
30	43	10.5368
10	73	-10.532
11	72	-10.532
9	80	-10.5187
8	81	-10.5187
15	80	-10.5119
14	81	-10.5119
21	56	-10.5118
20	57	-10.5118
17	60	10.5112
16	61	10.5112
10	77	10.5033
11	76	10.5033
47	50	10.5029
46	51	10.5029
6	15	10.4941
7	14	10.4941
41	72	-10.4933
40	73	-10.4933
24	53	-10.4916
25	52	-10.4916
2	85	-10.4867
3	84	-10.4867
3	16	-10.486
2	17	-10.486
3	82	10.4812
2	83	10.4812
17	78	10.471
16	79	10.471
51	52	-10.4661
50	53	-10.4661
32	97	10.4515
33	96	10.4515
41	52	-10.4479
40	53	-10.4479
4	71	10.4343
5	70	10.4343
5	72	-10.4256
4	73	-10.4256
58	71	10.4189
59	70	10.4189
33	70	10.4169
32	71	10.4169
6	55	10.4156
7	54	10.4156
11	42	10.4125
10	43	10.4125
67	78	10.4121
66	79	10.4121
21	44	-10.4073
20	45	-10.4073
59	96	10.4062
58	97	10.4062
2	77	10.4026
3	76	10.4026
5	40	10.3996
4	41	10.3996
58	73	-10.3963
59	72	-10.3963
79	90	10.388
78	91	10.388
39	64	-10.3869
38	65	-10.3869
54	81	-10.3851
55	80	-10.3851
0	73	10.3727
1	72	10.3727
38	45	-10.3723
39	44	-10.3723
50	63	10.3593
51	62	10.3593
12	45	10.3513
13	44	10.3513
20	83	10.3504
21	82	10.3504
29	52	-10.3495
28	53	-10.3495
41	62	10.348
40	63	10.348
33	72	-10.3479
32	73	-10.3479
48	75	10.3473
49	74	10.3473
15	50	10.3383
14	51	10.3383
7	52	-10.3363
6	53	-10.3363
48	91	10.3356
49	90	10.3356
28	35	10.3308
29	34	10.3308
21	64	-10.3239
20	65	-10.3239
80	95	10.3222
81	94	10.3222
12	23	-10.3194
13	22	-10.3194
27	82	10.3164
26	83	10.3164
38	85	-10.3106
39	84	-10.3106
26	85	-10.3075
27	84	-10.3075
7	92	-10.3011
6	93	-10.3011
61	66	10.3011
60	67	10.3011
48	53	10.2996
49	52	10.2996
50	55	10.292
51	54	10.292
3	44	-10.2903
2	45	-10.2903
20	85	-10.2902
21	84	-10.2902
40	75	-10.2894
41	74	-10.2894
36	97	-10.2877
37	96	-10.2877
39	82	10.2845
38	83	10.2845
69	80	10.2834
68	81	10.2834
49	88	10.2725
48	89	10.2725
87	96	-10.27
86	97	-10.27
5	50	10.2609
4	51	10.2609
71	92	-10.2456
70	93	-10.2456
41	84	-10.2418
40	85	-10.2418
43	54	10.2385
42	55	10.2385
22	71	10.2383
23	70	10.2383
26	91	-10.2323
27	90	-10.2323
34	49	-10.2313
35	48	-10.2313
73	92	10.2249
72	93	10.2249
22	39	10.2241
23	38	10.2241
68	73	10.2209
69	72	10.2209
14	43	10.2186
15	42	10.2186
7	98	-10.217
6	99	-10.217
20	23	10.217
21	22	10.217
31	72	-10.2143
30	73	-10.2143
11	80	-10.214
10	81	-10.214
23	72	-10.2119
22	73	-10.2119
7	62	10.2115
6	63	10.2115
7	30	10.2102
6	31	10.2102
39	52	-10.2042
38	53	-10.2042
50	93	-10.2009
51	92	-10.2009
12	83	-10.1994
13	82	-10.1994
13	84	10.1936
12	85	10.1936
14	73	-10.1916
15	72	-10.1916
26	45	-10.1852
27	44	-10.1852
11	96	10.1823
10	97	10.1823
78	97	-10.1803
79	96	-10.1803
4	39	10.1757
5	38	10.1757
36	81	10.1753
37	80	10.1753
65	70	-10.1742
64	71	-10.1742
57	70	-10.1734
56	71	-10.1734
6	95	-10.1701
7	94	-10.1701
24	83	10.1696
25	82	10.1696
43	58	10.1689
42	59	10.1689
5	20	10.1678
4	21	10.1678
42	95	-10.1667
43	94	-10.1667
43	86	-10.1667
42	87	-10.1667
38	63	10.1664
39	62	10.1664
70	95	-10.1656
71	94	-10.1656
81	92	10.1648
80	93	10.1648
49	66	10.1645
48	67	10.1645
49	82	-10.1631
48	83	-10.1631
33	42	10.1624
32	43	10.1624
37	42	-10.1606
36	43	-10.1606
81	86	10.1586
80	87	10.1586
27	66	-10.1524
26	67	-10.1524
5	12	-10.1512
4	13	-10.1512
20	63	10.1504
21	62	10.1504
8	77	10.1499
9	76	10.1499
73	98	10.1458
72	99	10.1458
23	50	10.142
22	51	10.142
21	52	-10.1417
20	53	-10.1417
40	45	-10.1376
41	44	-10.1376
30	51	10.1375
31	50	10.1375
47	80	-10.1366
46	81	-10.1366
28	85	-10.1349
29	84	-10.1349
46	73	-10.1325
47	72	-10.1325
4	7	10.1315
5	6	10.1315
61	96	-10.131
60	97	-10.131
24	85	-10.1295
25	84	-10.1295
13	52	10.129
12	53	10.129
46	71	10.1279
47	70	10.1279
21	34	10.1247
20	35	10.1247
12	63	-10.1227
13	62	-10.1227
17	26	-10.1221
16	27	-10.1221
44	49	10.1129
45	48	10.1129
1	80	10.1063
0	81	10.1063
42	47	10.1056
43	46	10.1056
26	75	-10.1033
27	74	-10.1033
15	70	10.1002
14	71	10.1002
17	48	10.0941
16	49	10.0941
19	72	10.0935
18	73	10.0935
64	73	10.0931
65	72	10.0931
35	38	10.0929
34	39	10.0929
8	97	10.0927
9	96	10.0927
54	73	-10.0925
55	72	-10.0925
72	95	10.0883
73	94	10.0883
50	95	-10.0865
51	94	-10.0865
50	99	-10.0855
51	98	-10.0855
33	80	-10.0751
32	81	-10.0751
28	75	-10.0726
29	74	-10.0726
12	89	10.0697
13	88	10.0697
2	75	-10.0691
3	74	-10.0691
30	71	10.0629
31	70	10.0629
77	78	-10.0608
76	79	-10.0608
6	23	10.0579
7	22	10.0579
49	84	10.0543
48	85	10.0543
55	70	10.0538
54	71	10.0538
7	18	-10.052
6	19	-10.052
40	83	10.0507
41	82	10.0507
42	93	-10.05
43	92	-10.05
6	57	-10.0492
7	56	-10.0492
18	71	-10.046
19	70	-10.046
25	44	-10.045
24	45	-10.045
59	80	-10.0436
58	81	-10.0436
61	90	10.0418
60	91	10.0418
28	83	10.0404
29	82	10.0404
34	41	10.0401
35	40	10.0401
19	50	-10.0306
18	51	-10.0306
29	44	-10.0299
28	45	-10.0299
50	65	-10.0268
51	64	-10.0268
56	73	10.0258
57	72	10.0258
24	75	-10.021
25	74	-10.021
12	35	-10.0141
13	34	-10.0141
7	64	-10.003
6	65	-10.003
61	76	-10.0009
60	77	-10.0009
50	57	-10.0003
51	56	-10.0003
36	86	1.9996
32	58	1.99859
20	38	1.99741
14	54	1.9942
56	64	1.99329
16	66	1.99295
92	94	1.9921
4	22	1.98716
6	50	1.98692
14	30	1.98635
44	84	1.98533
46	54	1.98485
32	46	1.98302
30	54	1.98292
18	64	1.9827
46	58	1.97955
44	74	1.97909
10	32	1.97853
0	68	1.97749
4	62	1.97589
76	96	1.97571
2	26	1.97488
24	28	1.97429
10	58	1.97381
18	56	1.97027
14	46	1.96943
26	48	-1.96789
52	84	1.96744
66	90	1.96709
8	10	1.96221
34	82	1.96219
22	30	1.95967
34	62	1.95818
4	34	1.95766
6	20	1.9574
4	30	1.95683
44	82	-1.9566
74	82	-1.95375
6	70	1.95248
56	98	1.95173
32	54	1.94826
16	88	1.94741
6	38	1.94348
14	32	1.9395
54	58	1.93704
30	46	1.93699
74	84	1.93474
60	78	1.93416
22	54	1.93313
16	90	1.9327
50	70	1.93081
22	62	1.93041
10	46	1.93005
28	38	1.93
30	62	1.92731
64	98	1.92725
66	88	1.9269
14	58	1.92381
2	8	1.92311
78	86	1.92194
44	52	1.92133
36	78	1.92046
20	28	1.92045
22	34	1.91914
72	80	1.91845
42	50	1.91411
14	22	1.91397
2	48	-1.91271
20	50	1.91097
82	84	-1.90881
46	94	-1.90829
4	54	1.90484
42	96	1.89842
10	14	1.89835
4	14	1.89834
46	92	-1.89337
10	54	1.89122
8	32	1.88808
38	50	1.88742
68	92	1.88476
22	46	1.88297
60	86	1.88205
30	32	1.88023
8	58	1.87926
4	82	1.87882
42	70	1.87775
20	24	1.87547
24	38	1.87363
58	92	-1.87318
36	60	1.87178
54	94	-1.87148
20	70	1.86914
58	94	-1.86703
38	70	1.86459
30	58	1.86224
24	78	-1.86194
14	62	1.86051
74	76	-1.86013
6	42	1.85991
22	94	-1.85747
34	44	-1.85746
32	92	-1.85679
32	94	-1.85546
22	82	1.85544
68	94	1.85499
18	98	1.85491
62	82	1.85045
54	62	1.84811
8	26	1.84692
52	82	-1.84477
22	52	-1.84428
34	74	-1.84205
18	36	1.84048
52	94	1.84017
30	34	1.84005
16	84	1.83902
54	92	-1.83846
18	86	1.83491
4	46	1.83295
2	10	1.83037
2	40	1.83037
42	76	1.82981
52	74	1.82821
40	48	-1.82631
74	96	-1.82575
80	90	1.82476
88	90	1.81901
10	30	1.81828
14	94	-1.81799
36	56	1.81763
56	86	1.81752
76	82	1.81498
30	94	-1.81047
12	72	1.80752
8	46	1.80651
34	84	-1.80514
22	92	-1.79666
0	92	1.79388
8	14	1.79126
22	84	-1.79086
26	40	1.79045
22	32	1.7899
22	44	-1.7887
4	52	-1.78767
16	44	1.78686
36	64	1.78484
16	52	1.78389
52	92	1.78376
52	88	1.78342
14	92	-1.78267
64	86	1.78234
66	84	1.78225
4	44	-1.78027
6	28	1.77753
22	58	1.77734
4	94	-1.77361
34	52	-1.77336
84	88	1.77289
10	26	1.77114
8	54	1.76616
30	92	-1.76139
4	84	-1.75998
44	76	-1.75585
28	78	-1.75473
46	62	1.75472
34	54	1.7539
10	92	-1.75324
0	94	1.74865
14	34	1.74683
10	94	-1.74503
16	74	1.74459
4	32	1.7359
44	66	1.73341
6	24	1.73146
82	96	1.72619
34	76	1.72598
2	58	1.72557
52	68	1.72546
2	32	1.72339
4	74	-1.71964
30	82	1.71781
4	58	1.7177
52	66	1.7149
24	60	-1.71193
8	48	-1.7105
44	62	-1.7102
44	96	-1.70703
22	74	-1.70582
4	92	-1.70559
28	50	1.705
66	74	1.7016
86	98	1.70075
84	94	1.69752
36	98	1.69558
12	60	1.69529
20	42	1.693
8	30	1.69261
30	52	-1.69254
52	54	-1.68769
10	22	1.68677
26	58	1.68595
44	88	1.68588
66	80	1.68499
62	74	-1.677
24	50	1.67622
26	32	1.67531
50	96	1.67011
52	62	-1.66892
46	52	-1.66656
62	84	-1.66552
38	42	1.66407
32	62	1.6622
84	90	1.66216
34	46	1.65985
68	88	1.65956
12	24	-1.6559
76	84	-1.65424
12	50	-1.6537
62	94	-1.64743
24	36	-1.64668
8	40	1.64662
24	86	-1.64443
28	70	1.64177
4	10	1.64157
34	94	-1.6388
58	62	1.63786
70	96	1.63765
54	82	1.63714
14	52	-1.63326
44	90	1.63196
74	90	1.62946
44	94	1.62651
84	92	1.62585
16	80	1.624
30	84	-1.61904
12	78	1.61846
30	44	-1.61755
46	68	-1.61645
14	82	1.61421
10	48	-1.60932
84	96	-1.60919
82	94	-1.60718
74	88	1.60705
16	82	-1.60578
2	46	1.60442
6	12	-1.60356
34	96	1.60257
58	68	-1.60251
0	52	1.60181
12	20	-1.59699
0	88	1.59422
18	78	1.59399
8	92	-1.58995
10	62	1.5866
6	96	1.58532
70	76	1.5834
54	84	-1.58317
62	92	-1.57844
8	94	-1.57625
32	68	-1.57589
28	60	-1.57457
56	60	1.5722
68	84	1.57098
72	90	1.56845
50	76	1.56677
56	78	1.56589
52	90	1.56472
20	78	-1.56456
62	76	1.56255
24	70	1.56135
44	54	-1.56096
34	92	-1.56023
12	80	1.5598
38	78	-1.55848
22	68	-1.55695
52	58	-1.55635
80	96	-1.55473
12	38	-1.55437
32	52	-1.55433
26	46	1.55236
46	82	1.55236
66	82	-1.54918
2	14	1.5491
18	60	1.54804
44	92	1.54781
12	28	-1.54628
54	68	-1.54616
32	34	1.54356
42	74	-1.5416
28	36	-1.5401
14	84	-1.53781
46	84	-1.53716
88	94	1.53709
28	86	-1.5357
30	74	-1.53325
4	76	1.53243
2	54	1.53118
8	22	1.52743
82	92	-1.52469
34	58	1.52464
14	44	-1.52338
64	78	1.52142
48	58	-1.51783
60	98	1.51218
60	64	1.51014
42	72	-1.50924
52	76	-1.50774
12	42	-1.50773
88	92	1.50636
32	48	-1.50531
0	58	-1.50481
0	46	-1.50344
82	88	-1.50144
50	72	-1.4991
44	46	-1.49831
74	94	1.4939
4	8	1.49383
72	96	-1.49151
74	80	1.49141
16	96	-1.49128
6	76	1.49088
16	68	1.48447
52	98	1.47997
66	96	-1.47867
14	68	-1.47814
90	96	-1.47797
10	40	1.47724
0	32	-1.4757
84	98	1.4737
22	76	1.47235
18	34	-1.47147
44	68	1.47101
42	80	-1.47069
14	26	1.47028
30	68	-1.46948
52	56	1.46916
4	18	-1.46855
64	82	-1.46825
10	68	-1.46753
44	64	1.46542
18	22	-1.46522
26	54	1.46358
56	84	1.46345
4	68	-1.46157
8	62	1.46151
64	84	1.46095
18	82	-1.46026
82	90	-1.45998
54	74	-1.45971
16	76	-1.45907
44	56	1.45586
36	54	-1.45552
52	64	1.45305
78	98	1.45299
54	86	-1.45245
16	34	-1.4523
36	46	-1.45197
0	84	1.45176
46	86	-1.4514
16	22	-1.44947
16	94	1.44936
2	92	-1.44932
32	78	-1.44843
34	64	-1.44819
58	78	-1.44788
52	96	-1.44621
18	62	-1.44534
26	92	-1.44514
56	82	-1.44482
44	98	1.44414
14	36	-1.4436
76	80	-1.44356
22	64	-1.4435
30	36	-1.44337
20	60	-1.44328
10	34	1.44314
46	78	-1.43969
14	86	-1.43879
22	36	-1.43873
22	56	-1.43849
30	86	-1.43793
10	78	-1.43675
2	30	1.43652
64	74	1.43609
8	24	1.43591
22	86	-1.43572
4	64	-1.43526
0	22	-1.43451
60	92	1.43328
66	76	-1.4324
86	94	1.43146
12	70	-1.43145
22	88	-1.43084
42	82	1.43071
14	74	-1.43036
0	54	-1.42914
38	60	-1.42891
32	82	1.42785
32	36	-1.42643
62	96	1.42626
18	44	1.42592
32	86	-1.42587
36	94	1.42557
28	42	1.42552
80	88	1.42527
10	52	-1.42479
58	86	-1.42432
36	58	-1.42397
34	56	-1.42179
44	80	1.42165
88	98	1.42119
4	56	-1.42062
16	98	1.42026
54	78	-1.42009
18	30	-1.42009
66	68	1.41787
32	84	-1.41732
60	94	1.41654
14	78	-1.41501
4	36	-1.415
58	82	1.4147
86	92	1.41463
56	74	1.41446
74	92	1.41441
58	84	-1.41426
18	84	1.41351
6	72	-1.41255
18	52	1.41114
2	94	-1.41062
4	86	-1.40957
4	16	-1.40927
6	40	1.40923
66	72	1.40897
42	44	-1.40816
8	28	1.408
4	96	1.40752
36	92	1.40742
76	90	-1.40655
6	78	-1.40522
58	60	-1.40475
10	24	1.40445
2	24	1.40262
50	80	-1.39937
16	92	1.39924
0	16	1.39876
40	70	1.39824
34	66	-1.39819
18	74	1.39761
20	40	1.397
74	98	1.39687
18	54	-1.39594
68	82	-1.3959
56	94	1.39563
62	64	-1.39532
80	84	1.39529
32	60	-1.39437
38	40	1.3941
26	94	-1.39382
46	60	-1.39354
12	86	1.39153
24	42	1.39137
20	96	1.39118
40	50	1.39104
8	78	-1.39079
10	36	-1.38753
46	74	-1.38718
66	98	1.38694
22	66	-1.38672
2	20	1.38524
10	86	-1.38511
14	18	-1.3849
46	48	-1.38261
12	36	1.38218
30	78	-1.38187
0	10	-1.38053
82	98	-1.37871
34	68	-1.37784
66	94	1.37671
32	44	-1.37586
78	92	1.37572
2	28	1.3757
30	64	-1.37451
78	94	1.37416
94	98	1.3741
2	38	1.37255
72	76	-1.37193
36	62	-1.37173
64	94	1.37041
34	88	-1.37017
56	62	-1.37011
48	50	-1.36993
44	58	-1.36919
4	88	-1.36711
18	46	-1.36659
0	14	-1.36652
50	78	-1.36594
30	56	-1.36563
56	92	1.36528
38	96	1.36359
62	86	-1.36358
60	68	1.36242
26	30	1.36105
0	44	1.36055
54	64	-1.3592
24	32	1.35855
22	96	1.35849
54	56	-1.35791
24	26	1.35784
0	30	-1.35704
18	94	1.35655
10	60	-1.355
92	98	1.35494
2	6	1.35482
4	66	-1.35399
40	58	1.35349
24	58	1.35311
32	40	1.3531
54	60	-1.35295
0	4	-1.35293
16	72	1.35038
10	28	1.34975
20	72	-1.34946
68	98	1.3488
68	74	1.34813
26	50	1.34715
46	56	-1.34566
6	48	-1.34509
52	86	1.3449
2	50	1.34473
22	98	-1.3438
62	68	-1.34312
20	26	1.34231
8	20	1.3418
88	96	-1.34117
36	52	1.34117
46	64	-1.34059
0	66	1.34003
8	38	1.33881
14	64	-1.33875
6	26	1.3371
64	92	1.33698
28	40	1.33671
30	76	1.33658
34	36	-1.33578
8	68	-1.33559
14	56	-1.33293
22	78	-1.33134
6	60	-1.33043
0	60	1.33037
34	86	-1.32966
66	92	1.32927
76	88	-1.3289
14	60	-1.32871
24	72	-1.32765
42	90	-1.32728
16	62	-1.32625
40	42	1.32558
12	96	-1.32554
2	78	-1.32528
18	32	-1.32489
34	42	1.32484
6	80	-1.32317
34	90	-1.32262
26	38	1.32186
42	84	-1.32055
16	56	1.32033
18	58	-1.32006
18	92	1.31984
12	26	-1.31965
80	82	-1.31915
20	48	-1.3189
10	82	1.31888
8	36	-1.31834
36	38	-1.31773
46	88	-1.31757
48	64	1.31742
34	98	-1.31737
38	86	-1.31705
54	88	-1.31555
20	36	-1.3154
20	86	-1.31525
26	78	-1.31456
38	72	-1.3144
8	86	-1.31372
26	28	1.31175
24	46	1.31152
18	48	1.31062
50	60	-1.31043
16	30	-1.30957
4	98	-1.30953
42	48	-1.3087
24	40	1.30825
72	74	1.30719
16	64	1.30711
8	34	1.30602
14	48	-1.3056
42	66	-1.30519
56	88	1.30504
14	24	1.30441
24	48	-1.30413
90	98	1.30401
12	48	1.30374
0	82	-1.30338
30	88	-1.30306
56	58	-1.30281
48	92	1.30266
30	60	-1.30127
32	56	-1.30095
4	78	-1.29996
16	42	-1.29966
20	76	1.29958
48	54	-1.29935
10	84	-1.29915
32	64	-1.2981
58	64	-1.29799
64	76	-1.29701
60	72	1.29613
38	48	-1.29556
0	34	-1.29348
16	54	-1.29217
28	32	1.29079
48	56	1.29025
0	98	1.28995
2	22	1.28948
24	54	1.28913
26	68	-1.28911
22	60	-1.28894
18	24	-1.28782
10	18	-1.28777
70	72	-1.28767
62	66	-1.28532
36	82	-1.28474
56	66	1.28403
68	86	1.28331
22	90	-1.28244
56	68	1.28194
28	58	1.28187
28	72	-1.28106
82	86	-1.28105
8	60	-1.28022
50	74	-1.27977
70	88	-1.2797
18	76	-1.27869
84	86	1.2786
38	76	1.27775
14	88	-1.27773
36	84	1.27711
0	26	-1.27701
2	68	-1.27698
70	74	-1.27693
8	52	-1.27631
64	88	1.27592
64	66	1.27359
36	68	1.27212
32	74	-1.27194
4	90	-1.27105
0	8	-1.26973
48	78	1.2679
16	46	-1.26754
20	80	-1.26653
62	88	-1.26556
2	12	-1.26536
30	66	-1.26522
2	70	1.26484
18	26	-1.26401
58	74	-1.26364
10	44	-1.26352
14	16	-1.2632
0	62	-1.26313
48	70	-1.26279
26	64	-1.26263
26	60	-1.26233
28	48	-1.26222
10	20	1.26076
46	98	-1.26062
6	8	1.26059
52	80	1.2598
62	78	-1.25932
68	90	1.25896
0	74	1.2589
58	88	-1.25744
36	44	1.25686
44	86	1.25643
26	36	-1.25636
54	98	-1.25587
10	38	1.25552
26	86	-1.25521
56	76	-1.25461
10	64	-1.25388
32	88	-1.25369
14	28	1.25326
2	36	-1.25318
0	2	-1.25195
48	94	1.25166
2	4	1.25139
50	90	-1.25109
40	46	1.24991
2	86	-1.2498
30	98	-1.24979
10	56	-1.24936
24	56	-1.24931
38	80	-1.24866
24	30	1.24839
54	76	1.24653
38	88	-1.2461
70	78	-1.24512
54	66	-1.24478
64	96	-1.24382
28	46	1.24363
48	98	1.2434
62	98	-1.24336
36	48	1.24306
26	42	1.24279
52	60	1.24186
48	86	1.24142
26	56	-1.24135
4	60	-1.24126
26	70	1.241
68	78	1.23971
38	90	-1.23963
64	68	1.23936
2	60	-1.23838
72	78	1.23831
62	90	-1.23816
14	76	1.23722
16	18	1.23695
0	70	-1.23641
8	18	-1.23634
22	26	1.2362
70	80	-1.236
2	18	-1.23521
0	40	-1.23362
90	94	1.2333
66	70	-1.23269
6	90	-1.23205
8	50	1.2314
28	54	1.23072
58	98	-1.22743
12	58	-1.2263
10	12	-1.22626
20	90	-1.22582
30	96	1.22547
28	90	-1.22505
14	66	-1.22475
16	70	-1.22428
44	72	1.22394
48	60	1.22384
14	98	-1.22187
70	90	-1.22165
42	88	-1.22161
18	28	-1.22111
28	80	-1.21997
0	86	1.2193
32	98	-1.21912
2	62	1.21885
14	40	1.21834
20	88	-1.21825
40	88	-1.2182
46	66	-1.21812
24	64	-1.21742
76	94	-1.21708
8	12	-1.21698
2	42	1.21656
76	98	-1.21589
2	64	-1.21522
34	80	-1.21479
18	96	-1.2132
6	74	-1.21311
38	66	-1.21244
12	32	-1.21226
50	66	-1.21209
56	90	1.21206
12	76	-1.21196
30	48	-1.21182
64	90	1.2115
0	56	1.21119
0	48	1.20927
24	80	-1.20886
18	88	1.20874
0	36	1.20789
28	88	-1.20761
18	66	1.20723
18	40	-1.20655
52	78	1.20642
60	70	-1.20611
6	88	-1.20554
6	66	-1.20501
56	96	-1.2048
70	82	1.20381
40	68	-1.20367
28	30	1.20042
48	68	1.19921
24	92	-1.19905
30	90	-1.19901
40	54	1.19841
8	64	-1.197
18	68	1.19676
0	90	1.19616
10	88	-1.19556
0	78	1.19472
20	66	-1.19423
4	26	1.19385
36	74	1.1937
16	32	-1.19289
20	32	1.19255
2	56	-1.19252
48	96	-1.19229
34	78	-1.1922
74	86	1.19195
16	58	-1.19096
90	92	1.19089
16	50	-1.19053
26	98	-1.19016
12	90	1.18987
20	58	1.18986
24	94	-1.18985
8	82	1.18941
42	52	-1.18934
96	98	-1.1893
42	62	1.18825
28	56	-1.18775
44	70	-1.18764
32	38	1.18726
72	84	1.18685
60	62	-1.18631
12	92	1.18508
48	72	1.18497
8	56	-1.18365
38	58	1.18336
6	16	-1.18279
28	66	-1.18253
16	38	-1.18177
40	96	1.18106
40	92	-1.17904
50	82	1.17904
72	88	1.17848
6	10	1.17791
24	98	-1.17747
10	74	-1.17635
40	78	-1.17605
44	50	-1.17508
50	88	-1.17478
8	84	-1.17462
6	86	-1.17398
46	76	1.17336
40	64	-1.17329
8	88	-1.17314
6	36	-1.17247
72	82	-1.16999
0	64	1.16976
8	70	1.16808
54	90	-1.1676
0	12	1.16735
86	88	1.16712
14	90	-1.16575
16	20	-1.16435
28	96	1.16429
12	46	-1.16351
68	70	-1.16329
10	98	-1.16319
36	88	1.16314
26	72	-1.16223
4	42	1.16155
28	64	-1.16084
62	80	-1.16029
76	92	-1.16008
22	24	1.15896
18	90	1.15873
26	62	1.15637
10	50	1.15618
68	76	-1.15599
32	66	-1.15463
54	96	1.1536
0	76	-1.15313
58	66	-1.15079
60	84	1.14981
34	60	-1.14827
40	94	-1.14826
12	68	1.14796
28	98	-1.14749
16	28	-1.14693
24	90	-1.14692
70	84	-1.14672
94	96	-1.14597
40	76	1.14557
12	94	1.14557
36	40	-1.14444
8	44	-1.1442
14	96	1.14303
24	96	1.14241
34	70	1.14221
4	24	1.14192
40	66	-1.14114
50	86	-1.14066
0	38	-1.14048
30	40	1.13963
36	50	-1.13872
40	56	-1.1384
0	6	-1.13785
40	86	-1.1377
42	78	-1.13768
10	16	-1.13691
20	46	1.13493
46	90	-1.13368
4	80	-1.13301
38	46	1.13222
78	82	-1.13197
48	76	-1.13093
0	20	-1.13085
16	86	1.13053
16	40	-1.1305
28	92	-1.13048
78	84	1.13036
0	18	1.13005
16	36	1.12904
6	82	1.12822
40	90	-1.12812
24	88	-1.1263
24	62	1.12601
14	38	1.12552
6	44	-1.1255
2	98	-1.12517
28	94	-1.12495
14	20	1.12363
22	42	1.1233
12	40	-1.12303
2	52	-1.12279
50	84	-1.12184
42	60	-1.11996
48	80	1.11851
22	48	-1.11647
6	58	1.11588
10	66	-1.11564
6	32	1.11521
60	88	1.11428
8	16	-1.11386
44	60	1.11338
8	66	-1.11337
60	82	-1.11263
26	96	1.11228
12	54	-1.1114
2	34	1.11132
22	28	1.11087
24	68	-1.11025
2	72	-1.10979
22	80	-1.10977
2	88	-1.10968
38	54	1.10967
20	54	1.10932
80	98	1.1082
0	50	-1.10779
44	78	1.10756
38	68	-1.10631
34	50	1.10592
8	90	-1.10584
0	42	-1.10565
34	72	-1.10544
66	86	1.10487
36	66	1.10462
24	66	-1.10449
12	14	-1.10426
68	96	-1.10416
4	28	1.10197
0	96	-1.10153
50	58	1.1011
0	24	-1.10033
8	98	-1.10008
46	96	1.0991
32	50	1.09866
92	96	-1.09832
28	76	1.0976
28	62	1.09736
20	68	-1.09723
32	76	1.09717
26	52	-1.09637
60	80	1.09591
78	88	1.09561
0	28	-1.09412
20	74	-1.09114
28	68	-1.09057
78	80	1.09045
12	66	1.09044
8	42	1.09028
32	90	-1.09026
52	70	-1.08998
72	86	1.08915
10	70	1.08886
58	76	1.08884
6	68	-1.08809
4	48	-1.08741
6	84	-1.08697
36	72	1.08654
12	56	1.08625
52	72	1.08559
26	80	-1.0855
12	74	1.08384
12	18	1.08322
58	90	-1.08276
62	72	-1.08254
38	74	-1.08102
8	74	-1.081
42	64	-1.08087
64	80	1.08085
40	60	-1.08042
10	90	-1.07971
70	86	-1.079
30	38	1.07843
16	24	-1.07767
2	96	1.07715
36	70	-1.0768
24	76	1.07603
20	30	1.07593
30	80	-1.07521
26	34	1.07431
38	98	-1.07151
6	34	1.07093
8	72	-1.07075
20	92	-1.07043
40	98	-1.06874
38	92	-1.06859
62	70	1.06594
36	76	-1.06589
56	80	1.06546
12	30	-1.06498
36	90	1.06423
6	46	1.06394
48	62	-1.06373
18	38	-1.06303
70	98	-1.06276
76	86	-1.0627
26	76	1.06265
12	98	1.06257
86	90	1.06184
12	16	1.06182
18	42	-1.0615
50	68	-1.06133
42	68	-1.06127
2	80	-1.06059
38	56	-1.05898
74	78	1.05853
12	64	1.05772
42	98	-1.05764
18	20	-1.05743
60	74	1.05737
18	80	1.0573
2	90	-1.05703
20	98	-1.05699
24	34	1.05624
20	94	-1.05619
40	80	-1.05597
38	94	-1.05591
26	88	-1.05574
22	40	1.05516
2	66	-1.05448
42	56	-1.05444
30	42	1.05368
10	72	-1.0532
8	80	-1.05187
14	80	-1.05119
20	56	-1.05118
16	60	1.05112
10	76	1.05033
46	50	1.05029
6	14	1.04941
40	72	-1.04933
24	52	-1.04916
2	84	-1.04867
2	16	-1.0486
2	82	1.04812
16	78	1.0471
50	52	-1.04661
32	96	1.04515
40	52	-1.04479
4	70	1.04343
4	72	-1.04256
58	70	1.04189
32	70	1.04169
6	54	1.04156
10	42	1.04125
66	78	1.04121
20	44	-1.04073
58	96	1.04062
2	76	1.04026
4	40	1.03996
58	72	-1.03963
78	90	1.0388
38	64	-1.03869
54	80	-1.03851
0	72	1.03727
38	44	-1.03723
50	62	1.03593
12	44	1.03513
20	82	1.03504
28	52	-1.03495
40	62	1.0348
32	72	-1.03479
48	74	1.03473
14	50	1.03383
6	52	-1.03363
48	90	1.03356
28	34	1.03308
20	64	-1.03239
80	94	1.03222
12	22	-1.03194
26	82	1.03164
38	84	-1.03106
26	84	-1.03075
6	92	-1.03011
60	66	1.03011
48	52	1.02996
50	54	1.0292
2	44	-1.02903
20	84	-1.02902
40	74	-1.02894
36	96	-1.02877
38	82	1.02845
68	80	1.02834
48	88	1.02725
86	96	-1.027
4	50	1.02609
70	92	-1.02456
40	84	-1.02418
42	54	1.02385
22	70	1.02383
26	90	-1.02323
34	48	-1.02313
72	92	1.02249
22	38	1.02241
68	72	1.02209
14	42	1.02186
6	98	-1.0217
20	22	1.0217
30	72	-1.02143
10	80	-1.0214
22	72	-1.02119
6	62	1.02115
6	30	1.02102
38	52	-1.02042
50	92	-1.02009
12	82	-1.01994
12	84	1.01936
14	72	-1.01916
26	44	-1.01852
10	96	1.01823
78	96	-1.01803
4	38	1.01757
36	80	1.01753
64	70	-1.01742
56	70	-1.01734
6	94	-1.01701
24	82	1.01696
42	58	1.01689
4	20	1.01678
42	94	-1.01667
42	86	-1.01667
38	62	1.01664
70	94	-1.01656
80	92	1.01648
48	66	1.01645
48	82	-1.01631
32	42	1.01624
36	42	-1.01606
80	86	1.01586
26	66	-1.01524
4	12	-1.01512
20	62	1.01504
8	76	1.01499
72	98	1.01458
22	50	1.0142
20	52	-1.01417
40	44	-1.01376
30	50	1.01375
46	80	-1.01366
28	84	-1.01349
46	72	-1.01325
4	6	1.01315
60	96	-1.0131
24	84	-1.01295
12	52	1.0129
46	70	1.01279
20	34	1.01247
12	62	-1.01227
16	26	-1.01221
44	48	1.01129
0	80	1.01063
42	46	1.01056
26	74	-1.01033
14	70	1.01002
16	48	1.00941
18	72	1.00935
64	72	1.00931
34	38	1.00929
8	96	1.00927
54	72	-1.00925
72	94	1.00883
50	94	-1.00865
50	98	-1.00855
32	80	-1.00751
28	74	-1.00726
12	88	1.00697
2	74	-1.00691
30	70	1.00629
76	78	-1.00608
6	22	1.00579
48	84	1.00543
54	70	1.00538
6	18	-1.0052
40	82	1.00507
42	92	-1.005
6	56	-1.00492
18	70	-1.0046
24	44	-1.0045
58	80	-1.00436
60	90	1.00418
28	82	1.00404
34	40	1.00401
18	50	-1.00306
28	44	-1.00299
50	64	-1.00268
56	72	1.00258
24	74	-1.0021
12	34	-1.00141
6	64	-1.0003
60	76	-1.00009
50	56	-1.00003
