id label data 
0 1 0.7492016050165106 0.3455760095163036 
1 -1 0.7414003088121768 0.830478039659023 
2 1 0.003736042462249842 0.5250869989051297 
3 -1 0.7984822926980067 0.5691288418421756 
4 -1 1.1498836679488251 0.2130790302536458 
5 -1 0.8922140222298336 0.8799948001430226 
6 1 0.23346475619852275 0.39099609206085684 
7 1 0.18006604323436962 0.699150049105 
8 1 0.1802642904552017 0.29842655160593173 
9 -1 0.693141454008864 0.8575314958255071 
10 1 0.1914306731999438 0.42320422006706737 
11 -1 0.5581162848705845 0.5792289834826424 
12 -1 0.9793252002869605 0.10604328434966251 
13 1 0.4345021119485699 0.3288618873344163 
14 -1 0.7747844631639781 0.31544235496637757 
15 1 0.06748629642516328 0.46010873116139434 
16 -1 1.0696910090812264 1.2583007957346097 
17 1 0.3122502755049941 0.4523412340329903 
18 1 0.3615696885809517 0.23701945250631917 
19 -1 0.6384178928995341 0.3747884935697103 
20 1 0.1502082172553732 0.6275505916973357 
21 -1 1.2778662276640071 0.38952166833352847 
22 1 0.015994537514246565 0.8146065937631021 
23 -1 0.960856934534114 0.6505174271554781 
24 -1 1.001325969753696 0.762890042964715 
25 1 0.2094707619252515 0.22154818487284467 
26 -1 1.034533001295284 1.225366826585528 
27 -1 0.3973816655044382 0.7134595073833462 
28 -1 0.7275475126151328 0.38503522533126366 
29 -1 1.1968565766136388 1.0517104296026278 
30 -1 0.9578166793424882 0.2809876664065836 
31 -1 0.9018658439867353 0.7616194046388332 
32 -1 1.2300758225671495 0.7187749456574577 
33 -1 1.2295852254204376 0.15187079905665593 
34 -1 0.6453983662739644 0.18697712740271913 
35 -1 0.528654010028473 0.9200957307800517 
36 1 0.2176206818126687 0.22709859531568372 
37 1 0.5486012657844339 0.84754608714915 
38 -1 0.9394551434348474 0.9933377024556437 
39 -1 0.3882399922552298 0.6282051965623505 
40 1 0.14990458301127055 0.5873489368431816 
41 -1 1.2548125309859093 0.2378384302803937 
42 -1 0.9557157259854815 0.1357588463913566 
43 1 0.25607938055467655 0.4214917358697789 
44 1 0.09184729299499714 0.3694598672235679 
45 1 0.1451603886802491 0.472243081092628 
46 1 0.1074094315496452 0.6760126637067766 
47 -1 0.7990148824414607 0.6323505163005212 
48 -1 1.1642426231263834 0.9357786352371704 
49 -1 1.2248333723728946 0.7250920445356436 
50 1 0.26504046430058487 0.5588697382616158 
51 -1 1.1897247640828048 0.9245180428499655 
52 1 0.07160157515854128 1.0214606780516235 
53 -1 1.0196259677004529 0.5315266173751778 
54 1 0.09412940729653879 0.6970839330382874 
55 1 0.2329047201959861 0.27693778354233844 
56 1 0.007440242436720898 0.6362762700812538 
57 1 0.36106480513292855 0.3420420142227369 
58 -1 0.9672991068205934 1.131404578715221 
59 1 0.3287349189155662 0.7967460050611296 
60 1 0.22437800994506923 0.7900608390839892 
61 1 0.16852131215052504 0.6340719254114088 
62 1 0.20340852295858197 0.4151021096626679 
63 -1 1.184049982318927 0.3964961904157726 
64 -1 0.7443589128003927 1.2447823613537652 
65 -1 1.3789898004564234 0.7578751623143218 
66 -1 0.7245949479582777 0.7961203186934692 
67 -1 0.91831807639597 0.6529158470186206 
68 1 0.2906655823859828 0.39646887083925864 
69 1 0.2207608891004687 0.4843919579846789 
70 1 0.07509184140470972 0.7360683562118332 
71 -1 1.226457549657967 1.1411503199055908 
72 -1 0.9943220077205475 0.9780779280248629 
73 1 0.14664324091538541 0.7754214941787355 
74 1 0.22068145509913797 0.4955687655877086 
75 1 0.5458235398287024 0.41002575161533145 
76 1 0.24819055741341972 0.7287129788297692 
77 -1 1.3693414976943126 0.6759411969786293 
78 1 0.2023321221768125 0.952872175715569 
79 -1 0.9875271436341542 1.2956105764745938 
80 -1 0.9575520774964632 0.20113670631075217 
81 -1 1.1039011900303937 0.5897403857254893 
82 1 0.42652042774433513 0.25024787018290884 
83 -1 0.5396332307106673 0.6666333265171542 
84 1 0.09881841398417214 0.34570389317479316 
85 1 0.3199492544772873 0.22357821092702163 
86 -1 0.7779252716389634 0.855724142748314 
87 -1 1.0980193888875676 0.19960535543314775 
88 1 0.24289963699533387 0.8838842104934704 
89 1 0.22867639638424198 0.8836257576572962 
90 -1 1.156710003198079 1.0036424795830419 
91 1 0.145733413391056 0.7079198964786519 
92 1 0.45096749869493136 0.20485860817085336 
93 -1 0.9196430618465298 0.828330682416958 
94 1 0.14594191586436062 0.31643582795830044 
95 1 0.15053574727731914 0.8250411309454084 
96 1 0.30884991983556814 0.21942180755881405 
97 1 0.11415064858388753 0.35919867657133486 
98 1 0.10010231535360727 0.6166474375151986 
99 -1 1.44996845497525 0.07461696681934066 
100 1 0.10618516046574872 0.691306791782101 
101 -1 0.7792130674512809 0.10683949851689285 
102 -1 1.4650164411046978 0.27311053524175005 
103 1 0.36862721286300554 1.0377461473902825 
104 -1 1.1449814061488268 0.1257552922284011 
105 -1 1.3687442582366212 1.1835770644065882 
106 -1 1.08577067433351 0.04761734444560737 
107 -1 0.8629172408522585 0.8538361507222195 
108 -1 0.3708987440589156 0.5625991315851766 
109 -1 0.734339893678516 0.921291544206831 
110 1 0.21095192299680907 0.4697989548546174 
111 1 0.19613314198193077 0.8209810206678374 
112 1 0.41048207713242507 0.13536671249091017 
113 -1 0.8195798379595717 0.9397856550180183 
114 1 0.15956130265933385 0.8997901563322851 
115 -1 1.3353247578369938 0.7443599472850284 
116 -1 1.029360354686637 1.365635968383155 
117 -1 0.47549089193276195 0.8910794132949139 
118 -1 0.9189474971676571 0.3145098201873915 
119 1 0.01282351716023628 0.6854130863715657 
