id label data 
0 -1 1.1274428964354408 0.9656655954742778 
1 -1 1.0227840015156513 1.1045480345788141 
2 1 0.4695060127958403 0.8580975627675954 
3 1 0.1802642904552017 0.29842655160593173 
4 -1 1.138124375178039 1.1994591366664575 
5 1 0.30529880933292114 0.582509326997522 
6 -1 0.6218431917216003 0.7628951667554964 
7 -1 1.0192740249427443 0.5784790486572758 
8 1 0.359485113151705 0.7445972674010114 
9 1 0.11976028082260942 0.40319890538599185 
10 -1 1.3693414976943126 0.6759411969786293 
11 -1 1.1039011900303937 0.5897403857254893 
12 -1 1.1874183958537015 0.6915813949388919 
13 1 0.3287349189155662 0.7967460050611296 
14 -1 1.1043479469461224 1.218496163092012 
15 -1 1.156710003198079 1.0036424795830419 
16 -1 1.08577067433351 0.04761734444560737 
17 -1 1.0292943352925419 0.9749069257549136 
18 1 0.05871507659013704 0.5749369165022608 
19 1 0.12148656082505585 0.7435090322922503 
20 1 0.14990458301127055 0.5873489368431816 
21 1 0.12124757242085511 0.5553825184263067 
22 1 0.2023321221768125 0.952872175715569 
23 1 0.5149242075100848 1.0145097593999137 
24 -1 1.3186287886728751 0.45775148290422574 
25 -1 0.7792130674512809 0.10683949851689285 
26 -1 0.6383388801719405 0.913246367057651 
27 1 0.3615696885809517 0.23701945250631917 
28 -1 0.8452182600251826 1.1790610926956344 
29 -1 0.622145016168142 0.29754874877930293 
30 1 0.26504046430058487 0.5588697382616158 
31 1 0.2094707619252515 0.22154818487284467 
32 1 0.2606094719779131 0.6402824494663732 
33 1 0.035136283956924995 0.4413841581250834 
34 1 0.1810215327508704 0.5614553985546114 
35 1 0.19343433768552523 0.4952722758504485 
36 1 0.1842509955651352 0.3982361800357882 
37 1 0.10618516046574872 0.691306791782101 
38 -1 0.9672991068205934 1.131404578715221 
39 -1 0.7245949479582777 0.7961203186934692 
40 -1 1.2279245166686092 0.570580981782879 
41 -1 0.9257699663352615 0.5901404866593734 
42 -1 1.38626995723044 0.3763964759828487 
43 -1 1.3353247578369938 0.7443599472850284 
44 1 0.45658361935593733 0.9374361653089811 
45 1 0.054165395073274045 0.664374909590176 
46 -1 1.5245260379963128 0.3912180016358731 
47 -1 0.6453983662739644 0.18697712740271913 
48 1 0.1287980193545381 0.7143640665784075 
49 -1 1.1458135314886342 0.3863363577297532 
50 -1 1.5153512122251485 0.3734092378560541 
51 -1 0.7990148824414607 0.6323505163005212 
52 -1 1.0056963709846192 0.7528145744844577 
53 -1 0.960856934534114 0.6505174271554781 
54 -1 1.1063759432223301 0.301808211678979 
55 1 0.1451603886802491 0.472243081092628 
56 -1 0.9943220077205475 0.9780779280248629 
57 1 0.01282351716023628 0.6854130863715657 
58 1 0.3199492544772873 0.22357821092702163 
59 -1 0.48748068434394254 0.9124078063259363 
60 -1 0.9394551434348474 0.9933377024556437 
61 -1 0.5418269471280245 0.9396760461461094 
62 -1 1.0021982790547024 0.4015413528049374 
63 1 0.33631824348113754 0.8460103412130747 
64 1 0.22702304243961788 0.47769438637977435 
65 -1 0.9875271436341542 1.2956105764745938 
66 1 0.2906655823859828 0.39646887083925864 
67 1 0.36862721286300554 1.0377461473902825 
68 -1 1.3789898004564234 0.7578751623143218 
69 1 0.09881841398417214 0.34570389317479316 
70 1 0.14281402540006943 0.27447687983063535 
71 1 0.3846481139997032 0.775284607174906 
72 1 0.4055321383261505 0.38814562185650286 
73 -1 0.7067916982567076 0.1499726186917504 
74 1 0.2176206818126687 0.22709859531568372 
75 1 0.10103520410462265 0.6854583241191688 
76 1 0.11537039046120957 0.5072639862560517 
77 -1 0.9578166793424882 0.2809876664065836 
78 -1 0.9404672848613405 0.22902956258708734 
79 -1 0.7723954866227816 1.1844474256382753 
80 -1 1.2849739123099089 0.7263415369204695 
81 1 0.21665115860939058 0.6788293859499737 
82 -1 0.6153573922373758 0.80355599106237 
83 1 0.1074094315496452 0.6760126637067766 
84 -1 0.9575520774964632 0.20113670631075217 
85 -1 1.2300758225671495 0.7187749456574577 
86 1 0.2522378030276445 0.6582295937105697 
87 -1 1.0637040747177335 0.5604313047356164 
88 1 0.15149611579420108 0.3605252547739756 
89 1 0.2329047201959861 0.27693778354233844 
90 -1 1.093907799505924 0.22234340301596267 
91 1 0.22437800994506923 0.7900608390839892 
92 -1 1.1968565766136388 1.0517104296026278 
93 1 0.09820934622496422 0.7019736918243344 
94 -1 1.1279592481733132 1.3798168131430253 
95 1 0.24289963699533387 0.8838842104934704 
96 -1 1.2871320703424556 0.1746390043905322 
97 1 0.145733413391056 0.7079198964786519 
98 -1 1.1802270684600373 0.4557344918618058 
99 1 0.08376772696913362 0.7138889195359364 
100 1 0.21095192299680907 0.4697989548546174 
101 1 0.24819055741341972 0.7287129788297692 
102 1 0.29170106071072294 0.29872478920262946 
103 -1 0.734339893678516 0.921291544206831 
104 -1 0.5581162848705845 0.5792289834826424 
105 -1 1.0696910090812264 1.2583007957346097 
106 1 0.003736042462249842 0.5250869989051297 
107 -1 1.1498836679488251 0.2130790302536458 
108 1 0.18006604323436962 0.699150049105 
109 -1 0.8340928435842627 0.4181562639340852 
110 1 0.22867639638424198 0.8836257576572962 
111 1 0.11425968957997719 0.8890050242657153 
112 -1 0.91831807639597 0.6529158470186206 
113 1 0.1398940579801116 0.3186565235655808 
114 -1 0.5487505303865082 1.0098135723600559 
115 -1 0.6940247705090041 1.2806944961451943 
116 -1 1.2275682613420276 0.950911034636836 
117 1 0.2001207531799952 0.8632219349204185 
118 -1 0.47549089193276195 0.8910794132949139 
119 1 0.015994537514246565 0.8146065937631021 
120 -1 0.7984822926980067 0.5691288418421756 
121 1 0.07160157515854128 1.0214606780516235 
122 -1 1.2248333723728946 0.7250920445356436 
123 1 0.008238680492229143 0.5927376632503085 
124 1 0.09412940729653879 0.6970839330382874 
125 -1 1.452856682187907 0.5317272220754172 
126 -1 1.114311289593126 0.35031802817512825 
127 1 0.22250666821636744 0.5770119244522728 
128 1 0.46626712773353507 0.36801448087290356 
129 -1 1.1897247640828048 0.9245180428499655 
130 1 0.20340852295858197 0.4151021096626679 
131 1 0.18758188325263506 0.5927647938971741 
132 1 0.36106480513292855 0.3420420142227369 
133 1 0.11212307946673604 0.6973308804561552 
134 1 0.7796061448992575 0.6434978419555902 
135 -1 0.8717917054898214 0.962093913590496 
136 1 0.4345021119485699 0.3288618873344163 
137 -1 1.3841747529966226 0.9990713659778501 
138 1 0.12201656360340861 0.8218312045549243 
139 1 0.13635933212544582 0.9556496392469414 
140 1 0.11026559411876645 0.2036414786814468 
141 -1 1.2130689771216472 0.760120210820724 
142 1 0.18719527418033788 0.5242292637450433 
143 -1 1.0474845099557764 0.6037403345562665 
144 1 0.1914306731999438 0.42320422006706737 
145 -1 0.8154482344625015 0.1852624945171347 
146 -1 0.9557157259854815 0.1357588463913566 
147 -1 0.6383183438197421 0.41910682315490944 
148 -1 1.1755437921385503 0.04473720587254479 
149 1 0.33450265856620864 0.6542254346275206 
150 -1 1.44996845497525 0.07461696681934066 
151 -1 1.3178220829517342 0.6183221258884385 
152 -1 1.4405806776661503 0.4926599467779916 
153 1 0.046205265997112 0.6564318396946509 
154 1 0.1597710655025326 0.692487169744345 
155 1 0.1502082172553732 0.6275505916973357 
156 -1 1.152906002320789 0.8254497006896793 
157 1 0.06931685071042125 0.6877367437493909 
158 -1 0.7443589128003927 1.2447823613537652 
159 -1 1.135983709011779 1.0176263902936478 
160 1 0.45096749869493136 0.20485860817085336 
161 1 0.19613314198193077 0.8209810206678374 
162 1 0.25607938055467655 0.4214917358697789 
163 -1 1.0196259677004529 0.5315266173751778 
164 1 0.7492016050165106 0.3455760095163036 
165 -1 1.034533001295284 1.225366826585528 
166 -1 0.693141454008864 0.8575314958255071 
167 1 0.22500670178092194 0.7998039856858496 
168 1 0.05116214730863437 0.7105926066492894 
169 1 0.15956130265933385 0.8997901563322851 
170 -1 1.1749277769560795 0.46323379327373704 
171 1 0.07509184140470972 0.7360683562118332 
172 1 0.08289446166584187 1.0107604613780679 
173 -1 1.184049982318927 0.3964961904157726 
174 -1 0.528654010028473 0.9200957307800517 
175 1 0.14594191586436062 0.31643582795830044 
176 -1 1.1599983008114199 0.47959848718730613 
177 -1 1.0099830555090992 0.673423740216877 
178 1 0.15277444749357447 0.38978408958381117 
179 1 0.14184696075255776 0.626429113382057 
