id label data 
0 1 0.31521973353268373 0.7278217842115597 
1 -1 1.0056963709846192 0.7528145744844577 
2 1 0.15277444749357447 0.38978408958381117 
3 1 0.22068145509913797 0.4955687655877086 
4 1 0.08730362361424791 0.7544312747925604 
5 1 0.5071686235462055 0.2571952676212773 
6 -1 1.0980193888875676 0.19960535543314775 
7 -1 1.0227840015156513 1.1045480345788141 
8 -1 0.6384178928995341 0.3747884935697103 
9 -1 1.1642426231263834 0.9357786352371704 
10 1 0.7492016050165106 0.3455760095163036 
11 -1 0.9793252002869605 0.10604328434966251 
12 1 0.1730342887471763 0.3013269720119047 
13 1 0.10180029849917704 0.35534598322842753 
14 -1 1.220686785639727 0.9171527107274431 
15 -1 1.184049982318927 0.3964961904157726 
16 1 0.11976028082260942 0.40319890538599185 
17 1 0.06931685071042125 0.6877367437493909 
18 1 0.08376772696913362 0.7138889195359364 
19 -1 0.8922140222298336 0.8799948001430226 
20 1 0.7796061448992575 0.6434978419555902 
21 -1 0.7694326430544648 1.3000921442043694 
22 1 0.20680664580365238 0.5189196257725603 
23 -1 0.7151496328758169 0.7630805131434041 
24 1 0.07160157515854128 1.0214606780516235 
25 1 0.12201656360340861 0.8218312045549243 
26 1 0.06705847678408187 0.556629467462119 
27 1 0.16852131215052504 0.6340719254114088 
28 1 0.35008555552734244 0.9174579304022553 
29 -1 1.084797714138559 0.1395329667451033 
30 -1 0.91831807639597 0.6529158470186206 
31 1 0.17180333180636856 0.926395727038216 
32 1 0.11026559411876645 0.2036414786814468 
33 -1 1.1968565766136388 1.0517104296026278 
34 -1 0.6940247705090041 1.2806944961451943 
35 1 0.13043518324259137 0.8374969536465641 
36 1 0.359485113151705 0.7445972674010114 
37 1 0.2094707619252515 0.22154818487284467 
38 -1 1.0557137041540272 0.29802355126643565 
39 1 0.18006604323436962 0.699150049105 
40 -1 1.1874183958537015 0.6915813949388919 
41 -1 0.6473960301939851 0.9381769242808491 
42 -1 1.1897247640828048 0.9245180428499655 
43 -1 0.8629172408522585 0.8538361507222195 
44 1 0.08517898709755553 0.5833669450363146 
45 1 0.33631824348113754 0.8460103412130747 
46 1 0.15056483955908298 0.36144043850325686 
47 -1 0.7443589128003927 1.2447823613537652 
48 1 0.21095192299680907 0.4697989548546174 
49 1 0.12148656082505585 0.7435090322922503 
50 -1 0.693141454008864 0.8575314958255071 
51 1 0.006626019290630433 0.8274128908910554 
52 -1 1.4650164411046978 0.27311053524175005 
53 1 0.41048207713242507 0.13536671249091017 
54 -1 0.960856934534114 0.6505174271554781 
55 1 0.33326960284899304 0.9092805120426972 
56 -1 1.2499970475383955 0.4309780519844826 
57 -1 1.2300758225671495 0.7187749456574577 
58 -1 1.44996845497525 0.07461696681934066 
59 -1 1.1063759432223301 0.301808211678979 
60 1 0.12124757242085511 0.5553825184263067 
61 1 0.08289446166584187 1.0107604613780679 
62 -1 0.7414003088121768 0.830478039659023 
63 -1 1.2275682613420276 0.950911034636836 
64 -1 1.2849739123099089 0.7263415369204695 
65 1 0.5285320517788643 0.8817583799883816 
66 -1 0.5396332307106673 0.6666333265171542 
67 1 0.14664324091538541 0.7754214941787355 
68 -1 1.182305523477809 0.0 
69 1 0.42652042774433513 0.25024787018290884 
70 1 0.007440242436720898 0.6362762700812538 
71 1 0.09881841398417214 0.34570389317479316 
72 -1 0.7747844631639781 0.31544235496637757 
73 1 0.3287349189155662 0.7967460050611296 
74 1 0.1074094315496452 0.6760126637067766 
75 1 0.5486012657844339 0.84754608714915 
76 -1 1.3687442582366212 1.1835770644065882 
77 -1 1.2230437828429672 0.57714290846391 
78 -1 0.48748068434394254 0.9124078063259363 
79 -1 1.0192740249427443 0.5784790486572758 
80 1 0.18758188325263506 0.5927647938971741 
81 -1 0.5581162848705845 0.5792289834826424 
82 1 0.36106480513292855 0.3420420142227369 
83 -1 0.7779252716389634 0.855724142748314 
84 1 0.3122502755049941 0.4523412340329903 
85 -1 0.8340928435842627 0.4181562639340852 
86 1 0.45658361935593733 0.9374361653089811 
87 1 0.36862721286300554 1.0377461473902825 
88 1 0.1563209786398113 0.5778539873557024 
89 -1 1.2295852254204376 0.15187079905665593 
90 1 0.35944862202965916 0.151052518652563 
91 -1 1.138124375178039 1.1994591366664575 
92 1 0.22867639638424198 0.8836257576572962 
93 1 0.4695060127958403 0.8580975627675954 
94 1 0.2023321221768125 0.952872175715569 
95 -1 0.8154482344625015 0.1852624945171347 
96 -1 1.029360354686637 1.365635968383155 
97 -1 0.5418269471280245 0.9396760461461094 
98 1 0.9018041716227262 0.08364336600588158 
99 1 0.035136283956924995 0.4413841581250834 
100 1 0.18719527418033788 0.5242292637450433 
101 -1 0.7110767234530694 0.6627730630950076 
102 1 0.2606094719779131 0.6402824494663732 
103 1 0.2906655823859828 0.39646887083925864 
104 -1 1.090017077456738 1.1357083496416451 
105 -1 1.4405806776661503 0.4926599467779916 
106 1 0.1914306731999438 0.42320422006706737 
107 -1 1.034533001295284 1.225366826585528 
108 1 0.07509184140470972 0.7360683562118332 
109 -1 1.5245260379963128 0.3912180016358731 
110 -1 0.8452182600251826 1.1790610926956344 
111 -1 0.7275475126151328 0.38503522533126366 
112 1 0.05116214730863437 0.7105926066492894 
113 1 0.2329047201959861 0.27693778354233844 
114 -1 0.9578166793424882 0.2809876664065836 
115 -1 1.001325969753696 0.762890042964715 
116 1 0.30884991983556814 0.21942180755881405 
117 -1 0.47549089193276195 0.8910794132949139 
118 -1 0.9575520774964632 0.20113670631075217 
119 -1 0.6383183438197421 0.41910682315490944 
