id label data 
0 -1 0.6470878432641499 0.7577892258679855 
1 -1 0.6940247705090041 1.2806944961451943 
2 -1 1.2230437828429672 0.57714290846391 
3 -1 0.8452182600251826 1.1790610926956344 
4 1 0.14710366671198896 0.7720765536140995 
5 1 0.1287980193545381 0.7143640665784075 
6 1 0.055827137885203396 0.5865829363295543 
7 -1 0.48748068434394254 0.9124078063259363 
8 1 0.17071761273325148 0.6694810291505542 
9 -1 1.182305523477809 0.0 
10 -1 1.1749277769560795 0.46323379327373704 
11 1 0.4000636548313782 0.20286827941819183 
12 1 0.006626019290630433 0.8274128908910554 
13 -1 0.5418269471280245 0.9396760461461094 
14 1 0.4055321383261505 0.38814562185650286 
15 -1 0.6383388801719405 0.913246367057651 
16 -1 0.7674734916190135 0.39768328506840583 
17 -1 1.090017077456738 1.1357083496416451 
18 1 0.11026559411876645 0.2036414786814468 
19 1 0.26742804122427183 0.23727885071754976 
20 -1 1.220686785639727 0.9171527107274431 
21 1 0.5071686235462055 0.2571952676212773 
22 -1 1.1874183958537015 0.6915813949388919 
23 1 0.46626712773353507 0.36801448087290356 
24 -1 0.6153573922373758 0.80355599106237 
25 -1 1.187182871859831 0.24668363104313978 
26 -1 1.38626995723044 0.3763964759828487 
27 -1 0.2786329493957516 0.8565477567942018 
28 -1 1.2636261014566257 1.0697947200367297 
29 1 0.45277543594090414 0.34799518073007957 
30 1 0.008238680492229143 0.5927376632503085 
31 -1 1.0192740249427443 0.5784790486572758 
32 1 0.12124757242085511 0.5553825184263067 
33 1 0.06705847678408187 0.556629467462119 
34 1 0.18719527418033788 0.5242292637450433 
35 -1 0.8154482344625015 0.1852624945171347 
36 1 0.05116214730863437 0.7105926066492894 
37 -1 1.3178220829517342 0.6183221258884385 
38 1 0.35944862202965916 0.151052518652563 
39 -1 1.0227840015156513 1.1045480345788141 
40 1 0.08376772696913362 0.7138889195359364 
41 1 0.13985876170139128 0.41596809641699645 
42 1 0.04096534433386852 0.3630773164084078 
43 1 0.11425968957997719 0.8890050242657153 
44 -1 1.1063759432223301 0.301808211678979 
45 1 0.33450265856620864 0.6542254346275206 
46 1 0.20680664580365238 0.5189196257725603 
47 -1 1.3841747529966226 0.9990713659778501 
48 1 0.359485113151705 0.7445972674010114 
49 1 0.17180333180636856 0.926395727038216 
50 1 0.10180029849917704 0.35534598322842753 
51 1 0.19343433768552523 0.4952722758504485 
52 -1 1.2130689771216472 0.760120210820724 
53 -1 1.1279592481733132 1.3798168131430253 
54 -1 0.8340928435842627 0.4181562639340852 
55 -1 1.2422103931194282 0.1134484278384177 
56 1 0.1730342887471763 0.3013269720119047 
57 1 0.1842509955651352 0.3982361800357882 
58 1 0.13635933212544582 0.9556496392469414 
59 1 0.2039845434380789 0.6485403831019927 
60 -1 0.7151496328758169 0.7630805131434041 
61 -1 0.6473960301939851 0.9381769242808491 
62 1 0.2606094719779131 0.6402824494663732 
63 -1 1.3186287886728751 0.45775148290422574 
64 -1 1.2376612278604078 0.23834686554327375 
65 1 0.2522378030276445 0.6582295937105697 
66 -1 0.7694326430544648 1.3000921442043694 
67 -1 1.1755437921385503 0.04473720587254479 
68 -1 1.0474845099557764 0.6037403345562665 
69 -1 1.1458135314886342 0.3863363577297532 
70 -1 1.452856682187907 0.5317272220754172 
71 1 0.12201656360340861 0.8218312045549243 
72 -1 1.114311289593126 0.35031802817512825 
73 -1 1.2392225184793473 0.3959954966509707 
74 -1 1.1802270684600373 0.4557344918618058 
75 -1 0.9257699663352615 0.5901404866593734 
76 -1 1.0637040747177335 0.5604313047356164 
77 -1 0.622145016168142 0.29754874877930293 
78 1 0.2001207531799952 0.8632219349204185 
79 1 0.035136283956924995 0.4413841581250834 
80 1 0.11858014384146623 0.25549994007333315 
81 -1 1.1043479469461224 1.218496163092012 
82 -1 0.9524570386310537 0.9841577821841783 
83 -1 1.1444340343409387 0.25216956744288815 
84 -1 1.2275682613420276 0.950911034636836 
85 1 0.22702304243961788 0.47769438637977435 
86 -1 1.093907799505924 0.22234340301596267 
87 -1 0.9404672848613405 0.22902956258708734 
88 -1 0.7723954866227816 1.1844474256382753 
89 -1 1.1599983008114199 0.47959848718730613 
90 -1 1.1965282606143632 0.11047712104358931 
91 -1 1.2499970475383955 0.4309780519844826 
92 -1 1.0021982790547024 0.4015413528049374 
93 -1 0.7110858096952656 0.8739943240254582 
94 -1 1.152906002320789 0.8254497006896793 
95 -1 0.6383183438197421 0.41910682315490944 
96 1 0.42294139727539654 0.8880919482172875 
97 1 0.22500670178092194 0.7998039856858496 
98 1 0.1563209786398113 0.5778539873557024 
99 -1 1.1606413625734375 0.9618330019943676 
100 -1 0.5487505303865082 1.0098135723600559 
101 1 0.11212307946673604 0.6973308804561552 
102 1 0.14281402540006943 0.27447687983063535 
103 1 0.11537039046120957 0.5072639862560517 
104 1 0.5285320517788643 0.8817583799883816 
105 1 0.06931685071042125 0.6877367437493909 
106 1 0.31521973353268373 0.7278217842115597 
107 -1 1.1747914153024244 0.02638705090860995 
108 -1 0.8802078865619626 0.826648953279749 
109 1 0.14184696075255776 0.626429113382057 
110 -1 1.0292943352925419 0.9749069257549136 
111 1 0.09666724704943415 0.599818449115207 
112 1 0.45658361935593733 0.9374361653089811 
113 -1 1.138124375178039 1.1994591366664575 
114 -1 0.979204565867059 0.15138633025825438 
115 1 0.13043518324259137 0.8374969536465641 
116 1 0.044634964130918345 0.5496462001072557 
117 -1 1.135983709011779 1.0176263902936478 
118 1 0.2609652821014302 0.8675969370822728 
119 1 0.328071128341334 0.9254624143782318 
120 -1 1.084797714138559 0.1395329667451033 
121 1 0.21665115860939058 0.6788293859499737 
122 1 0.4695060127958403 0.8580975627675954 
123 1 0.9018041716227262 0.08364336600588158 
124 -1 0.9476114298697972 1.0387268769038183 
125 1 0.33631824348113754 0.8460103412130747 
126 -1 1.1240961148004778 0.051077321061215764 
127 1 0.3708850314792849 1.2182227230648182 
128 1 0.7796061448992575 0.6434978419555902 
129 1 0.35008555552734244 0.9174579304022553 
130 1 0.1810215327508704 0.5614553985546114 
131 -1 1.5153512122251485 0.3734092378560541 
132 1 0.05871507659013704 0.5749369165022608 
133 -1 1.3459196942371563 0.5769517127675082 
134 1 0.18758188325263506 0.5927647938971741 
135 -1 0.7857414738221355 1.3212180559313813 
136 -1 1.5245260379963128 0.3912180016358731 
137 1 0.1929163756572219 0.38833625300863583 
138 -1 1.3349985914956968 1.1000112400600752 
139 -1 1.2849739123099089 0.7263415369204695 
140 -1 1.5707963267948966 0.2958530039760289 
141 1 0.15149611579420108 0.3605252547739756 
142 -1 1.091919175381188 0.8816255557865107 
143 -1 0.9182310758565763 1.1568233249693352 
144 1 0.08289446166584187 1.0107604613780679 
145 1 0.3846481139997032 0.775284607174906 
146 -1 0.5103664846482203 0.7867328329481224 
147 1 0.30529880933292114 0.582509326997522 
148 -1 1.0557137041540272 0.29802355126643565 
149 -1 1.4405806776661503 0.4926599467779916 
150 1 0.09820934622496422 0.7019736918243344 
151 -1 1.2279245166686092 0.570580981782879 
152 -1 1.2871320703424556 0.1746390043905322 
153 -1 0.7067916982567076 0.1499726186917504 
154 1 0.15277444749357447 0.38978408958381117 
155 1 0.33326960284899304 0.9092805120426972 
156 1 0.12148656082505585 0.7435090322922503 
157 1 0.0997435534740412 0.7285197852329943 
158 -1 0.931000201840789 0.40966080052085335 
159 -1 1.1274428964354408 0.9656655954742778 
160 1 0.11976028082260942 0.40319890538599185 
161 1 0.1398940579801116 0.3186565235655808 
162 1 0.22250666821636744 0.5770119244522728 
163 1 0.014727647834271487 0.6775960237314997 
164 1 0.5149242075100848 1.0145097593999137 
165 -1 0.6218431917216003 0.7628951667554964 
166 1 0.046205265997112 0.6564318396946509 
167 -1 0.8717917054898214 0.962093913590496 
168 -1 0.7110767234530694 0.6627730630950076 
169 -1 1.1320552490753737 0.007841300784547717 
170 1 0.08730362361424791 0.7544312747925604 
171 -1 1.0099830555090992 0.673423740216877 
172 1 0.1597710655025326 0.692487169744345 
173 1 0.18030622984260508 0.6097500146363869 
174 1 0.29170106071072294 0.29872478920262946 
175 1 0.08517898709755553 0.5833669450363146 
176 1 0.054165395073274045 0.664374909590176 
177 1 0.15056483955908298 0.36144043850325686 
178 1 0.10103520410462265 0.6854583241191688 
179 -1 1.0056963709846192 0.7528145744844577 
