id label data 
0 1 0.1398940579801116 0.3186565235655808 
1 1 0.5285320517788643 0.8817583799883816 
2 -1 0.8717917054898214 0.962093913590496 
3 -1 1.034533001295284 1.225366826585528 
4 -1 1.1968565766136388 1.0517104296026278 
5 -1 1.2376612278604078 0.23834686554327375 
6 1 0.18758188325263506 0.5927647938971741 
7 1 0.29170106071072294 0.29872478920262946 
8 -1 1.0227840015156513 1.1045480345788141 
9 -1 0.9476114298697972 1.0387268769038183 
10 1 0.45096749869493136 0.20485860817085336 
11 1 0.2329047201959861 0.27693778354233844 
12 -1 0.6384178928995341 0.3747884935697103 
13 -1 0.3708987440589156 0.5625991315851766 
14 -1 0.3882399922552298 0.6282051965623505 
15 1 0.10180029849917704 0.35534598322842753 
16 1 0.003736042462249842 0.5250869989051297 
17 1 0.17071761273325148 0.6694810291505542 
18 1 0.05116214730863437 0.7105926066492894 
19 -1 1.152906002320789 0.8254497006896793 
20 1 0.31521973353268373 0.7278217842115597 
21 1 0.06748629642516328 0.46010873116139434 
22 -1 1.091919175381188 0.8816255557865107 
23 -1 0.7779252716389634 0.855724142748314 
24 1 0.328071128341334 0.9254624143782318 
25 -1 1.0474845099557764 0.6037403345562665 
26 -1 1.38626995723044 0.3763964759828487 
27 1 0.10010231535360727 0.6166474375151986 
28 1 0.3122502755049941 0.4523412340329903 
29 -1 1.3789898004564234 0.7578751623143218 
30 1 0.2522378030276445 0.6582295937105697 
31 -1 0.8922140222298336 0.8799948001430226 
32 1 0.07160157515854128 1.0214606780516235 
33 -1 0.6383388801719405 0.913246367057651 
34 1 0.1842509955651352 0.3982361800357882 
35 -1 1.184049982318927 0.3964961904157726 
36 1 0.3708850314792849 1.2182227230648182 
37 -1 1.2392225184793473 0.3959954966509707 
38 1 0.08730362361424791 0.7544312747925604 
39 1 0.09820934622496422 0.7019736918243344 
40 1 0.2023321221768125 0.952872175715569 
41 -1 0.6453983662739644 0.18697712740271913 
42 -1 1.4650164411046978 0.27311053524175005 
43 -1 1.3353247578369938 0.7443599472850284 
44 -1 1.1274428964354408 0.9656655954742778 
45 -1 1.1755437921385503 0.04473720587254479 
46 1 0.22867639638424198 0.8836257576572962 
47 -1 0.7984822926980067 0.5691288418421756 
48 -1 0.9524570386310537 0.9841577821841783 
49 1 0.15277444749357447 0.38978408958381117 
50 -1 1.2279245166686092 0.570580981782879 
51 1 0.26504046430058487 0.5588697382616158 
52 -1 0.7110858096952656 0.8739943240254582 
53 -1 1.0056963709846192 0.7528145744844577 
54 1 0.11537039046120957 0.5072639862560517 
55 -1 0.7674734916190135 0.39768328506840583 
56 -1 1.2422103931194282 0.1134484278384177 
57 1 0.2606094719779131 0.6402824494663732 
58 -1 1.1240961148004778 0.051077321061215764 
59 1 0.22437800994506923 0.7900608390839892 
60 1 0.2609652821014302 0.8675969370822728 
61 -1 0.91831807639597 0.6529158470186206 
62 1 0.14990458301127055 0.5873489368431816 
63 1 0.15053574727731914 0.8250411309454084 
64 -1 1.1606413625734375 0.9618330019943676 
65 1 0.18006604323436962 0.699150049105 
66 1 0.7492016050165106 0.3455760095163036 
67 -1 1.1802270684600373 0.4557344918618058 
68 -1 0.6153573922373758 0.80355599106237 
69 1 0.45658361935593733 0.9374361653089811 
70 1 0.14281402540006943 0.27447687983063535 
71 1 0.12201656360340861 0.8218312045549243 
72 -1 0.9578166793424882 0.2809876664065836 
73 -1 0.5103664846482203 0.7867328329481224 
74 1 0.035136283956924995 0.4413841581250834 
75 1 0.15956130265933385 0.8997901563322851 
76 -1 0.9182310758565763 1.1568233249693352 
77 -1 0.7857414738221355 1.3212180559313813 
78 1 0.2176206818126687 0.22709859531568372 
79 1 0.044634964130918345 0.5496462001072557 
80 -1 1.2548125309859093 0.2378384302803937 
81 -1 1.3186287886728751 0.45775148290422574 
82 -1 0.9557157259854815 0.1357588463913566 
83 -1 0.9404672848613405 0.22902956258708734 
84 -1 1.0557137041540272 0.29802355126643565 
85 -1 1.138124375178039 1.1994591366664575 
86 1 0.007440242436720898 0.6362762700812538 
87 1 0.1287980193545381 0.7143640665784075 
88 -1 1.2230437828429672 0.57714290846391 
89 1 0.145733413391056 0.7079198964786519 
90 1 0.22250666821636744 0.5770119244522728 
91 1 0.4000636548313782 0.20286827941819183 
92 -1 0.8629172408522585 0.8538361507222195 
93 1 0.11976028082260942 0.40319890538599185 
94 -1 0.8802078865619626 0.826648953279749 
95 -1 0.7723954866227816 1.1844474256382753 
96 -1 1.1458135314886342 0.3863363577297532 
97 -1 1.156710003198079 1.0036424795830419 
98 1 0.5486012657844339 0.84754608714915 
99 -1 0.47549089193276195 0.8910794132949139 
100 -1 1.3693414976943126 0.6759411969786293 
101 1 0.16852131215052504 0.6340719254114088 
102 1 0.07509184140470972 0.7360683562118332 
103 1 0.11858014384146623 0.25549994007333315 
104 1 0.5458235398287024 0.41002575161533145 
105 -1 0.7694326430544648 1.3000921442043694 
106 1 0.2039845434380789 0.6485403831019927 
107 -1 0.8154482344625015 0.1852624945171347 
108 -1 1.1063759432223301 0.301808211678979 
109 -1 1.1897247640828048 0.9245180428499655 
110 -1 1.182305523477809 0.0 
111 -1 0.3973816655044382 0.7134595073833462 
112 1 0.4695060127958403 0.8580975627675954 
113 1 0.2207608891004687 0.4843919579846789 
114 1 0.2906655823859828 0.39646887083925864 
115 -1 1.1874183958537015 0.6915813949388919 
116 1 0.18030622984260508 0.6097500146363869 
117 -1 1.1747914153024244 0.02638705090860995 
118 -1 1.5245260379963128 0.3912180016358731 
119 1 0.0997435534740412 0.7285197852329943 
