id label data 
0 -1 1.1444340343409387 0.25216956744288815 
1 -1 0.9182310758565763 1.1568233249693352 
2 -1 1.220686785639727 0.9171527107274431 
3 1 0.3708850314792849 1.2182227230648182 
4 -1 0.7414003088121768 0.830478039659023 
5 -1 1.1642426231263834 0.9357786352371704 
6 1 0.007440242436720898 0.6362762700812538 
7 -1 0.7275475126151328 0.38503522533126366 
8 -1 1.2230437828429672 0.57714290846391 
9 1 0.22068145509913797 0.4955687655877086 
10 1 0.30884991983556814 0.21942180755881405 
11 1 0.1730342887471763 0.3013269720119047 
12 1 0.5458235398287024 0.41002575161533145 
13 1 0.1563209786398113 0.5778539873557024 
14 1 0.04096534433386852 0.3630773164084078 
15 1 0.014727647834271487 0.6775960237314997 
16 -1 0.7110767234530694 0.6627730630950076 
17 -1 1.084797714138559 0.1395329667451033 
18 -1 0.931000201840789 0.40966080052085335 
19 -1 1.1240961148004778 0.051077321061215764 
20 1 0.2039845434380789 0.6485403831019927 
21 -1 0.3708987440589156 0.5625991315851766 
22 -1 1.090017077456738 1.1357083496416451 
23 -1 1.1606413625734375 0.9618330019943676 
24 -1 1.3687442582366212 1.1835770644065882 
25 -1 1.2499970475383955 0.4309780519844826 
26 1 0.3122502755049941 0.4523412340329903 
27 1 0.42294139727539654 0.8880919482172875 
28 -1 1.4650164411046978 0.27311053524175005 
29 -1 0.5396332307106673 0.6666333265171542 
30 1 0.17180333180636856 0.926395727038216 
31 -1 1.2376612278604078 0.23834686554327375 
32 -1 1.0980193888875676 0.19960535543314775 
33 1 0.08517898709755553 0.5833669450363146 
34 -1 0.7674734916190135 0.39768328506840583 
35 1 0.13043518324259137 0.8374969536465641 
36 -1 1.3459196942371563 0.5769517127675082 
37 1 0.06748629642516328 0.46010873116139434 
38 1 0.2207608891004687 0.4843919579846789 
39 -1 0.9793252002869605 0.10604328434966251 
40 -1 0.9196430618465298 0.828330682416958 
41 1 0.26742804122427183 0.23727885071754976 
42 -1 0.7694326430544648 1.3000921442043694 
43 -1 1.226457549657967 1.1411503199055908 
44 1 0.33326960284899304 0.9092805120426972 
45 1 0.31521973353268373 0.7278217842115597 
46 -1 1.5707963267948966 0.2958530039760289 
47 -1 0.7110858096952656 0.8739943240254582 
48 1 0.13985876170139128 0.41596809641699645 
49 1 0.09666724704943415 0.599818449115207 
50 -1 1.2636261014566257 1.0697947200367297 
51 1 0.06705847678408187 0.556629467462119 
52 1 0.17071761273325148 0.6694810291505542 
53 1 0.0997435534740412 0.7285197852329943 
54 -1 0.5103664846482203 0.7867328329481224 
55 -1 0.2786329493957516 0.8565477567942018 
56 -1 0.6384178928995341 0.3747884935697103 
57 -1 1.1449814061488268 0.1257552922284011 
58 -1 0.9018658439867353 0.7616194046388332 
59 -1 1.2295852254204376 0.15187079905665593 
60 1 0.14664324091538541 0.7754214941787355 
61 -1 0.6470878432641499 0.7577892258679855 
62 1 0.328071128341334 0.9254624143782318 
63 -1 0.7151496328758169 0.7630805131434041 
64 1 0.5486012657844339 0.84754608714915 
65 1 0.10010231535360727 0.6166474375151986 
66 1 0.35008555552734244 0.9174579304022553 
67 -1 0.7747844631639781 0.31544235496637757 
68 -1 1.2548125309859093 0.2378384302803937 
69 -1 1.001325969753696 0.762890042964715 
70 -1 1.187182871859831 0.24668363104313978 
71 -1 1.182305523477809 0.0 
72 -1 1.029360354686637 1.365635968383155 
73 1 0.09184729299499714 0.3694598672235679 
74 1 0.35944862202965916 0.151052518652563 
75 -1 0.8195798379595717 0.9397856550180183 
76 1 0.1929163756572219 0.38833625300863583 
77 -1 0.8802078865619626 0.826648953279749 
78 -1 0.9189474971676571 0.3145098201873915 
79 -1 1.1747914153024244 0.02638705090860995 
80 1 0.15053574727731914 0.8250411309454084 
81 -1 0.3882399922552298 0.6282051965623505 
82 -1 0.8629172408522585 0.8538361507222195 
83 1 0.11858014384146623 0.25549994007333315 
84 -1 1.1965282606143632 0.11047712104358931 
85 1 0.08730362361424791 0.7544312747925604 
86 1 0.45277543594090414 0.34799518073007957 
87 1 0.16852131215052504 0.6340719254114088 
88 1 0.18030622984260508 0.6097500146363869 
89 1 0.10180029849917704 0.35534598322842753 
90 -1 1.1320552490753737 0.007841300784547717 
91 1 0.044634964130918345 0.5496462001072557 
92 -1 1.3349985914956968 1.1000112400600752 
93 -1 0.7779252716389634 0.855724142748314 
94 -1 1.2778662276640071 0.38952166833352847 
95 1 0.055827137885203396 0.5865829363295543 
96 1 0.9018041716227262 0.08364336600588158 
97 -1 0.979204565867059 0.15138633025825438 
98 1 0.11415064858388753 0.35919867657133486 
99 1 0.006626019290630433 0.8274128908910554 
100 1 0.14710366671198896 0.7720765536140995 
101 1 0.15056483955908298 0.36144043850325686 
102 1 0.5071686235462055 0.2571952676212773 
103 -1 1.091919175381188 0.8816255557865107 
104 1 0.41048207713242507 0.13536671249091017 
105 -1 0.7857414738221355 1.3212180559313813 
106 -1 0.6473960301939851 0.9381769242808491 
107 1 0.42652042774433513 0.25024787018290884 
108 -1 0.9476114298697972 1.0387268769038183 
109 -1 0.8922140222298336 0.8799948001430226 
110 -1 1.2422103931194282 0.1134484278384177 
111 1 0.5285320517788643 0.8817583799883816 
112 1 0.2609652821014302 0.8675969370822728 
113 -1 1.0557137041540272 0.29802355126643565 
114 1 0.4000636548313782 0.20286827941819183 
115 -1 0.3973816655044382 0.7134595073833462 
116 -1 0.9524570386310537 0.9841577821841783 
117 -1 1.2392225184793473 0.3959954966509707 
118 1 0.20680664580365238 0.5189196257725603 
119 1 0.23346475619852275 0.39099609206085684 
