id label data 
0 1 0.29170106071072294 0.29872478920262946 
1 -1 0.5487505303865082 1.0098135723600559 
2 1 0.45277543594090414 0.34799518073007957 
3 -1 0.9524570386310537 0.9841577821841783 
4 1 0.26742804122427183 0.23727885071754976 
5 -1 1.08577067433351 0.04761734444560737 
6 1 0.11415064858388753 0.35919867657133486 
7 1 0.4345021119485699 0.3288618873344163 
8 -1 1.2871320703424556 0.1746390043905322 
9 -1 0.7110858096952656 0.8739943240254582 
10 1 0.19343433768552523 0.4952722758504485 
11 1 0.1287980193545381 0.7143640665784075 
12 1 0.24289963699533387 0.8838842104934704 
13 1 0.10618516046574872 0.691306791782101 
14 -1 0.3882399922552298 0.6282051965623505 
15 -1 1.1274428964354408 0.9656655954742778 
16 -1 0.8802078865619626 0.826648953279749 
17 -1 0.7984822926980067 0.5691288418421756 
18 -1 0.8195798379595717 0.9397856550180183 
19 1 0.003736042462249842 0.5250869989051297 
20 -1 1.1240961148004778 0.051077321061215764 
21 1 0.3199492544772873 0.22357821092702163 
22 -1 0.931000201840789 0.40966080052085335 
23 -1 1.1279592481733132 1.3798168131430253 
24 -1 0.7792130674512809 0.10683949851689285 
25 1 0.2001207531799952 0.8632219349204185 
26 -1 1.3353247578369938 0.7443599472850284 
27 1 0.2039845434380789 0.6485403831019927 
28 -1 1.1749277769560795 0.46323379327373704 
29 -1 0.734339893678516 0.921291544206831 
30 -1 1.2392225184793473 0.3959954966509707 
31 1 0.14594191586436062 0.31643582795830044 
32 1 0.22250666821636744 0.5770119244522728 
33 -1 1.3841747529966226 0.9990713659778501 
34 1 0.055827137885203396 0.5865829363295543 
35 1 0.11858014384146623 0.25549994007333315 
36 -1 1.0196259677004529 0.5315266173751778 
37 1 0.5458235398287024 0.41002575161533145 
38 -1 0.7990148824414607 0.6323505163005212 
39 -1 1.1039011900303937 0.5897403857254893 
40 1 0.20340852295858197 0.4151021096626679 
41 1 0.14990458301127055 0.5873489368431816 
42 1 0.11212307946673604 0.6973308804561552 
43 -1 0.7674734916190135 0.39768328506840583 
44 -1 1.2636261014566257 1.0697947200367297 
45 1 0.06748629642516328 0.46010873116139434 
46 1 0.054165395073274045 0.664374909590176 
47 1 0.1398940579801116 0.3186565235655808 
48 -1 0.9394551434348474 0.9933377024556437 
49 -1 0.979204565867059 0.15138633025825438 
50 -1 0.9189474971676571 0.3145098201873915 
51 1 0.25607938055467655 0.4214917358697789 
52 1 0.30529880933292114 0.582509326997522 
53 1 0.13635933212544582 0.9556496392469414 
54 -1 0.9557157259854815 0.1357588463913566 
55 1 0.09412940729653879 0.6970839330382874 
56 1 0.21665115860939058 0.6788293859499737 
57 -1 1.2248333723728946 0.7250920445356436 
58 -1 0.5103664846482203 0.7867328329481224 
59 1 0.1842509955651352 0.3982361800357882 
60 -1 1.5153512122251485 0.3734092378560541 
61 -1 1.3186287886728751 0.45775148290422574 
62 -1 0.528654010028473 0.9200957307800517 
63 -1 0.9182310758565763 1.1568233249693352 
64 1 0.2522378030276445 0.6582295937105697 
65 -1 1.3789898004564234 0.7578751623143218 
66 1 0.09184729299499714 0.3694598672235679 
67 -1 0.7067916982567076 0.1499726186917504 
68 -1 0.7245949479582777 0.7961203186934692 
69 -1 1.1449814061488268 0.1257552922284011 
70 1 0.14710366671198896 0.7720765536140995 
71 -1 0.6218431917216003 0.7628951667554964 
72 1 0.1810215327508704 0.5614553985546114 
73 -1 1.1320552490753737 0.007841300784547717 
74 1 0.11425968957997719 0.8890050242657153 
75 1 0.05871507659013704 0.5749369165022608 
76 1 0.11537039046120957 0.5072639862560517 
77 -1 0.9672991068205934 1.131404578715221 
78 1 0.4000636548313782 0.20286827941819183 
79 -1 1.1498836679488251 0.2130790302536458 
80 -1 1.226457549657967 1.1411503199055908 
81 1 0.3846481139997032 0.775284607174906 
82 -1 1.1599983008114199 0.47959848718730613 
83 -1 1.2376612278604078 0.23834686554327375 
84 1 0.23346475619852275 0.39099609206085684 
85 -1 1.2778662276640071 0.38952166833352847 
86 1 0.044634964130918345 0.5496462001072557 
87 1 0.04096534433386852 0.3630773164084078 
88 1 0.2176206818126687 0.22709859531568372 
89 1 0.19613314198193077 0.8209810206678374 
90 1 0.145733413391056 0.7079198964786519 
91 1 0.33450265856620864 0.6542254346275206 
92 1 0.09666724704943415 0.599818449115207 
93 -1 0.9875271436341542 1.2956105764745938 
94 -1 1.0021982790547024 0.4015413528049374 
95 -1 1.0292943352925419 0.9749069257549136 
96 -1 1.1606413625734375 0.9618330019943676 
97 -1 1.187182871859831 0.24668363104313978 
98 -1 1.0474845099557764 0.6037403345562665 
99 1 0.09820934622496422 0.7019736918243344 
100 1 0.15956130265933385 0.8997901563322851 
101 -1 1.3693414976943126 0.6759411969786293 
102 -1 1.2130689771216472 0.760120210820724 
103 1 0.3615696885809517 0.23701945250631917 
104 -1 0.9943220077205475 0.9780779280248629 
105 1 0.015994537514246565 0.8146065937631021 
106 1 0.18030622984260508 0.6097500146363869 
107 1 0.1929163756572219 0.38833625300863583 
108 -1 1.091919175381188 0.8816255557865107 
109 1 0.2609652821014302 0.8675969370822728 
110 1 0.5149242075100848 1.0145097593999137 
111 1 0.42294139727539654 0.8880919482172875 
112 -1 0.6453983662739644 0.18697712740271913 
113 1 0.13985876170139128 0.41596809641699645 
114 1 0.46626712773353507 0.36801448087290356 
115 -1 0.9476114298697972 1.0387268769038183 
116 1 0.15149611579420108 0.3605252547739756 
117 1 0.22702304243961788 0.47769438637977435 
118 -1 1.1755437921385503 0.04473720587254479 
119 -1 0.622145016168142 0.29754874877930293 
120 -1 1.2279245166686092 0.570580981782879 
121 -1 0.9018658439867353 0.7616194046388332 
122 1 0.14281402540006943 0.27447687983063535 
123 -1 1.1043479469461224 1.218496163092012 
124 1 0.1597710655025326 0.692487169744345 
125 -1 1.156710003198079 1.0036424795830419 
126 -1 1.3178220829517342 0.6183221258884385 
127 -1 1.0099830555090992 0.673423740216877 
128 -1 1.1747914153024244 0.02638705090860995 
129 1 0.1802642904552017 0.29842655160593173 
130 1 0.10010231535360727 0.6166474375151986 
131 -1 1.452856682187907 0.5317272220754172 
132 -1 0.3708987440589156 0.5625991315851766 
133 1 0.3708850314792849 1.2182227230648182 
134 -1 0.2786329493957516 0.8565477567942018 
135 -1 1.1965282606143632 0.11047712104358931 
136 1 0.2207608891004687 0.4843919579846789 
137 1 0.01282351716023628 0.6854130863715657 
138 -1 1.38626995723044 0.3763964759828487 
139 -1 1.0696910090812264 1.2583007957346097 
140 1 0.0997435534740412 0.7285197852329943 
141 -1 1.135983709011779 1.0176263902936478 
142 -1 1.152906002320789 0.8254497006896793 
143 -1 1.3459196942371563 0.5769517127675082 
144 1 0.328071128341334 0.9254624143782318 
145 -1 1.1802270684600373 0.4557344918618058 
146 -1 1.1458135314886342 0.3863363577297532 
147 1 0.22437800994506923 0.7900608390839892 
148 1 0.046205265997112 0.6564318396946509 
149 1 0.4055321383261505 0.38814562185650286 
150 -1 0.9196430618465298 0.828330682416958 
151 -1 0.6153573922373758 0.80355599106237 
152 1 0.10103520410462265 0.6854583241191688 
153 -1 1.2548125309859093 0.2378384302803937 
154 -1 0.7723954866227816 1.1844474256382753 
155 -1 1.3349985914956968 1.1000112400600752 
156 1 0.15053574727731914 0.8250411309454084 
157 1 0.008238680492229143 0.5927376632503085 
158 -1 1.114311289593126 0.35031802817512825 
159 1 0.17071761273325148 0.6694810291505542 
160 1 0.1502082172553732 0.6275505916973357 
161 -1 1.1444340343409387 0.25216956744288815 
162 1 0.14184696075255776 0.626429113382057 
163 1 0.24819055741341972 0.7287129788297692 
164 1 0.22500670178092194 0.7998039856858496 
165 -1 0.6470878432641499 0.7577892258679855 
166 -1 1.5707963267948966 0.2958530039760289 
167 -1 0.3973816655044382 0.7134595073833462 
168 -1 1.093907799505924 0.22234340301596267 
169 1 0.45096749869493136 0.20485860817085336 
170 -1 1.2422103931194282 0.1134484278384177 
171 1 0.014727647834271487 0.6775960237314997 
172 -1 1.0637040747177335 0.5604313047356164 
173 1 0.26504046430058487 0.5588697382616158 
174 -1 0.6383388801719405 0.913246367057651 
175 -1 0.7857414738221355 1.3212180559313813 
176 1 0.1451603886802491 0.472243081092628 
177 -1 0.9257699663352615 0.5901404866593734 
178 -1 0.9404672848613405 0.22902956258708734 
179 -1 0.8717917054898214 0.962093913590496 
