15	83	11.9945
9	75	11.9907
67	95	11.9813
7	21	11.9771
49	85	11.9746
15	39	11.9718
29	61	11.9718
23	69	11.9676
39	65	11.9651
59	97	11.9621
29	67	11.9604
5	35	11.9603
39	83	11.9563
83	93	11.9559
15	93	11.955
21	45	11.954
1	87	11.9514
33	95	11.9414
19	73	11.9336
19	77	11.9304
3	51	-11.9199
29	95	11.9115
33	67	11.8965
15	65	11.8919
7	45	11.888
31	47	11.8873
3	5	-11.8844
61	67	11.878
57	61	11.8769
35	89	11.8697
3	35	-11.8614
7	99	11.8598
39	93	11.8587
65	83	11.8519
25	61	11.8516
17	37	11.8496
29	57	11.8185
37	51	11.8103
49	81	11.8061
47	49	11.8022
41	73	11.7974
21	99	11.7969
69	83	11.7936
5	89	11.7899
61	95	11.7889
27	71	11.7856
45	99	11.778
69	93	11.7553
25	57	11.7438
65	93	11.7375
29	33	11.737
73	77	11.7339
17	73	11.7331
5	51	11.7267
15	69	11.7242
7	87	11.7199
9	77	11.7197
17	41	11.7187
31	55	11.7079
25	29	11.7035
63	79	-11.6951
81	85	11.6851
23	93	11.6763
47	85	11.6742
23	83	11.6602
47	81	11.656
19	41	11.6461
23	55	11.6397
9	11	11.6314
57	67	11.6267
75	77	11.6189
35	51	11.6159
39	69	11.6093
11	75	11.6055
21	87	11.5983
3	37	-11.5944
57	91	11.5919
15	23	11.5801
1	65	11.5785
47	55	11.5705
9	19	11.5659
33	61	11.5658
57	95	11.5518
17	51	11.5416
5	37	11.5394
25	67	11.5202
3	89	-11.487
31	49	11.4718
19	75	11.4666
1	7	11.4604
55	69	11.4497
43	91	11.4395
17	19	11.4248
87	99	11.4224
5	91	11.4197
23	39	11.4165
55	85	11.4067
49	55	11.4006
41	77	11.3783
1	39	11.3731
3	45	11.3701
65	69	11.3646
25	95	11.3479
31	85	11.3309
23	79	11.3303
1	21	11.3161
9	73	11.3147
45	87	11.3097
9	41	11.2984
35	37	11.2908
65	87	11.2894
11	77	11.2891
1	15	11.2822
89	91	11.279
41	75	11.2755
11	71	11.2736
37	73	11.2699
37	91	11.2576
79	93	11.2516
37	41	11.2457
11	27	11.232
45	51	-11.2316
73	75	11.2215
31	81	11.2104
33	57	11.2102
35	91	11.2002
1	13	-11.1798
1	93	11.1667
1	83	11.1662
3	17	-11.1575
23	65	11.1384
27	77	11.137
51	89	11.1343
69	79	11.1324
13	93	-11.1064
55	79	11.1049
1	99	11.0933
61	91	11.0871
25	91	11.0791
3	21	11.0689
25	33	11.0681
43	57	11.0631
35	45	-11.0516
13	87	-11.0463
39	87	11.0315
51	73	11.0242
17	77	11.02
5	17	10.9798
13	27	10.9763
21	51	-10.975
37	43	10.9725
1	45	10.9685
3	91	-10.9633
29	91	10.9569
13	79	-10.9561
79	83	10.9505
15	87	10.9202
15	79	10.913
13	15	-10.9066
11	19	10.9043
51	91	10.9013
5	45	-10.8957
37	89	10.8662
19	37	10.8572
55	63	-10.8435
63	71	10.8388
31	97	10.8378
3	7	10.8336
23	31	10.8308
13	83	-10.8248
47	97	10.8116
23	85	10.806
55	93	10.7986
87	93	10.7966
83	87	10.7885
17	43	10.7873
55	81	10.7832
13	65	-10.7766
13	39	-10.7591
55	83	10.7469
3	99	10.7432
9	27	10.7368
19	27	10.7355
7	51	-10.7206
17	91	10.7199
41	51	10.7128
69	85	10.7003
17	35	10.6882
27	79	-10.6873
31	63	-10.6747
21	35	-10.6736
23	49	10.667
57	89	10.6652
19	51	10.6543
23	47	10.6475
27	63	10.6398
13	21	-10.6378
25	89	10.6377
67	91	10.6251
15	55	10.6223
39	79	10.6207
7	13	-10.6148
23	63	-10.613
29	43	10.6013
53	59	10.5928
27	75	10.5923
41	43	10.5835
9	17	10.5766
31	69	10.5607
43	61	10.5601
91	95	10.5561
35	99	-10.552
81	97	10.5449
71	77	10.5439
3	73	-10.5391
49	69	10.5269
5	21	-10.5189
47	59	10.5184
45	89	-10.512
31	79	10.5062
17	75	10.5061
37	45	-10.5045
71	79	-10.5007
31	59	10.5007
51	99	-10.489
11	73	10.4864
43	95	10.4651
5	57	10.459
7	35	-10.4523
13	77	10.4422
47	69	10.4199
5	43	10.4193
53	97	10.4084
39	55	10.4023
43	67	10.4004
9	71	10.3985
37	77	10.3914
65	79	10.3826
59	81	10.3578
1	69	10.3511
13	45	-10.3446
7	65	10.3428
13	19	10.336
63	69	-10.321
63	93	-10.3169
5	99	-10.3079
71	75	10.2867
27	73	10.2838
13	69	-10.2813
35	57	10.2798
5	7	-10.2769
53	81	10.2739
43	51	10.2656
13	23	-10.2581
11	41	10.2528
13	71	10.2496
21	37	-10.2368
51	77	10.2364
3	41	-10.2202
17	45	-10.2118
5	73	10.2085
61	89	10.2022
25	43	10.1952
17	89	10.1944
13	63	10.1794
49	97	10.1772
3	19	-10.1672
5	25	10.1412
1	23	10.141
21	65	10.1346
13	73	10.1282
89	99	-10.1181
3	43	-10.0977
21	89	-10.0965
47	63	-10.0913
35	43	10.0912
33	91	10.0901
37	57	10.0897
33	43	10.0829
41	91	10.0692
25	35	10.0664
19	71	10.0615
55	65	10.0604
5	41	10.0569
17	21	-10.0347
7	39	10.0318
47	79	10.0072
43	89	9.99922
63	83	-9.99687
7	37	-9.97851
65	99	9.97298
13	99	-9.96898
35	73	9.96397
1	79	9.9606
15	63	-9.95136
43	73	9.94772
29	89	9.94256
49	59	9.93593
45	73	-9.93577
69	87	9.92724
7	15	9.92006
9	37	9.91571
85	97	9.91049
3	87	9.89912
51	87	-9.89411
7	89	-9.89397
21	73	-9.87099
83	85	9.85859
55	97	9.85836
5	61	9.85555
37	75	9.85144
23	81	9.83767
21	39	9.8354
3	57	-9.82611
7	93	9.82506
31	93	9.81743
5	19	9.81369
7	17	-9.7936
29	55	-9.79059
3	77	-9.78263
55	67	-9.78142
55	61	-9.77754
7	83	9.77748
73	91	9.76291
31	83	9.75831
37	99	-9.75593
35	41	9.7477
85	93	9.74709
15	21	9.74366
55	95	-9.73527
33	79	-9.73493
23	87	9.72349
45	65	9.71921
15	85	9.71709
79	85	9.71697
47	57	-9.71648
35	61	9.7161
25	85	-9.71551
19	45	-9.71226
31	57	-9.71112
27	93	-9.70965
19	21	-9.68808
59	85	9.68336
69	81	9.68293
51	57	9.6824
21	93	9.67588
49	79	9.67427
29	31	-9.67108
39	63	-9.66895
33	55	-9.66868
49	83	9.66765
25	49	-9.6663
55	57	-9.65933
13	51	9.65586
33	63	9.65381
79	87	9.64991
7	73	-9.64967
39	99	9.64198
5	29	9.64034
31	61	-9.63831
15	31	9.63584
11	17	9.63438
23	67	-9.63179
43	97	-9.62822
31	67	-9.62671
31	95	-9.62647
47	61	-9.6216
27	41	9.61942
25	55	-9.61441
19	35	9.61294
49	57	-9.61243
47	91	-9.6091
21	83	9.60319
39	85	9.60203
9	13	9.59721
29	47	-9.59543
71	73	9.59065
23	33	-9.59007
49	63	-9.58534
49	93	9.58192
9	51	9.58147
67	89	9.58106
49	61	-9.57439
61	85	-9.57273
57	85	-9.5709
79	95	-9.57043
23	29	-9.57015
47	83	9.5666
81	91	-9.56377
1	51	-9.56288
47	93	9.56231
23	95	-9.55887
23	61	-9.55554
43	59	-9.55344
11	13	9.54875
63	85	-9.54684
17	57	9.5442
55	59	9.53174
63	95	9.53021
15	49	9.5293
1	3	9.52753
67	69	-9.51681
31	33	-9.51514
67	79	-9.51223
47	53	9.51217
13	17	9.51031
25	47	-9.50814
47	67	-9.50643
19	43	9.50557
81	89	-9.50492
25	37	9.49852
31	91	-9.49671
15	99	9.49531
29	35	9.48962
51	75	9.48655
3	25	-9.48462
49	91	-9.48336
7	19	-9.48261
45	91	-9.48257
73	89	9.48248
5	81	-9.47745
29	49	-9.47097
33	69	-9.46409
63	65	-9.46384
47	95	-9.46155
61	69	-9.45965
57	81	-9.45843
29	69	-9.45737
23	25	-9.45669
17	99	-9.4548
29	85	-9.45372
49	53	9.45265
21	77	-9.45258
45	77	-9.45176
13	75	9.45157
89	95	9.44984
17	59	-9.44655
5	77	9.44416
51	53	-9.44346
35	87	-9.44049
31	39	9.43949
15	47	9.43671
39	45	9.42869
69	95	-9.42761
37	61	9.42713
35	81	-9.42447
25	81	-9.41699
25	69	-9.41487
15	27	-9.41434
3	13	-9.41213
63	67	9.41138
41	45	-9.40641
39	49	9.40366
25	31	-9.39847
27	83	-9.39625
37	59	-9.39323
73	87	-9.39189
23	27	-9.39178
85	91	-9.38134
13	55	-9.374
41	89	9.37039
41	59	-9.36936
93	99	9.36465
83	99	9.36378
37	97	-9.36027
17	97	-9.3516
13	41	9.34548
17	27	9.34535
49	67	-9.34442
15	45	9.3434
49	89	-9.34156
61	81	-9.34076
37	53	-9.33967
19	87	-9.33304
29	79	-9.33167
21	41	-9.32915
33	93	-9.32903
33	47	-9.32578
67	85	-9.32506
19	91	9.32455
3	53	9.31983
33	53	-9.31949
31	43	-9.31577
1	27	-9.31463
85	89	-9.31371
5	87	-9.30467
91	97	-9.30258
35	77	9.29954
29	37	9.29741
1	73	-9.29671
27	69	-9.29599
65	85	9.29098
1	19	-9.29049
17	87	-9.29001
45	93	9.28653
5	67	9.28348
11	63	9.28162
11	89	9.27384
39	47	9.2727
7	77	-9.26668
37	87	-9.26571
29	63	9.2523
25	51	9.25184
29	81	-9.2453
63	97	-9.2445
23	57	-9.24418
53	85	9.24067
49	95	-9.23712
17	53	-9.23588
67	93	-9.2357
41	97	-9.23479
71	93	-9.23424
21	27	-9.23225
27	87	-9.23043
3	81	9.23012
3	61	-9.22869
33	83	-9.22118
27	39	-9.21502
45	83	9.21247
13	37	9.21211
3	9	-9.21022
11	79	-9.20736
1	77	-9.20499
85	95	-9.20254
1	63	-9.20183
19	89	9.20104
77	87	-9.20031
59	91	-9.19346
5	95	9.19058
43	47	-9.19034
61	79	-9.18543
93	95	-9.18482
67	83	-9.17947
5	53	-9.17843
15	33	-9.17644
53	95	-9.17557
73	99	-9.17324
23	71	-9.16989
5	49	-9.16755
53	67	-9.16644
11	37	9.16295
7	41	-9.16203
55	91	-9.1538
77	79	-9.15302
31	65	9.15218
27	45	-9.14906
35	67	9.14516
59	73	-9.14512
7	27	-9.14249
21	91	-9.13505
43	75	9.13435
3	75	-9.12993
63	81	-9.12958
31	53	9.12612
41	57	9.12456
57	69	-9.12362
35	49	-9.1224
67	81	-9.12234
27	65	-9.12067
15	67	-9.1182
37	81	-9.10862
83	95	-9.10748
49	65	9.10316
11	51	9.10316
51	81	-9.10254
9	43	9.09763
1	17	-9.09626
29	93	-9.09571
5	9	9.09542
47	89	-9.09301
33	49	-9.08855
43	77	9.08172
61	63	9.08007
5	47	-9.07914
55	71	-9.07685
1	55	9.07617
5	85	-9.07322
11	25	9.07207
51	61	9.07187
53	73	-9.07158
1	35	-9.07144
29	53	-9.07005
35	53	-9.06932
33	89	9.06796
45	53	9.06657
29	83	-9.06568
27	51	9.05666
33	85	-9.05462
41	71	9.05366
5	75	9.05175
15	95	-9.0512
35	95	9.04883
35	85	-9.04851
11	35	9.04654
3	29	-9.04542
61	93	-9.04542
61	83	-9.04221
33	39	-9.03694
91	99	-9.03502
81	95	-9.03417
27	55	-9.03328
79	81	9.03246
69	71	-9.03068
53	91	-9.02667
63	87	-9.01735
21	53	9.01446
53	61	-9.01097
51	59	-9.01015
57	97	-9.00726
17	25	9.00334
1	37	-9.00244
15	29	-8.99684
77	89	8.99452
37	67	8.99416
39	67	-8.99349
41	87	-8.9895
7	79	8.98879
19	99	-8.98834
25	83	-8.98813
77	93	-8.98653
47	65	8.98524
5	11	8.98408
3	11	-8.98337
73	97	-8.9817
9	35	8.97697
7	69	8.97696
51	97	-8.9722
15	61	-8.96839
35	47	-8.96324
1	5	-8.95971
37	95	8.95914
43	45	-8.95632
71	83	-8.95525
9	89	8.95405
17	61	8.95275
15	71	-8.95031
75	89	8.9494
45	71	-8.94738
53	57	-8.94587
7	91	-8.94177
77	91	8.94169
21	71	-8.93972
59	63	-8.93765
65	77	-8.9376
75	91	8.93739
19	59	-8.93446
57	63	8.93353
35	75	8.9333
25	93	-8.93073
25	75	8.93032
19	53	-8.93
23	97	8.92735
87	89	-8.92621
39	75	-8.92376
39	95	-8.92215
1	41	-8.92076
15	77	-8.92067
21	79	8.92005
29	51	8.91799
65	75	-8.91482
9	91	8.91411
71	99	-8.91257
33	81	-8.90973
15	25	-8.90967
57	79	-8.90717
39	77	-8.90686
19	65	-8.90638
95	97	-8.9063
81	83	8.90481
37	47	-8.90026
63	77	8.89318
7	71	-8.88758
9	39	-8.88717
33	65	-8.88689
7	53	8.88583
29	39	-8.88276
27	37	8.88113
9	65	-8.87973
77	83	-8.87876
19	79	-8.87262
71	89	8.87148
5	97	-8.87074
57	59	-8.8668
39	61	-8.8648
33	97	-8.85926
43	81	-8.85889
43	55	-8.85706
17	29	8.85653
13	35	8.85635
27	99	-8.85432
25	79	-8.85328
3	27	-8.85328
19	93	-8.85008
75	83	-8.8495
15	75	-8.84758
29	97	-8.84567
5	13	8.84328
41	99	-8.84091
81	93	8.83939
43	99	-8.83934
21	69	8.83879
25	39	-8.83861
3	49	8.83629
19	39	-8.83331
25	53	-8.83179
5	59	-8.82941
7	23	8.82908
67	97	-8.82897
11	85	-8.82834
9	15	-8.82773
9	83	-8.82469
9	25	8.82274
65	67	-8.82187
15	19	-8.81708
65	73	-8.81259
13	33	8.81237
1	71	-8.81162
53	89	-8.81117
43	49	-8.8098
3	59	8.80425
5	33	8.80412
31	71	-8.80285
5	31	-8.80134
3	97	8.80103
59	95	-8.80066
31	89	-8.79849
77	99	-8.79799
11	69	-8.79601
15	81	8.79441
71	87	-8.79265
69	97	8.7882
33	71	8.78412
33	59	-8.78125
25	41	8.77884
9	93	-8.77492
17	71	8.77402
41	53	-8.77134
3	47	8.77053
61	97	-8.76986
75	93	-8.76807
21	43	-8.76629
37	49	-8.76475
19	83	-8.764
65	95	-8.76264
39	71	-8.76181
11	93	-8.75823
19	97	-8.75798
9	79	-8.75379
53	77	-8.75342
79	97	8.75257
13	53	-8.75063
55	87	8.75035
11	23	-8.74947
3	67	-8.74525
69	75	-8.74422
17	81	-8.74294
57	73	8.74036
35	71	8.73933
31	37	-8.73402
3	85	8.73353
11	83	-8.72631
9	45	-8.72257
29	59	-8.72161
59	67	-8.71934
41	65	-8.7177
43	53	-8.71108
27	33	8.71001
21	23	8.70958
47	51	-8.70943
39	73	-8.70656
29	65	-8.70648
23	59	8.70605
59	77	-8.70595
25	63	8.70585
11	15	-8.70428
9	69	-8.70421
1	9	-8.70404
9	21	-8.70275
39	81	8.70007
79	99	8.69602
51	71	8.69559
3	71	-8.69489
43	85	-8.69483
49	51	-8.69408
33	35	8.69389
41	61	8.69378
7	43	-8.68889
71	85	-8.68512
61	65	-8.68233
3	95	-8.6795
63	99	-8.67753
31	35	-8.67356
35	97	-8.67284
75	79	-8.67272
11	39	-8.67237
73	93	-8.67155
13	31	-8.67012
57	93	-8.66864
57	83	-8.66806
1	75	-8.66671
15	73	-8.66608
45	79	8.66536
7	63	-8.65673
65	71	-8.65658
69	99	8.65586
25	65	-8.6553
11	49	-8.65064
43	63	8.64983
59	61	-8.64361
51	67	8.64036
11	45	-8.63976
37	85	-8.63769
53	87	8.63768
9	87	-8.63381
35	59	-8.6297
45	75	-8.62653
55	89	-8.62413
11	91	8.62144
27	35	8.62124
9	59	-8.61801
27	31	-8.61761
53	99	8.61569
29	41	8.61542
17	67	8.61536
9	63	8.61379
1	89	-8.61306
59	69	8.61123
21	75	-8.6085
59	75	-8.60781
73	83	-8.60751
33	37	8.60743
39	41	-8.60506
11	61	8.60301
23	75	-8.60297
71	95	8.60254
69	77	-8.60105
73	79	-8.60001
17	95	8.59962
15	57	-8.59691
49	71	-8.59426
51	95	8.59101
19	63	8.59026
17	47	-8.59016
75	87	-8.58484
11	65	-8.58444
23	91	-8.58196
21	63	-8.58142
51	85	-8.57899
7	9	-8.57825
9	23	-8.57694
5	71	8.57594
57	75	8.57174
13	95	8.56423
51	65	-8.56088
5	27	8.56079
45	57	-8.55856
11	21	-8.55773
75	85	-8.55763
27	89	8.54933
45	69	8.5447
67	71	8.53934
61	75	8.53758
13	67	8.53725
47	71	-8.53703
63	75	8.53569
23	77	-8.53349
1	53	8.53321
77	97	-8.53274
45	81	8.53079
23	99	8.52586
11	57	8.52362
89	97	-8.51803
3	31	8.51048
39	57	-8.50881
11	55	-8.50812
59	79	8.5029
9	57	8.502
9	85	-8.50164
17	65	-8.49874
7	75	-8.49825
25	97	-8.49778
3	65	8.49647
53	55	8.49539
25	71	8.49185
15	41	-8.48909
65	81	8.4851
1	33	-8.48493
31	51	-8.48426
27	95	8.48352
5	55	-8.48075
17	31	-8.48033
37	71	8.47957
69	91	-8.47566
25	73	8.47348
11	29	8.46386
9	97	-8.462
27	85	-8.46032
19	57	8.45929
75	97	-8.45738
11	81	-8.45536
41	83	-8.45263
9	61	8.45103
59	89	-8.44781
7	11	-8.44441
23	45	8.44302
17	49	-8.4425
45	63	-8.44139
19	69	-8.44112
41	67	8.43314
29	71	8.43245
63	91	8.42934
27	67	8.42285
83	97	8.42179
13	89	8.42161
1	31	8.42073
41	95	8.41501
11	67	8.41225
1	11	-8.40837
13	47	-8.40769
35	55	-8.40745
49	75	-8.40264
29	75	8.39978
39	51	-8.39853
39	97	8.39772
61	71	8.39636
25	45	-8.39622
41	93	-8.39278
13	85	-8.39158
25	59	-8.38803
71	81	-8.38761
3	33	-8.38329
51	93	-8.38296
1	85	8.38235
43	87	-8.37939
15	97	8.37727
23	43	-8.37557
15	51	-8.37235
65	97	8.37168
11	33	8.37145
17	39	-8.36859
27	49	-8.36616
11	99	-8.36568
19	23	-8.36551
57	99	-8.36209
13	29	8.36172
93	97	8.36066
41	81	-8.35947
11	87	-8.3575
57	65	-8.35691
59	65	8.35681
9	49	-8.35644
43	79	-8.35413
21	81	8.35396
39	59	8.35369
61	73	8.35315
11	43	8.35184
27	47	-8.35094
19	25	8.35012
17	85	-8.34862
63	73	8.33943
27	53	-8.33788
73	81	-8.33672
3	39	8.33648
59	83	8.33482
11	95	8.33334
1	67	-8.33136
17	33	8.32991
33	87	-8.32481
45	59	8.32417
9	29	8.32389
21	57	-8.32356
1	95	-8.32331
13	49	-8.32285
25	77	8.31856
33	51	8.31515
87	91	-8.31339
79	91	-8.31055
41	47	-8.31016
3	93	8.30935
3	15	8.30893
15	17	-8.30849
9	53	-8.30841
67	75	8.30458
37	65	-8.30318
15	59	8.30229
51	83	-8.30208
37	55	-8.30042
43	69	-8.30011
9	99	-8.29745
81	99	8.29721
45	97	8.29357
1	49	8.28895
17	93	-8.28645
97	99	8.2846
59	99	8.28348
27	29	8.28316
69	73	-8.27991
29	73	8.2781
21	59	8.27592
13	61	8.27511
57	77	8.26919
1	43	-8.26877
57	71	8.26812
31	41	-8.26598
7	81	8.26402
1	47	8.26335
23	89	-8.26048
17	83	-8.25754
11	47	-8.25711
75	81	-8.25336
7	59	8.25285
59	93	8.25129
53	75	-8.24792
55	75	-8.24667
25	27	8.24655
3	83	8.24491
75	99	-8.24374
9	67	8.23784
21	97	8.23635
31	87	8.2351
43	65	-8.23292
41	49	-8.23231
9	81	-8.23008
45	61	-8.2284
35	65	-8.22741
7	57	-8.227
27	61	8.22441
69	89	-8.22423
9	55	-8.22375
41	85	-8.22279
7	97	8.22004
41	69	-8.21978
3	55	8.21801
25	99	-8.21581
75	95	8.21386
1	29	-8.21316
45	49	8.21263
59	87	8.21173
33	41	8.20872
23	73	-8.20838
11	31	-8.2027
19	81	-8.20102
41	79	-8.19894
85	87	8.19871
21	25	-8.19828
7	55	8.19747
19	61	8.19144
1	59	8.19115
39	43	-8.18734
37	39	-8.18561
87	95	-8.18509
47	73	-8.18409
67	87	-8.1811
17	79	-8.17949
87	97	8.17727
5	65	-8.17705
51	79	-8.17609
77	85	-8.17558
63	89	8.17554
11	59	-8.1737
33	75	8.17241
1	61	-8.17178
51	55	-8.16869
45	85	8.16791
1	97	8.16415
9	95	8.1599
13	91	8.15254
1	91	-8.15077
55	77	-8.15005
29	45	-8.14941
15	37	-8.14893
43	83	-8.14865
37	93	-8.1453
67	73	8.14357
49	73	-8.1434
21	55	8.14337
27	81	-8.14335
71	91	8.14095
13	25	8.13855
11	53	-8.13777
49	87	8.13721
15	43	-8.13463
83	91	-8.1344
9	33	8.13349
73	95	8.13052
45	47	8.12959
91	93	-8.12857
73	85	-8.12773
1	25	-8.12758
35	39	-8.12574
53	65	8.12569
19	29	8.12515
77	81	-8.125
61	99	-8.12412
7	25	-8.12386
23	41	-8.12144
31	73	-8.11999
61	77	8.11951
33	99	-8.11927
71	97	-8.11884
5	23	-8.11832
19	85	-8.11798
47	87	8.11519
47	75	-8.11471
17	55	-8.11455
53	93	8.1138
15	35	-8.11035
95	99	-8.10964
37	83	-8.10781
35	93	-8.1068
53	71	-8.10559
21	49	8.10541
49	77	-8.10502
29	99	-8.10274
43	93	-8.10222
3	79	8.09842
23	35	-8.09793
15	91	-8.09656
9	47	-8.09088
29	87	-8.09003
19	49	-8.08998
5	39	-8.08952
41	63	8.08944
23	53	8.0889
15	53	8.08831
21	61	-8.08694
49	99	8.08606
13	57	8.08545
5	93	-8.08519
11	97	-8.08436
55	99	8.08421
27	57	8.08306
5	69	-8.08202
35	63	8.08136
27	91	8.08093
5	15	-8.08048
21	85	8.08047
39	53	8.0799
35	83	-8.07959
13	43	8.07922
27	59	-8.07673
53	79	8.07526
35	69	-8.07382
37	79	-8.07322
85	99	8.0717
67	99	-8.07088
7	49	8.06725
53	83	8.06568
39	91	-8.06536
19	47	-8.06458
59	71	-8.06436
13	81	-8.06307
27	97	-8.06188
65	89	-8.0617
7	33	-8.06152
1	81	8.06003
29	77	8.05942
61	87	-8.0593
7	85	8.05722
5	83	-8.05539
53	69	8.05445
27	43	8.05428
45	67	-8.05229
17	63	8.05123
45	55	8.04892
19	55	-8.04799
51	69	-8.04744
21	47	8.04716
81	87	8.04702
5	63	8.04687
83	89	-8.04569
45	95	-8.04508
33	77	8.04383
3	23	8.04341
3	69	8.04264
21	29	-8.04232
23	51	-8.04228
19	67	8.04195
53	63	-8.04154
7	61	-8.04051
15	89	-8.0403
17	69	-8.04002
41	55	-8.03993
25	87	-8.03903
31	75	-8.03773
89	93	-8.03771
39	89	-8.03703
3	63	-8.03501
31	99	8.03326
19	31	-8.02941
47	99	8.02844
19	95	8.02843
51	63	8.02787
21	33	-8.02772
79	89	-8.02762
33	73	8.02688
13	59	-8.02651
9	31	-8.02507
31	45	8.02307
67	77	8.02112
65	91	-8.02058
1	57	-8.01953
7	47	8.01646
23	37	-8.01601
7	29	-8.0154
7	95	-8.01492
37	63	8.01278
17	23	-8.0111
47	77	-8.01006
7	31	8.00874
33	45	-8.00666
77	95	8.00661
31	77	-8.00528
13	97	-8.00528
5	79	-8.005
21	95	-8.00471
35	79	-8.00465
43	71	8.00376
7	67	-8.00371
21	67	-8.0027
55	73	-8.00205
57	87	-8.00138
37	69	-8.00101
19	33	8.00097
21	31	8.00038
76	77	6
58	59	6
52	53	6
92	93	6
54	55	6
34	35	6
40	41	6
94	95	6
48	49	6
16	17	6
22	23	6
96	97	6
56	57	6
82	83	6
88	89	6
14	15	6
44	45	6
64	65	6
62	63	6
26	27	6
78	79	6
84	85	6
28	29	6
20	21	6
66	67	6
38	39	6
86	87	6
90	91	6
72	73	6
80	81	6
36	37	6
32	33	6
24	25	6
30	31	6
18	19	6
60	61	6
70	71	6
74	75	6
50	51	6
46	47	6
42	43	6
68	69	6
0	1	6
98	99	6
10	11	6
12	13	6
2	3	6
4	5	6
6	7	6
8	9	6
15	82	5.99724
14	83	5.99724
9	74	5.99534
8	75	5.99534
67	94	5.99064
66	95	5.99064
6	21	5.98857
7	20	5.98857
48	85	5.9873
49	84	5.9873
14	39	5.9859
15	38	5.9859
29	60	5.98588
28	61	5.98588
22	69	5.98381
23	68	5.98381
39	64	5.98255
38	65	5.98255
59	96	5.98105
58	97	5.98105
29	66	5.98022
28	67	5.98022
4	35	5.98015
5	34	5.98015
38	83	5.97817
39	82	5.97817
83	92	5.97794
82	93	5.97794
15	92	5.97751
14	93	5.97751
21	44	5.977
20	45	5.977
1	86	5.97569
0	87	5.97569
33	94	5.97071
32	95	5.97071
19	72	5.96681
18	73	5.96681
19	76	5.96522
18	77	5.96522
3	50	-5.95993
2	51	-5.95993
28	95	5.95577
29	94	5.95577
32	67	5.94823
33	66	5.94823
15	64	5.94593
14	65	5.94593
6	45	5.94402
7	44	5.94402
30	47	5.94364
31	46	5.94364
2	5	-5.94221
3	4	-5.94221
61	66	5.93898
60	67	5.93898
56	61	5.93846
57	60	5.93846
34	89	5.93486
35	88	5.93486
2	35	-5.93069
3	34	-5.93069
7	98	5.92989
6	99	5.92989
38	93	5.92937
39	92	5.92937
64	83	5.92594
65	82	5.92594
24	61	5.92579
25	60	5.92579
16	37	5.92481
17	36	5.92481
28	57	5.90927
29	56	5.90927
36	51	5.90516
37	50	5.90516
48	81	5.90304
49	80	5.90304
47	48	5.9011
46	49	5.9011
40	73	5.89869
41	72	5.89869
20	99	5.89844
21	98	5.89844
69	82	5.89681
68	83	5.89681
4	89	5.89495
5	88	5.89495
60	95	5.89447
61	94	5.89447
27	70	5.89282
26	71	5.89282
45	98	5.88902
44	99	5.88902
69	92	5.87767
68	93	5.87767
25	56	5.87192
24	57	5.87192
64	93	5.86875
65	92	5.86875
28	33	5.86849
29	32	5.86849
73	76	5.86695
72	77	5.86695
16	73	5.86655
17	72	5.86655
4	51	5.86335
5	50	5.86335
14	69	5.86212
15	68	5.86212
6	87	5.85995
7	86	5.85995
9	76	5.85986
8	77	5.85986
17	40	5.85934
16	41	5.85934
30	55	5.85397
31	54	5.85397
24	29	5.85176
25	28	5.85176
63	78	-5.84755
62	79	-5.84755
81	84	5.84257
80	85	5.84257
23	92	5.83813
22	93	5.83813
47	84	5.83712
46	85	5.83712
23	82	5.83009
22	83	5.83009
46	81	5.82798
47	80	5.82798
19	40	5.82306
18	41	5.82306
22	55	5.81986
23	54	5.81986
8	11	5.81572
9	10	5.81572
57	66	5.81334
56	67	5.81334
74	77	5.80944
75	76	5.80944
34	51	5.80796
35	50	5.80796
38	69	5.80465
39	68	5.80465
10	75	5.80277
11	74	5.80277
20	87	5.79914
21	86	5.79914
2	37	-5.79719
3	36	-5.79719
57	90	5.79594
56	91	5.79594
14	23	5.79005
15	22	5.79005
0	65	5.78927
1	64	5.78927
46	55	5.78524
47	54	5.78524
8	19	5.78297
9	18	5.78297
33	60	5.78292
32	61	5.78292
56	95	5.77592
57	94	5.77592
16	51	5.77081
17	50	5.77081
5	36	5.76969
4	37	5.76969
24	67	5.76011
25	66	5.76011
2	89	-5.74351
3	88	-5.74351
31	48	5.7359
30	49	5.7359
18	75	5.73331
19	74	5.73331
1	6	5.73021
0	7	5.73021
55	68	5.72484
54	69	5.72484
43	90	5.71977
42	91	5.71977
17	18	5.71241
16	19	5.71241
86	99	5.71119
87	98	5.71119
4	91	5.70984
5	90	5.70984
23	38	5.70827
22	39	5.70827
54	85	5.70336
55	84	5.70336
48	55	5.70032
49	54	5.70032
40	77	5.68913
41	76	5.68913
1	38	5.68654
0	39	5.68654
3	44	5.68507
2	45	5.68507
64	69	5.68232
65	68	5.68232
25	94	5.67396
24	95	5.67396
30	85	5.66544
31	84	5.66544
23	78	5.66516
22	79	5.66516
0	21	5.65807
1	20	5.65807
8	73	5.65735
9	72	5.65735
44	87	5.65486
45	86	5.65486
8	41	5.64922
9	40	5.64922
35	36	5.64542
34	37	5.64542
64	87	5.6447
65	86	5.6447
11	76	5.64456
10	77	5.64456
0	15	5.64109
1	14	5.64109
88	91	5.63949
89	90	5.63949
41	74	5.63773
40	75	5.63773
10	71	5.63682
11	70	5.63682
36	73	5.63496
37	72	5.63496
36	91	5.62879
37	90	5.62879
78	93	5.62578
79	92	5.62578
36	41	5.62285
37	40	5.62285
11	26	5.616
10	27	5.616
45	50	-5.61578
44	51	-5.61578
72	75	5.61074
73	74	5.61074
31	80	5.60521
30	81	5.60521
32	57	5.60509
33	56	5.60509
34	91	5.60012
35	90	5.60012
1	12	-5.5899
0	13	-5.5899
0	93	5.58334
1	92	5.58334
1	82	5.58309
0	83	5.58309
3	16	-5.57876
2	17	-5.57876
23	64	5.56921
22	65	5.56921
26	77	5.56848
27	76	5.56848
51	88	5.56717
50	89	5.56717
68	79	5.56619
69	78	5.56619
12	93	-5.55319
13	92	-5.55319
54	79	5.55245
55	78	5.55245
0	99	5.54666
1	98	5.54666
60	91	5.54355
61	90	5.54355
24	91	5.53954
25	90	5.53954
3	20	5.53443
2	21	5.53443
25	32	5.53407
24	33	5.53407
42	57	5.53156
43	56	5.53156
35	44	-5.52579
34	45	-5.52579
12	87	-5.52314
13	86	-5.52314
39	86	5.51575
38	87	5.51575
51	72	5.51209
50	73	5.51209
16	77	5.51002
17	76	5.51002
4	17	5.48992
5	16	5.48992
12	27	5.48813
13	26	5.48813
20	51	-5.48749
21	50	-5.48749
36	43	5.48626
37	42	5.48626
0	45	5.48424
1	44	5.48424
3	90	-5.48163
2	91	-5.48163
29	90	5.47847
28	91	5.47847
12	79	-5.47805
13	78	-5.47805
78	83	5.47525
79	82	5.47525
15	86	5.46009
14	87	5.46009
15	78	5.45649
14	79	5.45649
12	15	-5.45332
13	14	-5.45332
10	19	5.45214
11	18	5.45214
51	90	5.45065
50	91	5.45065
4	45	-5.44786
5	44	-5.44786
37	88	5.43309
36	89	5.43309
18	37	5.42862
19	36	5.42862
54	63	-5.42174
55	62	-5.42174
63	70	5.4194
62	71	5.4194
30	97	5.41888
31	96	5.41888
2	7	5.41678
3	6	5.41678
23	30	5.41538
22	31	5.41538
12	83	-5.41238
13	82	-5.41238
47	96	5.4058
46	97	5.4058
23	84	5.40299
22	85	5.40299
54	93	5.39928
55	92	5.39928
87	92	5.39832
86	93	5.39832
82	87	5.39423
83	86	5.39423
16	43	5.39367
17	42	5.39367
54	81	5.39162
55	80	5.39162
12	65	-5.38832
13	64	-5.38832
13	38	-5.37957
12	39	-5.37957
55	82	5.37347
54	83	5.37347
3	98	5.37159
2	99	5.37159
9	26	5.36838
8	27	5.36838
19	26	5.36773
18	27	5.36773
7	50	-5.36029
6	51	-5.36029
16	91	5.35997
17	90	5.35997
40	51	5.3564
41	50	5.3564
68	85	5.35017
69	84	5.35017
17	34	5.34409
16	35	5.34409
26	79	-5.34366
27	78	-5.34366
31	62	-5.33736
30	63	-5.33736
21	34	-5.33682
20	35	-5.33682
23	48	5.33351
22	49	5.33351
56	89	5.33261
57	88	5.33261
18	51	5.32714
19	50	5.32714
22	47	5.32377
23	46	5.32377
26	63	5.31989
27	62	5.31989
13	20	-5.3189
12	21	-5.3189
24	89	5.31884
25	88	5.31884
66	91	5.31257
67	90	5.31257
15	54	5.31116
14	55	5.31116
39	78	5.31036
38	79	5.31036
7	12	-5.30738
6	13	-5.30738
22	63	-5.30649
23	62	-5.30649
28	43	5.30066
29	42	5.30066
53	58	5.29642
52	59	5.29642
27	74	5.29616
26	75	5.29616
41	42	5.29173
40	43	5.29173
9	16	5.2883
8	17	5.2883
30	69	5.28037
31	68	5.28037
42	61	5.28007
43	60	5.28007
90	95	5.27806
91	94	5.27806
35	98	-5.276
34	99	-5.276
81	96	5.27245
80	97	5.27245
70	77	5.27195
71	76	5.27195
3	72	-5.26957
2	73	-5.26957
49	68	5.26345
48	69	5.26345
4	21	-5.25944
5	20	-5.25944
47	58	5.25919
46	59	5.25919
45	88	-5.25601
44	89	-5.25601
31	78	5.25311
30	79	5.25311
16	75	5.25306
17	74	5.25306
37	44	-5.25227
36	45	-5.25227
70	79	-5.25036
71	78	-5.25036
31	58	5.25033
30	59	5.25033
50	99	-5.2445
51	98	-5.2445
10	73	5.2432
11	72	5.2432
43	94	5.23255
42	95	5.23255
4	57	5.22952
5	56	5.22952
7	34	-5.22615
6	35	-5.22615
13	76	5.22108
12	77	5.22108
46	69	5.20993
47	68	5.20993
4	43	5.20964
5	42	5.20964
52	97	5.20422
53	96	5.20422
38	55	5.20116
39	54	5.20116
43	66	5.2002
42	67	5.2002
8	71	5.19927
9	70	5.19927
37	76	5.19568
36	77	5.19568
64	79	5.19129
65	78	5.19129
59	80	5.1789
58	81	5.1789
1	68	5.17554
0	69	5.17554
13	44	-5.1723
12	45	-5.1723
6	65	5.17142
7	64	5.17142
13	18	5.168
12	19	5.168
62	69	-5.1605
63	68	-5.1605
62	93	-5.15844
63	92	-5.15844
4	99	-5.15396
5	98	-5.15396
71	74	5.14333
70	75	5.14333
26	73	5.14188
27	72	5.14188
13	68	-5.14065
12	69	-5.14065
34	57	5.13988
35	56	5.13988
5	6	-5.13844
4	7	-5.13844
53	80	5.13694
52	81	5.13694
43	50	5.1328
42	51	5.1328
13	22	-5.12906
12	23	-5.12906
11	40	5.1264
10	41	5.1264
13	70	5.1248
12	71	5.1248
21	36	-5.1184
20	37	-5.1184
50	77	5.11822
51	76	5.11822
3	40	-5.11009
2	41	-5.11009
17	44	-5.10588
16	45	-5.10588
4	73	5.10423
5	72	5.10423
61	88	5.10112
60	89	5.10112
24	43	5.09758
25	42	5.09758
17	88	5.09718
16	89	5.09718
13	62	5.08968
12	63	5.08968
48	97	5.08859
49	96	5.08859
3	18	-5.08358
2	19	-5.08358
4	25	5.0706
5	24	5.0706
1	22	5.07052
0	23	5.07052
20	65	5.06728
21	64	5.06728
12	73	5.06412
13	72	5.06412
89	98	-5.05905
88	99	-5.05905
3	42	-5.04885
2	43	-5.04885
21	88	-5.04824
20	89	-5.04824
46	63	-5.04567
47	62	-5.04567
35	42	5.0456
34	43	5.0456
32	91	5.04503
33	90	5.04503
36	57	5.04487
37	56	5.04487
33	42	5.04144
32	43	5.04144
40	91	5.03458
41	90	5.03458
25	34	5.03319
24	35	5.03319
18	71	5.03076
19	70	5.03076
54	65	5.03022
55	64	5.03022
5	40	5.02844
4	41	5.02844
16	21	-5.01735
17	20	-5.01735
6	39	5.01589
7	38	5.01589
46	79	5.0036
47	78	5.0036
43	88	4.99961
42	89	4.99961
62	83	-4.99844
63	82	-4.99844
6	37	-4.98925
7	36	-4.98925
65	98	4.98649
64	99	4.98649
12	99	-4.98449
13	98	-4.98449
35	72	4.98199
34	73	4.98199
0	79	4.9803
1	78	4.9803
15	62	-4.97568
14	63	-4.97568
43	72	4.97386
42	73	4.97386
28	89	4.97128
29	88	4.97128
49	58	4.96797
48	59	4.96797
45	72	-4.96788
44	73	-4.96788
69	86	4.96362
68	87	4.96362
7	14	4.96003
6	15	4.96003
9	36	4.95785
8	37	4.95785
85	96	4.95524
84	97	4.95524
2	87	4.94956
3	86	4.94956
51	86	-4.94705
50	87	-4.94705
7	88	-4.94698
6	89	-4.94698
21	72	-4.93549
20	73	-4.93549
83	84	4.9293
82	85	4.9293
54	97	4.92918
55	96	4.92918
4	61	4.92777
5	60	4.92777
37	74	4.92572
36	75	4.92572
22	81	4.91884
23	80	4.91884
21	38	4.9177
20	39	4.9177
2	57	-4.91305
3	56	-4.91305
7	92	4.91253
6	93	4.91253
30	93	4.90872
31	92	4.90872
4	19	4.90685
5	18	4.90685
6	17	-4.8968
7	16	-4.8968
28	55	-4.8953
29	54	-4.8953
2	77	-4.89132
3	76	-4.89132
55	66	-4.89071
54	67	-4.89071
54	61	-4.88877
55	60	-4.88877
6	83	4.88874
7	82	4.88874
73	90	4.88145
72	91	4.88145
30	83	4.87915
31	82	4.87915
36	99	-4.87797
37	98	-4.87797
34	41	4.87385
35	40	4.87385
84	93	4.87355
85	92	4.87355
14	21	4.87183
15	20	4.87183
55	94	-4.86764
54	95	-4.86764
33	78	-4.86747
32	79	-4.86747
23	86	4.86175
22	87	4.86175
44	65	4.85961
45	64	4.85961
14	85	4.85854
15	84	4.85854
79	84	4.85849
78	85	4.85849
47	56	-4.85824
46	57	-4.85824
34	61	4.85805
35	60	4.85805
25	84	-4.85775
24	85	-4.85775
19	44	-4.85613
18	45	-4.85613
30	57	-4.85556
31	56	-4.85556
27	92	-4.85483
26	93	-4.85483
18	21	-4.84404
19	20	-4.84404
59	84	4.84168
58	85	4.84168
69	80	4.84146
68	81	4.84146
50	57	4.8412
51	56	4.8412
20	93	4.83794
21	92	4.83794
48	79	4.83713
49	78	4.83713
28	31	-4.83554
29	30	-4.83554
38	63	-4.83448
39	62	-4.83448
33	54	-4.83434
32	55	-4.83434
48	83	4.83383
49	82	4.83383
24	49	-4.83315
25	48	-4.83315
54	57	-4.82966
55	56	-4.82966
12	51	4.82793
13	50	4.82793
32	63	4.8269
33	62	4.8269
79	86	4.82496
78	87	4.82496
7	72	-4.82483
6	73	-4.82483
38	99	4.82099
39	98	4.82099
4	29	4.82017
5	28	4.82017
30	61	-4.81916
31	60	-4.81916
15	30	4.81792
14	31	4.81792
10	17	4.81719
11	16	4.81719
23	66	-4.8159
22	67	-4.8159
42	97	-4.81411
43	96	-4.81411
30	67	-4.81335
31	66	-4.81335
31	94	-4.81324
30	95	-4.81324
47	60	-4.8108
46	61	-4.8108
27	40	4.80971
26	41	4.80971
24	55	-4.80721
25	54	-4.80721
18	35	4.80647
19	34	4.80647
48	57	-4.80622
49	56	-4.80622
47	90	-4.80455
46	91	-4.80455
20	83	4.80159
21	82	4.80159
38	85	4.80101
39	84	4.80101
9	12	4.7986
8	13	4.7986
28	47	-4.79771
29	46	-4.79771
71	72	4.79532
70	73	4.79532
23	32	-4.79504
22	33	-4.79504
49	62	-4.79267
48	63	-4.79267
49	92	4.79096
48	93	4.79096
8	51	4.79073
9	50	4.79073
66	89	4.79053
67	88	4.79053
49	60	-4.78719
48	61	-4.78719
60	85	-4.78636
61	84	-4.78636
57	84	-4.78545
56	85	-4.78545
79	94	-4.78521
78	95	-4.78521
22	29	-4.78508
23	28	-4.78508
46	83	4.7833
47	82	4.7833
81	90	-4.78188
80	91	-4.78188
0	51	-4.78144
1	50	-4.78144
46	93	4.78116
47	92	4.78116
23	94	-4.77944
22	95	-4.77944
23	60	-4.77777
22	61	-4.77777
42	59	-4.77672
43	58	-4.77672
11	12	4.77437
10	13	4.77437
63	84	-4.77342
62	85	-4.77342
16	57	4.7721
17	56	4.7721
54	59	4.76587
55	58	4.76587
63	94	4.76511
62	95	4.76511
15	48	4.76465
14	49	4.76465
0	3	4.76376
1	2	4.76376
67	68	-4.75841
66	69	-4.75841
31	32	-4.75757
30	33	-4.75757
67	78	-4.75611
66	79	-4.75611
47	52	4.75608
46	53	4.75608
12	17	4.75515
13	16	4.75515
25	46	-4.75407
24	47	-4.75407
46	67	-4.75321
47	66	-4.75321
19	42	4.75279
18	43	4.75279
80	89	-4.75246
81	88	-4.75246
24	37	4.74926
25	36	4.74926
30	91	-4.74836
31	90	-4.74836
15	98	4.74765
14	99	4.74765
28	35	4.74481
29	34	4.74481
51	74	4.74327
50	75	4.74327
3	24	-4.74231
2	25	-4.74231
48	91	-4.74168
49	90	-4.74168
6	19	-4.7413
7	18	-4.7413
45	90	-4.74128
44	91	-4.74128
73	88	4.74124
72	89	4.74124
4	81	-4.73873
5	80	-4.73873
29	48	-4.73548
28	49	-4.73548
32	69	-4.73205
33	68	-4.73205
62	65	-4.73192
63	64	-4.73192
47	94	-4.73077
46	95	-4.73077
61	68	-4.72982
60	69	-4.72982
56	81	-4.72921
57	80	-4.72921
29	68	-4.72868
28	69	-4.72868
22	25	-4.72834
23	24	-4.72834
17	98	-4.7274
16	99	-4.7274
28	85	-4.72686
29	84	-4.72686
48	53	4.72632
49	52	4.72632
21	76	-4.72629
20	77	-4.72629
45	76	-4.72588
44	77	-4.72588
12	75	4.72578
13	74	4.72578
88	95	4.72492
89	94	4.72492
17	58	-4.72328
16	59	-4.72328
5	76	4.72208
4	77	4.72208
51	52	-4.72173
50	53	-4.72173
34	87	-4.72025
35	86	-4.72025
30	39	4.71975
31	38	4.71975
14	47	4.71835
15	46	4.71835
39	44	4.71434
38	45	4.71434
68	95	-4.71381
69	94	-4.71381
36	61	4.71356
37	60	4.71356
35	80	-4.71224
34	81	-4.71224
24	81	-4.70849
25	80	-4.70849
25	68	-4.70744
24	69	-4.70744
14	27	-4.70717
15	26	-4.70717
3	12	-4.70607
2	13	-4.70607
63	66	4.70569
62	67	4.70569
41	44	-4.7032
40	45	-4.7032
38	49	4.70183
39	48	4.70183
25	30	-4.69923
24	31	-4.69923
26	83	-4.69813
27	82	-4.69813
37	58	-4.69662
36	59	-4.69662
73	86	-4.69594
72	87	-4.69594
22	27	-4.69589
23	26	-4.69589
85	90	-4.69067
84	91	-4.69067
12	55	-4.687
13	54	-4.687
41	88	4.68519
40	89	4.68519
41	58	-4.68468
40	59	-4.68468
93	98	4.68233
92	99	4.68233
82	99	4.68189
83	98	4.68189
37	96	-4.68014
36	97	-4.68014
17	96	-4.6758
16	97	-4.6758
12	41	4.67274
13	40	4.67274
16	27	4.67267
17	26	4.67267
48	67	-4.67221
49	66	-4.67221
15	44	4.6717
14	45	4.6717
48	89	-4.67078
49	88	-4.67078
61	80	-4.67038
60	81	-4.67038
37	52	-4.66983
36	53	-4.66983
19	86	-4.66652
18	87	-4.66652
29	78	-4.66584
28	79	-4.66584
21	40	-4.66458
20	41	-4.66458
32	93	-4.66451
33	92	-4.66451
32	47	-4.66289
33	46	-4.66289
66	85	-4.66253
67	84	-4.66253
19	90	4.66228
18	91	4.66228
3	52	4.65991
2	53	4.65991
33	52	-4.65974
32	53	-4.65974
30	43	-4.65788
31	42	-4.65788
1	26	-4.65731
0	27	-4.65731
85	88	-4.65686
84	89	-4.65686
4	87	-4.65234
5	86	-4.65234
91	96	-4.65129
90	97	-4.65129
35	76	4.64977
34	77	4.64977
29	36	4.64871
28	37	4.64871
0	73	-4.64835
1	72	-4.64835
27	68	-4.64799
26	69	-4.64799
64	85	4.64549
65	84	4.64549
1	18	-4.64525
0	19	-4.64525
17	86	-4.64501
16	87	-4.64501
45	92	4.64327
44	93	4.64327
4	67	4.64174
5	66	4.64174
11	62	4.64081
10	63	4.64081
11	88	4.63692
10	89	4.63692
39	46	4.63635
38	47	4.63635
7	76	-4.63334
6	77	-4.63334
37	86	-4.63285
36	87	-4.63285
28	63	4.62615
29	62	4.62615
25	50	4.62592
24	51	4.62592
28	81	-4.62265
29	80	-4.62265
63	96	-4.62225
62	97	-4.62225
23	56	-4.62209
22	57	-4.62209
52	85	4.62034
53	84	4.62034
48	95	-4.61856
49	94	-4.61856
17	52	-4.61794
16	53	-4.61794
66	93	-4.61785
67	92	-4.61785
41	96	-4.61739
40	97	-4.61739
70	93	-4.61712
71	92	-4.61712
20	27	-4.61612
21	26	-4.61612
27	86	-4.61522
26	87	-4.61522
2	81	4.61506
3	80	4.61506
2	61	-4.61434
3	60	-4.61434
33	82	-4.61059
32	83	-4.61059
26	39	-4.60751
27	38	-4.60751
45	82	4.60624
44	83	4.60624
13	36	4.60606
12	37	4.60606
3	8	-4.60511
2	9	-4.60511
10	79	-4.60368
11	78	-4.60368
1	76	-4.6025
0	77	-4.6025
85	94	-4.60127
84	95	-4.60127
0	63	-4.60092
1	62	-4.60092
18	89	4.60052
19	88	4.60052
76	87	-4.60016
77	86	-4.60016
59	90	-4.59673
58	91	-4.59673
5	94	4.59529
4	95	4.59529
43	46	-4.59517
42	47	-4.59517
61	78	-4.59272
60	79	-4.59272
92	95	-4.59241
93	94	-4.59241
67	82	-4.58974
66	83	-4.58974
5	52	-4.58922
4	53	-4.58922
14	33	-4.58822
15	32	-4.58822
52	95	-4.58778
53	94	-4.58778
73	98	-4.58662
72	99	-4.58662
23	70	-4.58494
22	71	-4.58494
5	48	-4.58378
4	49	-4.58378
53	66	-4.58322
52	67	-4.58322
10	37	4.58148
11	36	4.58148
7	40	-4.58101
6	41	-4.58101
55	90	-4.5769
54	91	-4.5769
77	78	-4.57651
76	79	-4.57651
31	64	4.57609
30	65	4.57609
27	44	-4.57453
26	45	-4.57453
35	66	4.57258
34	67	4.57258
59	72	-4.57256
58	73	-4.57256
7	26	-4.57125
6	27	-4.57125
21	90	-4.56753
20	91	-4.56753
43	74	4.56717
42	75	4.56717
3	74	-4.56497
2	75	-4.56497
62	81	-4.56479
63	80	-4.56479
30	53	4.56306
31	52	4.56306
40	57	4.56228
41	56	4.56228
57	68	-4.56181
56	69	-4.56181
35	48	-4.5612
34	49	-4.5612
66	81	-4.56117
67	80	-4.56117
27	64	-4.56034
26	65	-4.56034
15	66	-4.5591
14	67	-4.5591
36	81	-4.55431
37	80	-4.55431
83	94	-4.55374
82	95	-4.55374
48	65	4.55158
49	64	4.55158
11	50	4.55158
10	51	4.55158
51	80	-4.55127
50	81	-4.55127
9	42	4.54882
8	43	4.54882
0	17	-4.54813
1	16	-4.54813
29	92	-4.54786
28	93	-4.54786
4	9	4.54771
5	8	4.54771
47	88	-4.54651
46	89	-4.54651
32	49	-4.54427
33	48	-4.54427
43	76	4.54086
42	77	4.54086
60	63	4.54003
61	62	4.54003
5	46	-4.53957
4	47	-4.53957
54	71	-4.53842
55	70	-4.53842
1	54	4.53809
0	55	4.53809
5	84	-4.53661
4	85	-4.53661
11	24	4.53603
10	25	4.53603
50	61	4.53593
51	60	4.53593
52	73	-4.53579
53	72	-4.53579
0	35	-4.53572
1	34	-4.53572
29	52	-4.53502
28	53	-4.53502
35	52	-4.53466
34	53	-4.53466
32	89	4.53398
33	88	4.53398
45	52	4.53329
44	53	4.53329
28	83	-4.53284
29	82	-4.53284
27	50	4.52833
26	51	4.52833
32	85	-4.52731
33	84	-4.52731
41	70	4.52683
40	71	4.52683
4	75	4.52588
5	74	4.52588
14	95	-4.5256
15	94	-4.5256
34	95	4.52441
35	94	4.52441
35	84	-4.52426
34	85	-4.52426
11	34	4.52327
10	35	4.52327
3	28	-4.52271
2	29	-4.52271
60	93	-4.52271
61	92	-4.52271
60	83	-4.5211
61	82	-4.5211
32	39	-4.51847
33	38	-4.51847
90	99	-4.51751
91	98	-4.51751
80	95	-4.51709
81	94	-4.51709
26	55	-4.51664
27	54	-4.51664
78	81	4.51623
79	80	4.51623
68	71	-4.51534
69	70	-4.51534
53	90	-4.51333
52	91	-4.51333
62	87	-4.50868
63	86	-4.50868
21	52	4.50723
20	53	4.50723
53	60	-4.50548
52	61	-4.50548
51	58	-4.50508
50	59	-4.50508
57	96	-4.50363
56	97	-4.50363
17	24	4.50167
16	25	4.50167
1	36	-4.50122
0	37	-4.50122
15	28	-4.49842
14	29	-4.49842
77	88	4.49726
76	89	4.49726
37	66	4.49708
36	67	4.49708
38	67	-4.49675
39	66	-4.49675
40	87	-4.49475
41	86	-4.49475
6	79	4.49439
7	78	4.49439
19	98	-4.49417
18	99	-4.49417
24	83	-4.49406
25	82	-4.49406
76	93	-4.49327
77	92	-4.49327
47	64	4.49262
46	65	4.49262
4	11	4.49204
5	10	4.49204
3	10	-4.49168
2	11	-4.49168
72	97	-4.49085
73	96	-4.49085
9	34	4.48848
8	35	4.48848
6	69	4.48848
7	68	4.48848
51	96	-4.4861
50	97	-4.4861
14	61	-4.48419
15	60	-4.48419
34	47	-4.48162
35	46	-4.48162
0	5	-4.47986
1	4	-4.47986
36	95	4.47957
37	94	4.47957
43	44	-4.47816
42	45	-4.47816
71	82	-4.47762
70	83	-4.47762
8	89	4.47703
9	88	4.47703
17	60	4.47638
16	61	4.47638
15	70	-4.47515
14	71	-4.47515
74	89	4.4747
75	88	4.4747
44	71	-4.47369
45	70	-4.47369
53	56	-4.47293
52	57	-4.47293
7	90	-4.47088
6	91	-4.47088
77	90	4.47085
76	91	4.47085
20	71	-4.46986
21	70	-4.46986
58	63	-4.46882
59	62	-4.46882
65	76	-4.4688
64	77	-4.4688
74	91	4.46869
75	90	4.46869
18	59	-4.46723
19	58	-4.46723
57	62	4.46677
56	63	4.46677
35	74	4.46665
34	75	4.46665
24	93	-4.46537
25	92	-4.46537
24	75	4.46516
25	74	4.46516
18	53	-4.465
19	52	-4.465
22	97	4.46368
23	96	4.46368
86	89	-4.4631
87	88	-4.4631
39	74	-4.46188
38	75	-4.46188
39	94	-4.46107
38	95	-4.46107
0	41	-4.46038
1	40	-4.46038
14	77	-4.46033
15	76	-4.46033
21	78	4.46002
20	79	4.46002
29	50	4.459
28	51	4.459
65	74	-4.45741
64	75	-4.45741
8	91	4.45706
9	90	4.45706
70	99	-4.45629
71	98	-4.45629
33	80	-4.45487
32	81	-4.45487
15	24	-4.45483
14	25	-4.45483
57	78	-4.45358
56	79	-4.45358
39	76	-4.45343
38	77	-4.45343
19	64	-4.45319
18	65	-4.45319
95	96	-4.45315
94	97	-4.45315
80	83	4.45241
81	82	4.45241
37	46	-4.45013
36	47	-4.45013
62	77	4.44659
63	76	4.44659
6	71	-4.44379
7	70	-4.44379
8	39	-4.44358
9	38	-4.44358
33	64	-4.44345
32	65	-4.44345
6	53	4.44292
7	52	4.44292
29	38	-4.44138
28	39	-4.44138
27	36	4.44056
26	37	4.44056
9	64	-4.43987
8	65	-4.43987
77	82	-4.43938
76	83	-4.43938
18	79	-4.43631
19	78	-4.43631
70	89	4.43574
71	88	4.43574
5	96	-4.43537
4	97	-4.43537
56	59	-4.4334
57	58	-4.4334
39	60	-4.4324
38	61	-4.4324
33	96	-4.42963
32	97	-4.42963
42	81	-4.42945
43	80	-4.42945
43	54	-4.42853
42	55	-4.42853
16	29	4.42827
17	28	4.42827
13	34	4.42817
12	35	4.42817
27	98	-4.42716
26	99	-4.42716
25	78	-4.42664
24	79	-4.42664
3	26	-4.42664
2	27	-4.42664
19	92	-4.42504
18	93	-4.42504
75	82	-4.42475
74	83	-4.42475
15	74	-4.42379
14	75	-4.42379
28	97	-4.42284
29	96	-4.42284
5	12	4.42164
4	13	4.42164
40	99	-4.42046
41	98	-4.42046
81	92	4.41969
80	93	4.41969
43	98	-4.41967
42	99	-4.41967
21	68	4.4194
20	69	4.4194
24	39	-4.4193
25	38	-4.4193
2	49	4.41814
3	48	4.41814
19	38	-4.41665
18	39	-4.41665
25	52	-4.41589
24	53	-4.41589
4	59	-4.4147
5	58	-4.4147
7	22	4.41454
6	23	4.41454
66	97	-4.41449
67	96	-4.41449
10	85	-4.41417
11	84	-4.41417
9	14	-4.41386
8	15	-4.41386
9	82	-4.41235
8	83	-4.41235
8	25	4.41137
9	24	4.41137
64	67	-4.41093
65	66	-4.41093
15	18	-4.40854
14	19	-4.40854
65	72	-4.4063
64	73	-4.4063
13	32	4.40618
12	33	4.40618
0	71	-4.40581
1	70	-4.40581
53	88	-4.40559
52	89	-4.40559
43	48	-4.4049
42	49	-4.4049
2	59	4.40212
3	58	4.40212
4	33	4.40206
5	32	4.40206
31	70	-4.40142
30	71	-4.40142
4	31	-4.40067
5	30	-4.40067
3	96	4.40051
2	97	4.40051
58	95	-4.40033
59	94	-4.40033
31	88	-4.39924
30	89	-4.39924
76	99	-4.39899
77	98	-4.39899
11	68	-4.398
10	69	-4.398
14	81	4.39721
15	80	4.39721
70	87	-4.39633
71	86	-4.39633
68	97	4.3941
69	96	4.3941
33	70	4.39206
32	71	4.39206
33	58	-4.39063
32	59	-4.39063
25	40	4.38942
24	41	4.38942
9	92	-4.38746
8	93	-4.38746
16	71	4.38701
17	70	4.38701
41	52	-4.38567
40	53	-4.38567
3	46	4.38526
2	47	4.38526
60	97	-4.38493
61	96	-4.38493
74	93	-4.38403
75	92	-4.38403
20	43	-4.38314
21	42	-4.38314
37	48	-4.38237
36	49	-4.38237
19	82	-4.382
18	83	-4.382
65	94	-4.38132
64	95	-4.38132
38	71	-4.3809
39	70	-4.3809
11	92	-4.37911
10	93	-4.37911
19	96	-4.37899
18	97	-4.37899
9	78	-4.3769
8	79	-4.3769
53	76	-4.37671
52	77	-4.37671
79	96	4.37629
78	97	4.37629
13	52	-4.37532
12	53	-4.37532
54	87	4.37518
55	86	4.37518
10	23	-4.37473
11	22	-4.37473
3	66	-4.37263
2	67	-4.37263
69	74	-4.37211
68	75	-4.37211
16	81	-4.37147
17	80	-4.37147
56	73	4.37018
57	72	4.37018
35	70	4.36967
34	71	4.36967
30	37	-4.36701
31	36	-4.36701
3	84	4.36676
2	85	4.36676
10	83	-4.36315
11	82	-4.36315
8	45	-4.36128
9	44	-4.36128
28	59	-4.3608
29	58	-4.3608
58	67	-4.35967
59	66	-4.35967
41	64	-4.35885
40	65	-4.35885
43	52	-4.35554
42	53	-4.35554
27	32	4.355
26	33	4.355
21	22	4.35479
20	23	4.35479
46	51	-4.35472
47	50	-4.35472
38	73	-4.35328
39	72	-4.35328
29	64	-4.35324
28	65	-4.35324
22	59	4.35302
23	58	4.35302
58	77	-4.35298
59	76	-4.35298
25	62	4.35293
24	63	4.35293
10	15	-4.35214
11	14	-4.35214
9	68	-4.35211
8	69	-4.35211
1	8	-4.35202
0	9	-4.35202
9	20	-4.35137
8	21	-4.35137
38	81	4.35004
39	80	4.35004
78	99	4.34801
79	98	4.34801
51	70	4.3478
50	71	4.3478
3	70	-4.34745
2	71	-4.34745
42	85	-4.34741
43	84	-4.34741
48	51	-4.34704
49	50	-4.34704
32	35	4.34694
33	34	4.34694
40	61	4.34689
41	60	4.34689
6	43	-4.34444
7	42	-4.34444
71	84	-4.34256
70	85	-4.34256
60	65	-4.34117
61	64	-4.34117
3	94	-4.33975
2	95	-4.33975
62	99	-4.33877
63	98	-4.33877
30	35	-4.33678
31	34	-4.33678
35	96	-4.33642
34	97	-4.33642
74	79	-4.33636
75	78	-4.33636
10	39	-4.33619
11	38	-4.33619
73	92	-4.33578
72	93	-4.33578
12	31	-4.33506
13	30	-4.33506
57	92	-4.33432
56	93	-4.33432
57	82	-4.33403
56	83	-4.33403
0	75	-4.33336
1	74	-4.33336
15	72	-4.33304
14	73	-4.33304
45	78	4.33268
44	79	4.33268
6	63	-4.32837
7	62	-4.32837
65	70	-4.32829
64	71	-4.32829
69	98	4.32793
68	99	4.32793
24	65	-4.32765
25	64	-4.32765
11	48	-4.32532
10	49	-4.32532
42	63	4.32491
43	62	4.32491
58	61	-4.32181
59	60	-4.32181
51	66	4.32018
50	67	4.32018
10	45	-4.31988
11	44	-4.31988
37	84	-4.31884
36	85	-4.31884
53	86	4.31884
52	87	4.31884
9	86	-4.3169
8	87	-4.3169
35	58	-4.31485
34	59	-4.31485
44	75	-4.31327
45	74	-4.31327
55	88	-4.31207
54	89	-4.31207
10	91	4.31072
11	90	4.31072
26	35	4.31062
27	34	4.31062
8	59	-4.30901
9	58	-4.30901
27	30	-4.30881
26	31	-4.30881
52	99	4.30784
53	98	4.30784
28	41	4.30771
29	40	4.30771
16	67	4.30768
17	66	4.30768
8	63	4.3069
9	62	4.3069
1	88	-4.30653
0	89	-4.30653
58	69	4.30561
59	68	4.30561
21	74	-4.30425
20	75	-4.30425
59	74	-4.30391
58	75	-4.30391
73	82	-4.30375
72	83	-4.30375
33	36	4.30372
32	37	4.30372
39	40	-4.30253
38	41	-4.30253
10	61	4.3015
11	60	4.3015
23	74	-4.30148
22	75	-4.30148
71	94	4.30127
70	95	4.30127
69	76	-4.30052
68	77	-4.30052
72	79	-4.30001
73	78	-4.30001
17	94	4.29981
16	95	4.29981
14	57	-4.29845
15	56	-4.29845
49	70	-4.29713
48	71	-4.29713
50	95	4.29551
51	94	4.29551
18	63	4.29513
19	62	4.29513
16	47	-4.29508
17	46	-4.29508
74	87	-4.29242
75	86	-4.29242
11	64	-4.29222
10	65	-4.29222
22	91	-4.29098
23	90	-4.29098
20	63	-4.29071
21	62	-4.29071
50	85	-4.28949
51	84	-4.28949
6	9	-4.28913
7	8	-4.28913
8	23	-4.28847
9	22	-4.28847
5	70	4.28797
4	71	4.28797
57	74	4.28587
56	75	4.28587
12	95	4.28212
13	94	4.28212
50	65	-4.28044
51	64	-4.28044
5	26	4.28039
4	27	4.28039
45	56	-4.27928
44	57	-4.27928
10	21	-4.27886
11	20	-4.27886
74	85	-4.27882
75	84	-4.27882
27	88	4.27467
26	89	4.27467
45	68	4.27235
44	69	4.27235
66	71	4.26967
67	70	4.26967
60	75	4.26879
61	74	4.26879
12	67	4.26862
13	66	4.26862
46	71	-4.26851
47	70	-4.26851
62	75	4.26784
63	74	4.26784
23	76	-4.26674
22	77	-4.26674
1	52	4.2666
0	53	4.2666
77	96	-4.26637
76	97	-4.26637
45	80	4.26539
44	81	4.26539
22	99	4.26293
23	98	4.26293
10	57	4.26181
11	56	4.26181
88	97	-4.25901
89	96	-4.25901
2	31	4.25524
3	30	4.25524
39	56	-4.25441
38	57	-4.25441
10	55	-4.25406
11	54	-4.25406
59	78	4.25145
58	79	4.25145
8	57	4.251
9	56	4.251
8	85	-4.25082
9	84	-4.25082
17	64	-4.24937
16	65	-4.24937
6	75	-4.24912
7	74	-4.24912
24	97	-4.24889
25	96	-4.24889
2	65	4.24824
3	64	4.24824
52	55	4.24769
53	54	4.24769
24	71	4.24593
25	70	4.24593
15	40	-4.24455
14	41	-4.24455
65	80	4.24255
64	81	4.24255
1	32	-4.24247
0	33	-4.24247
30	51	-4.24213
31	50	-4.24213
27	94	4.24176
26	95	4.24176
4	55	-4.24038
5	54	-4.24038
17	30	-4.24016
16	31	-4.24016
36	71	4.23978
37	70	4.23978
68	91	-4.23783
69	90	-4.23783
25	72	4.23674
24	73	4.23674
10	29	4.23193
11	28	4.23193
9	96	-4.231
8	97	-4.231
27	84	-4.23016
26	85	-4.23016
19	56	4.22965
18	57	4.22965
74	97	-4.22869
75	96	-4.22869
10	81	-4.22768
11	80	-4.22768
40	83	-4.22631
41	82	-4.22631
8	61	4.22552
9	60	4.22552
58	89	-4.22391
59	88	-4.22391
6	11	-4.2222
7	10	-4.2222
22	45	4.22151
23	44	4.22151
17	48	-4.22125
16	49	-4.22125
45	62	-4.22069
44	63	-4.22069
19	68	-4.22056
18	69	-4.22056
41	66	4.21657
40	67	4.21657
28	71	4.21622
29	70	4.21622
63	90	4.21467
62	91	4.21467
27	66	4.21142
26	67	4.21142
82	97	4.2109
83	96	4.2109
12	89	4.21081
13	88	4.21081
1	30	4.21036
0	31	4.21036
41	94	4.2075
40	95	4.2075
11	66	4.20613
10	67	4.20613
1	10	-4.20419
0	11	-4.20419
12	47	-4.20384
13	46	-4.20384
35	54	-4.20372
34	55	-4.20372
49	74	-4.20132
48	75	-4.20132
29	74	4.19989
28	75	4.19989
38	51	-4.19926
39	50	-4.19926
39	96	4.19886
38	97	4.19886
60	71	4.19818
61	70	4.19818
25	44	-4.19811
24	45	-4.19811
41	92	-4.19639
40	93	-4.19639
12	85	-4.19579
13	84	-4.19579
25	58	-4.19401
24	59	-4.19401
71	80	-4.1938
70	81	-4.1938
2	33	-4.19165
3	32	-4.19165
50	93	-4.19148
51	92	-4.19148
0	85	4.19118
1	84	4.19118
42	87	-4.1897
43	86	-4.1897
15	96	4.18864
14	97	4.18864
22	43	-4.18778
23	42	-4.18778
14	51	-4.18617
15	50	-4.18617
65	96	4.18584
64	97	4.18584
11	32	4.18573
10	33	4.18573
17	38	-4.1843
16	39	-4.1843
27	48	-4.18308
26	49	-4.18308
10	99	-4.18284
11	98	-4.18284
18	23	-4.18276
19	22	-4.18276
56	99	-4.18104
57	98	-4.18104
12	29	4.18086
13	28	4.18086
92	97	4.18033
93	96	4.18033
41	80	-4.17973
40	81	-4.17973
10	87	-4.17875
11	86	-4.17875
56	65	-4.17846
57	64	-4.17846
58	65	4.1784
59	64	4.1784
8	49	-4.17822
9	48	-4.17822
43	78	-4.17706
42	79	-4.17706
20	81	4.17698
21	80	4.17698
38	59	4.17685
39	58	4.17685
60	73	4.17657
61	72	4.17657
11	42	4.17592
10	43	4.17592
26	47	-4.17547
27	46	-4.17547
18	25	4.17506
19	24	4.17506
17	84	-4.17431
16	85	-4.17431
63	72	4.16971
62	73	4.16971
26	53	-4.16894
27	52	-4.16894
72	81	-4.16836
73	80	-4.16836
3	38	4.16824
2	39	4.16824
58	83	4.16741
59	82	4.16741
10	95	4.16667
11	94	4.16667
0	67	-4.16568
1	66	-4.16568
16	33	4.16495
17	32	4.16495
33	86	-4.1624
32	87	-4.1624
44	59	4.16208
45	58	4.16208
9	28	4.16195
8	29	4.16195
21	56	-4.16178
20	57	-4.16178
0	95	-4.16166
1	94	-4.16166
13	48	-4.16142
12	49	-4.16142
24	77	4.15928
25	76	4.15928
32	51	4.15757
33	50	4.15757
86	91	-4.1567
87	90	-4.1567
79	90	-4.15527
78	91	-4.15527
40	47	-4.15508
41	46	-4.15508
3	92	4.15468
2	93	4.15468
2	15	4.15447
3	14	4.15447
15	16	-4.15425
14	17	-4.15425
9	52	-4.1542
8	53	-4.1542
67	74	4.15229
66	75	4.15229
36	65	-4.15159
37	64	-4.15159
14	59	4.15115
15	58	4.15115
51	82	-4.15104
50	83	-4.15104
37	54	-4.15021
36	55	-4.15021
42	69	-4.15006
43	68	-4.15006
8	99	-4.14873
9	98	-4.14873
81	98	4.14861
80	99	4.14861
44	97	4.14679
45	96	4.14679
0	49	4.14448
1	48	4.14448
17	92	-4.14322
16	93	-4.14322
97	98	4.1423
96	99	4.1423
58	99	4.14174
59	98	4.14174
27	28	4.14158
26	29	4.14158
69	72	-4.13996
68	73	-4.13996
29	72	4.13905
28	73	4.13905
21	58	4.13796
20	59	4.13796
12	61	4.13756
13	60	4.13756
56	77	4.1346
57	76	4.1346
0	43	-4.13439
1	42	-4.13439
56	71	4.13406
57	70	4.13406
30	41	-4.13299
31	40	-4.13299
6	81	4.13201
7	80	4.13201
0	47	4.13167
1	46	4.13167
22	89	-4.13024
23	88	-4.13024
16	83	-4.12877
17	82	-4.12877
11	46	-4.12856
10	47	-4.12856
75	80	-4.12668
74	81	-4.12668
7	58	4.12642
6	59	4.12642
58	93	4.12565
59	92	4.12565
53	74	-4.12396
52	75	-4.12396
55	74	-4.12334
54	75	-4.12334
25	26	4.12328
24	27	4.12328
3	82	4.12245
2	83	4.12245
75	98	-4.12187
74	99	-4.12187
9	66	4.11892
8	67	4.11892
21	96	4.11818
20	97	4.11818
30	87	4.11755
31	86	4.11755
43	64	-4.11646
42	65	-4.11646
41	48	-4.11615
40	49	-4.11615
8	81	-4.11504
9	80	-4.11504
44	61	-4.1142
45	60	-4.1142
34	65	-4.11371
35	64	-4.11371
7	56	-4.1135
6	57	-4.1135
27	60	4.11221
26	61	4.11221
68	89	-4.11212
69	88	-4.11212
9	54	-4.11188
8	55	-4.11188
40	85	-4.1114
41	84	-4.1114
7	96	4.11002
6	97	4.11002
41	68	-4.10989
40	69	-4.10989
2	55	4.10901
3	54	4.10901
24	99	-4.1079
25	98	-4.1079
74	95	4.10693
75	94	4.10693
1	28	-4.10658
0	29	-4.10658
44	49	4.10631
45	48	4.10631
59	86	4.10587
58	87	4.10587
32	41	4.10436
33	40	4.10436
23	72	-4.10419
22	73	-4.10419
11	30	-4.10135
10	31	-4.10135
19	80	-4.10051
18	81	-4.10051
41	78	-4.09947
40	79	-4.09947
85	86	4.09935
84	87	4.09935
21	24	-4.09914
20	25	-4.09914
6	55	4.09873
7	54	4.09873
19	60	4.09572
18	61	4.09572
0	59	4.09557
1	58	4.09557
38	43	-4.09367
39	42	-4.09367
37	38	-4.0928
36	39	-4.0928
87	94	-4.09254
86	95	-4.09254
46	73	-4.09205
47	72	-4.09205
67	86	-4.09055
66	87	-4.09055
16	79	-4.08975
17	78	-4.08975
87	96	4.08863
86	97	4.08863
5	64	-4.08853
4	65	-4.08853
50	79	-4.08805
51	78	-4.08805
77	84	-4.08779
76	85	-4.08779
63	88	4.08777
62	89	4.08777
11	58	-4.08685
10	59	-4.08685
33	74	4.08621
32	75	4.08621
1	60	-4.08589
0	61	-4.08589
50	55	-4.08435
51	54	-4.08435
44	85	4.08395
45	84	4.08395
0	97	4.08208
1	96	4.08208
8	95	4.07995
9	94	4.07995
13	90	4.07627
12	91	4.07627
1	90	-4.07538
0	91	-4.07538
54	77	-4.07502
55	76	-4.07502
28	45	-4.07471
29	44	-4.07471
14	37	-4.07447
15	36	-4.07447
42	83	-4.07433
43	82	-4.07433
36	93	-4.07265
37	92	-4.07265
67	72	4.07178
66	73	4.07178
49	72	-4.0717
48	73	-4.0717
21	54	4.07168
20	55	4.07168
27	80	-4.07167
26	81	-4.07167
70	91	4.07048
71	90	4.07048
13	24	4.06927
12	25	4.06927
10	53	-4.06889
11	52	-4.06889
49	86	4.0686
48	87	4.0686
15	42	-4.06732
14	43	-4.06732
83	90	-4.0672
82	91	-4.0672
8	33	4.06675
9	32	4.06675
73	94	4.06526
72	95	4.06526
44	47	4.0648
45	46	4.0648
91	92	-4.06428
90	93	-4.06428
73	84	-4.06387
72	85	-4.06387
0	25	-4.06379
1	24	-4.06379
34	39	-4.06287
35	38	-4.06287
53	64	4.06285
52	65	4.06285
18	29	4.06257
19	28	4.06257
77	80	-4.0625
76	81	-4.0625
60	99	-4.06206
61	98	-4.06206
6	25	-4.06193
7	24	-4.06193
23	40	-4.06072
22	41	-4.06072
30	73	-4.05999
31	72	-4.05999
61	76	4.05975
60	77	4.05975
32	99	-4.05963
33	98	-4.05963
71	96	-4.05942
70	97	-4.05942
5	22	-4.05916
4	23	-4.05916
19	84	-4.05899
18	85	-4.05899
46	87	4.05759
47	86	4.05759
47	74	-4.05735
46	75	-4.05735
16	55	-4.05728
17	54	-4.05728
52	93	4.0569
53	92	4.0569
15	34	-4.05517
14	35	-4.05517
94	99	-4.05482
95	98	-4.05482
36	83	-4.05391
37	82	-4.05391
35	92	-4.0534
34	93	-4.0534
52	71	-4.0528
53	70	-4.0528
20	49	4.0527
21	48	4.0527
49	76	-4.05251
48	77	-4.05251
28	99	-4.05137
29	98	-4.05137
43	92	-4.05111
42	93	-4.05111
2	79	4.04921
3	78	4.04921
22	35	-4.04897
23	34	-4.04897
14	91	-4.04828
15	90	-4.04828
8	47	-4.04544
9	46	-4.04544
29	86	-4.04501
28	87	-4.04501
19	48	-4.04499
18	49	-4.04499
5	38	-4.04476
4	39	-4.04476
41	62	4.04472
40	63	4.04472
22	53	4.04445
23	52	4.04445
15	52	4.04416
14	53	4.04416
21	60	-4.04347
20	61	-4.04347
49	98	4.04303
48	99	4.04303
12	57	4.04273
13	56	4.04273
5	92	-4.0426
4	93	-4.0426
11	96	-4.04218
10	97	-4.04218
55	98	4.0421
54	99	4.0421
26	57	4.04153
27	56	4.04153
5	68	-4.04101
4	69	-4.04101
34	63	4.04068
35	62	4.04068
27	90	4.04046
26	91	4.04046
5	14	-4.04024
4	15	-4.04024
21	84	4.04023
20	85	4.04023
38	53	4.03995
39	52	4.03995
34	83	-4.03979
35	82	-4.03979
12	43	4.03961
13	42	4.03961
27	58	-4.03837
26	59	-4.03837
53	78	4.03763
52	79	4.03763
34	69	-4.03691
35	68	-4.03691
36	79	-4.03661
37	78	-4.03661
85	98	4.03585
84	99	4.03585
66	99	-4.03544
67	98	-4.03544
6	49	4.03363
7	48	4.03363
53	82	4.03284
52	83	4.03284
38	91	-4.03268
39	90	-4.03268
18	47	-4.03229
19	46	-4.03229
59	70	-4.03218
58	71	-4.03218
12	81	-4.03154
13	80	-4.03154
27	96	-4.03094
26	97	-4.03094
65	88	-4.03085
64	89	-4.03085
6	33	-4.03076
7	32	-4.03076
1	80	4.03001
0	81	4.03001
29	76	4.02971
28	77	4.02971
60	87	-4.02965
61	86	-4.02965
7	84	4.02861
6	85	4.02861
5	82	-4.0277
4	83	-4.0277
52	69	4.02722
53	68	4.02722
26	43	4.02714
27	42	4.02714
44	67	-4.02615
45	66	-4.02615
17	62	4.02562
16	63	4.02562
44	55	4.02446
45	54	4.02446
19	54	-4.02399
18	55	-4.02399
51	68	-4.02372
50	69	-4.02372
21	46	4.02358
20	47	4.02358
81	86	4.02351
80	87	4.02351
5	62	4.02344
4	63	4.02344
82	89	-4.02284
83	88	-4.02284
44	95	-4.02254
45	94	-4.02254
33	76	4.02191
32	77	4.02191
3	22	4.0217
2	23	4.0217
2	69	4.02132
3	68	4.02132
21	28	-4.02116
20	29	-4.02116
23	50	-4.02114
22	51	-4.02114
19	66	4.02098
18	67	4.02098
53	62	-4.02077
52	63	-4.02077
6	61	-4.02025
7	60	-4.02025
15	88	-4.02015
14	89	-4.02015
16	69	-4.02001
17	68	-4.02001
40	55	-4.01996
41	54	-4.01996
24	87	-4.01952
25	86	-4.01952
30	75	-4.01886
31	74	-4.01886
88	93	-4.01885
89	92	-4.01885
39	88	-4.01852
38	89	-4.01852
2	63	-4.01751
3	62	-4.01751
30	99	4.01663
31	98	4.01663
18	31	-4.0147
19	30	-4.0147
46	99	4.01422
47	98	4.01422
19	94	4.01422
18	95	4.01422
50	63	4.01393
51	62	4.01393
20	33	-4.01386
21	32	-4.01386
78	89	-4.01381
79	88	-4.01381
32	73	4.01344
33	72	4.01344
13	58	-4.01326
12	59	-4.01326
8	31	-4.01253
9	30	-4.01253
30	45	4.01154
31	44	4.01154
67	76	4.01056
66	77	4.01056
64	91	-4.01029
65	90	-4.01029
0	57	-4.00976
1	56	-4.00976
7	46	4.00823
6	47	4.00823
22	37	-4.00801
23	36	-4.00801
6	29	-4.0077
7	28	-4.0077
7	94	-4.00746
6	95	-4.00746
37	62	4.00639
36	63	4.00639
16	23	-4.00555
17	22	-4.00555
47	76	-4.00503
46	77	-4.00503
7	30	4.00437
6	31	4.00437
33	44	-4.00333
32	45	-4.00333
77	94	4.0033
76	95	4.0033
30	77	-4.00264
31	76	-4.00264
12	97	-4.00264
13	96	-4.00264
4	79	-4.0025
5	78	-4.0025
21	94	-4.00236
20	95	-4.00236
35	78	-4.00232
34	79	-4.00232
42	71	4.00188
43	70	4.00188
7	66	-4.00186
6	67	-4.00186
20	67	-4.00135
21	66	-4.00135
54	73	-4.00102
55	72	-4.00102
56	87	-4.00069
57	86	-4.00069
36	69	-4.0005
37	68	-4.0005
18	33	4.00048
19	32	4.00048
20	31	4.00019
21	30	4.00019
14	82	2.99862
8	74	2.99767
66	94	2.99532
6	20	2.99428
48	84	2.99365
14	38	2.99295
28	60	2.99294
22	68	2.99191
38	64	2.99128
58	96	2.99053
28	66	2.99011
4	34	2.99007
38	82	2.98909
82	92	2.98897
14	92	2.98876
20	44	2.9885
0	86	2.98784
32	94	2.98535
18	72	2.9834
18	76	2.98261
2	50	-2.97996
28	94	2.97789
32	66	2.97412
14	64	2.97296
6	44	2.97201
30	46	2.97182
2	4	-2.97111
60	66	2.96949
56	60	2.96923
34	88	2.96743
2	34	-2.96534
6	98	2.96495
38	92	2.96469
64	82	2.96297
24	60	2.9629
16	36	2.9624
28	56	2.95463
36	50	2.95258
48	80	2.95152
46	48	2.95055
40	72	2.94935
20	98	2.94922
68	82	2.94841
4	88	2.94747
60	94	2.94723
26	70	2.94641
44	98	2.94451
68	92	2.93883
24	56	2.93596
64	92	2.93438
28	32	2.93425
72	76	2.93347
16	72	2.93328
4	50	2.93167
14	68	2.93106
6	86	2.92997
8	76	2.92993
16	40	2.92967
30	54	2.92699
24	28	2.92588
62	78	-2.92378
80	84	2.92129
22	92	2.91906
46	84	2.91856
22	82	2.91505
46	80	2.91399
18	40	2.91153
22	54	2.90993
8	10	2.90786
56	66	2.90667
74	76	2.90472
34	50	2.90398
38	68	2.90232
10	74	2.90139
20	86	2.89957
2	36	-2.8986
56	90	2.89797
14	22	2.89502
0	64	2.89464
46	54	2.89262
8	18	2.89148
32	60	2.89146
56	94	2.88796
16	50	2.8854
4	36	2.88484
24	66	2.88005
2	88	-2.87176
30	48	2.86795
18	74	2.86666
0	6	2.86511
54	68	2.86242
42	90	2.85988
16	18	2.85621
86	98	2.8556
4	90	2.85492
22	38	2.85413
54	84	2.85168
48	54	2.85016
40	76	2.84456
0	38	2.84327
2	44	2.84254
64	68	2.84116
24	94	2.83698
30	84	2.83272
22	78	2.83258
0	20	2.82903
8	72	2.82868
44	86	2.82743
8	40	2.82461
34	36	2.82271
64	86	2.82235
10	76	2.82228
0	14	2.82054
88	90	2.81974
40	74	2.81886
10	70	2.81841
36	72	2.81748
36	90	2.8144
78	92	2.81289
36	40	2.81142
10	26	2.808
44	50	-2.80789
72	74	2.80537
30	80	2.8026
32	56	2.80255
34	90	2.80006
0	12	-2.79495
0	92	2.79167
0	82	2.79155
2	16	-2.78938
22	64	2.7846
26	76	2.78424
50	88	2.78358
68	78	2.7831
12	92	-2.77659
54	78	2.77622
0	98	2.77333
60	90	2.77177
24	90	2.76977
2	20	2.76722
24	32	2.76704
42	56	2.76578
34	44	-2.7629
12	86	-2.76157
38	86	2.75787
50	72	2.75605
16	76	2.75501
4	16	2.74496
12	26	2.74406
20	50	-2.74375
36	42	2.74313
0	44	2.74212
2	90	-2.74081
28	90	2.73924
12	78	-2.73902
78	82	2.73763
14	86	2.73005
14	78	2.72824
12	14	-2.72666
10	18	2.72607
50	90	2.72533
4	44	-2.72393
36	88	2.71654
18	36	2.71431
54	62	-2.71087
62	70	2.7097
30	96	2.70944
2	6	2.70839
22	30	2.70769
12	82	-2.70619
46	96	2.7029
22	84	2.70149
54	92	2.69964
86	92	2.69916
82	86	2.69712
16	42	2.69684
54	80	2.69581
12	64	-2.69416
12	38	-2.68979
54	82	2.68674
2	98	2.68579
8	26	2.68419
18	26	2.68386
6	50	-2.68015
16	90	2.67998
40	50	2.6782
68	84	2.67508
16	34	2.67205
26	78	-2.67183
30	62	-2.66868
20	34	-2.66841
22	48	2.66676
56	88	2.66631
18	50	2.66357
22	46	2.66189
26	62	2.65995
12	20	-2.65945
24	88	2.65942
66	90	2.65629
14	54	2.65558
38	78	2.65518
6	12	-2.65369
22	62	-2.65324
28	42	2.65033
52	58	2.64821
26	74	2.64808
40	42	2.64587
8	16	2.64415
30	68	2.64018
42	60	2.64003
90	94	2.63903
34	98	-2.638
80	96	2.63623
70	76	2.63597
2	72	-2.63478
48	68	2.63173
4	20	-2.62972
46	58	2.62959
44	88	-2.628
30	78	2.62655
16	74	2.62653
36	44	-2.62613
70	78	-2.62518
30	58	2.62516
50	98	-2.62225
10	72	2.6216
42	94	2.61628
4	56	2.61476
6	34	-2.61307
12	76	2.61054
46	68	2.60496
4	42	2.60482
52	96	2.60211
38	54	2.60058
42	66	2.6001
8	70	2.59963
36	76	2.59784
64	78	2.59565
58	80	2.58945
0	68	2.58777
12	44	-2.58615
6	64	2.58571
12	18	2.584
62	68	-2.58025
62	92	-2.57922
4	98	-2.57698
70	74	2.57166
26	72	2.57094
12	68	-2.57032
34	56	2.56994
4	6	-2.56922
52	80	2.56847
42	50	2.5664
12	22	-2.56453
10	40	2.5632
12	70	2.5624
20	36	-2.5592
50	76	2.55911
2	40	-2.55505
16	44	-2.55294
4	72	2.55211
60	88	2.55056
24	42	2.54879
16	88	2.54859
12	62	2.54484
48	96	2.5443
2	18	-2.54179
4	24	2.5353
0	22	2.53526
20	64	2.53364
12	72	2.53206
88	98	-2.52952
2	42	-2.52443
20	88	-2.52412
46	62	-2.52283
34	42	2.5228
32	90	2.52252
36	56	2.52243
32	42	2.52072
40	90	2.51729
24	34	2.51659
18	70	2.51538
54	64	2.51511
4	40	2.51422
16	20	-2.50868
6	38	2.50794
46	78	2.5018
42	88	2.4998
62	82	-2.49922
6	36	-2.49463
64	98	2.49325
12	98	-2.49225
34	72	2.49099
0	78	2.49015
14	62	-2.48784
42	72	2.48693
28	88	2.48564
48	58	2.48398
44	72	-2.48394
68	86	2.48181
6	14	2.48001
8	36	2.47893
84	96	2.47762
2	86	2.47478
50	86	-2.47353
6	88	-2.47349
20	72	-2.46775
82	84	2.46465
54	96	2.46459
4	60	2.46389
36	74	2.46286
22	80	2.45942
20	38	2.45885
2	56	-2.45653
6	92	2.45626
30	92	2.45436
4	18	2.45342
6	16	-2.4484
28	54	-2.44765
2	76	-2.44566
54	66	-2.44535
54	60	-2.44439
6	82	2.44437
72	90	2.44073
30	82	2.43958
36	98	-2.43898
34	40	2.43693
84	92	2.43677
14	20	2.43591
54	94	-2.43382
32	78	-2.43373
22	86	2.43087
44	64	2.4298
14	84	2.42927
78	84	2.42924
46	56	-2.42912
34	60	2.42902
24	84	-2.42888
18	44	-2.42806
30	56	-2.42778
26	92	-2.42741
18	20	-2.42202
58	84	2.42084
68	80	2.42073
50	56	2.4206
20	92	2.41897
48	78	2.41857
28	30	-2.41777
38	62	-2.41724
32	54	-2.41717
48	82	2.41691
24	48	-2.41657
54	56	-2.41483
12	50	2.41397
32	62	2.41345
78	86	2.41248
6	72	-2.41242
38	98	2.41049
4	28	2.41008
30	60	-2.40958
14	30	2.40896
10	16	2.4086
22	66	-2.40795
42	96	-2.40706
30	66	-2.40668
30	94	-2.40662
46	60	-2.4054
26	40	2.40485
24	54	-2.4036
18	34	2.40324
48	56	-2.40311
46	90	-2.40228
20	82	2.4008
38	84	2.40051
8	12	2.3993
28	46	-2.39886
70	72	2.39766
22	32	-2.39752
48	62	-2.39633
48	92	2.39548
8	50	2.39537
66	88	2.39526
48	60	-2.3936
60	84	-2.39318
56	84	-2.39273
78	94	-2.39261
22	28	-2.39254
46	82	2.39165
80	90	-2.39094
0	50	-2.39072
46	92	2.39058
22	94	-2.38972
22	60	-2.38888
42	58	-2.38836
10	12	2.38719
62	84	-2.38671
16	56	2.38605
54	58	2.38293
62	94	2.38255
14	48	2.38233
0	2	2.38188
66	68	-2.3792
30	32	-2.37878
66	78	-2.37806
46	52	2.37804
12	16	2.37758
24	46	-2.37704
46	66	-2.37661
18	42	2.37639
80	88	-2.37623
24	36	2.37463
30	90	-2.37418
14	98	2.37383
28	34	2.3724
50	74	2.37164
2	24	-2.37116
48	90	-2.37084
6	18	-2.37065
44	90	-2.37064
72	88	2.37062
4	80	-2.36936
28	48	-2.36774
32	68	-2.36602
62	64	-2.36596
46	94	-2.36539
60	68	-2.36491
56	80	-2.36461
28	68	-2.36434
22	24	-2.36417
16	98	-2.3637
28	84	-2.36343
48	52	2.36316
20	76	-2.36314
44	76	-2.36294
12	74	2.36289
88	94	2.36246
16	58	-2.36164
4	76	2.36104
50	52	-2.36087
34	86	-2.36012
30	38	2.35987
14	46	2.35918
38	44	2.35717
68	94	-2.3569
36	60	2.35678
34	80	-2.35612
24	80	-2.35425
24	68	-2.35372
14	26	-2.35359
2	12	-2.35303
62	66	2.35285
40	44	-2.3516
38	48	2.35092
24	30	-2.34962
26	82	-2.34906
36	58	-2.34831
72	86	-2.34797
22	26	-2.34794
84	90	-2.34533
12	54	-2.3435
40	88	2.3426
40	58	-2.34234
92	98	2.34116
82	98	2.34095
36	96	-2.34007
16	96	-2.3379
12	40	2.33637
16	26	2.33634
48	66	-2.33611
14	44	2.33585
48	88	-2.33539
60	80	-2.33519
36	52	-2.33492
18	86	-2.33326
28	78	-2.33292
20	40	-2.33229
32	92	-2.33226
32	46	-2.33144
66	84	-2.33127
18	90	2.33114
2	52	2.32996
32	52	-2.32987
30	42	-2.32894
0	26	-2.32866
84	88	-2.32843
4	86	-2.32617
90	96	-2.32564
34	76	2.32488
28	36	2.32435
0	72	-2.32418
26	68	-2.324
64	84	2.32275
0	18	-2.32262
16	86	-2.3225
44	92	2.32163
4	66	2.32087
10	62	2.32041
10	88	2.31846
38	46	2.31818
6	76	-2.31667
36	86	-2.31643
28	62	2.31307
24	50	2.31296
28	80	-2.31132
62	96	-2.31112
22	56	-2.31105
52	84	2.31017
48	94	-2.30928
16	52	-2.30897
66	92	-2.30893
40	96	-2.3087
70	92	-2.30856
20	26	-2.30806
26	86	-2.30761
2	80	2.30753
2	60	-2.30717
32	82	-2.30529
26	38	-2.30375
44	82	2.30312
12	36	2.30303
2	8	-2.30256
10	78	-2.30184
0	76	-2.30125
84	94	-2.30064
0	62	-2.30046
18	88	2.30026
76	86	-2.30008
58	90	-2.29836
4	94	2.29764
42	46	-2.29758
60	78	-2.29636
92	94	-2.2962
66	82	-2.29487
4	52	-2.29461
14	32	-2.29411
52	94	-2.29389
72	98	-2.29331
22	70	-2.29247
4	48	-2.29189
52	66	-2.29161
10	36	2.29074
6	40	-2.29051
54	90	-2.28845
76	78	-2.28826
30	64	2.28804
26	44	-2.28727
34	66	2.28629
58	72	-2.28628
6	26	-2.28562
20	90	-2.28376
42	74	2.28359
2	74	-2.28248
62	80	-2.28239
30	52	2.28153
40	56	2.28114
56	68	-2.28091
34	48	-2.2806
66	80	-2.28059
26	64	-2.28017
14	66	-2.27955
36	80	-2.27715
82	94	-2.27687
48	64	2.27579
10	50	2.27579
50	80	-2.27563
8	42	2.27441
0	16	-2.27407
28	92	-2.27393
4	8	2.27385
46	88	-2.27325
32	48	-2.27214
42	76	2.27043
60	62	2.27002
4	46	-2.26979
54	70	-2.26921
0	54	2.26904
4	84	-2.26831
10	24	2.26802
50	60	2.26797
52	72	-2.2679
0	34	-2.26786
28	52	-2.26751
34	52	-2.26733
32	88	2.26699
44	52	2.26664
28	82	-2.26642
26	50	2.26416
32	84	-2.26366
40	70	2.26342
4	74	2.26294
14	94	-2.2628
34	94	2.26221
34	84	-2.26213
10	34	2.26164
2	28	-2.26135
60	92	-2.26135
60	82	-2.26055
32	38	-2.25923
90	98	-2.25875
80	94	-2.25854
26	54	-2.25832
78	80	2.25811
68	70	-2.25767
52	90	-2.25667
62	86	-2.25434
20	52	2.25361
52	60	-2.25274
50	58	-2.25254
56	96	-2.25182
16	24	2.25084
0	36	-2.25061
14	28	-2.24921
76	88	2.24863
36	66	2.24854
38	66	-2.24837
40	86	-2.24737
6	78	2.2472
18	98	-2.24709
24	82	-2.24703
76	92	-2.24663
46	64	2.24631
4	10	2.24602
2	10	-2.24584
72	96	-2.24543
8	34	2.24424
6	68	2.24424
50	96	-2.24305
14	60	-2.2421
34	46	-2.24081
0	4	-2.23993
36	94	2.23979
42	44	-2.23908
70	82	-2.23881
8	88	2.23851
16	60	2.23819
14	70	-2.23758
74	88	2.23735
44	70	-2.23684
52	56	-2.23647
6	90	-2.23544
76	90	2.23542
20	70	-2.23493
58	62	-2.23441
64	76	-2.2344
74	90	2.23435
18	58	-2.23362
56	62	2.23338
34	74	2.23333
24	92	-2.23268
24	74	2.23258
18	52	-2.2325
22	96	2.23184
86	88	-2.23155
38	74	-2.23094
38	94	-2.23054
0	40	-2.23019
14	76	-2.23017
20	78	2.23001
28	50	2.2295
64	74	-2.22871
8	90	2.22853
70	98	-2.22814
32	80	-2.22743
14	24	-2.22742
56	78	-2.22679
38	76	-2.22671
18	64	-2.22659
94	96	-2.22658
80	82	2.2262
36	46	-2.22507
62	76	2.22329
6	70	-2.2219
8	38	-2.22179
32	64	-2.22172
6	52	2.22146
28	38	-2.22069
26	36	2.22028
8	64	-2.21993
76	82	-2.21969
18	78	-2.21815
70	88	2.21787
4	96	-2.21769
56	58	-2.2167
38	60	-2.2162
32	96	-2.21481
42	80	-2.21472
42	54	-2.21426
16	28	2.21413
12	34	2.21409
26	98	-2.21358
24	78	-2.21332
2	26	-2.21332
18	92	-2.21252
74	82	-2.21237
14	74	-2.2119
28	96	-2.21142
4	12	2.21082
40	98	-2.21023
80	92	2.20985
42	98	-2.20983
20	68	2.2097
24	38	-2.20965
2	48	2.20907
18	38	-2.20833
24	52	-2.20795
4	58	-2.20735
6	22	2.20727
66	96	-2.20724
10	84	-2.20709
8	14	-2.20693
8	82	-2.20617
8	24	2.20569
64	66	-2.20547
14	18	-2.20427
64	72	-2.20315
12	32	2.20309
0	70	-2.2029
52	88	-2.20279
42	48	-2.20245
2	58	2.20106
4	32	2.20103
30	70	-2.20071
4	30	-2.20033
2	96	2.20026
58	94	-2.20016
30	88	-2.19962
76	98	-2.1995
10	68	-2.199
14	80	2.1986
70	86	-2.19816
68	96	2.19705
32	70	2.19603
32	58	-2.19531
24	40	2.19471
8	92	-2.19373
16	70	2.19351
40	52	-2.19283
2	46	2.19263
60	96	-2.19247
74	92	-2.19202
20	42	-2.19157
36	48	-2.19119
18	82	-2.191
64	94	-2.19066
38	70	-2.19045
10	92	-2.18956
18	96	-2.1895
8	78	-2.18845
52	76	-2.18835
78	96	2.18814
12	52	-2.18766
54	86	2.18759
10	22	-2.18737
2	66	-2.18631
68	74	-2.18605
16	80	-2.18573
56	72	2.18509
34	70	2.18483
30	36	-2.18351
2	84	2.18338
10	82	-2.18158
8	44	-2.18064
28	58	-2.1804
58	66	-2.17984
40	64	-2.17943
42	52	-2.17777
26	32	2.1775
20	22	2.1774
46	50	-2.17736
38	72	-2.17664
28	64	-2.17662
22	58	2.17651
58	76	-2.17649
24	62	2.17646
10	14	-2.17607
8	68	-2.17605
0	8	-2.17601
8	20	-2.17569
38	80	2.17502
78	98	2.17401
50	70	2.1739
2	70	-2.17372
42	84	-2.17371
48	50	-2.17352
32	34	2.17347
40	60	2.17344
6	42	-2.17222
70	84	-2.17128
60	64	-2.17058
2	94	-2.16987
62	98	-2.16938
30	34	-2.16839
34	96	-2.16821
74	78	-2.16818
10	38	-2.16809
72	92	-2.16789
12	30	-2.16753
56	92	-2.16716
56	82	-2.16701
0	74	-2.16668
14	72	-2.16652
44	78	2.16634
6	62	-2.16418
64	70	-2.16414
68	98	2.16396
24	64	-2.16383
10	48	-2.16266
42	62	2.16246
58	60	-2.1609
50	66	2.16009
10	44	-2.15994
36	84	-2.15942
52	86	2.15942
8	86	-2.15845
34	58	-2.15742
44	74	-2.15663
54	88	-2.15603
10	90	2.15536
26	34	2.15531
8	58	-2.1545
26	30	-2.1544
52	98	2.15392
28	40	2.15385
16	66	2.15384
8	62	2.15345
0	88	-2.15326
58	68	2.15281
20	74	-2.15213
58	74	-2.15195
72	82	-2.15188
32	36	2.15186
38	40	-2.15127
10	60	2.15075
22	74	-2.15074
70	94	2.15064
68	76	-2.15026
72	78	-2.15
16	94	2.14991
14	56	-2.14923
48	70	-2.14857
50	94	2.14775
18	62	2.14756
16	46	-2.14754
74	86	-2.14621
10	64	-2.14611
22	90	-2.14549
20	62	-2.14535
50	84	-2.14475
6	8	-2.14456
8	22	-2.14423
4	70	2.14398
56	74	2.14293
12	94	2.14106
50	64	-2.14022
4	26	2.1402
44	56	-2.13964
10	20	-2.13943
74	84	-2.13941
26	88	2.13733
44	68	2.13618
66	70	2.13484
60	74	2.13439
12	66	2.13431
46	70	-2.13426
62	74	2.13392
22	76	-2.13337
0	52	2.1333
76	96	-2.13318
44	80	2.1327
22	98	2.13146
10	56	2.1309
88	96	-2.12951
2	30	2.12762
38	56	-2.1272
10	54	-2.12703
58	78	2.12573
8	56	2.1255
8	84	-2.12541
16	64	-2.12469
6	74	-2.12456
24	96	-2.12444
2	64	2.12412
52	54	2.12385
24	70	2.12296
14	40	-2.12227
64	80	2.12128
0	32	-2.12123
30	50	-2.12107
26	94	2.12088
4	54	-2.12019
16	30	-2.12008
36	70	2.11989
68	90	-2.11891
24	72	2.11837
10	28	2.11597
8	96	-2.1155
26	84	-2.11508
18	56	2.11482
74	96	-2.11435
10	80	-2.11384
40	82	-2.11316
8	60	2.11276
58	88	-2.11195
6	10	-2.1111
22	44	2.11075
16	48	-2.11063
44	62	-2.11035
18	68	-2.11028
40	66	2.10829
28	70	2.10811
62	90	2.10733
26	66	2.10571
82	96	2.10545
12	88	2.1054
0	30	2.10518
40	94	2.10375
10	66	2.10306
0	10	-2.10209
12	46	-2.10192
34	54	-2.10186
48	74	-2.10066
28	74	2.09994
38	50	-2.09963
38	96	2.09943
60	70	2.09909
24	44	-2.09906
40	92	-2.09819
12	84	-2.09789
24	58	-2.09701
70	80	-2.0969
2	32	-2.09582
50	92	-2.09574
0	84	2.09559
42	86	-2.09485
14	96	2.09432
22	42	-2.09389
14	50	-2.09309
64	96	2.09292
10	32	2.09286
16	38	-2.09215
26	48	-2.09154
10	98	-2.09142
18	22	-2.09138
56	98	-2.09052
12	28	2.09043
92	96	2.09017
40	80	-2.08987
10	86	-2.08938
56	64	-2.08923
58	64	2.0892
8	48	-2.08911
42	78	-2.08853
20	80	2.08849
38	58	2.08842
60	72	2.08829
10	42	2.08796
26	46	-2.08773
18	24	2.08753
16	84	-2.08715
62	72	2.08486
26	52	-2.08447
72	80	-2.08418
2	38	2.08412
58	82	2.0837
10	94	2.08333
0	66	-2.08284
16	32	2.08248
32	86	-2.0812
44	58	2.08104
8	28	2.08097
20	56	-2.08089
0	94	-2.08083
12	48	-2.08071
24	76	2.07964
32	50	2.07879
86	90	-2.07835
78	90	-2.07764
40	46	-2.07754
2	92	2.07734
2	14	2.07723
14	16	-2.07712
8	52	-2.0771
66	74	2.07615
36	64	-2.07579
14	58	2.07557
50	82	-2.07552
36	54	-2.0751
42	68	-2.07503
8	98	-2.07436
80	98	2.0743
44	96	2.07339
0	48	2.07224
16	92	-2.07161
96	98	2.07115
58	98	2.07087
26	28	2.07079
68	72	-2.06998
28	72	2.06953
20	58	2.06898
12	60	2.06878
56	76	2.0673
0	42	-2.06719
56	70	2.06703
30	40	-2.06649
6	80	2.06601
0	46	2.06584
22	88	-2.06512
16	82	-2.06439
10	46	-2.06428
74	80	-2.06334
6	58	2.06321
58	92	2.06282
52	74	-2.06198
54	74	-2.06167
24	26	2.06164
2	82	2.06123
74	98	-2.06093
8	66	2.05946
20	96	2.05909
30	86	2.05877
42	64	-2.05823
40	48	-2.05808
8	80	-2.05752
44	60	-2.0571
34	64	-2.05685
6	56	-2.05675
26	60	2.0561
68	88	-2.05606
8	54	-2.05594
40	84	-2.0557
6	96	2.05501
40	68	-2.05494
2	54	2.0545
24	98	-2.05395
74	94	2.05346
0	28	-2.05329
44	48	2.05316
58	86	2.05293
32	40	2.05218
22	72	-2.05209
10	30	-2.05067
18	80	-2.05026
40	78	-2.04973
84	86	2.04968
20	24	-2.04957
6	54	2.04937
18	60	2.04786
0	58	2.04779
38	42	-2.04683
36	38	-2.0464
86	94	-2.04627
46	72	-2.04602
66	86	-2.04527
16	78	-2.04487
86	96	2.04432
4	64	-2.04426
50	78	-2.04402
76	84	-2.0439
62	88	2.04388
10	58	-2.04343
32	74	2.0431
0	60	-2.04294
50	54	-2.04217
44	84	2.04198
0	96	2.04104
8	94	2.03997
12	90	2.03814
0	90	-2.03769
54	76	-2.03751
28	44	-2.03735
14	36	-2.03723
42	82	-2.03716
36	92	-2.03633
66	72	2.03589
48	72	-2.03585
20	54	2.03584
26	80	-2.03584
70	90	2.03524
12	24	2.03464
10	52	-2.03444
48	86	2.0343
14	42	-2.03366
82	90	-2.0336
8	32	2.03337
72	94	2.03263
44	46	2.0324
90	92	-2.03214
72	84	-2.03193
0	24	-2.0319
34	38	-2.03144
52	64	2.03142
18	28	2.03129
76	80	-2.03125
60	98	-2.03103
6	24	-2.03096
22	40	-2.03036
30	72	-2.03
60	76	2.02988
32	98	-2.02982
70	96	-2.02971
4	22	-2.02958
18	84	-2.0295
46	86	2.0288
46	74	-2.02868
16	54	-2.02864
52	92	2.02845
14	34	-2.02759
94	98	-2.02741
36	82	-2.02695
34	92	-2.0267
52	70	-2.0264
20	48	2.02635
48	76	-2.02626
28	98	-2.02568
42	92	-2.02556
2	78	2.02461
22	34	-2.02448
14	90	-2.02414
8	46	-2.02272
28	86	-2.02251
18	48	-2.0225
4	38	-2.02238
40	62	2.02236
22	52	2.02223
14	52	2.02208
20	60	-2.02174
48	98	2.02152
12	56	2.02136
4	92	-2.0213
10	96	-2.02109
54	98	2.02105
26	56	2.02077
4	68	-2.02051
34	62	2.02034
26	90	2.02023
4	14	-2.02012
20	84	2.02012
38	52	2.01997
34	82	-2.0199
12	42	2.0198
26	58	-2.01918
52	78	2.01882
34	68	-2.01846
36	78	-2.0183
84	98	2.01793
66	98	-2.01772
6	48	2.01681
52	82	2.01642
38	90	-2.01634
18	46	-2.01614
58	70	-2.01609
12	80	-2.01577
26	96	-2.01547
64	88	-2.01542
6	32	-2.01538
0	80	2.01501
28	76	2.01486
60	86	-2.01482
6	84	2.0143
4	82	-2.01385
52	68	2.01361
26	42	2.01357
44	66	-2.01307
16	62	2.01281
44	54	2.01223
18	54	-2.012
50	68	-2.01186
20	46	2.01179
80	86	2.01176
4	62	2.01172
82	88	-2.01142
44	94	-2.01127
32	76	2.01096
2	22	2.01085
2	68	2.01066
20	28	-2.01058
22	50	-2.01057
18	66	2.01049
52	62	-2.01039
6	60	-2.01013
14	88	-2.01007
16	68	-2.01
40	54	-2.00998
24	86	-2.00976
30	74	-2.00943
88	92	-2.00943
38	88	-2.00926
2	62	-2.00875
30	98	2.00831
18	30	-2.00735
46	98	2.00711
18	94	2.00711
50	62	2.00697
20	32	-2.00693
78	88	-2.00691
32	72	2.00672
12	58	-2.00663
8	30	-2.00627
30	44	2.00577
66	76	2.00528
64	90	-2.00514
0	56	-2.00488
6	46	2.00412
22	36	-2.004
6	28	-2.00385
6	94	-2.00373
36	62	2.0032
16	22	-2.00278
46	76	-2.00251
6	30	2.00218
32	44	-2.00166
76	94	2.00165
30	76	-2.00132
12	96	-2.00132
4	78	-2.00125
20	94	-2.00118
34	78	-2.00116
42	70	2.00094
6	66	-2.00093
20	66	-2.00068
54	72	-2.00051
56	86	-2.00034
36	68	-2.00025
18	32	2.00024
20	30	2.0001
