27	85	199.972
9	53	199.771
17	97	199.521
61	89	199.432
53	61	199.406
5	73	199.33
65	67	-199.22
23	85	199.162
9	61	199.084
23	27	198.953
39	85	198.6
17	89	198.562
27	39	198.445
55	93	198.267
23	53	198.196
9	89	197.938
53	89	197.913
21	83	197.866
25	27	197.784
11	77	197.638
7	75	197.593
57	77	197.453
25	85	197.372
11	29	197.272
89	97	197.226
9	23	197.108
3	49	196.962
95	97	196.784
7	63	196.703
83	97	196.623
23	39	196.572
21	95	196.51
23	25	196.444
17	61	196.344
23	61	196.316
13	51	196.216
19	45	196.097
57	79	196.075
31	45	-195.94
53	85	195.525
11	49	195.336
19	59	195.196
29	91	194.978
27	53	194.903
9	17	194.766
49	77	194.687
17	95	194.539
17	83	194.454
21	97	194.408
61	97	194.227
63	75	194.191
17	53	193.898
61	85	193.686
83	95	193.642
9	85	193.638
39	53	193.301
89	95	193.076
25	39	193.042
23	89	192.972
9	27	192.954
39	61	192.928
27	61	192.877
43	45	192.665
17	67	192.114
35	67	-191.811
9	97	191.584
25	31	191.074
15	37	191.065
17	21	190.876
5	99	190.851
17	65	-190.834
53	97	190.821
57	73	190.776
9	39	190.759
11	57	190.513
67	97	190.407
29	77	190.298
11	91	190.15
25	53	190.131
67	83	190.012
73	77	189.994
35	71	189.937
49	57	189.911
67	71	-189.763
61	95	189.716
5	77	189.714
85	89	189.662
29	49	189.521
39	89	189.505
65	71	189.432
41	93	189.428
73	99	189.376
43	93	189.365
49	91	188.944
27	89	188.648
35	83	-188.514
9	25	188.449
9	65	-188.363
73	79	188.321
1	13	188.264
83	89	188.21
5	57	188.157
65	97	-188.081
63	91	188.081
77	79	187.931
69	81	-187.846
79	87	-187.494
45	59	187.294
65	89	-187.051
35	65	187.024
67	89	186.957
3	77	186.579
33	87	186.47
31	43	-186.457
17	23	186.19
69	73	186.109
25	61	186.088
19	31	-186.084
9	67	186.028
5	11	185.817
19	43	185.596
3	11	185.533
21	89	185.335
65	83	-185.294
53	65	-185.273
61	65	-185.048
75	91	184.942
1	51	184.882
69	79	184.876
53	95	184.671
41	55	184.617
9	95	184.258
3	57	184.213
33	79	-184.071
41	43	184.043
11	73	183.976
43	59	183.957
61	67	183.896
57	87	-183.532
47	59	183.482
5	79	183.354
61	83	182.991
53	67	182.947
41	59	182.625
23	97	182.272
31	37	181.954
17	85	181.493
27	31	181.438
17	39	181.357
3	91	181.172
5	69	181.167
69	99	181.068
25	89	180.536
43	55	180.357
77	91	180.344
21	67	180.305
31	85	180.258
17	27	180.23
25	45	-179.892
21	61	179.874
9	83	179.799
35	97	-179.718
5	29	179.499
3	87	-179.355
21	35	-179.346
29	57	179.232
7	91	179.223
17	35	-178.835
25	43	-178.781
39	97	178.766
39	95	178.53
53	83	178.192
67	95	178.107
23	31	177.951
85	97	177.737
3	29	177.567
23	95	176.79
23	65	-176.593
11	79	176.561
27	97	176.364
49	79	176.304
29	73	175.571
21	65	-174.925
65	95	-174.677
9	21	174.642
3	63	174.447
1	35	-174.294
85	95	174.168
57	69	174.159
21	53	173.914
49	63	173.899
49	87	-173.736
37	45	-173.655
77	87	-173.561
31	39	173.125
23	67	172.958
5	49	172.837
27	95	172.749
49	73	172.733
3	79	172.093
33	69	-171.829
31	59	-171.829
17	25	171.175
19	47	170.921
29	63	170.811
23	43	-170.002
19	41	169.956
19	81	-169.725
55	65	169.689
33	57	-169.659
71	83	-169.564
35	95	-169.26
35	89	-169.217
65	85	-169.079
19	37	-168.649
45	93	168.533
41	45	168.158
17	71	-168.056
27	65	-168
27	43	-167.888
57	91	167.74
55	71	167.439
29	75	167.415
27	45	-167.319
43	85	-167.221
31	53	167.17
33	81	166.849
65	93	166.804
23	83	166.76
45	85	-166.097
25	97	166.078
77	99	166.072
71	97	-165.711
57	99	165.568
59	93	165.55
67	85	165.498
47	81	-165.476
25	37	165.475
11	63	165.473
9	31	165.394
23	45	-165.172
9	43	-164.867
69	77	164.545
79	99	164.516
27	67	164.265
43	53	-164.18
39	65	-164.175
25	65	-163.893
9	35	-163.884
35	61	-163.591
21	23	163.043
19	25	-162.85
39	83	162.816
59	81	-162.733
29	79	162.652
21	39	162.633
11	87	-162.579
1	83	162.549
55	67	-162.458
9	71	-162.218
39	67	161.875
11	99	161.541
9	93	-161.354
83	85	161.228
31	93	-161.133
3	73	161.123
71	89	-160.915
1	21	160.782
31	61	160.743
25	93	-160.568
73	87	-160.499
35	53	-160.444
79	81	-160.424
19	93	160.399
37	81	160.376
5	91	160.216
25	95	160.144
49	75	160.125
3	5	160.089
41	47	159.972
27	83	159.655
15	81	159.342
7	29	159.244
21	51	159.188
67	93	-158.891
21	85	158.825
71	93	158.723
53	93	-158.631
23	93	-158.528
25	67	158.486
53	71	-158.111
47	69	158.076
3	7	157.888
61	71	-157.846
7	49	157.792
69	87	-157.789
9	55	-157.784
47	99	157.326
43	61	-157.263
39	45	-157.249
21	27	157.225
33	73	-157.217
11	75	157.072
45	55	157.054
39	43	-157.023
3	75	156.924
27	37	156.727
81	99	-156.591
21	71	-156.504
29	99	156.475
73	91	156.441
15	31	156.264
33	77	-155.61
73	81	-155.475
37	85	155.149
45	53	-154.957
63	77	154.826
45	81	-154.817
5	87	-154.808
53	55	-154.47
45	47	154.314
55	59	154.165
43	65	154.014
9	45	-154.013
51	83	153.726
31	89	153.568
31	41	-153.212
61	93	-152.966
23	55	-152.461
27	93	-152.452
25	55	-152.433
85	93	-152.383
11	69	152.199
37	39	152.165
43	89	-151.794
37	43	-151.61
7	11	150.911
35	51	-150.827
31	55	-150.778
15	33	150.494
71	95	-150.333
5	33	-150.315
89	93	-150.232
25	59	-150.126
1	71	-149.502
55	61	-149.466
5	81	-149.368
19	27	-149.222
15	45	-149.117
79	91	149.086
29	87	-148.835
23	37	148.811
25	83	148.688
37	59	-148.681
23	71	-148.675
1	67	148.619
19	55	148.506
17	93	-148.152
23	35	-148.145
19	85	-147.931
45	61	-147.93
55	89	-147.81
17	55	-147.652
43	47	147.59
15	19	-147.302
3	33	-147.147
43	75	147.008
23	63	-147.001
25	63	-146.931
19	23	-146.666
7	25	-146.184
49	99	146.097
33	49	-145.981
3	95	-145.868
65	91	145.868
7	43	145.858
27	63	-145.82
63	85	-145.794
43	67	-145.75
17	49	-145.73
55	85	-145.696
53	63	-145.647
13	35	-145.647
27	55	-145.606
49	97	-145.597
9	63	-145.595
11	67	-145.516
29	65	145.423
3	97	-145.405
13	21	145.3
1	97	145.07
31	81	145.062
17	43	-145.033
3	89	-145.019
7	31	-145.006
3	17	-144.95
75	93	144.845
21	25	144.822
29	67	-144.799
11	65	144.676
87	91	-144.594
29	71	144.488
49	89	-144.152
49	83	-144.114
67	91	-144.093
49	69	144.033
75	77	143.9
3	61	-143.844
61	63	-143.627
1	95	143.608
57	81	-143.467
57	83	-143.363
17	31	143.333
25	41	-143.304
7	23	-143.261
35	77	143.24
57	63	143.229
77	83	-143.135
7	45	143.047
11	35	143.041
49	67	-143.031
3	21	-142.981
67	77	-142.893
35	55	142.808
51	95	142.719
93	97	-142.68
11	33	-142.598
55	97	-142.597
49	61	-142.523
5	35	142.476
49	95	-142.411
39	63	-142.396
39	93	-142.345
7	27	-142.315
9	91	-142.311
35	73	142.292
3	83	-142.276
49	65	142.087
7	85	-142.061
13	83	142.007
21	57	-141.913
21	49	-141.81
9	49	-141.792
3	53	-141.774
63	89	-141.667
3	9	-141.569
71	85	-141.504
55	75	141.467
1	69	-141.434
31	65	-141.341
35	85	-141.241
11	71	141.216
45	89	-141.201
49	53	-141.011
7	9	-140.968
53	91	-140.813
7	53	-140.812
65	77	140.672
27	71	-140.613
29	35	140.6
77	97	-140.595
1	17	140.594
1	65	-140.524
35	57	140.516
11	83	-140.512
25	75	-140.5
11	17	-140.5
29	69	140.28
35	39	-140.188
17	77	-140.115
27	35	-139.9
19	39	-139.881
31	63	-139.851
11	97	-139.81
17	91	-139.732
45	75	139.638
61	91	-139.467
21	77	-139.462
21	79	-139.455
19	69	139.328
21	87	139.313
89	91	-139.31
31	75	-139.219
43	63	139.202
15	25	139.146
81	87	139.068
57	97	-139.068
7	77	139.026
43	97	-138.967
17	63	-138.862
79	83	-138.811
71	91	138.774
23	75	-138.51
5	71	138.436
31	47	-138.336
13	81	138.303
9	75	-138.271
7	93	138.185
3	39	-138.063
3	23	-138.013
27	59	-137.963
23	41	-137.914
7	61	-137.913
23	91	-137.889
7	13	-137.784
59	69	137.781
25	71	-137.779
31	97	137.734
87	95	137.722
51	97	137.608
57	67	-137.606
35	49	137.517
17	57	-137.409
63	65	137.388
91	97	-137.341
53	75	-137.335
57	95	-137.309
7	39	-137.257
9	41	-137.218
39	71	-137.212
11	89	-137.196
33	51	137.011
59	85	-136.991
41	65	136.985
23	59	-136.94
65	75	136.866
71	77	136.784
3	69	136.703
55	91	136.681
19	53	-136.681
63	97	-136.547
15	69	-136.482
17	29	-136.469
35	93	136.415
3	85	-136.409
37	53	136.392
3	67	-136.355
55	83	-136.324
77	95	-136.222
39	55	-136.221
41	75	136.184
27	75	-136.145
1	73	-136.138
9	11	-136.063
75	85	-135.994
91	93	135.971
43	71	135.934
23	49	-135.919
77	89	-135.904
35	91	135.897
9	19	-135.851
41	53	-135.751
3	27	-135.676
7	89	-135.589
33	99	-135.547
91	99	135.471
3	99	135.433
71	73	135.416
47	73	135.372
3	65	135.352
63	67	-135.302
35	79	135.241
9	29	-135.228
11	61	-135.188
1	79	-135.183
11	21	-135.182
45	65	134.972
45	63	134.891
29	97	-134.707
31	67	134.677
7	19	134.666
1	81	134.624
51	79	-134.498
27	41	-134.468
13	69	-134.423
5	67	-134.382
11	53	-134.313
57	65	134.288
7	65	134.276
29	83	-134.256
83	91	-134.199
41	85	-134.189
13	63	-134.165
61	75	-134.105
85	91	-134.097
87	99	-134.063
83	93	-134.015
51	81	133.958
67	75	-133.916
29	89	-133.9
83	87	133.866
27	91	-133.701
63	93	133.691
9	37	133.67
1	5	-133.511
7	55	133.43
11	95	-133.333
67	73	-133.284
73	83	-133.279
43	81	-133.252
29	53	-133.2
25	91	-133.108
5	47	133.079
61	77	-133.018
7	17	-132.982
1	57	-132.915
49	85	-132.851
39	49	-132.817
29	61	-132.785
51	69	-132.644
79	95	-132.628
57	89	-132.591
25	35	-132.561
9	77	-132.527
17	45	-132.421
29	55	132.275
47	93	132.23
75	89	-132.139
27	49	-132.077
79	97	-132.029
17	51	131.988
15	27	131.947
19	75	131.929
7	67	-131.91
77	81	-131.897
63	87	-131.858
13	75	-131.702
93	95	-131.679
37	61	131.671
31	95	131.641
1	7	-131.64
5	83	-131.628
63	95	-131.615
87	97	131.599
51	67	131.504
35	99	131.437
5	65	131.384
49	71	131.383
33	37	131.375
57	75	131.219
63	83	-131.172
41	61	-131.122
13	79	-131.052
53	77	-131.001
29	33	-130.953
1	77	-130.939
55	95	-130.849
15	85	130.602
17	75	-130.525
39	91	-130.465
7	97	-130.457
7	41	130.343
39	75	-130.317
15	43	-130.311
19	61	-130.296
37	69	-130.287
1	89	130.197
15	59	-130.145
39	59	-130.137
57	71	130.044
55	63	130.026
59	75	129.961
43	91	129.955
7	59	129.951
43	95	-129.941
41	67	-129.888
41	71	129.874
1	75	-129.825
65	73	129.766
5	63	129.686
71	99	129.642
51	87	129.545
13	33	129.524
3	35	129.47
91	95	-129.433
17	79	-129.308
53	59	-129.288
3	25	-129.269
37	93	-129.178
15	39	129.091
13	95	129.087
57	61	-129.047
9	59	-129.009
21	73	-128.96
35	69	128.931
29	93	128.918
71	75	128.589
67	79	-128.58
17	87	128.563
21	55	-128.538
51	57	-128.404
41	89	-128.383
11	23	-128.335
23	29	-128.305
1	99	-128.295
37	47	-128.278
21	91	-128.266
21	63	-128.098
41	81	-128.091
7	51	-127.989
1	11	-127.936
45	67	-127.925
21	33	127.656
7	57	127.606
75	97	-127.576
21	29	-127.513
47	79	127.462
51	71	-127.326
9	57	-127.316
39	41	-127.078
1	63	-127.021
45	97	-127.008
63	73	127.001
21	93	-126.996
25	49	-126.806
13	57	-126.641
35	75	126.628
73	97	-126.587
5	21	-126.47
7	83	-126.437
29	95	-126.436
63	79	126.225
7	37	-126.204
13	97	126.171
51	63	-126.117
53	57	-126.106
87	89	126.078
43	83	-125.937
35	63	125.776
5	97	-125.738
1	49	-125.665
37	89	125.459
17	73	-125.447
17	41	-125.309
33	47	-125.214
15	23	125.107
5	17	-125.086
37	41	-124.955
3	51	-124.861
37	55	-124.794
51	65	-124.694
7	95	-124.652
7	35	124.601
19	63	124.587
19	89	-124.487
3	13	-124.45
65	79	124.437
1	29	-124.427
1	91	-124.388
11	85	-124.326
15	55	-124.3
23	77	-124.271
29	85	-124.134
1	61	124.113
59	99	124.102
75	83	-124.075
13	49	-124.04
79	89	-123.875
59	61	-123.845
45	69	123.827
13	67	123.78
11	55	123.766
11	27	-123.603
27	29	-123.586
47	55	123.564
51	89	123.511
63	71	123.468
5	75	123.442
41	63	123.294
15	99	-123.214
13	71	-123.186
1	33	123.159
13	77	-123.132
11	39	-123.099
61	87	123.023
49	51	-122.935
69	91	122.913
13	73	-122.801
7	21	-122.747
51	77	-122.73
15	79	-122.711
33	83	122.622
7	71	122.461
31	83	122.451
73	95	-122.431
69	83	-122.294
13	87	122.251
71	79	122.209
15	93	-122.187
31	91	-122.104
13	91	-121.972
41	97	-121.932
33	41	-121.8
1	9	121.704
25	29	-121.668
33	91	-121.665
29	39	-121.581
51	73	-121.58
13	17	121.568
19	33	-121.544
47	87	-121.402
3	71	121.399
21	69	-121.393
31	71	-121.244
51	75	-121.197
35	43	121.177
33	95	121.118
1	3	-120.995
37	63	-120.882
11	81	-120.759
25	47	-120.751
5	95	-120.739
45	95	-120.727
11	93	120.723
77	85	-120.593
39	77	-120.585
21	43	-120.522
19	65	120.461
19	99	120.259
41	91	120.216
75	87	-120.21
11	13	-120.152
75	95	-120.127
73	75	120.076
61	79	-119.966
67	87	119.868
33	59	-119.863
59	63	119.822
35	87	-119.809
11	25	-119.801
1	53	119.799
67	99	-119.789
27	77	-119.776
73	89	-119.735
49	55	119.705
5	89	-119.687
15	51	119.682
13	15	119.299
5	13	-119.262
41	95	-119.248
59	89	-119.236
53	87	119.218
23	57	-119.188
41	87	-119.116
47	57	119.106
9	87	119.057
25	81	118.997
37	75	-118.956
21	31	118.918
45	91	118.913
21	75	-118.895
15	41	-118.767
29	43	118.658
7	87	-118.592
49	93	118.506
13	37	118.422
1	87	118.365
15	73	-118.303
59	65	118.242
51	61	117.995
5	7	117.802
11	51	-117.701
15	87	117.654
5	15	-117.627
9	79	-117.597
13	19	-117.543
5	51	-117.516
13	65	-117.506
17	19	-117.394
45	71	117.352
65	87	-117.224
39	57	-117.033
65	99	116.991
17	37	116.924
83	99	-116.841
37	99	-116.823
15	47	-116.799
5	9	-116.725
5	61	-116.709
53	79	-116.643
13	29	-116.604
39	87	116.602
1	47	-116.597
61	73	-116.459
69	71	116.446
33	97	116.195
75	79	116.133
55	77	116.109
15	53	116.052
57	85	-116.043
9	73	-116.032
49	81	-115.934
15	71	-115.882
51	91	-115.542
31	69	-115.523
27	47	-115.437
33	35	-115.381
67	69	-115.301
27	57	-115.209
7	73	115.185
39	47	-115.142
41	83	-115.036
5	53	-115.009
3	55	114.911
25	77	-114.882
47	85	-114.881
3	93	114.857
19	67	-114.728
37	51	114.507
21	41	-114.432
45	83	-114.425
9	51	114.413
53	73	-114.412
9	15	114.352
23	87	114.322
37	65	-114.222
13	89	114.187
33	55	-113.958
43	49	113.869
7	15	-113.757
37	97	113.692
17	59	-113.613
81	93	-113.586
51	53	113.497
7	79	113.427
47	77	113.326
69	97	-113.326
19	97	-113.313
3	31	-113.31
85	87	113.198
77	93	113.111
17	33	113.048
21	99	-112.982
15	61	112.9
13	99	-112.85
23	47	-112.806
69	95	-112.794
31	35	-112.743
33	45	-112.735
35	41	112.734
3	43	112.704
59	67	-112.694
11	43	112.519
13	59	-112.494
27	87	112.455
3	81	-112.369
29	41	112.315
29	81	-112.293
29	51	-112.226
37	95	112.055
63	99	111.975
13	45	-111.687
31	49	-111.685
55	87	-111.67
59	73	111.578
97	99	-111.516
15	57	-111.5
13	47	-111.346
35	81	-111.342
1	23	111.328
19	79	111.296
65	69	111.293
37	79	-111.276
17	69	-111.16
19	73	111.025
21	45	-110.969
41	69	110.933
15	75	-110.882
37	71	-110.849
17	99	-110.824
59	79	110.691
29	31	-110.557
33	93	-110.5
27	81	110.463
23	79	-110.448
37	67	110.442
1	19	-110.437
59	97	-110.337
71	87	-110.224
19	91	110.169
33	67	110.088
7	47	110.035
55	57	109.987
13	61	109.976
51	99	-109.971
3	41	109.946
25	57	-109.934
19	51	-109.856
43	69	109.758
1	39	109.663
5	55	109.613
81	85	109.589
39	79	-109.47
33	89	109.393
19	95	-109.364
5	23	-109.329
5	59	109.314
95	99	-109.294
87	93	-109.268
1	59	-109.202
15	63	-109.134
15	89	109.064
47	75	109.054
31	33	108.959
13	31	108.957
59	87	-108.823
15	29	-108.812
45	99	108.753
37	73	-108.747
33	71	-108.623
59	91	108.616
23	73	-108.569
55	81	-108.524
59	95	-108.516
35	45	108.447
5	19	108.438
41	49	108.297
1	85	108.279
59	71	108.229
3	47	108.133
79	85	-108.132
21	81	108.116
29	45	108.1
47	53	-108.092
19	71	107.971
5	37	-107.742
9	13	107.731
75	99	107.715
23	81	107.645
33	63	-107.639
81	83	107.565
1	27	107.524
33	65	-107.511
27	79	-107.463
11	47	107.441
15	77	-107.404
39	51	107.401
5	39	-107.387
11	31	-107.354
89	99	-107.329
3	45	107.293
47	51	-107.239
57	93	107.204
15	65	-107.192
9	47	-107.156
1	15	107.152
55	73	107.115
23	51	107.114
51	55	-107.06
13	53	106.967
45	49	106.888
5	85	-106.828
11	41	106.737
39	73	-106.72
47	61	-106.687
51	59	-106.676
33	61	106.647
1	55	-106.645
39	81	106.615
47	95	-106.539
25	87	106.515
43	77	106.402
69	89	-106.386
5	27	-106.317
11	15	-106.162
73	85	-106.082
37	91	-106.078
7	81	-106.001
5	93	105.98
37	87	105.922
33	43	-105.785
47	49	105.706
61	99	-105.622
27	73	-105.553
1	37	105.533
51	85	105.463
41	51	-105.432
15	91	-105.426
41	79	105.37
55	79	105.328
45	51	-105.157
9	99	-105.102
63	69	105.087
19	83	-105.015
39	99	-105.004
27	51	104.902
47	89	-104.871
15	67	104.869
37	83	104.853
7	99	104.809
19	87	-104.746
33	75	-104.713
47	63	104.661
11	45	104.561
15	17	104.553
31	99	-104.502
9	33	104.402
53	99	-104.401
1	45	-104.386
41	99	104.279
21	37	104.241
33	53	104.198
73	93	104.02
61	69	-103.932
45	79	103.829
51	93	-103.765
31	51	103.717
19	57	103.583
59	83	-103.569
21	47	-103.554
1	93	-103.542
31	77	-103.533
25	79	-103.522
75	81	-103.506
1	25	103.496
29	47	103.478
57	59	103.468
5	25	-103.374
41	77	103.367
81	91	-103.332
15	35	-103.306
35	47	103.294
45	73	103.25
9	69	-103.192
53	81	103.137
19	21	-103.132
41	57	103.069
13	23	103.067
37	57	-103.039
21	59	-103.015
13	43	-103.006
55	99	102.986
15	97	102.954
79	93	102.781
13	39	102.759
71	81	-102.751
9	81	102.737
19	29	102.648
13	41	-102.641
25	73	-102.637
85	99	-102.606
29	37	-102.574
19	35	102.537
27	99	-102.526
53	69	-102.5
15	95	102.468
43	99	102.458
3	37	-102.357
81	95	102.279
23	99	-102.256
33	39	102.246
67	81	102.236
43	87	-102.224
17	47	-102.216
13	85	102.206
81	97	102.187
47	97	-102.186
7	33	-102.166
29	59	102.137
43	57	102.109
35	59	102.069
25	69	-102.016
13	27	102.005
13	55	-101.974
5	45	101.954
69	75	101.954
35	37	-101.898
13	25	101.848
25	51	101.836
1	31	101.823
31	79	-101.719
3	59	101.629
61	81	101.627
45	77	101.589
3	19	101.558
15	49	-101.557
23	33	101.543
63	81	-101.514
19	49	101.431
17	81	101.421
47	65	101.353
47	71	101.337
31	57	-101.303
93	99	101.255
1	43	-101.247
5	43	101.212
33	85	101.195
47	83	-101.15
19	77	101.139
69	93	101.077
27	33	101.024
25	99	-101.006
7	69	101
11	19	100.974
65	81	-100.936
37	49	-100.918
81	89	100.878
43	73	100.858
59	77	100.787
45	57	100.731
31	73	-100.706
25	33	100.69
45	87	-100.658
37	77	-100.656
11	37	-100.631
49	59	100.592
23	69	-100.499
13	93	-100.463
43	51	-100.371
15	21	100.362
11	59	100.337
47	67	-100.305
41	73	100.269
55	69	100.246
3	15	-100.24
27	69	-100.183
5	31	-100.177
31	87	100.163
69	85	-100.143
15	83	100.139
1	41	-100.067
39	69	-100.064
47	91	100.056
43	79	100.035
5	41	100.001
94	95	20
58	59	20
86	87	20
66	67	20
92	93	20
96	97	20
88	89	20
18	19	20
46	47	20
56	57	20
90	91	20
32	33	20
60	61	20
70	71	20
76	77	20
50	51	20
40	41	20
16	17	20
52	53	20
38	39	20
42	43	20
28	29	20
78	79	20
74	75	20
22	23	20
54	55	20
14	15	20
62	63	20
36	37	20
72	73	20
24	25	20
20	21	20
64	65	20
30	31	20
48	49	20
44	45	20
26	27	20
82	83	20
34	35	20
84	85	20
80	81	20
68	69	20
0	1	20
98	99	20
6	7	20
10	11	20
8	9	20
12	13	20
4	5	20
2	3	20
27	84	19.9972
26	85	19.9972
9	52	19.9771
8	53	19.9771
16	97	19.9521
17	96	19.9521
61	88	19.9432
60	89	19.9432
52	61	19.9406
53	60	19.9406
4	73	19.933
5	72	19.933
64	67	-19.922
65	66	-19.922
23	84	19.9162
22	85	19.9162
9	60	19.9084
8	61	19.9084
23	26	19.8953
22	27	19.8953
39	84	19.86
38	85	19.86
16	89	19.8562
17	88	19.8562
26	39	19.8445
27	38	19.8445
55	92	19.8267
54	93	19.8267
22	53	19.8196
23	52	19.8196
8	89	19.7938
9	88	19.7938
52	89	19.7913
53	88	19.7913
21	82	19.7866
20	83	19.7866
25	26	19.7784
24	27	19.7784
11	76	19.7638
10	77	19.7638
6	75	19.7593
7	74	19.7593
57	76	19.7453
56	77	19.7453
24	85	19.7372
25	84	19.7372
11	28	19.7272
10	29	19.7272
89	96	19.7226
88	97	19.7226
9	22	19.7108
8	23	19.7108
3	48	19.6962
2	49	19.6962
94	97	19.6784
95	96	19.6784
7	62	19.6703
6	63	19.6703
83	96	19.6623
82	97	19.6623
23	38	19.6572
22	39	19.6572
20	95	19.651
21	94	19.651
22	25	19.6444
23	24	19.6444
16	61	19.6344
17	60	19.6344
23	60	19.6316
22	61	19.6316
12	51	19.6216
13	50	19.6216
19	44	19.6097
18	45	19.6097
56	79	19.6075
57	78	19.6075
31	44	-19.594
30	45	-19.594
53	84	19.5525
52	85	19.5525
11	48	19.5336
10	49	19.5336
18	59	19.5196
19	58	19.5196
29	90	19.4978
28	91	19.4978
26	53	19.4903
27	52	19.4903
8	17	19.4766
9	16	19.4766
48	77	19.4687
49	76	19.4687
16	95	19.4539
17	94	19.4539
16	83	19.4454
17	82	19.4454
21	96	19.4408
20	97	19.4408
60	97	19.4227
61	96	19.4227
62	75	19.4191
63	74	19.4191
17	52	19.3898
16	53	19.3898
60	85	19.3686
61	84	19.3686
82	95	19.3642
83	94	19.3642
8	85	19.3638
9	84	19.3638
38	53	19.3301
39	52	19.3301
89	94	19.3076
88	95	19.3076
25	38	19.3042
24	39	19.3042
22	89	19.2972
23	88	19.2972
9	26	19.2954
8	27	19.2954
38	61	19.2928
39	60	19.2928
26	61	19.2877
27	60	19.2877
42	45	19.2665
43	44	19.2665
17	66	19.2114
16	67	19.2114
34	67	-19.1811
35	66	-19.1811
8	97	19.1584
9	96	19.1584
24	31	19.1074
25	30	19.1074
15	36	19.1065
14	37	19.1065
17	20	19.0876
16	21	19.0876
5	98	19.0851
4	99	19.0851
16	65	-19.0834
17	64	-19.0834
53	96	19.0821
52	97	19.0821
56	73	19.0776
57	72	19.0776
8	39	19.0759
9	38	19.0759
10	57	19.0513
11	56	19.0513
66	97	19.0407
67	96	19.0407
28	77	19.0298
29	76	19.0298
10	91	19.015
11	90	19.015
25	52	19.0131
24	53	19.0131
66	83	19.0012
67	82	19.0012
73	76	18.9994
72	77	18.9994
35	70	18.9937
34	71	18.9937
49	56	18.9911
48	57	18.9911
66	71	-18.9763
67	70	-18.9763
60	95	18.9716
61	94	18.9716
4	77	18.9714
5	76	18.9714
84	89	18.9662
85	88	18.9662
28	49	18.9521
29	48	18.9521
39	88	18.9505
38	89	18.9505
65	70	18.9432
64	71	18.9432
40	93	18.9428
41	92	18.9428
73	98	18.9376
72	99	18.9376
42	93	18.9365
43	92	18.9365
49	90	18.8944
48	91	18.8944
26	89	18.8648
27	88	18.8648
35	82	-18.8514
34	83	-18.8514
8	25	18.8449
9	24	18.8449
9	64	-18.8363
8	65	-18.8363
72	79	18.8321
73	78	18.8321
0	13	18.8264
1	12	18.8264
83	88	18.821
82	89	18.821
5	56	18.8157
4	57	18.8157
64	97	-18.8081
65	96	-18.8081
63	90	18.8081
62	91	18.8081
76	79	18.7931
77	78	18.7931
69	80	-18.7846
68	81	-18.7846
78	87	-18.7494
79	86	-18.7494
44	59	18.7294
45	58	18.7294
65	88	-18.7051
64	89	-18.7051
35	64	18.7024
34	65	18.7024
67	88	18.6957
66	89	18.6957
2	77	18.6579
3	76	18.6579
32	87	18.647
33	86	18.647
31	42	-18.6457
30	43	-18.6457
17	22	18.619
16	23	18.619
69	72	18.6109
68	73	18.6109
25	60	18.6088
24	61	18.6088
19	30	-18.6084
18	31	-18.6084
8	67	18.6028
9	66	18.6028
4	11	18.5817
5	10	18.5817
19	42	18.5596
18	43	18.5596
3	10	18.5533
2	11	18.5533
20	89	18.5335
21	88	18.5335
64	83	-18.5294
65	82	-18.5294
52	65	-18.5273
53	64	-18.5273
61	64	-18.5048
60	65	-18.5048
75	90	18.4942
74	91	18.4942
0	51	18.4882
1	50	18.4882
69	78	18.4876
68	79	18.4876
53	94	18.4671
52	95	18.4671
40	55	18.4617
41	54	18.4617
8	95	18.4258
9	94	18.4258
2	57	18.4213
3	56	18.4213
32	79	-18.4071
33	78	-18.4071
40	43	18.4043
41	42	18.4043
10	73	18.3976
11	72	18.3976
42	59	18.3957
43	58	18.3957
61	66	18.3896
60	67	18.3896
57	86	-18.3532
56	87	-18.3532
47	58	18.3482
46	59	18.3482
4	79	18.3354
5	78	18.3354
60	83	18.2991
61	82	18.2991
52	67	18.2947
53	66	18.2947
40	59	18.2625
41	58	18.2625
22	97	18.2272
23	96	18.2272
31	36	18.1954
30	37	18.1954
16	85	18.1493
17	84	18.1493
26	31	18.1438
27	30	18.1438
16	39	18.1357
17	38	18.1357
2	91	18.1172
3	90	18.1172
5	68	18.1167
4	69	18.1167
69	98	18.1068
68	99	18.1068
24	89	18.0536
25	88	18.0536
43	54	18.0357
42	55	18.0357
76	91	18.0344
77	90	18.0344
20	67	18.0305
21	66	18.0305
31	84	18.0258
30	85	18.0258
16	27	18.023
17	26	18.023
24	45	-17.9892
25	44	-17.9892
20	61	17.9874
21	60	17.9874
8	83	17.9799
9	82	17.9799
35	96	-17.9718
34	97	-17.9718
5	28	17.9499
4	29	17.9499
2	87	-17.9355
3	86	-17.9355
20	35	-17.9346
21	34	-17.9346
28	57	17.9232
29	56	17.9232
6	91	17.9223
7	90	17.9223
17	34	-17.8835
16	35	-17.8835
25	42	-17.8781
24	43	-17.8781
39	96	17.8766
38	97	17.8766
38	95	17.853
39	94	17.853
52	83	17.8192
53	82	17.8192
67	94	17.8107
66	95	17.8107
22	31	17.7951
23	30	17.7951
85	96	17.7737
84	97	17.7737
2	29	17.7567
3	28	17.7567
23	94	17.679
22	95	17.679
23	64	-17.6593
22	65	-17.6593
10	79	17.6561
11	78	17.6561
26	97	17.6364
27	96	17.6364
48	79	17.6304
49	78	17.6304
28	73	17.5571
29	72	17.5571
20	65	-17.4925
21	64	-17.4925
64	95	-17.4677
65	94	-17.4677
8	21	17.4642
9	20	17.4642
2	63	17.4447
3	62	17.4447
1	34	-17.4294
0	35	-17.4294
84	95	17.4168
85	94	17.4168
57	68	17.4159
56	69	17.4159
21	52	17.3914
20	53	17.3914
48	63	17.3899
49	62	17.3899
48	87	-17.3736
49	86	-17.3736
36	45	-17.3655
37	44	-17.3655
77	86	-17.3561
76	87	-17.3561
31	38	17.3125
30	39	17.3125
22	67	17.2958
23	66	17.2958
5	48	17.2837
4	49	17.2837
26	95	17.2749
27	94	17.2749
48	73	17.2733
49	72	17.2733
2	79	17.2093
3	78	17.2093
32	69	-17.1829
33	68	-17.1829
31	58	-17.1829
30	59	-17.1829
17	24	17.1175
16	25	17.1175
18	47	17.0921
19	46	17.0921
29	62	17.0811
28	63	17.0811
23	42	-17.0002
22	43	-17.0002
19	40	16.9956
18	41	16.9956
19	80	-16.9725
18	81	-16.9725
55	64	16.9689
54	65	16.9689
32	57	-16.9659
33	56	-16.9659
71	82	-16.9564
70	83	-16.9564
35	94	-16.926
34	95	-16.926
35	88	-16.9217
34	89	-16.9217
64	85	-16.9079
65	84	-16.9079
19	36	-16.8649
18	37	-16.8649
45	92	16.8533
44	93	16.8533
41	44	16.8158
40	45	16.8158
16	71	-16.8056
17	70	-16.8056
26	65	-16.8
27	64	-16.8
26	43	-16.7888
27	42	-16.7888
57	90	16.774
56	91	16.774
55	70	16.7439
54	71	16.7439
29	74	16.7415
28	75	16.7415
26	45	-16.7319
27	44	-16.7319
42	85	-16.7221
43	84	-16.7221
30	53	16.717
31	52	16.717
33	80	16.6849
32	81	16.6849
64	93	16.6804
65	92	16.6804
23	82	16.676
22	83	16.676
44	85	-16.6097
45	84	-16.6097
25	96	16.6078
24	97	16.6078
76	99	16.6072
77	98	16.6072
70	97	-16.5711
71	96	-16.5711
57	98	16.5568
56	99	16.5568
59	92	16.555
58	93	16.555
66	85	16.5498
67	84	16.5498
47	80	-16.5476
46	81	-16.5476
25	36	16.5475
24	37	16.5475
10	63	16.5473
11	62	16.5473
9	30	16.5394
8	31	16.5394
22	45	-16.5172
23	44	-16.5172
8	43	-16.4867
9	42	-16.4867
69	76	16.4545
68	77	16.4545
79	98	16.4516
78	99	16.4516
27	66	16.4265
26	67	16.4265
43	52	-16.418
42	53	-16.418
39	64	-16.4175
38	65	-16.4175
24	65	-16.3893
25	64	-16.3893
9	34	-16.3884
8	35	-16.3884
34	61	-16.3591
35	60	-16.3591
21	22	16.3043
20	23	16.3043
18	25	-16.285
19	24	-16.285
38	83	16.2816
39	82	16.2816
59	80	-16.2733
58	81	-16.2733
28	79	16.2652
29	78	16.2652
20	39	16.2633
21	38	16.2633
10	87	-16.2579
11	86	-16.2579
1	82	16.2549
0	83	16.2549
54	67	-16.2458
55	66	-16.2458
9	70	-16.2218
8	71	-16.2218
39	66	16.1875
38	67	16.1875
10	99	16.1541
11	98	16.1541
9	92	-16.1354
8	93	-16.1354
83	84	16.1228
82	85	16.1228
30	93	-16.1133
31	92	-16.1133
2	73	16.1123
3	72	16.1123
70	89	-16.0915
71	88	-16.0915
1	20	16.0782
0	21	16.0782
31	60	16.0743
30	61	16.0743
25	92	-16.0568
24	93	-16.0568
73	86	-16.0499
72	87	-16.0499
34	53	-16.0444
35	52	-16.0444
78	81	-16.0424
79	80	-16.0424
19	92	16.0399
18	93	16.0399
37	80	16.0376
36	81	16.0376
4	91	16.0216
5	90	16.0216
25	94	16.0144
24	95	16.0144
49	74	16.0125
48	75	16.0125
2	5	16.0089
3	4	16.0089
41	46	15.9972
40	47	15.9972
26	83	15.9655
27	82	15.9655
15	80	15.9342
14	81	15.9342
7	28	15.9244
6	29	15.9244
21	50	15.9188
20	51	15.9188
66	93	-15.8891
67	92	-15.8891
20	85	15.8825
21	84	15.8825
70	93	15.8723
71	92	15.8723
53	92	-15.8631
52	93	-15.8631
23	92	-15.8528
22	93	-15.8528
24	67	15.8486
25	66	15.8486
52	71	-15.8111
53	70	-15.8111
46	69	15.8076
47	68	15.8076
2	7	15.7888
3	6	15.7888
60	71	-15.7846
61	70	-15.7846
6	49	15.7792
7	48	15.7792
68	87	-15.7789
69	86	-15.7789
9	54	-15.7784
8	55	-15.7784
47	98	15.7326
46	99	15.7326
43	60	-15.7263
42	61	-15.7263
38	45	-15.7249
39	44	-15.7249
21	26	15.7225
20	27	15.7225
32	73	-15.7217
33	72	-15.7217
10	75	15.7072
11	74	15.7072
45	54	15.7054
44	55	15.7054
39	42	-15.7023
38	43	-15.7023
2	75	15.6924
3	74	15.6924
27	36	15.6727
26	37	15.6727
80	99	-15.6591
81	98	-15.6591
21	70	-15.6504
20	71	-15.6504
29	98	15.6475
28	99	15.6475
72	91	15.6441
73	90	15.6441
14	31	15.6264
15	30	15.6264
33	76	-15.561
32	77	-15.561
73	80	-15.5475
72	81	-15.5475
36	85	15.5149
37	84	15.5149
44	53	-15.4957
45	52	-15.4957
63	76	15.4826
62	77	15.4826
44	81	-15.4817
45	80	-15.4817
4	87	-15.4808
5	86	-15.4808
52	55	-15.447
53	54	-15.447
44	47	15.4314
45	46	15.4314
54	59	15.4165
55	58	15.4165
43	64	15.4014
42	65	15.4014
8	45	-15.4013
9	44	-15.4013
51	82	15.3726
50	83	15.3726
31	88	15.3568
30	89	15.3568
31	40	-15.3212
30	41	-15.3212
61	92	-15.2966
60	93	-15.2966
23	54	-15.2461
22	55	-15.2461
27	92	-15.2452
26	93	-15.2452
24	55	-15.2433
25	54	-15.2433
84	93	-15.2383
85	92	-15.2383
10	69	15.2199
11	68	15.2199
37	38	15.2165
36	39	15.2165
43	88	-15.1794
42	89	-15.1794
36	43	-15.161
37	42	-15.161
6	11	15.0911
7	10	15.0911
34	51	-15.0827
35	50	-15.0827
30	55	-15.0778
31	54	-15.0778
14	33	15.0494
15	32	15.0494
70	95	-15.0333
71	94	-15.0333
4	33	-15.0315
5	32	-15.0315
88	93	-15.0232
89	92	-15.0232
24	59	-15.0126
25	58	-15.0126
1	70	-14.9502
0	71	-14.9502
54	61	-14.9466
55	60	-14.9466
5	80	-14.9368
4	81	-14.9368
18	27	-14.9222
19	26	-14.9222
14	45	-14.9117
15	44	-14.9117
79	90	14.9086
78	91	14.9086
28	87	-14.8835
29	86	-14.8835
22	37	14.8811
23	36	14.8811
24	83	14.8688
25	82	14.8688
36	59	-14.8681
37	58	-14.8681
23	70	-14.8675
22	71	-14.8675
1	66	14.8619
0	67	14.8619
19	54	14.8506
18	55	14.8506
16	93	-14.8152
17	92	-14.8152
23	34	-14.8145
22	35	-14.8145
19	84	-14.7931
18	85	-14.7931
44	61	-14.793
45	60	-14.793
55	88	-14.781
54	89	-14.781
17	54	-14.7652
16	55	-14.7652
43	46	14.759
42	47	14.759
15	18	-14.7302
14	19	-14.7302
2	33	-14.7147
3	32	-14.7147
43	74	14.7008
42	75	14.7008
23	62	-14.7001
22	63	-14.7001
25	62	-14.6931
24	63	-14.6931
18	23	-14.6666
19	22	-14.6666
7	24	-14.6184
6	25	-14.6184
48	99	14.6097
49	98	14.6097
33	48	-14.5981
32	49	-14.5981
3	94	-14.5868
2	95	-14.5868
64	91	14.5868
65	90	14.5868
7	42	14.5858
6	43	14.5858
26	63	-14.582
27	62	-14.582
62	85	-14.5794
63	84	-14.5794
43	66	-14.575
42	67	-14.575
17	48	-14.573
16	49	-14.573
54	85	-14.5696
55	84	-14.5696
52	63	-14.5647
53	62	-14.5647
12	35	-14.5647
13	34	-14.5647
27	54	-14.5606
26	55	-14.5606
48	97	-14.5597
49	96	-14.5597
9	62	-14.5595
8	63	-14.5595
10	67	-14.5516
11	66	-14.5516
29	64	14.5423
28	65	14.5423
3	96	-14.5405
2	97	-14.5405
13	20	14.53
12	21	14.53
0	97	14.507
1	96	14.507
30	81	14.5062
31	80	14.5062
17	42	-14.5033
16	43	-14.5033
3	88	-14.5019
2	89	-14.5019
6	31	-14.5006
7	30	-14.5006
2	17	-14.495
3	16	-14.495
75	92	14.4845
74	93	14.4845
20	25	14.4822
21	24	14.4822
29	66	-14.4799
28	67	-14.4799
11	64	14.4676
10	65	14.4676
86	91	-14.4594
87	90	-14.4594
28	71	14.4488
29	70	14.4488
49	88	-14.4152
48	89	-14.4152
49	82	-14.4114
48	83	-14.4114
66	91	-14.4093
67	90	-14.4093
48	69	14.4033
49	68	14.4033
75	76	14.39
74	77	14.39
3	60	-14.3844
2	61	-14.3844
60	63	-14.3627
61	62	-14.3627
1	94	14.3608
0	95	14.3608
56	81	-14.3467
57	80	-14.3467
57	82	-14.3363
56	83	-14.3363
17	30	14.3333
16	31	14.3333
24	41	-14.3304
25	40	-14.3304
7	22	-14.3261
6	23	-14.3261
34	77	14.324
35	76	14.324
57	62	14.3229
56	63	14.3229
77	82	-14.3135
76	83	-14.3135
6	45	14.3047
7	44	14.3047
10	35	14.3041
11	34	14.3041
48	67	-14.3031
49	66	-14.3031
2	21	-14.2981
3	20	-14.2981
67	76	-14.2893
66	77	-14.2893
35	54	14.2808
34	55	14.2808
50	95	14.2719
51	94	14.2719
93	96	-14.268
92	97	-14.268
11	32	-14.2598
10	33	-14.2598
55	96	-14.2597
54	97	-14.2597
49	60	-14.2523
48	61	-14.2523
5	34	14.2476
4	35	14.2476
49	94	-14.2411
48	95	-14.2411
38	63	-14.2396
39	62	-14.2396
39	92	-14.2345
38	93	-14.2345
6	27	-14.2315
7	26	-14.2315
8	91	-14.2311
9	90	-14.2311
35	72	14.2292
34	73	14.2292
3	82	-14.2276
2	83	-14.2276
48	65	14.2087
49	64	14.2087
7	84	-14.2061
6	85	-14.2061
12	83	14.2007
13	82	14.2007
21	56	-14.1913
20	57	-14.1913
21	48	-14.181
20	49	-14.181
9	48	-14.1792
8	49	-14.1792
2	53	-14.1774
3	52	-14.1774
63	88	-14.1667
62	89	-14.1667
2	9	-14.1569
3	8	-14.1569
71	84	-14.1504
70	85	-14.1504
54	75	14.1467
55	74	14.1467
0	69	-14.1434
1	68	-14.1434
31	64	-14.1341
30	65	-14.1341
34	85	-14.1241
35	84	-14.1241
11	70	14.1216
10	71	14.1216
45	88	-14.1201
44	89	-14.1201
49	52	-14.1011
48	53	-14.1011
6	9	-14.0968
7	8	-14.0968
52	91	-14.0813
53	90	-14.0813
6	53	-14.0812
7	52	-14.0812
65	76	14.0672
64	77	14.0672
27	70	-14.0613
26	71	-14.0613
29	34	14.06
28	35	14.06
76	97	-14.0595
77	96	-14.0595
1	16	14.0594
0	17	14.0594
1	64	-14.0524
0	65	-14.0524
34	57	14.0516
35	56	14.0516
10	83	-14.0512
11	82	-14.0512
25	74	-14.05
24	75	-14.05
10	17	-14.05
11	16	-14.05
28	69	14.028
29	68	14.028
35	38	-14.0188
34	39	-14.0188
17	76	-14.0115
16	77	-14.0115
26	35	-13.99
27	34	-13.99
19	38	-13.9881
18	39	-13.9881
30	63	-13.9851
31	62	-13.9851
11	96	-13.981
10	97	-13.981
17	90	-13.9732
16	91	-13.9732
45	74	13.9638
44	75	13.9638
61	90	-13.9467
60	91	-13.9467
21	76	-13.9462
20	77	-13.9462
21	78	-13.9455
20	79	-13.9455
19	68	13.9328
18	69	13.9328
21	86	13.9313
20	87	13.9313
89	90	-13.931
88	91	-13.931
31	74	-13.9219
30	75	-13.9219
43	62	13.9202
42	63	13.9202
14	25	13.9146
15	24	13.9146
81	86	13.9068
80	87	13.9068
57	96	-13.9068
56	97	-13.9068
6	77	13.9026
7	76	13.9026
42	97	-13.8967
43	96	-13.8967
16	63	-13.8862
17	62	-13.8862
78	83	-13.8811
79	82	-13.8811
70	91	13.8774
71	90	13.8774
23	74	-13.851
22	75	-13.851
5	70	13.8436
4	71	13.8436
30	47	-13.8336
31	46	-13.8336
13	80	13.8303
12	81	13.8303
8	75	-13.8271
9	74	-13.8271
6	93	13.8185
7	92	13.8185
3	38	-13.8063
2	39	-13.8063
3	22	-13.8013
2	23	-13.8013
26	59	-13.7963
27	58	-13.7963
22	41	-13.7914
23	40	-13.7914
7	60	-13.7913
6	61	-13.7913
23	90	-13.7889
22	91	-13.7889
7	12	-13.7784
6	13	-13.7784
58	69	13.7781
59	68	13.7781
24	71	-13.7779
25	70	-13.7779
31	96	13.7734
30	97	13.7734
86	95	13.7722
87	94	13.7722
50	97	13.7608
51	96	13.7608
57	66	-13.7606
56	67	-13.7606
34	49	13.7517
35	48	13.7517
16	57	-13.7409
17	56	-13.7409
63	64	13.7388
62	65	13.7388
90	97	-13.7341
91	96	-13.7341
52	75	-13.7335
53	74	-13.7335
57	94	-13.7309
56	95	-13.7309
7	38	-13.7257
6	39	-13.7257
9	40	-13.7218
8	41	-13.7218
39	70	-13.7212
38	71	-13.7212
11	88	-13.7196
10	89	-13.7196
33	50	13.7011
32	51	13.7011
58	85	-13.6991
59	84	-13.6991
41	64	13.6985
40	65	13.6985
23	58	-13.694
22	59	-13.694
65	74	13.6866
64	75	13.6866
71	76	13.6784
70	77	13.6784
2	69	13.6703
3	68	13.6703
55	90	13.6681
54	91	13.6681
19	52	-13.6681
18	53	-13.6681
62	97	-13.6547
63	96	-13.6547
15	68	-13.6482
14	69	-13.6482
16	29	-13.6469
17	28	-13.6469
35	92	13.6415
34	93	13.6415
2	85	-13.6409
3	84	-13.6409
36	53	13.6392
37	52	13.6392
2	67	-13.6355
3	66	-13.6355
54	83	-13.6324
55	82	-13.6324
76	95	-13.6222
77	94	-13.6222
38	55	-13.6221
39	54	-13.6221
40	75	13.6184
41	74	13.6184
26	75	-13.6145
27	74	-13.6145
0	73	-13.6138
1	72	-13.6138
8	11	-13.6063
9	10	-13.6063
74	85	-13.5994
75	84	-13.5994
91	92	13.5971
90	93	13.5971
43	70	13.5934
42	71	13.5934
23	48	-13.5919
22	49	-13.5919
77	88	-13.5904
76	89	-13.5904
34	91	13.5897
35	90	13.5897
8	19	-13.5851
9	18	-13.5851
41	52	-13.5751
40	53	-13.5751
3	26	-13.5676
2	27	-13.5676
6	89	-13.5589
7	88	-13.5589
33	98	-13.5547
32	99	-13.5547
91	98	13.5471
90	99	13.5471
2	99	13.5433
3	98	13.5433
71	72	13.5416
70	73	13.5416
47	72	13.5372
46	73	13.5372
2	65	13.5352
3	64	13.5352
62	67	-13.5302
63	66	-13.5302
35	78	13.5241
34	79	13.5241
9	28	-13.5228
8	29	-13.5228
11	60	-13.5188
10	61	-13.5188
0	79	-13.5183
1	78	-13.5183
11	20	-13.5182
10	21	-13.5182
45	64	13.4972
44	65	13.4972
44	63	13.4891
45	62	13.4891
28	97	-13.4707
29	96	-13.4707
31	66	13.4677
30	67	13.4677
7	18	13.4666
6	19	13.4666
1	80	13.4624
0	81	13.4624
51	78	-13.4498
50	79	-13.4498
26	41	-13.4468
27	40	-13.4468
12	69	-13.4423
13	68	-13.4423
4	67	-13.4382
5	66	-13.4382
10	53	-13.4313
11	52	-13.4313
56	65	13.4288
57	64	13.4288
7	64	13.4276
6	65	13.4276
28	83	-13.4256
29	82	-13.4256
82	91	-13.4199
83	90	-13.4199
41	84	-13.4189
40	85	-13.4189
13	62	-13.4165
12	63	-13.4165
61	74	-13.4105
60	75	-13.4105
85	90	-13.4097
84	91	-13.4097
86	99	-13.4063
87	98	-13.4063
82	93	-13.4015
83	92	-13.4015
50	81	13.3958
51	80	13.3958
67	74	-13.3916
66	75	-13.3916
29	88	-13.39
28	89	-13.39
82	87	13.3866
83	86	13.3866
27	90	-13.3701
26	91	-13.3701
63	92	13.3691
62	93	13.3691
8	37	13.367
9	36	13.367
0	5	-13.3511
1	4	-13.3511
7	54	13.343
6	55	13.343
11	94	-13.3333
10	95	-13.3333
66	73	-13.3284
67	72	-13.3284
73	82	-13.3279
72	83	-13.3279
42	81	-13.3252
43	80	-13.3252
28	53	-13.32
29	52	-13.32
24	91	-13.3108
25	90	-13.3108
4	47	13.3079
5	46	13.3079
60	77	-13.3018
61	76	-13.3018
6	17	-13.2982
7	16	-13.2982
1	56	-13.2915
0	57	-13.2915
48	85	-13.2851
49	84	-13.2851
38	49	-13.2817
39	48	-13.2817
28	61	-13.2785
29	60	-13.2785
51	68	-13.2644
50	69	-13.2644
78	95	-13.2628
79	94	-13.2628
57	88	-13.2591
56	89	-13.2591
24	35	-13.2561
25	34	-13.2561
9	76	-13.2527
8	77	-13.2527
16	45	-13.2421
17	44	-13.2421
28	55	13.2275
29	54	13.2275
47	92	13.223
46	93	13.223
74	89	-13.2139
75	88	-13.2139
27	48	-13.2077
26	49	-13.2077
79	96	-13.2029
78	97	-13.2029
17	50	13.1988
16	51	13.1988
15	26	13.1947
14	27	13.1947
18	75	13.1929
19	74	13.1929
6	67	-13.191
7	66	-13.191
77	80	-13.1897
76	81	-13.1897
63	86	-13.1858
62	87	-13.1858
12	75	-13.1702
13	74	-13.1702
93	94	-13.1679
92	95	-13.1679
37	60	13.1671
36	61	13.1671
31	94	13.1641
30	95	13.1641
1	6	-13.164
0	7	-13.164
4	83	-13.1628
5	82	-13.1628
63	94	-13.1615
62	95	-13.1615
86	97	13.1599
87	96	13.1599
50	67	13.1504
51	66	13.1504
35	98	13.1437
34	99	13.1437
4	65	13.1384
5	64	13.1384
48	71	13.1383
49	70	13.1383
32	37	13.1375
33	36	13.1375
57	74	13.1219
56	75	13.1219
62	83	-13.1172
63	82	-13.1172
40	61	-13.1122
41	60	-13.1122
13	78	-13.1052
12	79	-13.1052
52	77	-13.1001
53	76	-13.1001
29	32	-13.0953
28	33	-13.0953
1	76	-13.0939
0	77	-13.0939
55	94	-13.0849
54	95	-13.0849
15	84	13.0602
14	85	13.0602
17	74	-13.0525
16	75	-13.0525
39	90	-13.0465
38	91	-13.0465
6	97	-13.0457
7	96	-13.0457
6	41	13.0343
7	40	13.0343
38	75	-13.0317
39	74	-13.0317
14	43	-13.0311
15	42	-13.0311
19	60	-13.0296
18	61	-13.0296
36	69	-13.0287
37	68	-13.0287
1	88	13.0197
0	89	13.0197
14	59	-13.0145
15	58	-13.0145
38	59	-13.0137
39	58	-13.0137
56	71	13.0044
57	70	13.0044
54	63	13.0026
55	62	13.0026
58	75	12.9961
59	74	12.9961
42	91	12.9955
43	90	12.9955
6	59	12.9951
7	58	12.9951
43	94	-12.9941
42	95	-12.9941
41	66	-12.9888
40	67	-12.9888
41	70	12.9874
40	71	12.9874
1	74	-12.9825
0	75	-12.9825
65	72	12.9766
64	73	12.9766
4	63	12.9686
5	62	12.9686
71	98	12.9642
70	99	12.9642
51	86	12.9545
50	87	12.9545
12	33	12.9524
13	32	12.9524
3	34	12.947
2	35	12.947
90	95	-12.9433
91	94	-12.9433
16	79	-12.9308
17	78	-12.9308
53	58	-12.9288
52	59	-12.9288
3	24	-12.9269
2	25	-12.9269
37	92	-12.9178
36	93	-12.9178
15	38	12.9091
14	39	12.9091
13	94	12.9087
12	95	12.9087
57	60	-12.9047
56	61	-12.9047
9	58	-12.9009
8	59	-12.9009
21	72	-12.896
20	73	-12.896
35	68	12.8931
34	69	12.8931
29	92	12.8918
28	93	12.8918
71	74	12.8589
70	75	12.8589
67	78	-12.858
66	79	-12.858
16	87	12.8563
17	86	12.8563
21	54	-12.8538
20	55	-12.8538
50	57	-12.8404
51	56	-12.8404
40	89	-12.8383
41	88	-12.8383
11	22	-12.8335
10	23	-12.8335
23	28	-12.8305
22	29	-12.8305
1	98	-12.8295
0	99	-12.8295
37	46	-12.8278
36	47	-12.8278
21	90	-12.8266
20	91	-12.8266
21	62	-12.8098
20	63	-12.8098
40	81	-12.8091
41	80	-12.8091
7	50	-12.7989
6	51	-12.7989
1	10	-12.7936
0	11	-12.7936
44	67	-12.7925
45	66	-12.7925
20	33	12.7656
21	32	12.7656
6	57	12.7606
7	56	12.7606
74	97	-12.7576
75	96	-12.7576
21	28	-12.7513
20	29	-12.7513
47	78	12.7462
46	79	12.7462
51	70	-12.7326
50	71	-12.7326
9	56	-12.7316
8	57	-12.7316
38	41	-12.7078
39	40	-12.7078
1	62	-12.7021
0	63	-12.7021
44	97	-12.7008
45	96	-12.7008
62	73	12.7001
63	72	12.7001
21	92	-12.6996
20	93	-12.6996
24	49	-12.6806
25	48	-12.6806
12	57	-12.6641
13	56	-12.6641
35	74	12.6628
34	75	12.6628
72	97	-12.6587
73	96	-12.6587
5	20	-12.647
4	21	-12.647
7	82	-12.6437
6	83	-12.6437
28	95	-12.6436
29	94	-12.6436
62	79	12.6225
63	78	12.6225
7	36	-12.6204
6	37	-12.6204
13	96	12.6171
12	97	12.6171
51	62	-12.6117
50	63	-12.6117
53	56	-12.6106
52	57	-12.6106
86	89	12.6078
87	88	12.6078
42	83	-12.5937
43	82	-12.5937
35	62	12.5776
34	63	12.5776
4	97	-12.5738
5	96	-12.5738
0	49	-12.5665
1	48	-12.5665
36	89	12.5459
37	88	12.5459
16	73	-12.5447
17	72	-12.5447
17	40	-12.5309
16	41	-12.5309
32	47	-12.5214
33	46	-12.5214
15	22	12.5107
14	23	12.5107
4	17	-12.5086
5	16	-12.5086
37	40	-12.4955
36	41	-12.4955
2	51	-12.4861
3	50	-12.4861
37	54	-12.4794
36	55	-12.4794
50	65	-12.4694
51	64	-12.4694
6	95	-12.4652
7	94	-12.4652
7	34	12.4601
6	35	12.4601
18	63	12.4587
19	62	12.4587
18	89	-12.4487
19	88	-12.4487
2	13	-12.445
3	12	-12.445
64	79	12.4437
65	78	12.4437
0	29	-12.4427
1	28	-12.4427
1	90	-12.4388
0	91	-12.4388
11	84	-12.4326
10	85	-12.4326
15	54	-12.43
14	55	-12.43
23	76	-12.4271
22	77	-12.4271
29	84	-12.4134
28	85	-12.4134
1	60	12.4113
0	61	12.4113
58	99	12.4102
59	98	12.4102
75	82	-12.4075
74	83	-12.4075
12	49	-12.404
13	48	-12.404
79	88	-12.3875
78	89	-12.3875
58	61	-12.3845
59	60	-12.3845
44	69	12.3827
45	68	12.3827
12	67	12.378
13	66	12.378
10	55	12.3766
11	54	12.3766
11	26	-12.3603
10	27	-12.3603
27	28	-12.3586
26	29	-12.3586
46	55	12.3564
47	54	12.3564
51	88	12.3511
50	89	12.3511
63	70	12.3468
62	71	12.3468
5	74	12.3442
4	75	12.3442
40	63	12.3294
41	62	12.3294
15	98	-12.3214
14	99	-12.3214
13	70	-12.3186
12	71	-12.3186
0	33	12.3159
1	32	12.3159
12	77	-12.3132
13	76	-12.3132
11	38	-12.3099
10	39	-12.3099
60	87	12.3023
61	86	12.3023
48	51	-12.2935
49	50	-12.2935
69	90	12.2913
68	91	12.2913
12	73	-12.2801
13	72	-12.2801
7	20	-12.2747
6	21	-12.2747
50	77	-12.273
51	76	-12.273
15	78	-12.2711
14	79	-12.2711
33	82	12.2622
32	83	12.2622
7	70	12.2461
6	71	12.2461
31	82	12.2451
30	83	12.2451
72	95	-12.2431
73	94	-12.2431
68	83	-12.2294
69	82	-12.2294
13	86	12.2251
12	87	12.2251
71	78	12.2209
70	79	12.2209
14	93	-12.2187
15	92	-12.2187
30	91	-12.2104
31	90	-12.2104
13	90	-12.1972
12	91	-12.1972
41	96	-12.1932
40	97	-12.1932
33	40	-12.18
32	41	-12.18
1	8	12.1704
0	9	12.1704
25	28	-12.1668
24	29	-12.1668
33	90	-12.1665
32	91	-12.1665
28	39	-12.1581
29	38	-12.1581
50	73	-12.158
51	72	-12.158
13	16	12.1568
12	17	12.1568
19	32	-12.1544
18	33	-12.1544
46	87	-12.1402
47	86	-12.1402
3	70	12.1399
2	71	12.1399
20	69	-12.1393
21	68	-12.1393
30	71	-12.1244
31	70	-12.1244
51	74	-12.1197
50	75	-12.1197
35	42	12.1177
34	43	12.1177
32	95	12.1118
33	94	12.1118
0	3	-12.0995
1	2	-12.0995
37	62	-12.0882
36	63	-12.0882
11	80	-12.0759
10	81	-12.0759
24	47	-12.0751
25	46	-12.0751
5	94	-12.0739
4	95	-12.0739
44	95	-12.0727
45	94	-12.0727
11	92	12.0723
10	93	12.0723
77	84	-12.0593
76	85	-12.0593
39	76	-12.0585
38	77	-12.0585
20	43	-12.0522
21	42	-12.0522
19	64	12.0461
18	65	12.0461
19	98	12.0259
18	99	12.0259
40	91	12.0216
41	90	12.0216
74	87	-12.021
75	86	-12.021
10	13	-12.0152
11	12	-12.0152
74	95	-12.0127
75	94	-12.0127
72	75	12.0076
73	74	12.0076
61	78	-11.9966
60	79	-11.9966
66	87	11.9868
67	86	11.9868
33	58	-11.9863
32	59	-11.9863
58	63	11.9822
59	62	11.9822
34	87	-11.9809
35	86	-11.9809
10	25	-11.9801
11	24	-11.9801
1	52	11.9799
0	53	11.9799
66	99	-11.9789
67	98	-11.9789
27	76	-11.9776
26	77	-11.9776
73	88	-11.9735
72	89	-11.9735
48	55	11.9705
49	54	11.9705
5	88	-11.9687
4	89	-11.9687
14	51	11.9682
15	50	11.9682
12	15	11.9299
13	14	11.9299
4	13	-11.9262
5	12	-11.9262
40	95	-11.9248
41	94	-11.9248
58	89	-11.9236
59	88	-11.9236
53	86	11.9218
52	87	11.9218
22	57	-11.9188
23	56	-11.9188
40	87	-11.9116
41	86	-11.9116
47	56	11.9106
46	57	11.9106
9	86	11.9057
8	87	11.9057
25	80	11.8997
24	81	11.8997
37	74	-11.8956
36	75	-11.8956
21	30	11.8918
20	31	11.8918
44	91	11.8913
45	90	11.8913
20	75	-11.8895
21	74	-11.8895
14	41	-11.8767
15	40	-11.8767
29	42	11.8658
28	43	11.8658
7	86	-11.8592
6	87	-11.8592
49	92	11.8506
48	93	11.8506
13	36	11.8422
12	37	11.8422
0	87	11.8365
1	86	11.8365
15	72	-11.8303
14	73	-11.8303
58	65	11.8242
59	64	11.8242
50	61	11.7995
51	60	11.7995
5	6	11.7802
4	7	11.7802
10	51	-11.7701
11	50	-11.7701
14	87	11.7654
15	86	11.7654
4	15	-11.7627
5	14	-11.7627
8	79	-11.7597
9	78	-11.7597
13	18	-11.7543
12	19	-11.7543
4	51	-11.7516
5	50	-11.7516
13	64	-11.7506
12	65	-11.7506
16	19	-11.7394
17	18	-11.7394
45	70	11.7352
44	71	11.7352
65	86	-11.7224
64	87	-11.7224
38	57	-11.7033
39	56	-11.7033
65	98	11.6991
64	99	11.6991
17	36	11.6924
16	37	11.6924
82	99	-11.6841
83	98	-11.6841
36	99	-11.6823
37	98	-11.6823
15	46	-11.6799
14	47	-11.6799
5	8	-11.6725
4	9	-11.6725
4	61	-11.6709
5	60	-11.6709
52	79	-11.6643
53	78	-11.6643
13	28	-11.6604
12	29	-11.6604
38	87	11.6602
39	86	11.6602
0	47	-11.6597
1	46	-11.6597
61	72	-11.6459
60	73	-11.6459
68	71	11.6446
69	70	11.6446
33	96	11.6195
32	97	11.6195
75	78	11.6133
74	79	11.6133
55	76	11.6109
54	77	11.6109
14	53	11.6052
15	52	11.6052
56	85	-11.6043
57	84	-11.6043
8	73	-11.6032
9	72	-11.6032
49	80	-11.5934
48	81	-11.5934
14	71	-11.5882
15	70	-11.5882
50	91	-11.5542
51	90	-11.5542
31	68	-11.5523
30	69	-11.5523
26	47	-11.5437
27	46	-11.5437
32	35	-11.5381
33	34	-11.5381
66	69	-11.5301
67	68	-11.5301
26	57	-11.5209
27	56	-11.5209
6	73	11.5185
7	72	11.5185
39	46	-11.5142
38	47	-11.5142
41	82	-11.5036
40	83	-11.5036
4	53	-11.5009
5	52	-11.5009
2	55	11.4911
3	54	11.4911
25	76	-11.4882
24	77	-11.4882
47	84	-11.4881
46	85	-11.4881
2	93	11.4857
3	92	11.4857
18	67	-11.4728
19	66	-11.4728
36	51	11.4507
37	50	11.4507
21	40	-11.4432
20	41	-11.4432
44	83	-11.4425
45	82	-11.4425
9	50	11.4413
8	51	11.4413
53	72	-11.4412
52	73	-11.4412
9	14	11.4352
8	15	11.4352
22	87	11.4322
23	86	11.4322
37	64	-11.4222
36	65	-11.4222
13	88	11.4187
12	89	11.4187
33	54	-11.3958
32	55	-11.3958
42	49	11.3869
43	48	11.3869
7	14	-11.3757
6	15	-11.3757
37	96	11.3692
36	97	11.3692
17	58	-11.3613
16	59	-11.3613
81	92	-11.3586
80	93	-11.3586
51	52	11.3497
50	53	11.3497
7	78	11.3427
6	79	11.3427
47	76	11.3326
46	77	11.3326
68	97	-11.3326
69	96	-11.3326
18	97	-11.3313
19	96	-11.3313
3	30	-11.331
2	31	-11.331
84	87	11.3198
85	86	11.3198
77	92	11.3111
76	93	11.3111
17	32	11.3048
16	33	11.3048
21	98	-11.2982
20	99	-11.2982
14	61	11.29
15	60	11.29
13	98	-11.285
12	99	-11.285
23	46	-11.2806
22	47	-11.2806
69	94	-11.2794
68	95	-11.2794
31	34	-11.2743
30	35	-11.2743
32	45	-11.2735
33	44	-11.2735
34	41	11.2734
35	40	11.2734
3	42	11.2704
2	43	11.2704
59	66	-11.2694
58	67	-11.2694
11	42	11.2519
10	43	11.2519
13	58	-11.2494
12	59	-11.2494
26	87	11.2455
27	86	11.2455
3	80	-11.2369
2	81	-11.2369
28	41	11.2315
29	40	11.2315
28	81	-11.2293
29	80	-11.2293
29	50	-11.2226
28	51	-11.2226
36	95	11.2055
37	94	11.2055
62	99	11.1975
63	98	11.1975
13	44	-11.1687
12	45	-11.1687
30	49	-11.1685
31	48	-11.1685
54	87	-11.167
55	86	-11.167
59	72	11.1578
58	73	11.1578
97	98	-11.1516
96	99	-11.1516
14	57	-11.15
15	56	-11.15
13	46	-11.1346
12	47	-11.1346
34	81	-11.1342
35	80	-11.1342
1	22	11.1328
0	23	11.1328
18	79	11.1296
19	78	11.1296
64	69	11.1293
65	68	11.1293
37	78	-11.1276
36	79	-11.1276
16	69	-11.116
17	68	-11.116
19	72	11.1025
18	73	11.1025
21	44	-11.0969
20	45	-11.0969
40	69	11.0933
41	68	11.0933
15	74	-11.0882
14	75	-11.0882
36	71	-11.0849
37	70	-11.0849
17	98	-11.0824
16	99	-11.0824
59	78	11.0691
58	79	11.0691
29	30	-11.0557
28	31	-11.0557
32	93	-11.05
33	92	-11.05
26	81	11.0463
27	80	11.0463
23	78	-11.0448
22	79	-11.0448
37	66	11.0442
36	67	11.0442
1	18	-11.0437
0	19	-11.0437
58	97	-11.0337
59	96	-11.0337
70	87	-11.0224
71	86	-11.0224
18	91	11.0169
19	90	11.0169
32	67	11.0088
33	66	11.0088
7	46	11.0035
6	47	11.0035
55	56	10.9987
54	57	10.9987
13	60	10.9976
12	61	10.9976
51	98	-10.9971
50	99	-10.9971
2	41	10.9946
3	40	10.9946
25	56	-10.9934
24	57	-10.9934
19	50	-10.9856
18	51	-10.9856
43	68	10.9758
42	69	10.9758
1	38	10.9663
0	39	10.9663
4	55	10.9613
5	54	10.9613
80	85	10.9589
81	84	10.9589
39	78	-10.947
38	79	-10.947
32	89	10.9393
33	88	10.9393
18	95	-10.9364
19	94	-10.9364
5	22	-10.9329
4	23	-10.9329
5	58	10.9314
4	59	10.9314
95	98	-10.9294
94	99	-10.9294
87	92	-10.9268
86	93	-10.9268
1	58	-10.9202
0	59	-10.9202
14	63	-10.9134
15	62	-10.9134
14	89	10.9064
15	88	10.9064
46	75	10.9054
47	74	10.9054
31	32	10.8959
30	33	10.8959
13	30	10.8957
12	31	10.8957
58	87	-10.8823
59	86	-10.8823
15	28	-10.8812
14	29	-10.8812
44	99	10.8753
45	98	10.8753
36	73	-10.8747
37	72	-10.8747
33	70	-10.8623
32	71	-10.8623
59	90	10.8616
58	91	10.8616
23	72	-10.8569
22	73	-10.8569
54	81	-10.8524
55	80	-10.8524
58	95	-10.8516
59	94	-10.8516
35	44	10.8447
34	45	10.8447
4	19	10.8438
5	18	10.8438
41	48	10.8297
40	49	10.8297
1	84	10.8279
0	85	10.8279
58	71	10.8229
59	70	10.8229
2	47	10.8133
3	46	10.8133
78	85	-10.8132
79	84	-10.8132
21	80	10.8116
20	81	10.8116
28	45	10.81
29	44	10.81
47	52	-10.8092
46	53	-10.8092
19	70	10.7971
18	71	10.7971
5	36	-10.7742
4	37	-10.7742
8	13	10.7731
9	12	10.7731
74	99	10.7715
75	98	10.7715
23	80	10.7645
22	81	10.7645
33	62	-10.7639
32	63	-10.7639
81	82	10.7565
80	83	10.7565
0	27	10.7524
1	26	10.7524
32	65	-10.7511
33	64	-10.7511
26	79	-10.7463
27	78	-10.7463
11	46	10.7441
10	47	10.7441
15	76	-10.7404
14	77	-10.7404
38	51	10.7401
39	50	10.7401
5	38	-10.7387
4	39	-10.7387
10	31	-10.7354
11	30	-10.7354
88	99	-10.7329
89	98	-10.7329
3	44	10.7293
2	45	10.7293
46	51	-10.7239
47	50	-10.7239
56	93	10.7204
57	92	10.7204
14	65	-10.7192
15	64	-10.7192
9	46	-10.7156
8	47	-10.7156
0	15	10.7152
1	14	10.7152
54	73	10.7115
55	72	10.7115
22	51	10.7114
23	50	10.7114
50	55	-10.706
51	54	-10.706
12	53	10.6967
13	52	10.6967
45	48	10.6888
44	49	10.6888
5	84	-10.6828
4	85	-10.6828
11	40	10.6737
10	41	10.6737
38	73	-10.672
39	72	-10.672
46	61	-10.6687
47	60	-10.6687
51	58	-10.6676
50	59	-10.6676
33	60	10.6647
32	61	10.6647
1	54	-10.6645
0	55	-10.6645
38	81	10.6615
39	80	10.6615
46	95	-10.6539
47	94	-10.6539
24	87	10.6515
25	86	10.6515
43	76	10.6402
42	77	10.6402
69	88	-10.6386
68	89	-10.6386
5	26	-10.6317
4	27	-10.6317
11	14	-10.6162
10	15	-10.6162
72	85	-10.6082
73	84	-10.6082
36	91	-10.6078
37	90	-10.6078
7	80	-10.6001
6	81	-10.6001
4	93	10.598
5	92	10.598
36	87	10.5922
37	86	10.5922
33	42	-10.5785
32	43	-10.5785
46	49	10.5706
47	48	10.5706
61	98	-10.5622
60	99	-10.5622
27	72	-10.5553
26	73	-10.5553
0	37	10.5533
1	36	10.5533
51	84	10.5463
50	85	10.5463
41	50	-10.5432
40	51	-10.5432
15	90	-10.5426
14	91	-10.5426
41	78	10.537
40	79	10.537
54	79	10.5328
55	78	10.5328
44	51	-10.5157
45	50	-10.5157
8	99	-10.5102
9	98	-10.5102
62	69	10.5087
63	68	10.5087
18	83	-10.5015
19	82	-10.5015
39	98	-10.5004
38	99	-10.5004
27	50	10.4902
26	51	10.4902
46	89	-10.4871
47	88	-10.4871
15	66	10.4869
14	67	10.4869
36	83	10.4853
37	82	10.4853
6	99	10.4809
7	98	10.4809
19	86	-10.4746
18	87	-10.4746
32	75	-10.4713
33	74	-10.4713
47	62	10.4661
46	63	10.4661
10	45	10.4561
11	44	10.4561
15	16	10.4553
14	17	10.4553
31	98	-10.4502
30	99	-10.4502
9	32	10.4402
8	33	10.4402
53	98	-10.4401
52	99	-10.4401
0	45	-10.4386
1	44	-10.4386
41	98	10.4279
40	99	10.4279
20	37	10.4241
21	36	10.4241
32	53	10.4198
33	52	10.4198
72	93	10.402
73	92	10.402
61	68	-10.3932
60	69	-10.3932
45	78	10.3829
44	79	10.3829
50	93	-10.3765
51	92	-10.3765
31	50	10.3717
30	51	10.3717
19	56	10.3583
18	57	10.3583
59	82	-10.3569
58	83	-10.3569
21	46	-10.3554
20	47	-10.3554
1	92	-10.3542
0	93	-10.3542
30	77	-10.3533
31	76	-10.3533
24	79	-10.3522
25	78	-10.3522
74	81	-10.3506
75	80	-10.3506
1	24	10.3496
0	25	10.3496
29	46	10.3478
28	47	10.3478
56	59	10.3468
57	58	10.3468
4	25	-10.3374
5	24	-10.3374
40	77	10.3367
41	76	10.3367
80	91	-10.3332
81	90	-10.3332
15	34	-10.3306
14	35	-10.3306
34	47	10.3294
35	46	10.3294
44	73	10.325
45	72	10.325
9	68	-10.3192
8	69	-10.3192
53	80	10.3137
52	81	10.3137
18	21	-10.3132
19	20	-10.3132
41	56	10.3069
40	57	10.3069
12	23	10.3067
13	22	10.3067
37	56	-10.3039
36	57	-10.3039
21	58	-10.3015
20	59	-10.3015
12	43	-10.3006
13	42	-10.3006
54	99	10.2986
55	98	10.2986
15	96	10.2954
14	97	10.2954
79	92	10.2781
78	93	10.2781
13	38	10.2759
12	39	10.2759
71	80	-10.2751
70	81	-10.2751
9	80	10.2737
8	81	10.2737
19	28	10.2648
18	29	10.2648
13	40	-10.2641
12	41	-10.2641
24	73	-10.2637
25	72	-10.2637
84	99	-10.2606
85	98	-10.2606
29	36	-10.2574
28	37	-10.2574
18	35	10.2537
19	34	10.2537
27	98	-10.2526
26	99	-10.2526
52	69	-10.25
53	68	-10.25
14	95	10.2468
15	94	10.2468
43	98	10.2458
42	99	10.2458
2	37	-10.2357
3	36	-10.2357
81	94	10.2279
80	95	10.2279
22	99	-10.2256
23	98	-10.2256
32	39	10.2246
33	38	10.2246
66	81	10.2236
67	80	10.2236
42	87	-10.2224
43	86	-10.2224
16	47	-10.2216
17	46	-10.2216
13	84	10.2206
12	85	10.2206
80	97	10.2187
81	96	10.2187
47	96	-10.2186
46	97	-10.2186
6	33	-10.2166
7	32	-10.2166
29	58	10.2137
28	59	10.2137
43	56	10.2109
42	57	10.2109
34	59	10.2069
35	58	10.2069
25	68	-10.2016
24	69	-10.2016
13	26	10.2005
12	27	10.2005
12	55	-10.1974
13	54	-10.1974
4	45	10.1954
5	44	10.1954
68	75	10.1954
69	74	10.1954
34	37	-10.1898
35	36	-10.1898
13	24	10.1848
12	25	10.1848
24	51	10.1836
25	50	10.1836
1	30	10.1823
0	31	10.1823
30	79	-10.1719
31	78	-10.1719
2	59	10.1629
3	58	10.1629
61	80	10.1627
60	81	10.1627
44	77	10.1589
45	76	10.1589
3	18	10.1558
2	19	10.1558
15	48	-10.1557
14	49	-10.1557
22	33	10.1543
23	32	10.1543
63	80	-10.1514
62	81	-10.1514
19	48	10.1431
18	49	10.1431
16	81	10.1421
17	80	10.1421
46	65	10.1353
47	64	10.1353
46	71	10.1337
47	70	10.1337
30	57	-10.1303
31	56	-10.1303
92	99	10.1255
93	98	10.1255
1	42	-10.1247
0	43	-10.1247
4	43	10.1212
5	42	10.1212
33	84	10.1195
32	85	10.1195
47	82	-10.115
46	83	-10.115
19	76	10.1139
18	77	10.1139
69	92	10.1077
68	93	10.1077
26	33	10.1024
27	32	10.1024
24	99	-10.1006
25	98	-10.1006
7	68	10.1
6	69	10.1
10	19	10.0974
11	18	10.0974
64	81	-10.0936
65	80	-10.0936
37	48	-10.0918
36	49	-10.0918
80	89	10.0878
81	88	10.0878
42	73	10.0858
43	72	10.0858
58	77	10.0787
59	76	10.0787
44	57	10.0731
45	56	10.0731
30	73	-10.0706
31	72	-10.0706
25	32	10.069
24	33	10.069
44	87	-10.0658
45	86	-10.0658
37	76	-10.0656
36	77	-10.0656
10	37	-10.0631
11	36	-10.0631
49	58	10.0592
48	59	10.0592
22	69	-10.0499
23	68	-10.0499
12	93	-10.0463
13	92	-10.0463
43	50	-10.0371
42	51	-10.0371
15	20	10.0362
14	21	10.0362
10	59	10.0337
11	58	10.0337
46	67	-10.0305
47	66	-10.0305
40	73	10.0269
41	72	10.0269
54	69	10.0246
55	68	10.0246
3	14	-10.024
2	15	-10.024
27	68	-10.0183
26	69	-10.0183
5	30	-10.0177
4	31	-10.0177
31	86	10.0163
30	87	10.0163
69	84	-10.0143
68	85	-10.0143
15	82	10.0139
14	83	10.0139
1	40	-10.0067
0	41	-10.0067
38	69	-10.0064
39	68	-10.0064
46	91	10.0056
47	90	10.0056
43	78	10.0035
42	79	10.0035
5	40	10.0001
4	41	10.0001
26	84	1.99972
8	52	1.99771
16	96	1.99521
60	88	1.99432
52	60	1.99406
4	72	1.9933
64	66	-1.9922
22	84	1.99162
8	60	1.99084
22	26	1.98953
38	84	1.986
16	88	1.98562
26	38	1.98445
54	92	1.98267
22	52	1.98196
8	88	1.97938
52	88	1.97913
20	82	1.97866
24	26	1.97784
10	76	1.97638
6	74	1.97593
56	76	1.97453
24	84	1.97372
10	28	1.97272
88	96	1.97226
8	22	1.97108
2	48	1.96962
94	96	1.96784
6	62	1.96703
82	96	1.96623
22	38	1.96572
20	94	1.9651
22	24	1.96444
16	60	1.96344
22	60	1.96316
12	50	1.96216
18	44	1.96097
56	78	1.96075
30	44	-1.9594
52	84	1.95525
10	48	1.95336
18	58	1.95196
28	90	1.94978
26	52	1.94903
8	16	1.94766
48	76	1.94687
16	94	1.94539
16	82	1.94454
20	96	1.94408
60	96	1.94227
62	74	1.94191
16	52	1.93898
60	84	1.93686
82	94	1.93642
8	84	1.93638
38	52	1.93301
88	94	1.93076
24	38	1.93042
22	88	1.92972
8	26	1.92954
38	60	1.92928
26	60	1.92877
42	44	1.92665
16	66	1.92114
34	66	-1.91811
8	96	1.91584
24	30	1.91074
14	36	1.91065
16	20	1.90876
4	98	1.90851
16	64	-1.90834
52	96	1.90821
56	72	1.90776
8	38	1.90759
10	56	1.90513
66	96	1.90407
28	76	1.90298
10	90	1.9015
24	52	1.90131
66	82	1.90012
72	76	1.89994
34	70	1.89937
48	56	1.89911
66	70	-1.89763
60	94	1.89716
4	76	1.89714
84	88	1.89662
28	48	1.89521
38	88	1.89505
64	70	1.89432
40	92	1.89428
72	98	1.89376
42	92	1.89365
48	90	1.88944
26	88	1.88648
34	82	-1.88514
8	24	1.88449
8	64	-1.88363
72	78	1.88321
0	12	1.88264
82	88	1.8821
4	56	1.88157
64	96	-1.88081
62	90	1.88081
76	78	1.87931
68	80	-1.87846
78	86	-1.87494
44	58	1.87294
64	88	-1.87051
34	64	1.87024
66	88	1.86957
2	76	1.86579
32	86	1.8647
30	42	-1.86457
16	22	1.8619
68	72	1.86109
24	60	1.86088
18	30	-1.86084
8	66	1.86028
4	10	1.85817
18	42	1.85596
2	10	1.85533
20	88	1.85335
64	82	-1.85294
52	64	-1.85273
60	64	-1.85048
74	90	1.84942
0	50	1.84882
68	78	1.84876
52	94	1.84671
40	54	1.84617
8	94	1.84258
2	56	1.84213
32	78	-1.84071
40	42	1.84043
10	72	1.83976
42	58	1.83957
60	66	1.83896
56	86	-1.83532
46	58	1.83482
4	78	1.83354
60	82	1.82991
52	66	1.82947
40	58	1.82625
22	96	1.82272
30	36	1.81954
16	84	1.81493
26	30	1.81438
16	38	1.81357
2	90	1.81172
4	68	1.81167
68	98	1.81068
24	88	1.80536
42	54	1.80357
76	90	1.80344
20	66	1.80305
30	84	1.80258
16	26	1.8023
24	44	-1.79892
20	60	1.79874
8	82	1.79799
34	96	-1.79718
4	28	1.79499
2	86	-1.79355
20	34	-1.79346
28	56	1.79232
6	90	1.79223
16	34	-1.78835
24	42	-1.78781
38	96	1.78766
38	94	1.7853
52	82	1.78192
66	94	1.78107
22	30	1.77951
84	96	1.77737
2	28	1.77567
22	94	1.7679
22	64	-1.76593
10	78	1.76561
26	96	1.76364
48	78	1.76304
28	72	1.75571
20	64	-1.74925
64	94	-1.74677
8	20	1.74642
2	62	1.74447
0	34	-1.74294
84	94	1.74168
56	68	1.74159
20	52	1.73914
48	62	1.73899
48	86	-1.73736
36	44	-1.73655
76	86	-1.73561
30	38	1.73125
22	66	1.72958
4	48	1.72837
26	94	1.72749
48	72	1.72733
2	78	1.72093
32	68	-1.71829
30	58	-1.71829
16	24	1.71175
18	46	1.70921
28	62	1.70811
22	42	-1.70002
18	40	1.69956
18	80	-1.69725
54	64	1.69689
32	56	-1.69659
70	82	-1.69564
34	94	-1.6926
34	88	-1.69217
64	84	-1.69079
18	36	-1.68649
44	92	1.68533
40	44	1.68158
16	70	-1.68056
26	64	-1.68
26	42	-1.67888
56	90	1.6774
54	70	1.67439
28	74	1.67415
26	44	-1.67319
42	84	-1.67221
30	52	1.6717
32	80	1.66849
64	92	1.66804
22	82	1.6676
44	84	-1.66097
24	96	1.66078
76	98	1.66072
70	96	-1.65711
56	98	1.65568
58	92	1.6555
66	84	1.65498
46	80	-1.65476
24	36	1.65475
10	62	1.65473
8	30	1.65394
22	44	-1.65172
8	42	-1.64867
68	76	1.64545
78	98	1.64516
26	66	1.64265
42	52	-1.6418
38	64	-1.64175
24	64	-1.63893
8	34	-1.63884
34	60	-1.63591
20	22	1.63043
18	24	-1.6285
38	82	1.62816
58	80	-1.62733
28	78	1.62652
20	38	1.62633
10	86	-1.62579
0	82	1.62549
54	66	-1.62458
8	70	-1.62218
38	66	1.61875
10	98	1.61541
8	92	-1.61354
82	84	1.61228
30	92	-1.61133
2	72	1.61123
70	88	-1.60915
0	20	1.60782
30	60	1.60743
24	92	-1.60568
72	86	-1.60499
34	52	-1.60444
78	80	-1.60424
18	92	1.60399
36	80	1.60376
4	90	1.60216
24	94	1.60144
48	74	1.60125
2	4	1.60089
40	46	1.59972
26	82	1.59655
14	80	1.59342
6	28	1.59244
20	50	1.59188
66	92	-1.58891
20	84	1.58825
70	92	1.58723
52	92	-1.58631
22	92	-1.58528
24	66	1.58486
52	70	-1.58111
46	68	1.58076
2	6	1.57888
60	70	-1.57846
6	48	1.57792
68	86	-1.57789
8	54	-1.57784
46	98	1.57326
42	60	-1.57263
38	44	-1.57249
20	26	1.57225
32	72	-1.57217
10	74	1.57072
44	54	1.57054
38	42	-1.57023
2	74	1.56924
26	36	1.56727
80	98	-1.56591
20	70	-1.56504
28	98	1.56475
72	90	1.56441
14	30	1.56264
32	76	-1.5561
72	80	-1.55475
36	84	1.55149
44	52	-1.54957
62	76	1.54826
44	80	-1.54817
4	86	-1.54808
52	54	-1.5447
44	46	1.54314
54	58	1.54165
42	64	1.54014
8	44	-1.54013
50	82	1.53726
30	88	1.53568
30	40	-1.53212
60	92	-1.52966
22	54	-1.52461
26	92	-1.52452
24	54	-1.52433
84	92	-1.52383
10	68	1.52199
36	38	1.52165
42	88	-1.51794
36	42	-1.5161
6	10	1.50911
34	50	-1.50827
30	54	-1.50778
14	32	1.50494
70	94	-1.50333
4	32	-1.50315
88	92	-1.50232
24	58	-1.50126
0	70	-1.49502
54	60	-1.49466
4	80	-1.49368
18	26	-1.49222
14	44	-1.49117
78	90	1.49086
28	86	-1.48835
22	36	1.48811
24	82	1.48688
36	58	-1.48681
22	70	-1.48675
0	66	1.48619
18	54	1.48506
16	92	-1.48152
22	34	-1.48145
18	84	-1.47931
44	60	-1.4793
54	88	-1.4781
16	54	-1.47652
42	46	1.4759
14	18	-1.47302
2	32	-1.47147
42	74	1.47008
22	62	-1.47001
24	62	-1.46931
18	22	-1.46666
6	24	-1.46184
48	98	1.46097
32	48	-1.45981
2	94	-1.45868
64	90	1.45868
6	42	1.45858
26	62	-1.4582
62	84	-1.45794
42	66	-1.4575
16	48	-1.4573
54	84	-1.45696
52	62	-1.45647
12	34	-1.45647
26	54	-1.45606
48	96	-1.45597
8	62	-1.45595
10	66	-1.45516
28	64	1.45423
2	96	-1.45405
12	20	1.453
0	96	1.4507
30	80	1.45062
16	42	-1.45033
2	88	-1.45019
6	30	-1.45006
2	16	-1.4495
74	92	1.44845
20	24	1.44822
28	66	-1.44799
10	64	1.44676
86	90	-1.44594
28	70	1.44488
48	88	-1.44152
48	82	-1.44114
66	90	-1.44093
48	68	1.44033
74	76	1.439
2	60	-1.43844
60	62	-1.43627
0	94	1.43608
56	80	-1.43467
56	82	-1.43363
16	30	1.43333
24	40	-1.43304
6	22	-1.43261
34	76	1.4324
56	62	1.43229
76	82	-1.43135
6	44	1.43047
10	34	1.43041
48	66	-1.43031
2	20	-1.42981
66	76	-1.42893
34	54	1.42808
50	94	1.42719
92	96	-1.4268
10	32	-1.42598
54	96	-1.42597
48	60	-1.42523
4	34	1.42476
48	94	-1.42411
38	62	-1.42396
38	92	-1.42345
6	26	-1.42315
8	90	-1.42311
34	72	1.42292
2	82	-1.42276
48	64	1.42087
6	84	-1.42061
12	82	1.42007
20	56	-1.41913
20	48	-1.4181
8	48	-1.41792
2	52	-1.41774
62	88	-1.41667
2	8	-1.41569
70	84	-1.41504
54	74	1.41467
0	68	-1.41434
30	64	-1.41341
34	84	-1.41241
10	70	1.41216
44	88	-1.41201
48	52	-1.41011
6	8	-1.40968
52	90	-1.40813
6	52	-1.40812
64	76	1.40672
26	70	-1.40613
28	34	1.406
76	96	-1.40595
0	16	1.40594
0	64	-1.40524
34	56	1.40516
10	82	-1.40512
24	74	-1.405
10	16	-1.405
28	68	1.4028
34	38	-1.40188
16	76	-1.40115
26	34	-1.399
18	38	-1.39881
30	62	-1.39851
10	96	-1.3981
16	90	-1.39732
44	74	1.39638
60	90	-1.39467
20	76	-1.39462
20	78	-1.39455
18	68	1.39328
20	86	1.39313
88	90	-1.3931
30	74	-1.39219
42	62	1.39202
14	24	1.39146
80	86	1.39068
56	96	-1.39068
6	76	1.39026
42	96	-1.38967
16	62	-1.38862
78	82	-1.38811
70	90	1.38774
22	74	-1.3851
4	70	1.38436
30	46	-1.38336
12	80	1.38303
8	74	-1.38271
6	92	1.38185
2	38	-1.38063
2	22	-1.38013
26	58	-1.37963
22	40	-1.37914
6	60	-1.37913
22	90	-1.37889
6	12	-1.37784
58	68	1.37781
24	70	-1.37779
30	96	1.37734
86	94	1.37722
50	96	1.37608
56	66	-1.37606
34	48	1.37517
16	56	-1.37409
62	64	1.37388
90	96	-1.37341
52	74	-1.37335
56	94	-1.37309
6	38	-1.37257
8	40	-1.37218
38	70	-1.37212
10	88	-1.37196
32	50	1.37011
58	84	-1.36991
40	64	1.36985
22	58	-1.3694
64	74	1.36866
70	76	1.36784
2	68	1.36703
54	90	1.36681
18	52	-1.36681
62	96	-1.36547
14	68	-1.36482
16	28	-1.36469
34	92	1.36415
2	84	-1.36409
36	52	1.36392
2	66	-1.36355
54	82	-1.36324
76	94	-1.36222
38	54	-1.36221
40	74	1.36184
26	74	-1.36145
0	72	-1.36138
8	10	-1.36063
74	84	-1.35994
90	92	1.35971
42	70	1.35934
22	48	-1.35919
76	88	-1.35904
34	90	1.35897
8	18	-1.35851
40	52	-1.35751
2	26	-1.35676
6	88	-1.35589
32	98	-1.35547
90	98	1.35471
2	98	1.35433
70	72	1.35416
46	72	1.35372
2	64	1.35352
62	66	-1.35302
34	78	1.35241
8	28	-1.35228
10	60	-1.35188
0	78	-1.35183
10	20	-1.35182
44	64	1.34972
44	62	1.34891
28	96	-1.34707
30	66	1.34677
6	18	1.34666
0	80	1.34624
50	78	-1.34498
26	40	-1.34468
12	68	-1.34423
4	66	-1.34382
10	52	-1.34313
56	64	1.34288
6	64	1.34276
28	82	-1.34256
82	90	-1.34199
40	84	-1.34189
12	62	-1.34165
60	74	-1.34105
84	90	-1.34097
86	98	-1.34063
82	92	-1.34015
50	80	1.33958
66	74	-1.33916
28	88	-1.339
82	86	1.33866
26	90	-1.33701
62	92	1.33691
8	36	1.3367
0	4	-1.33511
6	54	1.3343
10	94	-1.33333
66	72	-1.33284
72	82	-1.33279
42	80	-1.33252
28	52	-1.332
24	90	-1.33108
4	46	1.33079
60	76	-1.33018
6	16	-1.32982
0	56	-1.32915
48	84	-1.32851
38	48	-1.32817
28	60	-1.32785
50	68	-1.32644
78	94	-1.32628
56	88	-1.32591
24	34	-1.32561
8	76	-1.32527
16	44	-1.32421
28	54	1.32275
46	92	1.3223
74	88	-1.32139
26	48	-1.32077
78	96	-1.32029
16	50	1.31988
14	26	1.31947
18	74	1.31929
6	66	-1.3191
76	80	-1.31897
62	86	-1.31858
12	74	-1.31702
92	94	-1.31679
36	60	1.31671
30	94	1.31641
0	6	-1.3164
4	82	-1.31628
62	94	-1.31615
86	96	1.31599
50	66	1.31504
34	98	1.31437
4	64	1.31384
48	70	1.31383
32	36	1.31375
56	74	1.31219
62	82	-1.31172
40	60	-1.31122
12	78	-1.31052
52	76	-1.31001
28	32	-1.30953
0	76	-1.30939
54	94	-1.30849
14	84	1.30602
16	74	-1.30525
38	90	-1.30465
6	96	-1.30457
6	40	1.30343
38	74	-1.30317
14	42	-1.30311
18	60	-1.30296
36	68	-1.30287
0	88	1.30197
14	58	-1.30145
38	58	-1.30137
56	70	1.30044
54	62	1.30026
58	74	1.29961
42	90	1.29955
6	58	1.29951
42	94	-1.29941
40	66	-1.29888
40	70	1.29874
0	74	-1.29825
64	72	1.29766
4	62	1.29686
70	98	1.29642
50	86	1.29545
12	32	1.29524
2	34	1.2947
90	94	-1.29433
16	78	-1.29308
52	58	-1.29288
2	24	-1.29269
36	92	-1.29178
14	38	1.29091
12	94	1.29087
56	60	-1.29047
8	58	-1.29009
20	72	-1.2896
34	68	1.28931
28	92	1.28918
70	74	1.28589
66	78	-1.2858
16	86	1.28563
20	54	-1.28538
50	56	-1.28404
40	88	-1.28383
10	22	-1.28335
22	28	-1.28305
0	98	-1.28295
36	46	-1.28278
20	90	-1.28266
20	62	-1.28098
40	80	-1.28091
6	50	-1.27989
0	10	-1.27936
44	66	-1.27925
20	32	1.27656
6	56	1.27606
74	96	-1.27576
20	28	-1.27513
46	78	1.27462
50	70	-1.27326
8	56	-1.27316
38	40	-1.27078
0	62	-1.27021
44	96	-1.27008
62	72	1.27001
20	92	-1.26996
24	48	-1.26806
12	56	-1.26641
34	74	1.26628
72	96	-1.26587
4	20	-1.2647
6	82	-1.26437
28	94	-1.26436
62	78	1.26225
6	36	-1.26204
12	96	1.26171
50	62	-1.26117
52	56	-1.26106
86	88	1.26078
42	82	-1.25937
34	62	1.25776
4	96	-1.25738
0	48	-1.25665
36	88	1.25459
16	72	-1.25447
16	40	-1.25309
32	46	-1.25214
14	22	1.25107
4	16	-1.25086
36	40	-1.24955
2	50	-1.24861
36	54	-1.24794
50	64	-1.24694
6	94	-1.24652
6	34	1.24601
18	62	1.24587
18	88	-1.24487
2	12	-1.2445
64	78	1.24437
0	28	-1.24427
0	90	-1.24388
10	84	-1.24326
14	54	-1.243
22	76	-1.24271
28	84	-1.24134
0	60	1.24113
58	98	1.24102
74	82	-1.24075
12	48	-1.2404
78	88	-1.23875
58	60	-1.23845
44	68	1.23827
12	66	1.2378
10	54	1.23766
10	26	-1.23603
26	28	-1.23586
46	54	1.23564
50	88	1.23511
62	70	1.23468
4	74	1.23442
40	62	1.23294
14	98	-1.23214
12	70	-1.23186
0	32	1.23159
12	76	-1.23132
10	38	-1.23099
60	86	1.23023
48	50	-1.22935
68	90	1.22913
12	72	-1.22801
6	20	-1.22747
50	76	-1.2273
14	78	-1.22711
32	82	1.22622
6	70	1.22461
30	82	1.22451
72	94	-1.22431
68	82	-1.22294
12	86	1.22251
70	78	1.22209
14	92	-1.22187
30	90	-1.22104
12	90	-1.21972
40	96	-1.21932
32	40	-1.218
0	8	1.21704
24	28	-1.21668
32	90	-1.21665
28	38	-1.21581
50	72	-1.2158
12	16	1.21568
18	32	-1.21544
46	86	-1.21402
2	70	1.21399
20	68	-1.21393
30	70	-1.21244
50	74	-1.21197
34	42	1.21177
32	94	1.21118
0	2	-1.20995
36	62	-1.20882
10	80	-1.20759
24	46	-1.20751
4	94	-1.20739
44	94	-1.20727
10	92	1.20723
76	84	-1.20593
38	76	-1.20585
20	42	-1.20522
18	64	1.20461
18	98	1.20259
40	90	1.20216
74	86	-1.2021
10	12	-1.20152
74	94	-1.20127
72	74	1.20076
60	78	-1.19966
66	86	1.19868
32	58	-1.19863
58	62	1.19822
34	86	-1.19809
10	24	-1.19801
0	52	1.19799
66	98	-1.19789
26	76	-1.19776
72	88	-1.19735
48	54	1.19705
4	88	-1.19687
14	50	1.19682
12	14	1.19299
4	12	-1.19262
40	94	-1.19248
58	88	-1.19236
52	86	1.19218
22	56	-1.19188
40	86	-1.19116
46	56	1.19106
8	86	1.19057
24	80	1.18997
36	74	-1.18956
20	30	1.18918
44	90	1.18913
20	74	-1.18895
14	40	-1.18767
28	42	1.18658
6	86	-1.18592
48	92	1.18506
12	36	1.18422
0	86	1.18365
14	72	-1.18303
58	64	1.18242
50	60	1.17995
4	6	1.17802
10	50	-1.17701
14	86	1.17654
4	14	-1.17627
8	78	-1.17597
12	18	-1.17543
4	50	-1.17516
12	64	-1.17506
16	18	-1.17394
44	70	1.17352
64	86	-1.17224
38	56	-1.17033
64	98	1.16991
16	36	1.16924
82	98	-1.16841
36	98	-1.16823
14	46	-1.16799
4	8	-1.16725
4	60	-1.16709
52	78	-1.16643
12	28	-1.16604
38	86	1.16602
0	46	-1.16597
60	72	-1.16459
68	70	1.16446
32	96	1.16195
74	78	1.16133
54	76	1.16109
14	52	1.16052
56	84	-1.16043
8	72	-1.16032
48	80	-1.15934
14	70	-1.15882
50	90	-1.15542
30	68	-1.15523
26	46	-1.15437
32	34	-1.15381
66	68	-1.15301
26	56	-1.15209
6	72	1.15185
38	46	-1.15142
40	82	-1.15036
4	52	-1.15009
2	54	1.14911
24	76	-1.14882
46	84	-1.14881
2	92	1.14857
18	66	-1.14728
36	50	1.14507
20	40	-1.14432
44	82	-1.14425
8	50	1.14413
52	72	-1.14412
8	14	1.14352
22	86	1.14322
36	64	-1.14222
12	88	1.14187
32	54	-1.13958
42	48	1.13869
6	14	-1.13757
36	96	1.13692
16	58	-1.13613
80	92	-1.13586
50	52	1.13497
6	78	1.13427
46	76	1.13326
68	96	-1.13326
18	96	-1.13313
2	30	-1.1331
84	86	1.13198
76	92	1.13111
16	32	1.13048
20	98	-1.12982
14	60	1.129
12	98	-1.1285
22	46	-1.12806
68	94	-1.12794
30	34	-1.12743
32	44	-1.12735
34	40	1.12734
2	42	1.12704
58	66	-1.12694
10	42	1.12519
12	58	-1.12494
26	86	1.12455
2	80	-1.12369
28	40	1.12315
28	80	-1.12293
28	50	-1.12226
36	94	1.12055
62	98	1.11975
12	44	-1.11687
30	48	-1.11685
54	86	-1.1167
58	72	1.11578
96	98	-1.11516
14	56	-1.115
12	46	-1.11346
34	80	-1.11342
0	22	1.11328
18	78	1.11296
64	68	1.11293
36	78	-1.11276
16	68	-1.1116
18	72	1.11025
20	44	-1.10969
40	68	1.10933
14	74	-1.10882
36	70	-1.10849
16	98	-1.10824
58	78	1.10691
28	30	-1.10557
32	92	-1.105
26	80	1.10463
22	78	-1.10448
36	66	1.10442
0	18	-1.10437
58	96	-1.10337
70	86	-1.10224
18	90	1.10169
32	66	1.10088
6	46	1.10035
54	56	1.09987
12	60	1.09976
50	98	-1.09971
2	40	1.09946
24	56	-1.09934
18	50	-1.09856
42	68	1.09758
0	38	1.09663
4	54	1.09613
80	84	1.09589
38	78	-1.0947
32	88	1.09393
18	94	-1.09364
4	22	-1.09329
4	58	1.09314
94	98	-1.09294
86	92	-1.09268
0	58	-1.09202
14	62	-1.09134
14	88	1.09064
46	74	1.09054
30	32	1.08959
12	30	1.08957
58	86	-1.08823
14	28	-1.08812
44	98	1.08753
36	72	-1.08747
32	70	-1.08623
58	90	1.08616
22	72	-1.08569
54	80	-1.08524
58	94	-1.08516
34	44	1.08447
4	18	1.08438
40	48	1.08297
0	84	1.08279
58	70	1.08229
2	46	1.08133
78	84	-1.08132
20	80	1.08116
28	44	1.081
46	52	-1.08092
18	70	1.07971
4	36	-1.07742
8	12	1.07731
74	98	1.07715
22	80	1.07645
32	62	-1.07639
80	82	1.07565
0	26	1.07524
32	64	-1.07511
26	78	-1.07463
10	46	1.07441
14	76	-1.07404
38	50	1.07401
4	38	-1.07387
10	30	-1.07354
88	98	-1.07329
2	44	1.07293
46	50	-1.07239
56	92	1.07204
14	64	-1.07192
8	46	-1.07156
0	14	1.07152
54	72	1.07115
22	50	1.07114
50	54	-1.0706
12	52	1.06967
44	48	1.06888
4	84	-1.06828
10	40	1.06737
38	72	-1.0672
46	60	-1.06687
50	58	-1.06676
32	60	1.06647
0	54	-1.06645
38	80	1.06615
46	94	-1.06539
24	86	1.06515
42	76	1.06402
68	88	-1.06386
4	26	-1.06317
10	14	-1.06162
72	84	-1.06082
36	90	-1.06078
6	80	-1.06001
4	92	1.0598
36	86	1.05922
32	42	-1.05785
46	48	1.05706
60	98	-1.05622
26	72	-1.05553
0	36	1.05533
50	84	1.05463
40	50	-1.05432
14	90	-1.05426
40	78	1.0537
54	78	1.05328
44	50	-1.05157
8	98	-1.05102
62	68	1.05087
18	82	-1.05015
38	98	-1.05004
26	50	1.04902
46	88	-1.04871
14	66	1.04869
36	82	1.04853
6	98	1.04809
18	86	-1.04746
32	74	-1.04713
46	62	1.04661
10	44	1.04561
14	16	1.04553
30	98	-1.04502
8	32	1.04402
52	98	-1.04401
0	44	-1.04386
40	98	1.04279
20	36	1.04241
32	52	1.04198
72	92	1.0402
60	68	-1.03932
44	78	1.03829
50	92	-1.03765
30	50	1.03717
18	56	1.03583
58	82	-1.03569
20	46	-1.03554
0	92	-1.03542
30	76	-1.03533
24	78	-1.03522
74	80	-1.03506
0	24	1.03496
28	46	1.03478
56	58	1.03468
4	24	-1.03374
40	76	1.03367
80	90	-1.03332
14	34	-1.03306
34	46	1.03294
44	72	1.0325
8	68	-1.03192
52	80	1.03137
18	20	-1.03132
40	56	1.03069
12	22	1.03067
36	56	-1.03039
20	58	-1.03015
12	42	-1.03006
54	98	1.02986
14	96	1.02954
78	92	1.02781
12	38	1.02759
70	80	-1.02751
8	80	1.02737
18	28	1.02648
12	40	-1.02641
24	72	-1.02637
84	98	-1.02606
28	36	-1.02574
18	34	1.02537
26	98	-1.02526
52	68	-1.025
14	94	1.02468
42	98	1.02458
2	36	-1.02357
80	94	1.02279
22	98	-1.02256
32	38	1.02246
66	80	1.02236
42	86	-1.02224
16	46	-1.02216
12	84	1.02206
80	96	1.02187
46	96	-1.02186
6	32	-1.02166
28	58	1.02137
42	56	1.02109
34	58	1.02069
24	68	-1.02016
12	26	1.02005
12	54	-1.01974
4	44	1.01954
68	74	1.01954
34	36	-1.01898
12	24	1.01848
24	50	1.01836
0	30	1.01823
30	78	-1.01719
2	58	1.01629
60	80	1.01627
44	76	1.01589
2	18	1.01558
14	48	-1.01557
22	32	1.01543
62	80	-1.01514
18	48	1.01431
16	80	1.01421
46	64	1.01353
46	70	1.01337
30	56	-1.01303
92	98	1.01255
0	42	-1.01247
4	42	1.01212
32	84	1.01195
46	82	-1.0115
18	76	1.01139
68	92	1.01077
26	32	1.01024
24	98	-1.01006
6	68	1.01
10	18	1.00974
64	80	-1.00936
36	48	-1.00918
80	88	1.00878
42	72	1.00858
58	76	1.00787
44	56	1.00731
30	72	-1.00706
24	32	1.0069
44	86	-1.00658
36	76	-1.00656
10	36	-1.00631
48	58	1.00592
22	68	-1.00499
12	92	-1.00463
42	50	-1.00371
14	20	1.00362
10	58	1.00337
46	66	-1.00305
40	72	1.00269
54	68	1.00246
2	14	-1.0024
26	68	-1.00183
4	30	-1.00177
30	86	1.00163
68	84	-1.00143
14	82	1.00139
0	40	-1.00067
38	68	-1.00064
46	90	1.00056
42	78	1.00035
4	40	1.00001
