7	9	11.9935
45	63	11.9928
17	65	11.9903
1	73	-11.9882
7	89	11.9855
51	57	11.9784
9	89	11.9778
27	35	-11.9767
13	61	11.973
1	53	11.9716
15	93	11.9705
41	51	11.9698
89	91	11.9693
41	57	11.9551
53	73	-11.9437
29	75	11.9279
29	63	11.9242
39	45	11.9225
37	55	-11.92
9	91	11.9167
17	77	11.9167
7	91	11.9159
43	61	11.91
23	83	11.9033
67	83	11.8963
39	63	11.8929
25	71	11.8905
23	93	11.8836
29	45	11.8801
5	65	11.8794
43	69	-11.8751
13	73	-11.8745
65	77	11.8739
41	59	11.865
31	49	11.864
15	23	11.8533
27	43	-11.851
79	81	11.8381
5	17	11.8365
53	83	11.8349
25	55	11.8304
39	97	11.8152
35	43	11.8143
51	59	11.8078
87	99	11.8017
1	13	11.8006
39	95	11.8004
35	61	11.8
23	33	11.7985
13	43	11.7942
27	69	11.7926
95	97	11.7883
15	53	11.7868
23	53	11.7689
9	79	11.7661
61	73	-11.7501
27	61	-11.7492
59	87	11.7427
3	87	11.742
73	83	-11.741
1	83	11.7294
33	83	11.7284
67	73	-11.7257
31	85	11.7209
63	75	11.7139
47	93	11.7113
57	59	11.6974
7	79	11.687
53	67	11.6857
3	9	11.6811
13	35	11.6754
59	99	11.673
1	61	11.663
3	7	11.6628
35	69	-11.6614
81	99	11.66
13	53	11.659
53	93	11.6573
29	39	11.6511
1	67	11.6507
15	83	11.6462
55	71	11.6459
79	89	11.6442
1	15	11.6358
45	75	11.6335
3	79	11.6301
13	67	11.6252
83	93	11.6216
23	67	11.6122
79	91	11.6036
3	99	11.599
1	23	11.5926
61	69	-11.5901
13	27	-11.5859
11	89	11.5794
45	95	11.5453
23	73	-11.5448
5	77	11.5395
25	37	-11.5383
11	91	11.538
45	97	11.5371
15	47	11.5305
15	73	-11.5292
7	11	11.5224
3	89	11.5212
5	25	11.5127
33	93	11.5107
17	71	11.5107
41	87	11.509
63	97	11.505
33	67	11.4891
17	25	11.483
53	61	11.4743
1	93	11.4588
43	73	-11.4564
63	95	11.4549
19	85	11.4504
79	99	11.4476
71	77	11.4449
23	47	11.4445
13	83	11.4379
61	67	11.4371
9	11	11.4237
25	65	11.4138
65	71	11.3989
49	71	11.3923
13	69	-11.3799
15	33	11.3748
1	43	11.3684
3	81	11.3659
73	93	-11.3488
5	35	11.3442
27	55	-11.3161
19	31	11.3148
39	75	11.3123
3	91	11.3059
25	27	-11.3004
51	87	11.2974
5	71	11.2973
49	85	11.2956
37	71	-11.2927
37	51	11.292
25	35	11.2889
33	47	11.2802
21	91	11.2784
33	53	11.2754
9	81	11.275
15	67	11.2522
25	77	11.2514
49	55	11.2453
27	37	11.2212
41	99	11.2091
57	87	11.2058
31	71	11.2008
37	57	11.1984
35	55	11.1983
35	73	-11.1955
61	83	11.1943
67	93	11.1858
5	27	-11.1798
37	69	11.1587
7	81	11.1572
29	97	11.1568
81	87	11.155
79	87	11.1436
37	49	-11.1344
43	53	11.1108
81	89	11.0806
3	59	11.0722
25	49	11.0715
27	73	11.0704
13	23	11.0682
51	99	11.0574
55	69	-11.0454
1	33	11.0447
1	35	11.0432
35	37	-11.041
29	95	11.0401
33	73	-11.0347
35	67	11.0341
81	91	11.0261
37	41	11.0238
21	89	11.021
21	97	11.0178
49	59	-11.015
13	15	10.991
21	79	10.9855
43	67	10.9762
9	99	10.971
47	83	10.9624
5	55	10.957
9	87	10.9543
9	21	10.9321
1	27	-10.9241
69	73	10.914
7	87	10.9129
51	55	-10.8951
49	99	-10.8868
37	59	10.8867
7	99	10.8818
57	99	10.8755
7	21	10.863
47	53	10.8484
17	55	10.8451
5	61	10.8323
59	81	10.8184
1	69	-10.8184
35	65	10.8159
27	67	-10.8097
35	53	10.7947
3	11	10.7907
23	61	10.7836
75	97	10.7781
5	13	10.7746
17	35	10.7709
19	49	10.7674
55	57	-10.7654
27	71	-10.7635
13	93	10.7616
55	65	10.761
25	69	-10.7592
35	71	10.7556
31	55	10.7492
43	55	10.7475
49	51	-10.7364
37	43	-10.7349
15	61	10.7321
25	31	10.7241
89	99	10.7059
87	89	10.7042
43	83	10.7013
81	85	-10.7006
5	67	10.6927
3	41	10.6853
25	43	10.6668
11	79	10.6505
27	53	-10.6489
19	71	10.6473
27	65	-10.6471
5	43	10.6463
91	97	10.6212
11	97	10.6207
17	27	-10.6179
31	99	-10.6178
41	55	-10.6104
19	77	10.6032
41	49	-10.5987
21	81	10.5938
35	83	10.5891
13	33	10.5794
75	95	10.5788
55	77	10.575
21	39	10.5737
55	59	-10.557
31	37	-10.5532
1	47	10.5492
25	61	10.5312
5	37	-10.5227
59	79	10.5108
53	69	-10.507
91	99	10.5042
31	59	-10.491
49	57	-10.4815
31	81	-10.4783
61	93	10.477
49	81	-10.4501
55	61	10.4417
21	63	10.4327
87	91	10.4308
47	73	-10.4069
3	51	10.3968
5	69	-10.3889
47	67	10.3881
85	99	-10.379
27	83	-10.374
49	87	-10.3597
17	37	-10.3552
67	69	-10.3543
21	45	10.3531
89	97	10.3413
37	61	-10.3317
11	21	10.3271
71	85	10.3235
21	29	10.3146
13	25	10.3146
31	77	10.3136
15	43	10.311
3	57	10.2942
5	73	-10.2889
35	77	10.2849
23	43	10.2784
37	65	-10.2763
49	77	10.2761
33	61	10.2736
61	65	10.2265
21	75	10.2124
69	71	-10.1995
11	95	10.1986
25	51	-10.196
17	49	10.1955
21	95	10.1919
41	81	10.1892
13	65	10.1714
17	19	10.1676
13	55	10.1631
65	67	10.1556
17	61	10.1501
27	77	-10.1417
57	69	10.1186
7	97	10.1147
5	83	10.1028
17	31	10.1025
1	5	10.1014
31	51	-10.1003
43	71	10.0866
13	17	10.079
9	97	10.0775
19	25	10.0764
51	71	-10.0761
9	59	10.0745
37	77	-10.0703
51	69	10.0661
25	57	-10.0563
23	35	10.0553
3	21	10.0531
43	65	10.0491
69	83	-10.0397
13	37	-10.0274
51	81	10.0242
49	65	10.0223
43	93	10.0203
7	59	10.0072
17	43	10.004
17	67	10.001
79	85	-10.001
37	99	9.99839
19	65	9.99009
59	71	-9.98888
31	41	-9.98397
31	87	-9.96414
5	53	9.95466
61	71	9.95311
11	81	9.94901
41	79	9.93369
37	87	9.92559
25	41	-9.92259
25	59	-9.92141
15	35	9.91832
59	85	-9.91649
31	65	9.91403
57	71	-9.89375
91	95	9.87592
11	87	9.85944
23	27	-9.85499
11	39	9.85427
5	49	9.84824
39	91	9.84709
41	71	-9.84671
31	57	-9.84111
65	69	-9.83152
57	81	9.8303
7	47	-9.82884
9	47	-9.82301
17	69	-9.81681
47	89	-9.80825
55	85	9.80586
27	51	9.79664
59	89	9.79249
27	57	9.789
25	85	9.77109
15	27	-9.76776
55	99	-9.76481
19	55	9.75716
49	79	-9.75487
31	79	-9.75474
47	91	-9.75247
3	49	-9.75163
13	71	9.74871
41	69	9.74831
21	33	-9.73468
33	43	9.73161
91	93	-9.73032
65	73	-9.72842
13	47	9.72776
11	15	-9.72579
27	49	-9.7173
89	93	-9.71705
25	67	9.70336
51	79	9.70306
3	47	-9.70011
11	93	-9.69868
61	77	9.68772
15	69	-9.68684
23	91	-9.67673
7	93	-9.67606
35	93	9.67349
25	73	-9.66813
37	85	-9.66805
11	99	9.66422
33	35	9.66293
47	79	-9.66035
9	93	-9.65237
15	91	-9.65141
15	89	-9.63048
89	95	9.627
13	77	9.62649
17	73	-9.62544
77	85	9.62065
5	31	9.6192
13	97	-9.61792
23	69	-9.61675
21	99	9.61007
9	41	9.60998
85	87	-9.60476
55	87	-9.60352
61	95	-9.60309
23	89	-9.5979
65	83	9.5952
35	49	9.59288
73	97	9.591
5	75	-9.5875
11	47	-9.58522
13	95	-9.58064
7	15	-9.57785
43	95	-9.57281
21	83	-9.57222
61	97	-9.57166
79	97	9.56889
1	65	9.5682
67	97	-9.56571
7	41	9.56474
39	89	9.56226
43	77	9.5588
3	31	-9.5585
67	77	9.55557
35	51	-9.55454
5	29	-9.55347
57	79	9.55086
5	23	9.54487
1	97	-9.54452
33	91	-9.5439
59	91	9.54327
35	57	-9.54323
9	15	-9.54321
35	39	-9.53705
35	95	-9.53134
21	67	-9.52899
83	97	-9.52852
27	95	9.52554
7	23	-9.52463
21	23	-9.52442
53	97	-9.52404
9	23	-9.52133
5	19	9.51264
27	93	-9.51071
71	99	-9.5054
49	69	-9.50199
65	75	-9.50187
1	25	9.49846
13	39	-9.4958
39	61	-9.49175
11	53	-9.49014
55	73	-9.48819
35	45	-9.48479
83	91	-9.47828
27	41	9.47778
63	91	9.47732
73	95	9.4751
1	17	9.47174
43	57	-9.47082
27	39	9.46968
11	23	-9.4695
3	85	-9.46732
5	33	9.46477
17	75	-9.46257
45	91	9.45631
53	65	9.4526
17	83	9.45087
35	63	-9.45045
51	85	-9.45002
5	63	-9.44534
33	89	-9.44001
39	67	-9.43821
27	33	-9.43617
69	95	9.43501
1	95	-9.43434
43	51	-9.43431
47	61	9.43419
19	37	-9.43166
33	79	-9.42857
11	45	9.42578
19	81	-9.41846
7	95	9.41742
35	97	-9.41398
23	97	-9.41248
1	11	-9.4118
53	91	-9.41019
9	33	-9.40915
5	45	-9.40862
43	97	-9.40856
27	45	9.40497
11	63	9.40334
69	77	-9.39572
69	93	-9.39532
47	81	-9.38892
41	85	-9.38049
29	65	-9.37885
7	33	-9.37456
53	95	-9.36992
39	43	-9.36729
37	73	9.36468
9	95	9.36172
27	63	9.35956
79	93	-9.35528
63	67	-9.35362
83	89	-9.35357
41	89	9.35338
7	39	9.3505
39	73	9.35041
55	67	9.34951
17	53	9.34812
59	69	9.34484
45	67	-9.34321
17	29	-9.34308
27	97	9.34066
9	51	9.33635
1	55	9.33333
45	61	-9.32716
13	45	-9.32371
9	39	9.32211
11	73	9.3188
17	85	9.31807
53	89	-9.3146
23	79	-9.31255
39	83	-9.31215
47	87	-9.30339
21	87	9.30082
29	35	-9.29963
13	63	-9.29134
27	31	-9.29017
67	95	-9.28919
61	63	-9.28781
7	51	9.28715
19	99	-9.28317
75	77	-9.27936
15	97	-9.27581
9	85	-9.27503
47	99	-9.27357
1	39	-9.27163
11	83	-9.26946
25	99	-9.2677
1	91	-9.26474
25	53	9.26402
73	77	-9.26085
5	15	9.2591
7	83	-9.25342
83	95	-9.25311
25	29	-9.25249
9	83	-9.25173
3	93	-9.25151
35	41	-9.25075
93	97	-9.25066
21	93	-9.24661
29	67	-9.24512
33	97	-9.24346
29	91	9.24224
5	39	-9.24193
25	45	-9.24152
57	85	-9.23809
9	57	9.23633
39	53	-9.23401
21	53	-9.23259
71	87	-9.22978
25	63	-9.22588
1	37	-9.22559
67	71	9.22253
7	53	-9.21499
63	89	9.20702
73	91	9.20669
33	81	-9.20521
43	45	-9.19798
31	35	9.19644
67	91	-9.19626
27	59	9.19569
7	57	9.19563
15	79	-9.19152
27	29	9.18993
63	65	-9.18931
45	89	9.18821
7	85	-9.1878
25	75	-9.18607
9	53	-9.18324
71	73	-9.17046
45	83	-9.16986
39	69	9.16782
25	83	9.16625
63	83	-9.16617
23	95	-9.16531
15	21	-9.16306
1	89	-9.16055
21	73	9.15782
17	63	-9.15376
23	39	-9.15163
17	51	-9.15111
1	77	9.15105
43	49	9.14767
65	85	9.14412
43	63	-9.14292
5	51	-9.14165
69	97	9.13893
45	65	-9.13854
11	29	9.13844
45	73	9.1378
41	43	-9.13766
11	19	-9.13717
37	81	9.13581
15	95	-9.13449
37	67	-9.13138
85	89	-9.12729
33	69	-9.12712
1	21	-9.12594
21	47	-9.12424
5	93	9.12361
23	65	9.12335
67	75	-9.11614
29	77	-9.11226
35	75	-9.11047
17	45	-9.10718
63	73	9.10683
41	91	9.10588
31	69	-9.10436
3	15	-9.101
5	57	-9.1004
33	39	-9.09868
93	95	-9.09491
75	91	9.09462
77	83	9.09313
51	89	9.09055
73	89	9.08826
51	65	-9.08807
29	71	-9.08627
85	91	-9.08344
13	29	-9.08281
25	87	-9.08259
17	57	-9.081
71	75	-9.07846
29	61	-9.07439
9	49	-9.07405
25	39	-9.07405
53	55	9.07193
9	31	-9.07119
45	55	-9.06654
33	65	9.06586
53	77	9.05669
33	63	-9.05607
11	33	-9.05461
1	7	-9.0541
3	97	9.05079
79	83	-9.04957
51	77	-9.04935
33	45	-9.04524
1	45	-9.04428
67	89	-9.04257
19	59	-9.04133
57	65	-9.03557
1	71	9.0315
21	85	-9.03035
3	37	9.02827
47	97	-9.0248
45	69	9.02135
55	63	-9.02114
3	23	-9.02073
7	63	9.02002
1	9	-9.01806
29	83	-9.01661
45	53	-9.0133
19	27	-9.01262
43	47	9.01249
17	41	-9.01185
1	63	-9.00998
55	81	-9.00877
57	89	9.00313
9	63	9.00256
45	71	-9.00173
57	61	-9.00152
29	89	9.00009
7	45	9.00006
11	67	-8.99895
17	23	8.99874
35	59	-8.99738
63	71	-8.99697
13	21	-8.99512
7	31	-8.99435
7	49	-8.99197
11	13	-8.99168
23	45	-8.99011
27	75	8.98865
81	97	8.98725
11	75	8.98607
59	77	-8.98492
81	93	-8.98491
53	63	-8.98326
19	35	8.98153
29	33	-8.98128
71	81	-8.98124
9	45	8.97949
51	61	-8.97755
7	73	8.97623
3	33	-8.97515
23	63	-8.97366
47	95	-8.97289
17	59	-8.97276
29	55	-8.96959
57	77	-8.96813
23	81	-8.96363
5	97	-8.961
41	77	-8.95942
19	69	-8.95882
37	53	-8.95732
39	55	-8.95677
63	69	8.95578
41	65	-8.95522
11	59	8.95359
5	41	-8.95066
15	39	-8.94799
39	93	-8.94681
9	73	8.94459
15	65	8.94049
19	79	-8.9404
7	67	-8.92984
9	67	-8.92964
39	79	8.9293
33	95	-8.92604
39	65	-8.92204
19	43	8.92186
17	33	8.91778
55	95	-8.9173
29	43	-8.91467
5	95	-8.89705
37	45	8.89632
25	95	-8.89457
75	89	8.89103
63	77	-8.89053
37	95	8.88826
29	73	8.88783
55	83	8.88706
31	89	-8.88696
17	39	-8.88467
59	65	-8.88311
33	75	-8.8758
13	75	-8.87369
49	61	8.87122
51	91	8.86878
11	61	-8.86843
13	91	-8.8642
75	83	-8.86006
61	75	-8.85897
49	89	-8.85846
15	17	8.85711
79	95	8.8509
55	75	-8.84509
21	61	-8.8444
45	77	-8.84139
7	29	8.84059
53	79	-8.83997
37	63	8.83848
53	71	8.83698
39	47	-8.83318
31	43	8.83243
37	39	8.83195
65	93	8.83168
5	85	8.8313
3	19	-8.82883
19	87	-8.82832
9	29	8.82659
5	59	-8.82272
43	59	-8.81805
11	85	-8.81218
15	81	-8.8076
23	29	-8.80391
3	55	-8.80102
19	61	8.79774
47	59	-8.79608
39	71	-8.79084
1	29	-8.78487
57	91	8.7844
31	91	-8.78139
15	19	8.77297
29	53	-8.76773
19	51	-8.7628
7	75	8.76261
23	77	8.75744
15	77	8.75523
35	47	8.75497
45	93	-8.75344
67	79	-8.75221
13	57	-8.75126
29	37	8.75072
71	83	8.74956
9	75	8.74766
1	19	8.74459
17	93	8.74392
7	19	-8.74178
29	69	8.73857
15	45	-8.73307
9	19	-8.72946
49	91	-8.72861
13	89	-8.72836
13	51	-8.72823
37	83	-8.72791
41	61	-8.72159
87	93	-8.72136
13	19	8.71992
63	93	-8.71869
21	59	8.71444
81	83	-8.71323
93	99	-8.71276
69	85	-8.71054
63	79	8.70732
23	25	8.70505
61	91	-8.70334
45	47	-8.70256
25	97	-8.69926
19	89	-8.6979
33	99	-8.69761
15	63	-8.69691
11	43	-8.69643
77	87	-8.69572
3	83	-8.695
43	75	-8.69391
37	79	8.69176
25	81	-8.68902
11	41	8.68883
73	75	8.68506
19	73	-8.68262
19	41	-8.67988
45	79	8.67214
19	53	8.67018
13	49	8.66688
1	79	-8.66686
3	71	-8.65857
77	99	-8.65852
19	93	8.65543
77	93	8.65486
47	63	-8.6545
27	85	-8.65136
33	77	8.63711
23	75	-8.63564
65	97	-8.63307
3	53	-8.62688
27	47	-8.62376
39	77	-8.61701
37	75	8.61662
73	79	8.61621
7	13	-8.61405
31	61	8.60898
19	91	-8.60783
55	97	-8.60728
19	57	-8.6047
21	35	-8.6039
15	25	8.59878
71	95	-8.59349
9	13	-8.58748
17	97	-8.58552
19	47	8.58508
69	87	8.58504
1	75	-8.58396
29	79	8.58244
5	21	-8.579
53	75	-8.57445
61	89	-8.57416
23	99	-8.57266
17	87	-8.57108
65	95	-8.5705
15	87	-8.56994
11	77	-8.56453
35	85	8.56019
21	43	-8.55939
55	79	-8.55659
11	31	-8.55347
41	47	-8.55324
17	99	-8.54888
17	95	-8.54884
15	99	-8.54626
33	87	-8.5445
69	75	8.5364
47	69	-8.53364
69	99	8.53071
21	31	-8.53055
25	33	8.52822
37	97	8.52657
3	95	8.52532
29	93	-8.52483
75	79	8.52466
65	87	-8.51072
23	87	-8.50798
13	41	-8.50598
5	47	8.50506
39	81	8.50484
71	79	-8.49574
15	29	-8.49429
23	55	8.49375
3	39	8.49266
43	85	8.48652
59	61	-8.48134
53	81	-8.47807
21	27	8.47801
11	51	8.47702
27	99	8.47601
29	47	-8.47509
1	3	-8.47098
3	77	-8.46849
3	25	-8.46766
7	61	-8.46712
43	91	-8.46355
67	81	-8.45995
27	87	8.45755
65	99	-8.45698
47	85	8.45516
13	31	8.45057
25	93	8.44736
11	57	8.44617
11	35	-8.44099
9	61	-8.44095
15	55	8.43206
97	99	8.43122
11	69	8.42521
71	97	-8.42355
21	41	8.41968
81	95	8.40991
47	51	-8.40627
47	65	8.40612
21	49	-8.40295
47	77	8.40202
3	73	8.39918
3	67	-8.39556
23	71	8.39059
11	27	8.39022
23	37	-8.38651
29	49	-8.38627
19	23	8.38249
11	49	-8.38151
87	97	8.37688
45	49	-8.37484
63	81	8.37128
11	17	-8.36632
21	65	-8.36508
77	97	-8.36409
43	89	-8.35969
35	99	-8.35913
47	57	-8.35821
15	37	-8.35738
11	65	-8.35705
75	93	-8.35347
15	71	8.35332
5	87	-8.35246
49	63	-8.35209
49	75	-8.35025
17	47	8.3486
57	73	8.34682
45	81	8.34121
5	99	-8.34076
77	95	-8.33784
9	37	8.33703
35	87	-8.33199
1	81	-8.33185
35	91	-8.33117
51	73	8.32557
15	75	-8.32372
13	79	-8.32227
3	63	8.31772
77	81	-8.31694
83	99	-8.31538
33	85	8.31312
3	75	8.30976
13	59	-8.30915
19	83	8.30903
33	55	8.30494
25	79	-8.30095
19	67	8.29906
47	75	-8.29903
7	37	8.29777
31	47	8.29728
3	45	8.29681
29	81	8.29644
73	81	8.29557
17	21	-8.29288
61	85	8.2925
55	93	8.2914
21	51	8.29104
3	17	-8.29014
31	75	-8.28882
29	31	-8.28714
1	57	-8.28675
21	69	8.28148
49	73	-8.28021
7	43	-8.2736
85	93	8.27353
5	11	-8.27146
19	21	-8.27145
59	93	-8.2714
19	75	-8.26844
57	95	8.26751
1	51	-8.26614
3	29	8.26583
51	95	8.26531
33	71	8.2653
15	85	8.26382
47	49	8.26303
21	57	8.26282
27	91	8.26187
75	81	8.26014
3	65	-8.25239
9	43	-8.24862
83	87	-8.24726
43	87	-8.23993
71	93	8.2373
39	49	-8.23541
7	77	-8.23375
31	45	-8.23218
49	67	8.23136
37	93	-8.22647
43	99	-8.22511
35	89	-8.22399
31	63	-8.22338
9	55	-8.22257
1	49	8.21779
19	95	-8.21089
37	89	8.21087
17	81	-8.21061
33	59	-8.20774
57	67	-8.20698
61	79	-8.20508
69	91	8.20485
53	99	-8.20274
13	85	8.20226
33	37	-8.19993
9	71	-8.19536
9	77	-8.1936
57	75	8.19296
19	29	-8.1918
45	51	8.19043
53	87	-8.18921
7	55	-8.18874
77	89	-8.18725
31	73	-8.18508
51	67	-8.1832
41	73	8.18313
1	85	8.17825
23	85	8.17792
7	71	-8.17758
45	57	8.17507
11	71	-8.17198
49	95	-8.17033
27	89	8.17028
15	59	-8.16869
51	75	8.1662
41	95	8.16458
39	51	8.15985
1	31	8.15962
51	63	8.15736
41	75	8.15456
53	57	-8.15367
53	85	8.15136
7	35	-8.15059
39	57	8.14917
23	59	-8.14792
57	63	8.14666
29	57	8.14658
73	85	-8.14628
65	81	-8.14523
29	51	8.14488
21	77	-8.14261
3	13	-8.14159
69	89	8.14144
1	41	-8.14131
51	53	-8.14096
9	35	-8.1397
5	91	-8.13816
37	91	8.13767
39	99	8.13677
19	33	8.1339
77	79	-8.13139
21	25	-8.13125
19	97	-8.12889
55	89	-8.12294
95	99	8.12294
3	69	8.12261
67	99	-8.12255
75	87	8.12226
41	93	-8.12012
87	95	8.11716
71	89	-8.11446
49	53	8.11372
77	91	-8.11238
31	67	8.11067
1	99	-8.1105
7	27	8.10903
69	81	8.10862
31	39	-8.10768
19	63	-8.10712
19	45	-8.10606
85	97	-8.10548
41	45	8.10387
1	87	-8.10323
7	17	-8.10314
27	81	8.10183
13	81	-8.10027
7	65	-8.09994
9	27	8.09979
59	95	8.09797
7	69	8.09463
29	41	8.09458
39	87	8.09185
3	5	-8.09123
41	67	-8.08848
65	89	-8.08798
61	99	-8.08794
31	33	8.08747
75	85	-8.08589
31	53	8.08527
73	99	8.08523
5	89	-8.08487
17	89	-8.08322
59	73	8.08252
41	63	8.08199
5	81	-8.08118
9	69	8.08054
61	87	-8.07997
11	25	-8.07918
59	97	8.07912
31	93	8.07833
39	41	8.078
65	91	-8.07722
9	17	-8.07637
55	91	-8.07486
33	41	-8.07444
15	31	8.07413
3	61	-8.07363
9	25	-8.073
9	65	-8.07285
43	79	-8.07117
67	87	-8.07105
73	87	8.07033
3	27	8.06917
83	85	8.06827
29	85	-8.0675
45	59	8.06664
35	81	-8.06661
19	39	-8.06549
31	95	-8.06482
59	75	8.06257
15	41	-8.06218
63	99	8.06203
33	49	8.06168
1	59	-8.0605
45	99	8.06022
17	91	-8.06019
49	83	8.05903
41	53	-8.05902
51	93	-8.058
7	25	-8.05791
21	71	-8.05777
5	7	-8.05773
85	95	-8.05759
57	83	-8.05535
71	91	-8.0546
35	79	-8.05376
25	47	8.0535
51	97	8.05331
39	59	8.05283
21	55	-8.04706
57	97	8.04666
17	79	-8.04628
13	99	-8.04591
59	63	8.04544
51	83	-8.04512
5	9	-8.04361
27	79	8.04344
49	97	-8.04325
61	81	-8.04197
29	87	8.04025
29	59	8.03908
3	43	-8.03887
57	93	-8.03855
53	59	-8.03517
23	41	-8.03275
15	51	-8.03218
13	87	-8.0316
63	87	8.0312
3	35	-8.03075
59	83	-8.03038
41	97	8.02922
63	85	-8.02853
37	47	-8.02852
75	99	8.02783
33	57	-8.0271
29	99	8.02572
33	51	-8.02503
45	85	-8.02456
69	79	8.02439
45	87	8.02437
25	89	-8.02364
15	57	-8.02256
47	71	8.02169
59	67	-8.02141
65	79	-8.02116
49	93	8.01692
23	31	8.01628
21	37	8.01616
47	55	8.01584
43	81	-8.0134
23	51	-8.01057
31	83	8.01039
67	85	8.00808
25	91	-8.00717
11	55	-8.00602
41	83	-8.00589
23	49	8.00573
15	49	8.00513
5	79	-8.00473
11	37	8.00426
39	85	-8.00252
23	57	-8.00241
31	97	-8.00157
62	63	6
68	69	6
36	37	6
52	53	6
96	97	6
92	93	6
90	91	6
14	15	6
74	75	6
94	95	6
22	23	6
44	45	6
64	65	6
32	33	6
18	19	6
56	57	6
80	81	6
82	83	6
46	47	6
42	43	6
16	17	6
70	71	6
66	67	6
76	77	6
30	31	6
48	49	6
24	25	6
26	27	6
58	59	6
84	85	6
78	79	6
54	55	6
28	29	6
20	21	6
86	87	6
34	35	6
72	73	6
38	39	6
88	89	6
50	51	6
60	61	6
40	41	6
0	1	6
98	99	6
2	3	6
12	13	6
4	5	6
6	7	6
8	9	6
10	11	6
7	8	5.99673
6	9	5.99673
44	63	5.99642
45	62	5.99642
17	64	5.99514
16	65	5.99514
0	73	-5.9941
1	72	-5.9941
6	89	5.99276
7	88	5.99276
50	57	5.98922
51	56	5.98922
9	88	5.9889
8	89	5.9889
26	35	-5.98833
27	34	-5.98833
12	61	5.98649
13	60	5.98649
0	53	5.98578
1	52	5.98578
14	93	5.98527
15	92	5.98527
40	51	5.98491
41	50	5.98491
89	90	5.98463
88	91	5.98463
41	56	5.97754
40	57	5.97754
52	73	-5.97184
53	72	-5.97184
28	75	5.96397
29	74	5.96397
28	63	5.96211
29	62	5.96211
38	45	5.96126
39	44	5.96126
37	54	-5.96
36	55	-5.96
9	90	5.95835
8	91	5.95835
16	77	5.95835
17	76	5.95835
7	90	5.95797
6	91	5.95797
43	60	5.95502
42	61	5.95502
23	82	5.95163
22	83	5.95163
67	82	5.94817
66	83	5.94817
39	62	5.94643
38	63	5.94643
25	70	5.94525
24	71	5.94525
22	93	5.94182
23	92	5.94182
28	45	5.94006
29	44	5.94006
4	65	5.93968
5	64	5.93968
43	68	-5.93756
42	69	-5.93756
13	72	-5.93724
12	73	-5.93724
64	77	5.93694
65	76	5.93694
40	59	5.9325
41	58	5.9325
31	48	5.93201
30	49	5.93201
14	23	5.92667
15	22	5.92667
27	42	-5.92548
26	43	-5.92548
78	81	5.91903
79	80	5.91903
5	16	5.91824
4	17	5.91824
53	82	5.91745
52	83	5.91745
24	55	5.91519
25	54	5.91519
38	97	5.90759
39	96	5.90759
34	43	5.90717
35	42	5.90717
50	59	5.90391
51	58	5.90391
86	99	5.90083
87	98	5.90083
1	12	5.90029
0	13	5.90029
39	94	5.9002
38	95	5.9002
34	61	5.90001
35	60	5.90001
22	33	5.89925
23	32	5.89925
12	43	5.89708
13	42	5.89708
26	69	5.89632
27	68	5.89632
94	97	5.89416
95	96	5.89416
15	52	5.89342
14	53	5.89342
23	52	5.88445
22	53	5.88445
8	79	5.88306
9	78	5.88306
60	73	-5.87506
61	72	-5.87506
26	61	-5.87459
27	60	-5.87459
58	87	5.87135
59	86	5.87135
3	86	5.871
2	87	5.871
73	82	-5.8705
72	83	-5.8705
0	83	5.8647
1	82	5.8647
33	82	5.8642
32	83	5.8642
66	73	-5.86286
67	72	-5.86286
31	84	5.86044
30	85	5.86044
62	75	5.85696
63	74	5.85696
47	92	5.85563
46	93	5.85563
56	59	5.84872
57	58	5.84872
7	78	5.84351
6	79	5.84351
52	67	5.84287
53	66	5.84287
3	8	5.84053
2	9	5.84053
13	34	5.83769
12	35	5.83769
58	99	5.83651
59	98	5.83651
1	60	5.8315
0	61	5.8315
2	7	5.83139
3	6	5.83139
35	68	-5.83072
34	69	-5.83072
80	99	5.83002
81	98	5.83002
12	53	5.82948
13	52	5.82948
52	93	5.82864
53	92	5.82864
29	38	5.82554
28	39	5.82554
0	67	5.82534
1	66	5.82534
14	83	5.82308
15	82	5.82308
54	71	5.82293
55	70	5.82293
78	89	5.82211
79	88	5.82211
1	14	5.8179
0	15	5.8179
45	74	5.81673
44	75	5.81673
2	79	5.81503
3	78	5.81503
12	67	5.81261
13	66	5.81261
82	93	5.81081
83	92	5.81081
22	67	5.8061
23	66	5.8061
79	90	5.8018
78	91	5.8018
2	99	5.79952
3	98	5.79952
0	23	5.79631
1	22	5.79631
61	68	-5.79504
60	69	-5.79504
13	26	-5.79295
12	27	-5.79295
11	88	5.78968
10	89	5.78968
44	95	5.77266
45	94	5.77266
23	72	-5.77242
22	73	-5.77242
4	77	5.76974
5	76	5.76974
24	37	-5.76917
25	36	-5.76917
11	90	5.76901
10	91	5.76901
44	97	5.76857
45	96	5.76857
14	47	5.76526
15	46	5.76526
14	73	-5.7646
15	72	-5.7646
6	11	5.76121
7	10	5.76121
3	88	5.76061
2	89	5.76061
5	24	5.75635
4	25	5.75635
33	92	5.75535
32	93	5.75535
16	71	5.75534
17	70	5.75534
40	87	5.7545
41	86	5.7545
62	97	5.75251
63	96	5.75251
33	66	5.74453
32	67	5.74453
16	25	5.74151
17	24	5.74151
52	61	5.73717
53	60	5.73717
1	92	5.72941
0	93	5.72941
43	72	-5.7282
42	73	-5.7282
63	94	5.72747
62	95	5.72747
18	85	5.72521
19	84	5.72521
79	98	5.7238
78	99	5.7238
70	77	5.72245
71	76	5.72245
22	47	5.72223
23	46	5.72223
13	82	5.71895
12	83	5.71895
60	67	5.71857
61	66	5.71857
9	10	5.71184
8	11	5.71184
24	65	5.70688
25	64	5.70688
64	71	5.69945
65	70	5.69945
49	70	5.69613
48	71	5.69613
13	68	-5.68997
12	69	-5.68997
15	32	5.68741
14	33	5.68741
0	43	5.68421
1	42	5.68421
3	80	5.68297
2	81	5.68297
72	93	-5.67442
73	92	-5.67442
4	35	5.67211
5	34	5.67211
27	54	-5.65804
26	55	-5.65804
18	31	5.65739
19	30	5.65739
39	74	5.65613
38	75	5.65613
3	90	5.65297
2	91	5.65297
25	26	-5.65021
24	27	-5.65021
51	86	5.64872
50	87	5.64872
4	71	5.64866
5	70	5.64866
48	85	5.6478
49	84	5.6478
36	71	-5.64634
37	70	-5.64634
36	51	5.64598
37	50	5.64598
24	35	5.64447
25	34	5.64447
32	47	5.64008
33	46	5.64008
20	91	5.63918
21	90	5.63918
32	53	5.6377
33	52	5.6377
8	81	5.63749
9	80	5.63749
15	66	5.62608
14	67	5.62608
24	77	5.62569
25	76	5.62569
48	55	5.62264
49	54	5.62264
26	37	5.61058
27	36	5.61058
41	98	5.60455
40	99	5.60455
56	87	5.60288
57	86	5.60288
30	71	5.60039
31	70	5.60039
36	57	5.59922
37	56	5.59922
35	54	5.59915
34	55	5.59915
35	72	-5.59774
34	73	-5.59774
60	83	5.59714
61	82	5.59714
66	93	5.5929
67	92	5.5929
4	27	-5.5899
5	26	-5.5899
37	68	5.57937
36	69	5.57937
6	81	5.5786
7	80	5.5786
29	96	5.57839
28	97	5.57839
80	87	5.57748
81	86	5.57748
78	87	5.57181
79	86	5.57181
37	48	-5.56719
36	49	-5.56719
43	52	5.55541
42	53	5.55541
81	88	5.54028
80	89	5.54028
2	59	5.53608
3	58	5.53608
25	48	5.53573
24	49	5.53573
27	72	5.53522
26	73	5.53522
12	23	5.53408
13	22	5.53408
50	99	5.52872
51	98	5.52872
54	69	-5.52271
55	68	-5.52271
1	32	5.52236
0	33	5.52236
0	35	5.52159
1	34	5.52159
35	36	-5.5205
34	37	-5.5205
28	95	5.52006
29	94	5.52006
32	73	-5.51735
33	72	-5.51735
34	67	5.51703
35	66	5.51703
80	91	5.51307
81	90	5.51307
37	40	5.51192
36	41	5.51192
21	88	5.51051
20	89	5.51051
21	96	5.50888
20	97	5.50888
49	58	-5.50749
48	59	-5.50749
13	14	5.4955
12	15	5.4955
20	79	5.49275
21	78	5.49275
43	66	5.4881
42	67	5.4881
8	99	5.48549
9	98	5.48549
46	83	5.4812
47	82	5.4812
4	55	5.47851
5	54	5.47851
9	86	5.47716
8	87	5.47716
8	21	5.46607
9	20	5.46607
1	26	-5.46203
0	27	-5.46203
68	73	5.45698
69	72	5.45698
6	87	5.45645
7	86	5.45645
50	55	-5.44753
51	54	-5.44753
49	98	-5.4434
48	99	-5.4434
36	59	5.44335
37	58	5.44335
7	98	5.44092
6	99	5.44092
57	98	5.43776
56	99	5.43776
7	20	5.43148
6	21	5.43148
46	53	5.42419
47	52	5.42419
16	55	5.42255
17	54	5.42255
5	60	5.41617
4	61	5.41617
58	81	5.40922
59	80	5.40922
0	69	-5.40918
1	68	-5.40918
34	65	5.40797
35	64	5.40797
27	66	-5.40484
26	67	-5.40484
34	53	5.39736
35	52	5.39736
3	10	5.39536
2	11	5.39536
23	60	5.39181
22	61	5.39181
74	97	5.38903
75	96	5.38903
5	12	5.3873
4	13	5.3873
17	34	5.38547
16	35	5.38547
19	48	5.3837
18	49	5.3837
54	57	-5.3827
55	56	-5.3827
27	70	-5.38174
26	71	-5.38174
12	93	5.38079
13	92	5.38079
54	65	5.38052
55	64	5.38052
25	68	-5.3796
24	69	-5.3796
34	71	5.3778
35	70	5.3778
30	55	5.37458
31	54	5.37458
43	54	5.37373
42	55	5.37373
49	50	-5.36819
48	51	-5.36819
37	42	-5.36745
36	43	-5.36745
15	60	5.36605
14	61	5.36605
25	30	5.36207
24	31	5.36207
89	98	5.35297
88	99	5.35297
86	89	5.35208
87	88	5.35208
42	83	5.35067
43	82	5.35067
81	84	-5.35028
80	85	-5.35028
5	66	5.34635
4	67	5.34635
2	41	5.34267
3	40	5.34267
25	42	5.33342
24	43	5.33342
11	78	5.32525
10	79	5.32525
27	52	-5.32445
26	53	-5.32445
19	70	5.32365
18	71	5.32365
27	64	-5.32354
26	65	-5.32354
5	42	5.32316
4	43	5.32316
90	97	5.31061
91	96	5.31061
10	97	5.31033
11	96	5.31033
17	26	-5.30893
16	27	-5.30893
30	99	-5.3089
31	98	-5.3089
41	54	-5.3052
40	55	-5.3052
19	76	5.30162
18	77	5.30162
41	48	-5.29934
40	49	-5.29934
20	81	5.29692
21	80	5.29692
34	83	5.29453
35	82	5.29453
13	32	5.28972
12	33	5.28972
74	95	5.28941
75	94	5.28941
55	76	5.28752
54	77	5.28752
20	39	5.28686
21	38	5.28686
55	58	-5.2785
54	59	-5.2785
30	37	-5.2766
31	36	-5.2766
0	47	5.27459
1	46	5.27459
25	60	5.26562
24	61	5.26562
5	36	-5.26133
4	37	-5.26133
59	78	5.2554
58	79	5.2554
53	68	-5.25349
52	69	-5.25349
90	99	5.25212
91	98	5.25212
30	59	-5.2455
31	58	-5.2455
49	56	-5.24076
48	57	-5.24076
30	81	-5.23916
31	80	-5.23916
60	93	5.2385
61	92	5.2385
49	80	-5.22506
48	81	-5.22506
55	60	5.22083
54	61	5.22083
21	62	5.21637
20	63	5.21637
86	91	5.21541
87	90	5.21541
47	72	-5.20346
46	73	-5.20346
3	50	5.19839
2	51	5.19839
5	68	-5.19444
4	69	-5.19444
47	66	5.19403
46	67	5.19403
85	98	-5.18951
84	99	-5.18951
27	82	-5.18699
26	83	-5.18699
48	87	-5.17986
49	86	-5.17986
16	37	-5.1776
17	36	-5.1776
67	68	-5.17715
66	69	-5.17715
21	44	5.17654
20	45	5.17654
88	97	5.17063
89	96	5.17063
36	61	-5.16587
37	60	-5.16587
10	21	5.16355
11	20	5.16355
71	84	5.16176
70	85	5.16176
20	29	5.15732
21	28	5.15732
13	24	5.15729
12	25	5.15729
30	77	5.15679
31	76	5.15679
15	42	5.15551
14	43	5.15551
2	57	5.14708
3	56	5.14708
5	72	-5.14443
4	73	-5.14443
34	77	5.14247
35	76	5.14247
22	43	5.13918
23	42	5.13918
36	65	-5.13814
37	64	-5.13814
49	76	5.13804
48	77	5.13804
33	60	5.13678
32	61	5.13678
60	65	5.11324
61	64	5.11324
21	74	5.10619
20	75	5.10619
69	70	-5.09977
68	71	-5.09977
10	95	5.09928
11	94	5.09928
24	51	-5.09801
25	50	-5.09801
16	49	5.09775
17	48	5.09775
20	95	5.09593
21	94	5.09593
40	81	5.0946
41	80	5.0946
12	65	5.08572
13	64	5.08572
17	18	5.08381
16	19	5.08381
13	54	5.08157
12	55	5.08157
65	66	5.07778
64	67	5.07778
16	61	5.07504
17	60	5.07504
27	76	-5.07086
26	77	-5.07086
56	69	5.05932
57	68	5.05932
6	97	5.05735
7	96	5.05735
4	83	5.0514
5	82	5.0514
16	31	5.05124
17	30	5.05124
1	4	5.0507
0	5	5.0507
30	51	-5.05013
31	50	-5.05013
43	70	5.04331
42	71	5.04331
12	17	5.03952
13	16	5.03952
8	97	5.03876
9	96	5.03876
18	25	5.0382
19	24	5.0382
51	70	-5.03804
50	71	-5.03804
9	58	5.03727
8	59	5.03727
37	76	-5.03514
36	77	-5.03514
50	69	5.03306
51	68	5.03306
25	56	-5.02813
24	57	-5.02813
23	34	5.02763
22	35	5.02763
2	21	5.02657
3	20	5.02657
43	64	5.02453
42	65	5.02453
68	83	-5.01985
69	82	-5.01985
12	37	-5.01369
13	36	-5.01369
51	80	5.0121
50	81	5.0121
49	64	5.01116
48	65	5.01116
43	92	5.01014
42	93	5.01014
7	58	5.00361
6	59	5.00361
17	42	5.00202
16	43	5.00202
17	66	5.00052
16	67	5.00052
78	85	-5.00049
79	84	-5.00049
36	99	4.9992
37	98	4.9992
18	65	4.99505
19	64	4.99505
58	71	-4.99444
59	70	-4.99444
31	40	-4.99198
30	41	-4.99198
31	86	-4.98207
30	87	-4.98207
5	52	4.97733
4	53	4.97733
61	70	4.97656
60	71	4.97656
10	81	4.97451
11	80	4.97451
41	78	4.96685
40	79	4.96685
36	87	4.9628
37	86	4.9628
25	40	-4.9613
24	41	-4.9613
25	58	-4.9607
24	59	-4.9607
15	34	4.95916
14	35	4.95916
59	84	-4.95825
58	85	-4.95825
31	64	4.95702
30	65	4.95702
57	70	-4.94688
56	71	-4.94688
91	94	4.93796
90	95	4.93796
11	86	4.92972
10	87	4.92972
23	26	-4.92749
22	27	-4.92749
11	38	4.92714
10	39	4.92714
4	49	4.92412
5	48	4.92412
39	90	4.92354
38	91	4.92354
41	70	-4.92335
40	71	-4.92335
31	56	-4.92056
30	57	-4.92056
64	69	-4.91576
65	68	-4.91576
57	80	4.91515
56	81	4.91515
7	46	-4.91442
6	47	-4.91442
9	46	-4.91151
8	47	-4.91151
17	68	-4.9084
16	69	-4.9084
46	89	-4.90413
47	88	-4.90413
55	84	4.90293
54	85	4.90293
27	50	4.89832
26	51	4.89832
59	88	4.89624
58	89	4.89624
26	57	4.8945
27	56	4.8945
25	84	4.88555
24	85	4.88555
14	27	-4.88388
15	26	-4.88388
54	99	-4.8824
55	98	-4.8824
18	55	4.87858
19	54	4.87858
49	78	-4.87743
48	79	-4.87743
30	79	-4.87737
31	78	-4.87737
46	91	-4.87623
47	90	-4.87623
3	48	-4.87582
2	49	-4.87582
13	70	4.87436
12	71	4.87436
40	69	4.87415
41	68	4.87415
21	32	-4.86734
20	33	-4.86734
33	42	4.8658
32	43	4.8658
90	93	-4.86516
91	92	-4.86516
64	73	-4.86421
65	72	-4.86421
13	46	4.86388
12	47	4.86388
10	15	-4.86289
11	14	-4.86289
27	48	-4.85865
26	49	-4.85865
88	93	-4.85853
89	92	-4.85853
24	67	4.85168
25	66	4.85168
50	79	4.85153
51	78	4.85153
2	47	-4.85006
3	46	-4.85006
10	93	-4.84934
11	92	-4.84934
60	77	4.84386
61	76	4.84386
14	69	-4.84342
15	68	-4.84342
22	91	-4.83836
23	90	-4.83836
7	92	-4.83803
6	93	-4.83803
35	92	4.83675
34	93	4.83675
25	72	-4.83407
24	73	-4.83407
36	85	-4.83402
37	84	-4.83402
10	99	4.83211
11	98	4.83211
33	34	4.83146
32	35	4.83146
47	78	-4.83018
46	79	-4.83018
9	92	-4.82619
8	93	-4.82619
15	90	-4.8257
14	91	-4.8257
15	88	-4.81524
14	89	-4.81524
89	94	4.8135
88	95	4.8135
13	76	4.81324
12	77	4.81324
17	72	-4.81272
16	73	-4.81272
76	85	4.81032
77	84	4.81032
4	31	4.8096
5	30	4.8096
12	97	-4.80896
13	96	-4.80896
23	68	-4.80837
22	69	-4.80837
20	99	4.80504
21	98	4.80504
8	41	4.80499
9	40	4.80499
84	87	-4.80238
85	86	-4.80238
54	87	-4.80176
55	86	-4.80176
61	94	-4.80154
60	95	-4.80154
22	89	-4.79895
23	88	-4.79895
64	83	4.7976
65	82	4.7976
35	48	4.79644
34	49	4.79644
73	96	4.7955
72	97	4.7955
4	75	-4.79375
5	74	-4.79375
10	47	-4.79261
11	46	-4.79261
12	95	-4.79032
13	94	-4.79032
7	14	-4.78892
6	15	-4.78892
43	94	-4.78641
42	95	-4.78641
20	83	-4.78611
21	82	-4.78611
60	97	-4.78583
61	96	-4.78583
78	97	4.78445
79	96	4.78445
1	64	4.7841
0	65	4.7841
67	96	-4.78285
66	97	-4.78285
6	41	4.78237
7	40	4.78237
39	88	4.78113
38	89	4.78113
43	76	4.7794
42	77	4.7794
3	30	-4.77925
2	31	-4.77925
67	76	4.77779
66	77	4.77779
35	50	-4.77727
34	51	-4.77727
5	28	-4.77674
4	29	-4.77674
56	79	4.77543
57	78	4.77543
4	23	4.77243
5	22	4.77243
0	97	-4.77226
1	96	-4.77226
33	90	-4.77195
32	91	-4.77195
59	90	4.77164
58	91	4.77164
35	56	-4.77162
34	57	-4.77162
9	14	-4.7716
8	15	-4.7716
35	38	-4.76853
34	39	-4.76853
34	95	-4.76567
35	94	-4.76567
21	66	-4.7645
20	67	-4.7645
83	96	-4.76426
82	97	-4.76426
27	94	4.76277
26	95	4.76277
6	23	-4.76231
7	22	-4.76231
20	23	-4.76221
21	22	-4.76221
53	96	-4.76202
52	97	-4.76202
9	22	-4.76067
8	23	-4.76067
4	19	4.75632
5	18	4.75632
27	92	-4.75536
26	93	-4.75536
71	98	-4.7527
70	99	-4.7527
48	69	-4.751
49	68	-4.751
65	74	-4.75093
64	75	-4.75093
0	25	4.74923
1	24	4.74923
12	39	-4.7479
13	38	-4.7479
39	60	-4.74587
38	61	-4.74587
11	52	-4.74507
10	53	-4.74507
55	72	-4.7441
54	73	-4.7441
34	45	-4.7424
35	44	-4.7424
82	91	-4.73914
83	90	-4.73914
27	40	4.73889
26	41	4.73889
63	90	4.73866
62	91	4.73866
72	95	4.73755
73	94	4.73755
1	16	4.73587
0	17	4.73587
43	56	-4.73541
42	57	-4.73541
27	38	4.73484
26	39	4.73484
10	23	-4.73475
11	22	-4.73475
3	84	-4.73366
2	85	-4.73366
4	33	4.73239
5	32	4.73239
16	75	-4.73128
17	74	-4.73128
44	91	4.72815
45	90	4.72815
52	65	4.7263
53	64	4.7263
16	83	4.72544
17	82	4.72544
35	62	-4.72523
34	63	-4.72523
51	84	-4.72501
50	85	-4.72501
4	63	-4.72267
5	62	-4.72267
33	88	-4.72
32	89	-4.72
38	67	-4.71911
39	66	-4.71911
26	33	-4.71808
27	32	-4.71808
69	94	4.7175
68	95	4.7175
0	95	-4.71717
1	94	-4.71717
43	50	-4.71716
42	51	-4.71716
46	61	4.7171
47	60	4.7171
19	36	-4.71583
18	37	-4.71583
32	79	-4.71429
33	78	-4.71429
11	44	4.71289
10	45	4.71289
19	80	-4.70923
18	81	-4.70923
6	95	4.70871
7	94	4.70871
35	96	-4.70699
34	97	-4.70699
22	97	-4.70624
23	96	-4.70624
0	11	-4.7059
1	10	-4.7059
53	90	-4.70509
52	91	-4.70509
8	33	-4.70458
9	32	-4.70458
5	44	-4.70431
4	45	-4.70431
43	96	-4.70428
42	97	-4.70428
26	45	4.70249
27	44	4.70249
11	62	4.70167
10	63	4.70167
68	77	-4.69786
69	76	-4.69786
69	92	-4.69766
68	93	-4.69766
46	81	-4.69446
47	80	-4.69446
40	85	-4.69025
41	84	-4.69025
29	64	-4.68943
28	65	-4.68943
6	33	-4.68728
7	32	-4.68728
52	95	-4.68496
53	94	-4.68496
39	42	-4.68365
38	43	-4.68365
37	72	4.68234
36	73	4.68234
8	95	4.68086
9	94	4.68086
27	62	4.67978
26	63	4.67978
79	92	-4.67764
78	93	-4.67764
63	66	-4.67681
62	67	-4.67681
83	88	-4.67678
82	89	-4.67678
40	89	4.67669
41	88	4.67669
6	39	4.67525
7	38	4.67525
39	72	4.6752
38	73	4.6752
55	66	4.67475
54	67	4.67475
16	53	4.67406
17	52	4.67406
59	68	4.67242
58	69	4.67242
44	67	-4.6716
45	66	-4.6716
17	28	-4.67154
16	29	-4.67154
26	97	4.67033
27	96	4.67033
8	51	4.66818
9	50	4.66818
0	55	4.66667
1	54	4.66667
45	60	-4.66358
44	61	-4.66358
13	44	-4.66185
12	45	-4.66185
8	39	4.66105
9	38	4.66105
10	73	4.6594
11	72	4.6594
16	85	4.65903
17	84	4.65903
52	89	-4.6573
53	88	-4.6573
22	79	-4.65628
23	78	-4.65628
39	82	-4.65607
38	83	-4.65607
46	87	-4.65169
47	86	-4.65169
21	86	4.65041
20	87	4.65041
29	34	-4.64982
28	35	-4.64982
13	62	-4.64567
12	63	-4.64567
26	31	-4.64509
27	30	-4.64509
66	95	-4.64459
67	94	-4.64459
61	62	-4.64391
60	63	-4.64391
7	50	4.64358
6	51	4.64358
19	98	-4.64159
18	99	-4.64159
75	76	-4.63968
74	77	-4.63968
14	97	-4.63791
15	96	-4.63791
9	84	-4.63752
8	85	-4.63752
47	98	-4.63679
46	99	-4.63679
0	39	-4.63581
1	38	-4.63581
10	83	-4.63473
11	82	-4.63473
24	99	-4.63385
25	98	-4.63385
0	91	-4.63237
1	90	-4.63237
25	52	4.63201
24	53	4.63201
72	77	-4.63042
73	76	-4.63042
4	15	4.62955
5	14	4.62955
7	82	-4.62671
6	83	-4.62671
83	94	-4.62655
82	95	-4.62655
24	29	-4.62625
25	28	-4.62625
9	82	-4.62587
8	83	-4.62587
2	93	-4.62576
3	92	-4.62576
34	41	-4.62537
35	40	-4.62537
93	96	-4.62533
92	97	-4.62533
21	92	-4.6233
20	93	-4.6233
28	67	-4.62256
29	66	-4.62256
32	97	-4.62173
33	96	-4.62173
28	91	4.62112
29	90	4.62112
4	39	-4.62097
5	38	-4.62097
24	45	-4.62076
25	44	-4.62076
57	84	-4.61904
56	85	-4.61904
8	57	4.61816
9	56	4.61816
39	52	-4.617
38	53	-4.617
20	53	-4.6163
21	52	-4.6163
71	86	-4.61489
70	87	-4.61489
25	62	-4.61294
24	63	-4.61294
1	36	-4.61279
0	37	-4.61279
66	71	4.61127
67	70	4.61127
6	53	-4.60749
7	52	-4.60749
62	89	4.60351
63	88	4.60351
72	91	4.60334
73	90	4.60334
32	81	-4.60261
33	80	-4.60261
43	44	-4.59899
42	45	-4.59899
30	35	4.59822
31	34	4.59822
66	91	-4.59813
67	90	-4.59813
27	58	4.59785
26	59	4.59785
7	56	4.59782
6	57	4.59782
15	78	-4.59576
14	79	-4.59576
27	28	4.59497
26	29	4.59497
62	65	-4.59466
63	64	-4.59466
44	89	4.5941
45	88	4.5941
7	84	-4.5939
6	85	-4.5939
25	74	-4.59304
24	75	-4.59304
8	53	-4.59162
9	52	-4.59162
71	72	-4.58523
70	73	-4.58523
45	82	-4.58493
44	83	-4.58493
39	68	4.58391
38	69	4.58391
24	83	4.58313
25	82	4.58313
63	82	-4.58308
62	83	-4.58308
23	94	-4.58265
22	95	-4.58265
14	21	-4.58153
15	20	-4.58153
0	89	-4.58027
1	88	-4.58027
21	72	4.57891
20	73	4.57891
16	63	-4.57688
17	62	-4.57688
22	39	-4.57581
23	38	-4.57581
17	50	-4.57555
16	51	-4.57555
1	76	4.57553
0	77	4.57553
43	48	4.57384
42	49	4.57384
64	85	4.57206
65	84	4.57206
43	62	-4.57146
42	63	-4.57146
5	50	-4.57082
4	51	-4.57082
68	97	4.56947
69	96	4.56947
45	64	-4.56927
44	65	-4.56927
11	28	4.56922
10	29	4.56922
44	73	4.5689
45	72	4.5689
40	43	-4.56883
41	42	-4.56883
10	19	-4.56859
11	18	-4.56859
37	80	4.5679
36	81	4.5679
15	94	-4.56724
14	95	-4.56724
37	66	-4.56569
36	67	-4.56569
84	89	-4.56365
85	88	-4.56365
32	69	-4.56356
33	68	-4.56356
0	21	-4.56297
1	20	-4.56297
21	46	-4.56212
20	47	-4.56212
4	93	4.56181
5	92	4.56181
22	65	4.56168
23	64	4.56168
67	74	-4.55807
66	75	-4.55807
29	76	-4.55613
28	77	-4.55613
34	75	-4.55524
35	74	-4.55524
16	45	-4.55359
17	44	-4.55359
63	72	4.55342
62	73	4.55342
40	91	4.55294
41	90	4.55294
31	68	-4.55218
30	69	-4.55218
2	15	-4.5505
3	14	-4.5505
5	56	-4.5502
4	57	-4.5502
32	39	-4.54934
33	38	-4.54934
93	94	-4.54745
92	95	-4.54745
74	91	4.54731
75	90	4.54731
76	83	4.54656
77	82	4.54656
50	89	4.54528
51	88	4.54528
73	88	4.54413
72	89	4.54413
50	65	-4.54404
51	64	-4.54404
28	71	-4.54313
29	70	-4.54313
85	90	-4.54172
84	91	-4.54172
13	28	-4.54141
12	29	-4.54141
24	87	-4.54129
25	86	-4.54129
16	57	-4.5405
17	56	-4.5405
71	74	-4.53923
70	75	-4.53923
28	61	-4.5372
29	60	-4.5372
9	48	-4.53703
8	49	-4.53703
25	38	-4.53702
24	39	-4.53702
52	55	4.53597
53	54	4.53597
8	31	-4.53559
9	30	-4.53559
44	55	-4.53327
45	54	-4.53327
32	65	4.53293
33	64	4.53293
53	76	4.52834
52	77	4.52834
33	62	-4.52804
32	63	-4.52804
11	32	-4.52731
10	33	-4.52731
1	6	-4.52705
0	7	-4.52705
2	97	4.5254
3	96	4.5254
79	82	-4.52479
78	83	-4.52479
50	77	-4.52467
51	76	-4.52467
33	44	-4.52262
32	45	-4.52262
1	44	-4.52214
0	45	-4.52214
66	89	-4.52129
67	88	-4.52129
19	58	-4.52066
18	59	-4.52066
57	64	-4.51779
56	65	-4.51779
0	71	4.51575
1	70	4.51575
21	84	-4.51517
20	85	-4.51517
2	37	4.51413
3	36	4.51413
47	96	-4.5124
46	97	-4.5124
45	68	4.51067
44	69	4.51067
54	63	-4.51057
55	62	-4.51057
3	22	-4.51036
2	23	-4.51036
7	62	4.51001
6	63	4.51001
1	8	-4.50903
0	9	-4.50903
28	83	-4.50831
29	82	-4.50831
45	52	-4.50665
44	53	-4.50665
18	27	-4.50631
19	26	-4.50631
43	46	4.50624
42	47	4.50624
17	40	-4.50592
16	41	-4.50592
1	62	-4.50499
0	63	-4.50499
54	81	-4.50438
55	80	-4.50438
57	88	4.50156
56	89	4.50156
9	62	4.50128
8	63	4.50128
44	71	-4.50086
45	70	-4.50086
57	60	-4.50076
56	61	-4.50076
29	88	4.50004
28	89	4.50004
7	44	4.50003
6	45	4.50003
10	67	-4.49948
11	66	-4.49948
17	22	4.49937
16	23	4.49937
35	58	-4.49869
34	59	-4.49869
62	71	-4.49849
63	70	-4.49849
12	21	-4.49756
13	20	-4.49756
6	31	-4.49717
7	30	-4.49717
7	48	-4.49598
6	49	-4.49598
11	12	-4.49584
10	13	-4.49584
22	45	-4.49505
23	44	-4.49505
27	74	4.49433
26	75	4.49433
80	97	4.49362
81	96	4.49362
10	75	4.49303
11	74	4.49303
59	76	-4.49246
58	77	-4.49246
81	92	-4.49246
80	93	-4.49246
52	63	-4.49163
53	62	-4.49163
18	35	4.49076
19	34	4.49076
28	33	-4.49064
29	32	-4.49064
70	81	-4.49062
71	80	-4.49062
8	45	4.48974
9	44	4.48974
51	60	-4.48877
50	61	-4.48877
7	72	4.48812
6	73	4.48812
3	32	-4.48757
2	33	-4.48757
23	62	-4.48683
22	63	-4.48683
47	94	-4.48644
46	95	-4.48644
16	59	-4.48638
17	58	-4.48638
29	54	-4.48479
28	55	-4.48479
57	76	-4.48406
56	77	-4.48406
23	80	-4.48181
22	81	-4.48181
5	96	-4.4805
4	97	-4.4805
40	77	-4.47971
41	76	-4.47971
18	69	-4.47941
19	68	-4.47941
37	52	-4.47866
36	53	-4.47866
39	54	-4.47838
38	55	-4.47838
63	68	4.47789
62	69	4.47789
40	65	-4.47761
41	64	-4.47761
10	59	4.4768
11	58	4.4768
4	41	-4.47533
5	40	-4.47533
15	38	-4.47399
14	39	-4.47399
39	92	-4.4734
38	93	-4.4734
9	72	4.4723
8	73	4.4723
14	65	4.47024
15	64	4.47024
19	78	-4.4702
18	79	-4.4702
6	67	-4.46492
7	66	-4.46492
8	67	-4.46482
9	66	-4.46482
39	78	4.46465
38	79	4.46465
32	95	-4.46302
33	94	-4.46302
38	65	-4.46102
39	64	-4.46102
19	42	4.46093
18	43	4.46093
16	33	4.45889
17	32	4.45889
55	94	-4.45865
54	95	-4.45865
29	42	-4.45733
28	43	-4.45733
5	94	-4.44852
4	95	-4.44852
36	45	4.44816
37	44	4.44816
24	95	-4.44729
25	94	-4.44729
75	88	4.44552
74	89	4.44552
63	76	-4.44526
62	77	-4.44526
37	94	4.44413
36	95	4.44413
28	73	4.44391
29	72	4.44391
54	83	4.44353
55	82	4.44353
30	89	-4.44348
31	88	-4.44348
17	38	-4.44233
16	39	-4.44233
58	65	-4.44155
59	64	-4.44155
33	74	-4.4379
32	75	-4.4379
13	74	-4.43685
12	75	-4.43685
48	61	4.43561
49	60	4.43561
50	91	4.43439
51	90	4.43439
10	61	-4.43421
11	60	-4.43421
12	91	-4.4321
13	90	-4.4321
75	82	-4.43003
74	83	-4.43003
61	74	-4.42948
60	75	-4.42948
49	88	-4.42923
48	89	-4.42923
15	16	4.42856
14	17	4.42856
79	94	4.42545
78	95	4.42545
54	75	-4.42255
55	74	-4.42255
21	60	-4.4222
20	61	-4.4222
45	76	-4.4207
44	77	-4.4207
7	28	4.4203
6	29	4.4203
53	78	-4.41998
52	79	-4.41998
36	63	4.41924
37	62	4.41924
53	70	4.41849
52	71	4.41849
38	47	-4.41659
39	46	-4.41659
31	42	4.41622
30	43	4.41622
36	39	4.41598
37	38	4.41598
65	92	4.41584
64	93	4.41584
4	85	4.41565
5	84	4.41565
3	18	-4.41441
2	19	-4.41441
19	86	-4.41416
18	87	-4.41416
9	28	4.4133
8	29	4.4133
5	58	-4.41136
4	59	-4.41136
43	58	-4.40903
42	59	-4.40903
10	85	-4.40609
11	84	-4.40609
14	81	-4.4038
15	80	-4.4038
23	28	-4.40196
22	29	-4.40196
2	55	-4.40051
3	54	-4.40051
18	61	4.39887
19	60	4.39887
46	59	-4.39804
47	58	-4.39804
39	70	-4.39542
38	71	-4.39542
0	29	-4.39243
1	28	-4.39243
56	91	4.3922
57	90	4.3922
30	91	-4.39069
31	90	-4.39069
14	19	4.38648
15	18	4.38648
28	53	-4.38386
29	52	-4.38386
19	50	-4.3814
18	51	-4.3814
7	74	4.38131
6	75	4.38131
22	77	4.37872
23	76	4.37872
15	76	4.37762
14	77	4.37762
35	46	4.37748
34	47	4.37748
44	93	-4.37672
45	92	-4.37672
67	78	-4.37611
66	79	-4.37611
13	56	-4.37563
12	57	-4.37563
29	36	4.37536
28	37	4.37536
70	83	4.37478
71	82	4.37478
8	75	4.37383
9	74	4.37383
0	19	4.3723
1	18	4.3723
17	92	4.37196
16	93	4.37196
7	18	-4.37089
6	19	-4.37089
29	68	4.36929
28	69	4.36929
15	44	-4.36653
14	45	-4.36653
9	18	-4.36473
8	19	-4.36473
48	91	-4.36431
49	90	-4.36431
12	89	-4.36418
13	88	-4.36418
13	50	-4.36412
12	51	-4.36412
36	83	-4.36396
37	82	-4.36396
40	61	-4.36079
41	60	-4.36079
86	93	-4.36068
87	92	-4.36068
13	18	4.35996
12	19	4.35996
62	93	-4.35935
63	92	-4.35935
21	58	4.35722
20	59	4.35722
81	82	-4.35661
80	83	-4.35661
92	99	-4.35638
93	98	-4.35638
68	85	-4.35527
69	84	-4.35527
62	79	4.35366
63	78	4.35366
22	25	4.35253
23	24	4.35253
61	90	-4.35167
60	91	-4.35167
44	47	-4.35128
45	46	-4.35128
24	97	-4.34963
25	96	-4.34963
19	88	-4.34895
18	89	-4.34895
32	99	-4.3488
33	98	-4.3488
15	62	-4.34845
14	63	-4.34845
11	42	-4.34822
10	43	-4.34822
76	87	-4.34786
77	86	-4.34786
2	83	-4.3475
3	82	-4.3475
43	74	-4.34696
42	75	-4.34696
36	79	4.34588
37	78	4.34588
24	81	-4.34451
25	80	-4.34451
10	41	4.34441
11	40	4.34441
73	74	4.34253
72	75	4.34253
18	73	-4.34131
19	72	-4.34131
18	41	-4.33994
19	40	-4.33994
44	79	4.33607
45	78	4.33607
19	52	4.33509
18	53	4.33509
13	48	4.33344
12	49	4.33344
0	79	-4.33343
1	78	-4.33343
2	71	-4.32928
3	70	-4.32928
76	99	-4.32926
77	98	-4.32926
18	93	4.32771
19	92	4.32771
76	93	4.32743
77	92	4.32743
46	63	-4.32725
47	62	-4.32725
27	84	-4.32568
26	85	-4.32568
32	77	4.31855
33	76	4.31855
23	74	-4.31782
22	75	-4.31782
65	96	-4.31654
64	97	-4.31654
2	53	-4.31344
3	52	-4.31344
26	47	-4.31188
27	46	-4.31188
39	76	-4.30851
38	77	-4.30851
37	74	4.30831
36	75	4.30831
72	79	4.3081
73	78	4.3081
6	13	-4.30703
7	12	-4.30703
30	61	4.30449
31	60	4.30449
18	91	-4.30392
19	90	-4.30392
54	97	-4.30364
55	96	-4.30364
18	57	-4.30235
19	56	-4.30235
21	34	-4.30195
20	35	-4.30195
15	24	4.29939
14	25	4.29939
70	95	-4.29675
71	94	-4.29675
8	13	-4.29374
9	12	-4.29374
16	97	-4.29276
17	96	-4.29276
18	47	4.29254
19	46	4.29254
69	86	4.29252
68	87	4.29252
1	74	-4.29198
0	75	-4.29198
28	79	4.29122
29	78	4.29122
5	20	-4.2895
4	21	-4.2895
53	74	-4.28723
52	75	-4.28723
60	89	-4.28708
61	88	-4.28708
22	99	-4.28633
23	98	-4.28633
17	86	-4.28554
16	87	-4.28554
65	94	-4.28525
64	95	-4.28525
14	87	-4.28497
15	86	-4.28497
10	77	-4.28227
11	76	-4.28227
35	84	4.28009
34	85	4.28009
20	43	-4.27969
21	42	-4.27969
55	78	-4.27829
54	79	-4.27829
10	31	-4.27673
11	30	-4.27673
41	46	-4.27662
40	47	-4.27662
16	99	-4.27444
17	98	-4.27444
16	95	-4.27442
17	94	-4.27442
14	99	-4.27313
15	98	-4.27313
33	86	-4.27225
32	87	-4.27225
69	74	4.2682
68	75	4.2682
47	68	-4.26682
46	69	-4.26682
68	99	4.26535
69	98	4.26535
21	30	-4.26527
20	31	-4.26527
24	33	4.26411
25	32	4.26411
37	96	4.26329
36	97	4.26329
3	94	4.26266
2	95	4.26266
29	92	-4.26242
28	93	-4.26242
74	79	4.26233
75	78	4.26233
64	87	-4.25536
65	86	-4.25536
22	87	-4.25399
23	86	-4.25399
12	41	-4.25299
13	40	-4.25299
5	46	4.25253
4	47	4.25253
39	80	4.25242
38	81	4.25242
70	79	-4.24787
71	78	-4.24787
15	28	-4.24714
14	29	-4.24714
23	54	4.24687
22	55	4.24687
3	38	4.24633
2	39	4.24633
42	85	4.24326
43	84	4.24326
58	61	-4.24067
59	60	-4.24067
52	81	-4.23903
53	80	-4.23903
20	27	4.23901
21	26	4.23901
10	51	4.23851
11	50	4.23851
26	99	4.23801
27	98	4.23801
28	47	-4.23754
29	46	-4.23754
0	3	-4.23549
1	2	-4.23549
2	77	-4.23425
3	76	-4.23425
2	25	-4.23383
3	24	-4.23383
7	60	-4.23356
6	61	-4.23356
42	91	-4.23178
43	90	-4.23178
67	80	-4.22998
66	81	-4.22998
26	87	4.22877
27	86	4.22877
65	98	-4.22849
64	99	-4.22849
46	85	4.22758
47	84	4.22758
12	31	4.22528
13	30	4.22528
25	92	4.22368
24	93	4.22368
10	57	4.22309
11	56	4.22309
11	34	-4.2205
10	35	-4.2205
9	60	-4.22048
8	61	-4.22048
14	55	4.21603
15	54	4.21603
96	99	4.21561
97	98	4.21561
11	68	4.21261
10	69	4.21261
70	97	-4.21178
71	96	-4.21178
21	40	4.20984
20	41	4.20984
81	94	4.20495
80	95	4.20495
46	51	-4.20313
47	50	-4.20313
46	65	4.20306
47	64	4.20306
20	49	-4.20147
21	48	-4.20147
47	76	4.20101
46	77	4.20101
3	72	4.19959
2	73	4.19959
3	66	-4.19778
2	67	-4.19778
23	70	4.19529
22	71	4.19529
11	26	4.19511
10	27	4.19511
22	37	-4.19326
23	36	-4.19326
29	48	-4.19313
28	49	-4.19313
19	22	4.19124
18	23	4.19124
10	49	-4.19076
11	48	-4.19076
86	97	4.18844
87	96	4.18844
45	48	-4.18742
44	49	-4.18742
62	81	4.18564
63	80	4.18564
10	17	-4.18316
11	16	-4.18316
21	64	-4.18254
20	65	-4.18254
77	96	-4.18205
76	97	-4.18205
43	88	-4.17984
42	89	-4.17984
35	98	-4.17956
34	99	-4.17956
46	57	-4.1791
47	56	-4.1791
14	37	-4.17869
15	36	-4.17869
11	64	-4.17852
10	65	-4.17852
74	93	-4.17674
75	92	-4.17674
14	71	4.17666
15	70	4.17666
5	86	-4.17623
4	87	-4.17623
48	63	-4.17605
49	62	-4.17605
49	74	-4.17512
48	75	-4.17512
16	47	4.1743
17	46	4.1743
56	73	4.17341
57	72	4.17341
44	81	4.1706
45	80	4.1706
4	99	-4.17038
5	98	-4.17038
76	95	-4.16892
77	94	-4.16892
9	36	4.16852
8	37	4.16852
34	87	-4.16599
35	86	-4.16599
0	81	-4.16593
1	80	-4.16593
35	90	-4.16559
34	91	-4.16559
51	72	4.16278
50	73	4.16278
15	74	-4.16186
14	75	-4.16186
12	79	-4.16114
13	78	-4.16114
2	63	4.15886
3	62	4.15886
77	80	-4.15847
76	81	-4.15847
82	99	-4.15769
83	98	-4.15769
33	84	4.15656
32	85	4.15656
3	74	4.15488
2	75	4.15488
13	58	-4.15458
12	59	-4.15458
18	83	4.15451
19	82	4.15451
33	54	4.15247
32	55	4.15247
24	79	-4.15048
25	78	-4.15048
19	66	4.14953
18	67	4.14953
47	74	-4.14952
46	75	-4.14952
7	36	4.14889
6	37	4.14889
31	46	4.14864
30	47	4.14864
3	44	4.14841
2	45	4.14841
28	81	4.14822
29	80	4.14822
72	81	4.14779
73	80	4.14779
17	20	-4.14644
16	21	-4.14644
60	85	4.14625
61	84	4.14625
54	93	4.1457
55	92	4.1457
21	50	4.14552
20	51	4.14552
3	16	-4.14507
2	17	-4.14507
30	75	-4.14441
31	74	-4.14441
29	30	-4.14357
28	31	-4.14357
0	57	-4.14337
1	56	-4.14337
20	69	4.14074
21	68	4.14074
49	72	-4.14011
48	73	-4.14011
6	43	-4.1368
7	42	-4.1368
85	92	4.13676
84	93	4.13676
5	10	-4.13573
4	11	-4.13573
18	21	-4.13572
19	20	-4.13572
59	92	-4.1357
58	93	-4.1357
19	74	-4.13422
18	75	-4.13422
56	95	4.13375
57	94	4.13375
1	50	-4.13307
0	51	-4.13307
2	29	4.13292
3	28	4.13292
50	95	4.13266
51	94	4.13266
33	70	4.13265
32	71	4.13265
14	85	4.13191
15	84	4.13191
46	49	4.13151
47	48	4.13151
20	57	4.13141
21	56	4.13141
26	91	4.13094
27	90	4.13094
75	80	4.13007
74	81	4.13007
2	65	-4.12619
3	64	-4.12619
8	43	-4.12431
9	42	-4.12431
82	87	-4.12363
83	86	-4.12363
42	87	-4.11997
43	86	-4.11997
70	93	4.11865
71	92	4.11865
38	49	-4.11771
39	48	-4.11771
6	77	-4.11688
7	76	-4.11688
30	45	-4.11609
31	44	-4.11609
48	67	4.11568
49	66	4.11568
37	92	-4.11324
36	93	-4.11324
43	98	-4.11255
42	99	-4.11255
34	89	-4.112
35	88	-4.112
31	62	-4.11169
30	63	-4.11169
8	55	-4.11129
9	54	-4.11129
1	48	4.1089
0	49	4.1089
19	94	-4.10544
18	95	-4.10544
36	89	4.10543
37	88	4.10543
16	81	-4.1053
17	80	-4.1053
33	58	-4.10387
32	59	-4.10387
56	67	-4.10349
57	66	-4.10349
60	79	-4.10254
61	78	-4.10254
68	91	4.10242
69	90	4.10242
53	98	-4.10137
52	99	-4.10137
13	84	4.10113
12	85	4.10113
32	37	-4.09997
33	36	-4.09997
9	70	-4.09768
8	71	-4.09768
9	76	-4.0968
8	77	-4.0968
56	75	4.09648
57	74	4.09648
19	28	-4.0959
18	29	-4.0959
44	51	4.09521
45	50	4.09521
53	86	-4.09461
52	87	-4.09461
7	54	-4.09437
6	55	-4.09437
76	89	-4.09362
77	88	-4.09362
30	73	-4.09254
31	72	-4.09254
51	66	-4.0916
50	67	-4.0916
40	73	4.09156
41	72	4.09156
1	84	4.08912
0	85	4.08912
23	84	4.08896
22	85	4.08896
6	71	-4.08879
7	70	-4.08879
45	56	4.08754
44	57	4.08754
11	70	-4.08599
10	71	-4.08599
49	94	-4.08516
48	95	-4.08516
27	88	4.08514
26	89	4.08514
14	59	-4.08435
15	58	-4.08435
50	75	4.0831
51	74	4.0831
40	95	4.08229
41	94	4.08229
38	51	4.07992
39	50	4.07992
1	30	4.07981
0	31	4.07981
51	62	4.07868
50	63	4.07868
40	75	4.07728
41	74	4.07728
53	56	-4.07683
52	57	-4.07683
52	85	4.07568
53	84	4.07568
6	35	-4.0753
7	34	-4.0753
38	57	4.07458
39	56	4.07458
22	59	-4.07396
23	58	-4.07396
57	62	4.07333
56	63	4.07333
28	57	4.07329
29	56	4.07329
72	85	-4.07314
73	84	-4.07314
65	80	-4.07261
64	81	-4.07261
29	50	4.07244
28	51	4.07244
20	77	-4.07131
21	76	-4.07131
3	12	-4.0708
2	13	-4.0708
69	88	4.07072
68	89	4.07072
1	40	-4.07066
0	41	-4.07066
51	52	-4.07048
50	53	-4.07048
8	35	-4.06985
9	34	-4.06985
5	90	-4.06908
4	91	-4.06908
37	90	4.06884
36	91	4.06884
39	98	4.06838
38	99	4.06838
19	32	4.06695
18	33	4.06695
76	79	-4.06569
77	78	-4.06569
21	24	-4.06563
20	25	-4.06563
18	97	-4.06444
19	96	-4.06444
54	89	-4.06147
55	88	-4.06147
95	98	4.06147
94	99	4.06147
2	69	4.06131
3	68	4.06131
67	98	-4.06128
66	99	-4.06128
74	87	4.06113
75	86	4.06113
41	92	-4.06006
40	93	-4.06006
87	94	4.05858
86	95	4.05858
70	89	-4.05723
71	88	-4.05723
48	53	4.05686
49	52	4.05686
76	91	-4.05619
77	90	-4.05619
30	67	4.05534
31	66	4.05534
0	99	-4.05525
1	98	-4.05525
7	26	4.05451
6	27	4.05451
69	80	4.05431
68	81	4.05431
31	38	-4.05384
30	39	-4.05384
19	62	-4.05356
18	63	-4.05356
19	44	-4.05303
18	45	-4.05303
85	96	-4.05274
84	97	-4.05274
41	44	4.05194
40	45	4.05194
1	86	-4.05161
0	87	-4.05161
6	17	-4.05157
7	16	-4.05157
27	80	4.05091
26	81	4.05091
13	80	-4.05013
12	81	-4.05013
6	65	-4.04997
7	64	-4.04997
8	27	4.0499
9	26	4.0499
59	94	4.04898
58	95	4.04898
7	68	4.04731
6	69	4.04731
29	40	4.04729
28	41	4.04729
38	87	4.04592
39	86	4.04592
3	4	-4.04562
2	5	-4.04562
41	66	-4.04424
40	67	-4.04424
65	88	-4.04399
64	89	-4.04399
61	98	-4.04397
60	99	-4.04397
30	33	4.04374
31	32	4.04374
74	85	-4.04295
75	84	-4.04295
31	52	4.04264
30	53	4.04264
73	98	4.04261
72	99	4.04261
5	88	-4.04243
4	89	-4.04243
16	89	-4.04161
17	88	-4.04161
58	73	4.04126
59	72	4.04126
41	62	4.041
40	63	4.041
5	80	-4.04059
4	81	-4.04059
9	68	4.04027
8	69	4.04027
61	86	-4.03999
60	87	-4.03999
11	24	-4.03959
10	25	-4.03959
59	96	4.03956
58	97	4.03956
30	93	4.03916
31	92	4.03916
38	41	4.039
39	40	4.039
64	91	-4.03861
65	90	-4.03861
9	16	-4.03819
8	17	-4.03819
54	91	-4.03743
55	90	-4.03743
33	40	-4.03722
32	41	-4.03722
15	30	4.03707
14	31	4.03707
3	60	-4.03682
2	61	-4.03682
8	25	-4.0365
9	24	-4.0365
8	65	-4.03642
9	64	-4.03642
43	78	-4.03558
42	79	-4.03558
66	87	-4.03553
67	86	-4.03553
72	87	4.03516
73	86	4.03516
2	27	4.03459
3	26	4.03459
83	84	4.03414
82	85	4.03414
29	84	-4.03375
28	85	-4.03375
44	59	4.03332
45	58	4.03332
35	80	-4.0333
34	81	-4.0333
18	39	-4.03275
19	38	-4.03275
30	95	-4.03241
31	94	-4.03241
58	75	4.03128
59	74	4.03128
15	40	-4.03109
14	41	-4.03109
63	98	4.03102
62	99	4.03102
33	48	4.03084
32	49	4.03084
0	59	-4.03025
1	58	-4.03025
44	99	4.03011
45	98	4.03011
17	90	-4.03009
16	91	-4.03009
49	82	4.02952
48	83	4.02952
40	53	-4.02951
41	52	-4.02951
50	93	-4.029
51	92	-4.029
7	24	-4.02896
6	25	-4.02896
20	71	-4.02888
21	70	-4.02888
5	6	-4.02887
4	7	-4.02887
84	95	-4.02879
85	94	-4.02879
56	83	-4.02768
57	82	-4.02768
70	91	-4.0273
71	90	-4.0273
35	78	-4.02688
34	79	-4.02688
24	47	4.02675
25	46	4.02675
51	96	4.02666
50	97	4.02666
38	59	4.02641
39	58	4.02641
20	55	-4.02353
21	54	-4.02353
56	97	4.02333
57	96	4.02333
16	79	-4.02314
17	78	-4.02314
12	99	-4.02295
13	98	-4.02295
59	62	4.02272
58	63	4.02272
50	83	-4.02256
51	82	-4.02256
5	8	-4.02181
4	9	-4.02181
27	78	4.02172
26	79	4.02172
48	97	-4.02162
49	96	-4.02162
61	80	-4.02099
60	81	-4.02099
29	86	4.02013
28	87	4.02013
29	58	4.01954
28	59	4.01954
3	42	-4.01943
2	43	-4.01943
56	93	-4.01928
57	92	-4.01928
53	58	-4.01759
52	59	-4.01759
23	40	-4.01637
22	41	-4.01637
14	51	-4.01609
15	50	-4.01609
12	87	-4.0158
13	86	-4.0158
62	87	4.0156
63	86	4.0156
2	35	-4.01538
3	34	-4.01538
58	83	-4.01519
59	82	-4.01519
41	96	4.01461
40	97	4.01461
63	84	-4.01426
62	85	-4.01426
36	47	-4.01426
37	46	-4.01426
75	98	4.01391
74	99	4.01391
32	57	-4.01355
33	56	-4.01355
28	99	4.01286
29	98	4.01286
33	50	-4.01251
32	51	-4.01251
44	85	-4.01228
45	84	-4.01228
69	78	4.01219
68	79	4.01219
44	87	4.01219
45	86	4.01219
24	89	-4.01182
25	88	-4.01182
15	56	-4.01128
14	57	-4.01128
46	71	4.01085
47	70	4.01085
59	66	-4.01071
58	67	-4.01071
64	79	-4.01058
65	78	-4.01058
48	93	4.00846
49	92	4.00846
23	30	4.00814
22	31	4.00814
20	37	4.00808
21	36	4.00808
47	54	4.00792
46	55	4.00792
42	81	-4.0067
43	80	-4.0067
23	50	-4.00528
22	51	-4.00528
31	82	4.00519
30	83	4.00519
66	85	4.00404
67	84	4.00404
24	91	-4.00358
25	90	-4.00358
10	55	-4.00301
11	54	-4.00301
40	83	-4.00294
41	82	-4.00294
23	48	4.00287
22	49	4.00287
15	48	4.00256
14	49	4.00256
4	79	-4.00236
5	78	-4.00236
11	36	4.00213
10	37	4.00213
38	85	-4.00126
39	84	-4.00126
22	57	-4.00121
23	56	-4.00121
31	96	-4.00078
30	97	-4.00078
6	8	2.99837
44	62	2.99821
16	64	2.99757
0	72	-2.99705
6	88	2.99638
50	56	2.99461
8	88	2.99445
26	34	-2.99417
12	60	2.99324
0	52	2.99289
14	92	2.99263
40	50	2.99246
88	90	2.99231
40	56	2.98877
52	72	-2.98592
28	74	2.98199
28	62	2.98105
38	44	2.98063
36	54	-2.98
8	90	2.97917
16	76	2.97917
6	90	2.97898
42	60	2.97751
22	82	2.97581
66	82	2.97408
38	62	2.97322
24	70	2.97263
22	92	2.97091
28	44	2.97003
4	64	2.96984
42	68	-2.96878
12	72	-2.96862
64	76	2.96847
40	58	2.96625
30	48	2.96601
14	22	2.96333
26	42	-2.96274
78	80	2.95951
4	16	2.95912
52	82	2.95872
24	54	2.9576
38	96	2.95379
34	42	2.95358
50	58	2.95196
86	98	2.95042
0	12	2.95015
38	94	2.9501
34	60	2.95001
22	32	2.94963
12	42	2.94854
26	68	2.94816
94	96	2.94708
14	52	2.94671
22	52	2.94222
8	78	2.94153
60	72	-2.93753
26	60	-2.9373
58	86	2.93567
2	86	2.9355
72	82	-2.93525
0	82	2.93235
32	82	2.9321
66	72	-2.93143
30	84	2.93022
62	74	2.92848
46	92	2.92781
56	58	2.92436
6	78	2.92175
52	66	2.92144
2	8	2.92027
12	34	2.91885
58	98	2.91826
0	60	2.91575
2	6	2.9157
34	68	-2.91536
80	98	2.91501
12	52	2.91474
52	92	2.91432
28	38	2.91277
0	66	2.91267
14	82	2.91154
54	70	2.91146
78	88	2.91106
0	14	2.90895
44	74	2.90837
2	78	2.90752
12	66	2.9063
82	92	2.9054
22	66	2.90305
78	90	2.9009
2	98	2.89976
0	22	2.89815
60	68	-2.89752
12	26	-2.89647
10	88	2.89484
44	94	2.88633
22	72	-2.88621
4	76	2.88487
24	36	-2.88459
10	90	2.8845
44	96	2.88428
14	46	2.88263
14	72	-2.8823
6	10	2.8806
2	88	2.8803
4	24	2.87818
32	92	2.87768
16	70	2.87767
40	86	2.87725
62	96	2.87625
32	66	2.87227
16	24	2.87076
52	60	2.86858
0	92	2.8647
42	72	-2.8641
62	94	2.86373
18	84	2.8626
78	98	2.8619
70	76	2.86123
22	46	2.86112
12	82	2.85947
60	66	2.85929
8	10	2.85592
24	64	2.85344
64	70	2.84972
48	70	2.84806
12	68	-2.84499
14	32	2.8437
0	42	2.8421
2	80	2.84148
72	92	-2.83721
4	34	2.83606
26	54	-2.82902
18	30	2.82869
38	74	2.82806
2	90	2.82649
24	26	-2.8251
50	86	2.82436
4	70	2.82433
48	84	2.8239
36	70	-2.82317
36	50	2.82299
24	34	2.82224
32	46	2.82004
20	90	2.81959
32	52	2.81885
8	80	2.81874
14	66	2.81304
24	76	2.81285
48	54	2.81132
26	36	2.80529
40	98	2.80228
56	86	2.80144
30	70	2.8002
36	56	2.79961
34	54	2.79957
34	72	-2.79887
60	82	2.79857
66	92	2.79645
4	26	-2.79495
36	68	2.78969
6	80	2.7893
28	96	2.7892
80	86	2.78874
78	86	2.78591
36	48	-2.78359
42	52	2.7777
80	88	2.77014
2	58	2.76804
24	48	2.76786
26	72	2.76761
12	22	2.76704
50	98	2.76436
54	68	-2.76136
0	32	2.76118
0	34	2.7608
34	36	-2.76025
28	94	2.76003
32	72	-2.75868
34	66	2.75851
80	90	2.75654
36	40	2.75596
20	88	2.75526
20	96	2.75444
48	58	-2.75374
12	14	2.74775
20	78	2.74638
42	66	2.74405
8	98	2.74275
46	82	2.7406
4	54	2.73926
8	86	2.73858
8	20	2.73304
0	26	-2.73101
68	72	2.72849
6	86	2.72823
50	54	-2.72377
48	98	-2.7217
36	58	2.72167
6	98	2.72046
56	98	2.71888
6	20	2.71574
46	52	2.71209
16	54	2.71128
4	60	2.70809
58	80	2.70461
0	68	-2.70459
34	64	2.70399
26	66	-2.70242
34	52	2.69868
2	10	2.69768
22	60	2.6959
74	96	2.69452
4	12	2.69365
16	34	2.69273
18	48	2.69185
54	56	-2.69135
26	70	-2.69087
12	92	2.69039
54	64	2.69026
24	68	-2.6898
34	70	2.6889
30	54	2.68729
42	54	2.68687
48	50	-2.68409
36	42	-2.68372
14	60	2.68303
24	30	2.68104
88	98	2.67648
86	88	2.67604
42	82	2.67533
80	84	-2.67514
4	66	2.67317
2	40	2.67134
24	42	2.66671
10	78	2.66262
26	52	-2.66223
18	70	2.66182
26	64	-2.66177
4	42	2.66158
90	96	2.65531
10	96	2.65516
16	26	-2.65447
30	98	-2.65445
40	54	-2.6526
18	76	2.65081
40	48	-2.64967
20	80	2.64846
34	82	2.64727
12	32	2.64486
74	94	2.6447
54	76	2.64376
20	38	2.64343
54	58	-2.63925
30	36	-2.6383
0	46	2.6373
24	60	2.63281
4	36	-2.63067
58	78	2.6277
52	68	-2.62674
90	98	2.62606
30	58	-2.62275
48	56	-2.62038
30	80	-2.61958
60	92	2.61925
48	80	-2.61253
54	60	2.61041
20	62	2.60819
86	90	2.6077
46	72	-2.60173
2	50	2.5992
4	68	-2.59722
46	66	2.59701
84	98	-2.59476
26	82	-2.59349
48	86	-2.58993
16	36	-2.5888
66	68	-2.58858
20	44	2.58827
88	96	2.58531
36	60	-2.58293
10	20	2.58178
70	84	2.58088
20	28	2.57866
12	24	2.57865
30	76	2.5784
14	42	2.57775
2	56	2.57354
4	72	-2.57222
34	76	2.57124
22	42	2.56959
36	64	-2.56907
48	76	2.56902
32	60	2.56839
60	64	2.55662
20	74	2.5531
68	70	-2.54989
10	94	2.54964
24	50	-2.54901
16	48	2.54888
20	94	2.54797
40	80	2.5473
12	64	2.54286
16	18	2.54191
12	54	2.54078
64	66	2.53889
16	60	2.53752
26	76	-2.53543
56	68	2.52966
6	96	2.52867
4	82	2.5257
16	30	2.52562
0	4	2.52535
30	50	-2.52507
42	70	2.52165
12	16	2.51976
8	96	2.51938
18	24	2.5191
50	70	-2.51902
8	58	2.51863
36	76	-2.51757
50	68	2.51653
24	56	-2.51406
22	34	2.51381
2	20	2.51329
42	64	2.51226
68	82	-2.50993
12	36	-2.50685
50	80	2.50605
48	64	2.50558
42	92	2.50507
6	58	2.50181
16	42	2.50101
16	66	2.50026
78	84	-2.50025
36	98	2.4996
18	64	2.49752
58	70	-2.49722
30	40	-2.49599
30	86	-2.49103
4	52	2.48867
60	70	2.48828
10	80	2.48725
40	78	2.48342
36	86	2.4814
24	40	-2.48065
24	58	-2.48035
14	34	2.47958
58	84	-2.47912
30	64	2.47851
56	70	-2.47344
90	94	2.46898
10	86	2.46486
22	26	-2.46375
10	38	2.46357
4	48	2.46206
38	90	2.46177
40	70	-2.46168
30	56	-2.46028
64	68	-2.45788
56	80	2.45758
6	46	-2.45721
8	46	-2.45575
16	68	-2.4542
46	88	-2.45206
54	84	2.45146
26	50	2.44916
58	88	2.44812
26	56	2.44725
24	84	2.44277
14	26	-2.44194
54	98	-2.4412
18	54	2.43929
48	78	-2.43872
30	78	-2.43869
46	90	-2.43812
2	48	-2.43791
12	70	2.43718
40	68	2.43708
20	32	-2.43367
32	42	2.4329
90	92	-2.43258
64	72	-2.43211
12	46	2.43194
10	14	-2.43145
26	48	-2.42933
88	92	-2.42926
24	66	2.42584
50	78	2.42577
2	46	-2.42503
10	92	-2.42467
60	76	2.42193
14	68	-2.42171
22	90	-2.41918
6	92	-2.41902
34	92	2.41837
24	72	-2.41703
36	84	-2.41701
10	98	2.41606
32	34	2.41573
46	78	-2.41509
8	92	-2.41309
14	90	-2.41285
14	88	-2.40762
88	94	2.40675
12	76	2.40662
16	72	-2.40636
76	84	2.40516
4	30	2.4048
12	96	-2.40448
22	68	-2.40419
20	98	2.40252
8	40	2.40249
84	86	-2.40119
54	86	-2.40088
60	94	-2.40077
22	88	-2.39948
64	82	2.3988
34	48	2.39822
72	96	2.39775
4	74	-2.39687
10	46	-2.3963
12	94	-2.39516
6	14	-2.39446
42	94	-2.3932
20	82	-2.39306
60	96	-2.39291
78	96	2.39222
0	64	2.39205
66	96	-2.39143
6	40	2.39119
38	88	2.39056
42	76	2.3897
2	30	-2.38963
66	76	2.38889
34	50	-2.38863
4	28	-2.38837
56	78	2.38771
4	22	2.38622
0	96	-2.38613
32	90	-2.38598
58	90	2.38582
34	56	-2.38581
8	14	-2.3858
34	38	-2.38426
34	94	-2.38284
20	66	-2.38225
82	96	-2.38213
26	94	2.38138
6	22	-2.38116
20	22	-2.38111
52	96	-2.38101
8	22	-2.38033
4	18	2.37816
26	92	-2.37768
70	98	-2.37635
48	68	-2.3755
64	74	-2.37547
0	24	2.37462
12	38	-2.37395
38	60	-2.37294
10	52	-2.37253
54	72	-2.37205
34	44	-2.3712
82	90	-2.36957
26	40	2.36945
62	90	2.36933
72	94	2.36878
0	16	2.36794
42	56	-2.36771
26	38	2.36742
10	22	-2.36738
2	84	-2.36683
4	32	2.36619
16	74	-2.36564
44	90	2.36408
52	64	2.36315
16	82	2.36272
34	62	-2.36261
50	84	-2.3625
4	62	-2.36134
32	88	-2.36
38	66	-2.35955
26	32	-2.35904
68	94	2.35875
0	94	-2.35858
42	50	-2.35858
46	60	2.35855
18	36	-2.35792
32	78	-2.35714
10	44	2.35645
18	80	-2.35461
6	94	2.35436
34	96	-2.35349
22	96	-2.35312
0	10	-2.35295
52	90	-2.35255
8	32	-2.35229
4	44	-2.35216
42	96	-2.35214
26	44	2.35124
10	62	2.35083
68	76	-2.34893
68	92	-2.34883
46	80	-2.34723
40	84	-2.34512
28	64	-2.34471
6	32	-2.34364
52	94	-2.34248
38	42	-2.34182
36	72	2.34117
8	94	2.34043
26	62	2.33989
78	92	-2.33882
62	66	-2.3384
82	88	-2.33839
40	88	2.33835
6	38	2.33763
38	72	2.3376
54	66	2.33738
16	52	2.33703
58	68	2.33621
44	66	-2.3358
16	28	-2.33577
26	96	2.33517
8	50	2.33409
0	54	2.33333
44	60	-2.33179
12	44	-2.33093
8	38	2.33053
10	72	2.3297
16	84	2.32952
52	88	-2.32865
22	78	-2.32814
38	82	-2.32804
46	86	-2.32585
20	86	2.3252
28	34	-2.32491
12	62	-2.32283
26	30	-2.32254
66	94	-2.3223
60	62	-2.32195
6	50	2.32179
18	98	-2.32079
74	76	-2.31984
14	96	-2.31895
8	84	-2.31876
46	98	-2.31839
0	38	-2.31791
10	82	-2.31736
24	98	-2.31692
0	90	-2.31618
24	52	2.31601
72	76	-2.31521
4	14	2.31478
6	82	-2.31336
82	94	-2.31328
24	28	-2.31312
8	82	-2.31293
2	92	-2.31288
34	40	-2.31269
92	96	-2.31267
20	92	-2.31165
28	66	-2.31128
32	96	-2.31087
28	90	2.31056
4	38	-2.31048
24	44	-2.31038
56	84	-2.30952
8	56	2.30908
38	52	-2.3085
20	52	-2.30815
70	86	-2.30745
24	62	-2.30647
0	36	-2.3064
66	70	2.30563
6	52	-2.30375
62	88	2.30175
72	90	2.30167
32	80	-2.3013
42	44	-2.29949
30	34	2.29911
66	90	-2.29907
26	58	2.29892
6	56	2.29891
14	78	-2.29788
26	28	2.29748
62	64	-2.29733
44	88	2.29705
6	84	-2.29695
24	74	-2.29652
8	52	-2.29581
70	72	-2.29261
44	82	-2.29247
38	68	2.29196
24	82	2.29156
62	82	-2.29154
22	94	-2.29133
14	20	-2.29077
0	88	-2.29014
20	72	2.28945
16	62	-2.28844
22	38	-2.28791
16	50	-2.28778
0	76	2.28776
42	48	2.28692
64	84	2.28603
42	62	-2.28573
4	50	-2.28541
68	96	2.28473
44	64	-2.28463
10	28	2.28461
44	72	2.28445
40	42	-2.28441
10	18	-2.28429
36	80	2.28395
14	94	-2.28362
36	66	-2.28284
84	88	-2.28182
32	68	-2.28178
0	20	-2.28148
20	46	-2.28106
4	92	2.2809
22	64	2.28084
66	74	-2.27903
28	76	-2.27807
34	74	-2.27762
16	44	-2.27679
62	72	2.27671
40	90	2.27647
30	68	-2.27609
2	14	-2.27525
4	56	-2.2751
32	38	-2.27467
92	94	-2.27373
74	90	2.27365
76	82	2.27328
50	88	2.27264
72	88	2.27206
50	64	-2.27202
28	70	-2.27157
84	90	-2.27086
12	28	-2.2707
24	86	-2.27065
16	56	-2.27025
70	74	-2.26962
28	60	-2.2686
8	48	-2.26851
24	38	-2.26851
52	54	2.26798
8	30	-2.2678
44	54	-2.26663
32	64	2.26647
52	76	2.26417
32	62	-2.26402
10	32	-2.26365
0	6	-2.26353
2	96	2.2627
78	82	-2.26239
50	76	-2.26234
32	44	-2.26131
0	44	-2.26107
66	88	-2.26064
18	58	-2.26033
56	64	-2.25889
0	70	2.25788
20	84	-2.25759
2	36	2.25707
46	96	-2.2562
44	68	2.25534
54	62	-2.25528
2	22	-2.25518
6	62	2.255
0	8	-2.25452
28	82	-2.25415
44	52	-2.25333
18	26	-2.25315
42	46	2.25312
16	40	-2.25296
0	62	-2.2525
54	80	-2.25219
56	88	2.25078
8	62	2.25064
44	70	-2.25043
56	60	-2.25038
28	88	2.25002
6	44	2.25001
10	66	-2.24974
16	22	2.24968
34	58	-2.24934
62	70	-2.24924
12	20	-2.24878
6	30	-2.24859
6	48	-2.24799
10	12	-2.24792
22	44	-2.24753
26	74	2.24716
80	96	2.24681
10	74	2.24652
58	76	-2.24623
80	92	-2.24623
52	62	-2.24581
18	34	2.24538
28	32	-2.24532
70	80	-2.24531
8	44	2.24487
50	60	-2.24439
6	72	2.24406
2	32	-2.24379
22	62	-2.24342
46	94	-2.24322
16	58	-2.24319
28	54	-2.2424
56	76	-2.24203
22	80	-2.24091
4	96	-2.24025
40	76	-2.23986
18	68	-2.2397
36	52	-2.23933
38	54	-2.23919
62	68	2.23894
40	64	-2.23881
10	58	2.2384
4	40	-2.23766
14	38	-2.237
38	92	-2.2367
8	72	2.23615
14	64	2.23512
18	78	-2.2351
6	66	-2.23246
8	66	-2.23241
38	78	2.23232
32	94	-2.23151
38	64	-2.23051
18	42	2.23047
16	32	2.22944
54	94	-2.22932
28	42	-2.22867
4	94	-2.22426
36	44	2.22408
24	94	-2.22364
74	88	2.22276
62	76	-2.22263
36	94	2.22206
28	72	2.22196
54	82	2.22176
30	88	-2.22174
16	38	-2.22117
58	64	-2.22078
32	74	-2.21895
12	74	-2.21842
48	60	2.2178
50	90	2.21719
10	60	-2.21711
12	90	-2.21605
74	82	-2.21502
60	74	-2.21474
48	88	-2.21462
14	16	2.21428
78	94	2.21273
54	74	-2.21127
20	60	-2.2111
44	76	-2.21035
6	28	2.21015
52	78	-2.20999
36	62	2.20962
52	70	2.20925
38	46	-2.2083
30	42	2.20811
36	38	2.20799
64	92	2.20792
4	84	2.20783
2	18	-2.20721
18	86	-2.20708
8	28	2.20665
4	58	-2.20568
42	58	-2.20451
10	84	-2.20304
14	80	-2.2019
22	28	-2.20098
2	54	-2.20026
18	60	2.19943
46	58	-2.19902
38	70	-2.19771
0	28	-2.19622
56	90	2.1961
30	90	-2.19535
14	18	2.19324
28	52	-2.19193
18	50	-2.1907
6	74	2.19065
22	76	2.18936
14	76	2.18881
34	46	2.18874
44	92	-2.18836
66	78	-2.18805
12	56	-2.18782
28	36	2.18768
70	82	2.18739
8	74	2.18692
0	18	2.18615
16	92	2.18598
6	18	-2.18545
28	68	2.18464
14	44	-2.18327
8	18	-2.18237
48	90	-2.18215
12	88	-2.18209
12	50	-2.18206
36	82	-2.18198
40	60	-2.1804
86	92	-2.18034
12	18	2.17998
62	92	-2.17967
20	58	2.17861
80	82	-2.17831
92	98	-2.17819
68	84	-2.17763
62	78	2.17683
22	24	2.17626
60	90	-2.17583
44	46	-2.17564
24	96	-2.17482
18	88	-2.17448
32	98	-2.1744
14	62	-2.17423
10	42	-2.17411
76	86	-2.17393
2	82	-2.17375
42	74	-2.17348
36	78	2.17294
24	80	-2.17226
10	40	2.17221
72	74	2.17126
18	72	-2.17066
18	40	-2.16997
44	78	2.16804
18	52	2.16754
12	48	2.16672
0	78	-2.16672
2	70	-2.16464
76	98	-2.16463
18	92	2.16386
76	92	2.16372
46	62	-2.16362
26	84	-2.16284
32	76	2.15928
22	74	-2.15891
64	96	-2.15827
2	52	-2.15672
26	46	-2.15594
38	76	-2.15425
36	74	2.15416
72	78	2.15405
6	12	-2.15351
30	60	2.15224
18	90	-2.15196
54	96	-2.15182
18	56	-2.15118
20	34	-2.15097
14	24	2.1497
70	94	-2.14837
8	12	-2.14687
16	96	-2.14638
18	46	2.14627
68	86	2.14626
0	74	-2.14599
28	78	2.14561
4	20	-2.14475
52	74	-2.14361
60	88	-2.14354
22	98	-2.14317
16	86	-2.14277
64	94	-2.14262
14	86	-2.14249
10	76	-2.14113
34	84	2.14005
20	42	-2.13985
54	78	-2.13915
10	30	-2.13837
40	46	-2.13831
16	98	-2.13722
16	94	-2.13721
14	98	-2.13657
32	86	-2.13612
68	74	2.1341
46	68	-2.13341
68	98	2.13268
20	30	-2.13264
24	32	2.13205
36	96	2.13164
2	94	2.13133
28	92	-2.13121
74	78	2.13117
64	86	-2.12768
22	86	-2.12699
12	40	-2.12649
4	46	2.12626
38	80	2.12621
70	78	-2.12394
14	28	-2.12357
22	54	2.12344
2	38	2.12316
42	84	2.12163
58	60	-2.12033
52	80	-2.11952
20	26	2.1195
10	50	2.11926
26	98	2.119
28	46	-2.11877
0	2	-2.11774
2	76	-2.11712
2	24	-2.11691
6	60	-2.11678
42	90	-2.11589
66	80	-2.11499
26	86	2.11439
64	98	-2.11424
46	84	2.11379
12	30	2.11264
24	92	2.11184
10	56	2.11154
10	34	-2.11025
8	60	-2.11024
14	54	2.10802
96	98	2.10781
10	68	2.1063
70	96	-2.10589
20	40	2.10492
80	94	2.10248
46	50	-2.10157
46	64	2.10153
20	48	-2.10074
46	76	2.1005
2	72	2.09979
2	66	-2.09889
22	70	2.09765
10	26	2.09756
22	36	-2.09663
28	48	-2.09657
18	22	2.09562
10	48	-2.09538
86	96	2.09422
44	48	-2.09371
62	80	2.09282
10	16	-2.09158
20	64	-2.09127
76	96	-2.09102
42	88	-2.08992
34	98	-2.08978
46	56	-2.08955
14	36	-2.08935
10	64	-2.08926
74	92	-2.08837
14	70	2.08833
4	86	-2.08812
48	62	-2.08802
48	74	-2.08756
16	46	2.08715
56	72	2.0867
44	80	2.0853
4	98	-2.08519
76	94	-2.08446
8	36	2.08426
34	86	-2.083
0	80	-2.08296
34	90	-2.08279
50	72	2.08139
14	74	-2.08093
12	78	-2.08057
2	62	2.07943
76	80	-2.07923
82	98	-2.07884
32	84	2.07828
2	74	2.07744
12	58	-2.07729
18	82	2.07726
32	54	2.07624
24	78	-2.07524
18	66	2.07476
46	74	-2.07476
6	36	2.07444
30	46	2.07432
2	44	2.0742
28	80	2.07411
72	80	2.07389
16	20	-2.07322
60	84	2.07313
54	92	2.07285
20	50	2.07276
2	16	-2.07254
30	74	-2.0722
28	30	-2.07178
0	56	-2.07169
20	68	2.07037
48	72	-2.07005
6	42	-2.0684
84	92	2.06838
4	10	-2.06787
18	20	-2.06786
58	92	-2.06785
18	74	-2.06711
56	94	2.06688
0	50	-2.06653
2	28	2.06646
50	94	2.06633
32	70	2.06633
14	84	2.06596
46	48	2.06576
20	56	2.0657
26	90	2.06547
74	80	2.06503
2	64	-2.0631
8	42	-2.06216
82	86	-2.06181
42	86	-2.05998
70	92	2.05933
38	48	-2.05885
6	76	-2.05844
30	44	-2.05804
48	66	2.05784
36	92	-2.05662
42	98	-2.05628
34	88	-2.056
30	62	-2.05585
8	54	-2.05564
0	48	2.05445
18	94	-2.05272
36	88	2.05272
16	80	-2.05265
32	58	-2.05194
56	66	-2.05175
60	78	-2.05127
68	90	2.05121
52	98	-2.05068
12	84	2.05056
32	36	-2.04998
8	70	-2.04884
8	76	-2.0484
56	74	2.04824
18	28	-2.04795
44	50	2.04761
52	86	-2.0473
6	54	-2.04718
76	88	-2.04681
30	72	-2.04627
50	66	-2.0458
40	72	2.04578
0	84	2.04456
22	84	2.04448
6	70	-2.04439
44	56	2.04377
10	70	-2.04299
48	94	-2.04258
26	88	2.04257
14	58	-2.04217
50	74	2.04155
40	94	2.04114
38	50	2.03996
0	30	2.0399
50	62	2.03934
40	74	2.03864
52	56	-2.03842
52	84	2.03784
6	34	-2.03765
38	56	2.03729
22	58	-2.03698
56	62	2.03667
28	56	2.03664
72	84	-2.03657
64	80	-2.03631
28	50	2.03622
20	76	-2.03565
2	12	-2.0354
68	88	2.03536
0	40	-2.03533
50	52	-2.03524
8	34	-2.03492
4	90	-2.03454
36	90	2.03442
38	98	2.03419
18	32	2.03347
76	78	-2.03285
20	24	-2.03281
18	96	-2.03222
54	88	-2.03074
94	98	2.03073
2	68	2.03065
66	98	-2.03064
74	86	2.03057
40	92	-2.03003
86	94	2.02929
70	88	-2.02862
48	52	2.02843
76	90	-2.0281
30	66	2.02767
0	98	-2.02763
6	26	2.02726
68	80	2.02715
30	38	-2.02692
18	62	-2.02678
18	44	-2.02652
84	96	-2.02637
40	44	2.02597
0	86	-2.02581
6	16	-2.02578
26	80	2.02546
12	80	-2.02507
6	64	-2.02498
8	26	2.02495
58	94	2.02449
6	68	2.02366
28	40	2.02364
38	86	2.02296
2	4	-2.02281
40	66	-2.02212
64	88	-2.02199
60	98	-2.02199
30	32	2.02187
74	84	-2.02147
30	52	2.02132
72	98	2.02131
4	88	-2.02122
16	88	-2.0208
58	72	2.02063
40	62	2.0205
4	80	-2.02029
8	68	2.02013
60	86	-2.01999
10	24	-2.0198
58	96	2.01978
30	92	2.01958
38	40	2.0195
64	90	-2.01931
8	16	-2.01909
54	90	-2.01871
32	40	-2.01861
14	30	2.01853
2	60	-2.01841
8	24	-2.01825
8	64	-2.01821
42	78	-2.01779
66	86	-2.01776
72	86	2.01758
2	26	2.01729
82	84	2.01707
28	84	-2.01687
44	58	2.01666
34	80	-2.01665
18	38	-2.01637
30	94	-2.0162
58	74	2.01564
14	40	-2.01555
62	98	2.01551
32	48	2.01542
0	58	-2.01513
44	98	2.01506
16	90	-2.01505
48	82	2.01476
40	52	-2.01476
50	92	-2.0145
6	24	-2.01448
20	70	-2.01444
4	6	-2.01443
84	94	-2.0144
56	82	-2.01384
70	90	-2.01365
34	78	-2.01344
24	46	2.01337
50	96	2.01333
38	58	2.01321
20	54	-2.01176
56	96	2.01167
16	78	-2.01157
12	98	-2.01148
58	62	2.01136
50	82	-2.01128
4	8	-2.0109
26	78	2.01086
48	96	-2.01081
60	80	-2.01049
28	86	2.01006
28	58	2.00977
2	42	-2.00972
56	92	-2.00964
52	58	-2.00879
22	40	-2.00819
14	50	-2.00805
12	86	-2.0079
62	86	2.0078
2	34	-2.00769
58	82	-2.0076
40	96	2.00731
62	84	-2.00713
36	46	-2.00713
74	98	2.00696
32	56	-2.00677
28	98	2.00643
32	50	-2.00626
44	84	-2.00614
68	78	2.0061
44	86	2.00609
24	88	-2.00591
14	56	-2.00564
46	70	2.00542
58	66	-2.00535
64	78	-2.00529
48	92	2.00423
22	30	2.00407
20	36	2.00404
46	54	2.00396
42	80	-2.00335
22	50	-2.00264
30	82	2.0026
66	84	2.00202
24	90	-2.00179
10	54	-2.00151
40	82	-2.00147
22	48	2.00143
14	48	2.00128
4	78	-2.00118
10	36	2.00106
38	84	-2.00063
22	56	-2.0006
30	96	-2.00039
