45	77	199.827
69	95	199.478
19	65	199.477
13	33	199.354
9	51	198.835
45	57	198.81
63	93	198.574
11	37	-198.566
23	41	198.491
11	73	198.19
31	43	198.092
69	85	197.869
57	77	197.845
21	25	197.733
23	71	197.62
77	97	197.551
23	97	197.342
85	95	197.041
45	97	196.985
59	87	196.709
7	15	196.589
15	83	196.512
31	99	196.029
3	39	195.907
57	97	195.615
41	97	195.581
41	77	195.56
59	69	195.545
41	71	195.296
43	99	195.222
27	79	195.134
11	39	194.956
47	81	194.491
35	67	194.459
37	73	-194.223
55	91	194.121
7	67	-193.964
33	47	193.921
65	75	193.859
23	77	193.779
29	93	193.777
41	45	193.704
7	83	193.602
43	55	193.313
37	39	-193.231
51	63	193.075
19	75	192.972
59	85	192.69
59	95	192.233
23	45	191.96
43	89	191.634
39	53	191.592
75	79	-191.578
79	91	191.489
9	95	191.365
13	47	191.328
55	89	191.309
27	81	191.06
89	99	190.547
71	97	190.446
39	73	190.265
29	45	-189.935
35	69	189.603
5	53	189.457
89	91	189.426
35	95	189.365
3	37	-189.357
29	57	-189.226
1	53	-189.096
47	61	189.05
29	77	-188.514
1	73	-188.445
35	59	188.362
27	61	188.294
41	57	188.153
77	93	-187.675
23	57	187.651
41	83	187.598
51	83	-187.431
9	69	187.34
45	93	-187.318
3	11	187.228
29	63	187.024
71	83	186.682
9	63	186.675
51	93	186.437
9	35	186.145
51	95	186.018
41	63	-185.868
37	61	185.528
31	55	185.403
3	65	185.313
63	77	-185.294
9	83	-185.273
69	87	185.262
53	73	185.24
13	61	185.154
3	19	185.021
71	77	184.909
11	53	184.479
31	89	184.449
45	63	-184.071
15	71	183.948
41	93	-183.846
33	61	183.487
27	47	183.464
63	83	-183.208
7	9	-183.022
15	67	-182.704
7	35	-182.566
27	91	182.481
23	83	182.376
61	81	182.181
45	71	182.167
57	93	-181.952
85	87	181.901
55	99	181.326
9	67	181.274
35	87	181.26
51	69	180.942
9	85	180.931
1	11	-180.693
21	87	180.616
7	51	-180.586
87	95	180.085
3	53	179.607
43	91	179.511
35	85	179.486
65	79	-179.237
27	75	-179.009
67	83	-178.92
11	61	-178.738
37	65	-178.708
13	25	178.687
9	93	178.447
33	81	178.399
3	73	178.351
75	91	-178.301
61	79	178.274
15	41	178.208
35	51	178.188
17	57	178.053
5	39	177.77
1	21	177.76
5	49	177.737
29	97	-177.594
37	53	-176.95
57	63	-176.889
7	49	176.761
93	97	-176.75
23	63	-176.714
29	41	-176.573
1	39	-176.557
57	71	176.144
15	49	175.998
79	81	175.877
15	51	-175.574
19	79	-175.473
63	97	-175.415
51	85	175.351
9	15	-175.155
15	23	175.021
23	93	-175
83	93	-174.963
51	67	174.691
19	37	-174.673
67	95	174.594
41	51	-174.182
13	81	174.091
25	33	173.964
61	73	-173.735
55	79	173.59
79	89	173.588
61	65	-173.495
67	69	173.346
9	59	173.263
77	83	172.918
49	67	-172.752
27	89	172.208
39	65	172.207
25	73	-171.553
83	97	171.155
3	5	171.127
21	73	-171.024
1	25	170.964
13	73	-170.783
1	37	170.599
63	71	-170.549
19	39	170.5
7	71	170.227
25	87	170.204
59	67	170.16
27	65	-170.121
23	29	-169.974
61	75	-169.799
11	65	169.635
1	67	169.487
45	83	169.375
35	83	-169.293
49	53	169.279
13	37	168.833
17	45	168.595
91	99	168.504
15	63	-168
15	35	-167.888
81	89	167.675
31	91	167.627
11	13	-167.54
19	61	-167.223
7	41	167.177
21	59	167.159
63	95	166.804
9	41	-166.701
13	21	166.601
71	93	-166.537
51	77	-166.505
7	63	-166.258
11	19	165.822
47	79	165.752
29	51	165.656
27	33	165.587
7	95	-165.514
81	91	165.198
1	5	-165.087
17	77	165.071
17	29	-164.973
19	27	-164.635
17	97	164.573
39	61	-164.547
51	59	164.45
1	35	164.355
3	75	164.252
3	61	-164.182
45	51	-164.091
23	51	-164.089
33	73	-164.019
13	27	163.866
33	37	163.136
67	87	162.946
27	55	162.891
51	71	-162.66
7	69	-161.976
1	49	-161.843
83	95	-161.8
7	23	161.531
5	11	161.521
37	75	-161.456
11	25	-161.29
11	33	-161.206
21	35	160.999
21	33	160.827
15	97	160.773
67	85	160.705
37	47	160.584
63	69	160.26
49	83	160.038
27	37	159.853
11	21	-159.765
15	77	159.655
5	73	159.342
57	83	159.307
55	75	-158.953
1	3	-158.825
15	93	-158.666
93	95	158.549
29	71	-158.056
9	87	157.995
51	97	-157.82
65	73	157.769
63	85	157.218
65	91	-157.13
9	77	-157.109
9	71	-157.008
9	23	-156.795
69	83	-156.687
29	83	-155.812
25	37	155.754
15	45	155.716
9	29	155.565
1	87	155.527
7	93	-155.452
5	37	-155.382
11	47	-154.955
37	79	154.855
19	91	-154.641
51	57	-154.564
9	45	-154.456
25	59	154.327
35	63	154.014
19	73	153.829
43	79	153.659
7	59	-153.613
47	73	-153.342
61	91	153.021
63	67	152.858
53	67	-152.755
15	95	-152.452
21	37	152.432
75	81	-152.293
69	93	151.887
21	67	151.844
35	49	-151.837
25	61	151.521
75	89	-151.473
25	47	151.119
85	93	150.636
11	75	150.289
1	59	150.089
1	7	-149.915
7	85	-149.776
21	53	-149.402
39	75	149.33
55	81	149.311
9	97	-149.296
11	27	-149.276
17	23	149.034
1	13	148.916
7	77	148.784
37	81	148.504
51	87	148.437
47	91	148.416
21	69	148.374
9	99	148.324
15	69	-148.277
33	79	148.135
67	71	-147.891
13	39	-147.759
7	97	147.459
3	79	-147.425
55	83	-147.377
13	79	147.245
83	85	-146.844
27	43	146.832
47	75	-146.821
51	89	146.804
95	99	146.786
25	35	146.706
51	99	146.612
31	67	146.519
17	41	146.358
9	31	146.226
9	43	146.076
41	91	-145.98
41	67	-145.971
31	35	145.871
63	89	145.868
7	31	-145.847
15	57	145.788
7	43	-145.769
65	81	-145.666
43	83	-145.575
47	89	145.528
3	27	-145.501
43	51	145.44
79	99	145.299
69	99	145.251
9	89	144.997
7	45	144.973
15	55	-144.969
47	65	-144.895
49	71	144.809
77	79	-144.802
45	79	-144.788
9	57	-144.777
21	39	-144.679
25	53	-144.582
17	93	-144.514
53	65	144.45
7	87	-144.344
31	51	144.295
59	83	-144.227
23	91	-144.224
57	79	-144.076
27	29	143.996
35	99	143.917
79	97	-143.766
25	39	-143.499
89	93	143.499
11	79	-143.309
41	55	-143.285
19	53	143.226
77	91	-143.142
35	93	143.055
27	99	142.946
71	91	-142.874
15	43	-142.857
5	67	-142.849
43	67	142.717
21	95	142.684
53	61	-142.557
31	83	-142.546
55	71	-142.328
7	55	-142.23
91	97	-142.226
81	99	142.219
45	91	-142.145
85	99	142.119
75	97	142.108
35	53	-142.105
33	39	-142.094
39	49	142.066
41	79	-142.009
1	33	142.006
83	91	-141.777
1	61	141.57
27	45	-141.561
27	73	-141.464
41	95	-141.463
21	61	141.447
67	93	141.441
23	79	-141.384
59	63	141.315
9	49	-141.24
27	57	-141.201
21	85	141.03
31	95	141.02
23	55	-140.96
27	77	-140.939
29	81	140.922
63	91	140.917
35	43	140.812
27	93	140.804
83	89	-140.755
11	81	-140.655
15	31	-140.569
31	79	140.509
13	65	-140.441
17	37	-140.397
43	81	140.271
19	81	-139.977
15	29	-139.9
51	55	139.877
1	69	139.741
43	63	139.724
67	99	139.687
23	67	-139.567
31	69	139.55
15	59	-139.411
3	13	-139.342
23	75	139.321
91	93	139.223
61	89	139.175
57	91	-139.172
55	63	139.121
7	53	139.098
39	47	-139.076
35	41	-139.032
73	75	139.021
63	99	138.918
25	67	138.849
27	39	-138.773
57	75	138.759
59	99	138.694
19	47	-138.642
29	79	138.461
9	55	138.211
49	51	-138.178
7	99	-138.003
81	93	137.972
11	17	137.959
75	77	137.948
13	53	-137.942
45	75	137.883
43	95	137.85
21	47	137.807
49	73	137.729
79	93	137.572
35	71	-137.526
55	77	-137.467
27	63	137.39
15	85	-137.263
13	75	-137.224
33	65	-137.173
73	87	-137.157
5	7	137.122
29	61	136.94
83	99	-136.858
1	95	136.779
55	97	-136.695
31	63	136.625
39	79	-136.594
3	47	-136.581
43	75	-136.427
29	95	136.415
71	79	-136.364
67	73	-136.338
41	89	-136.315
41	69	-136.304
73	81	-136.288
27	97	-136.269
29	47	136.225
15	91	-136.223
45	55	-136.13
51	91	136.109
1	15	-136.039
63	79	136.025
89	95	135.971
41	75	135.953
29	89	135.897
33	75	-135.877
17	61	-135.711
17	63	-135.68
43	69	135.655
55	65	-135.625
17	71	135.624
43	93	135.543
93	99	135.494
55	93	135.407
71	75	135.269
5	19	135.121
41	43	-135.111
25	69	135.063
27	41	-135.036
57	61	-134.977
7	57	134.909
31	59	134.871
13	19	-134.856
17	39	134.715
7	89	-134.685
3	33	-134.62
27	31	134.489
5	65	134.446
29	91	134.302
19	55	-134.235
65	97	134.225
77	89	-134.199
17	65	134.183
17	73	134.088
77	95	-134.015
57	65	134.001
3	17	133.873
31	85	133.843
7	29	-133.83
73	79	-133.816
63	81	133.777
15	89	-133.701
71	95	-133.638
23	95	-133.534
83	87	-133.424
45	89	-133.423
35	73	-133.252
41	49	133.031
65	89	-132.95
59	93	132.927
11	49	132.87
33	53	-132.797
69	89	132.731
55	57	-132.717
55	67	132.68
19	97	132.573
31	93	132.546
23	27	-132.379
9	91	132.321
23	35	-132.173
3	21	-132.077
45	95	-132.002
5	15	131.947
45	61	-131.923
15	99	-131.892
23	49	131.83
3	81	-131.713
15	87	-131.646
19	33	-131.62
3	25	-131.562
41	85	-131.555
43	71	-131.498
17	79	-131.456
29	85	131.366
7	21	-131.318
17	19	131.175
1	85	131.124
19	57	131.107
47	55	131.095
7	91	-131.045
45	65	130.893
19	89	-130.885
85	89	130.808
23	89	-130.802
53	87	-130.702
17	75	130.683
55	61	130.631
43	85	130.543
23	43	-130.538
1	9	130.532
43	77	-130.532
29	69	130.464
87	99	130.401
5	35	-130.311
61	77	-130.166
31	81	130.163
65	77	130.155
31	41	-130.108
69	71	-130.003
35	89	129.955
17	27	-129.759
57	89	-129.665
25	95	129.643
43	45	-129.585
33	91	129.585
67	77	-129.536
1	65	-129.507
23	69	-129.469
39	81	-129.368
15	53	129.367
49	95	-129.354
71	89	-129.268
43	59	129.174
53	59	-129.081
3	49	129.017
67	89	128.952
25	85	128.911
25	81	128.896
69	77	-128.88
21	49	-128.821
89	97	-128.679
11	87	-128.633
31	87	128.543
45	81	-128.445
79	83	-128.426
23	65	128.413
47	93	128.405
95	97	-128.273
19	45	128.187
29	55	128.179
29	99	128.06
75	99	-128.057
59	73	-128.024
39	67	-127.977
29	43	127.914
77	81	-127.67
35	55	127.63
19	77	127.621
57	81	-127.502
49	69	-127.458
1	19	-127.448
19	23	127.35
67	97	-127.224
11	67	-127.149
31	49	-127.139
77	85	-127.133
13	91	127.026
37	91	127.025
45	69	-126.957
43	97	-126.946
9	21	126.747
1	47	126.744
49	63	-126.573
43	57	-126.541
1	83	-126.534
31	77	-126.477
5	61	-126.469
63	87	126.399
17	31	-126.366
45	67	-126.364
61	97	-126.305
61	93	126.278
31	71	-126.176
27	71	-126.175
29	33	126.138
29	31	126.102
35	77	-125.937
31	45	-125.837
25	65	-125.777
45	85	-125.744
17	91	-125.734
55	95	125.627
41	99	-125.587
23	85	-125.585
43	49	-125.516
13	87	125.339
31	75	-125.325
23	31	-125.31
51	79	125.264
47	53	-125.258
5	85	-125.242
13	29	125.168
27	51	125.121
39	87	-125.109
37	57	-124.867
17	55	-124.835
57	95	-124.781
17	43	-124.771
25	49	-124.744
29	75	-124.708
41	65	124.653
41	59	-124.478
69	97	-124.433
71	85	-124.354
53	69	-124.255
19	25	-124.197
49	59	-124.137
37	49	-123.998
5	13	-123.863
17	53	123.814
47	57	-123.811
33	89	123.683
11	35	-123.681
51	81	123.597
31	57	-123.588
5	21	-123.491
59	71	-123.372
25	27	123.292
77	99	-123.271
35	45	-123.26
19	41	123.072
55	69	123.065
45	47	-123.05
5	33	-123.049
85	97	-122.961
49	55	-122.945
3	91	-122.859
75	93	-122.809
3	87	-122.807
35	39	-122.791
47	63	122.77
37	87	122.759
45	99	-122.743
65	71	122.698
53	75	122.646
35	97	-122.615
59	89	122.592
21	65	-122.552
1	51	122.548
19	87	-122.505
53	95	-122.497
31	97	-122.408
19	71	122.317
5	69	-122.277
43	87	122.204
5	95	-122.187
53	85	-122.183
27	83	-122.146
5	47	-122.053
19	21	-121.895
41	81	-121.833
3	85	-121.829
47	77	-121.784
63	75	-121.692
47	99	121.322
7	25	-121.322
39	59	-121.209
29	35	121.177
23	59	-121.07
33	87	121.014
15	79	-121.012
49	87	-120.957
15	21	-120.826
11	59	-120.793
19	85	-120.761
43	47	120.71
81	97	-120.584
61	63	120.547
57	85	-120.546
5	25	-120.501
57	69	-120.442
49	85	-120.325
29	65	-120.22
29	67	120.217
41	61	-120.128
3	59	-120.123
9	79	120.058
5	59	-120.015
57	99	-119.934
13	89	119.9
71	87	-119.879
49	93	-119.859
23	99	-119.8
1	31	119.798
13	17	-119.749
67	91	119.695
25	75	-119.656
5	83	119.595
75	83	119.594
37	45	-119.538
9	27	119.468
1	17	-119.458
91	95	119.446
71	99	-119.435
3	57	119.43
17	89	-119.403
7	73	119.401
29	37	119.309
23	61	-119.296
55	85	119.262
87	93	119.089
17	99	-119.016
17	47	-118.976
49	97	118.935
65	87	-118.913
11	57	118.888
9	81	118.676
5	81	-118.582
21	51	118.549
5	9	-118.464
19	59	-118.253
53	83	118.185
57	67	-118.048
21	81	117.913
23	81	-117.832
37	67	117.831
11	91	-117.705
9	53	-117.647
37	77	-117.606
97	99	-117.577
43	65	-117.55
39	85	-117.478
17	81	-117.347
49	99	-117.274
37	97	-117.132
49	77	116.994
19	43	-116.944
27	53	-116.885
55	59	116.874
33	49	-116.87
65	85	-116.823
19	29	-116.813
17	33	-116.808
59	77	-116.776
69	91	116.771
41	87	-116.76
69	73	-116.643
13	49	-116.535
17	83	116.504
43	61	116.472
35	91	116.443
13	57	-116.433
5	87	-116.425
23	87	-116.35
59	97	-116.189
33	93	116.022
47	97	-115.994
33	57	-115.912
21	83	-115.832
3	97	115.794
9	25	115.764
35	57	-115.7
85	91	115.575
25	79	115.571
17	51	-115.492
7	39	115.47
33	55	115.408
65	93	-115.373
35	37	115.299
37	59	115.234
3	69	-115.194
5	51	-115.157
45	59	-115.079
3	67	-115.032
7	79	-115.029
29	59	115.008
15	75	114.985
39	57	114.958
21	75	-114.952
53	81	-114.932
39	69	-114.907
19	99	-114.749
3	45	114.672
75	87	-114.619
41	47	-114.592
5	75	114.58
59	65	-114.573
81	83	-114.447
21	27	114.445
65	99	-114.418
45	49	114.408
11	29	-114.367
61	99	114.36
15	25	-114.307
13	93	114.238
33	45	-114.124
21	31	114.098
13	45	-114.058
87	89	113.891
15	27	-113.857
57	73	113.8
11	45	113.692
71	81	-113.68
73	95	-113.586
53	79	-113.552
39	91	-113.399
3	77	113.317
3	35	-113.301
1	27	113.278
73	85	-113.242
75	85	-113.156
1	75	-113.111
63	65	-113.051
19	69	-113.051
7	11	113.05
19	93	-113.048
13	59	113.023
51	75	-112.999
49	89	-112.996
1	43	112.982
5	17	112.863
33	77	-112.815
31	47	112.656
3	95	-112.655
37	89	112.614
61	71	-112.602
13	77	-112.601
13	55	112.583
39	95	-112.467
1	99	112.466
23	47	-112.451
51	53	-112.316
55	87	112.162
1	81	111.961
87	97	-111.917
11	77	111.883
17	25	-111.661
47	51	111.596
5	27	-111.424
11	69	-111.411
5	31	-111.39
29	73	-111.342
81	95	111.34
11	97	111.34
19	63	-111.253
73	91	-111.222
49	91	-111.101
31	53	-111.081
21	99	110.972
59	75	-110.899
47	49	-110.797
11	85	-110.712
33	63	110.692
19	95	-110.675
13	35	110.565
57	59	-110.545
15	73	110.463
59	91	110.454
3	29	-110.411
81	85	110.281
17	21	-110.214
3	89	-110.207
39	45	110.11
19	31	-110.043
5	99	-109.998
31	65	-109.969
65	69	-109.942
7	27	-109.9
79	95	109.816
33	59	109.752
37	55	109.696
39	97	109.666
77	87	-109.642
9	75	-109.588
79	85	109.561
13	97	-109.544
23	37	-109.539
25	51	109.534
33	97	-109.515
9	17	-109.501
61	87	109.405
27	95	109.254
47	71	-109.228
3	23	109.204
45	73	109.168
21	79	109.04
29	49	-109.039
13	63	109.001
13	67	108.987
25	83	-108.978
15	17	108.958
49	57	108.885
15	39	108.843
21	71	-108.802
11	95	-108.789
39	77	108.664
37	93	108.659
31	61	108.614
1	79	108.536
37	41	-108.501
29	39	-108.487
69	81	108.458
69	75	-108.382
45	87	-108.276
15	81	-108.185
37	85	108.155
5	43	-108.147
7	75	108.118
27	85	108.089
25	71	-108.075
5	71	108.041
65	95	-108.021
51	61	107.971
65	83	107.923
69	79	107.898
21	43	107.808
3	55	-107.681
75	95	-107.673
73	77	107.565
9	47	107.501
25	31	107.497
49	81	-107.356
1	71	-107.349
33	35	107.289
9	73	-107.234
5	63	-107.192
19	83	107.18
5	79	-107.157
37	69	107.138
1	63	107.061
23	33	-107.029
33	41	-106.945
87	91	106.943
7	37	-106.81
3	41	106.761
27	69	106.69
33	43	106.613
73	97	106.611
11	89	-106.579
33	71	-106.545
13	23	-106.441
43	53	-106.349
33	99	106.256
3	7	106.243
11	15	106.22
13	41	-106.175
47	87	106.13
33	67	106.102
49	61	-105.997
29	87	105.976
47	83	-105.935
61	83	-105.934
7	81	-105.918
67	79	105.853
5	93	-105.687
53	99	-105.639
17	85	-105.574
57	87	-105.537
13	71	-105.535
51	65	-105.489
5	89	-105.426
19	51	-105.234
73	83	105.146
11	23	104.963
37	95	104.933
37	63	104.864
25	99	104.804
3	71	104.803
53	71	104.76
1	41	-104.752
25	29	104.712
3	93	-104.678
11	93	-104.672
9	39	-104.666
21	63	104.561
15	65	104.493
1	55	104.474
35	79	104.429
25	91	104.412
11	55	-104.406
13	43	104.385
21	23	-104.349
11	41	104.289
19	49	104.263
49	65	104.232
37	71	-104.205
15	19	104.186
9	61	104.182
7	17	104.128
59	79	104.121
23	39	104.118
13	99	104.091
23	25	-104.089
39	89	-104.069
31	73	-103.889
79	87	103.88
9	19	-103.86
53	57	103.833
13	69	103.713
3	99	-103.627
17	95	-103.559
5	41	103.536
9	65	-103.504
51	73	-103.448
27	67	103.447
39	83	103.391
73	89	-103.332
19	35	-103.322
5	29	-103.306
9	11	-103.19
27	35	103.185
25	43	103.096
21	41	-103.029
35	81	103.001
15	47	-102.992
1	23	-102.977
5	23	102.961
59	61	102.954
5	55	-102.945
25	57	-102.942
39	41	102.92
61	67	102.886
1	93	102.88
25	97	-102.83
47	95	102.816
3	15	102.718
33	51	102.709
3	9	-102.693
17	69	-102.686
73	93	-102.656
35	61	102.601
3	63	-102.559
15	33	-102.525
53	63	-102.523
11	83	102.436
39	55	-102.428
15	37	-102.422
17	87	-102.323
41	53	102.319
1	89	102.292
31	33	102.265
33	69	102.241
13	95	102.235
47	85	102.206
35	65	-102.191
7	13	-102.158
21	55	102.145
39	93	-102.009
1	57	-102.004
21	97	-102.002
13	15	-101.977
39	51	-101.944
11	63	-101.919
23	73	101.885
37	43	101.876
21	29	101.81
67	81	101.798
25	41	-101.781
13	51	101.773
23	53	101.75
41	73	101.742
21	93	101.74
59	81	101.712
55	73	-101.703
25	55	101.686
13	85	101.674
35	75	-101.628
53	55	-101.601
15	61	-101.579
17	49	101.573
45	53	101.556
53	97	101.547
31	39	-101.545
17	59	-101.524
47	69	101.503
7	33	-101.478
3	43	-101.406
39	71	101.401
27	59	101.399
53	91	-101.379
25	45	-101.374
3	51	-101.373
49	79	-101.361
21	91	101.354
67	75	-101.328
33	95	101.324
11	71	101.323
11	31	-101.303
29	53	-101.232
47	59	101.197
53	77	101.158
43	73	-101.158
1	29	101.155
1	77	-101.14
1	45	-101.106
33	83	-101.077
9	33	101.066
7	65	101.054
25	63	101.039
17	67	-101.033
37	83	-101.031
25	77	-101.016
35	47	101.01
13	31	100.996
27	49	-100.984
11	51	-100.955
37	99	100.954
73	99	-100.949
63	73	-100.936
21	57	-100.933
33	85	100.869
39	99	-100.855
61	85	100.821
9	13	100.808
7	19	100.8
21	89	100.787
7	47	-100.778
27	87	100.74
19	67	-100.726
49	75	100.698
65	67	-100.684
1	91	100.68
9	37	100.648
3	31	-100.59
53	93	-100.579
1	97	-100.567
7	61	-100.562
5	91	-100.538
25	93	100.537
11	43	-100.491
5	97	100.49
5	57	100.46
39	63	-100.426
13	83	-100.42
3	83	100.419
47	67	100.404
31	37	100.306
81	87	100.29
53	89	-100.248
61	95	100.226
21	77	-100.214
21	45	-100.172
5	77	100.139
25	89	100.128
17	35	-100.122
37	51	100.113
71	73	100.09
39	43	-100.056
11	99	-100.021
61	69	100.02
5	45	100.01
34	35	20
74	75	20
16	17	20
96	97	20
76	77	20
78	79	20
84	85	20
80	81	20
94	95	20
54	55	20
82	83	20
92	93	20
36	37	20
90	91	20
88	89	20
86	87	20
56	57	20
66	67	20
52	53	20
24	25	20
44	45	20
28	29	20
48	49	20
30	31	20
68	69	20
26	27	20
64	65	20
62	63	20
42	43	20
40	41	20
22	23	20
18	19	20
70	71	20
32	33	20
72	73	20
46	47	20
60	61	20
50	51	20
14	15	20
58	59	20
20	21	20
38	39	20
0	1	20
98	99	20
12	13	20
6	7	20
2	3	20
10	11	20
4	5	20
8	9	20
45	76	19.9827
44	77	19.9827
69	94	19.9478
68	95	19.9478
18	65	19.9477
19	64	19.9477
12	33	19.9354
13	32	19.9354
8	51	19.8835
9	50	19.8835
44	57	19.881
45	56	19.881
63	92	19.8574
62	93	19.8574
10	37	-19.8566
11	36	-19.8566
23	40	19.8491
22	41	19.8491
11	72	19.819
10	73	19.819
31	42	19.8092
30	43	19.8092
69	84	19.7869
68	85	19.7869
56	77	19.7845
57	76	19.7845
21	24	19.7733
20	25	19.7733
23	70	19.762
22	71	19.762
76	97	19.7551
77	96	19.7551
23	96	19.7342
22	97	19.7342
85	94	19.7041
84	95	19.7041
45	96	19.6985
44	97	19.6985
59	86	19.6709
58	87	19.6709
7	14	19.6589
6	15	19.6589
15	82	19.6512
14	83	19.6512
30	99	19.6029
31	98	19.6029
2	39	19.5907
3	38	19.5907
56	97	19.5615
57	96	19.5615
40	97	19.5581
41	96	19.5581
40	77	19.556
41	76	19.556
59	68	19.5545
58	69	19.5545
41	70	19.5296
40	71	19.5296
43	98	19.5222
42	99	19.5222
26	79	19.5134
27	78	19.5134
10	39	19.4956
11	38	19.4956
46	81	19.4491
47	80	19.4491
34	67	19.4459
35	66	19.4459
36	73	-19.4223
37	72	-19.4223
54	91	19.4121
55	90	19.4121
6	67	-19.3964
7	66	-19.3964
32	47	19.3921
33	46	19.3921
64	75	19.3859
65	74	19.3859
22	77	19.3779
23	76	19.3779
28	93	19.3777
29	92	19.3777
40	45	19.3704
41	44	19.3704
6	83	19.3602
7	82	19.3602
43	54	19.3313
42	55	19.3313
36	39	-19.3231
37	38	-19.3231
51	62	19.3075
50	63	19.3075
18	75	19.2972
19	74	19.2972
58	85	19.269
59	84	19.269
58	95	19.2233
59	94	19.2233
22	45	19.196
23	44	19.196
42	89	19.1634
43	88	19.1634
38	53	19.1592
39	52	19.1592
74	79	-19.1578
75	78	-19.1578
78	91	19.1489
79	90	19.1489
9	94	19.1365
8	95	19.1365
13	46	19.1328
12	47	19.1328
55	88	19.1309
54	89	19.1309
27	80	19.106
26	81	19.106
88	99	19.0547
89	98	19.0547
70	97	19.0446
71	96	19.0446
39	72	19.0265
38	73	19.0265
28	45	-18.9935
29	44	-18.9935
34	69	18.9603
35	68	18.9603
4	53	18.9457
5	52	18.9457
88	91	18.9426
89	90	18.9426
35	94	18.9365
34	95	18.9365
3	36	-18.9357
2	37	-18.9357
28	57	-18.9226
29	56	-18.9226
1	52	-18.9096
0	53	-18.9096
47	60	18.905
46	61	18.905
28	77	-18.8514
29	76	-18.8514
1	72	-18.8445
0	73	-18.8445
34	59	18.8362
35	58	18.8362
27	60	18.8294
26	61	18.8294
41	56	18.8153
40	57	18.8153
77	92	-18.7675
76	93	-18.7675
22	57	18.7651
23	56	18.7651
40	83	18.7598
41	82	18.7598
50	83	-18.7431
51	82	-18.7431
9	68	18.734
8	69	18.734
44	93	-18.7318
45	92	-18.7318
2	11	18.7228
3	10	18.7228
29	62	18.7024
28	63	18.7024
70	83	18.6682
71	82	18.6682
8	63	18.6675
9	62	18.6675
50	93	18.6437
51	92	18.6437
8	35	18.6145
9	34	18.6145
50	95	18.6018
51	94	18.6018
41	62	-18.5868
40	63	-18.5868
36	61	18.5528
37	60	18.5528
31	54	18.5403
30	55	18.5403
3	64	18.5313
2	65	18.5313
63	76	-18.5294
62	77	-18.5294
9	82	-18.5273
8	83	-18.5273
68	87	18.5262
69	86	18.5262
53	72	18.524
52	73	18.524
12	61	18.5154
13	60	18.5154
3	18	18.5021
2	19	18.5021
71	76	18.4909
70	77	18.4909
11	52	18.4479
10	53	18.4479
30	89	18.4449
31	88	18.4449
44	63	-18.4071
45	62	-18.4071
15	70	18.3948
14	71	18.3948
40	93	-18.3846
41	92	-18.3846
32	61	18.3487
33	60	18.3487
26	47	18.3464
27	46	18.3464
62	83	-18.3208
63	82	-18.3208
7	8	-18.3022
6	9	-18.3022
14	67	-18.2704
15	66	-18.2704
7	34	-18.2566
6	35	-18.2566
26	91	18.2481
27	90	18.2481
22	83	18.2376
23	82	18.2376
60	81	18.2181
61	80	18.2181
45	70	18.2167
44	71	18.2167
56	93	-18.1952
57	92	-18.1952
84	87	18.1901
85	86	18.1901
55	98	18.1326
54	99	18.1326
8	67	18.1274
9	66	18.1274
35	86	18.126
34	87	18.126
50	69	18.0942
51	68	18.0942
8	85	18.0931
9	84	18.0931
0	11	-18.0693
1	10	-18.0693
21	86	18.0616
20	87	18.0616
6	51	-18.0586
7	50	-18.0586
86	95	18.0085
87	94	18.0085
3	52	17.9607
2	53	17.9607
43	90	17.9511
42	91	17.9511
34	85	17.9486
35	84	17.9486
65	78	-17.9237
64	79	-17.9237
27	74	-17.9009
26	75	-17.9009
66	83	-17.892
67	82	-17.892
10	61	-17.8738
11	60	-17.8738
37	64	-17.8708
36	65	-17.8708
13	24	17.8687
12	25	17.8687
9	92	17.8447
8	93	17.8447
32	81	17.8399
33	80	17.8399
2	73	17.8351
3	72	17.8351
74	91	-17.8301
75	90	-17.8301
61	78	17.8274
60	79	17.8274
14	41	17.8208
15	40	17.8208
34	51	17.8188
35	50	17.8188
16	57	17.8053
17	56	17.8053
5	38	17.777
4	39	17.777
0	21	17.776
1	20	17.776
4	49	17.7737
5	48	17.7737
28	97	-17.7594
29	96	-17.7594
36	53	-17.695
37	52	-17.695
57	62	-17.6889
56	63	-17.6889
6	49	17.6761
7	48	17.6761
92	97	-17.675
93	96	-17.675
23	62	-17.6714
22	63	-17.6714
29	40	-17.6573
28	41	-17.6573
0	39	-17.6557
1	38	-17.6557
56	71	17.6144
57	70	17.6144
14	49	17.5998
15	48	17.5998
79	80	17.5877
78	81	17.5877
15	50	-17.5574
14	51	-17.5574
18	79	-17.5473
19	78	-17.5473
63	96	-17.5415
62	97	-17.5415
50	85	17.5351
51	84	17.5351
8	15	-17.5155
9	14	-17.5155
14	23	17.5021
15	22	17.5021
22	93	-17.5
23	92	-17.5
83	92	-17.4963
82	93	-17.4963
50	67	17.4691
51	66	17.4691
19	36	-17.4673
18	37	-17.4673
66	95	17.4594
67	94	17.4594
41	50	-17.4182
40	51	-17.4182
13	80	17.4091
12	81	17.4091
24	33	17.3964
25	32	17.3964
61	72	-17.3735
60	73	-17.3735
54	79	17.359
55	78	17.359
78	89	17.3588
79	88	17.3588
60	65	-17.3495
61	64	-17.3495
67	68	17.3346
66	69	17.3346
9	58	17.3263
8	59	17.3263
77	82	17.2918
76	83	17.2918
48	67	-17.2752
49	66	-17.2752
27	88	17.2208
26	89	17.2208
38	65	17.2207
39	64	17.2207
24	73	-17.1553
25	72	-17.1553
82	97	17.1155
83	96	17.1155
3	4	17.1127
2	5	17.1127
20	73	-17.1024
21	72	-17.1024
0	25	17.0964
1	24	17.0964
12	73	-17.0783
13	72	-17.0783
1	36	17.0599
0	37	17.0599
62	71	-17.0549
63	70	-17.0549
19	38	17.05
18	39	17.05
7	70	17.0227
6	71	17.0227
24	87	17.0204
25	86	17.0204
59	66	17.016
58	67	17.016
26	65	-17.0121
27	64	-17.0121
23	28	-16.9974
22	29	-16.9974
61	74	-16.9799
60	75	-16.9799
10	65	16.9635
11	64	16.9635
1	66	16.9487
0	67	16.9487
44	83	16.9375
45	82	16.9375
34	83	-16.9293
35	82	-16.9293
48	53	16.9279
49	52	16.9279
12	37	16.8833
13	36	16.8833
17	44	16.8595
16	45	16.8595
91	98	16.8504
90	99	16.8504
14	63	-16.8
15	62	-16.8
15	34	-16.7888
14	35	-16.7888
80	89	16.7675
81	88	16.7675
31	90	16.7627
30	91	16.7627
10	13	-16.754
11	12	-16.754
18	61	-16.7223
19	60	-16.7223
7	40	16.7177
6	41	16.7177
20	59	16.7159
21	58	16.7159
63	94	16.6804
62	95	16.6804
8	41	-16.6701
9	40	-16.6701
12	21	16.6601
13	20	16.6601
70	93	-16.6537
71	92	-16.6537
50	77	-16.6505
51	76	-16.6505
7	62	-16.6258
6	63	-16.6258
11	18	16.5822
10	19	16.5822
46	79	16.5752
47	78	16.5752
29	50	16.5656
28	51	16.5656
26	33	16.5587
27	32	16.5587
6	95	-16.5514
7	94	-16.5514
81	90	16.5198
80	91	16.5198
1	4	-16.5087
0	5	-16.5087
16	77	16.5071
17	76	16.5071
17	28	-16.4973
16	29	-16.4973
18	27	-16.4635
19	26	-16.4635
17	96	16.4573
16	97	16.4573
38	61	-16.4547
39	60	-16.4547
51	58	16.445
50	59	16.445
1	34	16.4355
0	35	16.4355
2	75	16.4252
3	74	16.4252
2	61	-16.4182
3	60	-16.4182
44	51	-16.4091
45	50	-16.4091
23	50	-16.4089
22	51	-16.4089
32	73	-16.4019
33	72	-16.4019
12	27	16.3866
13	26	16.3866
33	36	16.3136
32	37	16.3136
66	87	16.2946
67	86	16.2946
27	54	16.2891
26	55	16.2891
50	71	-16.266
51	70	-16.266
6	69	-16.1976
7	68	-16.1976
0	49	-16.1843
1	48	-16.1843
82	95	-16.18
83	94	-16.18
7	22	16.1531
6	23	16.1531
4	11	16.1521
5	10	16.1521
36	75	-16.1456
37	74	-16.1456
11	24	-16.129
10	25	-16.129
10	33	-16.1206
11	32	-16.1206
21	34	16.0999
20	35	16.0999
20	33	16.0827
21	32	16.0827
14	97	16.0773
15	96	16.0773
66	85	16.0705
67	84	16.0705
36	47	16.0584
37	46	16.0584
62	69	16.026
63	68	16.026
48	83	16.0038
49	82	16.0038
26	37	15.9853
27	36	15.9853
10	21	-15.9765
11	20	-15.9765
15	76	15.9655
14	77	15.9655
5	72	15.9342
4	73	15.9342
56	83	15.9307
57	82	15.9307
54	75	-15.8953
55	74	-15.8953
0	3	-15.8825
1	2	-15.8825
14	93	-15.8666
15	92	-15.8666
92	95	15.8549
93	94	15.8549
28	71	-15.8056
29	70	-15.8056
8	87	15.7995
9	86	15.7995
51	96	-15.782
50	97	-15.782
64	73	15.7769
65	72	15.7769
62	85	15.7218
63	84	15.7218
64	91	-15.713
65	90	-15.713
9	76	-15.7109
8	77	-15.7109
9	70	-15.7008
8	71	-15.7008
8	23	-15.6795
9	22	-15.6795
68	83	-15.6687
69	82	-15.6687
29	82	-15.5812
28	83	-15.5812
24	37	15.5754
25	36	15.5754
15	44	15.5716
14	45	15.5716
9	28	15.5565
8	29	15.5565
1	86	15.5527
0	87	15.5527
7	92	-15.5452
6	93	-15.5452
5	36	-15.5382
4	37	-15.5382
11	46	-15.4955
10	47	-15.4955
36	79	15.4855
37	78	15.4855
18	91	-15.4641
19	90	-15.4641
50	57	-15.4564
51	56	-15.4564
9	44	-15.4456
8	45	-15.4456
25	58	15.4327
24	59	15.4327
35	62	15.4014
34	63	15.4014
19	72	15.3829
18	73	15.3829
42	79	15.3659
43	78	15.3659
7	58	-15.3613
6	59	-15.3613
47	72	-15.3342
46	73	-15.3342
60	91	15.3021
61	90	15.3021
63	66	15.2858
62	67	15.2858
52	67	-15.2755
53	66	-15.2755
15	94	-15.2452
14	95	-15.2452
21	36	15.2432
20	37	15.2432
75	80	-15.2293
74	81	-15.2293
69	92	15.1887
68	93	15.1887
21	66	15.1844
20	67	15.1844
35	48	-15.1837
34	49	-15.1837
25	60	15.1521
24	61	15.1521
74	89	-15.1473
75	88	-15.1473
25	46	15.1119
24	47	15.1119
85	92	15.0636
84	93	15.0636
11	74	15.0289
10	75	15.0289
0	59	15.0089
1	58	15.0089
0	7	-14.9915
1	6	-14.9915
7	84	-14.9776
6	85	-14.9776
21	52	-14.9402
20	53	-14.9402
39	74	14.933
38	75	14.933
55	80	14.9311
54	81	14.9311
9	96	-14.9296
8	97	-14.9296
11	26	-14.9276
10	27	-14.9276
17	22	14.9034
16	23	14.9034
1	12	14.8916
0	13	14.8916
7	76	14.8784
6	77	14.8784
37	80	14.8504
36	81	14.8504
50	87	14.8437
51	86	14.8437
47	90	14.8416
46	91	14.8416
20	69	14.8374
21	68	14.8374
9	98	14.8324
8	99	14.8324
15	68	-14.8277
14	69	-14.8277
33	78	14.8135
32	79	14.8135
67	70	-14.7891
66	71	-14.7891
13	38	-14.7759
12	39	-14.7759
6	97	14.7459
7	96	14.7459
3	78	-14.7425
2	79	-14.7425
55	82	-14.7377
54	83	-14.7377
12	79	14.7245
13	78	14.7245
83	84	-14.6844
82	85	-14.6844
26	43	14.6832
27	42	14.6832
46	75	-14.6821
47	74	-14.6821
51	88	14.6804
50	89	14.6804
94	99	14.6786
95	98	14.6786
25	34	14.6706
24	35	14.6706
50	99	14.6612
51	98	14.6612
31	66	14.6519
30	67	14.6519
16	41	14.6358
17	40	14.6358
8	31	14.6226
9	30	14.6226
8	43	14.6076
9	42	14.6076
40	91	-14.598
41	90	-14.598
40	67	-14.5971
41	66	-14.5971
31	34	14.5871
30	35	14.5871
63	88	14.5868
62	89	14.5868
7	30	-14.5847
6	31	-14.5847
15	56	14.5788
14	57	14.5788
6	43	-14.5769
7	42	-14.5769
65	80	-14.5666
64	81	-14.5666
43	82	-14.5575
42	83	-14.5575
47	88	14.5528
46	89	14.5528
3	26	-14.5501
2	27	-14.5501
42	51	14.544
43	50	14.544
78	99	14.5299
79	98	14.5299
68	99	14.5251
69	98	14.5251
9	88	14.4997
8	89	14.4997
6	45	14.4973
7	44	14.4973
15	54	-14.4969
14	55	-14.4969
47	64	-14.4895
46	65	-14.4895
49	70	14.4809
48	71	14.4809
77	78	-14.4802
76	79	-14.4802
44	79	-14.4788
45	78	-14.4788
8	57	-14.4777
9	56	-14.4777
20	39	-14.4679
21	38	-14.4679
25	52	-14.4582
24	53	-14.4582
16	93	-14.4514
17	92	-14.4514
53	64	14.445
52	65	14.445
6	87	-14.4344
7	86	-14.4344
30	51	14.4295
31	50	14.4295
58	83	-14.4227
59	82	-14.4227
22	91	-14.4224
23	90	-14.4224
57	78	-14.4076
56	79	-14.4076
27	28	14.3996
26	29	14.3996
34	99	14.3917
35	98	14.3917
79	96	-14.3766
78	97	-14.3766
25	38	-14.3499
24	39	-14.3499
88	93	14.3499
89	92	14.3499
10	79	-14.3309
11	78	-14.3309
41	54	-14.3285
40	55	-14.3285
18	53	14.3226
19	52	14.3226
77	90	-14.3142
76	91	-14.3142
34	93	14.3055
35	92	14.3055
26	99	14.2946
27	98	14.2946
70	91	-14.2874
71	90	-14.2874
15	42	-14.2857
14	43	-14.2857
5	66	-14.2849
4	67	-14.2849
42	67	14.2717
43	66	14.2717
21	94	14.2684
20	95	14.2684
52	61	-14.2557
53	60	-14.2557
30	83	-14.2546
31	82	-14.2546
54	71	-14.2328
55	70	-14.2328
7	54	-14.223
6	55	-14.223
90	97	-14.2226
91	96	-14.2226
81	98	14.2219
80	99	14.2219
45	90	-14.2145
44	91	-14.2145
85	98	14.2119
84	99	14.2119
75	96	14.2108
74	97	14.2108
34	53	-14.2105
35	52	-14.2105
32	39	-14.2094
33	38	-14.2094
39	48	14.2066
38	49	14.2066
41	78	-14.2009
40	79	-14.2009
0	33	14.2006
1	32	14.2006
82	91	-14.1777
83	90	-14.1777
0	61	14.157
1	60	14.157
26	45	-14.1561
27	44	-14.1561
26	73	-14.1464
27	72	-14.1464
40	95	-14.1463
41	94	-14.1463
20	61	14.1447
21	60	14.1447
66	93	14.1441
67	92	14.1441
23	78	-14.1384
22	79	-14.1384
58	63	14.1315
59	62	14.1315
8	49	-14.124
9	48	-14.124
27	56	-14.1201
26	57	-14.1201
21	84	14.103
20	85	14.103
31	94	14.102
30	95	14.102
22	55	-14.096
23	54	-14.096
26	77	-14.0939
27	76	-14.0939
28	81	14.0922
29	80	14.0922
63	90	14.0917
62	91	14.0917
35	42	14.0812
34	43	14.0812
27	92	14.0804
26	93	14.0804
82	89	-14.0755
83	88	-14.0755
11	80	-14.0655
10	81	-14.0655
14	31	-14.0569
15	30	-14.0569
30	79	14.0509
31	78	14.0509
12	65	-14.0441
13	64	-14.0441
17	36	-14.0397
16	37	-14.0397
43	80	14.0271
42	81	14.0271
19	80	-13.9977
18	81	-13.9977
14	29	-13.99
15	28	-13.99
50	55	13.9877
51	54	13.9877
1	68	13.9741
0	69	13.9741
42	63	13.9724
43	62	13.9724
67	98	13.9687
66	99	13.9687
22	67	-13.9567
23	66	-13.9567
31	68	13.955
30	69	13.955
15	58	-13.9411
14	59	-13.9411
2	13	-13.9342
3	12	-13.9342
23	74	13.9321
22	75	13.9321
91	92	13.9223
90	93	13.9223
61	88	13.9175
60	89	13.9175
56	91	-13.9172
57	90	-13.9172
55	62	13.9121
54	63	13.9121
7	52	13.9098
6	53	13.9098
38	47	-13.9076
39	46	-13.9076
35	40	-13.9032
34	41	-13.9032
73	74	13.9021
72	75	13.9021
62	99	13.8918
63	98	13.8918
24	67	13.8849
25	66	13.8849
26	39	-13.8773
27	38	-13.8773
56	75	13.8759
57	74	13.8759
59	98	13.8694
58	99	13.8694
19	46	-13.8642
18	47	-13.8642
28	79	13.8461
29	78	13.8461
9	54	13.8211
8	55	13.8211
49	50	-13.8178
48	51	-13.8178
7	98	-13.8003
6	99	-13.8003
81	92	13.7972
80	93	13.7972
10	17	13.7959
11	16	13.7959
75	76	13.7948
74	77	13.7948
13	52	-13.7942
12	53	-13.7942
45	74	13.7883
44	75	13.7883
42	95	13.785
43	94	13.785
20	47	13.7807
21	46	13.7807
48	73	13.7729
49	72	13.7729
78	93	13.7572
79	92	13.7572
35	70	-13.7526
34	71	-13.7526
54	77	-13.7467
55	76	-13.7467
26	63	13.739
27	62	13.739
15	84	-13.7263
14	85	-13.7263
12	75	-13.7224
13	74	-13.7224
32	65	-13.7173
33	64	-13.7173
73	86	-13.7157
72	87	-13.7157
5	6	13.7122
4	7	13.7122
29	60	13.694
28	61	13.694
83	98	-13.6858
82	99	-13.6858
1	94	13.6779
0	95	13.6779
55	96	-13.6695
54	97	-13.6695
31	62	13.6625
30	63	13.6625
38	79	-13.6594
39	78	-13.6594
2	47	-13.6581
3	46	-13.6581
43	74	-13.6427
42	75	-13.6427
28	95	13.6415
29	94	13.6415
71	78	-13.6364
70	79	-13.6364
66	73	-13.6338
67	72	-13.6338
40	89	-13.6315
41	88	-13.6315
40	69	-13.6304
41	68	-13.6304
72	81	-13.6288
73	80	-13.6288
26	97	-13.6269
27	96	-13.6269
29	46	13.6225
28	47	13.6225
15	90	-13.6223
14	91	-13.6223
45	54	-13.613
44	55	-13.613
51	90	13.6109
50	91	13.6109
0	15	-13.6039
1	14	-13.6039
62	79	13.6025
63	78	13.6025
89	94	13.5971
88	95	13.5971
41	74	13.5953
40	75	13.5953
28	89	13.5897
29	88	13.5897
33	74	-13.5877
32	75	-13.5877
16	61	-13.5711
17	60	-13.5711
17	62	-13.568
16	63	-13.568
42	69	13.5655
43	68	13.5655
54	65	-13.5625
55	64	-13.5625
17	70	13.5624
16	71	13.5624
43	92	13.5543
42	93	13.5543
93	98	13.5494
92	99	13.5494
55	92	13.5407
54	93	13.5407
71	74	13.5269
70	75	13.5269
5	18	13.5121
4	19	13.5121
40	43	-13.5111
41	42	-13.5111
24	69	13.5063
25	68	13.5063
26	41	-13.5036
27	40	-13.5036
56	61	-13.4977
57	60	-13.4977
7	56	13.4909
6	57	13.4909
31	58	13.4871
30	59	13.4871
12	19	-13.4856
13	18	-13.4856
17	38	13.4715
16	39	13.4715
7	88	-13.4685
6	89	-13.4685
2	33	-13.462
3	32	-13.462
26	31	13.4489
27	30	13.4489
4	65	13.4446
5	64	13.4446
29	90	13.4302
28	91	13.4302
18	55	-13.4235
19	54	-13.4235
64	97	13.4225
65	96	13.4225
77	88	-13.4199
76	89	-13.4199
17	64	13.4183
16	65	13.4183
16	73	13.4088
17	72	13.4088
76	95	-13.4015
77	94	-13.4015
56	65	13.4001
57	64	13.4001
2	17	13.3873
3	16	13.3873
30	85	13.3843
31	84	13.3843
6	29	-13.383
7	28	-13.383
73	78	-13.3816
72	79	-13.3816
63	80	13.3777
62	81	13.3777
15	88	-13.3701
14	89	-13.3701
71	94	-13.3638
70	95	-13.3638
22	95	-13.3534
23	94	-13.3534
83	86	-13.3424
82	87	-13.3424
44	89	-13.3423
45	88	-13.3423
35	72	-13.3252
34	73	-13.3252
41	48	13.3031
40	49	13.3031
65	88	-13.295
64	89	-13.295
58	93	13.2927
59	92	13.2927
10	49	13.287
11	48	13.287
32	53	-13.2797
33	52	-13.2797
69	88	13.2731
68	89	13.2731
55	56	-13.2717
54	57	-13.2717
54	67	13.268
55	66	13.268
18	97	13.2573
19	96	13.2573
30	93	13.2546
31	92	13.2546
22	27	-13.2379
23	26	-13.2379
8	91	13.2321
9	90	13.2321
22	35	-13.2173
23	34	-13.2173
2	21	-13.2077
3	20	-13.2077
45	94	-13.2002
44	95	-13.2002
4	15	13.1947
5	14	13.1947
45	60	-13.1923
44	61	-13.1923
15	98	-13.1892
14	99	-13.1892
22	49	13.183
23	48	13.183
3	80	-13.1713
2	81	-13.1713
15	86	-13.1646
14	87	-13.1646
18	33	-13.162
19	32	-13.162
3	24	-13.1562
2	25	-13.1562
41	84	-13.1555
40	85	-13.1555
42	71	-13.1498
43	70	-13.1498
17	78	-13.1456
16	79	-13.1456
29	84	13.1366
28	85	13.1366
6	21	-13.1318
7	20	-13.1318
17	18	13.1175
16	19	13.1175
1	84	13.1124
0	85	13.1124
18	57	13.1107
19	56	13.1107
47	54	13.1095
46	55	13.1095
7	90	-13.1045
6	91	-13.1045
44	65	13.0893
45	64	13.0893
19	88	-13.0885
18	89	-13.0885
84	89	13.0808
85	88	13.0808
22	89	-13.0802
23	88	-13.0802
53	86	-13.0702
52	87	-13.0702
16	75	13.0683
17	74	13.0683
54	61	13.0631
55	60	13.0631
42	85	13.0543
43	84	13.0543
22	43	-13.0538
23	42	-13.0538
1	8	13.0532
0	9	13.0532
42	77	-13.0532
43	76	-13.0532
28	69	13.0464
29	68	13.0464
87	98	13.0401
86	99	13.0401
4	35	-13.0311
5	34	-13.0311
61	76	-13.0166
60	77	-13.0166
30	81	13.0163
31	80	13.0163
64	77	13.0155
65	76	13.0155
30	41	-13.0108
31	40	-13.0108
69	70	-13.0003
68	71	-13.0003
35	88	12.9955
34	89	12.9955
16	27	-12.9759
17	26	-12.9759
57	88	-12.9665
56	89	-12.9665
24	95	12.9643
25	94	12.9643
43	44	-12.9585
42	45	-12.9585
33	90	12.9585
32	91	12.9585
67	76	-12.9536
66	77	-12.9536
0	65	-12.9507
1	64	-12.9507
22	69	-12.9469
23	68	-12.9469
39	80	-12.9368
38	81	-12.9368
15	52	12.9367
14	53	12.9367
49	94	-12.9354
48	95	-12.9354
71	88	-12.9268
70	89	-12.9268
42	59	12.9174
43	58	12.9174
53	58	-12.9081
52	59	-12.9081
2	49	12.9017
3	48	12.9017
66	89	12.8952
67	88	12.8952
25	84	12.8911
24	85	12.8911
25	80	12.8896
24	81	12.8896
69	76	-12.888
68	77	-12.888
20	49	-12.8821
21	48	-12.8821
89	96	-12.8679
88	97	-12.8679
10	87	-12.8633
11	86	-12.8633
31	86	12.8543
30	87	12.8543
44	81	-12.8445
45	80	-12.8445
79	82	-12.8426
78	83	-12.8426
22	65	12.8413
23	64	12.8413
47	92	12.8405
46	93	12.8405
94	97	-12.8273
95	96	-12.8273
19	44	12.8187
18	45	12.8187
28	55	12.8179
29	54	12.8179
28	99	12.806
29	98	12.806
75	98	-12.8057
74	99	-12.8057
59	72	-12.8024
58	73	-12.8024
38	67	-12.7977
39	66	-12.7977
28	43	12.7914
29	42	12.7914
77	80	-12.767
76	81	-12.767
35	54	12.763
34	55	12.763
19	76	12.7621
18	77	12.7621
57	80	-12.7502
56	81	-12.7502
49	68	-12.7458
48	69	-12.7458
0	19	-12.7448
1	18	-12.7448
19	22	12.735
18	23	12.735
66	97	-12.7224
67	96	-12.7224
10	67	-12.7149
11	66	-12.7149
31	48	-12.7139
30	49	-12.7139
77	84	-12.7133
76	85	-12.7133
12	91	12.7026
13	90	12.7026
36	91	12.7025
37	90	12.7025
44	69	-12.6957
45	68	-12.6957
42	97	-12.6946
43	96	-12.6946
8	21	12.6747
9	20	12.6747
0	47	12.6744
1	46	12.6744
49	62	-12.6573
48	63	-12.6573
43	56	-12.6541
42	57	-12.6541
1	82	-12.6534
0	83	-12.6534
31	76	-12.6477
30	77	-12.6477
4	61	-12.6469
5	60	-12.6469
62	87	12.6399
63	86	12.6399
17	30	-12.6366
16	31	-12.6366
45	66	-12.6364
44	67	-12.6364
61	96	-12.6305
60	97	-12.6305
60	93	12.6278
61	92	12.6278
31	70	-12.6176
30	71	-12.6176
27	70	-12.6175
26	71	-12.6175
28	33	12.6138
29	32	12.6138
29	30	12.6102
28	31	12.6102
35	76	-12.5937
34	77	-12.5937
30	45	-12.5837
31	44	-12.5837
25	64	-12.5777
24	65	-12.5777
44	85	-12.5744
45	84	-12.5744
16	91	-12.5734
17	90	-12.5734
55	94	12.5627
54	95	12.5627
40	99	-12.5587
41	98	-12.5587
22	85	-12.5585
23	84	-12.5585
42	49	-12.5516
43	48	-12.5516
12	87	12.5339
13	86	12.5339
31	74	-12.5325
30	75	-12.5325
23	30	-12.531
22	31	-12.531
50	79	12.5264
51	78	12.5264
47	52	-12.5258
46	53	-12.5258
5	84	-12.5242
4	85	-12.5242
13	28	12.5168
12	29	12.5168
26	51	12.5121
27	50	12.5121
38	87	-12.5109
39	86	-12.5109
36	57	-12.4867
37	56	-12.4867
17	54	-12.4835
16	55	-12.4835
56	95	-12.4781
57	94	-12.4781
17	42	-12.4771
16	43	-12.4771
24	49	-12.4744
25	48	-12.4744
29	74	-12.4708
28	75	-12.4708
40	65	12.4653
41	64	12.4653
41	58	-12.4478
40	59	-12.4478
68	97	-12.4433
69	96	-12.4433
71	84	-12.4354
70	85	-12.4354
53	68	-12.4255
52	69	-12.4255
19	24	-12.4197
18	25	-12.4197
48	59	-12.4137
49	58	-12.4137
36	49	-12.3998
37	48	-12.3998
5	12	-12.3863
4	13	-12.3863
16	53	12.3814
17	52	12.3814
47	56	-12.3811
46	57	-12.3811
32	89	12.3683
33	88	12.3683
11	34	-12.3681
10	35	-12.3681
50	81	12.3597
51	80	12.3597
31	56	-12.3588
30	57	-12.3588
4	21	-12.3491
5	20	-12.3491
59	70	-12.3372
58	71	-12.3372
24	27	12.3292
25	26	12.3292
76	99	-12.3271
77	98	-12.3271
34	45	-12.326
35	44	-12.326
19	40	12.3072
18	41	12.3072
54	69	12.3065
55	68	12.3065
45	46	-12.305
44	47	-12.305
5	32	-12.3049
4	33	-12.3049
84	97	-12.2961
85	96	-12.2961
48	55	-12.2945
49	54	-12.2945
2	91	-12.2859
3	90	-12.2859
75	92	-12.2809
74	93	-12.2809
3	86	-12.2807
2	87	-12.2807
35	38	-12.2791
34	39	-12.2791
47	62	12.277
46	63	12.277
37	86	12.2759
36	87	12.2759
45	98	-12.2743
44	99	-12.2743
65	70	12.2698
64	71	12.2698
52	75	12.2646
53	74	12.2646
34	97	-12.2615
35	96	-12.2615
59	88	12.2592
58	89	12.2592
20	65	-12.2552
21	64	-12.2552
0	51	12.2548
1	50	12.2548
19	86	-12.2505
18	87	-12.2505
53	94	-12.2497
52	95	-12.2497
31	96	-12.2408
30	97	-12.2408
18	71	12.2317
19	70	12.2317
4	69	-12.2277
5	68	-12.2277
42	87	12.2204
43	86	12.2204
4	95	-12.2187
5	94	-12.2187
52	85	-12.2183
53	84	-12.2183
27	82	-12.2146
26	83	-12.2146
4	47	-12.2053
5	46	-12.2053
18	21	-12.1895
19	20	-12.1895
41	80	-12.1833
40	81	-12.1833
3	84	-12.1829
2	85	-12.1829
47	76	-12.1784
46	77	-12.1784
63	74	-12.1692
62	75	-12.1692
46	99	12.1322
47	98	12.1322
6	25	-12.1322
7	24	-12.1322
38	59	-12.1209
39	58	-12.1209
28	35	12.1177
29	34	12.1177
22	59	-12.107
23	58	-12.107
32	87	12.1014
33	86	12.1014
14	79	-12.1012
15	78	-12.1012
48	87	-12.0957
49	86	-12.0957
15	20	-12.0826
14	21	-12.0826
10	59	-12.0793
11	58	-12.0793
19	84	-12.0761
18	85	-12.0761
43	46	12.071
42	47	12.071
81	96	-12.0584
80	97	-12.0584
60	63	12.0547
61	62	12.0547
57	84	-12.0546
56	85	-12.0546
4	25	-12.0501
5	24	-12.0501
56	69	-12.0442
57	68	-12.0442
49	84	-12.0325
48	85	-12.0325
29	64	-12.022
28	65	-12.022
29	66	12.0217
28	67	12.0217
41	60	-12.0128
40	61	-12.0128
2	59	-12.0123
3	58	-12.0123
9	78	12.0058
8	79	12.0058
4	59	-12.0015
5	58	-12.0015
57	98	-11.9934
56	99	-11.9934
12	89	11.99
13	88	11.99
70	87	-11.9879
71	86	-11.9879
48	93	-11.9859
49	92	-11.9859
23	98	-11.98
22	99	-11.98
0	31	11.9798
1	30	11.9798
12	17	-11.9749
13	16	-11.9749
67	90	11.9695
66	91	11.9695
25	74	-11.9656
24	75	-11.9656
5	82	11.9595
4	83	11.9595
75	82	11.9594
74	83	11.9594
37	44	-11.9538
36	45	-11.9538
8	27	11.9468
9	26	11.9468
0	17	-11.9458
1	16	-11.9458
91	94	11.9446
90	95	11.9446
70	99	-11.9435
71	98	-11.9435
3	56	11.943
2	57	11.943
16	89	-11.9403
17	88	-11.9403
6	73	11.9401
7	72	11.9401
29	36	11.9309
28	37	11.9309
23	60	-11.9296
22	61	-11.9296
55	84	11.9262
54	85	11.9262
86	93	11.9089
87	92	11.9089
17	98	-11.9016
16	99	-11.9016
16	47	-11.8976
17	46	-11.8976
48	97	11.8935
49	96	11.8935
64	87	-11.8913
65	86	-11.8913
10	57	11.8888
11	56	11.8888
9	80	11.8676
8	81	11.8676
4	81	-11.8582
5	80	-11.8582
20	51	11.8549
21	50	11.8549
4	9	-11.8464
5	8	-11.8464
18	59	-11.8253
19	58	-11.8253
52	83	11.8185
53	82	11.8185
56	67	-11.8048
57	66	-11.8048
21	80	11.7913
20	81	11.7913
22	81	-11.7832
23	80	-11.7832
37	66	11.7831
36	67	11.7831
11	90	-11.7705
10	91	-11.7705
9	52	-11.7647
8	53	-11.7647
37	76	-11.7606
36	77	-11.7606
97	98	-11.7577
96	99	-11.7577
42	65	-11.755
43	64	-11.755
39	84	-11.7478
38	85	-11.7478
17	80	-11.7347
16	81	-11.7347
49	98	-11.7274
48	99	-11.7274
37	96	-11.7132
36	97	-11.7132
49	76	11.6994
48	77	11.6994
18	43	-11.6944
19	42	-11.6944
26	53	-11.6885
27	52	-11.6885
54	59	11.6874
55	58	11.6874
33	48	-11.687
32	49	-11.687
64	85	-11.6823
65	84	-11.6823
18	29	-11.6813
19	28	-11.6813
16	33	-11.6808
17	32	-11.6808
58	77	-11.6776
59	76	-11.6776
69	90	11.6771
68	91	11.6771
40	87	-11.676
41	86	-11.676
68	73	-11.6643
69	72	-11.6643
12	49	-11.6535
13	48	-11.6535
16	83	11.6504
17	82	11.6504
42	61	11.6472
43	60	11.6472
34	91	11.6443
35	90	11.6443
12	57	-11.6433
13	56	-11.6433
5	86	-11.6425
4	87	-11.6425
22	87	-11.635
23	86	-11.635
58	97	-11.6189
59	96	-11.6189
32	93	11.6022
33	92	11.6022
46	97	-11.5994
47	96	-11.5994
33	56	-11.5912
32	57	-11.5912
21	82	-11.5832
20	83	-11.5832
2	97	11.5794
3	96	11.5794
8	25	11.5764
9	24	11.5764
34	57	-11.57
35	56	-11.57
84	91	11.5575
85	90	11.5575
25	78	11.5571
24	79	11.5571
17	50	-11.5492
16	51	-11.5492
7	38	11.547
6	39	11.547
33	54	11.5408
32	55	11.5408
65	92	-11.5373
64	93	-11.5373
35	36	11.5299
34	37	11.5299
36	59	11.5234
37	58	11.5234
2	69	-11.5194
3	68	-11.5194
4	51	-11.5157
5	50	-11.5157
44	59	-11.5079
45	58	-11.5079
3	66	-11.5032
2	67	-11.5032
6	79	-11.5029
7	78	-11.5029
28	59	11.5008
29	58	11.5008
15	74	11.4985
14	75	11.4985
38	57	11.4958
39	56	11.4958
20	75	-11.4952
21	74	-11.4952
52	81	-11.4932
53	80	-11.4932
39	68	-11.4907
38	69	-11.4907
18	99	-11.4749
19	98	-11.4749
2	45	11.4672
3	44	11.4672
74	87	-11.4619
75	86	-11.4619
40	47	-11.4592
41	46	-11.4592
5	74	11.458
4	75	11.458
59	64	-11.4573
58	65	-11.4573
80	83	-11.4447
81	82	-11.4447
21	26	11.4445
20	27	11.4445
64	99	-11.4418
65	98	-11.4418
45	48	11.4408
44	49	11.4408
10	29	-11.4367
11	28	-11.4367
60	99	11.436
61	98	11.436
15	24	-11.4307
14	25	-11.4307
12	93	11.4238
13	92	11.4238
32	45	-11.4124
33	44	-11.4124
21	30	11.4098
20	31	11.4098
13	44	-11.4058
12	45	-11.4058
87	88	11.3891
86	89	11.3891
14	27	-11.3857
15	26	-11.3857
57	72	11.38
56	73	11.38
11	44	11.3692
10	45	11.3692
71	80	-11.368
70	81	-11.368
73	94	-11.3586
72	95	-11.3586
52	79	-11.3552
53	78	-11.3552
38	91	-11.3399
39	90	-11.3399
2	77	11.3317
3	76	11.3317
3	34	-11.3301
2	35	-11.3301
0	27	11.3278
1	26	11.3278
72	85	-11.3242
73	84	-11.3242
75	84	-11.3156
74	85	-11.3156
1	74	-11.3111
0	75	-11.3111
63	64	-11.3051
62	65	-11.3051
19	68	-11.3051
18	69	-11.3051
6	11	11.305
7	10	11.305
19	92	-11.3048
18	93	-11.3048
13	58	11.3023
12	59	11.3023
51	74	-11.2999
50	75	-11.2999
49	88	-11.2996
48	89	-11.2996
1	42	11.2982
0	43	11.2982
5	16	11.2863
4	17	11.2863
33	76	-11.2815
32	77	-11.2815
30	47	11.2656
31	46	11.2656
2	95	-11.2655
3	94	-11.2655
37	88	11.2614
36	89	11.2614
61	70	-11.2602
60	71	-11.2602
12	77	-11.2601
13	76	-11.2601
13	54	11.2583
12	55	11.2583
38	95	-11.2467
39	94	-11.2467
0	99	11.2466
1	98	11.2466
22	47	-11.2451
23	46	-11.2451
51	52	-11.2316
50	53	-11.2316
55	86	11.2162
54	87	11.2162
1	80	11.1961
0	81	11.1961
86	97	-11.1917
87	96	-11.1917
11	76	11.1883
10	77	11.1883
17	24	-11.1661
16	25	-11.1661
47	50	11.1596
46	51	11.1596
4	27	-11.1424
5	26	-11.1424
11	68	-11.1411
10	69	-11.1411
4	31	-11.139
5	30	-11.139
29	72	-11.1342
28	73	-11.1342
80	95	11.134
81	94	11.134
10	97	11.134
11	96	11.134
18	63	-11.1253
19	62	-11.1253
73	90	-11.1222
72	91	-11.1222
48	91	-11.1101
49	90	-11.1101
31	52	-11.1081
30	53	-11.1081
20	99	11.0972
21	98	11.0972
58	75	-11.0899
59	74	-11.0899
46	49	-11.0797
47	48	-11.0797
10	85	-11.0712
11	84	-11.0712
32	63	11.0692
33	62	11.0692
19	94	-11.0675
18	95	-11.0675
13	34	11.0565
12	35	11.0565
57	58	-11.0545
56	59	-11.0545
14	73	11.0463
15	72	11.0463
58	91	11.0454
59	90	11.0454
2	29	-11.0411
3	28	-11.0411
80	85	11.0281
81	84	11.0281
16	21	-11.0214
17	20	-11.0214
2	89	-11.0207
3	88	-11.0207
38	45	11.011
39	44	11.011
18	31	-11.0043
19	30	-11.0043
5	98	-10.9998
4	99	-10.9998
31	64	-10.9969
30	65	-10.9969
65	68	-10.9942
64	69	-10.9942
7	26	-10.99
6	27	-10.99
78	95	10.9816
79	94	10.9816
33	58	10.9752
32	59	10.9752
37	54	10.9696
36	55	10.9696
38	97	10.9666
39	96	10.9666
77	86	-10.9642
76	87	-10.9642
8	75	-10.9588
9	74	-10.9588
79	84	10.9561
78	85	10.9561
12	97	-10.9544
13	96	-10.9544
22	37	-10.9539
23	36	-10.9539
24	51	10.9534
25	50	10.9534
33	96	-10.9515
32	97	-10.9515
8	17	-10.9501
9	16	-10.9501
60	87	10.9405
61	86	10.9405
27	94	10.9254
26	95	10.9254
46	71	-10.9228
47	70	-10.9228
3	22	10.9204
2	23	10.9204
45	72	10.9168
44	73	10.9168
20	79	10.904
21	78	10.904
28	49	-10.9039
29	48	-10.9039
12	63	10.9001
13	62	10.9001
12	67	10.8987
13	66	10.8987
24	83	-10.8978
25	82	-10.8978
14	17	10.8958
15	16	10.8958
48	57	10.8885
49	56	10.8885
14	39	10.8843
15	38	10.8843
21	70	-10.8802
20	71	-10.8802
10	95	-10.8789
11	94	-10.8789
39	76	10.8664
38	77	10.8664
36	93	10.8659
37	92	10.8659
31	60	10.8614
30	61	10.8614
1	78	10.8536
0	79	10.8536
37	40	-10.8501
36	41	-10.8501
28	39	-10.8487
29	38	-10.8487
68	81	10.8458
69	80	10.8458
68	75	-10.8382
69	74	-10.8382
44	87	-10.8276
45	86	-10.8276
14	81	-10.8185
15	80	-10.8185
36	85	10.8155
37	84	10.8155
4	43	-10.8147
5	42	-10.8147
7	74	10.8118
6	75	10.8118
27	84	10.8089
26	85	10.8089
25	70	-10.8075
24	71	-10.8075
4	71	10.8041
5	70	10.8041
64	95	-10.8021
65	94	-10.8021
51	60	10.7971
50	61	10.7971
64	83	10.7923
65	82	10.7923
68	79	10.7898
69	78	10.7898
21	42	10.7808
20	43	10.7808
2	55	-10.7681
3	54	-10.7681
74	95	-10.7673
75	94	-10.7673
72	77	10.7565
73	76	10.7565
8	47	10.7501
9	46	10.7501
24	31	10.7497
25	30	10.7497
48	81	-10.7356
49	80	-10.7356
0	71	-10.7349
1	70	-10.7349
32	35	10.7289
33	34	10.7289
8	73	-10.7234
9	72	-10.7234
4	63	-10.7192
5	62	-10.7192
18	83	10.718
19	82	10.718
4	79	-10.7157
5	78	-10.7157
36	69	10.7138
37	68	10.7138
0	63	10.7061
1	62	10.7061
22	33	-10.7029
23	32	-10.7029
32	41	-10.6945
33	40	-10.6945
86	91	10.6943
87	90	10.6943
7	36	-10.681
6	37	-10.681
2	41	10.6761
3	40	10.6761
26	69	10.669
27	68	10.669
33	42	10.6613
32	43	10.6613
73	96	10.6611
72	97	10.6611
11	88	-10.6579
10	89	-10.6579
33	70	-10.6545
32	71	-10.6545
12	23	-10.6441
13	22	-10.6441
43	52	-10.6349
42	53	-10.6349
32	99	10.6256
33	98	10.6256
3	6	10.6243
2	7	10.6243
11	14	10.622
10	15	10.622
12	41	-10.6175
13	40	-10.6175
46	87	10.613
47	86	10.613
33	66	10.6102
32	67	10.6102
48	61	-10.5997
49	60	-10.5997
29	86	10.5976
28	87	10.5976
46	83	-10.5935
47	82	-10.5935
61	82	-10.5934
60	83	-10.5934
7	80	-10.5918
6	81	-10.5918
67	78	10.5853
66	79	10.5853
4	93	-10.5687
5	92	-10.5687
52	99	-10.5639
53	98	-10.5639
17	84	-10.5574
16	85	-10.5574
57	86	-10.5537
56	87	-10.5537
13	70	-10.5535
12	71	-10.5535
50	65	-10.5489
51	64	-10.5489
4	89	-10.5426
5	88	-10.5426
18	51	-10.5234
19	50	-10.5234
72	83	10.5146
73	82	10.5146
11	22	10.4963
10	23	10.4963
37	94	10.4933
36	95	10.4933
37	62	10.4864
36	63	10.4864
25	98	10.4804
24	99	10.4804
3	70	10.4803
2	71	10.4803
53	70	10.476
52	71	10.476
0	41	-10.4752
1	40	-10.4752
24	29	10.4712
25	28	10.4712
2	93	-10.4678
3	92	-10.4678
10	93	-10.4672
11	92	-10.4672
9	38	-10.4666
8	39	-10.4666
21	62	10.4561
20	63	10.4561
15	64	10.4493
14	65	10.4493
0	55	10.4474
1	54	10.4474
34	79	10.4429
35	78	10.4429
24	91	10.4412
25	90	10.4412
10	55	-10.4406
11	54	-10.4406
12	43	10.4385
13	42	10.4385
21	22	-10.4349
20	23	-10.4349
10	41	10.4289
11	40	10.4289
19	48	10.4263
18	49	10.4263
48	65	10.4232
49	64	10.4232
37	70	-10.4205
36	71	-10.4205
15	18	10.4186
14	19	10.4186
8	61	10.4182
9	60	10.4182
6	17	10.4128
7	16	10.4128
59	78	10.4121
58	79	10.4121
22	39	10.4118
23	38	10.4118
13	98	10.4091
12	99	10.4091
22	25	-10.4089
23	24	-10.4089
38	89	-10.4069
39	88	-10.4069
30	73	-10.3889
31	72	-10.3889
78	87	10.388
79	86	10.388
8	19	-10.386
9	18	-10.386
52	57	10.3833
53	56	10.3833
12	69	10.3713
13	68	10.3713
3	98	-10.3627
2	99	-10.3627
16	95	-10.3559
17	94	-10.3559
4	41	10.3536
5	40	10.3536
9	64	-10.3504
8	65	-10.3504
50	73	-10.3448
51	72	-10.3448
27	66	10.3447
26	67	10.3447
39	82	10.3391
38	83	10.3391
73	88	-10.3332
72	89	-10.3332
19	34	-10.3322
18	35	-10.3322
5	28	-10.3306
4	29	-10.3306
9	10	-10.319
8	11	-10.319
26	35	10.3185
27	34	10.3185
24	43	10.3096
25	42	10.3096
21	40	-10.3029
20	41	-10.3029
35	80	10.3001
34	81	10.3001
14	47	-10.2992
15	46	-10.2992
1	22	-10.2977
0	23	-10.2977
5	22	10.2961
4	23	10.2961
59	60	10.2954
58	61	10.2954
5	54	-10.2945
4	55	-10.2945
25	56	-10.2942
24	57	-10.2942
38	41	10.292
39	40	10.292
60	67	10.2886
61	66	10.2886
1	92	10.288
0	93	10.288
24	97	-10.283
25	96	-10.283
47	94	10.2816
46	95	10.2816
2	15	10.2718
3	14	10.2718
33	50	10.2709
32	51	10.2709
3	8	-10.2693
2	9	-10.2693
17	68	-10.2686
16	69	-10.2686
72	93	-10.2656
73	92	-10.2656
34	61	10.2601
35	60	10.2601
2	63	-10.2559
3	62	-10.2559
14	33	-10.2525
15	32	-10.2525
53	62	-10.2523
52	63	-10.2523
10	83	10.2436
11	82	10.2436
39	54	-10.2428
38	55	-10.2428
14	37	-10.2422
15	36	-10.2422
16	87	-10.2323
17	86	-10.2323
40	53	10.2319
41	52	10.2319
1	88	10.2292
0	89	10.2292
31	32	10.2265
30	33	10.2265
33	68	10.2241
32	69	10.2241
13	94	10.2235
12	95	10.2235
46	85	10.2206
47	84	10.2206
34	65	-10.2191
35	64	-10.2191
7	12	-10.2158
6	13	-10.2158
20	55	10.2145
21	54	10.2145
39	92	-10.2009
38	93	-10.2009
1	56	-10.2004
0	57	-10.2004
21	96	-10.2002
20	97	-10.2002
13	14	-10.1977
12	15	-10.1977
38	51	-10.1944
39	50	-10.1944
10	63	-10.1919
11	62	-10.1919
22	73	10.1885
23	72	10.1885
36	43	10.1876
37	42	10.1876
21	28	10.181
20	29	10.181
67	80	10.1798
66	81	10.1798
25	40	-10.1781
24	41	-10.1781
13	50	10.1773
12	51	10.1773
22	53	10.175
23	52	10.175
40	73	10.1742
41	72	10.1742
21	92	10.174
20	93	10.174
58	81	10.1712
59	80	10.1712
54	73	-10.1703
55	72	-10.1703
25	54	10.1686
24	55	10.1686
13	84	10.1674
12	85	10.1674
35	74	-10.1628
34	75	-10.1628
52	55	-10.1601
53	54	-10.1601
15	60	-10.1579
14	61	-10.1579
17	48	10.1573
16	49	10.1573
44	53	10.1556
45	52	10.1556
52	97	10.1547
53	96	10.1547
31	38	-10.1545
30	39	-10.1545
17	58	-10.1524
16	59	-10.1524
47	68	10.1503
46	69	10.1503
7	32	-10.1478
6	33	-10.1478
3	42	-10.1406
2	43	-10.1406
38	71	10.1401
39	70	10.1401
27	58	10.1399
26	59	10.1399
52	91	-10.1379
53	90	-10.1379
25	44	-10.1374
24	45	-10.1374
2	51	-10.1373
3	50	-10.1373
49	78	-10.1361
48	79	-10.1361
21	90	10.1354
20	91	10.1354
67	74	-10.1328
66	75	-10.1328
32	95	10.1324
33	94	10.1324
10	71	10.1323
11	70	10.1323
10	31	-10.1303
11	30	-10.1303
28	53	-10.1232
29	52	-10.1232
46	59	10.1197
47	58	10.1197
52	77	10.1158
53	76	10.1158
42	73	-10.1158
43	72	-10.1158
0	29	10.1155
1	28	10.1155
0	77	-10.114
1	76	-10.114
0	45	-10.1106
1	44	-10.1106
32	83	-10.1077
33	82	-10.1077
9	32	10.1066
8	33	10.1066
7	64	10.1054
6	65	10.1054
24	63	10.1039
25	62	10.1039
17	66	-10.1033
16	67	-10.1033
37	82	-10.1031
36	83	-10.1031
24	77	-10.1016
25	76	-10.1016
34	47	10.101
35	46	10.101
12	31	10.0996
13	30	10.0996
26	49	-10.0984
27	48	-10.0984
10	51	-10.0955
11	50	-10.0955
37	98	10.0954
36	99	10.0954
72	99	-10.0949
73	98	-10.0949
62	73	-10.0936
63	72	-10.0936
21	56	-10.0933
20	57	-10.0933
32	85	10.0869
33	84	10.0869
38	99	-10.0855
39	98	-10.0855
61	84	10.0821
60	85	10.0821
9	12	10.0808
8	13	10.0808
6	19	10.08
7	18	10.08
20	89	10.0787
21	88	10.0787
6	47	-10.0778
7	46	-10.0778
26	87	10.074
27	86	10.074
18	67	-10.0726
19	66	-10.0726
48	75	10.0698
49	74	10.0698
65	66	-10.0684
64	67	-10.0684
0	91	10.068
1	90	10.068
9	36	10.0648
8	37	10.0648
2	31	-10.059
3	30	-10.059
53	92	-10.0579
52	93	-10.0579
1	96	-10.0567
0	97	-10.0567
6	61	-10.0562
7	60	-10.0562
5	90	-10.0538
4	91	-10.0538
24	93	10.0537
25	92	10.0537
11	42	-10.0491
10	43	-10.0491
4	97	10.049
5	96	10.049
4	57	10.046
5	56	10.046
38	63	-10.0426
39	62	-10.0426
13	82	-10.042
12	83	-10.042
2	83	10.0419
3	82	10.0419
46	67	10.0404
47	66	10.0404
30	37	10.0306
31	36	10.0306
81	86	10.029
80	87	10.029
53	88	-10.0248
52	89	-10.0248
61	94	10.0226
60	95	10.0226
20	77	-10.0214
21	76	-10.0214
21	44	-10.0172
20	45	-10.0172
4	77	10.0139
5	76	10.0139
24	89	10.0128
25	88	10.0128
17	34	-10.0122
16	35	-10.0122
36	51	10.0113
37	50	10.0113
71	72	10.009
70	73	10.009
38	43	-10.0056
39	42	-10.0056
11	98	-10.0021
10	99	-10.0021
61	68	10.002
60	69	10.002
4	45	10.001
5	44	10.001
44	76	1.99827
68	94	1.99478
18	64	1.99477
12	32	1.99354
8	50	1.98835
44	56	1.9881
62	92	1.98574
10	36	-1.98566
22	40	1.98491
10	72	1.9819
30	42	1.98092
68	84	1.97869
56	76	1.97845
20	24	1.97733
22	70	1.9762
76	96	1.97551
22	96	1.97342
84	94	1.97041
44	96	1.96985
58	86	1.96709
6	14	1.96589
14	82	1.96512
30	98	1.96029
2	38	1.95907
56	96	1.95615
40	96	1.95581
40	76	1.9556
58	68	1.95545
40	70	1.95296
42	98	1.95222
26	78	1.95134
10	38	1.94956
46	80	1.94491
34	66	1.94459
36	72	-1.94223
54	90	1.94121
6	66	-1.93964
32	46	1.93921
64	74	1.93859
22	76	1.93779
28	92	1.93777
40	44	1.93704
6	82	1.93602
42	54	1.93313
36	38	-1.93231
50	62	1.93075
18	74	1.92972
58	84	1.9269
58	94	1.92233
22	44	1.9196
42	88	1.91634
38	52	1.91592
74	78	-1.91578
78	90	1.91489
8	94	1.91365
12	46	1.91328
54	88	1.91309
26	80	1.9106
88	98	1.90547
70	96	1.90446
38	72	1.90265
28	44	-1.89935
34	68	1.89603
4	52	1.89457
88	90	1.89426
34	94	1.89365
2	36	-1.89357
28	56	-1.89226
0	52	-1.89096
46	60	1.8905
28	76	-1.88514
0	72	-1.88445
34	58	1.88362
26	60	1.88294
40	56	1.88153
76	92	-1.87675
22	56	1.87651
40	82	1.87598
50	82	-1.87431
8	68	1.8734
44	92	-1.87318
2	10	1.87228
28	62	1.87024
70	82	1.86682
8	62	1.86675
50	92	1.86437
8	34	1.86145
50	94	1.86018
40	62	-1.85868
36	60	1.85528
30	54	1.85403
2	64	1.85313
62	76	-1.85294
8	82	-1.85273
68	86	1.85262
52	72	1.8524
12	60	1.85154
2	18	1.85021
70	76	1.84909
10	52	1.84479
30	88	1.84449
44	62	-1.84071
14	70	1.83948
40	92	-1.83846
32	60	1.83487
26	46	1.83464
62	82	-1.83208
6	8	-1.83022
14	66	-1.82704
6	34	-1.82566
26	90	1.82481
22	82	1.82376
60	80	1.82181
44	70	1.82167
56	92	-1.81952
84	86	1.81901
54	98	1.81326
8	66	1.81274
34	86	1.8126
50	68	1.80942
8	84	1.80931
0	10	-1.80693
20	86	1.80616
6	50	-1.80586
86	94	1.80085
2	52	1.79607
42	90	1.79511
34	84	1.79486
64	78	-1.79237
26	74	-1.79009
66	82	-1.7892
10	60	-1.78738
36	64	-1.78708
12	24	1.78687
8	92	1.78447
32	80	1.78399
2	72	1.78351
74	90	-1.78301
60	78	1.78274
14	40	1.78208
34	50	1.78188
16	56	1.78053
4	38	1.7777
0	20	1.7776
4	48	1.77737
28	96	-1.77594
36	52	-1.7695
56	62	-1.76889
6	48	1.76761
92	96	-1.7675
22	62	-1.76714
28	40	-1.76573
0	38	-1.76557
56	70	1.76144
14	48	1.75998
78	80	1.75877
14	50	-1.75574
18	78	-1.75473
62	96	-1.75415
50	84	1.75351
8	14	-1.75155
14	22	1.75021
22	92	-1.75
82	92	-1.74963
50	66	1.74691
18	36	-1.74673
66	94	1.74594
40	50	-1.74182
12	80	1.74091
24	32	1.73964
60	72	-1.73735
54	78	1.7359
78	88	1.73588
60	64	-1.73495
66	68	1.73346
8	58	1.73263
76	82	1.72918
48	66	-1.72752
26	88	1.72208
38	64	1.72207
24	72	-1.71553
82	96	1.71155
2	4	1.71127
20	72	-1.71024
0	24	1.70964
12	72	-1.70783
0	36	1.70599
62	70	-1.70549
18	38	1.705
6	70	1.70227
24	86	1.70204
58	66	1.7016
26	64	-1.70121
22	28	-1.69974
60	74	-1.69799
10	64	1.69635
0	66	1.69487
44	82	1.69375
34	82	-1.69293
48	52	1.69279
12	36	1.68833
16	44	1.68595
90	98	1.68504
14	62	-1.68
14	34	-1.67888
80	88	1.67675
30	90	1.67627
10	12	-1.6754
18	60	-1.67223
6	40	1.67177
20	58	1.67159
62	94	1.66804
8	40	-1.66701
12	20	1.66601
70	92	-1.66537
50	76	-1.66505
6	62	-1.66258
10	18	1.65822
46	78	1.65752
28	50	1.65656
26	32	1.65587
6	94	-1.65514
80	90	1.65198
0	4	-1.65087
16	76	1.65071
16	28	-1.64973
18	26	-1.64635
16	96	1.64573
38	60	-1.64547
50	58	1.6445
0	34	1.64355
2	74	1.64252
2	60	-1.64182
44	50	-1.64091
22	50	-1.64089
32	72	-1.64019
12	26	1.63866
32	36	1.63136
66	86	1.62946
26	54	1.62891
50	70	-1.6266
6	68	-1.61976
0	48	-1.61843
82	94	-1.618
6	22	1.61531
4	10	1.61521
36	74	-1.61456
10	24	-1.6129
10	32	-1.61206
20	34	1.60999
20	32	1.60827
14	96	1.60773
66	84	1.60705
36	46	1.60584
62	68	1.6026
48	82	1.60038
26	36	1.59853
10	20	-1.59765
14	76	1.59655
4	72	1.59342
56	82	1.59307
54	74	-1.58953
0	2	-1.58825
14	92	-1.58666
92	94	1.58549
28	70	-1.58056
8	86	1.57995
50	96	-1.5782
64	72	1.57769
62	84	1.57218
64	90	-1.5713
8	76	-1.57109
8	70	-1.57008
8	22	-1.56795
68	82	-1.56687
28	82	-1.55812
24	36	1.55754
14	44	1.55716
8	28	1.55565
0	86	1.55527
6	92	-1.55452
4	36	-1.55382
10	46	-1.54955
36	78	1.54855
18	90	-1.54641
50	56	-1.54564
8	44	-1.54456
24	58	1.54327
34	62	1.54014
18	72	1.53829
42	78	1.53659
6	58	-1.53613
46	72	-1.53342
60	90	1.53021
62	66	1.52858
52	66	-1.52755
14	94	-1.52452
20	36	1.52432
74	80	-1.52293
68	92	1.51887
20	66	1.51844
34	48	-1.51837
24	60	1.51521
74	88	-1.51473
24	46	1.51119
84	92	1.50636
10	74	1.50289
0	58	1.50089
0	6	-1.49915
6	84	-1.49776
20	52	-1.49402
38	74	1.4933
54	80	1.49311
8	96	-1.49296
10	26	-1.49276
16	22	1.49034
0	12	1.48916
6	76	1.48784
36	80	1.48504
50	86	1.48437
46	90	1.48416
20	68	1.48374
8	98	1.48324
14	68	-1.48277
32	78	1.48135
66	70	-1.47891
12	38	-1.47759
6	96	1.47459
2	78	-1.47425
54	82	-1.47377
12	78	1.47245
82	84	-1.46844
26	42	1.46832
46	74	-1.46821
50	88	1.46804
94	98	1.46786
24	34	1.46706
50	98	1.46612
30	66	1.46519
16	40	1.46358
8	30	1.46226
8	42	1.46076
40	90	-1.4598
40	66	-1.45971
30	34	1.45871
62	88	1.45868
6	30	-1.45847
14	56	1.45788
6	42	-1.45769
64	80	-1.45666
42	82	-1.45575
46	88	1.45528
2	26	-1.45501
42	50	1.4544
78	98	1.45299
68	98	1.45251
8	88	1.44997
6	44	1.44973
14	54	-1.44969
46	64	-1.44895
48	70	1.44809
76	78	-1.44802
44	78	-1.44788
8	56	-1.44777
20	38	-1.44679
24	52	-1.44582
16	92	-1.44514
52	64	1.4445
6	86	-1.44344
30	50	1.44295
58	82	-1.44227
22	90	-1.44224
56	78	-1.44076
26	28	1.43996
34	98	1.43917
78	96	-1.43766
24	38	-1.43499
88	92	1.43499
10	78	-1.43309
40	54	-1.43285
18	52	1.43226
76	90	-1.43142
34	92	1.43055
26	98	1.42946
70	90	-1.42874
14	42	-1.42857
4	66	-1.42849
42	66	1.42717
20	94	1.42684
52	60	-1.42557
30	82	-1.42546
54	70	-1.42328
6	54	-1.4223
90	96	-1.42226
80	98	1.42219
44	90	-1.42145
84	98	1.42119
74	96	1.42108
34	52	-1.42105
32	38	-1.42094
38	48	1.42066
40	78	-1.42009
0	32	1.42006
82	90	-1.41777
0	60	1.4157
26	44	-1.41561
26	72	-1.41464
40	94	-1.41463
20	60	1.41447
66	92	1.41441
22	78	-1.41384
58	62	1.41315
8	48	-1.4124
26	56	-1.41201
20	84	1.4103
30	94	1.4102
22	54	-1.4096
26	76	-1.40939
28	80	1.40922
62	90	1.40917
34	42	1.40812
26	92	1.40804
82	88	-1.40755
10	80	-1.40655
14	30	-1.40569
30	78	1.40509
12	64	-1.40441
16	36	-1.40397
42	80	1.40271
18	80	-1.39977
14	28	-1.399
50	54	1.39877
0	68	1.39741
42	62	1.39724
66	98	1.39687
22	66	-1.39567
30	68	1.3955
14	58	-1.39411
2	12	-1.39342
22	74	1.39321
90	92	1.39223
60	88	1.39175
56	90	-1.39172
54	62	1.39121
6	52	1.39098
38	46	-1.39076
34	40	-1.39032
72	74	1.39021
62	98	1.38918
24	66	1.38849
26	38	-1.38773
56	74	1.38759
58	98	1.38694
18	46	-1.38642
28	78	1.38461
8	54	1.38211
48	50	-1.38178
6	98	-1.38003
80	92	1.37972
10	16	1.37959
74	76	1.37948
12	52	-1.37942
44	74	1.37883
42	94	1.3785
20	46	1.37807
48	72	1.37729
78	92	1.37572
34	70	-1.37526
54	76	-1.37467
26	62	1.3739
14	84	-1.37263
12	74	-1.37224
32	64	-1.37173
72	86	-1.37157
4	6	1.37122
28	60	1.3694
82	98	-1.36858
0	94	1.36779
54	96	-1.36695
30	62	1.36625
38	78	-1.36594
2	46	-1.36581
42	74	-1.36427
28	94	1.36415
70	78	-1.36364
66	72	-1.36338
40	88	-1.36315
40	68	-1.36304
72	80	-1.36288
26	96	-1.36269
28	46	1.36225
14	90	-1.36223
44	54	-1.3613
50	90	1.36109
0	14	-1.36039
62	78	1.36025
88	94	1.35971
40	74	1.35953
28	88	1.35897
32	74	-1.35877
16	60	-1.35711
16	62	-1.3568
42	68	1.35655
54	64	-1.35625
16	70	1.35624
42	92	1.35543
92	98	1.35494
54	92	1.35407
70	74	1.35269
4	18	1.35121
40	42	-1.35111
24	68	1.35063
26	40	-1.35036
56	60	-1.34977
6	56	1.34909
30	58	1.34871
12	18	-1.34856
16	38	1.34715
6	88	-1.34685
2	32	-1.3462
26	30	1.34489
4	64	1.34446
28	90	1.34302
18	54	-1.34235
64	96	1.34225
76	88	-1.34199
16	64	1.34183
16	72	1.34088
76	94	-1.34015
56	64	1.34001
2	16	1.33873
30	84	1.33843
6	28	-1.3383
72	78	-1.33816
62	80	1.33777
14	88	-1.33701
70	94	-1.33638
22	94	-1.33534
82	86	-1.33424
44	88	-1.33423
34	72	-1.33252
40	48	1.33031
64	88	-1.3295
58	92	1.32927
10	48	1.3287
32	52	-1.32797
68	88	1.32731
54	56	-1.32717
54	66	1.3268
18	96	1.32573
30	92	1.32546
22	26	-1.32379
8	90	1.32321
22	34	-1.32173
2	20	-1.32077
44	94	-1.32002
4	14	1.31947
44	60	-1.31923
14	98	-1.31892
22	48	1.3183
2	80	-1.31713
14	86	-1.31646
18	32	-1.3162
2	24	-1.31562
40	84	-1.31555
42	70	-1.31498
16	78	-1.31456
28	84	1.31366
6	20	-1.31318
16	18	1.31175
0	84	1.31124
18	56	1.31107
46	54	1.31095
6	90	-1.31045
44	64	1.30893
18	88	-1.30885
84	88	1.30808
22	88	-1.30802
52	86	-1.30702
16	74	1.30683
54	60	1.30631
42	84	1.30543
22	42	-1.30538
0	8	1.30532
42	76	-1.30532
28	68	1.30464
86	98	1.30401
4	34	-1.30311
60	76	-1.30166
30	80	1.30163
64	76	1.30155
30	40	-1.30108
68	70	-1.30003
34	88	1.29955
16	26	-1.29759
56	88	-1.29665
24	94	1.29643
42	44	-1.29585
32	90	1.29585
66	76	-1.29536
0	64	-1.29507
22	68	-1.29469
38	80	-1.29368
14	52	1.29367
48	94	-1.29354
70	88	-1.29268
42	58	1.29174
52	58	-1.29081
2	48	1.29017
66	88	1.28952
24	84	1.28911
24	80	1.28896
68	76	-1.2888
20	48	-1.28821
88	96	-1.28679
10	86	-1.28633
30	86	1.28543
44	80	-1.28445
78	82	-1.28426
22	64	1.28413
46	92	1.28405
94	96	-1.28273
18	44	1.28187
28	54	1.28179
28	98	1.2806
74	98	-1.28057
58	72	-1.28024
38	66	-1.27977
28	42	1.27914
76	80	-1.2767
34	54	1.2763
18	76	1.27621
56	80	-1.27502
48	68	-1.27458
0	18	-1.27448
18	22	1.2735
66	96	-1.27224
10	66	-1.27149
30	48	-1.27139
76	84	-1.27133
12	90	1.27026
36	90	1.27025
44	68	-1.26957
42	96	-1.26946
8	20	1.26747
0	46	1.26744
48	62	-1.26573
42	56	-1.26541
0	82	-1.26534
30	76	-1.26477
4	60	-1.26469
62	86	1.26399
16	30	-1.26366
44	66	-1.26364
60	96	-1.26305
60	92	1.26278
30	70	-1.26176
26	70	-1.26175
28	32	1.26138
28	30	1.26102
34	76	-1.25937
30	44	-1.25837
24	64	-1.25777
44	84	-1.25744
16	90	-1.25734
54	94	1.25627
40	98	-1.25587
22	84	-1.25585
42	48	-1.25516
12	86	1.25339
30	74	-1.25325
22	30	-1.2531
50	78	1.25264
46	52	-1.25258
4	84	-1.25242
12	28	1.25168
26	50	1.25121
38	86	-1.25109
36	56	-1.24867
16	54	-1.24835
56	94	-1.24781
16	42	-1.24771
24	48	-1.24744
28	74	-1.24708
40	64	1.24653
40	58	-1.24478
68	96	-1.24433
70	84	-1.24354
52	68	-1.24255
18	24	-1.24197
48	58	-1.24137
36	48	-1.23998
4	12	-1.23863
16	52	1.23814
46	56	-1.23811
32	88	1.23683
10	34	-1.23681
50	80	1.23597
30	56	-1.23588
4	20	-1.23491
58	70	-1.23372
24	26	1.23292
76	98	-1.23271
34	44	-1.2326
18	40	1.23072
54	68	1.23065
44	46	-1.2305
4	32	-1.23049
84	96	-1.22961
48	54	-1.22945
2	90	-1.22859
74	92	-1.22809
2	86	-1.22807
34	38	-1.22791
46	62	1.2277
36	86	1.22759
44	98	-1.22743
64	70	1.22698
52	74	1.22646
34	96	-1.22615
58	88	1.22592
20	64	-1.22552
0	50	1.22548
18	86	-1.22505
52	94	-1.22497
30	96	-1.22408
18	70	1.22317
4	68	-1.22277
42	86	1.22204
4	94	-1.22187
52	84	-1.22183
26	82	-1.22146
4	46	-1.22053
18	20	-1.21895
40	80	-1.21833
2	84	-1.21829
46	76	-1.21784
62	74	-1.21692
46	98	1.21322
6	24	-1.21322
38	58	-1.21209
28	34	1.21177
22	58	-1.2107
32	86	1.21014
14	78	-1.21012
48	86	-1.20957
14	20	-1.20826
10	58	-1.20793
18	84	-1.20761
42	46	1.2071
80	96	-1.20584
60	62	1.20547
56	84	-1.20546
4	24	-1.20501
56	68	-1.20442
48	84	-1.20325
28	64	-1.2022
28	66	1.20217
40	60	-1.20128
2	58	-1.20123
8	78	1.20058
4	58	-1.20015
56	98	-1.19934
12	88	1.199
70	86	-1.19879
48	92	-1.19859
22	98	-1.198
0	30	1.19798
12	16	-1.19749
66	90	1.19695
24	74	-1.19656
4	82	1.19595
74	82	1.19594
36	44	-1.19538
8	26	1.19468
0	16	-1.19458
90	94	1.19446
70	98	-1.19435
2	56	1.1943
16	88	-1.19403
6	72	1.19401
28	36	1.19309
22	60	-1.19296
54	84	1.19262
86	92	1.19089
16	98	-1.19016
16	46	-1.18976
48	96	1.18935
64	86	-1.18913
10	56	1.18888
8	80	1.18676
4	80	-1.18582
20	50	1.18549
4	8	-1.18464
18	58	-1.18253
52	82	1.18185
56	66	-1.18048
20	80	1.17913
22	80	-1.17832
36	66	1.17831
10	90	-1.17705
8	52	-1.17647
36	76	-1.17606
96	98	-1.17577
42	64	-1.1755
38	84	-1.17478
16	80	-1.17347
48	98	-1.17274
36	96	-1.17132
48	76	1.16994
18	42	-1.16944
26	52	-1.16885
54	58	1.16874
32	48	-1.1687
64	84	-1.16823
18	28	-1.16813
16	32	-1.16808
58	76	-1.16776
68	90	1.16771
40	86	-1.1676
68	72	-1.16643
12	48	-1.16535
16	82	1.16504
42	60	1.16472
34	90	1.16443
12	56	-1.16433
4	86	-1.16425
22	86	-1.1635
58	96	-1.16189
32	92	1.16022
46	96	-1.15994
32	56	-1.15912
20	82	-1.15832
2	96	1.15794
8	24	1.15764
34	56	-1.157
84	90	1.15575
24	78	1.15571
16	50	-1.15492
6	38	1.1547
32	54	1.15408
64	92	-1.15373
34	36	1.15299
36	58	1.15234
2	68	-1.15194
4	50	-1.15157
44	58	-1.15079
2	66	-1.15032
6	78	-1.15029
28	58	1.15008
14	74	1.14985
38	56	1.14958
20	74	-1.14952
52	80	-1.14932
38	68	-1.14907
18	98	-1.14749
2	44	1.14672
74	86	-1.14619
40	46	-1.14592
4	74	1.1458
58	64	-1.14573
80	82	-1.14447
20	26	1.14445
64	98	-1.14418
44	48	1.14408
10	28	-1.14367
60	98	1.1436
14	24	-1.14307
12	92	1.14238
32	44	-1.14124
20	30	1.14098
12	44	-1.14058
86	88	1.13891
14	26	-1.13857
56	72	1.138
10	44	1.13692
70	80	-1.1368
72	94	-1.13586
52	78	-1.13552
38	90	-1.13399
2	76	1.13317
2	34	-1.13301
0	26	1.13278
72	84	-1.13242
74	84	-1.13156
0	74	-1.13111
62	64	-1.13051
18	68	-1.13051
6	10	1.1305
18	92	-1.13048
12	58	1.13023
50	74	-1.12999
48	88	-1.12996
0	42	1.12982
4	16	1.12863
32	76	-1.12815
30	46	1.12656
2	94	-1.12655
36	88	1.12614
60	70	-1.12602
12	76	-1.12601
12	54	1.12583
38	94	-1.12467
0	98	1.12466
22	46	-1.12451
50	52	-1.12316
54	86	1.12162
0	80	1.11961
86	96	-1.11917
10	76	1.11883
16	24	-1.11661
46	50	1.11596
4	26	-1.11424
10	68	-1.11411
4	30	-1.1139
28	72	-1.11342
80	94	1.1134
10	96	1.1134
18	62	-1.11253
72	90	-1.11222
48	90	-1.11101
30	52	-1.11081
20	98	1.10972
58	74	-1.10899
46	48	-1.10797
10	84	-1.10712
32	62	1.10692
18	94	-1.10675
12	34	1.10565
56	58	-1.10545
14	72	1.10463
58	90	1.10454
2	28	-1.10411
80	84	1.10281
16	20	-1.10214
2	88	-1.10207
38	44	1.1011
18	30	-1.10043
4	98	-1.09998
30	64	-1.09969
64	68	-1.09942
6	26	-1.099
78	94	1.09816
32	58	1.09752
36	54	1.09696
38	96	1.09666
76	86	-1.09642
8	74	-1.09588
78	84	1.09561
12	96	-1.09544
22	36	-1.09539
24	50	1.09534
32	96	-1.09515
8	16	-1.09501
60	86	1.09405
26	94	1.09254
46	70	-1.09228
2	22	1.09204
44	72	1.09168
20	78	1.0904
28	48	-1.09039
12	62	1.09001
12	66	1.08987
24	82	-1.08978
14	16	1.08958
48	56	1.08885
14	38	1.08843
20	70	-1.08802
10	94	-1.08789
38	76	1.08664
36	92	1.08659
30	60	1.08614
0	78	1.08536
36	40	-1.08501
28	38	-1.08487
68	80	1.08458
68	74	-1.08382
44	86	-1.08276
14	80	-1.08185
36	84	1.08155
4	42	-1.08147
6	74	1.08118
26	84	1.08089
24	70	-1.08075
4	70	1.08041
64	94	-1.08021
50	60	1.07971
64	82	1.07923
68	78	1.07898
20	42	1.07808
2	54	-1.07681
74	94	-1.07673
72	76	1.07565
8	46	1.07501
24	30	1.07497
48	80	-1.07356
0	70	-1.07349
32	34	1.07289
8	72	-1.07234
4	62	-1.07192
18	82	1.0718
4	78	-1.07157
36	68	1.07138
0	62	1.07061
22	32	-1.07029
32	40	-1.06945
86	90	1.06943
6	36	-1.0681
2	40	1.06761
26	68	1.0669
32	42	1.06613
72	96	1.06611
10	88	-1.06579
32	70	-1.06545
12	22	-1.06441
42	52	-1.06349
32	98	1.06256
2	6	1.06243
10	14	1.0622
12	40	-1.06175
46	86	1.0613
32	66	1.06102
48	60	-1.05997
28	86	1.05976
46	82	-1.05935
60	82	-1.05934
6	80	-1.05918
66	78	1.05853
4	92	-1.05687
52	98	-1.05639
16	84	-1.05574
56	86	-1.05537
12	70	-1.05535
50	64	-1.05489
4	88	-1.05426
18	50	-1.05234
72	82	1.05146
10	22	1.04963
36	94	1.04933
36	62	1.04864
24	98	1.04804
2	70	1.04803
52	70	1.0476
0	40	-1.04752
24	28	1.04712
2	92	-1.04678
10	92	-1.04672
8	38	-1.04666
20	62	1.04561
14	64	1.04493
0	54	1.04474
34	78	1.04429
24	90	1.04412
10	54	-1.04406
12	42	1.04385
20	22	-1.04349
10	40	1.04289
18	48	1.04263
48	64	1.04232
36	70	-1.04205
14	18	1.04186
8	60	1.04182
6	16	1.04128
58	78	1.04121
22	38	1.04118
12	98	1.04091
22	24	-1.04089
38	88	-1.04069
30	72	-1.03889
78	86	1.0388
8	18	-1.0386
52	56	1.03833
12	68	1.03713
2	98	-1.03627
16	94	-1.03559
4	40	1.03536
8	64	-1.03504
50	72	-1.03448
26	66	1.03447
38	82	1.03391
72	88	-1.03332
18	34	-1.03322
4	28	-1.03306
8	10	-1.0319
26	34	1.03185
24	42	1.03096
20	40	-1.03029
34	80	1.03001
14	46	-1.02992
0	22	-1.02977
4	22	1.02961
58	60	1.02954
4	54	-1.02945
24	56	-1.02942
38	40	1.0292
60	66	1.02886
0	92	1.0288
24	96	-1.0283
46	94	1.02816
2	14	1.02718
32	50	1.02709
2	8	-1.02693
16	68	-1.02686
72	92	-1.02656
34	60	1.02601
2	62	-1.02559
14	32	-1.02525
52	62	-1.02523
10	82	1.02436
38	54	-1.02428
14	36	-1.02422
16	86	-1.02323
40	52	1.02319
0	88	1.02292
30	32	1.02265
32	68	1.02241
12	94	1.02235
46	84	1.02206
34	64	-1.02191
6	12	-1.02158
20	54	1.02145
38	92	-1.02009
0	56	-1.02004
20	96	-1.02002
12	14	-1.01977
38	50	-1.01944
10	62	-1.01919
22	72	1.01885
36	42	1.01876
20	28	1.0181
66	80	1.01798
24	40	-1.01781
12	50	1.01773
22	52	1.0175
40	72	1.01742
20	92	1.0174
58	80	1.01712
54	72	-1.01703
24	54	1.01686
12	84	1.01674
34	74	-1.01628
52	54	-1.01601
14	60	-1.01579
16	48	1.01573
44	52	1.01556
52	96	1.01547
30	38	-1.01545
16	58	-1.01524
46	68	1.01503
6	32	-1.01478
2	42	-1.01406
38	70	1.01401
26	58	1.01399
52	90	-1.01379
24	44	-1.01374
2	50	-1.01373
48	78	-1.01361
20	90	1.01354
66	74	-1.01328
32	94	1.01324
10	70	1.01323
10	30	-1.01303
28	52	-1.01232
46	58	1.01197
52	76	1.01158
42	72	-1.01158
0	28	1.01155
0	76	-1.0114
0	44	-1.01106
32	82	-1.01077
8	32	1.01066
6	64	1.01054
24	62	1.01039
16	66	-1.01033
36	82	-1.01031
24	76	-1.01016
34	46	1.0101
12	30	1.00996
26	48	-1.00984
10	50	-1.00955
36	98	1.00954
72	98	-1.00949
62	72	-1.00936
20	56	-1.00933
32	84	1.00869
38	98	-1.00855
60	84	1.00821
8	12	1.00808
6	18	1.008
20	88	1.00787
6	46	-1.00778
26	86	1.0074
18	66	-1.00726
48	74	1.00698
64	66	-1.00684
0	90	1.0068
8	36	1.00648
2	30	-1.0059
52	92	-1.00579
0	96	-1.00567
6	60	-1.00562
4	90	-1.00538
24	92	1.00537
10	42	-1.00491
4	96	1.0049
4	56	1.0046
38	62	-1.00426
12	82	-1.0042
2	82	1.00419
46	66	1.00404
30	36	1.00306
80	86	1.0029
52	88	-1.00248
60	94	1.00226
20	76	-1.00214
20	44	-1.00172
4	76	1.00139
24	88	1.00128
16	34	-1.00122
36	50	1.00113
70	72	1.0009
38	42	-1.00056
10	98	-1.00021
60	68	1.0002
4	44	1.0001
