11	63	199.929
3	21	199.687
1	79	199.682
27	41	199.631
77	91	199.538
59	79	199.516
51	75	199.335
27	37	199.19
53	99	198.939
45	93	198.924
85	93	198.876
23	87	198.602
1	15	198.516
39	49	198.455
61	73	198.444
1	59	198.424
45	97	198.144
93	97	197.803
37	41	197.749
15	79	197.67
65	87	197.649
3	55	197.568
7	85	197.388
35	89	197.333
19	23	-197.199
1	81	197.186
43	71	197.177
69	87	197.11
33	71	196.995
15	81	196.795
43	57	196.542
13	51	196.428
25	29	196.267
65	69	196.193
45	85	195.698
15	59	195.675
19	95	195.66
21	55	195.645
5	95	195.286
13	75	195.143
79	81	195.049
17	89	194.834
85	97	194.832
7	93	194.346
33	43	193.921
29	61	193.888
67	95	193.874
57	89	193.811
9	71	193.803
25	73	193.658
17	71	193.58
23	65	193.335
59	65	193.295
55	99	193.254
23	97	192.992
23	69	192.863
5	19	192.601
25	61	192.504
19	87	-192.481
17	43	192.476
13	35	192.13
43	89	191.944
59	81	191.672
23	95	-191.317
9	17	191.223
19	97	-190.716
29	73	190.508
33	73	190.479
5	67	190.371
65	79	190.134
7	45	189.973
53	55	189.6
35	57	189.129
29	77	188.912
9	61	188.816
87	97	188.726
41	51	188.349
47	83	188.205
57	71	187.982
29	91	187.966
87	95	-187.837
41	75	187.803
9	33	187.472
11	67	187.39
9	73	187.176
1	65	186.868
17	57	186.513
17	35	186.271
7	97	186.089
71	89	185.875
63	67	185.699
19	45	-185.693
23	45	185.536
15	65	185.433
19	65	-185.257
71	73	185.247
69	97	185.15
65	95	-184.842
27	51	184.635
27	75	184.524
9	43	184.461
33	61	184.407
53	81	184.324
3	99	184.314
59	87	183.869
23	93	183.814
33	57	183.764
35	51	183.328
59	69	183.284
17	33	182.939
35	47	-182.938
13	89	182.856
21	49	182.505
5	23	-182.477
35	43	182.437
19	69	-182.2
25	77	182.004
61	71	181.424
3	49	181.268
19	93	-181.217
19	67	180.891
21	99	180.847
3	53	180.647
79	87	179.712
13	57	179.481
45	87	179.122
23	85	179.033
25	91	178.999
87	93	178.835
15	67	-178.748
35	75	178.517
37	75	178.391
69	79	178.117
37	51	178.019
65	97	177.589
21	53	177.513
15	95	-177.443
81	99	177.247
91	99	-177.169
69	93	177.164
69	85	176.378
23	59	176.297
95	97	-176.165
1	87	175.684
47	89	-175.68
15	87	175.454
9	89	175.399
85	87	175.293
69	95	-175.273
33	89	175.153
5	87	-175.133
47	51	-174.862
45	69	174.692
13	41	174.354
53	91	-174.266
19	85	-174.222
59	95	-174.182
65	81	174.082
25	33	173.964
23	67	-173.911
43	73	173.68
21	39	173.541
1	69	173.466
79	95	-173.091
35	71	173.029
13	47	-172.973
5	97	-172.722
23	79	172.193
49	55	172.14
77	99	-171.859
3	39	171.673
1	53	171.478
63	77	171.413
1	95	-171.298
65	67	-171.027
67	87	-170.84
9	57	170.508
63	91	170.379
15	69	170.227
9	29	170.166
15	53	170.001
51	89	169.982
15	23	169.629
11	77	169.615
5	45	-169.601
1	67	-169.582
29	99	-169.56
13	27	169.438
61	77	169.325
67	79	-169.212
41	47	-168.961
45	95	-168.814
11	91	168.76
5	65	-168.606
53	77	-168.509
61	91	168.391
9	25	168.265
1	23	168.191
47	75	-168.038
17	73	167.873
43	61	167.76
11	95	167.751
59	67	-167.66
17	47	-167.566
19	59	-167.462
53	79	166.797
17	61	166.414
81	91	-166.153
29	33	165.972
67	81	-165.914
5	11	165.913
65	93	165.886
45	65	165.795
63	95	165.514
13	43	165.11
7	23	165.019
15	19	-164.826
39	83	164.825
75	89	164.687
27	47	-164.277
25	71	164.253
19	79	-164.241
73	77	164.138
93	95	-163.551
5	63	163.475
13	17	163.343
51	57	163.063
11	15	-163.062
7	69	162.839
65	85	162.728
1	99	162.695
29	53	-162.413
73	91	162.194
5	93	-162.171
9	49	-162.053
15	99	161.982
15	63	-161.976
81	95	-161.712
13	37	161.483
29	55	-161.417
33	35	161.253
81	87	161.088
39	55	161.084
9	35	160.929
53	59	160.919
1	19	-160.883
77	81	-160.85
7	19	-160.849
7	87	160.656
5	69	-160.193
55	61	-159.817
57	75	159.78
5	15	-159.621
29	71	159.611
61	99	-159.461
15	91	-159.37
55	91	-159.35
35	41	158.049
69	81	158.002
79	99	157.656
37	47	-157.289
57	73	156.896
67	69	-156.895
35	83	-156.645
85	95	-156.149
9	39	-155.978
55	81	155.888
11	81	-155.768
47	57	-155.54
9	55	-155.437
5	59	-155.271
63	81	-155.132
17	49	-155.063
49	83	155.037
15	77	-154.891
55	77	-154.472
67	97	-154.293
5	79	-154.197
17	83	-154.035
23	81	153.689
59	97	153.629
5	85	-153.522
1	91	-153.104
83	89	-153.059
17	39	-152.984
3	9	-152.645
1	5	-152.502
25	99	-152.431
27	35	152.182
1	11	-151.966
59	99	151.494
43	47	-151.386
73	89	151.352
25	43	151.119
1	63	-150.909
13	71	150.89
53	61	-150.798
3	61	-150.598
57	61	150.117
9	21	-149.739
11	79	-149.511
11	19	149.474
3	29	-149.189
73	99	-149.137
17	51	149.104
55	73	-148.948
31	37	-148.537
79	91	-148.418
49	99	148.413
1	77	-148.366
63	79	-148.363
79	97	148.293
15	37	-148.122
19	81	-147.917
43	51	147.784
67	91	147.728
61	89	147.527
7	65	147.462
19	63	147.186
15	27	-146.921
45	67	-146.868
67	75	146.866
51	67	146.504
67	77	146.25
21	61	-146.134
27	31	-146.019
3	91	-146.018
47	71	-145.94
11	59	-145.871
5	51	145.808
5	13	145.807
25	53	-145.783
15	41	-145.769
37	81	-145.697
7	31	145.638
1	37	-145.565
3	81	145.391
23	47	145.32
51	83	-145.183
39	47	144.999
51	95	144.89
47	87	144.839
41	83	-144.801
41	67	144.799
49	61	-144.707
37	79	-144.669
59	63	-144.656
5	75	144.595
25	55	-144.582
29	43	144.579
15	97	144.277
21	29	-144.272
17	25	144.252
31	41	-144.125
77	79	-143.956
1	27	-143.905
47	97	143.884
27	67	143.772
5	81	-143.735
9	99	-143.687
41	95	143.67
1	97	143.637
35	37	143.591
43	75	143.58
27	79	-143.347
11	65	-143.276
47	69	143.264
17	75	143.263
37	59	-143.034
27	81	-142.856
75	95	142.851
5	35	142.775
21	81	142.767
11	23	-142.729
59	91	-142.713
19	47	-142.632
17	29	142.583
1	41	-142.575
9	47	-142.442
13	83	-142.42
41	79	-142.281
41	89	142.272
7	95	-142.263
49	71	-142.231
27	95	142.18
5	7	-142.159
27	59	-142.07
63	65	-141.728
21	91	-141.646
3	77	-141.618
67	93	-141.609
49	53	141.493
37	67	141.438
13	33	141.414
41	59	-141.3
47	65	141.28
27	83	-141.274
1	55	141.252
13	67	141.227
53	73	-141.223
11	87	-141.049
13	95	141.014
45	59	140.947
59	93	140.862
19	35	140.784
23	63	-140.778
47	93	140.709
41	81	-140.671
45	47	140.619
69	83	140.387
11	75	140.385
3	73	-140.299
53	63	-140.28
29	81	-140.262
39	89	-140.211
49	89	-140.209
11	53	-139.902
29	63	139.808
41	65	-139.708
19	51	139.659
37	95	139.594
63	87	-139.337
63	75	139.313
47	85	139.205
27	65	-139.203
75	83	-139.202
15	55	139.098
83	85	139.031
9	77	138.673
59	77	-138.656
9	83	-138.65
63	99	-138.614
9	91	138.567
37	65	-138.439
59	85	138.02
19	41	138.003
47	49	137.994
11	99	-137.941
35	95	137.815
11	29	137.767
47	95	-137.765
39	71	-137.626
13	19	137.619
21	77	-137.43
39	61	-137.426
41	87	-137.401
39	99	137.35
23	41	-137.24
5	89	137.233
5	41	137.203
11	51	136.903
55	79	136.685
27	89	136.587
17	45	-136.575
49	73	-136.514
7	83	136.494
11	27	136.409
11	41	136.397
27	87	-136.382
19	27	136.367
7	39	136.366
19	75	136.314
21	73	-136.263
83	93	136.242
53	65	136.24
37	83	-136.231
83	97	136.109
29	49	-136.047
45	79	135.945
23	27	-135.933
19	89	135.798
35	73	135.782
27	63	135.777
55	71	-135.715
51	63	135.707
41	63	135.655
53	67	-135.595
35	39	-135.581
83	87	135.475
79	93	135.474
9	13	135.459
31	55	135.367
67	85	-135.271
11	37	135.265
5	27	135.204
7	49	135.199
23	35	-135.129
25	63	135.063
37	87	-134.976
35	45	-134.967
31	99	134.964
45	89	-134.883
37	63	134.787
71	83	-134.64
33	77	134.574
25	57	134.552
9	53	-134.547
35	97	-134.501
51	71	134.387
43	49	-134.285
23	51	-134.222
3	17	-134.135
23	37	-134.111
43	83	-133.971
19	37	133.946
33	47	-133.895
3	71	-133.824
7	47	133.812
3	25	-133.674
35	49	-133.598
23	83	133.436
17	93	-133.299
17	21	-132.998
31	85	132.923
41	57	132.921
5	47	-132.899
11	25	132.889
33	55	-132.797
89	97	-132.78
17	55	-132.719
15	45	132.712
33	91	132.671
65	83	132.502
5	57	132.482
17	97	-132.455
79	85	132.44
1	3	132.264
45	83	132.26
57	83	-132.159
31	53	132.099
35	61	132.066
5	37	131.915
21	71	-131.899
1	45	131.686
41	69	-131.498
55	59	131.385
51	87	-131.277
31	93	131.199
11	69	-131.159
15	93	131.114
39	85	131.078
1	93	130.995
39	53	130.928
39	43	-130.91
15	51	-130.859
35	67	130.822
27	69	-130.767
3	31	130.724
33	49	-130.656
35	93	-130.626
13	23	-130.614
39	73	-130.577
37	53	-130.567
89	93	-130.522
89	95	130.415
31	45	130.368
1	21	130.299
15	29	-130.298
35	87	-130.28
11	13	130.253
47	59	130.25
23	75	-130.231
67	99	-130.111
51	65	-130.04
63	69	-130.003
71	75	129.972
37	69	-129.929
23	89	-129.911
37	91	129.89
15	75	-129.811
17	85	-129.706
91	95	129.58
29	39	-129.575
3	15	129.465
21	25	-129.434
81	97	129.197
3	33	-129.167
13	63	128.895
25	81	-128.848
49	85	128.844
17	19	128.821
31	47	128.744
37	89	128.688
31	51	-128.474
3	79	128.318
21	31	128.301
25	89	128.294
49	57	-128.123
27	57	128.049
41	97	-128.024
1	85	127.924
29	57	127.908
37	77	127.795
65	99	127.792
7	17	-127.76
77	95	127.671
71	77	127.607
33	99	-127.596
31	75	-127.592
9	45	-127.498
1	29	-127.469
47	79	127.391
25	49	-127.346
15	21	127.306
15	85	127.297
47	67	-127.251
75	87	-127.248
21	33	-127.066
27	97	-127
39	93	126.909
65	91	-126.733
5	17	126.684
21	79	126.571
51	79	-126.562
71	91	126.527
13	87	-126.517
19	83	-126.513
71	99	-126.472
65	75	-126.434
37	99	-126.427
51	59	-126.338
1	51	-126.244
33	83	-126.2
51	97	-126.194
27	91	126.179
11	97	-126.171
53	95	-126.112
39	57	-126.09
33	39	-125.929
37	97	-125.928
41	45	-125.89
85	89	-125.78
35	85	-125.694
3	43	-125.686
5	43	125.64
27	53	-125.475
19	57	125.31
33	51	125.281
43	55	-125.258
9	93	-125.249
49	93	125.213
27	45	-125.192
9	31	-125.115
21	43	-125.003
15	47	124.984
7	9	-124.881
49	91	-124.852
35	65	-124.821
1	47	124.793
13	97	-124.771
1	75	-124.761
45	51	-124.707
29	89	124.706
75	79	-124.691
37	45	-124.655
45	71	-124.626
63	97	-124.604
87	89	-124.596
17	41	124.43
7	59	124.419
7	67	-124.413
17	23	-124.352
27	77	124.331
65	77	-124.317
55	63	-124.255
13	45	-124.163
49	77	-124.05
59	75	-124.017
29	31	-124.008
3	59	123.829
13	65	-123.782
31	61	-123.776
25	39	-123.729
29	79	-123.718
43	45	-123.708
61	81	-123.704
53	87	123.669
35	69	-123.649
11	55	-123.553
41	93	-123.489
41	91	123.245
9	85	-123.19
51	69	-123.124
13	39	-123.068
27	93	-122.954
39	45	122.914
51	81	-122.755
37	93	-122.732
57	95	122.605
75	81	-122.419
31	91	-122.372
53	69	122.369
21	59	122.341
67	89	122.184
31	49	122.103
41	53	-122.062
9	51	122.035
75	97	-122.033
45	49	121.85
33	75	121.82
33	53	-121.764
59	83	121.741
19	43	121.713
7	89	-121.575
45	57	-121.552
41	77	121.548
37	57	121.432
13	15	-121.324
15	25	-121.322
21	63	-121.319
27	99	-121.271
9	97	-121.256
3	63	-121.167
73	83	-120.933
71	93	-120.903
45	75	-120.89
11	21	-120.842
21	57	-120.737
41	43	120.71
39	97	120.697
3	11	-120.614
51	93	-120.544
11	45	-120.505
7	35	-120.451
31	97	120.294
17	95	120.29
31	83	120.236
13	31	-120.233
39	77	-120.215
17	31	-120.173
41	85	-120.137
13	49	-120.112
43	97	-120.088
3	57	-120.016
83	95	-119.976
21	89	-119.949
5	91	119.941
95	99	-119.924
39	91	-119.92
37	85	-119.912
31	77	-119.897
3	89	-119.823
1	25	-119.821
27	85	-119.794
71	97	-119.793
53	71	-119.711
17	27	119.703
29	59	-119.665
7	79	119.632
13	93	-119.479
31	35	-119.37
61	83	-119.349
17	99	-119.343
43	93	-119.31
57	97	-119.264
39	63	-119.137
69	89	-119.119
45	81	119.116
17	87	-119.094
69	75	-119.046
45	63	-119.025
5	77	118.962
5	71	118.719
61	63	118.673
13	69	-118.557
13	59	-118.446
11	93	-118.418
49	97	118.388
65	89	-118.362
25	83	-118.351
87	91	-118.318
73	81	-118.282
47	73	-118.236
23	57	-118.235
79	83	118.22
11	39	-118.22
57	67	118.207
81	93	118.199
39	51	-118.197
13	79	-118.149
7	37	-118.033
41	99	-117.873
23	53	117.806
9	75	117.748
31	39	117.586
71	85	-117.518
31	73	-117.516
19	71	117.502
1	13	-117.49
25	79	-117.487
63	93	-117.261
29	67	117.235
39	75	-117.224
11	61	117.084
31	89	-117.005
55	57	-116.986
7	27	-116.979
55	89	-116.84
11	85	-116.804
57	93	-116.766
49	63	-116.725
7	41	-116.72
87	99	116.71
75	93	-116.671
77	87	-116.669
7	21	116.663
21	83	116.621
27	43	116.51
3	7	116.508
13	73	116.49
7	71	-116.434
43	95	116.418
47	81	116.274
47	61	-116.266
31	81	116.22
69	91	-116.147
33	45	-116.111
43	99	-116.052
63	85	-116.034
1	7	115.952
51	85	-115.935
43	77	115.912
11	49	-115.877
25	35	115.829
3	83	115.765
23	43	-115.725
63	73	115.685
17	69	-115.546
81	85	115.53
1	83	115.414
7	15	115.376
69	99	115.331
69	77	-115.3
25	59	-115.262
43	85	-115.25
11	35	115.046
35	59	-115.005
23	91	-114.975
43	91	114.9
31	71	-114.844
19	91	114.672
13	85	-114.624
17	77	114.58
5	53	-114.562
25	31	-114.528
5	83	-114.463
19	53	-114.277
17	91	114.269
15	35	-114.168
11	73	114.162
15	61	-114.146
49	51	-114.005
57	87	-113.879
9	19	113.856
55	67	-113.84
35	63	113.762
17	37	113.633
13	81	-113.601
15	83	113.559
23	77	-113.512
35	79	-113.442
1	61	-113.329
19	77	113.278
49	75	-113.137
21	35	-113.129
75	91	113.123
7	11	-113.078
5	33	113.029
13	61	113.002
37	55	-113.002
11	47	-112.972
33	93	-112.967
17	53	-112.876
7	55	112.874
29	35	112.822
7	43	-112.787
7	63	-112.725
23	71	-112.649
75	77	112.595
3	35	-112.383
57	85	-112.34
75	85	-112.258
47	63	-112.253
33	97	-112.199
17	65	-112.127
55	65	111.983
25	67	111.959
23	99	111.956
1	35	-111.906
7	61	-111.836
67	83	-111.718
41	71	111.707
29	83	-111.647
29	37	111.598
43	87	-111.501
5	9	111.427
43	53	-111.417
37	43	111.201
45	61	-111.2
63	83	-111.163
7	51	-111.14
39	69	110.984
17	67	110.964
71	95	110.865
11	83	-110.727
61	79	-110.711
45	73	-110.67
19	33	110.663
51	91	110.619
9	23	-110.618
49	81	110.61
31	43	-110.544
33	85	-110.471
43	67	110.431
21	67	-110.384
55	83	110.353
3	67	-110.33
1	73	-110.309
15	73	-110.275
57	65	-110.259
57	69	-110.096
5	99	-110.055
23	39	109.951
51	77	109.941
7	73	-109.887
7	13	-109.859
61	93	-109.842
31	33	-109.673
21	85	109.504
7	33	-109.462
1	31	109.397
3	85	109.396
15	31	109.339
19	99	-109.339
43	69	-109.228
61	85	-109.211
73	93	-109.177
7	57	-109.059
13	21	-109.003
27	55	-108.805
35	55	-108.787
59	89	-108.691
71	87	-108.669
39	87	108.653
73	79	-108.519
73	85	-108.473
27	71	108.434
31	57	-108.425
19	39	-108.253
25	47	-108.201
27	29	108.165
59	61	-108.158
3	37	-108.157
7	75	-108.14
57	99	-108.13
25	69	-108.075
81	83	107.845
11	89	107.842
9	81	-107.799
29	65	-107.651
21	47	107.549
31	79	107.477
53	75	-107.45
69	71	-107.447
43	65	-107.439
11	57	107.429
3	93	107.406
3	65	107.395
21	37	-107.372
25	37	107.315
21	93	107.315
3	47	107.267
23	49	107.259
49	69	107.184
79	89	-107.11
25	65	-107.097
15	89	-107.085
3	13	-107.079
23	33	-107.055
59	73	-106.984
39	41	-106.961
7	81	106.858
63	89	106.82
19	31	-106.762
9	87	-106.702
89	99	-106.662
55	85	106.638
21	65	106.617
33	41	106.613
35	81	-106.599
33	69	-106.545
57	63	106.482
77	83	-106.482
51	73	106.46
73	97	-106.422
51	53	-106.407
29	95	106.392
41	55	-106.349
7	25	-106.347
9	95	106.344
55	95	-106.313
19	49	-106.298
61	97	-106.286
5	39	-106.121
7	29	-106.076
57	77	106.065
21	75	-105.949
3	45	105.949
29	41	105.943
23	31	105.892
57	59	-105.859
53	57	-105.785
33	95	105.777
1	89	-105.73
21	45	105.73
49	87	105.718
33	81	-105.611
9	41	105.598
9	69	-105.486
31	59	105.431
55	93	105.42
57	91	105.411
39	81	105.405
55	87	105.061
33	87	-105.022
27	39	-105.018
3	27	-105.01
67	71	104.969
75	99	-104.964
25	85	-104.935
57	79	-104.779
55	69	104.76
5	49	-104.736
25	27	104.702
29	69	-104.671
39	67	-104.671
37	71	104.636
29	47	-104.618
21	27	-104.585
51	61	104.576
45	55	104.55
73	75	104.549
65	71	-104.525
47	55	104.502
21	51	-104.464
27	33	104.403
53	97	104.383
61	67	104.38
77	89	104.311
39	65	104.301
83	91	-104.277
3	75	-104.209
89	91	104.083
1	49	104.059
13	91	103.986
5	21	-103.973
51	99	-103.892
1	57	-103.876
13	25	103.864
7	99	103.855
69	73	-103.775
15	57	-103.703
33	59	-103.69
25	93	-103.678
13	77	103.675
31	87	103.648
39	95	-103.537
3	95	-103.486
33	65	-103.474
9	27	103.437
5	31	-103.424
21	95	-103.403
29	85	-103.401
25	87	-103.359
15	49	103.349
25	45	-103.347
41	49	-103.336
31	63	-103.322
3	41	-103.319
49	67	-103.311
53	89	-103.298
1	33	-103.291
31	69	103.285
33	79	-103.263
25	95	103.207
43	59	-103.142
91	97	-103.135
21	41	-103.127
25	41	103.096
17	59	-103.09
29	45	-103.054
3	5	-103.039
11	31	-103.019
3	51	-103.011
61	75	102.973
29	87	-102.936
3	97	102.882
5	73	102.854
77	97	-102.835
29	93	-102.819
21	97	102.796
13	55	-102.791
67	73	102.73
49	79	102.713
37	39	-102.695
5	29	102.644
37	61	102.642
9	63	102.638
5	55	-102.63
23	55	102.627
3	69	102.593
19	73	102.499
71	81	-102.488
3	87	102.385
13	29	102.34
21	69	102.301
9	15	-102.25
33	63	102.241
33	67	102.209
9	65	-102.208
49	65	102.166
33	37	102.159
43	79	-102.131
97	99	102.127
7	77	-102.117
19	61	102.055
9	11	102.04
1	9	-102.027
7	53	102.004
27	49	-101.971
5	61	101.971
11	43	101.956
21	87	101.952
55	97	101.937
13	53	-101.928
49	95	-101.883
17	79	-101.879
81	89	-101.87
25	97	-101.816
11	33	101.801
31	65	101.77
61	69	-101.745
65	73	-101.707
15	17	-101.677
45	53	101.659
55	75	-101.634
83	99	101.615
49	59	101.601
35	99	-101.583
57	81	-101.583
53	93	101.571
77	85	-101.553
31	95	-101.522
43	63	101.503
15	33	-101.478
1	43	-101.461
9	67	101.422
47	53	101.363
9	37	101.332
19	55	-101.304
45	99	101.29
93	99	101.289
1	39	101.287
7	91	-101.282
5	25	101.23
85	99	101.221
29	75	101.202
23	73	-101.2
37	73	101.193
59	71	-101.186
23	29	-101.18
61	65	-101.167
53	85	101.149
11	17	101.13
23	25	-101.124
1	17	-101.053
19	29	101.01
9	79	-100.999
27	61	100.99
15	39	100.91
85	91	-100.906
73	87	-100.9
61	95	100.857
3	23	100.849
35	91	100.822
43	81	-100.816
51	55	-100.792
15	43	-100.778
47	99	100.77
35	77	100.747
17	63	100.745
77	93	-100.726
39	79	100.723
71	79	-100.707
29	97	-100.702
23	61	-100.692
45	91	-100.682
29	51	100.682
37	49	-100.658
47	77	-100.637
1	71	-100.627
13	99	-100.617
31	67	-100.615
63	71	100.609
21	23	100.571
91	93	-100.563
39	59	100.543
11	71	100.524
53	83	100.523
45	77	-100.51
47	91	-100.497
73	95	100.487
41	61	100.35
25	75	100.316
9	59	-100.278
25	51	100.278
35	53	-100.267
27	73	100.178
3	19	-100.175
17	81	-100.173
19	21	-100.157
61	87	-100.144
19	25	100.097
15	71	-100.065
41	73	100.004
38	39	20
64	65	20
94	95	20
24	25	20
60	61	20
56	57	20
42	43	20
66	67	20
50	51	20
32	33	20
72	73	20
34	35	20
68	69	20
78	79	20
40	41	20
96	97	20
82	83	20
58	59	20
26	27	20
86	87	20
76	77	20
20	21	20
62	63	20
18	19	20
54	55	20
44	45	20
84	85	20
36	37	20
52	53	20
46	47	20
90	91	20
48	49	20
22	23	20
80	81	20
28	29	20
14	15	20
30	31	20
16	17	20
74	75	20
92	93	20
70	71	20
88	89	20
0	1	20
98	99	20
10	11	20
4	5	20
12	13	20
8	9	20
6	7	20
2	3	20
10	63	19.9929
11	62	19.9929
2	21	19.9687
3	20	19.9687
0	79	19.9682
1	78	19.9682
26	41	19.9631
27	40	19.9631
76	91	19.9538
77	90	19.9538
59	78	19.9516
58	79	19.9516
51	74	19.9335
50	75	19.9335
26	37	19.919
27	36	19.919
53	98	19.8939
52	99	19.8939
45	92	19.8924
44	93	19.8924
84	93	19.8876
85	92	19.8876
23	86	19.8602
22	87	19.8602
1	14	19.8516
0	15	19.8516
39	48	19.8455
38	49	19.8455
60	73	19.8444
61	72	19.8444
1	58	19.8424
0	59	19.8424
44	97	19.8144
45	96	19.8144
93	96	19.7803
92	97	19.7803
36	41	19.7749
37	40	19.7749
15	78	19.767
14	79	19.767
65	86	19.7649
64	87	19.7649
2	55	19.7568
3	54	19.7568
6	85	19.7388
7	84	19.7388
35	88	19.7333
34	89	19.7333
18	23	-19.7199
19	22	-19.7199
0	81	19.7186
1	80	19.7186
42	71	19.7177
43	70	19.7177
68	87	19.711
69	86	19.711
33	70	19.6995
32	71	19.6995
14	81	19.6795
15	80	19.6795
42	57	19.6542
43	56	19.6542
12	51	19.6428
13	50	19.6428
24	29	19.6267
25	28	19.6267
65	68	19.6193
64	69	19.6193
44	85	19.5698
45	84	19.5698
15	58	19.5675
14	59	19.5675
18	95	19.566
19	94	19.566
20	55	19.5645
21	54	19.5645
5	94	19.5286
4	95	19.5286
13	74	19.5143
12	75	19.5143
78	81	19.5049
79	80	19.5049
17	88	19.4834
16	89	19.4834
85	96	19.4832
84	97	19.4832
7	92	19.4346
6	93	19.4346
33	42	19.3921
32	43	19.3921
29	60	19.3888
28	61	19.3888
66	95	19.3874
67	94	19.3874
57	88	19.3811
56	89	19.3811
9	70	19.3803
8	71	19.3803
25	72	19.3658
24	73	19.3658
16	71	19.358
17	70	19.358
23	64	19.3335
22	65	19.3335
58	65	19.3295
59	64	19.3295
55	98	19.3254
54	99	19.3254
22	97	19.2992
23	96	19.2992
22	69	19.2863
23	68	19.2863
4	19	19.2601
5	18	19.2601
25	60	19.2504
24	61	19.2504
19	86	-19.2481
18	87	-19.2481
17	42	19.2476
16	43	19.2476
13	34	19.213
12	35	19.213
43	88	19.1944
42	89	19.1944
59	80	19.1672
58	81	19.1672
23	94	-19.1317
22	95	-19.1317
9	16	19.1223
8	17	19.1223
19	96	-19.0716
18	97	-19.0716
29	72	19.0508
28	73	19.0508
32	73	19.0479
33	72	19.0479
5	66	19.0371
4	67	19.0371
65	78	19.0134
64	79	19.0134
6	45	18.9973
7	44	18.9973
53	54	18.96
52	55	18.96
34	57	18.9129
35	56	18.9129
29	76	18.8912
28	77	18.8912
9	60	18.8816
8	61	18.8816
87	96	18.8726
86	97	18.8726
40	51	18.8349
41	50	18.8349
46	83	18.8205
47	82	18.8205
57	70	18.7982
56	71	18.7982
28	91	18.7966
29	90	18.7966
86	95	-18.7837
87	94	-18.7837
41	74	18.7803
40	75	18.7803
8	33	18.7472
9	32	18.7472
10	67	18.739
11	66	18.739
8	73	18.7176
9	72	18.7176
0	65	18.6868
1	64	18.6868
16	57	18.6513
17	56	18.6513
17	34	18.6271
16	35	18.6271
6	97	18.6089
7	96	18.6089
70	89	18.5875
71	88	18.5875
63	66	18.5699
62	67	18.5699
19	44	-18.5693
18	45	-18.5693
23	44	18.5536
22	45	18.5536
14	65	18.5433
15	64	18.5433
19	64	-18.5257
18	65	-18.5257
71	72	18.5247
70	73	18.5247
69	96	18.515
68	97	18.515
64	95	-18.4842
65	94	-18.4842
27	50	18.4635
26	51	18.4635
27	74	18.4524
26	75	18.4524
8	43	18.4461
9	42	18.4461
33	60	18.4407
32	61	18.4407
53	80	18.4324
52	81	18.4324
2	99	18.4314
3	98	18.4314
58	87	18.3869
59	86	18.3869
22	93	18.3814
23	92	18.3814
33	56	18.3764
32	57	18.3764
35	50	18.3328
34	51	18.3328
58	69	18.3284
59	68	18.3284
16	33	18.2939
17	32	18.2939
34	47	-18.2938
35	46	-18.2938
12	89	18.2856
13	88	18.2856
20	49	18.2505
21	48	18.2505
4	23	-18.2477
5	22	-18.2477
34	43	18.2437
35	42	18.2437
19	68	-18.22
18	69	-18.22
24	77	18.2004
25	76	18.2004
60	71	18.1424
61	70	18.1424
2	49	18.1268
3	48	18.1268
18	93	-18.1217
19	92	-18.1217
18	67	18.0891
19	66	18.0891
20	99	18.0847
21	98	18.0847
2	53	18.0647
3	52	18.0647
79	86	17.9712
78	87	17.9712
13	56	17.9481
12	57	17.9481
45	86	17.9122
44	87	17.9122
22	85	17.9033
23	84	17.9033
24	91	17.8999
25	90	17.8999
87	92	17.8835
86	93	17.8835
14	67	-17.8748
15	66	-17.8748
34	75	17.8517
35	74	17.8517
37	74	17.8391
36	75	17.8391
69	78	17.8117
68	79	17.8117
37	50	17.8019
36	51	17.8019
65	96	17.7589
64	97	17.7589
21	52	17.7513
20	53	17.7513
14	95	-17.7443
15	94	-17.7443
80	99	17.7247
81	98	17.7247
90	99	-17.7169
91	98	-17.7169
69	92	17.7164
68	93	17.7164
69	84	17.6378
68	85	17.6378
23	58	17.6297
22	59	17.6297
95	96	-17.6165
94	97	-17.6165
1	86	17.5684
0	87	17.5684
47	88	-17.568
46	89	-17.568
15	86	17.5454
14	87	17.5454
9	88	17.5399
8	89	17.5399
84	87	17.5293
85	86	17.5293
69	94	-17.5273
68	95	-17.5273
32	89	17.5153
33	88	17.5153
5	86	-17.5133
4	87	-17.5133
46	51	-17.4862
47	50	-17.4862
45	68	17.4692
44	69	17.4692
12	41	17.4354
13	40	17.4354
53	90	-17.4266
52	91	-17.4266
18	85	-17.4222
19	84	-17.4222
59	94	-17.4182
58	95	-17.4182
65	80	17.4082
64	81	17.4082
25	32	17.3964
24	33	17.3964
23	66	-17.3911
22	67	-17.3911
43	72	17.368
42	73	17.368
21	38	17.3541
20	39	17.3541
1	68	17.3466
0	69	17.3466
79	94	-17.3091
78	95	-17.3091
34	71	17.3029
35	70	17.3029
12	47	-17.2973
13	46	-17.2973
4	97	-17.2722
5	96	-17.2722
22	79	17.2193
23	78	17.2193
49	54	17.214
48	55	17.214
77	98	-17.1859
76	99	-17.1859
3	38	17.1673
2	39	17.1673
0	53	17.1478
1	52	17.1478
63	76	17.1413
62	77	17.1413
1	94	-17.1298
0	95	-17.1298
64	67	-17.1027
65	66	-17.1027
67	86	-17.084
66	87	-17.084
9	56	17.0508
8	57	17.0508
63	90	17.0379
62	91	17.0379
14	69	17.0227
15	68	17.0227
9	28	17.0166
8	29	17.0166
14	53	17.0001
15	52	17.0001
50	89	16.9982
51	88	16.9982
15	22	16.9629
14	23	16.9629
11	76	16.9615
10	77	16.9615
5	44	-16.9601
4	45	-16.9601
1	66	-16.9582
0	67	-16.9582
29	98	-16.956
28	99	-16.956
12	27	16.9438
13	26	16.9438
60	77	16.9325
61	76	16.9325
66	79	-16.9212
67	78	-16.9212
41	46	-16.8961
40	47	-16.8961
44	95	-16.8814
45	94	-16.8814
11	90	16.876
10	91	16.876
4	65	-16.8606
5	64	-16.8606
53	76	-16.8509
52	77	-16.8509
61	90	16.8391
60	91	16.8391
8	25	16.8265
9	24	16.8265
1	22	16.8191
0	23	16.8191
46	75	-16.8038
47	74	-16.8038
17	72	16.7873
16	73	16.7873
42	61	16.776
43	60	16.776
10	95	16.7751
11	94	16.7751
59	66	-16.766
58	67	-16.766
16	47	-16.7566
17	46	-16.7566
18	59	-16.7462
19	58	-16.7462
53	78	16.6797
52	79	16.6797
17	60	16.6414
16	61	16.6414
81	90	-16.6153
80	91	-16.6153
28	33	16.5972
29	32	16.5972
67	80	-16.5914
66	81	-16.5914
5	10	16.5913
4	11	16.5913
64	93	16.5886
65	92	16.5886
44	65	16.5795
45	64	16.5795
63	94	16.5514
62	95	16.5514
12	43	16.511
13	42	16.511
7	22	16.5019
6	23	16.5019
15	18	-16.4826
14	19	-16.4826
39	82	16.4825
38	83	16.4825
74	89	16.4687
75	88	16.4687
27	46	-16.4277
26	47	-16.4277
25	70	16.4253
24	71	16.4253
18	79	-16.4241
19	78	-16.4241
72	77	16.4138
73	76	16.4138
92	95	-16.3551
93	94	-16.3551
4	63	16.3475
5	62	16.3475
12	17	16.3343
13	16	16.3343
51	56	16.3063
50	57	16.3063
10	15	-16.3062
11	14	-16.3062
7	68	16.2839
6	69	16.2839
65	84	16.2728
64	85	16.2728
0	99	16.2695
1	98	16.2695
28	53	-16.2413
29	52	-16.2413
72	91	16.2194
73	90	16.2194
4	93	-16.2171
5	92	-16.2171
8	49	-16.2053
9	48	-16.2053
15	98	16.1982
14	99	16.1982
15	62	-16.1976
14	63	-16.1976
80	95	-16.1712
81	94	-16.1712
12	37	16.1483
13	36	16.1483
28	55	-16.1417
29	54	-16.1417
32	35	16.1253
33	34	16.1253
81	86	16.1088
80	87	16.1088
39	54	16.1084
38	55	16.1084
8	35	16.0929
9	34	16.0929
52	59	16.0919
53	58	16.0919
0	19	-16.0883
1	18	-16.0883
77	80	-16.085
76	81	-16.085
7	18	-16.0849
6	19	-16.0849
6	87	16.0656
7	86	16.0656
5	68	-16.0193
4	69	-16.0193
55	60	-15.9817
54	61	-15.9817
57	74	15.978
56	75	15.978
4	15	-15.9621
5	14	-15.9621
28	71	15.9611
29	70	15.9611
61	98	-15.9461
60	99	-15.9461
14	91	-15.937
15	90	-15.937
55	90	-15.935
54	91	-15.935
35	40	15.8049
34	41	15.8049
69	80	15.8002
68	81	15.8002
79	98	15.7656
78	99	15.7656
37	46	-15.7289
36	47	-15.7289
57	72	15.6896
56	73	15.6896
67	68	-15.6895
66	69	-15.6895
34	83	-15.6645
35	82	-15.6645
84	95	-15.6149
85	94	-15.6149
9	38	-15.5978
8	39	-15.5978
54	81	15.5888
55	80	15.5888
11	80	-15.5768
10	81	-15.5768
47	56	-15.554
46	57	-15.554
8	55	-15.5437
9	54	-15.5437
5	58	-15.5271
4	59	-15.5271
62	81	-15.5132
63	80	-15.5132
17	48	-15.5063
16	49	-15.5063
48	83	15.5037
49	82	15.5037
14	77	-15.4891
15	76	-15.4891
55	76	-15.4472
54	77	-15.4472
67	96	-15.4293
66	97	-15.4293
4	79	-15.4197
5	78	-15.4197
16	83	-15.4035
17	82	-15.4035
23	80	15.3689
22	81	15.3689
59	96	15.3629
58	97	15.3629
5	84	-15.3522
4	85	-15.3522
0	91	-15.3104
1	90	-15.3104
83	88	-15.3059
82	89	-15.3059
16	39	-15.2984
17	38	-15.2984
3	8	-15.2645
2	9	-15.2645
0	5	-15.2502
1	4	-15.2502
24	99	-15.2431
25	98	-15.2431
26	35	15.2182
27	34	15.2182
0	11	-15.1966
1	10	-15.1966
58	99	15.1494
59	98	15.1494
43	46	-15.1386
42	47	-15.1386
72	89	15.1352
73	88	15.1352
25	42	15.1119
24	43	15.1119
0	63	-15.0909
1	62	-15.0909
13	70	15.089
12	71	15.089
53	60	-15.0798
52	61	-15.0798
2	61	-15.0598
3	60	-15.0598
57	60	15.0117
56	61	15.0117
8	21	-14.9739
9	20	-14.9739
11	78	-14.9511
10	79	-14.9511
11	18	14.9474
10	19	14.9474
2	29	-14.9189
3	28	-14.9189
72	99	-14.9137
73	98	-14.9137
17	50	14.9104
16	51	14.9104
54	73	-14.8948
55	72	-14.8948
31	36	-14.8537
30	37	-14.8537
78	91	-14.8418
79	90	-14.8418
49	98	14.8413
48	99	14.8413
1	76	-14.8366
0	77	-14.8366
63	78	-14.8363
62	79	-14.8363
78	97	14.8293
79	96	14.8293
14	37	-14.8122
15	36	-14.8122
18	81	-14.7917
19	80	-14.7917
43	50	14.7784
42	51	14.7784
67	90	14.7728
66	91	14.7728
61	88	14.7527
60	89	14.7527
6	65	14.7462
7	64	14.7462
18	63	14.7186
19	62	14.7186
14	27	-14.6921
15	26	-14.6921
45	66	-14.6868
44	67	-14.6868
66	75	14.6866
67	74	14.6866
51	66	14.6504
50	67	14.6504
67	76	14.625
66	77	14.625
20	61	-14.6134
21	60	-14.6134
27	30	-14.6019
26	31	-14.6019
3	90	-14.6018
2	91	-14.6018
46	71	-14.594
47	70	-14.594
11	58	-14.5871
10	59	-14.5871
4	51	14.5808
5	50	14.5808
4	13	14.5807
5	12	14.5807
24	53	-14.5783
25	52	-14.5783
14	41	-14.5769
15	40	-14.5769
37	80	-14.5697
36	81	-14.5697
7	30	14.5638
6	31	14.5638
1	36	-14.5565
0	37	-14.5565
3	80	14.5391
2	81	14.5391
23	46	14.532
22	47	14.532
51	82	-14.5183
50	83	-14.5183
38	47	14.4999
39	46	14.4999
51	94	14.489
50	95	14.489
47	86	14.4839
46	87	14.4839
41	82	-14.4801
40	83	-14.4801
40	67	14.4799
41	66	14.4799
49	60	-14.4707
48	61	-14.4707
37	78	-14.4669
36	79	-14.4669
58	63	-14.4656
59	62	-14.4656
5	74	14.4595
4	75	14.4595
24	55	-14.4582
25	54	-14.4582
28	43	14.4579
29	42	14.4579
15	96	14.4277
14	97	14.4277
21	28	-14.4272
20	29	-14.4272
16	25	14.4252
17	24	14.4252
31	40	-14.4125
30	41	-14.4125
77	78	-14.3956
76	79	-14.3956
0	27	-14.3905
1	26	-14.3905
46	97	14.3884
47	96	14.3884
27	66	14.3772
26	67	14.3772
5	80	-14.3735
4	81	-14.3735
9	98	-14.3687
8	99	-14.3687
40	95	14.367
41	94	14.367
0	97	14.3637
1	96	14.3637
34	37	14.3591
35	36	14.3591
42	75	14.358
43	74	14.358
26	79	-14.3347
27	78	-14.3347
10	65	-14.3276
11	64	-14.3276
46	69	14.3264
47	68	14.3264
16	75	14.3263
17	74	14.3263
37	58	-14.3034
36	59	-14.3034
26	81	-14.2856
27	80	-14.2856
74	95	14.2851
75	94	14.2851
4	35	14.2775
5	34	14.2775
20	81	14.2767
21	80	14.2767
10	23	-14.2729
11	22	-14.2729
59	90	-14.2713
58	91	-14.2713
18	47	-14.2632
19	46	-14.2632
17	28	14.2583
16	29	14.2583
0	41	-14.2575
1	40	-14.2575
8	47	-14.2442
9	46	-14.2442
12	83	-14.242
13	82	-14.242
41	78	-14.2281
40	79	-14.2281
40	89	14.2272
41	88	14.2272
7	94	-14.2263
6	95	-14.2263
49	70	-14.2231
48	71	-14.2231
27	94	14.218
26	95	14.218
5	6	-14.2159
4	7	-14.2159
27	58	-14.207
26	59	-14.207
63	64	-14.1728
62	65	-14.1728
20	91	-14.1646
21	90	-14.1646
2	77	-14.1618
3	76	-14.1618
66	93	-14.1609
67	92	-14.1609
49	52	14.1493
48	53	14.1493
37	66	14.1438
36	67	14.1438
12	33	14.1414
13	32	14.1414
40	59	-14.13
41	58	-14.13
47	64	14.128
46	65	14.128
26	83	-14.1274
27	82	-14.1274
1	54	14.1252
0	55	14.1252
13	66	14.1227
12	67	14.1227
53	72	-14.1223
52	73	-14.1223
10	87	-14.1049
11	86	-14.1049
12	95	14.1014
13	94	14.1014
44	59	14.0947
45	58	14.0947
58	93	14.0862
59	92	14.0862
19	34	14.0784
18	35	14.0784
22	63	-14.0778
23	62	-14.0778
47	92	14.0709
46	93	14.0709
41	80	-14.0671
40	81	-14.0671
44	47	14.0619
45	46	14.0619
69	82	14.0387
68	83	14.0387
11	74	14.0385
10	75	14.0385
3	72	-14.0299
2	73	-14.0299
52	63	-14.028
53	62	-14.028
28	81	-14.0262
29	80	-14.0262
39	88	-14.0211
38	89	-14.0211
49	88	-14.0209
48	89	-14.0209
11	52	-13.9902
10	53	-13.9902
29	62	13.9808
28	63	13.9808
40	65	-13.9708
41	64	-13.9708
18	51	13.9659
19	50	13.9659
37	94	13.9594
36	95	13.9594
63	86	-13.9337
62	87	-13.9337
63	74	13.9313
62	75	13.9313
46	85	13.9205
47	84	13.9205
27	64	-13.9203
26	65	-13.9203
74	83	-13.9202
75	82	-13.9202
15	54	13.9098
14	55	13.9098
82	85	13.9031
83	84	13.9031
8	77	13.8673
9	76	13.8673
59	76	-13.8656
58	77	-13.8656
9	82	-13.865
8	83	-13.865
63	98	-13.8614
62	99	-13.8614
9	90	13.8567
8	91	13.8567
37	64	-13.8439
36	65	-13.8439
59	84	13.802
58	85	13.802
18	41	13.8003
19	40	13.8003
46	49	13.7994
47	48	13.7994
10	99	-13.7941
11	98	-13.7941
35	94	13.7815
34	95	13.7815
10	29	13.7767
11	28	13.7767
46	95	-13.7765
47	94	-13.7765
39	70	-13.7626
38	71	-13.7626
13	18	13.7619
12	19	13.7619
21	76	-13.743
20	77	-13.743
38	61	-13.7426
39	60	-13.7426
40	87	-13.7401
41	86	-13.7401
38	99	13.735
39	98	13.735
23	40	-13.724
22	41	-13.724
5	88	13.7233
4	89	13.7233
5	40	13.7203
4	41	13.7203
11	50	13.6903
10	51	13.6903
55	78	13.6685
54	79	13.6685
26	89	13.6587
27	88	13.6587
16	45	-13.6575
17	44	-13.6575
49	72	-13.6514
48	73	-13.6514
6	83	13.6494
7	82	13.6494
10	27	13.6409
11	26	13.6409
11	40	13.6397
10	41	13.6397
27	86	-13.6382
26	87	-13.6382
19	26	13.6367
18	27	13.6367
7	38	13.6366
6	39	13.6366
19	74	13.6314
18	75	13.6314
20	73	-13.6263
21	72	-13.6263
82	93	13.6242
83	92	13.6242
52	65	13.624
53	64	13.624
36	83	-13.6231
37	82	-13.6231
83	96	13.6109
82	97	13.6109
29	48	-13.6047
28	49	-13.6047
44	79	13.5945
45	78	13.5945
22	27	-13.5933
23	26	-13.5933
19	88	13.5798
18	89	13.5798
34	73	13.5782
35	72	13.5782
27	62	13.5777
26	63	13.5777
55	70	-13.5715
54	71	-13.5715
51	62	13.5707
50	63	13.5707
41	62	13.5655
40	63	13.5655
53	66	-13.5595
52	67	-13.5595
34	39	-13.5581
35	38	-13.5581
83	86	13.5475
82	87	13.5475
78	93	13.5474
79	92	13.5474
8	13	13.5459
9	12	13.5459
31	54	13.5367
30	55	13.5367
67	84	-13.5271
66	85	-13.5271
11	36	13.5265
10	37	13.5265
5	26	13.5204
4	27	13.5204
6	49	13.5199
7	48	13.5199
23	34	-13.5129
22	35	-13.5129
25	62	13.5063
24	63	13.5063
36	87	-13.4976
37	86	-13.4976
34	45	-13.4967
35	44	-13.4967
30	99	13.4964
31	98	13.4964
44	89	-13.4883
45	88	-13.4883
36	63	13.4787
37	62	13.4787
71	82	-13.464
70	83	-13.464
33	76	13.4574
32	77	13.4574
24	57	13.4552
25	56	13.4552
9	52	-13.4547
8	53	-13.4547
35	96	-13.4501
34	97	-13.4501
51	70	13.4387
50	71	13.4387
43	48	-13.4285
42	49	-13.4285
22	51	-13.4222
23	50	-13.4222
3	16	-13.4135
2	17	-13.4135
22	37	-13.4111
23	36	-13.4111
42	83	-13.3971
43	82	-13.3971
19	36	13.3946
18	37	13.3946
33	46	-13.3895
32	47	-13.3895
2	71	-13.3824
3	70	-13.3824
6	47	13.3812
7	46	13.3812
3	24	-13.3674
2	25	-13.3674
34	49	-13.3598
35	48	-13.3598
23	82	13.3436
22	83	13.3436
16	93	-13.3299
17	92	-13.3299
16	21	-13.2998
17	20	-13.2998
31	84	13.2923
30	85	13.2923
41	56	13.2921
40	57	13.2921
4	47	-13.2899
5	46	-13.2899
11	24	13.2889
10	25	13.2889
32	55	-13.2797
33	54	-13.2797
88	97	-13.278
89	96	-13.278
16	55	-13.2719
17	54	-13.2719
14	45	13.2712
15	44	13.2712
33	90	13.2671
32	91	13.2671
65	82	13.2502
64	83	13.2502
5	56	13.2482
4	57	13.2482
17	96	-13.2455
16	97	-13.2455
79	84	13.244
78	85	13.244
0	3	13.2264
1	2	13.2264
44	83	13.226
45	82	13.226
57	82	-13.2159
56	83	-13.2159
30	53	13.2099
31	52	13.2099
35	60	13.2066
34	61	13.2066
5	36	13.1915
4	37	13.1915
20	71	-13.1899
21	70	-13.1899
1	44	13.1686
0	45	13.1686
40	69	-13.1498
41	68	-13.1498
55	58	13.1385
54	59	13.1385
50	87	-13.1277
51	86	-13.1277
30	93	13.1199
31	92	13.1199
11	68	-13.1159
10	69	-13.1159
15	92	13.1114
14	93	13.1114
39	84	13.1078
38	85	13.1078
1	92	13.0995
0	93	13.0995
39	52	13.0928
38	53	13.0928
38	43	-13.091
39	42	-13.091
14	51	-13.0859
15	50	-13.0859
34	67	13.0822
35	66	13.0822
27	68	-13.0767
26	69	-13.0767
2	31	13.0724
3	30	13.0724
33	48	-13.0656
32	49	-13.0656
35	92	-13.0626
34	93	-13.0626
12	23	-13.0614
13	22	-13.0614
39	72	-13.0577
38	73	-13.0577
37	52	-13.0567
36	53	-13.0567
89	92	-13.0522
88	93	-13.0522
88	95	13.0415
89	94	13.0415
31	44	13.0368
30	45	13.0368
0	21	13.0299
1	20	13.0299
14	29	-13.0298
15	28	-13.0298
34	87	-13.028
35	86	-13.028
10	13	13.0253
11	12	13.0253
46	59	13.025
47	58	13.025
22	75	-13.0231
23	74	-13.0231
67	98	-13.0111
66	99	-13.0111
50	65	-13.004
51	64	-13.004
62	69	-13.0003
63	68	-13.0003
70	75	12.9972
71	74	12.9972
36	69	-12.9929
37	68	-12.9929
23	88	-12.9911
22	89	-12.9911
36	91	12.989
37	90	12.989
15	74	-12.9811
14	75	-12.9811
16	85	-12.9706
17	84	-12.9706
90	95	12.958
91	94	12.958
28	39	-12.9575
29	38	-12.9575
3	14	12.9465
2	15	12.9465
20	25	-12.9434
21	24	-12.9434
80	97	12.9197
81	96	12.9197
2	33	-12.9167
3	32	-12.9167
13	62	12.8895
12	63	12.8895
25	80	-12.8848
24	81	-12.8848
49	84	12.8844
48	85	12.8844
17	18	12.8821
16	19	12.8821
31	46	12.8744
30	47	12.8744
36	89	12.8688
37	88	12.8688
30	51	-12.8474
31	50	-12.8474
3	78	12.8318
2	79	12.8318
20	31	12.8301
21	30	12.8301
25	88	12.8294
24	89	12.8294
49	56	-12.8123
48	57	-12.8123
27	56	12.8049
26	57	12.8049
41	96	-12.8024
40	97	-12.8024
0	85	12.7924
1	84	12.7924
28	57	12.7908
29	56	12.7908
37	76	12.7795
36	77	12.7795
64	99	12.7792
65	98	12.7792
6	17	-12.776
7	16	-12.776
77	94	12.7671
76	95	12.7671
70	77	12.7607
71	76	12.7607
32	99	-12.7596
33	98	-12.7596
31	74	-12.7592
30	75	-12.7592
8	45	-12.7498
9	44	-12.7498
0	29	-12.7469
1	28	-12.7469
47	78	12.7391
46	79	12.7391
24	49	-12.7346
25	48	-12.7346
14	21	12.7306
15	20	12.7306
15	84	12.7297
14	85	12.7297
47	66	-12.7251
46	67	-12.7251
75	86	-12.7248
74	87	-12.7248
21	32	-12.7066
20	33	-12.7066
27	96	-12.7
26	97	-12.7
39	92	12.6909
38	93	12.6909
65	90	-12.6733
64	91	-12.6733
4	17	12.6684
5	16	12.6684
21	78	12.6571
20	79	12.6571
50	79	-12.6562
51	78	-12.6562
71	90	12.6527
70	91	12.6527
13	86	-12.6517
12	87	-12.6517
19	82	-12.6513
18	83	-12.6513
71	98	-12.6472
70	99	-12.6472
65	74	-12.6434
64	75	-12.6434
37	98	-12.6427
36	99	-12.6427
50	59	-12.6338
51	58	-12.6338
1	50	-12.6244
0	51	-12.6244
33	82	-12.62
32	83	-12.62
51	96	-12.6194
50	97	-12.6194
26	91	12.6179
27	90	12.6179
11	96	-12.6171
10	97	-12.6171
53	94	-12.6112
52	95	-12.6112
39	56	-12.609
38	57	-12.609
32	39	-12.5929
33	38	-12.5929
37	96	-12.5928
36	97	-12.5928
40	45	-12.589
41	44	-12.589
85	88	-12.578
84	89	-12.578
35	84	-12.5694
34	85	-12.5694
3	42	-12.5686
2	43	-12.5686
4	43	12.564
5	42	12.564
26	53	-12.5475
27	52	-12.5475
19	56	12.531
18	57	12.531
32	51	12.5281
33	50	12.5281
43	54	-12.5258
42	55	-12.5258
9	92	-12.5249
8	93	-12.5249
49	92	12.5213
48	93	12.5213
26	45	-12.5192
27	44	-12.5192
9	30	-12.5115
8	31	-12.5115
20	43	-12.5003
21	42	-12.5003
15	46	12.4984
14	47	12.4984
7	8	-12.4881
6	9	-12.4881
49	90	-12.4852
48	91	-12.4852
35	64	-12.4821
34	65	-12.4821
1	46	12.4793
0	47	12.4793
13	96	-12.4771
12	97	-12.4771
0	75	-12.4761
1	74	-12.4761
45	50	-12.4707
44	51	-12.4707
29	88	12.4706
28	89	12.4706
74	79	-12.4691
75	78	-12.4691
37	44	-12.4655
36	45	-12.4655
44	71	-12.4626
45	70	-12.4626
62	97	-12.4604
63	96	-12.4604
86	89	-12.4596
87	88	-12.4596
17	40	12.443
16	41	12.443
6	59	12.4419
7	58	12.4419
7	66	-12.4413
6	67	-12.4413
16	23	-12.4352
17	22	-12.4352
26	77	12.4331
27	76	12.4331
65	76	-12.4317
64	77	-12.4317
55	62	-12.4255
54	63	-12.4255
13	44	-12.4163
12	45	-12.4163
49	76	-12.405
48	77	-12.405
58	75	-12.4017
59	74	-12.4017
28	31	-12.4008
29	30	-12.4008
2	59	12.3829
3	58	12.3829
12	65	-12.3782
13	64	-12.3782
30	61	-12.3776
31	60	-12.3776
25	38	-12.3729
24	39	-12.3729
29	78	-12.3718
28	79	-12.3718
43	44	-12.3708
42	45	-12.3708
61	80	-12.3704
60	81	-12.3704
53	86	12.3669
52	87	12.3669
34	69	-12.3649
35	68	-12.3649
10	55	-12.3553
11	54	-12.3553
41	92	-12.3489
40	93	-12.3489
41	90	12.3245
40	91	12.3245
9	84	-12.319
8	85	-12.319
50	69	-12.3124
51	68	-12.3124
12	39	-12.3068
13	38	-12.3068
26	93	-12.2954
27	92	-12.2954
39	44	12.2914
38	45	12.2914
51	80	-12.2755
50	81	-12.2755
37	92	-12.2732
36	93	-12.2732
56	95	12.2605
57	94	12.2605
75	80	-12.2419
74	81	-12.2419
30	91	-12.2372
31	90	-12.2372
52	69	12.2369
53	68	12.2369
20	59	12.2341
21	58	12.2341
67	88	12.2184
66	89	12.2184
31	48	12.2103
30	49	12.2103
40	53	-12.2062
41	52	-12.2062
8	51	12.2035
9	50	12.2035
74	97	-12.2033
75	96	-12.2033
44	49	12.185
45	48	12.185
32	75	12.182
33	74	12.182
33	52	-12.1764
32	53	-12.1764
59	82	12.1741
58	83	12.1741
18	43	12.1713
19	42	12.1713
7	88	-12.1575
6	89	-12.1575
45	56	-12.1552
44	57	-12.1552
40	77	12.1548
41	76	12.1548
37	56	12.1432
36	57	12.1432
12	15	-12.1324
13	14	-12.1324
14	25	-12.1322
15	24	-12.1322
21	62	-12.1319
20	63	-12.1319
27	98	-12.1271
26	99	-12.1271
9	96	-12.1256
8	97	-12.1256
2	63	-12.1167
3	62	-12.1167
73	82	-12.0933
72	83	-12.0933
71	92	-12.0903
70	93	-12.0903
44	75	-12.089
45	74	-12.089
10	21	-12.0842
11	20	-12.0842
21	56	-12.0737
20	57	-12.0737
40	43	12.071
41	42	12.071
39	96	12.0697
38	97	12.0697
3	10	-12.0614
2	11	-12.0614
51	92	-12.0544
50	93	-12.0544
11	44	-12.0505
10	45	-12.0505
6	35	-12.0451
7	34	-12.0451
30	97	12.0294
31	96	12.0294
17	94	12.029
16	95	12.029
30	83	12.0236
31	82	12.0236
13	30	-12.0233
12	31	-12.0233
39	76	-12.0215
38	77	-12.0215
17	30	-12.0173
16	31	-12.0173
40	85	-12.0137
41	84	-12.0137
13	48	-12.0112
12	49	-12.0112
43	96	-12.0088
42	97	-12.0088
2	57	-12.0016
3	56	-12.0016
82	95	-11.9976
83	94	-11.9976
21	88	-11.9949
20	89	-11.9949
4	91	11.9941
5	90	11.9941
95	98	-11.9924
94	99	-11.9924
39	90	-11.992
38	91	-11.992
37	84	-11.9912
36	85	-11.9912
31	76	-11.9897
30	77	-11.9897
3	88	-11.9823
2	89	-11.9823
0	25	-11.9821
1	24	-11.9821
26	85	-11.9794
27	84	-11.9794
71	96	-11.9793
70	97	-11.9793
52	71	-11.9711
53	70	-11.9711
17	26	11.9703
16	27	11.9703
29	58	-11.9665
28	59	-11.9665
6	79	11.9632
7	78	11.9632
12	93	-11.9479
13	92	-11.9479
31	34	-11.937
30	35	-11.937
60	83	-11.9349
61	82	-11.9349
16	99	-11.9343
17	98	-11.9343
43	92	-11.931
42	93	-11.931
56	97	-11.9264
57	96	-11.9264
39	62	-11.9137
38	63	-11.9137
68	89	-11.9119
69	88	-11.9119
44	81	11.9116
45	80	11.9116
16	87	-11.9094
17	86	-11.9094
69	74	-11.9046
68	75	-11.9046
45	62	-11.9025
44	63	-11.9025
5	76	11.8962
4	77	11.8962
5	70	11.8719
4	71	11.8719
60	63	11.8673
61	62	11.8673
13	68	-11.8557
12	69	-11.8557
13	58	-11.8446
12	59	-11.8446
11	92	-11.8418
10	93	-11.8418
48	97	11.8388
49	96	11.8388
65	88	-11.8362
64	89	-11.8362
25	82	-11.8351
24	83	-11.8351
86	91	-11.8318
87	90	-11.8318
73	80	-11.8282
72	81	-11.8282
46	73	-11.8236
47	72	-11.8236
22	57	-11.8235
23	56	-11.8235
78	83	11.822
79	82	11.822
11	38	-11.822
10	39	-11.822
57	66	11.8207
56	67	11.8207
81	92	11.8199
80	93	11.8199
39	50	-11.8197
38	51	-11.8197
13	78	-11.8149
12	79	-11.8149
7	36	-11.8033
6	37	-11.8033
41	98	-11.7873
40	99	-11.7873
23	52	11.7806
22	53	11.7806
8	75	11.7748
9	74	11.7748
30	39	11.7586
31	38	11.7586
70	85	-11.7518
71	84	-11.7518
31	72	-11.7516
30	73	-11.7516
18	71	11.7502
19	70	11.7502
1	12	-11.749
0	13	-11.749
25	78	-11.7487
24	79	-11.7487
62	93	-11.7261
63	92	-11.7261
29	66	11.7235
28	67	11.7235
38	75	-11.7224
39	74	-11.7224
11	60	11.7084
10	61	11.7084
30	89	-11.7005
31	88	-11.7005
55	56	-11.6986
54	57	-11.6986
6	27	-11.6979
7	26	-11.6979
55	88	-11.684
54	89	-11.684
10	85	-11.6804
11	84	-11.6804
56	93	-11.6766
57	92	-11.6766
49	62	-11.6725
48	63	-11.6725
7	40	-11.672
6	41	-11.672
86	99	11.671
87	98	11.671
75	92	-11.6671
74	93	-11.6671
77	86	-11.6669
76	87	-11.6669
7	20	11.6663
6	21	11.6663
21	82	11.6621
20	83	11.6621
27	42	11.651
26	43	11.651
3	6	11.6508
2	7	11.6508
13	72	11.649
12	73	11.649
7	70	-11.6434
6	71	-11.6434
42	95	11.6418
43	94	11.6418
47	80	11.6274
46	81	11.6274
47	60	-11.6266
46	61	-11.6266
30	81	11.622
31	80	11.622
69	90	-11.6147
68	91	-11.6147
33	44	-11.6111
32	45	-11.6111
42	99	-11.6052
43	98	-11.6052
63	84	-11.6034
62	85	-11.6034
0	7	11.5952
1	6	11.5952
50	85	-11.5935
51	84	-11.5935
42	77	11.5912
43	76	11.5912
10	49	-11.5877
11	48	-11.5877
25	34	11.5829
24	35	11.5829
2	83	11.5765
3	82	11.5765
23	42	-11.5725
22	43	-11.5725
63	72	11.5685
62	73	11.5685
17	68	-11.5546
16	69	-11.5546
81	84	11.553
80	85	11.553
1	82	11.5414
0	83	11.5414
7	14	11.5376
6	15	11.5376
69	98	11.5331
68	99	11.5331
68	77	-11.53
69	76	-11.53
25	58	-11.5262
24	59	-11.5262
42	85	-11.525
43	84	-11.525
10	35	11.5046
11	34	11.5046
34	59	-11.5005
35	58	-11.5005
23	90	-11.4975
22	91	-11.4975
43	90	11.49
42	91	11.49
31	70	-11.4844
30	71	-11.4844
19	90	11.4672
18	91	11.4672
13	84	-11.4624
12	85	-11.4624
16	77	11.458
17	76	11.458
4	53	-11.4562
5	52	-11.4562
24	31	-11.4528
25	30	-11.4528
5	82	-11.4463
4	83	-11.4463
18	53	-11.4277
19	52	-11.4277
16	91	11.4269
17	90	11.4269
15	34	-11.4168
14	35	-11.4168
10	73	11.4162
11	72	11.4162
14	61	-11.4146
15	60	-11.4146
49	50	-11.4005
48	51	-11.4005
56	87	-11.3879
57	86	-11.3879
9	18	11.3856
8	19	11.3856
54	67	-11.384
55	66	-11.384
34	63	11.3762
35	62	11.3762
17	36	11.3633
16	37	11.3633
13	80	-11.3601
12	81	-11.3601
14	83	11.3559
15	82	11.3559
23	76	-11.3512
22	77	-11.3512
35	78	-11.3442
34	79	-11.3442
0	61	-11.3329
1	60	-11.3329
19	76	11.3278
18	77	11.3278
49	74	-11.3137
48	75	-11.3137
20	35	-11.3129
21	34	-11.3129
75	90	11.3123
74	91	11.3123
7	10	-11.3078
6	11	-11.3078
4	33	11.3029
5	32	11.3029
12	61	11.3002
13	60	11.3002
37	54	-11.3002
36	55	-11.3002
10	47	-11.2972
11	46	-11.2972
33	92	-11.2967
32	93	-11.2967
16	53	-11.2876
17	52	-11.2876
7	54	11.2874
6	55	11.2874
28	35	11.2822
29	34	11.2822
7	42	-11.2787
6	43	-11.2787
6	63	-11.2725
7	62	-11.2725
23	70	-11.2649
22	71	-11.2649
74	77	11.2595
75	76	11.2595
3	34	-11.2383
2	35	-11.2383
57	84	-11.234
56	85	-11.234
74	85	-11.2258
75	84	-11.2258
46	63	-11.2253
47	62	-11.2253
33	96	-11.2199
32	97	-11.2199
17	64	-11.2127
16	65	-11.2127
55	64	11.1983
54	65	11.1983
25	66	11.1959
24	67	11.1959
23	98	11.1956
22	99	11.1956
1	34	-11.1906
0	35	-11.1906
7	60	-11.1836
6	61	-11.1836
66	83	-11.1718
67	82	-11.1718
40	71	11.1707
41	70	11.1707
28	83	-11.1647
29	82	-11.1647
29	36	11.1598
28	37	11.1598
43	86	-11.1501
42	87	-11.1501
4	9	11.1427
5	8	11.1427
43	52	-11.1417
42	53	-11.1417
37	42	11.1201
36	43	11.1201
44	61	-11.12
45	60	-11.12
62	83	-11.1163
63	82	-11.1163
6	51	-11.114
7	50	-11.114
39	68	11.0984
38	69	11.0984
17	66	11.0964
16	67	11.0964
71	94	11.0865
70	95	11.0865
11	82	-11.0727
10	83	-11.0727
60	79	-11.0711
61	78	-11.0711
44	73	-11.067
45	72	-11.067
19	32	11.0663
18	33	11.0663
50	91	11.0619
51	90	11.0619
9	22	-11.0618
8	23	-11.0618
48	81	11.061
49	80	11.061
31	42	-11.0544
30	43	-11.0544
33	84	-11.0471
32	85	-11.0471
43	66	11.0431
42	67	11.0431
21	66	-11.0384
20	67	-11.0384
54	83	11.0353
55	82	11.0353
2	67	-11.033
3	66	-11.033
1	72	-11.0309
0	73	-11.0309
15	72	-11.0275
14	73	-11.0275
56	65	-11.0259
57	64	-11.0259
57	68	-11.0096
56	69	-11.0096
4	99	-11.0055
5	98	-11.0055
23	38	10.9951
22	39	10.9951
51	76	10.9941
50	77	10.9941
7	72	-10.9887
6	73	-10.9887
7	12	-10.9859
6	13	-10.9859
61	92	-10.9842
60	93	-10.9842
31	32	-10.9673
30	33	-10.9673
20	85	10.9504
21	84	10.9504
6	33	-10.9462
7	32	-10.9462
1	30	10.9397
0	31	10.9397
2	85	10.9396
3	84	10.9396
15	30	10.9339
14	31	10.9339
19	98	-10.9339
18	99	-10.9339
42	69	-10.9228
43	68	-10.9228
61	84	-10.9211
60	85	-10.9211
73	92	-10.9177
72	93	-10.9177
7	56	-10.9059
6	57	-10.9059
13	20	-10.9003
12	21	-10.9003
27	54	-10.8805
26	55	-10.8805
34	55	-10.8787
35	54	-10.8787
58	89	-10.8691
59	88	-10.8691
70	87	-10.8669
71	86	-10.8669
39	86	10.8653
38	87	10.8653
73	78	-10.8519
72	79	-10.8519
73	84	-10.8473
72	85	-10.8473
26	71	10.8434
27	70	10.8434
30	57	-10.8425
31	56	-10.8425
19	38	-10.8253
18	39	-10.8253
25	46	-10.8201
24	47	-10.8201
27	28	10.8165
26	29	10.8165
58	61	-10.8158
59	60	-10.8158
2	37	-10.8157
3	36	-10.8157
7	74	-10.814
6	75	-10.814
57	98	-10.813
56	99	-10.813
24	69	-10.8075
25	68	-10.8075
81	82	10.7845
80	83	10.7845
10	89	10.7842
11	88	10.7842
9	80	-10.7799
8	81	-10.7799
28	65	-10.7651
29	64	-10.7651
21	46	10.7549
20	47	10.7549
30	79	10.7477
31	78	10.7477
53	74	-10.745
52	75	-10.745
69	70	-10.7447
68	71	-10.7447
42	65	-10.7439
43	64	-10.7439
11	56	10.7429
10	57	10.7429
2	93	10.7406
3	92	10.7406
2	65	10.7395
3	64	10.7395
20	37	-10.7372
21	36	-10.7372
24	37	10.7315
25	36	10.7315
20	93	10.7315
21	92	10.7315
3	46	10.7267
2	47	10.7267
23	48	10.7259
22	49	10.7259
49	68	10.7184
48	69	10.7184
78	89	-10.711
79	88	-10.711
25	64	-10.7097
24	65	-10.7097
15	88	-10.7085
14	89	-10.7085
3	12	-10.7079
2	13	-10.7079
22	33	-10.7055
23	32	-10.7055
59	72	-10.6984
58	73	-10.6984
38	41	-10.6961
39	40	-10.6961
6	81	10.6858
7	80	10.6858
62	89	10.682
63	88	10.682
19	30	-10.6762
18	31	-10.6762
8	87	-10.6702
9	86	-10.6702
88	99	-10.6662
89	98	-10.6662
55	84	10.6638
54	85	10.6638
21	64	10.6617
20	65	10.6617
32	41	10.6613
33	40	10.6613
34	81	-10.6599
35	80	-10.6599
32	69	-10.6545
33	68	-10.6545
57	62	10.6482
56	63	10.6482
76	83	-10.6482
77	82	-10.6482
50	73	10.646
51	72	10.646
73	96	-10.6422
72	97	-10.6422
51	52	-10.6407
50	53	-10.6407
29	94	10.6392
28	95	10.6392
41	54	-10.6349
40	55	-10.6349
6	25	-10.6347
7	24	-10.6347
9	94	10.6344
8	95	10.6344
55	94	-10.6313
54	95	-10.6313
18	49	-10.6298
19	48	-10.6298
60	97	-10.6286
61	96	-10.6286
4	39	-10.6121
5	38	-10.6121
6	29	-10.6076
7	28	-10.6076
57	76	10.6065
56	77	10.6065
20	75	-10.5949
21	74	-10.5949
3	44	10.5949
2	45	10.5949
29	40	10.5943
28	41	10.5943
22	31	10.5892
23	30	10.5892
57	58	-10.5859
56	59	-10.5859
53	56	-10.5785
52	57	-10.5785
32	95	10.5777
33	94	10.5777
0	89	-10.573
1	88	-10.573
20	45	10.573
21	44	10.573
48	87	10.5718
49	86	10.5718
33	80	-10.5611
32	81	-10.5611
9	40	10.5598
8	41	10.5598
9	68	-10.5486
8	69	-10.5486
31	58	10.5431
30	59	10.5431
54	93	10.542
55	92	10.542
57	90	10.5411
56	91	10.5411
39	80	10.5405
38	81	10.5405
54	87	10.5061
55	86	10.5061
32	87	-10.5022
33	86	-10.5022
27	38	-10.5018
26	39	-10.5018
3	26	-10.501
2	27	-10.501
67	70	10.4969
66	71	10.4969
75	98	-10.4964
74	99	-10.4964
24	85	-10.4935
25	84	-10.4935
56	79	-10.4779
57	78	-10.4779
54	69	10.476
55	68	10.476
4	49	-10.4736
5	48	-10.4736
24	27	10.4702
25	26	10.4702
28	69	-10.4671
29	68	-10.4671
39	66	-10.4671
38	67	-10.4671
36	71	10.4636
37	70	10.4636
29	46	-10.4618
28	47	-10.4618
20	27	-10.4585
21	26	-10.4585
50	61	10.4576
51	60	10.4576
45	54	10.455
44	55	10.455
72	75	10.4549
73	74	10.4549
64	71	-10.4525
65	70	-10.4525
47	54	10.4502
46	55	10.4502
20	51	-10.4464
21	50	-10.4464
26	33	10.4403
27	32	10.4403
52	97	10.4383
53	96	10.4383
61	66	10.438
60	67	10.438
76	89	10.4311
77	88	10.4311
38	65	10.4301
39	64	10.4301
83	90	-10.4277
82	91	-10.4277
3	74	-10.4209
2	75	-10.4209
88	91	10.4083
89	90	10.4083
1	48	10.4059
0	49	10.4059
13	90	10.3986
12	91	10.3986
5	20	-10.3973
4	21	-10.3973
50	99	-10.3892
51	98	-10.3892
0	57	-10.3876
1	56	-10.3876
13	24	10.3864
12	25	10.3864
7	98	10.3855
6	99	10.3855
68	73	-10.3775
69	72	-10.3775
15	56	-10.3703
14	57	-10.3703
32	59	-10.369
33	58	-10.369
24	93	-10.3678
25	92	-10.3678
12	77	10.3675
13	76	10.3675
30	87	10.3648
31	86	10.3648
39	94	-10.3537
38	95	-10.3537
2	95	-10.3486
3	94	-10.3486
33	64	-10.3474
32	65	-10.3474
9	26	10.3437
8	27	10.3437
4	31	-10.3424
5	30	-10.3424
20	95	-10.3403
21	94	-10.3403
29	84	-10.3401
28	85	-10.3401
25	86	-10.3359
24	87	-10.3359
14	49	10.3349
15	48	10.3349
24	45	-10.3347
25	44	-10.3347
41	48	-10.3336
40	49	-10.3336
30	63	-10.3322
31	62	-10.3322
3	40	-10.3319
2	41	-10.3319
48	67	-10.3311
49	66	-10.3311
52	89	-10.3298
53	88	-10.3298
1	32	-10.3291
0	33	-10.3291
31	68	10.3285
30	69	10.3285
33	78	-10.3263
32	79	-10.3263
24	95	10.3207
25	94	10.3207
43	58	-10.3142
42	59	-10.3142
90	97	-10.3135
91	96	-10.3135
21	40	-10.3127
20	41	-10.3127
25	40	10.3096
24	41	10.3096
17	58	-10.309
16	59	-10.309
28	45	-10.3054
29	44	-10.3054
3	4	-10.3039
2	5	-10.3039
11	30	-10.3019
10	31	-10.3019
2	51	-10.3011
3	50	-10.3011
61	74	10.2973
60	75	10.2973
28	87	-10.2936
29	86	-10.2936
3	96	10.2882
2	97	10.2882
4	73	10.2854
5	72	10.2854
77	96	-10.2835
76	97	-10.2835
29	92	-10.2819
28	93	-10.2819
20	97	10.2796
21	96	10.2796
12	55	-10.2791
13	54	-10.2791
66	73	10.273
67	72	10.273
49	78	10.2713
48	79	10.2713
36	39	-10.2695
37	38	-10.2695
4	29	10.2644
5	28	10.2644
37	60	10.2642
36	61	10.2642
9	62	10.2638
8	63	10.2638
5	54	-10.263
4	55	-10.263
22	55	10.2627
23	54	10.2627
3	68	10.2593
2	69	10.2593
19	72	10.2499
18	73	10.2499
70	81	-10.2488
71	80	-10.2488
3	86	10.2385
2	87	10.2385
13	28	10.234
12	29	10.234
20	69	10.2301
21	68	10.2301
9	14	-10.225
8	15	-10.225
32	63	10.2241
33	62	10.2241
32	67	10.2209
33	66	10.2209
8	65	-10.2208
9	64	-10.2208
49	64	10.2166
48	65	10.2166
33	36	10.2159
32	37	10.2159
43	78	-10.2131
42	79	-10.2131
97	98	10.2127
96	99	10.2127
7	76	-10.2117
6	77	-10.2117
18	61	10.2055
19	60	10.2055
8	11	10.204
9	10	10.204
1	8	-10.2027
0	9	-10.2027
6	53	10.2004
7	52	10.2004
27	48	-10.1971
26	49	-10.1971
5	60	10.1971
4	61	10.1971
10	43	10.1956
11	42	10.1956
20	87	10.1952
21	86	10.1952
54	97	10.1937
55	96	10.1937
12	53	-10.1928
13	52	-10.1928
48	95	-10.1883
49	94	-10.1883
16	79	-10.1879
17	78	-10.1879
80	89	-10.187
81	88	-10.187
24	97	-10.1816
25	96	-10.1816
11	32	10.1801
10	33	10.1801
31	64	10.177
30	65	10.177
60	69	-10.1745
61	68	-10.1745
64	73	-10.1707
65	72	-10.1707
14	17	-10.1677
15	16	-10.1677
45	52	10.1659
44	53	10.1659
55	74	-10.1634
54	75	-10.1634
82	99	10.1615
83	98	10.1615
49	58	10.1601
48	59	10.1601
34	99	-10.1583
35	98	-10.1583
56	81	-10.1583
57	80	-10.1583
52	93	10.1571
53	92	10.1571
77	84	-10.1553
76	85	-10.1553
31	94	-10.1522
30	95	-10.1522
43	62	10.1503
42	63	10.1503
14	33	-10.1478
15	32	-10.1478
0	43	-10.1461
1	42	-10.1461
8	67	10.1422
9	66	10.1422
46	53	10.1363
47	52	10.1363
9	36	10.1332
8	37	10.1332
19	54	-10.1304
18	55	-10.1304
45	98	10.129
44	99	10.129
93	98	10.1289
92	99	10.1289
0	39	10.1287
1	38	10.1287
7	90	-10.1282
6	91	-10.1282
4	25	10.123
5	24	10.123
84	99	10.1221
85	98	10.1221
29	74	10.1202
28	75	10.1202
22	73	-10.12
23	72	-10.12
36	73	10.1193
37	72	10.1193
58	71	-10.1186
59	70	-10.1186
23	28	-10.118
22	29	-10.118
61	64	-10.1167
60	65	-10.1167
52	85	10.1149
53	84	10.1149
10	17	10.113
11	16	10.113
22	25	-10.1124
23	24	-10.1124
0	17	-10.1053
1	16	-10.1053
18	29	10.101
19	28	10.101
8	79	-10.0999
9	78	-10.0999
27	60	10.099
26	61	10.099
15	38	10.091
14	39	10.091
84	91	-10.0906
85	90	-10.0906
73	86	-10.09
72	87	-10.09
60	95	10.0857
61	94	10.0857
2	23	10.0849
3	22	10.0849
35	90	10.0822
34	91	10.0822
43	80	-10.0816
42	81	-10.0816
50	55	-10.0792
51	54	-10.0792
14	43	-10.0778
15	42	-10.0778
47	98	10.077
46	99	10.077
35	76	10.0747
34	77	10.0747
16	63	10.0745
17	62	10.0745
76	93	-10.0726
77	92	-10.0726
39	78	10.0723
38	79	10.0723
71	78	-10.0707
70	79	-10.0707
29	96	-10.0702
28	97	-10.0702
22	61	-10.0692
23	60	-10.0692
44	91	-10.0682
45	90	-10.0682
29	50	10.0682
28	51	10.0682
36	49	-10.0658
37	48	-10.0658
46	77	-10.0637
47	76	-10.0637
0	71	-10.0627
1	70	-10.0627
12	99	-10.0617
13	98	-10.0617
31	66	-10.0615
30	67	-10.0615
63	70	10.0609
62	71	10.0609
20	23	10.0571
21	22	10.0571
90	93	-10.0563
91	92	-10.0563
38	59	10.0543
39	58	10.0543
11	70	10.0524
10	71	10.0524
53	82	10.0523
52	83	10.0523
44	77	-10.051
45	76	-10.051
46	91	-10.0497
47	90	-10.0497
73	94	10.0487
72	95	10.0487
40	61	10.035
41	60	10.035
24	75	10.0316
25	74	10.0316
8	59	-10.0278
9	58	-10.0278
24	51	10.0278
25	50	10.0278
35	52	-10.0267
34	53	-10.0267
26	73	10.0178
27	72	10.0178
3	18	-10.0175
2	19	-10.0175
17	80	-10.0173
16	81	-10.0173
18	21	-10.0157
19	20	-10.0157
61	86	-10.0144
60	87	-10.0144
18	25	10.0097
19	24	10.0097
14	71	-10.0065
15	70	-10.0065
40	73	10.0004
41	72	10.0004
10	62	1.99929
2	20	1.99687
0	78	1.99682
26	40	1.99631
76	90	1.99538
58	78	1.99516
50	74	1.99335
26	36	1.9919
52	98	1.98939
44	92	1.98924
84	92	1.98876
22	86	1.98602
0	14	1.98516
38	48	1.98455
60	72	1.98444
0	58	1.98424
44	96	1.98144
92	96	1.97803
36	40	1.97749
14	78	1.9767
64	86	1.97649
2	54	1.97568
6	84	1.97388
34	88	1.97333
18	22	-1.97199
0	80	1.97186
42	70	1.97177
68	86	1.9711
32	70	1.96995
14	80	1.96795
42	56	1.96542
12	50	1.96428
24	28	1.96267
64	68	1.96193
44	84	1.95698
14	58	1.95675
18	94	1.9566
20	54	1.95645
4	94	1.95286
12	74	1.95143
78	80	1.95049
16	88	1.94834
84	96	1.94832
6	92	1.94346
32	42	1.93921
28	60	1.93888
66	94	1.93874
56	88	1.93811
8	70	1.93803
24	72	1.93658
16	70	1.9358
22	64	1.93335
58	64	1.93295
54	98	1.93254
22	96	1.92992
22	68	1.92863
4	18	1.92601
24	60	1.92504
18	86	-1.92481
16	42	1.92476
12	34	1.9213
42	88	1.91944
58	80	1.91672
22	94	-1.91317
8	16	1.91223
18	96	-1.90716
28	72	1.90508
32	72	1.90479
4	66	1.90371
64	78	1.90134
6	44	1.89973
52	54	1.896
34	56	1.89129
28	76	1.88912
8	60	1.88816
86	96	1.88726
40	50	1.88349
46	82	1.88205
56	70	1.87982
28	90	1.87966
86	94	-1.87837
40	74	1.87803
8	32	1.87472
10	66	1.8739
8	72	1.87176
0	64	1.86868
16	56	1.86513
16	34	1.86271
6	96	1.86089
70	88	1.85875
62	66	1.85699
18	44	-1.85693
22	44	1.85536
14	64	1.85433
18	64	-1.85257
70	72	1.85247
68	96	1.8515
64	94	-1.84842
26	50	1.84635
26	74	1.84524
8	42	1.84461
32	60	1.84407
52	80	1.84324
2	98	1.84314
58	86	1.83869
22	92	1.83814
32	56	1.83764
34	50	1.83328
58	68	1.83284
16	32	1.82939
34	46	-1.82938
12	88	1.82856
20	48	1.82505
4	22	-1.82477
34	42	1.82437
18	68	-1.822
24	76	1.82004
60	70	1.81424
2	48	1.81268
18	92	-1.81217
18	66	1.80891
20	98	1.80847
2	52	1.80647
78	86	1.79712
12	56	1.79481
44	86	1.79122
22	84	1.79033
24	90	1.78999
86	92	1.78835
14	66	-1.78748
34	74	1.78517
36	74	1.78391
68	78	1.78117
36	50	1.78019
64	96	1.77589
20	52	1.77513
14	94	-1.77443
80	98	1.77247
90	98	-1.77169
68	92	1.77164
68	84	1.76378
22	58	1.76297
94	96	-1.76165
0	86	1.75684
46	88	-1.7568
14	86	1.75454
8	88	1.75399
84	86	1.75293
68	94	-1.75273
32	88	1.75153
4	86	-1.75133
46	50	-1.74862
44	68	1.74692
12	40	1.74354
52	90	-1.74266
18	84	-1.74222
58	94	-1.74182
64	80	1.74082
24	32	1.73964
22	66	-1.73911
42	72	1.7368
20	38	1.73541
0	68	1.73466
78	94	-1.73091
34	70	1.73029
12	46	-1.72973
4	96	-1.72722
22	78	1.72193
48	54	1.7214
76	98	-1.71859
2	38	1.71673
0	52	1.71478
62	76	1.71413
0	94	-1.71298
64	66	-1.71027
66	86	-1.7084
8	56	1.70508
62	90	1.70379
14	68	1.70227
8	28	1.70166
14	52	1.70001
50	88	1.69982
14	22	1.69629
10	76	1.69615
4	44	-1.69601
0	66	-1.69582
28	98	-1.6956
12	26	1.69438
60	76	1.69325
66	78	-1.69212
40	46	-1.68961
44	94	-1.68814
10	90	1.6876
4	64	-1.68606
52	76	-1.68509
60	90	1.68391
8	24	1.68265
0	22	1.68191
46	74	-1.68038
16	72	1.67873
42	60	1.6776
10	94	1.67751
58	66	-1.6766
16	46	-1.67566
18	58	-1.67462
52	78	1.66797
16	60	1.66414
80	90	-1.66153
28	32	1.65972
66	80	-1.65914
4	10	1.65913
64	92	1.65886
44	64	1.65795
62	94	1.65514
12	42	1.6511
6	22	1.65019
14	18	-1.64826
38	82	1.64825
74	88	1.64687
26	46	-1.64277
24	70	1.64253
18	78	-1.64241
72	76	1.64138
92	94	-1.63551
4	62	1.63475
12	16	1.63343
50	56	1.63063
10	14	-1.63062
6	68	1.62839
64	84	1.62728
0	98	1.62695
28	52	-1.62413
72	90	1.62194
4	92	-1.62171
8	48	-1.62053
14	98	1.61982
14	62	-1.61976
80	94	-1.61712
12	36	1.61483
28	54	-1.61417
32	34	1.61253
80	86	1.61088
38	54	1.61084
8	34	1.60929
52	58	1.60919
0	18	-1.60883
76	80	-1.6085
6	18	-1.60849
6	86	1.60656
4	68	-1.60193
54	60	-1.59817
56	74	1.5978
4	14	-1.59621
28	70	1.59611
60	98	-1.59461
14	90	-1.5937
54	90	-1.5935
34	40	1.58049
68	80	1.58002
78	98	1.57656
36	46	-1.57289
56	72	1.56896
66	68	-1.56895
34	82	-1.56645
84	94	-1.56149
8	38	-1.55978
54	80	1.55888
10	80	-1.55768
46	56	-1.5554
8	54	-1.55437
4	58	-1.55271
62	80	-1.55132
16	48	-1.55063
48	82	1.55037
14	76	-1.54891
54	76	-1.54472
66	96	-1.54293
4	78	-1.54197
16	82	-1.54035
22	80	1.53689
58	96	1.53629
4	84	-1.53522
0	90	-1.53104
82	88	-1.53059
16	38	-1.52984
2	8	-1.52645
0	4	-1.52502
24	98	-1.52431
26	34	1.52182
0	10	-1.51966
58	98	1.51494
42	46	-1.51386
72	88	1.51352
24	42	1.51119
0	62	-1.50909
12	70	1.5089
52	60	-1.50798
2	60	-1.50598
56	60	1.50117
8	20	-1.49739
10	78	-1.49511
10	18	1.49474
2	28	-1.49189
72	98	-1.49137
16	50	1.49104
54	72	-1.48948
30	36	-1.48537
78	90	-1.48418
48	98	1.48413
0	76	-1.48366
62	78	-1.48363
78	96	1.48293
14	36	-1.48122
18	80	-1.47917
42	50	1.47784
66	90	1.47728
60	88	1.47527
6	64	1.47462
18	62	1.47186
14	26	-1.46921
44	66	-1.46868
66	74	1.46866
50	66	1.46504
66	76	1.4625
20	60	-1.46134
26	30	-1.46019
2	90	-1.46018
46	70	-1.4594
10	58	-1.45871
4	50	1.45808
4	12	1.45807
24	52	-1.45783
14	40	-1.45769
36	80	-1.45697
6	30	1.45638
0	36	-1.45565
2	80	1.45391
22	46	1.4532
50	82	-1.45183
38	46	1.44999
50	94	1.4489
46	86	1.44839
40	82	-1.44801
40	66	1.44799
48	60	-1.44707
36	78	-1.44669
58	62	-1.44656
4	74	1.44595
24	54	-1.44582
28	42	1.44579
14	96	1.44277
20	28	-1.44272
16	24	1.44252
30	40	-1.44125
76	78	-1.43956
0	26	-1.43905
46	96	1.43884
26	66	1.43772
4	80	-1.43735
8	98	-1.43687
40	94	1.4367
0	96	1.43637
34	36	1.43591
42	74	1.4358
26	78	-1.43347
10	64	-1.43276
46	68	1.43264
16	74	1.43263
36	58	-1.43034
26	80	-1.42856
74	94	1.42851
4	34	1.42775
20	80	1.42767
10	22	-1.42729
58	90	-1.42713
18	46	-1.42632
16	28	1.42583
0	40	-1.42575
8	46	-1.42442
12	82	-1.4242
40	78	-1.42281
40	88	1.42272
6	94	-1.42263
48	70	-1.42231
26	94	1.4218
4	6	-1.42159
26	58	-1.4207
62	64	-1.41728
20	90	-1.41646
2	76	-1.41618
66	92	-1.41609
48	52	1.41493
36	66	1.41438
12	32	1.41414
40	58	-1.413
46	64	1.4128
26	82	-1.41274
0	54	1.41252
12	66	1.41227
52	72	-1.41223
10	86	-1.41049
12	94	1.41014
44	58	1.40947
58	92	1.40862
18	34	1.40784
22	62	-1.40778
46	92	1.40709
40	80	-1.40671
44	46	1.40619
68	82	1.40387
10	74	1.40385
2	72	-1.40299
52	62	-1.4028
28	80	-1.40262
38	88	-1.40211
48	88	-1.40209
10	52	-1.39902
28	62	1.39808
40	64	-1.39708
18	50	1.39659
36	94	1.39594
62	86	-1.39337
62	74	1.39313
46	84	1.39205
26	64	-1.39203
74	82	-1.39202
14	54	1.39098
82	84	1.39031
8	76	1.38673
58	76	-1.38656
8	82	-1.3865
62	98	-1.38614
8	90	1.38567
36	64	-1.38439
58	84	1.3802
18	40	1.38003
46	48	1.37994
10	98	-1.37941
34	94	1.37815
10	28	1.37767
46	94	-1.37765
38	70	-1.37626
12	18	1.37619
20	76	-1.3743
38	60	-1.37426
40	86	-1.37401
38	98	1.3735
22	40	-1.3724
4	88	1.37233
4	40	1.37203
10	50	1.36903
54	78	1.36685
26	88	1.36587
16	44	-1.36575
48	72	-1.36514
6	82	1.36494
10	26	1.36409
10	40	1.36397
26	86	-1.36382
18	26	1.36367
6	38	1.36366
18	74	1.36314
20	72	-1.36263
82	92	1.36242
52	64	1.3624
36	82	-1.36231
82	96	1.36109
28	48	-1.36047
44	78	1.35945
22	26	-1.35933
18	88	1.35798
34	72	1.35782
26	62	1.35777
54	70	-1.35715
50	62	1.35707
40	62	1.35655
52	66	-1.35595
34	38	-1.35581
82	86	1.35475
78	92	1.35474
8	12	1.35459
30	54	1.35367
66	84	-1.35271
10	36	1.35265
4	26	1.35204
6	48	1.35199
22	34	-1.35129
24	62	1.35063
36	86	-1.34976
34	44	-1.34967
30	98	1.34964
44	88	-1.34883
36	62	1.34787
70	82	-1.3464
32	76	1.34574
24	56	1.34552
8	52	-1.34547
34	96	-1.34501
50	70	1.34387
42	48	-1.34285
22	50	-1.34222
2	16	-1.34135
22	36	-1.34111
42	82	-1.33971
18	36	1.33946
32	46	-1.33895
2	70	-1.33824
6	46	1.33812
2	24	-1.33674
34	48	-1.33598
22	82	1.33436
16	92	-1.33299
16	20	-1.32998
30	84	1.32923
40	56	1.32921
4	46	-1.32899
10	24	1.32889
32	54	-1.32797
88	96	-1.3278
16	54	-1.32719
14	44	1.32712
32	90	1.32671
64	82	1.32502
4	56	1.32482
16	96	-1.32455
78	84	1.3244
0	2	1.32264
44	82	1.3226
56	82	-1.32159
30	52	1.32099
34	60	1.32066
4	36	1.31915
20	70	-1.31899
0	44	1.31686
40	68	-1.31498
54	58	1.31385
50	86	-1.31277
30	92	1.31199
10	68	-1.31159
14	92	1.31114
38	84	1.31078
0	92	1.30995
38	52	1.30928
38	42	-1.3091
14	50	-1.30859
34	66	1.30822
26	68	-1.30767
2	30	1.30724
32	48	-1.30656
34	92	-1.30626
12	22	-1.30614
38	72	-1.30577
36	52	-1.30567
88	92	-1.30522
88	94	1.30415
30	44	1.30368
0	20	1.30299
14	28	-1.30298
34	86	-1.3028
10	12	1.30253
46	58	1.3025
22	74	-1.30231
66	98	-1.30111
50	64	-1.3004
62	68	-1.30003
70	74	1.29972
36	68	-1.29929
22	88	-1.29911
36	90	1.2989
14	74	-1.29811
16	84	-1.29706
90	94	1.2958
28	38	-1.29575
2	14	1.29465
20	24	-1.29434
80	96	1.29197
2	32	-1.29167
12	62	1.28895
24	80	-1.28848
48	84	1.28844
16	18	1.28821
30	46	1.28744
36	88	1.28688
30	50	-1.28474
2	78	1.28318
20	30	1.28301
24	88	1.28294
48	56	-1.28123
26	56	1.28049
40	96	-1.28024
0	84	1.27924
28	56	1.27908
36	76	1.27795
64	98	1.27792
6	16	-1.2776
76	94	1.27671
70	76	1.27607
32	98	-1.27596
30	74	-1.27592
8	44	-1.27498
0	28	-1.27469
46	78	1.27391
24	48	-1.27346
14	20	1.27306
14	84	1.27297
46	66	-1.27251
74	86	-1.27248
20	32	-1.27066
26	96	-1.27
38	92	1.26909
64	90	-1.26733
4	16	1.26684
20	78	1.26571
50	78	-1.26562
70	90	1.26527
12	86	-1.26517
18	82	-1.26513
70	98	-1.26472
64	74	-1.26434
36	98	-1.26427
50	58	-1.26338
0	50	-1.26244
32	82	-1.262
50	96	-1.26194
26	90	1.26179
10	96	-1.26171
52	94	-1.26112
38	56	-1.2609
32	38	-1.25929
36	96	-1.25928
40	44	-1.2589
84	88	-1.2578
34	84	-1.25694
2	42	-1.25686
4	42	1.2564
26	52	-1.25475
18	56	1.2531
32	50	1.25281
42	54	-1.25258
8	92	-1.25249
48	92	1.25213
26	44	-1.25192
8	30	-1.25115
20	42	-1.25003
14	46	1.24984
6	8	-1.24881
48	90	-1.24852
34	64	-1.24821
0	46	1.24793
12	96	-1.24771
0	74	-1.24761
44	50	-1.24707
28	88	1.24706
74	78	-1.24691
36	44	-1.24655
44	70	-1.24626
62	96	-1.24604
86	88	-1.24596
16	40	1.2443
6	58	1.24419
6	66	-1.24413
16	22	-1.24352
26	76	1.24331
64	76	-1.24317
54	62	-1.24255
12	44	-1.24163
48	76	-1.2405
58	74	-1.24017
28	30	-1.24008
2	58	1.23829
12	64	-1.23782
30	60	-1.23776
24	38	-1.23729
28	78	-1.23718
42	44	-1.23708
60	80	-1.23704
52	86	1.23669
34	68	-1.23649
10	54	-1.23553
40	92	-1.23489
40	90	1.23245
8	84	-1.2319
50	68	-1.23124
12	38	-1.23068
26	92	-1.22954
38	44	1.22914
50	80	-1.22755
36	92	-1.22732
56	94	1.22605
74	80	-1.22419
30	90	-1.22372
52	68	1.22369
20	58	1.22341
66	88	1.22184
30	48	1.22103
40	52	-1.22062
8	50	1.22035
74	96	-1.22033
44	48	1.2185
32	74	1.2182
32	52	-1.21764
58	82	1.21741
18	42	1.21713
6	88	-1.21575
44	56	-1.21552
40	76	1.21548
36	56	1.21432
12	14	-1.21324
14	24	-1.21322
20	62	-1.21319
26	98	-1.21271
8	96	-1.21256
2	62	-1.21167
72	82	-1.20933
70	92	-1.20903
44	74	-1.2089
10	20	-1.20842
20	56	-1.20737
40	42	1.2071
38	96	1.20697
2	10	-1.20614
50	92	-1.20544
10	44	-1.20505
6	34	-1.20451
30	96	1.20294
16	94	1.2029
30	82	1.20236
12	30	-1.20233
38	76	-1.20215
16	30	-1.20173
40	84	-1.20137
12	48	-1.20112
42	96	-1.20088
2	56	-1.20016
82	94	-1.19976
20	88	-1.19949
4	90	1.19941
94	98	-1.19924
38	90	-1.1992
36	84	-1.19912
30	76	-1.19897
2	88	-1.19823
0	24	-1.19821
26	84	-1.19794
70	96	-1.19793
52	70	-1.19711
16	26	1.19703
28	58	-1.19665
6	78	1.19632
12	92	-1.19479
30	34	-1.1937
60	82	-1.19349
16	98	-1.19343
42	92	-1.1931
56	96	-1.19264
38	62	-1.19137
68	88	-1.19119
44	80	1.19116
16	86	-1.19094
68	74	-1.19046
44	62	-1.19025
4	76	1.18962
4	70	1.18719
60	62	1.18673
12	68	-1.18557
12	58	-1.18446
10	92	-1.18418
48	96	1.18388
64	88	-1.18362
24	82	-1.18351
86	90	-1.18318
72	80	-1.18282
46	72	-1.18236
22	56	-1.18235
78	82	1.1822
10	38	-1.1822
56	66	1.18207
80	92	1.18199
38	50	-1.18197
12	78	-1.18149
6	36	-1.18033
40	98	-1.17873
22	52	1.17806
8	74	1.17748
30	38	1.17586
70	84	-1.17518
30	72	-1.17516
18	70	1.17502
0	12	-1.1749
24	78	-1.17487
62	92	-1.17261
28	66	1.17235
38	74	-1.17224
10	60	1.17084
30	88	-1.17005
54	56	-1.16986
6	26	-1.16979
54	88	-1.1684
10	84	-1.16804
56	92	-1.16766
48	62	-1.16725
6	40	-1.1672
86	98	1.1671
74	92	-1.16671
76	86	-1.16669
6	20	1.16663
20	82	1.16621
26	42	1.1651
2	6	1.16508
12	72	1.1649
6	70	-1.16434
42	94	1.16418
46	80	1.16274
46	60	-1.16266
30	80	1.1622
68	90	-1.16147
32	44	-1.16111
42	98	-1.16052
62	84	-1.16034
0	6	1.15952
50	84	-1.15935
42	76	1.15912
10	48	-1.15877
24	34	1.15829
2	82	1.15765
22	42	-1.15725
62	72	1.15685
16	68	-1.15546
80	84	1.1553
0	82	1.15414
6	14	1.15376
68	98	1.15331
68	76	-1.153
24	58	-1.15262
42	84	-1.1525
10	34	1.15046
34	58	-1.15005
22	90	-1.14975
42	90	1.149
30	70	-1.14844
18	90	1.14672
12	84	-1.14624
16	76	1.1458
4	52	-1.14562
24	30	-1.14528
4	82	-1.14463
18	52	-1.14277
16	90	1.14269
14	34	-1.14168
10	72	1.14162
14	60	-1.14146
48	50	-1.14005
56	86	-1.13879
8	18	1.13856
54	66	-1.1384
34	62	1.13762
16	36	1.13633
12	80	-1.13601
14	82	1.13559
22	76	-1.13512
34	78	-1.13442
0	60	-1.13329
18	76	1.13278
48	74	-1.13137
20	34	-1.13129
74	90	1.13123
6	10	-1.13078
4	32	1.13029
12	60	1.13002
36	54	-1.13002
10	46	-1.12972
32	92	-1.12967
16	52	-1.12876
6	54	1.12874
28	34	1.12822
6	42	-1.12787
6	62	-1.12725
22	70	-1.12649
74	76	1.12595
2	34	-1.12383
56	84	-1.1234
74	84	-1.12258
46	62	-1.12253
32	96	-1.12199
16	64	-1.12127
54	64	1.11983
24	66	1.11959
22	98	1.11956
0	34	-1.11906
6	60	-1.11836
66	82	-1.11718
40	70	1.11707
28	82	-1.11647
28	36	1.11598
42	86	-1.11501
4	8	1.11427
42	52	-1.11417
36	42	1.11201
44	60	-1.112
62	82	-1.11163
6	50	-1.1114
38	68	1.10984
16	66	1.10964
70	94	1.10865
10	82	-1.10727
60	78	-1.10711
44	72	-1.1067
18	32	1.10663
50	90	1.10619
8	22	-1.10618
48	80	1.1061
30	42	-1.10544
32	84	-1.10471
42	66	1.10431
20	66	-1.10384
54	82	1.10353
2	66	-1.1033
0	72	-1.10309
14	72	-1.10275
56	64	-1.10259
56	68	-1.10096
4	98	-1.10055
22	38	1.09951
50	76	1.09941
6	72	-1.09887
6	12	-1.09859
60	92	-1.09842
30	32	-1.09673
20	84	1.09504
6	32	-1.09462
0	30	1.09397
2	84	1.09396
14	30	1.09339
18	98	-1.09339
42	68	-1.09228
60	84	-1.09211
72	92	-1.09177
6	56	-1.09059
12	20	-1.09003
26	54	-1.08805
34	54	-1.08787
58	88	-1.08691
70	86	-1.08669
38	86	1.08653
72	78	-1.08519
72	84	-1.08473
26	70	1.08434
30	56	-1.08425
18	38	-1.08253
24	46	-1.08201
26	28	1.08165
58	60	-1.08158
2	36	-1.08157
6	74	-1.0814
56	98	-1.0813
24	68	-1.08075
80	82	1.07845
10	88	1.07842
8	80	-1.07799
28	64	-1.07651
20	46	1.07549
30	78	1.07477
52	74	-1.0745
68	70	-1.07447
42	64	-1.07439
10	56	1.07429
2	92	1.07406
2	64	1.07395
20	36	-1.07372
24	36	1.07315
20	92	1.07315
2	46	1.07267
22	48	1.07259
48	68	1.07184
78	88	-1.0711
24	64	-1.07097
14	88	-1.07085
2	12	-1.07079
22	32	-1.07055
58	72	-1.06984
38	40	-1.06961
6	80	1.06858
62	88	1.0682
18	30	-1.06762
8	86	-1.06702
88	98	-1.06662
54	84	1.06638
20	64	1.06617
32	40	1.06613
34	80	-1.06599
32	68	-1.06545
56	62	1.06482
76	82	-1.06482
50	72	1.0646
72	96	-1.06422
50	52	-1.06407
28	94	1.06392
40	54	-1.06349
6	24	-1.06347
8	94	1.06344
54	94	-1.06313
18	48	-1.06298
60	96	-1.06286
4	38	-1.06121
6	28	-1.06076
56	76	1.06065
20	74	-1.05949
2	44	1.05949
28	40	1.05943
22	30	1.05892
56	58	-1.05859
52	56	-1.05785
32	94	1.05777
0	88	-1.0573
20	44	1.0573
48	86	1.05718
32	80	-1.05611
8	40	1.05598
8	68	-1.05486
30	58	1.05431
54	92	1.0542
56	90	1.05411
38	80	1.05405
54	86	1.05061
32	86	-1.05022
26	38	-1.05018
2	26	-1.0501
66	70	1.04969
74	98	-1.04964
24	84	-1.04935
56	78	-1.04779
54	68	1.0476
4	48	-1.04736
24	26	1.04702
28	68	-1.04671
38	66	-1.04671
36	70	1.04636
28	46	-1.04618
20	26	-1.04585
50	60	1.04576
44	54	1.0455
72	74	1.04549
64	70	-1.04525
46	54	1.04502
20	50	-1.04464
26	32	1.04403
52	96	1.04383
60	66	1.0438
76	88	1.04311
38	64	1.04301
82	90	-1.04277
2	74	-1.04209
88	90	1.04083
0	48	1.04059
12	90	1.03986
4	20	-1.03973
50	98	-1.03892
0	56	-1.03876
12	24	1.03864
6	98	1.03855
68	72	-1.03775
14	56	-1.03703
32	58	-1.0369
24	92	-1.03678
12	76	1.03675
30	86	1.03648
38	94	-1.03537
2	94	-1.03486
32	64	-1.03474
8	26	1.03437
4	30	-1.03424
20	94	-1.03403
28	84	-1.03401
24	86	-1.03359
14	48	1.03349
24	44	-1.03347
40	48	-1.03336
30	62	-1.03322
2	40	-1.03319
48	66	-1.03311
52	88	-1.03298
0	32	-1.03291
30	68	1.03285
32	78	-1.03263
24	94	1.03207
42	58	-1.03142
90	96	-1.03135
20	40	-1.03127
24	40	1.03096
16	58	-1.0309
28	44	-1.03054
2	4	-1.03039
10	30	-1.03019
2	50	-1.03011
60	74	1.02973
28	86	-1.02936
2	96	1.02882
4	72	1.02854
76	96	-1.02835
28	92	-1.02819
20	96	1.02796
12	54	-1.02791
66	72	1.0273
48	78	1.02713
36	38	-1.02695
4	28	1.02644
36	60	1.02642
8	62	1.02638
4	54	-1.0263
22	54	1.02627
2	68	1.02593
18	72	1.02499
70	80	-1.02488
2	86	1.02385
12	28	1.0234
20	68	1.02301
8	14	-1.0225
32	62	1.02241
32	66	1.02209
8	64	-1.02208
48	64	1.02166
32	36	1.02159
42	78	-1.02131
96	98	1.02127
6	76	-1.02117
18	60	1.02055
8	10	1.0204
0	8	-1.02027
6	52	1.02004
26	48	-1.01971
4	60	1.01971
10	42	1.01956
20	86	1.01952
54	96	1.01937
12	52	-1.01928
48	94	-1.01883
16	78	-1.01879
80	88	-1.0187
24	96	-1.01816
10	32	1.01801
30	64	1.0177
60	68	-1.01745
64	72	-1.01707
14	16	-1.01677
44	52	1.01659
54	74	-1.01634
82	98	1.01615
48	58	1.01601
34	98	-1.01583
56	80	-1.01583
52	92	1.01571
76	84	-1.01553
30	94	-1.01522
42	62	1.01503
14	32	-1.01478
0	42	-1.01461
8	66	1.01422
46	52	1.01363
8	36	1.01332
18	54	-1.01304
44	98	1.0129
92	98	1.01289
0	38	1.01287
6	90	-1.01282
4	24	1.0123
84	98	1.01221
28	74	1.01202
22	72	-1.012
36	72	1.01193
58	70	-1.01186
22	28	-1.0118
60	64	-1.01167
52	84	1.01149
10	16	1.0113
22	24	-1.01124
0	16	-1.01053
18	28	1.0101
8	78	-1.00999
26	60	1.0099
14	38	1.0091
84	90	-1.00906
72	86	-1.009
60	94	1.00857
2	22	1.00849
34	90	1.00822
42	80	-1.00816
50	54	-1.00792
14	42	-1.00778
46	98	1.0077
34	76	1.00747
16	62	1.00745
76	92	-1.00726
38	78	1.00723
70	78	-1.00707
28	96	-1.00702
22	60	-1.00692
44	90	-1.00682
28	50	1.00682
36	48	-1.00658
46	76	-1.00637
0	70	-1.00627
12	98	-1.00617
30	66	-1.00615
62	70	1.00609
20	22	1.00571
90	92	-1.00563
38	58	1.00543
10	70	1.00524
52	82	1.00523
44	76	-1.0051
46	90	-1.00497
72	94	1.00487
40	60	1.0035
24	74	1.00316
8	58	-1.00278
24	50	1.00278
34	52	-1.00267
26	72	1.00178
2	18	-1.00175
16	80	-1.00173
18	20	-1.00157
60	86	-1.00144
18	24	1.00097
14	70	-1.00065
40	72	1.00004
