id label data 
0 1 0.4127540045223882 0.3423364761599733 
1 -1 1.2560763585734365 1.0272331354301394 
2 1 0.8056557467210295 1.1215292318753718 
3 1 0.261428657407937 0.2862048787701522 
4 1 0.2912249896792761 1.2758497782190046 
5 1 0.07694394782450822 0.8601319548460129 
6 -1 1.1755112544545663 1.020652066924013 
7 -1 1.2795196979646384 1.070166261118502 
8 -1 0.8647453828578417 0.2272845824023621 
9 -1 0.8281487192590161 0.17832042093724296 
10 1 0.30184476766134444 1.1786728702860143 
11 -1 1.0757422494364655 0.9207038610043365 
12 1 0.6374590332064813 1.279612213224365 
13 1 0.9059899672766388 1.037962368541601 
14 -1 1.3349929110460876 0.7994160542615634 
15 -1 1.0197572659786995 0.6596229286865004 
16 1 0.4103335177042347 0.25178886458443617 
17 1 0.1163218360538116 0.84378402669859 
18 1 0.3085294969393754 0.6281401788083766 
19 -1 1.0755992522596347 0.9389582961496846 
20 1 0.9317385180400165 0.9864019080174489 
21 -1 0.89405980825454 0.27356307359166243 
22 1 0.19031160910670158 1.1229614201961837 
23 -1 0.885989409457147 0.1682231628904429 
24 1 0.2562917285150932 0.3505278898320528 
25 1 0.3140863325078072 1.0024189690607066 
26 1 0.36246100265671233 0.6036754953995573 
27 1 0.29240698009811095 0.9591152368870831 
28 1 0.3795022804375994 0.46573514097311564 
29 -1 0.7603564689693534 0.10954095960793407 
30 -1 0.9011574802719717 0.554457534998646 
31 1 0.46763275464152776 0.6087996441770246 
32 1 0.17777304979050076 0.2985911898279991 
33 -1 1.024790678856445 0.3283886078615583 
34 -1 0.933289940952908 0.6385554407119528 
35 1 0.5857821940712843 0.830946398957501 
36 1 0.43812458849881647 0.7963222903953019 
37 1 0.4068060207428605 0.4357407620999596 
38 -1 1.0880313281378973 0.643560510578979 
39 1 0.22850650635699862 1.1707607772072668 
40 -1 1.126108528886828 0.6536152457270757 
41 -1 1.3657598581522956 0.9518060358561575 
42 -1 0.9801194835752244 0.8809762908173139 
43 -1 1.1750852701158987 0.8283288839124847 
44 1 0.3895160512200592 1.18658223542633 
45 1 0.8692522910091215 1.1711706858451034 
46 1 0.21859640844402456 0.9889139909321103 
47 -1 0.8568897164112032 0.4408672697343562 
48 1 0.08031242434431779 0.5710394746387228 
49 1 0.18698148570042722 0.8557790232449475 
50 -1 1.0231844025279484 0.6706394986056 
51 1 0.11922741752756895 0.842671886898129 
52 -1 0.8517068475291639 0.19711752243145553 
53 1 0.6858201734398568 0.8062035406329896 
54 -1 0.8987955455703697 0.2889135424991265 
55 1 0.663098539548393 1.0528749646912354 
56 -1 1.0500358209379717 0.8578619253421214 
57 -1 0.7052599275887506 0.7170104409693808 
58 -1 1.0842092682189095 0.4530176987967489 
59 -1 0.9909645666788476 0.6556057673396698 
60 1 0.563759225555953 0.389101462089321 
61 1 0.4626745482056338 0.33762708434412186 
62 -1 0.6545444658515374 0.5127936822806617 
63 -1 1.3112293648698878 1.0881096260148018 
64 -1 0.98161640905535 0.88854419265349 
65 1 0.554145321426735 1.3861454622928735 
66 -1 1.038674773478111 0.8607975848863517 
67 1 0.26929121935505324 0.7126267092427769 
68 -1 1.0225994684451185 0.20235662900218843 
69 1 0.7188115263488901 1.1558051999914514 
70 1 0.6535631696202169 1.258550953829503 
71 1 0.6959363643777802 0.7408428127135503 
72 -1 1.1714026848336547 0.7383574454464144 
73 1 0.2819919987318718 1.226128322097364 
74 1 0.30996525948139964 0.27905894461944786 
75 1 0.28356709177904343 1.130557578744899 
76 -1 1.0122933821719469 0.6467318044054164 
77 -1 0.7996707891658631 0.608934790091081 
78 -1 0.9659100808681609 0.25063842108577017 
79 -1 1.0376532054458558 0.8044033684585079 
80 1 0.39755631956303517 1.0518659998645634 
81 -1 0.699618502541804 0.17048867494621783 
82 1 0.17291608215999033 1.0330416240125306 
83 -1 1.1386371481696904 0.7644924945228818 
84 1 0.7593177480378771 0.8131937977465461 
85 -1 0.8663265394191422 0.14080350236307065 
86 1 1.2872196765584842 1.08268927207397 
87 1 0.7801388799787891 1.2364789479040523 
88 1 0.4252348484692767 0.9682155677901172 
89 -1 1.0267465182475128 0.8652354608546561 
90 1 0.5982217129192283 0.7995598146694839 
91 -1 0.9760696862612921 0.10016556122680532 
92 1 0.7404153642717716 0.8837787081768279 
93 1 0.5124499663728198 1.4337105012409426 
94 1 0.5271742812554542 1.3293306197923282 
95 -1 0.8628408941516664 0.7889276804562185 
96 -1 0.7474164529180063 0.0416215670668649 
97 -1 1.0138045299155989 0.6150830028692499 
98 1 0.3698308530942455 0.35550650360506325 
99 1 0.5104681012358173 1.2161778219292558 
100 1 0.27637511927796415 0.4264038470305575 
101 -1 0.9601834013695018 0.7983925189440765 
102 1 0.4251208935204436 0.32763450539583205 
103 1 0.37523899871041744 1.3756435980724526 
104 -1 1.244066766437278 0.9518846875259419 
105 -1 1.10581090467487 0.6017179660056788 
106 1 0.5840787779886802 0.9744675581762204 
107 -1 1.194105077869864 0.9786372054153595 
108 1 0.6896056676644113 1.301490226725859 
109 -1 1.2777281148825532 1.0557623711485553 
110 -1 1.0818167668806196 0.7109140727500567 
111 -1 1.0651847147836087 0.8498688897845061 
112 1 0.28667104022865086 1.4364210591665034 
113 1 0.6808195066540308 1.1602387451815355 
114 -1 0.7002292210363537 0.2595667344720306 
115 -1 0.9233629165693692 0.09290763350697316 
116 1 0.29381144515646734 0.5030694612948642 
117 -1 0.9974638605676243 0.5450294929948748 
118 -1 0.9577069671077425 0.8370748143452438 
119 -1 0.8632603474044431 0.5504335576329457 
