id label data 
0 -1 0.7861436497892753 0.7260570329860303 
1 -1 0.8983535502962234 0.6129713385701481 
2 -1 1.3349929110460876 0.7994160542615634 
3 1 0.24024777492067884 0.9279802080142928 
4 -1 0.6545444658515374 0.5127936822806617 
5 -1 0.8281487192590161 0.17832042093724296 
6 1 0.6535631696202169 1.258550953829503 
7 -1 1.0651847147836087 0.8498688897845061 
8 -1 0.7996707891658631 0.608934790091081 
9 1 0.261428657407937 0.2862048787701522 
10 1 0.29381144515646734 0.5030694612948642 
11 1 0.6374590332064813 1.279612213224365 
12 1 0.2960382845929712 0.17127634044441978 
13 1 0.4252348484692767 0.9682155677901172 
14 1 0.3527117151744594 0.8216417821938562 
15 1 0.1404238357567808 0.7192900720321452 
16 -1 0.9601834013695018 0.7983925189440765 
17 -1 0.7603564689693534 0.10954095960793407 
18 -1 0.8663422306317591 0.4150434801680037 
19 -1 1.3025419407085856 0.7953271428501066 
20 1 0.4058984345574348 1.3398128529874227 
21 -1 1.1934309866189272 0.947000585258029 
22 -1 1.244066766437278 0.9518846875259419 
23 -1 0.8429957130720267 0.44273795435425345 
24 -1 1.0122933821719469 0.6467318044054164 
25 -1 1.0500358209379717 0.8578619253421214 
26 1 0.7593177480378771 0.8131937977465461 
27 1 0.40331808335291974 1.1850388560014051 
28 -1 0.8517068475291639 0.19711752243145553 
29 -1 1.038674773478111 0.8607975848863517 
30 1 0.46763275464152776 0.6087996441770246 
31 -1 0.7525530628080935 0.44712976399810833 
32 -1 1.1755112544545663 1.020652066924013 
33 1 0.3895160512200592 1.18658223542633 
34 -1 1.0472999353775105 0.7206973064730904 
35 1 0.5857821940712843 0.830946398957501 
36 -1 1.0249343023624795 0.7845808608927786 
37 1 0.4976729641139968 0.35461816497320386 
38 1 0.7007471732035702 1.270696347756131 
39 -1 1.0757422494364655 0.9207038610043365 
40 -1 1.0830906892775107 0.777002859258414 
41 1 0.21463183931784002 0.5446461325058456 
42 -1 0.89405980825454 0.27356307359166243 
43 -1 0.8405911261275127 0.7559074637993662 
44 1 0.663098539548393 1.0528749646912354 
45 1 0.4127540045223882 0.3423364761599733 
46 -1 0.9857864715311095 0.11589893262070547 
47 -1 1.0961843662259851 0.910367400202256 
48 1 0.25560982650139047 0.8820958208710693 
49 1 0.47478497921051305 0.41459036134432464 
50 -1 0.8149759702857934 0.5655433206254328 
51 1 0.36246100265671233 0.6036754953995573 
52 1 0.4432240560882556 0.9036687647788817 
53 1 0.7057065271559566 1.0571187817527283 
54 -1 0.8583492847832742 0.498974401452015 
55 -1 0.8306265833447157 0.7021278470436948 
56 -1 0.8647453828578417 0.2272845824023621 
57 -1 0.5116458080221621 0.2708315973626933 
58 -1 1.007179552402094 0.9342287536106552 
59 -1 1.0267465182475128 0.8652354608546561 
60 1 0.26929121935505324 0.7126267092427769 
61 -1 1.0479632366430118 0.6318959806059455 
62 1 0.3602557652920806 0.6969287545905314 
63 -1 0.885989409457147 0.1682231628904429 
64 1 0.28356709177904343 1.130557578744899 
65 1 0.6900750259708059 1.0282789350709998 
66 1 0.3795022804375994 0.46573514097311564 
67 -1 1.1714026848336547 0.7383574454464144 
68 -1 1.2284798084428177 0.30296610295265414 
69 -1 0.9233629165693692 0.09290763350697316 
70 -1 0.98531506050538 0.6553129802497649 
71 -1 1.0225994684451185 0.20235662900218843 
72 -1 0.7474164529180063 0.0416215670668649 
73 1 0.1368420348667866 0.5391684068107933 
74 1 0.5982217129192283 0.7995598146694839 
75 -1 0.9063861994448305 0.09640370350793526 
76 1 0.6203158670450813 1.2950081973298033 
77 -1 1.0611962099314127 0.7032161867199815 
78 -1 0.9768825340638108 0.0664411447673759 
79 -1 0.9928465853946876 0.921469449385863 
80 1 0.4399440458081997 1.4190000030658128 
81 -1 1.1533491061074594 0.7093541549965221 
82 -1 1.1750852701158987 0.8283288839124847 
83 1 0.2796385390620174 0.539337873313307 
84 -1 0.9165660814190102 0.6630046203343052 
85 1 0.2912249896792761 1.2758497782190046 
86 1 0.41464376738190917 0.9706945363775199 
87 1 0.29240698009811095 0.9591152368870831 
88 1 0.4147060353941515 0.5929935675034647 
89 1 0.9059899672766388 1.037962368541601 
90 -1 0.9047909900454085 0.747087567515799 
91 1 0.4461018477196246 1.0775361812842126 
92 -1 0.8428923035105538 1.0746785892935862 
93 -1 1.1386371481696904 0.7644924945228818 
94 -1 0.934916384895294 0.29604639434717045 
95 1 0.3879190473173465 1.2458793465965854 
96 1 0.3698308530942455 0.35550650360506325 
97 -1 1.096157045591089 0.9021507450650347 
98 1 0.5361831008500642 0.21457492284845373 
99 1 0.11922741752756895 0.842671886898129 
100 1 0.3745413074703203 0.8898990453447888 
101 1 0.21859640844402456 0.9889139909321103 
102 1 0.07694394782450822 0.8601319548460129 
103 -1 0.992873268625202 0.806038730085875 
104 1 0.6858201734398568 0.8062035406329896 
105 -1 1.218994037099049 0.6285307372846142 
106 -1 1.3657598581522956 0.9518060358561575 
107 1 0.7188115263488901 1.1558051999914514 
108 -1 0.6163268635856848 0.6683813477662178 
109 -1 1.0755992522596347 0.9389582961496846 
110 -1 1.5707963267948966 0.7663994628442511 
111 1 0.554145321426735 1.3861454622928735 
112 1 0.3133457046193949 0.5382239804274571 
113 -1 1.0880313281378973 0.643560510578979 
114 1 0.5933391103843718 0.4246413705557533 
115 -1 1.0094831777272177 0.6189624628238274 
116 -1 0.8937886320849013 0.7431223668451711 
117 -1 1.0524132054088848 0.8984371780447031 
118 1 0.19031160910670158 1.1229614201961837 
119 1 0.15188571143691074 0.7860028288235695 
