id label data 
0 -1 1.0479632366430118 0.6318959806059455 
1 -1 0.933289940952908 0.6385554407119528 
2 -1 0.7996707891658631 0.608934790091081 
3 -1 1.0818167668806196 0.7109140727500567 
4 1 0.3745413074703203 0.8898990453447888 
5 1 0.3071112708823931 0.9347087452766412 
6 1 0.3879190473173465 1.2458793465965854 
7 -1 0.9659100808681609 0.25063842108577017 
8 1 0.4432240560882556 0.9036687647788817 
9 -1 1.0225994684451185 0.20235662900218843 
10 -1 1.054340646471895 0.9381643084096855 
11 1 0.5933391103843718 0.4246413705557533 
12 1 0.11922741752756895 0.842671886898129 
13 -1 1.0138045299155989 0.6150830028692499 
14 1 0.24698255887244458 1.2079200551085558 
15 -1 0.7098406271301186 0.23283541876563868 
16 -1 1.0472999353775105 0.7206973064730904 
17 -1 1.244066766437278 0.9518846875259419 
18 1 0.17777304979050076 0.2985911898279991 
19 1 0.21463183931784002 0.5446461325058456 
20 -1 1.3349929110460876 0.7994160542615634 
21 1 0.07694394782450822 0.8601319548460129 
22 -1 1.126108528886828 0.6536152457270757 
23 1 0.22830080801704547 0.3038229677713512 
24 -1 0.8777351339537898 0.156268520576576 
25 -1 0.98531506050538 0.6553129802497649 
26 -1 0.8143240274374034 0.5982136397525001 
27 -1 0.8306265833447157 0.7021278470436948 
28 -1 0.8149759702857934 0.5655433206254328 
29 1 0.41464376738190917 0.9706945363775199 
30 1 0.4279137158364328 0.3464119126126672 
31 -1 1.0376532054458558 0.8044033684585079 
32 1 0.563759225555953 0.389101462089321 
33 1 0.36246100265671233 0.6036754953995573 
34 1 0.27637511927796415 0.4264038470305575 
35 -1 0.8628408941516664 0.7889276804562185 
36 1 0.28667104022865086 1.4364210591665034 
37 -1 0.9831158664966997 0.8012105854280499 
38 1 0.5982217129192283 0.7995598146694839 
39 -1 1.2795196979646384 1.070166261118502 
40 1 0.3085294969393754 0.6281401788083766 
41 1 0.25560982650139047 0.8820958208710693 
42 1 0.3527117151744594 0.8216417821938562 
43 1 0.20115180455429452 0.7395395990141289 
44 -1 0.9909645666788476 0.6556057673396698 
45 1 0.13347411850120322 0.41281629140198206 
46 1 0.19031160910670158 1.1229614201961837 
47 -1 0.8511036863327053 0.6787861537139696 
48 1 0.43812458849881647 0.7963222903953019 
49 1 0.46763275464152776 0.6087996441770246 
50 1 0.9059899672766388 1.037962368541601 
51 1 0.8221903672294039 1.0116184717535373 
52 -1 1.1286429925099133 0.8838832631042429 
53 -1 1.1697181818744418 0.9231158490313023 
54 -1 0.8663265394191422 0.14080350236307065 
55 -1 1.5707963267948966 0.7663994628442511 
56 1 0.6374590332064813 1.279612213224365 
57 1 0.2894511032050243 0.29897789268632713 
58 1 0.655329101481203 1.0852884426954792 
59 1 0.4058984345574348 1.3398128529874227 
60 -1 0.885989409457147 0.1682231628904429 
61 -1 1.3657598581522956 0.9518060358561575 
62 1 0.4251208935204436 0.32763450539583205 
63 -1 0.8296608745558377 0.17357680651069154 
64 -1 0.7525530628080935 0.44712976399810833 
65 1 0.23726107028057325 1.024421099660175 
66 -1 0.89405980825454 0.27356307359166243 
67 -1 1.1347719740074795 0.5968086118101729 
68 -1 1.1153299104538803 0.7368578136369114 
69 -1 0.8200636310336499 0.4722155511905711 
70 -1 1.1946640913123916 0.8757266060899623 
71 1 0.3140863325078072 1.0024189690607066 
72 -1 1.372240365116243 1.1775791200560846 
73 -1 1.0524132054088848 0.8984371780447031 
74 -1 1.1847891527578325 0.864699897581191 
75 -1 0.9969258402443264 0.3888840177136465 
76 -1 0.9290483426311663 0.6239623109660217 
77 -1 1.0750314089915736 1.211609813606369 
78 1 0.18268808714064835 0.5662888240052686 
79 1 0.5104681012358173 1.2161778219292558 
80 1 0.2796385390620174 0.539337873313307 
81 -1 1.2018037864636342 0.7086951883817916 
82 -1 0.8937886320849013 0.7431223668451711 
83 -1 0.7861436497892753 0.7260570329860303 
84 -1 1.3112293648698878 1.0881096260148018 
85 1 0.07403404920990224 0.7903037084828463 
86 -1 1.1896757211491877 0.7278482674037895 
87 -1 0.8489309905786697 0.2364218498502644 
88 -1 0.892392314825284 0.5422474465193122 
89 -1 0.954590754807527 0.7894351929899278 
90 -1 0.9165660814190102 0.6630046203343052 
91 -1 1.0500358209379717 0.8578619253421214 
92 -1 0.6486315419333296 0.21995921491212772 
93 -1 1.0961843662259851 0.910367400202256 
94 -1 1.0800491633698333 0.6979867394908005 
95 -1 0.8632603474044431 0.5504335576329457 
96 1 0.40331808335291974 1.1850388560014051 
97 1 0.8506767733718653 0.9698054195129194 
98 1 0.4252348484692767 0.9682155677901172 
99 -1 0.8429957130720267 0.44273795435425345 
100 -1 1.2673005399038473 0.8052806502976995 
101 1 0.3148840406165685 0.5045442164006692 
102 1 0.25347491214224604 0.2600662391830869 
103 1 0.8222299995068002 1.0751305983016708 
104 1 0.554145321426735 1.3861454622928735 
105 1 0.1163218360538116 0.84378402669859 
106 1 0.4127540045223882 0.3423364761599733 
107 -1 0.9928465853946876 0.921469449385863 
108 -1 1.0611962099314127 0.7032161867199815 
109 1 0.24933986244755008 0.664518437051412 
110 -1 0.7822663477960831 0.7165791205827083 
111 1 0.47478497921051305 0.41459036134432464 
112 1 1.2872196765584842 1.08268927207397 
113 -1 0.9760696862612921 0.10016556122680532 
114 -1 1.096157045591089 0.9021507450650347 
115 1 0.5857821940712843 0.830946398957501 
116 1 0.4461018477196246 1.0775361812842126 
117 -1 1.0258112936016912 0.6750667586341745 
118 1 0.3133457046193949 0.5382239804274571 
119 1 0.3602557652920806 0.6969287545905314 
120 -1 0.7603564689693534 0.10954095960793407 
121 1 0.2698312930005367 0.6934070665434999 
122 1 0.5124499663728198 1.4337105012409426 
123 1 0.3698308530942455 0.35550650360506325 
124 -1 0.6163268635856848 0.6683813477662178 
125 1 0.8692522910091215 1.1711706858451034 
126 -1 1.3025419407085856 0.7953271428501066 
127 1 0.24024777492067884 0.9279802080142928 
128 1 0.9317385180400165 0.9864019080174489 
129 1 0.3795022804375994 0.46573514097311564 
130 1 0.23748108493891268 0.7662880766334111 
131 -1 0.9844762394090348 0.7433070947197814 
132 1 0.7137271381341368 1.0223715762978998 
133 -1 1.0249343023624795 0.7845808608927786 
134 1 0.39755631956303517 1.0518659998645634 
135 -1 1.218994037099049 0.6285307372846142 
136 -1 1.2777281148825532 1.0557623711485553 
137 1 0.6203158670450813 1.2950081973298033 
138 -1 0.8428923035105538 1.0746785892935862 
139 -1 0.98161640905535 0.88854419265349 
140 -1 0.9857864715311095 0.11589893262070547 
141 1 0.25431369695397227 0.321808414417338 
142 -1 0.992873268625202 0.806038730085875 
143 -1 0.8983535502962234 0.6129713385701481 
144 1 0.4626745482056338 0.33762708434412186 
145 1 0.3897532686441366 1.098780700534219 
146 -1 0.8583492847832742 0.498974401452015 
147 1 0.24624889897706662 0.5806921153716151 
148 -1 1.0880313281378973 0.643560510578979 
149 -1 1.10581090467487 0.6017179660056788 
150 1 0.08888182768263987 0.48558705174279143 
151 -1 1.0864589381485406 0.8185573673843786 
152 -1 0.6078329469207724 0.5982114186761783 
153 -1 1.092382068337326 0.3807788027698389 
154 1 0.8056557467210295 1.1215292318753718 
155 1 0.663098539548393 1.0528749646912354 
156 1 0.18698148570042722 0.8557790232449475 
157 1 0.7057065271559566 1.0571187817527283 
158 -1 0.8663422306317591 0.4150434801680037 
159 -1 0.8155425383543132 0.12485147828766958 
160 1 0.4103335177042347 0.25178886458443617 
161 1 0.1985796013644643 0.3517840095857636 
162 1 0.44846174440517167 0.29903354458201165 
163 1 0.1404238357567808 0.7192900720321452 
164 1 0.13438054812955455 0.8767558774243975 
165 -1 0.7711735808136642 0.1820121943278473 
166 1 0.25451596105178265 0.341528767576834 
167 -1 1.1806556860312025 0.8035407132034574 
168 -1 0.9601834013695018 0.7983925189440765 
169 -1 0.9047909900454085 0.747087567515799 
170 1 0.2912249896792761 1.2758497782190046 
171 -1 1.1122107486160477 0.9496995180995994 
172 1 0.8023924968151134 1.0768723848458055 
173 1 0.4147060353941515 0.5929935675034647 
174 1 0.3665252374873141 0.5155994621991558 
175 1 0.3895160512200592 1.18658223542633 
176 1 0.6444640578956543 0.4776057144282859 
177 1 0.21859640844402456 0.9889139909321103 
178 1 0.21504229105458733 0.4688880407857955 
179 -1 1.2560763585734365 1.0272331354301394 
