id label data 
0 1 0.3665252374873141 0.5155994621991558 
1 -1 1.2673005399038473 0.8052806502976995 
2 1 0.41464376738190917 0.9706945363775199 
3 -1 0.8937886320849013 0.7431223668451711 
4 1 0.21463183931784002 0.5446461325058456 
5 -1 0.46763734959095626 0.2249101170511281 
6 1 0.5361831008500642 0.21457492284845373 
7 1 0.6672622548023835 0.6721635948813427 
8 -1 0.6078329469207724 0.5982114186761783 
9 -1 1.0961843662259851 0.910367400202256 
10 1 0.8221903672294039 1.0116184717535373 
11 1 0.3071112708823931 0.9347087452766412 
12 1 0.2008743658555899 0.8141374843369394 
13 1 0.5126975421684646 1.2316711280204335 
14 -1 1.1533491061074594 0.7093541549965221 
15 -1 0.8155425383543132 0.12485147828766958 
16 -1 1.0611962099314127 0.7032161867199815 
17 -1 0.81182907476449 0.35713707449979365 
18 -1 0.9063861994448305 0.09640370350793526 
19 1 0.2855997546473569 0.9858760546668216 
20 -1 1.3025419407085856 0.7953271428501066 
21 1 0.29640123826161185 0.7520368698697681 
22 -1 0.8663422306317591 0.4150434801680037 
23 -1 1.1697181818744418 0.9231158490313023 
24 -1 0.8078356755031372 0.6584962821016623 
25 1 0.18268808714064835 0.5662888240052686 
26 -1 0.9852341835971558 0.1750482797633913 
27 1 0.4058984345574348 1.3398128529874227 
28 -1 1.054340646471895 0.9381643084096855 
29 -1 1.0767847286146253 0.8061036113113662 
30 -1 1.0524132054088848 0.8984371780447031 
31 1 0.33244781715840976 0.5525884995207181 
32 1 0.44846174440517167 0.29903354458201165 
33 -1 0.8511036863327053 0.6787861537139696 
34 1 0.3879190473173465 1.2458793465965854 
35 1 0.2796385390620174 0.539337873313307 
36 -1 0.7684660105811936 0.7366474703835011 
37 1 0.2960382845929712 0.17127634044441978 
38 -1 0.9421381589569805 0.7069862234648645 
39 -1 0.9246897420187169 0.2523510071207107 
40 1 0.23664458803578003 0.22920520734209096 
41 1 0.3801620340850174 0.2295930604363095 
42 1 0.3148840406165685 0.5045442164006692 
43 -1 1.0472999353775105 0.7206973064730904 
44 -1 0.8149759702857934 0.5655433206254328 
45 1 0.4976729641139968 0.35461816497320386 
46 1 0.6444640578956543 0.4776057144282859 
47 1 0.1985796013644643 0.3517840095857636 
48 -1 1.094905242211847 0.16930638945963003 
49 -1 1.096157045591089 0.9021507450650347 
50 -1 0.9768825340638108 0.0664411447673759 
51 1 0.2586361842717621 0.6243891034414797 
52 1 0.24624889897706662 0.5806921153716151 
53 1 0.655329101481203 1.0852884426954792 
54 -1 1.122565938875142 0.88370056447266 
55 1 0.4558092078359874 1.3459370300798186 
56 1 0.2698312930005367 0.6934070665434999 
57 -1 0.6449914828785902 0.53728839609176 
58 -1 0.8583492847832742 0.498974401452015 
59 1 0.2894511032050243 0.29897789268632713 
60 -1 0.9844762394090348 0.7433070947197814 
61 -1 0.8296608745558377 0.17357680651069154 
62 -1 1.3713503760027663 0.8357691767205757 
63 -1 0.8983535502962234 0.6129713385701481 
64 1 0.23726107028057325 1.024421099660175 
65 -1 0.858922084102797 0.2726783100685814 
66 1 0.1368420348667866 0.5391684068107933 
67 -1 1.092382068337326 0.3807788027698389 
68 -1 1.20338220083216 0.8922081265181722 
69 -1 0.5116458080221621 0.2708315973626933 
70 1 0.3745413074703203 0.8898990453447888 
71 -1 0.7711735808136642 0.1820121943278473 
72 1 0.23748108493891268 0.7662880766334111 
73 -1 0.9047909900454085 0.747087567515799 
74 1 0.20115180455429452 0.7395395990141289 
75 1 0.7137271381341368 1.0223715762978998 
76 1 0.8222299995068002 1.0751305983016708 
77 -1 1.1555662171923144 0.4870481062893597 
78 1 0.5933391103843718 0.4246413705557533 
79 -1 1.1940057175939414 0.6471472483485426 
80 -1 0.8405911261275127 0.7559074637993662 
81 1 0.3897532686441366 1.098780700534219 
82 -1 0.954590754807527 0.7894351929899278 
83 -1 0.7525530628080935 0.44712976399810833 
84 1 0.15188571143691074 0.7860028288235695 
85 -1 0.934916384895294 0.29604639434717045 
86 1 0.4461018477196246 1.0775361812842126 
87 1 0.3527117151744594 0.8216417821938562 
88 1 0.14209682198418747 0.4063905780918209 
89 1 0.24434318149497344 0.5029003711490124 
90 1 0.333747337081329 0.9329884588427545 
91 1 0.13347411850120322 0.41281629140198206 
92 1 0.47478497921051305 0.41459036134432464 
93 -1 1.1788551409230603 0.8235061052124544 
94 -1 0.6486315419333296 0.21995921491212772 
95 -1 0.7822663477960831 0.7165791205827083 
96 -1 0.8429957130720267 0.44273795435425345 
97 -1 0.98531506050538 0.6553129802497649 
98 -1 1.1153299104538803 0.7368578136369114 
99 1 0.08888182768263987 0.48558705174279143 
100 1 0.34114498368852547 0.39819690976538014 
101 -1 1.1717513254411012 0.9589851861134694 
102 -1 1.1286429925099133 0.8838832631042429 
103 1 0.8644390816883812 1.1746093386980356 
104 -1 1.1228523036076208 0.9496762841920728 
105 1 0.479141465084754 0.9280240004064914 
106 1 0.4147060353941515 0.5929935675034647 
107 1 0.6203158670450813 1.2950081973298033 
108 -1 0.992873268625202 0.806038730085875 
109 1 0.3133457046193949 0.5382239804274571 
110 1 0.13438054812955455 0.8767558774243975 
111 1 0.40331808335291974 1.1850388560014051 
112 -1 1.3288183172264372 0.9038488123954677 
113 1 0.25560982650139047 0.8820958208710693 
114 1 0.22830080801704547 0.3038229677713512 
115 -1 0.6163268635856848 0.6683813477662178 
116 1 0.25431369695397227 0.321808414417338 
117 1 0.07403404920990224 0.7903037084828463 
118 -1 1.1347719740074795 0.5968086118101729 
119 -1 1.0750314089915736 1.211609813606369 
120 -1 1.0864589381485406 0.8185573673843786 
121 -1 1.007179552402094 0.9342287536106552 
122 1 0.25347491214224604 0.2600662391830869 
123 -1 1.2018037864636342 0.7086951883817916 
124 1 0.8023924968151134 1.0768723848458055 
125 -1 0.9633790589145357 0.0 
126 -1 0.9831158664966997 0.8012105854280499 
127 -1 1.1122107486160477 0.9496995180995994 
128 -1 0.9928465853946876 0.921469449385863 
129 1 0.4327800366366 1.1764349353625352 
130 1 0.6900750259708059 1.0282789350709998 
131 -1 1.1946640913123916 0.8757266060899623 
132 -1 1.1934309866189272 0.947000585258029 
133 1 0.24024777492067884 0.9279802080142928 
134 -1 0.8306265833447157 0.7021278470436948 
135 -1 0.9165660814190102 0.6630046203343052 
136 1 0.7007471732035702 1.270696347756131 
137 1 0.42004515467388953 0.656787827330906 
138 -1 0.8143240274374034 0.5982136397525001 
139 -1 1.0799580699324522 0.17871802949638338 
140 1 0.7057065271559566 1.0571187817527283 
141 -1 1.0258112936016912 0.6750667586341745 
142 -1 1.0800491633698333 0.6979867394908005 
143 -1 1.0249343023624795 0.7845808608927786 
144 1 0.3602557652920806 0.6969287545905314 
145 -1 1.1847891527578325 0.864699897581191 
146 -1 0.8200636310336499 0.4722155511905711 
147 1 0.35509938845407796 1.1639083673935695 
148 1 0.25451596105178265 0.341528767576834 
149 1 0.24698255887244458 1.2079200551085558 
150 -1 1.0830906892775107 0.777002859258414 
151 -1 0.8777351339537898 0.156268520576576 
152 1 0.21504229105458733 0.4688880407857955 
153 -1 1.2284798084428177 0.30296610295265414 
154 -1 0.892392314825284 0.5422474465193122 
155 -1 0.8428923035105538 1.0746785892935862 
156 1 0.4399440458081997 1.4190000030658128 
157 1 0.4279137158364328 0.3464119126126672 
158 -1 1.372240365116243 1.1775791200560846 
159 1 0.4432240560882556 0.9036687647788817 
160 1 0.5468902442438391 1.3325564870825208 
161 -1 0.7861436497892753 0.7260570329860303 
162 1 0.24933986244755008 0.664518437051412 
163 1 0.8610630037166922 1.1052472103057651 
164 1 0.8506767733718653 0.9698054195129194 
165 -1 1.0479632366430118 0.6318959806059455 
166 -1 0.9857864715311095 0.11589893262070547 
167 -1 1.0094831777272177 0.6189624628238274 
168 -1 1.1896757211491877 0.7278482674037895 
169 1 0.43654624973476364 1.3074090737244524 
170 -1 1.5707963267948966 0.7663994628442511 
171 1 0.1404238357567808 0.7192900720321452 
172 -1 0.9290483426311663 0.6239623109660217 
173 1 0.6836583706013583 0.9646714662549586 
174 -1 0.7098406271301186 0.23283541876563868 
175 -1 1.218994037099049 0.6285307372846142 
176 1 0.09877479827553613 0.6259814630936021 
177 -1 0.9969258402443264 0.3888840177136465 
178 -1 0.8489309905786697 0.2364218498502644 
179 -1 1.1806556860312025 0.8035407132034574 
