id label data 
0 1 0.30184476766134444 1.1786728702860143 
1 -1 0.6545444658515374 0.5127936822806617 
2 1 0.2855997546473569 0.9858760546668216 
3 -1 0.81182907476449 0.35713707449979365 
4 -1 1.1940057175939414 0.6471472483485426 
5 -1 1.0755992522596347 0.9389582961496846 
6 1 0.15188571143691074 0.7860028288235695 
7 1 0.22850650635699862 1.1707607772072668 
8 1 0.4327800366366 1.1764349353625352 
9 -1 1.0231844025279484 0.6706394986056 
10 1 0.5840787779886802 0.9744675581762204 
11 -1 0.699618502541804 0.17048867494621783 
12 -1 1.0757422494364655 0.9207038610043365 
13 1 0.6672622548023835 0.6721635948813427 
14 -1 1.1714026848336547 0.7383574454464144 
15 1 0.4976729641139968 0.35461816497320386 
16 -1 1.0799580699324522 0.17871802949638338 
17 1 0.7593177480378771 0.8131937977465461 
18 1 0.8644390816883812 1.1746093386980356 
19 -1 0.8647453828578417 0.2272845824023621 
20 1 0.5468902442438391 1.3325564870825208 
21 -1 0.934916384895294 0.29604639434717045 
22 1 0.479141465084754 0.9280240004064914 
23 -1 0.8987955455703697 0.2889135424991265 
24 -1 0.9233629165693692 0.09290763350697316 
25 1 0.4068060207428605 0.4357407620999596 
26 -1 1.194105077869864 0.9786372054153595 
27 -1 1.0094831777272177 0.6189624628238274 
28 -1 1.0651847147836087 0.8498688897845061 
29 -1 1.024790678856445 0.3283886078615583 
30 -1 0.7002292210363537 0.2595667344720306 
31 -1 1.007179552402094 0.9342287536106552 
32 -1 0.7052599275887506 0.7170104409693808 
33 -1 1.0267465182475128 0.8652354608546561 
34 -1 1.3288183172264372 0.9038488123954677 
35 -1 1.3713503760027663 0.8357691767205757 
36 1 0.14209682198418747 0.4063905780918209 
37 1 0.28356709177904343 1.130557578744899 
38 -1 1.094905242211847 0.16930638945963003 
39 -1 1.1533491061074594 0.7093541549965221 
40 1 0.3801620340850174 0.2295930604363095 
41 -1 1.2284798084428177 0.30296610295265414 
42 -1 1.122565938875142 0.88370056447266 
43 1 0.2586361842717621 0.6243891034414797 
44 1 0.1368420348667866 0.5391684068107933 
45 1 0.09877479827553613 0.6259814630936021 
46 1 0.30996525948139964 0.27905894461944786 
47 -1 0.9421381589569805 0.7069862234648645 
48 -1 0.8281487192590161 0.17832042093724296 
49 -1 0.6449914828785902 0.53728839609176 
50 1 0.6836583706013583 0.9646714662549586 
51 -1 0.9801194835752244 0.8809762908173139 
52 1 0.2562917285150932 0.3505278898320528 
53 -1 0.7684660105811936 0.7366474703835011 
54 1 0.4558092078359874 1.3459370300798186 
55 1 0.6808195066540308 1.1602387451815355 
56 1 0.6535631696202169 1.258550953829503 
57 1 0.17291608215999033 1.0330416240125306 
58 -1 1.1555662171923144 0.4870481062893597 
59 1 0.2819919987318718 1.226128322097364 
60 1 0.35509938845407796 1.1639083673935695 
61 1 0.29240698009811095 0.9591152368870831 
62 1 0.23664458803578003 0.22920520734209096 
63 -1 1.0197572659786995 0.6596229286865004 
64 -1 0.8568897164112032 0.4408672697343562 
65 -1 0.858922084102797 0.2726783100685814 
66 -1 1.20338220083216 0.8922081265181722 
67 -1 0.9011574802719717 0.554457534998646 
68 1 0.37523899871041744 1.3756435980724526 
69 1 0.7007471732035702 1.270696347756131 
70 1 0.6896056676644113 1.301490226725859 
71 -1 0.8405911261275127 0.7559074637993662 
72 -1 1.1228523036076208 0.9496762841920728 
73 1 0.26929121935505324 0.7126267092427769 
74 1 0.261428657407937 0.2862048787701522 
75 1 0.2960382845929712 0.17127634044441978 
76 1 0.8610630037166922 1.1052472103057651 
77 -1 1.1717513254411012 0.9589851861134694 
78 1 0.5271742812554542 1.3293306197923282 
79 -1 1.1788551409230603 0.8235061052124544 
80 -1 0.9577069671077425 0.8370748143452438 
81 -1 0.9246897420187169 0.2523510071207107 
82 1 0.7188115263488901 1.1558051999914514 
83 -1 1.038674773478111 0.8607975848863517 
84 1 0.6959363643777802 0.7408428127135503 
85 1 0.29640123826161185 0.7520368698697681 
86 -1 1.1386371481696904 0.7644924945228818 
87 -1 1.1755112544545663 1.020652066924013 
88 1 0.2008743658555899 0.8141374843369394 
89 1 0.7404153642717716 0.8837787081768279 
90 -1 0.9633790589145357 0.0 
91 1 0.333747337081329 0.9329884588427545 
92 1 0.43654624973476364 1.3074090737244524 
93 -1 1.0830906892775107 0.777002859258414 
94 1 0.33244781715840976 0.5525884995207181 
95 1 0.4399440458081997 1.4190000030658128 
96 1 0.29381144515646734 0.5030694612948642 
97 1 0.5361831008500642 0.21457492284845373 
98 1 0.6900750259708059 1.0282789350709998 
99 -1 1.0842092682189095 0.4530176987967489 
100 1 0.5126975421684646 1.2316711280204335 
101 -1 0.8078356755031372 0.6584962821016623 
102 -1 0.8517068475291639 0.19711752243145553 
103 1 0.7801388799787891 1.2364789479040523 
104 -1 0.5116458080221621 0.2708315973626933 
105 -1 1.0122933821719469 0.6467318044054164 
106 -1 0.46763734959095626 0.2249101170511281 
107 -1 1.1750852701158987 0.8283288839124847 
108 -1 1.1934309866189272 0.947000585258029 
109 -1 1.0767847286146253 0.8061036113113662 
110 1 0.08031242434431779 0.5710394746387228 
111 1 0.24434318149497344 0.5029003711490124 
112 1 0.6858201734398568 0.8062035406329896 
113 -1 0.9063861994448305 0.09640370350793526 
114 1 0.34114498368852547 0.39819690976538014 
115 -1 0.9852341835971558 0.1750482797633913 
116 -1 0.7474164529180063 0.0416215670668649 
117 -1 0.9974638605676243 0.5450294929948748 
118 -1 0.9768825340638108 0.0664411447673759 
119 1 0.42004515467388953 0.656787827330906 
