id label data 
0 -1 0.8155425383543132 0.12485147828766958 
1 -1 1.2795196979646384 1.070166261118502 
2 1 0.5124499663728198 1.4337105012409426 
3 1 0.4327800366366 1.1764349353625352 
4 -1 0.9760696862612921 0.10016556122680532 
5 1 0.24624889897706662 0.5806921153716151 
6 -1 0.7711735808136642 0.1820121943278473 
7 -1 1.0376532054458558 0.8044033684585079 
8 1 0.43812458849881647 0.7963222903953019 
9 1 0.4103335177042347 0.25178886458443617 
10 -1 1.1717513254411012 0.9589851861134694 
11 -1 0.9246897420187169 0.2523510071207107 
12 -1 1.126108528886828 0.6536152457270757 
13 1 0.2819919987318718 1.226128322097364 
14 -1 1.2018037864636342 0.7086951883817916 
15 -1 0.9633790589145357 0.0 
16 -1 0.46763734959095626 0.2249101170511281 
17 -1 0.7822663477960831 0.7165791205827083 
18 1 0.7137271381341368 1.0223715762978998 
19 1 0.18698148570042722 0.8557790232449475 
20 1 0.3801620340850174 0.2295930604363095 
21 1 0.563759225555953 0.389101462089321 
22 1 0.5271742812554542 1.3293306197923282 
23 1 0.13438054812955455 0.8767558774243975 
24 -1 0.8296608745558377 0.17357680651069154 
25 -1 0.8078356755031372 0.6584962821016623 
26 -1 0.7098406271301186 0.23283541876563868 
27 1 0.8644390816883812 1.1746093386980356 
28 -1 1.0818167668806196 0.7109140727500567 
29 -1 1.0750314089915736 1.211609813606369 
30 1 0.6836583706013583 0.9646714662549586 
31 1 0.4068060207428605 0.4357407620999596 
32 1 0.4251208935204436 0.32763450539583205 
33 1 0.5104681012358173 1.2161778219292558 
34 1 0.23748108493891268 0.7662880766334111 
35 1 0.8221903672294039 1.0116184717535373 
36 1 0.2894511032050243 0.29897789268632713 
37 1 0.5126975421684646 1.2316711280204335 
38 -1 1.1555662171923144 0.4870481062893597 
39 -1 1.20338220083216 0.8922081265181722 
40 -1 1.0864589381485406 0.8185573673843786 
41 -1 0.9969258402443264 0.3888840177136465 
42 -1 0.8143240274374034 0.5982136397525001 
43 -1 0.9852341835971558 0.1750482797633913 
44 1 1.2872196765584842 1.08268927207397 
45 1 0.6444640578956543 0.4776057144282859 
46 -1 1.2777281148825532 1.0557623711485553 
47 -1 1.3288183172264372 0.9038488123954677 
48 1 0.3071112708823931 0.9347087452766412 
49 -1 0.8200636310336499 0.4722155511905711 
50 -1 0.9844762394090348 0.7433070947197814 
51 -1 0.9421381589569805 0.7069862234648645 
52 -1 1.2560763585734365 1.0272331354301394 
53 -1 0.8987955455703697 0.2889135424991265 
54 -1 0.9909645666788476 0.6556057673396698 
55 1 0.09877479827553613 0.6259814630936021 
56 -1 1.1228523036076208 0.9496762841920728 
57 1 0.42004515467388953 0.656787827330906 
58 1 0.29640123826161185 0.7520368698697681 
59 -1 0.9659100808681609 0.25063842108577017 
60 -1 1.094905242211847 0.16930638945963003 
61 -1 1.0138045299155989 0.6150830028692499 
62 -1 0.6486315419333296 0.21995921491212772 
63 1 0.8692522910091215 1.1711706858451034 
64 1 0.07403404920990224 0.7903037084828463 
65 -1 1.1788551409230603 0.8235061052124544 
66 1 0.37523899871041744 1.3756435980724526 
67 1 0.7801388799787891 1.2364789479040523 
68 -1 0.858922084102797 0.2726783100685814 
69 1 0.6959363643777802 0.7408428127135503 
70 1 0.25347491214224604 0.2600662391830869 
71 1 0.3897532686441366 1.098780700534219 
72 1 0.24698255887244458 1.2079200551085558 
73 -1 1.092382068337326 0.3807788027698389 
74 1 0.14209682198418747 0.4063905780918209 
75 1 0.21504229105458733 0.4688880407857955 
76 1 0.8222299995068002 1.0751305983016708 
77 -1 0.7002292210363537 0.2595667344720306 
78 -1 0.8489309905786697 0.2364218498502644 
79 -1 0.892392314825284 0.5422474465193122 
80 -1 0.98161640905535 0.88854419265349 
81 1 0.2698312930005367 0.6934070665434999 
82 -1 0.8777351339537898 0.156268520576576 
83 1 0.30996525948139964 0.27905894461944786 
84 -1 0.9577069671077425 0.8370748143452438 
85 -1 0.7052599275887506 0.7170104409693808 
86 1 0.23726107028057325 1.024421099660175 
87 -1 0.9290483426311663 0.6239623109660217 
88 1 0.25431369695397227 0.321808414417338 
89 1 0.6808195066540308 1.1602387451815355 
90 -1 1.1896757211491877 0.7278482674037895 
91 1 0.35509938845407796 1.1639083673935695 
92 -1 1.024790678856445 0.3283886078615583 
93 1 0.08888182768263987 0.48558705174279143 
94 -1 1.1697181818744418 0.9231158490313023 
95 1 0.2008743658555899 0.8141374843369394 
96 -1 0.6078329469207724 0.5982114186761783 
97 1 0.333747337081329 0.9329884588427545 
98 -1 1.1847891527578325 0.864699897581191 
99 1 0.3085294969393754 0.6281401788083766 
100 1 0.08031242434431779 0.5710394746387228 
101 1 0.8610630037166922 1.1052472103057651 
102 1 0.3665252374873141 0.5155994621991558 
103 -1 1.0767847286146253 0.8061036113113662 
104 -1 0.699618502541804 0.17048867494621783 
105 -1 1.0799580699324522 0.17871802949638338 
106 1 0.2855997546473569 0.9858760546668216 
107 -1 1.1940057175939414 0.6471472483485426 
108 1 0.22850650635699862 1.1707607772072668 
109 -1 0.8663265394191422 0.14080350236307065 
110 1 0.7404153642717716 0.8837787081768279 
111 1 0.20115180455429452 0.7395395990141289 
112 -1 0.9011574802719717 0.554457534998646 
113 1 0.1985796013644643 0.3517840095857636 
114 -1 1.2673005399038473 0.8052806502976995 
115 -1 0.933289940952908 0.6385554407119528 
116 -1 1.3112293648698878 1.0881096260148018 
117 1 0.18268808714064835 0.5662888240052686 
118 -1 0.9974638605676243 0.5450294929948748 
119 1 0.479141465084754 0.9280240004064914 
120 -1 0.81182907476449 0.35713707449979365 
121 1 0.2562917285150932 0.3505278898320528 
122 -1 0.6449914828785902 0.53728839609176 
123 1 0.4279137158364328 0.3464119126126672 
124 1 0.4558092078359874 1.3459370300798186 
125 -1 1.1946640913123916 0.8757266060899623 
126 -1 1.372240365116243 1.1775791200560846 
127 1 0.44846174440517167 0.29903354458201165 
128 1 0.22830080801704547 0.3038229677713512 
129 -1 0.9801194835752244 0.8809762908173139 
130 1 0.23664458803578003 0.22920520734209096 
131 1 0.39755631956303517 1.0518659998645634 
132 1 0.17291608215999033 1.0330416240125306 
133 1 0.3148840406165685 0.5045442164006692 
134 1 0.9317385180400165 0.9864019080174489 
135 -1 1.1806556860312025 0.8035407132034574 
136 1 0.6672622548023835 0.6721635948813427 
137 -1 0.8511036863327053 0.6787861537139696 
138 1 0.3140863325078072 1.0024189690607066 
139 1 0.655329101481203 1.0852884426954792 
140 1 0.17777304979050076 0.2985911898279991 
141 -1 1.1286429925099133 0.8838832631042429 
142 1 0.27637511927796415 0.4264038470305575 
143 -1 1.1153299104538803 0.7368578136369114 
144 1 0.5840787779886802 0.9744675581762204 
145 -1 0.8628408941516664 0.7889276804562185 
146 -1 1.122565938875142 0.88370056447266 
147 -1 0.8632603474044431 0.5504335576329457 
148 -1 1.1347719740074795 0.5968086118101729 
149 1 0.13347411850120322 0.41281629140198206 
150 -1 1.0842092682189095 0.4530176987967489 
151 -1 0.9831158664966997 0.8012105854280499 
152 -1 1.10581090467487 0.6017179660056788 
153 1 0.25451596105178265 0.341528767576834 
154 1 0.8023924968151134 1.0768723848458055 
155 1 0.5468902442438391 1.3325564870825208 
156 -1 1.0800491633698333 0.6979867394908005 
157 1 0.1163218360538116 0.84378402669859 
158 -1 0.8568897164112032 0.4408672697343562 
159 -1 1.0258112936016912 0.6750667586341745 
160 1 0.43654624973476364 1.3074090737244524 
161 1 0.24434318149497344 0.5029003711490124 
162 1 0.2586361842717621 0.6243891034414797 
163 -1 0.7684660105811936 0.7366474703835011 
164 1 0.30184476766134444 1.1786728702860143 
165 -1 1.194105077869864 0.9786372054153595 
166 -1 1.0231844025279484 0.6706394986056 
167 1 0.8506767733718653 0.9698054195129194 
168 1 0.28667104022865086 1.4364210591665034 
169 1 0.34114498368852547 0.39819690976538014 
170 -1 1.054340646471895 0.9381643084096855 
171 1 0.6896056676644113 1.301490226725859 
172 1 0.4626745482056338 0.33762708434412186 
173 -1 1.0197572659786995 0.6596229286865004 
174 -1 1.3713503760027663 0.8357691767205757 
175 1 0.33244781715840976 0.5525884995207181 
176 -1 0.954590754807527 0.7894351929899278 
177 -1 1.1122107486160477 0.9496995180995994 
178 1 0.8056557467210295 1.1215292318753718 
179 1 0.24933986244755008 0.664518437051412 
