id label data 
0 1 0.1985796013644643 0.3517840095857636 
1 1 0.554145321426735 1.3861454622928735 
2 -1 1.1806556860312025 0.8035407132034574 
3 -1 1.194105077869864 0.9786372054153595 
4 -1 1.024790678856445 0.3283886078615583 
5 -1 0.7525530628080935 0.44712976399810833 
6 1 0.39755631956303517 1.0518659998645634 
7 1 0.3665252374873141 0.5155994621991558 
8 -1 1.2795196979646384 1.070166261118502 
9 -1 0.6163268635856848 0.6683813477662178 
10 1 0.43654624973476364 1.3074090737244524 
11 1 0.6808195066540308 1.1602387451815355 
12 -1 0.8647453828578417 0.2272845824023621 
13 -1 1.1934309866189272 0.947000585258029 
14 -1 1.1533491061074594 0.7093541549965221 
15 1 0.9059899672766388 1.037962368541601 
16 1 0.2855997546473569 0.9858760546668216 
17 1 0.4432240560882556 0.9036687647788817 
18 1 0.28667104022865086 1.4364210591665034 
19 -1 1.0800491633698333 0.6979867394908005 
20 1 0.4127540045223882 0.3423364761599733 
21 1 0.4976729641139968 0.35461816497320386 
22 -1 0.992873268625202 0.806038730085875 
23 -1 1.1386371481696904 0.7644924945228818 
24 1 0.3602557652920806 0.6969287545905314 
25 -1 1.1153299104538803 0.7368578136369114 
26 -1 0.8143240274374034 0.5982136397525001 
27 1 0.6900750259708059 1.0282789350709998 
28 1 0.7593177480378771 0.8131937977465461 
29 -1 0.858922084102797 0.2726783100685814 
30 1 0.23726107028057325 1.024421099660175 
31 -1 1.0755992522596347 0.9389582961496846 
32 1 0.2562917285150932 0.3505278898320528 
33 -1 0.7098406271301186 0.23283541876563868 
34 1 0.2894511032050243 0.29897789268632713 
35 -1 1.0197572659786995 0.6596229286865004 
36 1 0.24024777492067884 0.9279802080142928 
37 -1 1.0524132054088848 0.8984371780447031 
38 1 0.2912249896792761 1.2758497782190046 
39 1 0.08888182768263987 0.48558705174279143 
40 1 0.5271742812554542 1.3293306197923282 
41 -1 1.3288183172264372 0.9038488123954677 
42 -1 0.8517068475291639 0.19711752243145553 
43 -1 0.9852341835971558 0.1750482797633913 
44 -1 0.8155425383543132 0.12485147828766958 
45 -1 1.1347719740074795 0.5968086118101729 
46 1 0.7404153642717716 0.8837787081768279 
47 -1 0.81182907476449 0.35713707449979365 
48 -1 0.8937886320849013 0.7431223668451711 
49 1 0.8056557467210295 1.1215292318753718 
50 -1 1.0864589381485406 0.8185573673843786 
51 1 0.6836583706013583 0.9646714662549586 
52 -1 1.0961843662259851 0.910367400202256 
53 -1 1.2560763585734365 1.0272331354301394 
54 1 0.8222299995068002 1.0751305983016708 
55 -1 1.0472999353775105 0.7206973064730904 
56 -1 1.5707963267948966 0.7663994628442511 
57 1 0.4251208935204436 0.32763450539583205 
58 -1 1.3025419407085856 0.7953271428501066 
59 1 0.35509938845407796 1.1639083673935695 
60 1 0.3133457046193949 0.5382239804274571 
61 -1 0.9011574802719717 0.554457534998646 
62 1 0.3801620340850174 0.2295930604363095 
63 1 0.4399440458081997 1.4190000030658128 
64 -1 0.8429957130720267 0.44273795435425345 
65 1 0.22850650635699862 1.1707607772072668 
66 1 0.30184476766134444 1.1786728702860143 
67 -1 1.1847891527578325 0.864699897581191 
68 -1 0.8777351339537898 0.156268520576576 
69 1 1.2872196765584842 1.08268927207397 
70 1 0.25347491214224604 0.2600662391830869 
71 1 0.3140863325078072 1.0024189690607066 
72 -1 0.7002292210363537 0.2595667344720306 
73 -1 0.8583492847832742 0.498974401452015 
74 1 0.5104681012358173 1.2161778219292558 
75 1 0.34114498368852547 0.39819690976538014 
76 -1 0.8983535502962234 0.6129713385701481 
77 -1 1.218994037099049 0.6285307372846142 
78 1 0.14209682198418747 0.4063905780918209 
79 1 0.4461018477196246 1.0775361812842126 
80 -1 1.2284798084428177 0.30296610295265414 
81 -1 0.8296608745558377 0.17357680651069154 
82 -1 1.122565938875142 0.88370056447266 
83 -1 0.8489309905786697 0.2364218498502644 
84 -1 1.0880313281378973 0.643560510578979 
85 -1 0.9760696862612921 0.10016556122680532 
86 1 0.6535631696202169 1.258550953829503 
87 1 0.3071112708823931 0.9347087452766412 
88 -1 0.7996707891658631 0.608934790091081 
89 1 0.333747337081329 0.9329884588427545 
90 1 0.44846174440517167 0.29903354458201165 
91 1 0.5933391103843718 0.4246413705557533 
92 -1 1.1750852701158987 0.8283288839124847 
93 1 0.4103335177042347 0.25178886458443617 
94 -1 1.0611962099314127 0.7032161867199815 
95 -1 0.892392314825284 0.5422474465193122 
96 -1 0.8200636310336499 0.4722155511905711 
97 -1 0.9633790589145357 0.0 
98 1 0.28356709177904343 1.130557578744899 
99 -1 0.9974638605676243 0.5450294929948748 
100 -1 1.1717513254411012 0.9589851861134694 
101 1 0.29240698009811095 0.9591152368870831 
102 1 0.6896056676644113 1.301490226725859 
103 1 0.2796385390620174 0.539337873313307 
104 1 0.2960382845929712 0.17127634044441978 
105 -1 0.89405980825454 0.27356307359166243 
106 1 0.4058984345574348 1.3398128529874227 
107 -1 0.8628408941516664 0.7889276804562185 
108 -1 0.9909645666788476 0.6556057673396698 
109 -1 0.9801194835752244 0.8809762908173139 
110 -1 1.0225994684451185 0.20235662900218843 
111 -1 1.0094831777272177 0.6189624628238274 
112 1 0.5124499663728198 1.4337105012409426 
113 1 0.7007471732035702 1.270696347756131 
114 1 0.37523899871041744 1.3756435980724526 
115 -1 1.126108528886828 0.6536152457270757 
116 1 0.4147060353941515 0.5929935675034647 
117 -1 0.9928465853946876 0.921469449385863 
118 -1 1.2777281148825532 1.0557623711485553 
119 1 0.7057065271559566 1.0571187817527283 
