id label data 
0 1 0.46763275464152776 0.6087996441770246 
1 -1 1.0249343023624795 0.7845808608927786 
2 1 0.22830080801704547 0.3038229677713512 
3 1 0.3085294969393754 0.6281401788083766 
4 -1 0.7603564689693534 0.10954095960793407 
5 1 0.17291608215999033 1.0330416240125306 
6 -1 0.6078329469207724 0.5982114186761783 
7 -1 0.8428923035105538 1.0746785892935862 
8 -1 1.0267465182475128 0.8652354608546561 
9 -1 0.9969258402443264 0.3888840177136465 
10 -1 1.1896757211491877 0.7278482674037895 
11 -1 0.9577069671077425 0.8370748143452438 
12 1 0.41464376738190917 0.9706945363775199 
13 -1 1.0376532054458558 0.8044033684585079 
14 1 0.29381144515646734 0.5030694612948642 
15 -1 0.9421381589569805 0.7069862234648645 
16 1 0.21504229105458733 0.4688880407857955 
17 -1 0.8306265833447157 0.7021278470436948 
18 1 0.563759225555953 0.389101462089321 
19 -1 0.9831158664966997 0.8012105854280499 
20 1 0.30996525948139964 0.27905894461944786 
21 1 0.8644390816883812 1.1746093386980356 
22 1 0.5840787779886802 0.9744675581762204 
23 1 0.6858201734398568 0.8062035406329896 
24 1 0.13347411850120322 0.41281629140198206 
25 -1 1.10581090467487 0.6017179660056788 
26 1 0.8023924968151134 1.0768723848458055 
27 1 0.4327800366366 1.1764349353625352 
28 -1 1.0757422494364655 0.9207038610043365 
29 -1 1.0651847147836087 0.8498688897845061 
30 -1 0.8281487192590161 0.17832042093724296 
31 -1 0.9844762394090348 0.7433070947197814 
32 1 0.24933986244755008 0.664518437051412 
33 1 0.24698255887244458 1.2079200551085558 
34 1 0.6203158670450813 1.2950081973298033 
35 -1 1.3657598581522956 0.9518060358561575 
36 1 0.3879190473173465 1.2458793465965854 
37 1 0.47478497921051305 0.41459036134432464 
38 1 0.11922741752756895 0.842671886898129 
39 -1 1.0750314089915736 1.211609813606369 
40 1 0.3795022804375994 0.46573514097311564 
41 1 0.18268808714064835 0.5662888240052686 
42 -1 1.0231844025279484 0.6706394986056 
43 -1 1.3112293648698878 1.0881096260148018 
44 1 0.5857821940712843 0.830946398957501 
45 1 0.4279137158364328 0.3464119126126672 
46 -1 1.0258112936016912 0.6750667586341745 
47 -1 1.1788551409230603 0.8235061052124544 
48 1 0.5361831008500642 0.21457492284845373 
49 -1 1.0799580699324522 0.17871802949638338 
50 -1 0.9659100808681609 0.25063842108577017 
51 -1 1.0818167668806196 0.7109140727500567 
52 -1 0.8663422306317591 0.4150434801680037 
53 1 0.3745413074703203 0.8898990453447888 
54 1 0.36246100265671233 0.6036754953995573 
55 -1 0.9165660814190102 0.6630046203343052 
56 -1 0.8632603474044431 0.5504335576329457 
57 1 0.7188115263488901 1.1558051999914514 
58 1 0.8221903672294039 1.0116184717535373 
59 -1 1.1228523036076208 0.9496762841920728 
60 1 0.24624889897706662 0.5806921153716151 
61 1 0.25451596105178265 0.341528767576834 
62 1 0.9317385180400165 0.9864019080174489 
63 -1 0.8149759702857934 0.5655433206254328 
64 -1 1.1286429925099133 0.8838832631042429 
65 -1 1.1940057175939414 0.6471472483485426 
66 -1 1.0122933821719469 0.6467318044054164 
67 -1 1.372240365116243 1.1775791200560846 
68 -1 0.934916384895294 0.29604639434717045 
69 1 0.09877479827553613 0.6259814630936021 
70 -1 0.5116458080221621 0.2708315973626933 
71 1 0.25560982650139047 0.8820958208710693 
72 1 0.479141465084754 0.9280240004064914 
73 -1 1.3349929110460876 0.7994160542615634 
74 -1 0.9063861994448305 0.09640370350793526 
75 -1 1.2673005399038473 0.8052806502976995 
76 1 0.42004515467388953 0.656787827330906 
77 1 0.21859640844402456 0.9889139909321103 
78 1 0.3527117151744594 0.8216417821938562 
79 1 0.261428657407937 0.2862048787701522 
80 1 0.13438054812955455 0.8767558774243975 
81 1 0.1368420348667866 0.5391684068107933 
82 -1 1.0830906892775107 0.777002859258414 
83 1 0.655329101481203 1.0852884426954792 
84 1 0.4252348484692767 0.9682155677901172 
85 -1 1.038674773478111 0.8607975848863517 
86 1 0.3895160512200592 1.18658223542633 
87 1 0.23748108493891268 0.7662880766334111 
88 -1 0.7474164529180063 0.0416215670668649 
89 1 0.08031242434431779 0.5710394746387228 
90 -1 1.1946640913123916 0.8757266060899623 
91 1 0.40331808335291974 1.1850388560014051 
92 1 0.2586361842717621 0.6243891034414797 
93 -1 1.0479632366430118 0.6318959806059455 
94 1 0.15188571143691074 0.7860028288235695 
95 -1 0.885989409457147 0.1682231628904429 
96 1 0.25431369695397227 0.321808414417338 
97 -1 0.9047909900454085 0.747087567515799 
98 1 0.07403404920990224 0.7903037084828463 
99 -1 0.98531506050538 0.6553129802497649 
100 -1 1.0767847286146253 0.8061036113113662 
101 1 0.1404238357567808 0.7192900720321452 
102 -1 1.20338220083216 0.8922081265181722 
103 -1 1.096157045591089 0.9021507450650347 
104 1 0.24434318149497344 0.5029003711490124 
105 -1 0.7822663477960831 0.7165791205827083 
106 -1 0.7684660105811936 0.7366474703835011 
107 -1 1.3713503760027663 0.8357691767205757 
108 -1 0.8663265394191422 0.14080350236307065 
109 -1 0.8078356755031372 0.6584962821016623 
110 1 0.7137271381341368 1.0223715762978998 
111 1 0.2698312930005367 0.6934070665434999 
112 1 0.3698308530942455 0.35550650360506325 
113 1 0.2819919987318718 1.226128322097364 
114 1 0.19031160910670158 1.1229614201961837 
115 -1 0.6545444658515374 0.5127936822806617 
116 -1 1.244066766437278 0.9518846875259419 
117 1 0.8506767733718653 0.9698054195129194 
118 1 0.07694394782450822 0.8601319548460129 
119 -1 0.9857864715311095 0.11589893262070547 
120 1 0.21463183931784002 0.5446461325058456 
121 1 0.8692522910091215 1.1711706858451034 
122 1 0.43812458849881647 0.7963222903953019 
123 1 0.663098539548393 1.0528749646912354 
124 -1 0.9233629165693692 0.09290763350697316 
125 -1 0.9246897420187169 0.2523510071207107 
126 -1 1.1697181818744418 0.9231158490313023 
127 -1 0.7711735808136642 0.1820121943278473 
128 -1 0.8511036863327053 0.6787861537139696 
129 1 0.20115180455429452 0.7395395990141289 
130 -1 1.1714026848336547 0.7383574454464144 
131 -1 1.1555662171923144 0.4870481062893597 
132 1 0.18698148570042722 0.8557790232449475 
133 -1 1.2018037864636342 0.7086951883817916 
134 1 0.4626745482056338 0.33762708434412186 
135 -1 0.7052599275887506 0.7170104409693808 
136 1 0.26929121935505324 0.7126267092427769 
137 -1 0.954590754807527 0.7894351929899278 
138 -1 0.98161640905535 0.88854419265349 
139 1 0.5468902442438391 1.3325564870825208 
140 1 0.6672622548023835 0.6721635948813427 
141 -1 0.7861436497892753 0.7260570329860303 
142 1 0.17777304979050076 0.2985911898279991 
143 1 0.29640123826161185 0.7520368698697681 
144 -1 1.092382068337326 0.3807788027698389 
145 -1 0.8568897164112032 0.4408672697343562 
146 1 0.3897532686441366 1.098780700534219 
147 1 0.2008743658555899 0.8141374843369394 
148 -1 1.094905242211847 0.16930638945963003 
149 -1 1.1755112544545663 1.020652066924013 
150 -1 0.8987955455703697 0.2889135424991265 
151 -1 1.0500358209379717 0.8578619253421214 
152 -1 0.46763734959095626 0.2249101170511281 
153 1 0.5126975421684646 1.2316711280204335 
154 -1 1.054340646471895 0.9381643084096855 
155 1 0.5982217129192283 0.7995598146694839 
156 1 0.27637511927796415 0.4264038470305575 
157 -1 1.007179552402094 0.9342287536106552 
158 -1 0.9768825340638108 0.0664411447673759 
159 -1 0.8405911261275127 0.7559074637993662 
160 -1 1.1122107486160477 0.9496995180995994 
161 -1 1.0842092682189095 0.4530176987967489 
162 1 0.4558092078359874 1.3459370300798186 
163 -1 0.6449914828785902 0.53728839609176 
164 -1 1.0138045299155989 0.6150830028692499 
165 1 0.3148840406165685 0.5045442164006692 
166 -1 0.6486315419333296 0.21995921491212772 
167 1 0.23664458803578003 0.22920520734209096 
168 1 0.7801388799787891 1.2364789479040523 
169 -1 0.9290483426311663 0.6239623109660217 
170 -1 0.699618502541804 0.17048867494621783 
171 -1 0.933289940952908 0.6385554407119528 
172 1 0.4068060207428605 0.4357407620999596 
173 1 0.6374590332064813 1.279612213224365 
174 1 0.1163218360538116 0.84378402669859 
175 1 0.8610630037166922 1.1052472103057651 
176 1 0.6444640578956543 0.4776057144282859 
177 1 0.33244781715840976 0.5525884995207181 
178 -1 0.9601834013695018 0.7983925189440765 
179 1 0.6959363643777802 0.7408428127135503 
