57	83	11.9836
53	73	-11.9752
9	89	-11.9709
37	61	11.9707
11	17	11.9642
37	69	11.9594
49	57	11.9561
17	85	11.9556
43	47	-11.9545
61	69	11.9504
49	83	11.9444
23	27	11.9414
29	35	11.938
77	93	11.9364
59	65	11.9342
15	39	-11.9338
25	93	11.9305
55	97	11.9231
3	87	11.917
15	73	-11.904
39	41	11.8969
73	79	11.8946
91	95	11.8942
95	99	11.8888
11	85	11.8854
41	75	11.8849
33	35	-11.8825
9	29	-11.8815
15	41	-11.8815
25	77	11.8794
35	89	11.8776
29	89	11.8669
47	69	11.8664
53	79	-11.8647
47	61	11.8517
25	51	11.8396
23	43	-11.8395
47	81	11.8384
5	87	11.8344
43	61	-11.8151
19	31	11.814
15	53	11.8116
9	35	-11.8092
21	77	11.7992
27	97	11.7964
7	21	11.7841
23	97	11.7841
21	25	11.7752
9	51	-11.7676
51	89	11.7604
29	71	-11.7513
41	73	11.7489
37	47	11.7456
43	69	-11.7438
13	17	11.7367
91	99	11.7266
11	13	11.7204
61	97	11.7192
29	33	-11.7146
33	67	11.7066
51	93	11.6945
43	97	-11.6945
39	73	11.6923
7	77	11.6896
55	61	11.6886
43	81	-11.6868
15	79	-11.6747
37	43	-11.6576
41	79	11.653
3	5	11.6526
23	47	11.6336
21	93	11.6288
69	81	11.625
27	43	-11.6215
19	95	11.618
37	55	11.6175
35	71	-11.6045
39	75	11.5916
41	53	-11.5779
37	97	11.5757
75	79	11.5716
15	75	-11.5658
33	89	-11.556
1	67	-11.5559
55	63	11.551
19	65	11.5436
33	71	11.5409
39	53	-11.5391
31	65	11.5334
47	97	11.5173
27	55	11.5086
13	85	11.5069
23	61	11.504
1	57	11.4897
73	75	11.485
51	77	11.483
89	93	11.4752
23	55	11.475
45	75	11.4733
61	81	11.4682
69	97	11.4594
25	89	11.4551
43	55	-11.451
19	99	11.4206
55	69	11.4203
9	33	11.4184
39	79	11.4113
31	95	11.4016
7	93	11.375
37	81	11.3732
7	25	11.3707
21	51	11.368
9	53	-11.3677
1	83	11.3672
9	25	-11.3658
59	63	11.3637
29	51	11.3635
9	71	11.3593
27	47	11.3442
1	3	11.3415
35	51	11.3375
9	93	-11.3193
13	21	11.3176
47	55	11.3081
27	61	11.3033
71	89	-11.2968
45	69	11.296
23	69	11.295
53	75	-11.276
35	67	-11.2724
57	67	-11.27
23	37	11.2645
51	53	11.2414
1	49	11.237
19	59	11.2356
63	97	11.2303
75	81	11.2289
19	91	11.2158
23	81	11.2089
49	67	-11.1983
37	45	11.1798
67	71	11.175
9	73	11.1706
31	59	11.1684
33	49	-11.1675
13	51	11.1233
35	93	11.123
31	91	11.1121
53	89	11.11
77	89	11.1074
13	25	11.1031
29	53	11.0957
41	45	11.0861
67	83	-11.0715
27	37	11.0511
33	57	-11.0427
29	67	-11.0251
27	69	11.0202
63	65	10.9972
25	35	10.9968
51	73	-10.9928
9	15	-10.9821
31	99	10.9783
45	61	10.9735
45	81	10.959
9	77	-10.9385
29	73	-10.9321
79	81	10.9274
29	93	10.9272
3	83	10.9263
3	57	10.9021
81	97	10.8957
15	29	10.8936
25	29	10.8884
73	89	-10.8871
1	87	10.8821
45	47	10.8657
33	83	-10.8551
15	71	-10.8436
51	79	-10.8342
33	51	-10.83
1	33	-10.8074
27	81	10.8028
33	93	-10.7964
9	79	10.7962
69	75	10.7948
13	79	-10.7812
35	49	10.7749
39	71	10.7639
53	71	-10.7333
7	51	10.7291
61	63	10.7225
35	53	10.722
41	81	10.7173
47	75	10.7129
37	63	10.71
39	45	10.7085
67	89	-10.7022
13	77	10.6996
21	89	10.6982
35	77	10.696
15	89	10.6893
27	63	10.6839
13	53	10.6728
71	73	10.6593
29	39	-10.6442
9	39	10.6435
13	93	10.6411
55	81	10.6233
7	13	10.6082
15	51	10.6078
11	79	-10.6044
9	21	-10.6028
25	53	10.5981
17	21	10.5934
25	33	-10.5661
51	71	-10.5588
35	57	10.5574
65	95	10.5455
3	49	10.5371
9	67	10.5235
35	73	-10.521
43	45	-10.5178
79	89	-10.4982
55	59	10.4957
49	93	10.4953
29	77	10.4823
23	63	10.4804
15	45	-10.4795
37	75	10.4744
13	73	-10.4667
83	87	10.4647
15	35	10.4487
11	21	10.437
29	79	-10.4304
49	89	10.4202
73	81	10.4128
45	79	10.4124
57	87	10.411
9	13	-10.3951
9	41	10.3917
61	75	10.3888
35	83	10.3771
33	77	-10.3742
63	69	10.3564
1	5	10.3562
39	89	-10.3509
11	81	-10.3354
43	75	-10.3341
17	79	-10.3246
25	73	-10.3228
29	49	10.3203
21	85	10.3122
43	63	-10.3029
5	83	10.3023
53	93	10.292
13	89	10.2879
49	77	10.2787
59	97	10.2762
11	53	10.2712
45	73	10.266
29	41	-10.2527
65	99	10.2482
53	81	-10.2448
11	51	10.2357
41	71	10.2343
15	81	-10.2256
25	79	-10.2194
17	51	10.2137
39	51	-10.1862
5	57	10.1858
35	39	-10.1858
17	25	10.184
47	79	10.1811
55	65	10.1746
21	35	10.1673
1	35	10.1644
41	69	10.1509
3	67	-10.1454
11	73	-10.1443
59	95	10.1348
39	81	10.1278
57	89	10.1273
7	89	10.1239
41	51	-10.1226
57	93	10.119
11	25	10.1187
47	63	10.1091
9	49	-10.1071
29	57	10.1001
33	53	-10.098
41	47	10.0939
45	55	10.0869
41	89	-10.0781
27	59	10.0755
71	79	10.0707
83	93	10.0596
65	91	10.0561
17	53	10.0491
21	29	10.0445
49	87	10.0366
71	93	-10.0334
21	53	10.0292
35	79	-10.0261
45	97	10.0257
73	93	-10.0208
65	97	10.0159
25	49	10.014
17	81	-10.0079
79	85	-10.0006
45	53	-9.99865
69	79	9.99645
53	77	9.99417
25	71	-9.98459
49	71	-9.98311
83	89	9.97362
7	9	-9.96466
67	93	-9.95508
27	65	9.93123
7	17	9.92697
1	71	-9.92559
15	25	9.91768
29	83	9.91498
33	73	9.90669
57	77	9.90288
13	15	9.90186
17	73	-9.89969
15	33	-9.89768
59	99	9.88348
5	99	-9.87612
5	43	9.87543
61	87	-9.87218
77	83	9.87107
57	71	-9.86969
81	85	-9.86022
43	79	-9.85687
51	85	9.85669
51	67	-9.8551
9	75	9.85301
5	47	-9.84925
25	85	9.84413
5	49	9.84286
23	45	9.84086
37	87	-9.8396
21	79	-9.83585
69	87	-9.83569
79	93	-9.83521
13	81	-9.83179
31	63	9.82818
9	57	-9.82198
11	47	-9.82138
49	51	9.81939
47	87	-9.81881
37	41	9.81863
13	29	9.81601
43	87	9.81247
3	97	-9.81133
3	55	-9.80683
3	61	-9.79955
5	23	-9.79918
17	77	9.79549
1	29	9.79469
35	41	-9.79192
21	33	-9.7814
19	63	9.77795
21	73	-9.77686
1	63	-9.76825
11	43	9.76293
3	37	-9.75773
87	97	-9.7572
5	81	-9.74571
51	75	-9.74161
73	77	-9.73837
41	61	9.73325
55	87	-9.72764
53	85	9.726
7	11	9.72119
41	43	-9.71903
3	43	9.71742
5	61	-9.71647
13	41	-9.71095
7	85	9.70362
3	69	-9.70021
15	93	9.69446
33	39	9.69268
17	93	9.68946
5	69	-9.68893
13	35	9.68746
25	67	-9.6864
13	75	-9.68577
7	35	9.68451
23	59	9.68227
5	27	-9.68211
11	77	9.67838
71	83	-9.67311
3	47	-9.67216
11	75	-9.67027
5	97	-9.66866
9	83	-9.66552
47	73	9.66398
23	87	-9.663
3	23	-9.65758
59	91	9.64914
25	57	9.64762
29	75	-9.64144
11	15	9.63678
61	79	9.63127
23	75	9.62719
1	55	-9.62676
37	79	9.62608
7	49	9.62554
77	79	-9.62431
5	37	-9.61772
11	93	9.61252
33	59	9.612
33	65	9.61077
3	27	-9.6103
67	77	-9.6086
59	67	9.60819
87	99	-9.60693
81	87	-9.60668
9	11	-9.59932
73	85	-9.59351
67	87	-9.59241
71	77	-9.58633
71	75	9.57933
1	89	9.57854
39	69	9.57828
25	83	9.57468
5	95	-9.57368
11	41	-9.57349
19	89	-9.56339
63	67	9.56263
69	73	9.55864
27	87	-9.55858
11	23	-9.5502
9	17	-9.54985
75	89	-9.54516
25	39	-9.5418
17	47	-9.54104
27	45	9.53852
15	47	-9.53644
9	19	9.53183
15	69	-9.52745
35	65	-9.51681
19	35	-9.51334
5	55	-9.51176
25	41	-9.51141
23	65	9.51128
39	47	9.50863
51	95	-9.49695
17	43	9.49554
77	85	9.49326
47	53	-9.4854
1	97	-9.48444
51	57	9.483
5	91	-9.48268
7	29	9.48188
43	85	9.47551
47	85	-9.47376
21	49	9.47367
27	83	-9.47054
31	89	-9.46815
13	39	-9.465
65	67	9.46491
19	29	-9.46417
31	93	-9.45453
3	63	-9.45016
51	91	-9.44815
75	97	9.44747
35	59	-9.44268
7	33	-9.4389
11	89	9.43849
1	59	-9.42447
59	61	9.42042
17	89	9.41955
49	65	-9.41876
57	65	-9.41437
15	77	9.41436
27	57	-9.41105
15	17	9.4042
57	59	-9.404
19	51	-9.40203
25	91	-9.39861
33	79	9.39826
3	99	-9.39465
19	33	9.39052
31	35	-9.38729
39	93	-9.38004
31	51	-9.37927
23	85	-9.37865
29	65	-9.37561
11	69	-9.37478
85	93	9.37399
17	75	-9.37379
51	83	9.37304
9	31	9.37089
9	95	9.37056
89	95	-9.36826
63	81	9.36702
49	59	-9.36579
51	99	-9.36428
25	31	-9.36194
3	81	-9.35912
83	97	-9.35657
15	21	9.35045
53	69	-9.34996
57	97	-9.34984
7	45	-9.34881
1	9	-9.34771
53	99	-9.3476
65	89	-9.34136
25	95	-9.3401
9	99	9.33745
37	59	9.33685
43	73	-9.33639
65	83	-9.33497
7	53	9.33483
7	57	9.33177
7	83	9.32957
3	33	-9.3221
55	75	9.32081
17	23	-9.31644
55	57	-9.31636
57	63	-9.31275
31	49	-9.31263
91	93	-9.30448
59	83	-9.30406
29	59	-9.30395
17	41	-9.30368
13	91	-9.297
63	87	-9.29631
89	99	-9.29574
31	33	9.28881
55	83	-9.28843
27	31	9.28313
11	39	-9.27899
31	77	-9.27826
1	93	9.27781
41	93	-9.27776
37	39	9.27721
23	83	-9.27198
93	95	-9.26905
9	85	-9.26787
11	61	-9.26587
27	49	-9.26455
33	41	9.25808
73	99	9.25686
79	99	9.25632
45	87	-9.2549
1	65	-9.25267
23	79	9.25212
29	31	-9.25189
9	65	9.24251
5	19	-9.24215
13	47	-9.24141
43	59	-9.23496
13	71	-9.22944
87	95	-9.22847
19	93	-9.22834
25	75	-9.22823
27	75	9.22759
59	71	9.22578
37	73	9.21708
21	71	-9.21674
35	75	-9.21466
1	27	-9.21447
11	27	-9.21265
63	83	-9.21098
31	55	9.21017
31	57	-9.20794
23	57	-9.20716
77	91	-9.20702
15	37	-9.20617
1	61	-9.2032
19	25	-9.20173
15	43	9.19942
31	83	-9.19874
53	67	-9.19553
61	73	9.19181
45	63	9.1894
59	89	-9.1883
21	91	-9.1878
39	61	9.18766
53	95	-9.18729
13	33	-9.1872
1	37	-9.18053
43	53	9.18002
7	79	-9.17753
89	91	-9.17514
65	71	9.17338
39	43	-9.16968
9	91	9.16601
15	85	9.16377
11	37	-9.16293
31	97	9.15853
17	69	-9.15774
21	57	9.1571
7	73	-9.15438
49	97	-9.15414
49	63	-9.15354
21	67	-9.15126
11	29	9.14843
85	89	9.14771
39	77	-9.14738
35	95	-9.14682
15	61	-9.14654
5	67	-9.14537
29	99	-9.14074
61	65	9.14011
19	49	-9.13359
17	29	9.12893
75	85	-9.1285
29	95	-9.12725
33	63	9.12515
21	41	-9.12467
15	67	-9.11858
35	99	-9.11683
49	55	-9.11298
1	23	-9.11181
21	83	9.1103
1	77	9.11008
27	85	-9.10823
41	77	-9.10529
25	99	-9.10011
13	43	9.09971
77	95	-9.09787
3	59	-9.09389
9	59	9.09241
19	57	-9.08948
13	95	-9.08718
23	41	9.08376
69	85	-9.07928
17	61	-9.0734
19	71	9.07276
5	45	-9.06573
19	87	-9.06514
41	85	-9.06413
73	95	9.06076
87	91	-9.06035
17	39	-9.06018
55	67	9.05574
67	73	9.05339
59	69	9.05022
19	53	-9.04846
19	83	-9.04843
37	65	9.04469
3	95	-9.044
79	95	9.04375
61	85	-9.04106
23	49	-9.03543
21	39	-9.03498
53	91	-9.02982
15	99	-9.02768
43	65	-9.02698
21	75	-9.0239
37	53	-9.02221
3	65	-9.01847
5	31	-9.01555
17	27	-9.01553
59	87	-9.01529
19	67	9.0131
93	99	-9.01263
3	45	-9.01218
53	61	-9.00821
1	43	9.00549
39	67	9.00516
7	67	-9.00315
17	37	-9.00036
21	95	-8.99939
1	69	-8.99739
21	45	-8.99032
13	99	-8.98935
19	77	-8.98748
13	69	-8.98595
83	99	-8.98061
51	81	-8.98024
47	59	8.97771
17	35	8.97663
65	87	-8.97574
5	75	-8.97467
21	31	-8.97359
5	63	-8.97288
5	65	-8.97238
75	93	-8.97174
11	97	-8.97035
1	25	8.96858
65	93	-8.96667
13	45	-8.9653
57	99	-8.96377
11	35	8.96063
11	91	-8.9598
79	91	8.95895
19	55	8.95662
37	85	-8.95567
29	85	8.9535
51	65	-8.95095
3	19	-8.94989
49	95	-8.94677
1	7	8.94271
33	95	8.93906
83	95	-8.93644
33	99	8.93547
43	83	8.9336
49	99	-8.93037
19	73	8.92724
17	91	-8.92503
75	87	-8.92203
57	95	-8.91354
17	71	-8.91275
5	59	-8.91257
71	85	-8.9108
11	45	-8.90737
1	51	8.90261
7	15	8.90005
35	91	-8.89749
73	91	8.89743
3	91	-8.89453
11	71	-8.89214
75	77	-8.89172
79	97	8.89152
1	47	-8.8906
67	97	8.88763
23	31	8.88756
43	57	8.88424
31	67	8.88214
41	97	8.88177
39	85	-8.87831
85	97	-8.87495
83	91	-8.87276
49	91	-8.86572
61	83	-8.86479
19	27	8.86231
29	91	-8.86102
27	79	8.8571
41	99	8.85356
57	61	-8.8525
45	77	-8.85166
7	41	-8.84942
7	75	-8.8487
19	97	8.84864
45	51	-8.83697
33	87	-8.83425
25	65	-8.82814
13	61	-8.81777
57	91	-8.81609
17	97	-8.81575
1	19	-8.81502
15	95	-8.81455
63	95	8.81401
77	99	-8.81274
35	85	8.81109
13	37	-8.81012
9	81	8.80556
65	69	8.79958
13	23	-8.79895
15	19	-8.79831
5	11	8.79661
31	71	8.78877
7	91	-8.78701
39	99	8.78696
23	73	8.78625
1	99	-8.78272
35	63	-8.77978
3	35	8.77651
31	87	-8.77309
47	65	8.77307
1	21	8.77248
25	45	-8.77234
11	55	-8.7689
41	55	8.76887
7	39	-8.76848
9	45	8.76838
37	83	-8.76203
7	71	-8.75942
59	93	-8.75823
37	57	-8.75739
19	79	8.75064
55	85	-8.7503
85	91	-8.74602
51	59	-8.74583
19	21	-8.74416
27	41	8.74159
5	79	-8.74091
17	45	-8.74059
63	71	8.73701
65	77	-8.73497
47	83	-8.73389
33	75	8.7319
75	99	8.73108
7	31	-8.72981
11	99	-8.72826
3	31	-8.7282
21	99	-8.72682
11	95	-8.72651
71	99	8.72391
31	53	-8.72391
55	79	8.70204
5	85	8.69825
27	67	8.69797
47	57	-8.69113
1	31	-8.69097
43	49	8.68785
33	91	8.68723
21	81	-8.68338
17	55	-8.68249
49	53	8.68141
63	85	-8.67936
45	93	-8.67588
23	53	-8.67291
17	95	-8.67273
5	17	8.67034
15	23	-8.6671
17	33	-8.65603
23	39	8.65549
69	83	-8.65454
13	67	-8.65179
67	99	8.64945
7	37	-8.649
49	61	-8.64388
71	95	8.64132
5	41	-8.64064
25	81	-8.63849
57	69	-8.63521
17	99	-8.6321
67	79	8.62753
25	59	-8.62389
15	91	-8.61827
3	7	8.61723
29	63	-8.61411
41	95	8.6128
45	71	8.61055
19	39	8.61035
63	99	8.61017
3	75	-8.61009
13	19	-8.60767
41	67	8.60453
29	45	-8.60063
33	55	8.59989
67	85	-8.59932
11	33	-8.5916
33	85	-8.59053
31	73	8.59038
45	89	-8.58991
7	95	-8.58893
81	89	-8.58804
13	31	-8.58793
63	91	8.58606
7	69	-8.5807
39	95	8.5784
45	85	-8.57695
1	95	-8.56868
67	95	8.55994
41	87	-8.55808
37	49	-8.55772
5	33	-8.54678
59	77	-8.54623
19	23	8.54545
79	87	-8.54273
29	81	-8.53718
17	63	-8.53427
7	87	8.53162
23	67	8.5308
49	73	-8.53044
3	71	-8.52985
73	97	8.52362
53	65	-8.52329
13	27	-8.51786
19	41	8.51166
15	49	8.50626
17	67	-8.50378
61	67	8.50188
47	49	-8.50055
33	97	8.4985
85	95	-8.49673
11	87	8.49113
53	57	8.48974
3	29	8.48868
1	81	-8.48685
39	97	8.47935
75	95	8.47906
37	67	8.47726
85	87	8.47689
27	73	8.47271
41	91	8.47169
63	89	-8.46504
31	61	8.46444
15	97	-8.46382
85	99	-8.46176
7	61	-8.46075
15	31	-8.46023
11	63	-8.45457
81	99	8.45329
31	79	8.45039
31	43	-8.44891
21	69	-8.44682
5	73	-8.44641
49	69	-8.44557
1	85	8.44399
21	37	-8.44208
3	93	8.4419
7	81	-8.43944
7	63	-8.4372
13	97	-8.43541
47	51	-8.43461
17	87	8.43434
59	81	8.43414
3	77	8.43242
63	75	8.43146
65	73	8.42992
39	49	-8.42967
27	33	8.42957
21	65	-8.42766
13	49	8.42584
7	19	-8.42166
3	89	8.41791
53	97	-8.41245
31	37	8.40311
27	39	8.40123
35	87	8.40091
39	55	8.40074
15	65	-8.4001
71	81	8.40001
53	59	-8.39972
75	91	8.39961
1	91	-8.39931
53	83	8.397
39	91	8.39582
3	85	8.3957
55	73	8.39516
5	13	8.39095
15	27	-8.39045
27	53	-8.3836
81	83	-8.37929
71	91	8.37713
5	53	8.37131
15	55	-8.36843
9	63	8.36813
5	15	8.36673
57	73	-8.3646
11	67	-8.36388
5	39	-8.36083
43	67	-8.36004
13	55	-8.35827
81	93	-8.35644
35	45	-8.35593
15	57	8.35231
21	47	-8.35155
77	81	-8.34523
67	91	8.34144
51	69	-8.33765
3	11	8.33596
1	45	-8.33526
57	81	-8.33479
15	59	-8.33164
7	99	-8.33023
7	55	-8.32942
59	73	8.32691
67	69	8.32189
21	61	-8.32045
3	17	8.32005
21	63	-8.31944
31	39	8.31634
9	47	8.31489
1	17	8.31229
65	81	8.30906
73	87	-8.30794
63	93	-8.30686
35	81	-8.30647
21	59	-8.30158
7	47	-8.29989
35	55	-8.29964
19	75	8.29785
39	65	8.29672
3	41	-8.29207
53	55	-8.29105
39	57	-8.28941
43	51	8.28902
1	53	8.28598
73	83	-8.28444
3	79	-8.28111
39	87	-8.28038
19	61	8.2799
63	77	-8.27941
15	83	8.27841
49	79	-8.27735
7	65	-8.27596
3	9	-8.27309
3	21	8.27138
31	47	8.26992
15	87	8.26983
81	91	8.26348
55	95	8.26308
31	69	8.26235
27	95	8.25772
47	67	8.25688
39	59	8.25616
23	33	8.25541
13	57	8.25526
13	63	-8.25221
11	19	-8.24981
19	43	-8.24741
1	13	8.24587
67	75	8.2423
65	79	8.24079
39	83	-8.24007
77	87	8.23883
81	95	8.23871
9	69	8.23855
25	47	-8.23726
35	97	-8.23467
31	41	8.23421
19	37	8.23302
1	15	8.23213
25	69	-8.23093
17	19	-8.23045
45	59	8.22994
53	87	8.2298
71	87	-8.22851
21	43	8.22771
5	7	8.22622
3	25	8.22379
13	87	8.22373
25	63	-8.2222
5	35	8.21821
95	97	8.21289
1	73	-8.21058
37	77	-8.21043
45	83	-8.20658
87	93	8.20658
13	83	8.2058
27	35	-8.20469
7	59	-8.20312
29	87	8.20267
41	49	-8.20116
69	77	-8.20095
37	51	-8.19818
49	81	-8.19766
17	31	-8.19519
55	71	8.19496
11	31	-8.19489
45	99	8.19472
21	87	8.19397
47	89	-8.18621
9	43	-8.1862
1	11	8.18489
47	99	8.17977
7	43	8.1781
51	61	-8.1777
1	39	-8.17719
25	37	-8.17363
59	85	-8.17319
51	63	-8.17223
7	97	-8.1684
29	47	-8.16697
29	55	-8.16519
45	57	-8.16468
21	55	-8.16426
45	91	8.16344
13	65	-8.1625
41	65	8.16249
87	89	8.15967
57	79	-8.15894
41	63	8.15174
59	79	8.15021
33	61	8.14905
45	49	-8.14888
55	91	8.14462
19	47	8.1382
55	99	8.13711
27	91	8.13438
25	43	8.13284
19	85	-8.13154
27	99	8.13106
19	69	8.13044
29	69	-8.12734
69	89	-8.12522
41	59	8.12436
43	99	-8.12217
45	65	8.12141
33	37	8.11933
23	95	8.11904
3	51	8.11659
33	45	8.11651
61	77	-8.11588
3	73	-8.11585
3	13	8.11417
29	97	-8.11414
25	61	-8.11403
97	99	8.11228
69	93	-8.11117
79	83	-8.11071
55	77	-8.11033
55	89	-8.10924
9	37	8.1086
27	93	-8.10827
45	95	8.10698
33	43	-8.10673
9	61	8.10633
23	51	-8.10623
71	97	8.1057
47	71	8.10399
47	77	-8.10379
69	71	8.10347
69	99	8.10051
41	57	-8.10007
43	89	8.0997
13	59	-8.09853
37	93	-8.09783
31	85	-8.09779
3	39	-8.09402
91	97	8.0931
17	59	-8.09291
55	93	-8.09246
27	89	-8.09232
31	75	8.092
5	93	8.0903
3	15	8.08994
63	79	8.08914
33	81	8.08844
31	45	8.08812
23	35	-8.08782
5	77	8.08727
5	71	-8.08711
89	97	-8.08683
23	99	8.08216
29	43	8.08148
9	87	-8.08067
47	93	-8.08043
27	29	-8.07946
5	29	8.07815
17	49	8.07403
25	87	8.07367
3	53	8.07322
5	89	8.07162
41	83	-8.07155
27	77	-8.07062
19	81	8.06821
35	47	-8.06707
21	97	-8.0655
21	23	-8.05966
65	85	-8.05965
1	79	-8.0586
93	97	-8.05827
9	55	8.05821
31	81	8.05794
39	63	8.05776
57	85	8.05765
47	91	8.05758
33	69	8.05685
33	47	8.0565
47	95	8.0545
27	71	8.05333
59	75	8.05311
9	23	8.05262
29	61	-8.05203
1	75	-8.05196
37	71	8.05165
9	97	8.05059
49	85	8.05012
61	99	8.04998
23	91	8.04974
67	81	8.04959
77	97	-8.04947
1	41	-8.04918
65	75	8.04882
29	37	-8.04847
9	27	8.04832
11	59	-8.04777
15	63	-8.04685
43	95	-8.04638
27	51	-8.04606
5	21	8.04495
61	71	8.04378
23	89	-8.04351
35	43	8.04235
61	93	-8.04212
11	49	8.04176
61	89	-8.04081
37	89	-8.0394
17	57	8.03835
35	69	-8.03762
37	99	8.03542
49	75	-8.03522
43	71	-8.03365
35	61	-8.03354
43	77	8.03332
83	85	8.03324
5	9	-8.03324
25	55	-8.03299
23	25	-8.03125
17	65	-8.03112
7	23	-8.0311
43	91	-8.02959
25	27	-8.02957
23	93	-8.02877
63	73	8.02837
7	27	-8.02716
23	29	-8.02715
69	91	8.02696
43	93	8.02439
5	51	8.02164
37	91	8.02059
35	37	-8.01822
53	63	-8.0171
51	97	-8.01547
17	83	8.01413
61	95	8.01169
51	87	8.01044
11	65	-8.0102
69	95	8.00929
23	77	-8.00882
19	45	8.00863
11	57	8.00816
45	67	8.0067
5	25	8.00619
23	71	8.00488
21	27	-8.00458
61	91	8.00391
37	95	8.00361
25	97	-8.00297
75	83	-8.00292
57	75	-8.00178
51	55	-8.00057
11	83	8.00022
90	91	6
54	55	6
26	27	6
88	89	6
42	43	6
96	97	6
92	93	6
70	71	6
94	95	6
60	61	6
32	33	6
52	53	6
16	17	6
68	69	6
14	15	6
38	39	6
76	77	6
24	25	6
66	67	6
80	81	6
28	29	6
46	47	6
36	37	6
18	19	6
64	65	6
48	49	6
82	83	6
74	75	6
84	85	6
40	41	6
22	23	6
58	59	6
78	79	6
56	57	6
50	51	6
30	31	6
20	21	6
62	63	6
72	73	6
86	87	6
34	35	6
44	45	6
0	1	6
98	99	6
10	11	6
8	9	6
6	7	6
12	13	6
4	5	6
2	3	6
56	83	5.9918
57	82	5.9918
53	72	-5.9876
52	73	-5.9876
9	88	-5.98543
8	89	-5.98543
37	60	5.98533
36	61	5.98533
10	17	5.98212
11	16	5.98212
36	69	5.97968
37	68	5.97968
48	57	5.97804
49	56	5.97804
16	85	5.97782
17	84	5.97782
43	46	-5.97726
42	47	-5.97726
61	68	5.97522
60	69	5.97522
49	82	5.97221
48	83	5.97221
22	27	5.97068
23	26	5.97068
29	34	5.969
28	35	5.969
77	92	5.9682
76	93	5.9682
59	64	5.96708
58	65	5.96708
14	39	-5.96688
15	38	-5.96688
25	92	5.96523
24	93	5.96523
55	96	5.96157
54	97	5.96157
3	86	5.95851
2	87	5.95851
14	73	-5.95198
15	72	-5.95198
38	41	5.94846
39	40	5.94846
72	79	5.94729
73	78	5.94729
90	95	5.94711
91	94	5.94711
94	99	5.94438
95	98	5.94438
11	84	5.94272
10	85	5.94272
41	74	5.94246
40	75	5.94246
32	35	-5.94123
33	34	-5.94123
9	28	-5.94075
8	29	-5.94075
14	41	-5.94074
15	40	-5.94074
25	76	5.9397
24	77	5.9397
35	88	5.9388
34	89	5.9388
28	89	5.93346
29	88	5.93346
46	69	5.93321
47	68	5.93321
53	78	-5.93237
52	79	-5.93237
46	61	5.92585
47	60	5.92585
24	51	5.91982
25	50	5.91982
23	42	-5.91973
22	43	-5.91973
47	80	5.91919
46	81	5.91919
4	87	5.9172
5	86	5.9172
43	60	-5.90756
42	61	-5.90756
19	30	5.90701
18	31	5.90701
14	53	5.90581
15	52	5.90581
8	35	-5.9046
9	34	-5.9046
21	76	5.89958
20	77	5.89958
26	97	5.8982
27	96	5.8982
6	21	5.89206
7	20	5.89206
23	96	5.89206
22	97	5.89206
21	24	5.88762
20	25	5.88762
9	50	-5.8838
8	51	-5.8838
50	89	5.8802
51	88	5.8802
29	70	-5.87565
28	71	-5.87565
41	72	5.87445
40	73	5.87445
37	46	5.87279
36	47	5.87279
42	69	-5.8719
43	68	-5.8719
12	17	5.86834
13	16	5.86834
90	99	5.86331
91	98	5.86331
11	12	5.86019
10	13	5.86019
61	96	5.85959
60	97	5.85959
29	32	-5.85728
28	33	-5.85728
33	66	5.85329
32	67	5.85329
50	93	5.84727
51	92	5.84727
42	97	-5.84726
43	96	-5.84726
38	73	5.84616
39	72	5.84616
6	77	5.84481
7	76	5.84481
54	61	5.84428
55	60	5.84428
42	81	-5.84341
43	80	-5.84341
14	79	-5.83737
15	78	-5.83737
36	43	-5.82881
37	42	-5.82881
40	79	5.82648
41	78	5.82648
3	4	5.82632
2	5	5.82632
22	47	5.81679
23	46	5.81679
20	93	5.8144
21	92	5.8144
69	80	5.81251
68	81	5.81251
26	43	-5.81076
27	42	-5.81076
18	95	5.80901
19	94	5.80901
36	55	5.80873
37	54	5.80873
34	71	-5.80224
35	70	-5.80224
38	75	5.7958
39	74	5.7958
41	52	-5.78896
40	53	-5.78896
37	96	5.78786
36	97	5.78786
75	78	5.78579
74	79	5.78579
15	74	-5.78288
14	75	-5.78288
32	89	-5.77798
33	88	-5.77798
0	67	-5.77795
1	66	-5.77795
55	62	5.77549
54	63	5.77549
19	64	5.77181
18	65	5.77181
32	71	5.77046
33	70	5.77046
39	52	-5.76956
38	53	-5.76956
30	65	5.76671
31	64	5.76671
47	96	5.75866
46	97	5.75866
26	55	5.75431
27	54	5.75431
12	85	5.75343
13	84	5.75343
22	61	5.75199
23	60	5.75199
1	56	5.74487
0	57	5.74487
72	75	5.74249
73	74	5.74249
50	77	5.74148
51	76	5.74148
89	92	5.73759
88	93	5.73759
23	54	5.73751
22	55	5.73751
44	75	5.73664
45	74	5.73664
60	81	5.73408
61	80	5.73408
69	96	5.7297
68	97	5.7297
24	89	5.72757
25	88	5.72757
43	54	-5.72549
42	55	-5.72549
18	99	5.71031
19	98	5.71031
55	68	5.71014
54	69	5.71014
9	32	5.70921
8	33	5.70921
39	78	5.70567
38	79	5.70567
31	94	5.70078
30	95	5.70078
6	93	5.68751
7	92	5.68751
36	81	5.68659
37	80	5.68659
7	24	5.68537
6	25	5.68537
21	50	5.68402
20	51	5.68402
8	53	-5.68386
9	52	-5.68386
0	83	5.68362
1	82	5.68362
9	24	-5.68288
8	25	-5.68288
59	62	5.68187
58	63	5.68187
29	50	5.68173
28	51	5.68173
8	71	5.67965
9	70	5.67965
26	47	5.67209
27	46	5.67209
0	3	5.67076
1	2	5.67076
34	51	5.66875
35	50	5.66875
8	93	-5.65963
9	92	-5.65963
12	21	5.65881
13	20	5.65881
47	54	5.65403
46	55	5.65403
26	61	5.65165
27	60	5.65165
70	89	-5.64841
71	88	-5.64841
44	69	5.64801
45	68	5.64801
22	69	5.64752
23	68	5.64752
52	75	-5.63798
53	74	-5.63798
34	67	-5.6362
35	66	-5.6362
57	66	-5.635
56	67	-5.635
23	36	5.63226
22	37	5.63226
51	52	5.62068
50	53	5.62068
0	49	5.6185
1	48	5.6185
18	59	5.61778
19	58	5.61778
63	96	5.61515
62	97	5.61515
74	81	5.61445
75	80	5.61445
18	91	5.6079
19	90	5.6079
23	80	5.60445
22	81	5.60445
48	67	-5.59913
49	66	-5.59913
36	45	5.5899
37	44	5.5899
67	70	5.58748
66	71	5.58748
8	73	5.58529
9	72	5.58529
31	58	5.58422
30	59	5.58422
32	49	-5.58376
33	48	-5.58376
12	51	5.56163
13	50	5.56163
35	92	5.56152
34	93	5.56152
31	90	5.55604
30	91	5.55604
52	89	5.55499
53	88	5.55499
76	89	5.5537
77	88	5.5537
13	24	5.55155
12	25	5.55155
28	53	5.54785
29	52	5.54785
40	45	5.54304
41	44	5.54304
67	82	-5.53574
66	83	-5.53574
27	36	5.52555
26	37	5.52555
32	57	-5.52134
33	56	-5.52134
28	67	-5.51256
29	66	-5.51256
27	68	5.51008
26	69	5.51008
62	65	5.49862
63	64	5.49862
25	34	5.49841
24	35	5.49841
50	73	-5.4964
51	72	-5.4964
8	15	-5.49104
9	14	-5.49104
31	98	5.48915
30	99	5.48915
45	60	5.48674
44	61	5.48674
45	80	5.47948
44	81	5.47948
9	76	-5.46923
8	77	-5.46923
29	72	-5.46604
28	73	-5.46604
78	81	5.46368
79	80	5.46368
29	92	5.46359
28	93	5.46359
2	83	5.46316
3	82	5.46316
2	57	5.45103
3	56	5.45103
81	96	5.44787
80	97	5.44787
14	29	5.4468
15	28	5.4468
24	29	5.4442
25	28	5.4442
73	88	-5.44353
72	89	-5.44353
0	87	5.44103
1	86	5.44103
44	47	5.43286
45	46	5.43286
33	82	-5.42753
32	83	-5.42753
15	70	-5.42178
14	71	-5.42178
51	78	-5.41712
50	79	-5.41712
33	50	-5.41502
32	51	-5.41502
0	33	-5.40371
1	32	-5.40371
26	81	5.40139
27	80	5.40139
33	92	-5.39819
32	93	-5.39819
9	78	5.39808
8	79	5.39808
68	75	5.39738
69	74	5.39738
12	79	-5.39059
13	78	-5.39059
34	49	5.38746
35	48	5.38746
39	70	5.38195
38	71	5.38195
53	70	-5.36666
52	71	-5.36666
7	50	5.36453
6	51	5.36453
60	63	5.36125
61	62	5.36125
34	53	5.36098
35	52	5.36098
40	81	5.35864
41	80	5.35864
47	74	5.35645
46	75	5.35645
37	62	5.35501
36	63	5.35501
38	45	5.35424
39	44	5.35424
67	88	-5.35108
66	89	-5.35108
13	76	5.34981
12	77	5.34981
20	89	5.34911
21	88	5.34911
34	77	5.34802
35	76	5.34802
15	88	5.34467
14	89	5.34467
26	63	5.34196
27	62	5.34196
13	52	5.33638
12	53	5.33638
70	73	5.32963
71	72	5.32963
29	38	-5.32212
28	39	-5.32212
8	39	5.32174
9	38	5.32174
12	93	5.32056
13	92	5.32056
54	81	5.31167
55	80	5.31167
7	12	5.30408
6	13	5.30408
14	51	5.30389
15	50	5.30389
11	78	-5.30221
10	79	-5.30221
8	21	-5.30142
9	20	-5.30142
25	52	5.29904
24	53	5.29904
17	20	5.2967
16	21	5.2967
24	33	-5.28306
25	32	-5.28306
51	70	-5.2794
50	71	-5.2794
35	56	5.2787
34	57	5.2787
65	94	5.27274
64	95	5.27274
3	48	5.26857
2	49	5.26857
9	66	5.26177
8	67	5.26177
34	73	-5.2605
35	72	-5.2605
42	45	-5.2589
43	44	-5.2589
79	88	-5.24911
78	89	-5.24911
55	58	5.24787
54	59	5.24787
48	93	5.24765
49	92	5.24765
28	77	5.24116
29	76	5.24116
23	62	5.24022
22	63	5.24022
14	45	-5.23975
15	44	-5.23975
36	75	5.23721
37	74	5.23721
13	72	-5.23335
12	73	-5.23335
82	87	5.23235
83	86	5.23235
15	34	5.22436
14	35	5.22436
11	20	5.21852
10	21	5.21852
29	78	-5.21522
28	79	-5.21522
48	89	5.21011
49	88	5.21011
72	81	5.2064
73	80	5.2064
44	79	5.20619
45	78	5.20619
57	86	5.20549
56	87	5.20549
8	13	-5.19757
9	12	-5.19757
9	40	5.19587
8	41	5.19587
60	75	5.19439
61	74	5.19439
35	82	5.18854
34	83	5.18854
32	77	-5.18711
33	76	-5.18711
63	68	5.17819
62	69	5.17819
0	5	5.1781
1	4	5.1781
39	88	-5.17545
38	89	-5.17545
11	80	-5.1677
10	81	-5.1677
42	75	-5.16706
43	74	-5.16706
16	79	-5.1623
17	78	-5.1623
25	72	-5.16138
24	73	-5.16138
29	48	5.16015
28	49	5.16015
20	85	5.15608
21	84	5.15608
43	62	-5.15145
42	63	-5.15145
4	83	5.15113
5	82	5.15113
52	93	5.146
53	92	5.146
13	88	5.14394
12	89	5.14394
48	77	5.13936
49	76	5.13936
58	97	5.13811
59	96	5.13811
10	53	5.13561
11	52	5.13561
44	73	5.133
45	72	5.133
29	40	-5.12637
28	41	-5.12637
65	98	5.1241
64	99	5.1241
52	81	-5.12241
53	80	-5.12241
11	50	5.11785
10	51	5.11785
41	70	5.11715
40	71	5.11715
15	80	-5.11279
14	81	-5.11279
24	79	-5.10972
25	78	-5.10972
17	50	5.10684
16	51	5.10684
39	50	-5.0931
38	51	-5.0931
4	57	5.09292
5	56	5.09292
35	38	-5.09288
34	39	-5.09288
17	24	5.09201
16	25	5.09201
46	79	5.09057
47	78	5.09057
55	64	5.08729
54	65	5.08729
20	35	5.08364
21	34	5.08364
0	35	5.08219
1	34	5.08219
40	69	5.07547
41	68	5.07547
2	67	-5.07271
3	66	-5.07271
11	72	-5.07216
10	73	-5.07216
58	95	5.06742
59	94	5.06742
39	80	5.06388
38	81	5.06388
56	89	5.06364
57	88	5.06364
7	88	5.06193
6	89	5.06193
40	51	-5.06128
41	50	-5.06128
57	92	5.0595
56	93	5.0595
11	24	5.05934
10	25	5.05934
46	63	5.05454
47	62	5.05454
8	49	-5.05355
9	48	-5.05355
29	56	5.05007
28	57	5.05007
33	52	-5.04899
32	53	-5.04899
41	46	5.04697
40	47	5.04697
45	54	5.04345
44	55	5.04345
41	88	-5.03907
40	89	-5.03907
26	59	5.03773
27	58	5.03773
70	79	5.03537
71	78	5.03537
83	92	5.02978
82	93	5.02978
64	91	5.02806
65	90	5.02806
16	53	5.02457
17	52	5.02457
21	28	5.02223
20	29	5.02223
49	86	5.01831
48	87	5.01831
71	92	-5.01669
70	93	-5.01669
21	52	5.01459
20	53	5.01459
34	79	-5.01306
35	78	-5.01306
45	96	5.01286
44	97	5.01286
72	93	-5.01041
73	92	-5.01041
65	96	5.00794
64	97	5.00794
25	48	5.00702
24	49	5.00702
17	80	-5.00395
16	81	-5.00395
79	84	-5.00031
78	85	-5.00031
45	52	-4.99933
44	53	-4.99933
68	79	4.99823
69	78	4.99823
53	76	4.99709
52	77	4.99709
24	71	-4.99229
25	70	-4.99229
49	70	-4.99156
48	71	-4.99156
83	88	4.98681
82	89	4.98681
6	9	-4.98233
7	8	-4.98233
67	92	-4.97754
66	93	-4.97754
26	65	4.96562
27	64	4.96562
7	16	4.96348
6	17	4.96348
1	70	-4.9628
0	71	-4.9628
15	24	4.95884
14	25	4.95884
28	83	4.95749
29	82	4.95749
33	72	4.95334
32	73	4.95334
56	77	4.95144
57	76	4.95144
13	14	4.95093
12	15	4.95093
17	72	-4.94985
16	73	-4.94985
14	33	-4.94884
15	32	-4.94884
59	98	4.94174
58	99	4.94174
5	98	-4.93806
4	99	-4.93806
4	43	4.93772
5	42	4.93772
60	87	-4.93609
61	86	-4.93609
77	82	4.93553
76	83	4.93553
56	71	-4.93485
57	70	-4.93485
80	85	-4.93011
81	84	-4.93011
42	79	-4.92843
43	78	-4.92843
50	85	4.92834
51	84	4.92834
50	67	-4.92755
51	66	-4.92755
9	74	4.9265
8	75	4.9265
5	46	-4.92463
4	47	-4.92463
25	84	4.92207
24	85	4.92207
4	49	4.92143
5	48	4.92143
23	44	4.92043
22	45	4.92043
37	86	-4.9198
36	87	-4.9198
20	79	-4.91793
21	78	-4.91793
68	87	-4.91785
69	86	-4.91785
78	93	-4.9176
79	92	-4.9176
12	81	-4.91589
13	80	-4.91589
30	63	4.91409
31	62	4.91409
8	57	-4.91099
9	56	-4.91099
10	47	-4.91069
11	46	-4.91069
48	51	4.9097
49	50	4.9097
47	86	-4.90941
46	87	-4.90941
36	41	4.90931
37	40	4.90931
12	29	4.908
13	28	4.908
42	87	4.90623
43	86	4.90623
3	96	-4.90567
2	97	-4.90567
3	54	-4.90342
2	55	-4.90342
2	61	-4.89977
3	60	-4.89977
5	22	-4.89959
4	23	-4.89959
17	76	4.89775
16	77	4.89775
1	28	4.89735
0	29	4.89735
34	41	-4.89596
35	40	-4.89596
20	33	-4.8907
21	32	-4.8907
19	62	4.88897
18	63	4.88897
20	73	-4.88843
21	72	-4.88843
1	62	-4.88413
0	63	-4.88413
11	42	4.88147
10	43	4.88147
3	36	-4.87887
2	37	-4.87887
87	96	-4.8786
86	97	-4.8786
5	80	-4.87285
4	81	-4.87285
50	75	-4.87081
51	74	-4.87081
72	77	-4.86919
73	76	-4.86919
40	61	4.86662
41	60	4.86662
55	86	-4.86382
54	87	-4.86382
52	85	4.863
53	84	4.863
6	11	4.86059
7	10	4.86059
41	42	-4.85952
40	43	-4.85952
2	43	4.85871
3	42	4.85871
4	61	-4.85823
5	60	-4.85823
12	41	-4.85548
13	40	-4.85548
7	84	4.85181
6	85	4.85181
3	68	-4.85011
2	69	-4.85011
15	92	4.84723
14	93	4.84723
32	39	4.84634
33	38	4.84634
17	92	4.84473
16	93	4.84473
4	69	-4.84447
5	68	-4.84447
12	35	4.84373
13	34	4.84373
25	66	-4.8432
24	67	-4.8432
12	75	-4.84288
13	74	-4.84288
6	35	4.84226
7	34	4.84226
22	59	4.84114
23	58	4.84114
4	27	-4.84105
5	26	-4.84105
10	77	4.83919
11	76	4.83919
71	82	-4.83656
70	83	-4.83656
3	46	-4.83608
2	47	-4.83608
10	75	-4.83513
11	74	-4.83513
5	96	-4.83433
4	97	-4.83433
8	83	-4.83276
9	82	-4.83276
47	72	4.83199
46	73	4.83199
23	86	-4.8315
22	87	-4.8315
3	22	-4.82879
2	23	-4.82879
59	90	4.82457
58	91	4.82457
25	56	4.82381
24	57	4.82381
29	74	-4.82072
28	75	-4.82072
11	14	4.81839
10	15	4.81839
61	78	4.81563
60	79	4.81563
23	74	4.81359
22	75	4.81359
0	55	-4.81338
1	54	-4.81338
37	78	4.81304
36	79	4.81304
6	49	4.81277
7	48	4.81277
76	79	-4.81215
77	78	-4.81215
4	37	-4.80886
5	36	-4.80886
10	93	4.80626
11	92	4.80626
33	58	4.806
32	59	4.806
32	65	4.80539
33	64	4.80539
3	26	-4.80515
2	27	-4.80515
67	76	-4.8043
66	77	-4.8043
58	67	4.80409
59	66	4.80409
87	98	-4.80347
86	99	-4.80347
80	87	-4.80334
81	86	-4.80334
9	10	-4.79966
8	11	-4.79966
73	84	-4.79675
72	85	-4.79675
67	86	-4.79621
66	87	-4.79621
71	76	-4.79317
70	77	-4.79317
70	75	4.78966
71	74	4.78966
1	88	4.78927
0	89	4.78927
39	68	4.78914
38	69	4.78914
25	82	4.78734
24	83	4.78734
5	94	-4.78684
4	95	-4.78684
11	40	-4.78674
10	41	-4.78674
18	89	-4.7817
19	88	-4.7817
62	67	4.78131
63	66	4.78131
68	73	4.77932
69	72	4.77932
26	87	-4.77929
27	86	-4.77929
11	22	-4.7751
10	23	-4.7751
8	17	-4.77492
9	16	-4.77492
74	89	-4.77258
75	88	-4.77258
24	39	-4.7709
25	38	-4.7709
17	46	-4.77052
16	47	-4.77052
26	45	4.76926
27	44	4.76926
14	47	-4.76822
15	46	-4.76822
9	18	4.76591
8	19	4.76591
14	69	-4.76373
15	68	-4.76373
35	64	-4.7584
34	65	-4.7584
18	35	-4.75667
19	34	-4.75667
5	54	-4.75588
4	55	-4.75588
24	41	-4.7557
25	40	-4.7557
23	64	4.75564
22	65	4.75564
39	46	4.75431
38	47	4.75431
50	95	-4.74847
51	94	-4.74847
17	42	4.74777
16	43	4.74777
76	85	4.74663
77	84	4.74663
46	53	-4.7427
47	52	-4.7427
1	96	-4.74222
0	97	-4.74222
51	56	4.7415
50	57	4.7415
5	90	-4.74134
4	91	-4.74134
6	29	4.74094
7	28	4.74094
42	85	4.73776
43	84	4.73776
47	84	-4.73688
46	85	-4.73688
21	48	4.73683
20	49	4.73683
26	83	-4.73527
27	82	-4.73527
31	88	-4.73407
30	89	-4.73407
13	38	-4.7325
12	39	-4.7325
64	67	4.73245
65	66	4.73245
19	28	-4.73209
18	29	-4.73209
31	92	-4.72726
30	93	-4.72726
3	62	-4.72508
2	63	-4.72508
50	91	-4.72407
51	90	-4.72407
75	96	4.72373
74	97	4.72373
35	58	-4.72134
34	59	-4.72134
6	33	-4.71945
7	32	-4.71945
11	88	4.71925
10	89	4.71925
0	59	-4.71224
1	58	-4.71224
59	60	4.71021
58	61	4.71021
17	88	4.70977
16	89	4.70977
49	64	-4.70938
48	65	-4.70938
56	65	-4.70719
57	64	-4.70719
15	76	4.70718
14	77	4.70718
27	56	-4.70553
26	57	-4.70553
14	17	4.7021
15	16	4.7021
57	58	-4.702
56	59	-4.702
18	51	-4.70101
19	50	-4.70101
25	90	-4.69931
24	91	-4.69931
33	78	4.69913
32	79	4.69913
3	98	-4.69732
2	99	-4.69732
18	33	4.69526
19	32	4.69526
30	35	-4.69364
31	34	-4.69364
38	93	-4.69002
39	92	-4.69002
30	51	-4.68964
31	50	-4.68964
23	84	-4.68933
22	85	-4.68933
28	65	-4.68781
29	64	-4.68781
11	68	-4.68739
10	69	-4.68739
85	92	4.687
84	93	4.687
16	75	-4.68689
17	74	-4.68689
50	83	4.68652
51	82	4.68652
9	30	4.68544
8	31	4.68544
8	95	4.68528
9	94	4.68528
88	95	-4.68413
89	94	-4.68413
62	81	4.68351
63	80	4.68351
48	59	-4.68289
49	58	-4.68289
51	98	-4.68214
50	99	-4.68214
25	30	-4.68097
24	31	-4.68097
2	81	-4.67956
3	80	-4.67956
82	97	-4.67829
83	96	-4.67829
14	21	4.67522
15	20	4.67522
52	69	-4.67498
53	68	-4.67498
56	97	-4.67492
57	96	-4.67492
7	44	-4.6744
6	45	-4.6744
1	8	-4.67385
0	9	-4.67385
52	99	-4.6738
53	98	-4.6738
64	89	-4.67068
65	88	-4.67068
25	94	-4.67005
24	95	-4.67005
8	99	4.66872
9	98	4.66872
36	59	4.66843
37	58	4.66843
43	72	-4.66819
42	73	-4.66819
64	83	-4.66749
65	82	-4.66749
6	53	4.66742
7	52	4.66742
6	57	4.66589
7	56	4.66589
7	82	4.66479
6	83	4.66479
3	32	-4.66105
2	33	-4.66105
55	74	4.66041
54	75	4.66041
16	23	-4.65822
17	22	-4.65822
55	56	-4.65818
54	57	-4.65818
57	62	-4.65638
56	63	-4.65638
30	49	-4.65631
31	48	-4.65631
91	92	-4.65224
90	93	-4.65224
59	82	-4.65203
58	83	-4.65203
29	58	-4.65197
28	59	-4.65197
17	40	-4.65184
16	41	-4.65184
12	91	-4.6485
13	90	-4.6485
63	86	-4.64816
62	87	-4.64816
89	98	-4.64787
88	99	-4.64787
30	33	4.6444
31	32	4.6444
55	82	-4.64421
54	83	-4.64421
26	31	4.64157
27	30	4.64157
11	38	-4.63949
10	39	-4.63949
31	76	-4.63913
30	77	-4.63913
1	92	4.63891
0	93	4.63891
41	92	-4.63888
40	93	-4.63888
36	39	4.6386
37	38	4.6386
23	82	-4.63599
22	83	-4.63599
92	95	-4.63452
93	94	-4.63452
9	84	-4.63394
8	85	-4.63394
11	60	-4.63294
10	61	-4.63294
26	49	-4.63228
27	48	-4.63228
33	40	4.62904
32	41	4.62904
72	99	4.62843
73	98	4.62843
78	99	4.62816
79	98	4.62816
45	86	-4.62745
44	87	-4.62745
0	65	-4.62633
1	64	-4.62633
22	79	4.62606
23	78	4.62606
29	30	-4.62595
28	31	-4.62595
9	64	4.62125
8	65	4.62125
4	19	-4.62107
5	18	-4.62107
12	47	-4.6207
13	46	-4.6207
42	59	-4.61748
43	58	-4.61748
13	70	-4.61472
12	71	-4.61472
87	94	-4.61423
86	95	-4.61423
18	93	-4.61417
19	92	-4.61417
24	75	-4.61411
25	74	-4.61411
27	74	4.6138
26	75	4.6138
58	71	4.61289
59	70	4.61289
36	73	4.60854
37	72	4.60854
20	71	-4.60837
21	70	-4.60837
35	74	-4.60733
34	75	-4.60733
1	26	-4.60723
0	27	-4.60723
10	27	-4.60633
11	26	-4.60633
62	83	-4.60549
63	82	-4.60549
31	54	4.60508
30	55	4.60508
30	57	-4.60397
31	56	-4.60397
22	57	-4.60358
23	56	-4.60358
77	90	-4.60351
76	91	-4.60351
14	37	-4.60308
15	36	-4.60308
1	60	-4.6016
0	61	-4.6016
19	24	-4.60087
18	25	-4.60087
15	42	4.59971
14	43	4.59971
31	82	-4.59937
30	83	-4.59937
53	66	-4.59776
52	67	-4.59776
61	72	4.59591
60	73	4.59591
44	63	4.5947
45	62	4.5947
58	89	-4.59415
59	88	-4.59415
21	90	-4.5939
20	91	-4.5939
38	61	4.59383
39	60	4.59383
53	94	-4.59365
52	95	-4.59365
12	33	-4.5936
13	32	-4.5936
0	37	-4.59027
1	36	-4.59027
42	53	4.59001
43	52	4.59001
7	78	-4.58877
6	79	-4.58877
88	91	-4.58757
89	90	-4.58757
65	70	4.58669
64	71	4.58669
38	43	-4.58484
39	42	-4.58484
8	91	4.58301
9	90	4.58301
15	84	4.58188
14	85	4.58188
11	36	-4.58146
10	37	-4.58146
31	96	4.57927
30	97	4.57927
17	68	-4.57887
16	69	-4.57887
20	57	4.57855
21	56	4.57855
7	72	-4.57719
6	73	-4.57719
49	96	-4.57707
48	97	-4.57707
49	62	-4.57677
48	63	-4.57677
20	67	-4.57563
21	66	-4.57563
11	28	4.57422
10	29	4.57422
84	89	4.57385
85	88	4.57385
38	77	-4.57369
39	76	-4.57369
35	94	-4.57341
34	95	-4.57341
15	60	-4.57327
14	61	-4.57327
4	67	-4.57268
5	66	-4.57268
28	99	-4.57037
29	98	-4.57037
61	64	4.57005
60	65	4.57005
19	48	-4.56679
18	49	-4.56679
16	29	4.56446
17	28	4.56446
74	85	-4.56425
75	84	-4.56425
28	95	-4.56362
29	94	-4.56362
32	63	4.56258
33	62	4.56258
21	40	-4.56233
20	41	-4.56233
15	66	-4.55929
14	67	-4.55929
34	99	-4.55842
35	98	-4.55842
48	55	-4.55649
49	54	-4.55649
1	22	-4.5559
0	23	-4.5559
21	82	4.55515
20	83	4.55515
0	77	4.55504
1	76	4.55504
27	84	-4.55411
26	85	-4.55411
41	76	-4.55265
40	77	-4.55265
25	98	-4.55006
24	99	-4.55006
13	42	4.54985
12	43	4.54985
77	94	-4.54893
76	95	-4.54893
3	58	-4.54694
2	59	-4.54694
9	58	4.54621
8	59	4.54621
19	56	-4.54474
18	57	-4.54474
13	94	-4.54359
12	95	-4.54359
22	41	4.54188
23	40	4.54188
68	85	-4.53964
69	84	-4.53964
17	60	-4.5367
16	61	-4.5367
18	71	4.53638
19	70	4.53638
4	45	-4.53286
5	44	-4.53286
19	86	-4.53257
18	87	-4.53257
40	85	-4.53207
41	84	-4.53207
73	94	4.53038
72	95	4.53038
87	90	-4.53018
86	91	-4.53018
17	38	-4.53009
16	39	-4.53009
55	66	4.52787
54	67	4.52787
66	73	4.52669
67	72	4.52669
59	68	4.52511
58	69	4.52511
19	52	-4.52423
18	53	-4.52423
18	83	-4.52421
19	82	-4.52421
37	64	4.52235
36	65	4.52235
2	95	-4.522
3	94	-4.522
78	95	4.52188
79	94	4.52188
60	85	-4.52053
61	84	-4.52053
22	49	-4.51772
23	48	-4.51772
20	39	-4.51749
21	38	-4.51749
53	90	-4.51491
52	91	-4.51491
15	98	-4.51384
14	99	-4.51384
42	65	-4.51349
43	64	-4.51349
21	74	-4.51195
20	75	-4.51195
37	52	-4.51111
36	53	-4.51111
3	64	-4.50924
2	65	-4.50924
5	30	-4.50777
4	31	-4.50777
17	26	-4.50777
16	27	-4.50777
58	87	-4.50764
59	86	-4.50764
19	66	4.50655
18	67	4.50655
93	98	-4.50631
92	99	-4.50631
3	44	-4.50609
2	45	-4.50609
52	61	-4.50411
53	60	-4.50411
1	42	4.50274
0	43	4.50274
39	66	4.50258
38	67	4.50258
7	66	-4.50157
6	67	-4.50157
17	36	-4.50018
16	37	-4.50018
20	95	-4.49969
21	94	-4.49969
0	69	-4.4987
1	68	-4.4987
21	44	-4.49516
20	45	-4.49516
12	99	-4.49468
13	98	-4.49468
19	76	-4.49374
18	77	-4.49374
12	69	-4.49297
13	68	-4.49297
82	99	-4.49031
83	98	-4.49031
51	80	-4.49012
50	81	-4.49012
46	59	4.48885
47	58	4.48885
17	34	4.48831
16	35	4.48831
65	86	-4.48787
64	87	-4.48787
4	75	-4.48734
5	74	-4.48734
21	30	-4.48679
20	31	-4.48679
5	62	-4.48644
4	63	-4.48644
5	64	-4.48619
4	65	-4.48619
75	92	-4.48587
74	93	-4.48587
10	97	-4.48517
11	96	-4.48517
0	25	4.48429
1	24	4.48429
64	93	-4.48333
65	92	-4.48333
13	44	-4.48265
12	45	-4.48265
56	99	-4.48189
57	98	-4.48189
11	34	4.48032
10	35	4.48032
11	90	-4.4799
10	91	-4.4799
79	90	4.47947
78	91	4.47947
18	55	4.47831
19	54	4.47831
37	84	-4.47784
36	85	-4.47784
28	85	4.47675
29	84	4.47675
50	65	-4.47547
51	64	-4.47547
3	18	-4.47494
2	19	-4.47494
48	95	-4.47339
49	94	-4.47339
0	7	4.47136
1	6	4.47136
32	95	4.46953
33	94	4.46953
83	94	-4.46822
82	95	-4.46822
32	99	4.46773
33	98	4.46773
42	83	4.4668
43	82	4.4668
49	98	-4.46518
48	99	-4.46518
19	72	4.46362
18	73	4.46362
17	90	-4.46252
16	91	-4.46252
75	86	-4.46102
74	87	-4.46102
57	94	-4.45677
56	95	-4.45677
17	70	-4.45638
16	71	-4.45638
5	58	-4.45628
4	59	-4.45628
71	84	-4.4554
70	85	-4.4554
11	44	-4.45369
10	45	-4.45369
0	51	4.45131
1	50	4.45131
7	14	4.45003
6	15	4.45003
34	91	-4.44875
35	90	-4.44875
73	90	4.44871
72	91	4.44871
2	91	-4.44727
3	90	-4.44727
11	70	-4.44607
10	71	-4.44607
74	77	-4.44586
75	76	-4.44586
78	97	4.44576
79	96	4.44576
0	47	-4.4453
1	46	-4.4453
66	97	4.44381
67	96	4.44381
23	30	4.44378
22	31	4.44378
42	57	4.44212
43	56	4.44212
31	66	4.44107
30	67	4.44107
41	96	4.44089
40	97	4.44089
39	84	-4.43916
38	85	-4.43916
85	96	-4.43747
84	97	-4.43747
83	90	-4.43638
82	91	-4.43638
48	91	-4.43286
49	90	-4.43286
60	83	-4.43239
61	82	-4.43239
18	27	4.43115
19	26	4.43115
29	90	-4.43051
28	91	-4.43051
26	79	4.42855
27	78	4.42855
41	98	4.42678
40	99	4.42678
57	60	-4.42625
56	61	-4.42625
45	76	-4.42583
44	77	-4.42583
6	41	-4.42471
7	40	-4.42471
6	75	-4.42435
7	74	-4.42435
18	97	4.42432
19	96	4.42432
45	50	-4.41848
44	51	-4.41848
32	87	-4.41713
33	86	-4.41713
25	64	-4.41407
24	65	-4.41407
13	60	-4.40889
12	61	-4.40889
56	91	-4.40804
57	90	-4.40804
17	96	-4.40787
16	97	-4.40787
0	19	-4.40751
1	18	-4.40751
14	95	-4.40727
15	94	-4.40727
63	94	4.407
62	95	4.407
77	98	-4.40637
76	99	-4.40637
34	85	4.40555
35	84	4.40555
13	36	-4.40506
12	37	-4.40506
9	80	4.40278
8	81	4.40278
65	68	4.39979
64	69	4.39979
13	22	-4.39947
12	23	-4.39947
15	18	-4.39915
14	19	-4.39915
5	10	4.39831
4	11	4.39831
31	70	4.39438
30	71	4.39438
6	91	-4.3935
7	90	-4.3935
38	99	4.39348
39	98	4.39348
22	73	4.39312
23	72	4.39312
1	98	-4.39136
0	99	-4.39136
34	63	-4.38989
35	62	-4.38989
2	35	4.38826
3	34	4.38826
31	86	-4.38654
30	87	-4.38654
46	65	4.38654
47	64	4.38654
0	21	4.38624
1	20	4.38624
24	45	-4.38617
25	44	-4.38617
11	54	-4.38445
10	55	-4.38445
41	54	4.38444
40	55	4.38444
7	38	-4.38424
6	39	-4.38424
8	45	4.38419
9	44	4.38419
37	82	-4.38102
36	83	-4.38102
7	70	-4.37971
6	71	-4.37971
58	93	-4.37912
59	92	-4.37912
36	57	-4.37869
37	56	-4.37869
19	78	4.37532
18	79	4.37532
54	85	-4.37515
55	84	-4.37515
84	91	-4.37301
85	90	-4.37301
50	59	-4.37291
51	58	-4.37291
18	21	-4.37208
19	20	-4.37208
26	41	4.3708
27	40	4.3708
5	78	-4.37046
4	79	-4.37046
17	44	-4.37029
16	45	-4.37029
63	70	4.3685
62	71	4.3685
65	76	-4.36748
64	77	-4.36748
46	83	-4.36695
47	82	-4.36695
32	75	4.36595
33	74	4.36595
74	99	4.36554
75	98	4.36554
7	30	-4.3649
6	31	-4.3649
11	98	-4.36413
10	99	-4.36413
2	31	-4.3641
3	30	-4.3641
21	98	-4.36341
20	99	-4.36341
10	95	-4.36325
11	94	-4.36325
70	99	4.36196
71	98	4.36196
31	52	-4.36196
30	53	-4.36196
54	79	4.35102
55	78	4.35102
5	84	4.34913
4	85	4.34913
27	66	4.34898
26	67	4.34898
47	56	-4.34557
46	57	-4.34557
0	31	-4.34549
1	30	-4.34549
42	49	4.34392
43	48	4.34392
33	90	4.34361
32	91	4.34361
20	81	-4.34169
21	80	-4.34169
16	55	-4.34125
17	54	-4.34125
48	53	4.34071
49	52	4.34071
63	84	-4.33968
62	85	-4.33968
45	92	-4.33794
44	93	-4.33794
22	53	-4.33646
23	52	-4.33646
17	94	-4.33637
16	95	-4.33637
5	16	4.33517
4	17	4.33517
15	22	-4.33355
14	23	-4.33355
17	32	-4.32801
16	33	-4.32801
22	39	4.32774
23	38	4.32774
69	82	-4.32727
68	83	-4.32727
13	66	-4.3259
12	67	-4.3259
67	98	4.32472
66	99	4.32472
6	37	-4.3245
7	36	-4.3245
48	61	-4.32194
49	60	-4.32194
70	95	4.32066
71	94	4.32066
4	41	-4.32032
5	40	-4.32032
24	81	-4.31924
25	80	-4.31924
56	69	-4.3176
57	68	-4.3176
16	99	-4.31605
17	98	-4.31605
66	79	4.31376
67	78	4.31376
25	58	-4.31195
24	59	-4.31195
14	91	-4.30914
15	90	-4.30914
3	6	4.30862
2	7	4.30862
28	63	-4.30706
29	62	-4.30706
41	94	4.3064
40	95	4.3064
44	71	4.30527
45	70	4.30527
18	39	4.30518
19	38	4.30518
63	98	4.30509
62	99	4.30509
3	74	-4.30504
2	75	-4.30504
12	19	-4.30383
13	18	-4.30383
40	67	4.30226
41	66	4.30226
29	44	-4.30031
28	45	-4.30031
33	54	4.29994
32	55	4.29994
66	85	-4.29966
67	84	-4.29966
10	33	-4.2958
11	32	-4.2958
32	85	-4.29527
33	84	-4.29527
31	72	4.29519
30	73	4.29519
45	88	-4.29496
44	89	-4.29496
6	95	-4.29446
7	94	-4.29446
80	89	-4.29402
81	88	-4.29402
13	30	-4.29396
12	31	-4.29396
62	91	4.29303
63	90	4.29303
6	69	-4.29035
7	68	-4.29035
39	94	4.2892
38	95	4.2892
44	85	-4.28848
45	84	-4.28848
1	94	-4.28434
0	95	-4.28434
67	94	4.27997
66	95	4.27997
40	87	-4.27904
41	86	-4.27904
36	49	-4.27886
37	48	-4.27886
5	32	-4.27339
4	33	-4.27339
58	77	-4.27311
59	76	-4.27311
18	23	4.27272
19	22	4.27272
79	86	-4.27137
78	87	-4.27137
29	80	-4.26859
28	81	-4.26859
16	63	-4.26714
17	62	-4.26714
6	87	4.26581
7	86	4.26581
22	67	4.2654
23	66	4.2654
48	73	-4.26522
49	72	-4.26522
2	71	-4.26493
3	70	-4.26493
73	96	4.26181
72	97	4.26181
52	65	-4.26164
53	64	-4.26164
13	26	-4.25893
12	27	-4.25893
19	40	4.25583
18	41	4.25583
14	49	4.25313
15	48	4.25313
17	66	-4.25189
16	67	-4.25189
61	66	4.25094
60	67	4.25094
47	48	-4.25028
46	49	-4.25028
32	97	4.24925
33	96	4.24925
85	94	-4.24837
84	95	-4.24837
10	87	4.24557
11	86	4.24557
53	56	4.24487
52	57	4.24487
2	29	4.24434
3	28	4.24434
1	80	-4.24342
0	81	-4.24342
39	96	4.23968
38	97	4.23968
74	95	4.23953
75	94	4.23953
37	66	4.23863
36	67	4.23863
84	87	4.23845
85	86	4.23845
26	73	4.23636
27	72	4.23636
40	91	4.23584
41	90	4.23584
62	89	-4.23252
63	88	-4.23252
30	61	4.23222
31	60	4.23222
15	96	-4.23191
14	97	-4.23191
84	99	-4.23088
85	98	-4.23088
7	60	-4.23038
6	61	-4.23038
15	30	-4.23012
14	31	-4.23012
10	63	-4.22728
11	62	-4.22728
81	98	4.22665
80	99	4.22665
30	79	4.22519
31	78	4.22519
31	42	-4.22446
30	43	-4.22446
21	68	-4.22341
20	69	-4.22341
5	72	-4.22321
4	73	-4.22321
49	68	-4.22279
48	69	-4.22279
0	85	4.22199
1	84	4.22199
21	36	-4.22104
20	37	-4.22104
3	92	4.22095
2	93	4.22095
6	81	-4.21972
7	80	-4.21972
7	62	-4.2186
6	63	-4.2186
12	97	-4.2177
13	96	-4.2177
46	51	-4.2173
47	50	-4.2173
17	86	4.21717
16	87	4.21717
59	80	4.21707
58	81	4.21707
3	76	4.21621
2	77	4.21621
62	75	4.21573
63	74	4.21573
65	72	4.21496
64	73	4.21496
38	49	-4.21483
39	48	-4.21483
26	33	4.21478
27	32	4.21478
21	64	-4.21383
20	65	-4.21383
12	49	4.21292
13	48	4.21292
7	18	-4.21083
6	19	-4.21083
3	88	4.20896
2	89	4.20896
53	96	-4.20622
52	97	-4.20622
31	36	4.20156
30	37	4.20156
27	38	4.20061
26	39	4.20061
35	86	4.20046
34	87	4.20046
39	54	4.20037
38	55	4.20037
14	65	-4.20005
15	64	-4.20005
70	81	4.20001
71	80	4.20001
53	58	-4.19986
52	59	-4.19986
75	90	4.19981
74	91	4.19981
0	91	-4.19966
1	90	-4.19966
52	83	4.1985
53	82	4.1985
39	90	4.19791
38	91	4.19791
3	84	4.19785
2	85	4.19785
54	73	4.19758
55	72	4.19758
4	13	4.19547
5	12	4.19547
15	26	-4.19522
14	27	-4.19522
27	52	-4.1918
26	53	-4.1918
80	83	-4.18964
81	82	-4.18964
70	91	4.18856
71	90	4.18856
4	53	4.18565
5	52	4.18565
15	54	-4.18421
14	55	-4.18421
8	63	4.18407
9	62	4.18407
4	15	4.18336
5	14	4.18336
56	73	-4.1823
57	72	-4.1823
10	67	-4.18194
11	66	-4.18194
5	38	-4.18042
4	39	-4.18042
43	66	-4.18002
42	67	-4.18002
12	55	-4.17914
13	54	-4.17914
81	92	-4.17822
80	93	-4.17822
35	44	-4.17797
34	45	-4.17797
15	56	4.17616
14	57	4.17616
20	47	-4.17577
21	46	-4.17577
77	80	-4.17261
76	81	-4.17261
67	90	4.17072
66	91	4.17072
51	68	-4.16882
50	69	-4.16882
3	10	4.16798
2	11	4.16798
0	45	-4.16763
1	44	-4.16763
56	81	-4.1674
57	80	-4.1674
15	58	-4.16582
14	59	-4.16582
6	99	-4.16512
7	98	-4.16512
7	54	-4.16471
6	55	-4.16471
59	72	4.16345
58	73	4.16345
67	68	4.16094
66	69	4.16094
21	60	-4.16022
20	61	-4.16022
3	16	4.16003
2	17	4.16003
20	63	-4.15972
21	62	-4.15972
31	38	4.15817
30	39	4.15817
9	46	4.15745
8	47	4.15745
0	17	4.15615
1	16	4.15615
64	81	4.15453
65	80	4.15453
73	86	-4.15397
72	87	-4.15397
63	92	-4.15343
62	93	-4.15343
34	81	-4.15323
35	80	-4.15323
21	58	-4.15079
20	59	-4.15079
6	47	-4.14995
7	46	-4.14995
34	55	-4.14982
35	54	-4.14982
19	74	4.14892
18	75	4.14892
39	64	4.14836
38	65	4.14836
3	40	-4.14604
2	41	-4.14604
53	54	-4.14553
52	55	-4.14553
39	56	-4.14471
38	57	-4.14471
42	51	4.14451
43	50	4.14451
0	53	4.14299
1	52	4.14299
72	83	-4.14222
73	82	-4.14222
3	78	-4.14055
2	79	-4.14055
38	87	-4.14019
39	86	-4.14019
19	60	4.13995
18	61	4.13995
63	76	-4.13971
62	77	-4.13971
15	82	4.1392
14	83	4.1392
48	79	-4.13868
49	78	-4.13868
6	65	-4.13798
7	64	-4.13798
2	9	-4.13655
3	8	-4.13655
3	20	4.13569
2	21	4.13569
30	47	4.13496
31	46	4.13496
14	87	4.13492
15	86	4.13492
81	90	4.13174
80	91	4.13174
54	95	4.13154
55	94	4.13154
31	68	4.13117
30	69	4.13117
27	94	4.12886
26	95	4.12886
46	67	4.12844
47	66	4.12844
39	58	4.12808
38	59	4.12808
22	33	4.1277
23	32	4.1277
13	56	4.12763
12	57	4.12763
12	63	-4.1261
13	62	-4.1261
11	18	-4.1249
10	19	-4.1249
18	43	-4.12371
19	42	-4.12371
1	12	4.12293
0	13	4.12293
67	74	4.12115
66	75	4.12115
64	79	4.1204
65	78	4.1204
38	83	-4.12003
39	82	-4.12003
76	87	4.11941
77	86	4.11941
81	94	4.11936
80	95	4.11936
9	68	4.11927
8	69	4.11927
24	47	-4.11863
25	46	-4.11863
35	96	-4.11734
34	97	-4.11734
31	40	4.11711
30	41	4.11711
19	36	4.11651
18	37	4.11651
0	15	4.11607
1	14	4.11607
25	68	-4.11546
24	69	-4.11546
17	18	-4.11522
16	19	-4.11522
44	59	4.11497
45	58	4.11497
53	86	4.1149
52	87	4.1149
70	87	-4.11425
71	86	-4.11425
21	42	4.11386
20	43	4.11386
5	6	4.11311
4	7	4.11311
3	24	4.11189
2	25	4.11189
13	86	4.11186
12	87	4.11186
25	62	-4.1111
24	63	-4.1111
5	34	4.10911
4	35	4.10911
94	97	4.10644
95	96	4.10644
1	72	-4.10529
0	73	-4.10529
37	76	-4.10522
36	77	-4.10522
44	83	-4.10329
45	82	-4.10329
86	93	4.10329
87	92	4.10329
12	83	4.1029
13	82	4.1029
26	35	-4.10235
27	34	-4.10235
7	58	-4.10156
6	59	-4.10156
29	86	4.10133
28	87	4.10133
40	49	-4.10058
41	48	-4.10058
68	77	-4.10047
69	76	-4.10047
37	50	-4.09909
36	51	-4.09909
48	81	-4.09883
49	80	-4.09883
16	31	-4.09759
17	30	-4.09759
54	71	4.09748
55	70	4.09748
10	31	-4.09744
11	30	-4.09744
45	98	4.09736
44	99	4.09736
21	86	4.09698
20	87	4.09698
46	89	-4.09311
47	88	-4.09311
8	43	-4.0931
9	42	-4.0931
1	10	4.09244
0	11	4.09244
47	98	4.08988
46	99	4.08988
7	42	4.08905
6	43	4.08905
50	61	-4.08885
51	60	-4.08885
1	38	-4.0886
0	39	-4.0886
25	36	-4.08681
24	37	-4.08681
58	85	-4.0866
59	84	-4.0866
51	62	-4.08612
50	63	-4.08612
6	97	-4.0842
7	96	-4.0842
29	46	-4.08349
28	47	-4.08349
28	55	-4.08259
29	54	-4.08259
44	57	-4.08234
45	56	-4.08234
20	55	-4.08213
21	54	-4.08213
44	91	4.08172
45	90	4.08172
12	65	-4.08125
13	64	-4.08125
41	64	4.08124
40	65	4.08124
86	89	4.07983
87	88	4.07983
56	79	-4.07947
57	78	-4.07947
41	62	4.07587
40	63	4.07587
59	78	4.0751
58	79	4.0751
33	60	4.07452
32	61	4.07452
44	49	-4.07444
45	48	-4.07444
55	90	4.07231
54	91	4.07231
18	47	4.0691
19	46	4.0691
54	99	4.06855
55	98	4.06855
27	90	4.06719
26	91	4.06719
25	42	4.06642
24	43	4.06642
18	85	-4.06577
19	84	-4.06577
27	98	4.06553
26	99	4.06553
19	68	4.06522
18	69	4.06522
28	69	-4.06367
29	68	-4.06367
69	88	-4.06261
68	89	-4.06261
40	59	4.06218
41	58	4.06218
42	99	-4.06108
43	98	-4.06108
45	64	4.06071
44	65	4.06071
33	36	4.05966
32	37	4.05966
23	94	4.05952
22	95	4.05952
3	50	4.05829
2	51	4.05829
32	45	4.05826
33	44	4.05826
60	77	-4.05794
61	76	-4.05794
2	73	-4.05792
3	72	-4.05792
3	12	4.05709
2	13	4.05709
28	97	-4.05707
29	96	-4.05707
25	60	-4.05701
24	61	-4.05701
97	98	4.05614
96	99	4.05614
68	93	-4.05558
69	92	-4.05558
79	82	-4.05535
78	83	-4.05535
54	77	-4.05517
55	76	-4.05517
55	88	-4.05462
54	89	-4.05462
9	36	4.0543
8	37	4.0543
27	92	-4.05413
26	93	-4.05413
44	95	4.05349
45	94	4.05349
32	43	-4.05337
33	42	-4.05337
8	61	4.05317
9	60	4.05317
23	50	-4.05311
22	51	-4.05311
71	96	4.05285
70	97	4.05285
47	70	4.052
46	71	4.052
47	76	-4.05189
46	77	-4.05189
68	71	4.05173
69	70	4.05173
68	99	4.05026
69	98	4.05026
41	56	-4.05004
40	57	-4.05004
43	88	4.04985
42	89	4.04985
12	59	-4.04927
13	58	-4.04927
36	93	-4.04891
37	92	-4.04891
30	85	-4.04889
31	84	-4.04889
3	38	-4.04701
2	39	-4.04701
90	97	4.04655
91	96	4.04655
16	59	-4.04646
17	58	-4.04646
54	93	-4.04623
55	92	-4.04623
26	89	-4.04616
27	88	-4.04616
31	74	4.046
30	75	4.046
5	92	4.04515
4	93	4.04515
2	15	4.04497
3	14	4.04497
63	78	4.04457
62	79	4.04457
33	80	4.04422
32	81	4.04422
30	45	4.04406
31	44	4.04406
23	34	-4.04391
22	35	-4.04391
5	76	4.04364
4	77	4.04364
5	70	-4.04356
4	71	-4.04356
89	96	-4.04342
88	97	-4.04342
23	98	4.04108
22	99	4.04108
28	43	4.04074
29	42	4.04074
9	86	-4.04033
8	87	-4.04033
47	92	-4.04022
46	93	-4.04022
27	28	-4.03973
26	29	-4.03973
4	29	4.03908
5	28	4.03908
17	48	4.03702
16	49	4.03702
24	87	4.03683
25	86	4.03683
3	52	4.03661
2	53	4.03661
5	88	4.03581
4	89	4.03581
40	83	-4.03577
41	82	-4.03577
26	77	-4.03531
27	76	-4.03531
19	80	4.03411
18	81	4.03411
35	46	-4.03353
34	47	-4.03353
21	96	-4.03275
20	97	-4.03275
21	22	-4.02983
20	23	-4.02983
65	84	-4.02983
64	85	-4.02983
0	79	-4.0293
1	78	-4.0293
92	97	-4.02913
93	96	-4.02913
9	54	4.0291
8	55	4.0291
30	81	4.02897
31	80	4.02897
39	62	4.02888
38	63	4.02888
56	85	4.02883
57	84	4.02883
47	90	4.02879
46	91	4.02879
33	68	4.02843
32	69	4.02843
33	46	4.02825
32	47	4.02825
46	95	4.02725
47	94	4.02725
26	71	4.02666
27	70	4.02666
59	74	4.02656
58	75	4.02656
9	22	4.02631
8	23	4.02631
29	60	-4.02601
28	61	-4.02601
0	75	-4.02598
1	74	-4.02598
36	71	4.02583
37	70	4.02583
8	97	4.0253
9	96	4.0253
49	84	4.02506
48	85	4.02506
61	98	4.02499
60	99	4.02499
23	90	4.02487
22	91	4.02487
67	80	4.02479
66	81	4.02479
77	96	-4.02474
76	97	-4.02474
0	41	-4.02459
1	40	-4.02459
64	75	4.02441
65	74	4.02441
29	36	-4.02424
28	37	-4.02424
8	27	4.02416
9	26	4.02416
10	59	-4.02388
11	58	-4.02388
14	63	-4.02343
15	62	-4.02343
43	94	-4.02319
42	95	-4.02319
26	51	-4.02303
27	50	-4.02303
4	21	4.02247
5	20	4.02247
60	71	4.02189
61	70	4.02189
22	89	-4.02175
23	88	-4.02175
34	43	4.02117
35	42	4.02117
61	92	-4.02106
60	93	-4.02106
10	49	4.02088
11	48	4.02088
61	88	-4.0204
60	89	-4.0204
36	89	-4.0197
37	88	-4.0197
16	57	4.01917
17	56	4.01917
35	68	-4.01881
34	69	-4.01881
36	99	4.01771
37	98	4.01771
48	75	-4.01761
49	74	-4.01761
43	70	-4.01683
42	71	-4.01683
34	61	-4.01677
35	60	-4.01677
43	76	4.01666
42	77	4.01666
83	84	4.01662
82	85	4.01662
5	8	-4.01662
4	9	-4.01662
24	55	-4.01649
25	54	-4.01649
22	25	-4.01563
23	24	-4.01563
17	64	-4.01556
16	65	-4.01556
6	23	-4.01555
7	22	-4.01555
42	91	-4.0148
43	90	-4.0148
25	26	-4.01479
24	27	-4.01479
23	92	-4.01438
22	93	-4.01438
63	72	4.01418
62	73	4.01418
6	27	-4.01358
7	26	-4.01358
22	29	-4.01357
23	28	-4.01357
68	91	4.01348
69	90	4.01348
43	92	4.0122
42	93	4.0122
4	51	4.01082
5	50	4.01082
36	91	4.01029
37	90	4.01029
34	37	-4.00911
35	36	-4.00911
53	62	-4.00855
52	63	-4.00855
51	96	-4.00773
50	97	-4.00773
16	83	4.00706
17	82	4.00706
61	94	4.00585
60	95	4.00585
50	87	4.00522
51	86	4.00522
10	65	-4.0051
11	64	-4.0051
68	95	4.00465
69	94	4.00465
22	77	-4.00441
23	76	-4.00441
18	45	4.00431
19	44	4.00431
11	56	4.00408
10	57	4.00408
44	67	4.00335
45	66	4.00335
5	24	4.00309
4	25	4.00309
22	71	4.00244
23	70	4.00244
21	26	-4.00229
20	27	-4.00229
61	90	4.00195
60	91	4.00195
37	94	4.0018
36	95	4.0018
24	97	-4.00149
25	96	-4.00149
74	83	-4.00146
75	82	-4.00146
56	75	-4.00089
57	74	-4.00089
51	54	-4.00028
50	55	-4.00028
10	83	4.00011
11	82	4.00011
56	82	2.9959
52	72	-2.9938
8	88	-2.99272
36	60	2.99267
10	16	2.99106
36	68	2.98984
48	56	2.98902
16	84	2.98891
42	46	-2.98863
60	68	2.98761
48	82	2.98611
22	26	2.98534
28	34	2.9845
76	92	2.9841
58	64	2.98354
14	38	-2.98344
24	92	2.98261
54	96	2.98079
2	86	2.97925
14	72	-2.97599
38	40	2.97423
72	78	2.97365
90	94	2.97355
94	98	2.97219
10	84	2.97136
40	74	2.97123
32	34	-2.97062
8	28	-2.97037
14	40	-2.97037
24	76	2.96985
34	88	2.9694
28	88	2.96673
46	68	2.9666
52	78	-2.96619
46	60	2.96293
24	50	2.95991
22	42	-2.95987
46	80	2.95959
4	86	2.9586
42	60	-2.95378
18	30	2.95351
14	52	2.9529
8	34	-2.9523
20	76	2.94979
26	96	2.9491
6	20	2.94603
22	96	2.94603
20	24	2.94381
8	50	-2.9419
50	88	2.9401
28	70	-2.93783
40	72	2.93722
36	46	2.9364
42	68	-2.93595
12	16	2.93417
90	98	2.93166
10	12	2.9301
60	96	2.9298
28	32	-2.92864
32	66	2.92664
50	92	2.92364
42	96	-2.92363
38	72	2.92308
6	76	2.92241
54	60	2.92214
42	80	-2.9217
14	78	-2.91869
36	42	-2.9144
40	78	2.91324
2	4	2.91316
22	46	2.90839
20	92	2.9072
68	80	2.90626
26	42	-2.90538
18	94	2.90451
36	54	2.90436
34	70	-2.90112
38	74	2.8979
40	52	-2.89448
36	96	2.89393
74	78	2.89289
14	74	-2.89144
32	88	-2.88899
0	66	-2.88897
54	62	2.88774
18	64	2.8859
32	70	2.88523
38	52	-2.88478
30	64	2.88336
46	96	2.87933
26	54	2.87716
12	84	2.87671
22	60	2.876
0	56	2.87244
72	74	2.87124
50	76	2.87074
88	92	2.8688
22	54	2.86876
44	74	2.86832
60	80	2.86704
68	96	2.86485
24	88	2.86378
42	54	-2.86274
18	98	2.85515
54	68	2.85507
8	32	2.8546
38	78	2.85284
30	94	2.85039
6	92	2.84376
36	80	2.84329
6	24	2.84269
20	50	2.84201
8	52	-2.84193
0	82	2.84181
8	24	-2.84144
58	62	2.84093
28	50	2.84087
8	70	2.83983
26	46	2.83604
0	2	2.83538
34	50	2.83438
8	92	-2.82982
12	20	2.8294
46	54	2.82701
26	60	2.82583
70	88	-2.82421
44	68	2.824
22	68	2.82376
52	74	-2.81899
34	66	-2.8181
56	66	-2.8175
22	36	2.81613
50	52	2.81034
0	48	2.80925
18	58	2.80889
62	96	2.80758
74	80	2.80722
18	90	2.80395
22	80	2.80222
48	66	-2.79957
36	44	2.79495
66	70	2.79374
8	72	2.79265
30	58	2.79211
32	48	-2.79188
12	50	2.78081
34	92	2.78076
30	90	2.77802
52	88	2.77749
76	88	2.77685
12	24	2.77578
28	52	2.77392
40	44	2.77152
66	82	-2.76787
26	36	2.76277
32	56	-2.76067
28	66	-2.75628
26	68	2.75504
62	64	2.74931
24	34	2.74921
50	72	-2.7482
8	14	-2.74552
30	98	2.74458
44	60	2.74337
44	80	2.73974
8	76	-2.73461
28	72	-2.73302
78	80	2.73184
28	92	2.7318
2	82	2.73158
2	56	2.72552
80	96	2.72394
14	28	2.7234
24	28	2.7221
72	88	-2.72176
0	86	2.72051
44	46	2.71643
32	82	-2.71376
14	70	-2.71089
50	78	-2.70856
32	50	-2.70751
0	32	-2.70185
26	80	2.70069
32	92	-2.6991
8	78	2.69904
68	74	2.69869
12	78	-2.69529
34	48	2.69373
38	70	2.69097
52	70	-2.68333
6	50	2.68226
60	62	2.68063
34	52	2.68049
40	80	2.67932
46	74	2.67822
36	62	2.6775
38	44	2.67712
66	88	-2.67554
12	76	2.67491
20	88	2.67455
34	76	2.67401
14	88	2.67234
26	62	2.67098
12	52	2.66819
70	72	2.66482
28	38	-2.66106
8	38	2.66087
12	92	2.66028
54	80	2.65583
6	12	2.65204
14	50	2.65194
10	78	-2.65111
8	20	-2.65071
24	52	2.64952
16	20	2.64835
24	32	-2.64153
50	70	-2.6397
34	56	2.63935
64	94	2.63637
2	48	2.63429
8	66	2.63089
34	72	-2.63025
42	44	-2.62945
78	88	-2.62456
54	58	2.62393
48	92	2.62383
28	76	2.62058
22	62	2.62011
14	44	-2.61987
36	74	2.6186
12	72	-2.61667
82	86	2.61618
14	34	2.61218
10	20	2.60926
28	78	-2.60761
48	88	2.60506
72	80	2.6032
44	78	2.6031
56	86	2.60275
8	12	-2.59878
8	40	2.59794
60	74	2.5972
34	82	2.59427
32	76	-2.59356
62	68	2.5891
0	4	2.58905
38	88	-2.58773
10	80	-2.58385
42	74	-2.58353
16	78	-2.58115
24	72	-2.58069
28	48	2.58007
20	84	2.57804
42	62	-2.57572
4	82	2.57557
52	92	2.573
12	88	2.57197
48	76	2.56968
58	96	2.56906
10	52	2.5678
44	72	2.5665
28	40	-2.56318
64	98	2.56205
52	80	-2.5612
10	50	2.55892
40	70	2.55857
14	80	-2.55639
24	78	-2.55486
16	50	2.55342
38	50	-2.54655
4	56	2.54646
34	38	-2.54644
16	24	2.546
46	78	2.54529
54	64	2.54364
20	34	2.54182
0	34	2.54109
40	68	2.53774
2	66	-2.53636
10	72	-2.53608
58	94	2.53371
38	80	2.53194
56	88	2.53182
6	88	2.53097
40	50	-2.53064
56	92	2.52975
10	24	2.52967
46	62	2.52727
8	48	-2.52677
28	56	2.52503
32	52	-2.5245
40	46	2.52349
44	54	2.52172
40	88	-2.51953
26	58	2.51887
70	78	2.51769
82	92	2.51489
64	90	2.51403
16	52	2.51229
20	28	2.51111
48	86	2.50916
70	92	-2.50834
20	52	2.5073
34	78	-2.50653
44	96	2.50643
72	92	-2.50521
64	96	2.50397
24	48	2.50351
16	80	-2.50198
78	84	-2.50016
44	52	-2.49966
68	78	2.49911
52	76	2.49854
24	70	-2.49615
48	70	-2.49578
82	88	2.49341
6	8	-2.49116
66	92	-2.48877
26	64	2.48281
6	16	2.48174
0	70	-2.4814
14	24	2.47942
28	82	2.47874
32	72	2.47667
56	76	2.47572
12	14	2.47546
16	72	-2.47492
14	32	-2.47442
58	98	2.47087
4	98	-2.46903
4	42	2.46886
60	86	-2.46804
76	82	2.46777
56	70	-2.46742
80	84	-2.46506
42	78	-2.46422
50	84	2.46417
50	66	-2.46378
8	74	2.46325
4	46	-2.46231
24	84	2.46103
4	48	2.46072
22	44	2.46022
36	86	-2.4599
20	78	-2.45896
68	86	-2.45892
78	92	-2.4588
12	80	-2.45795
30	62	2.45704
8	56	-2.45549
10	46	-2.45534
48	50	2.45485
46	86	-2.4547
36	40	2.45466
12	28	2.454
42	86	2.45312
2	96	-2.45283
2	54	-2.45171
2	60	-2.44989
4	22	-2.44979
16	76	2.44887
0	28	2.44867
34	40	-2.44798
20	32	-2.44535
18	62	2.44449
20	72	-2.44422
0	62	-2.44206
10	42	2.44073
2	36	-2.43943
86	96	-2.4393
4	80	-2.43643
50	74	-2.4354
72	76	-2.43459
40	60	2.43331
54	86	-2.43191
52	84	2.4315
6	10	2.4303
40	42	-2.42976
2	42	2.42936
4	60	-2.42912
12	40	-2.42774
6	84	2.4259
2	68	-2.42505
14	92	2.42361
32	38	2.42317
16	92	2.42236
4	68	-2.42223
12	34	2.42186
24	66	-2.4216
12	74	-2.42144
6	34	2.42113
22	58	2.42057
4	26	-2.42053
10	76	2.4196
70	82	-2.41828
2	46	-2.41804
10	74	-2.41757
4	96	-2.41717
8	82	-2.41638
46	72	2.416
22	86	-2.41575
2	22	-2.4144
58	90	2.41229
24	56	2.4119
28	74	-2.41036
10	14	2.4092
60	78	2.40782
22	74	2.4068
0	54	-2.40669
36	78	2.40652
6	48	2.40639
76	78	-2.40608
4	36	-2.40443
10	92	2.40313
32	58	2.403
32	64	2.40269
2	26	-2.40258
66	76	-2.40215
58	66	2.40205
86	98	-2.40173
80	86	-2.40167
8	10	-2.39983
72	84	-2.39838
66	86	-2.3981
70	76	-2.39658
70	74	2.39483
0	88	2.39464
38	68	2.39457
24	82	2.39367
4	94	-2.39342
10	40	-2.39337
18	88	-2.39085
62	66	2.39066
68	72	2.38966
26	86	-2.38964
10	22	-2.38755
8	16	-2.38746
74	88	-2.38629
24	38	-2.38545
16	46	-2.38526
26	44	2.38463
14	46	-2.38411
8	18	2.38296
14	68	-2.38186
34	64	-2.3792
18	34	-2.37834
4	54	-2.37794
24	40	-2.37785
22	64	2.37782
38	46	2.37716
50	94	-2.37424
16	42	2.37388
76	84	2.37331
46	52	-2.37135
0	96	-2.37111
50	56	2.37075
4	90	-2.37067
6	28	2.37047
42	84	2.36888
46	84	-2.36844
20	48	2.36842
26	82	-2.36764
30	88	-2.36704
12	38	-2.36625
64	66	2.36623
18	28	-2.36604
30	92	-2.36363
2	62	-2.36254
50	90	-2.36204
74	96	2.36187
34	58	-2.36067
6	32	-2.35973
10	88	2.35962
0	58	-2.35612
58	60	2.3551
16	88	2.35489
48	64	-2.35469
56	64	-2.35359
14	76	2.35359
26	56	-2.35276
14	16	2.35105
56	58	-2.351
18	50	-2.35051
24	90	-2.34965
32	78	2.34956
2	98	-2.34866
18	32	2.34763
30	34	-2.34682
38	92	-2.34501
30	50	-2.34482
22	84	-2.34466
28	64	-2.3439
10	68	-2.3437
84	92	2.3435
16	74	-2.34345
50	82	2.34326
8	30	2.34272
8	94	2.34264
88	94	-2.34206
62	80	2.34176
48	58	-2.34145
50	98	-2.34107
24	30	-2.34049
2	80	-2.33978
82	96	-2.33914
14	20	2.33761
52	68	-2.33749
56	96	-2.33746
6	44	-2.3372
0	8	-2.33693
52	98	-2.3369
64	88	-2.33534
24	94	-2.33503
8	98	2.33436
36	58	2.33421
42	72	-2.3341
64	82	-2.33374
6	52	2.33371
6	56	2.33294
6	82	2.33239
2	32	-2.33052
54	74	2.3302
16	22	-2.32911
54	56	-2.32909
56	62	-2.32819
30	48	-2.32816
90	92	-2.32612
58	82	-2.32601
28	58	-2.32599
16	40	-2.32592
12	90	-2.32425
62	86	-2.32408
88	98	-2.32393
30	32	2.3222
54	82	-2.32211
26	30	2.32078
10	38	-2.31975
30	76	-2.31957
0	92	2.31945
40	92	-2.31944
36	38	2.3193
22	82	-2.31799
92	94	-2.31726
8	84	-2.31697
10	60	-2.31647
26	48	-2.31614
32	40	2.31452
72	98	2.31422
78	98	2.31408
44	86	-2.31373
0	64	-2.31317
22	78	2.31303
28	30	-2.31297
8	64	2.31063
4	18	-2.31054
12	46	-2.31035
42	58	-2.30874
12	70	-2.30736
86	94	-2.30712
18	92	-2.30709
24	74	-2.30706
26	74	2.3069
58	70	2.30644
36	72	2.30427
20	70	-2.30418
34	74	-2.30367
0	26	-2.30362
10	26	-2.30316
62	82	-2.30274
30	54	2.30254
30	56	-2.30199
22	56	-2.30179
76	90	-2.30175
14	36	-2.30154
0	60	-2.3008
18	24	-2.30043
14	42	2.29986
30	82	-2.29969
52	66	-2.29888
60	72	2.29795
44	62	2.29735
58	88	-2.29707
20	90	-2.29695
38	60	2.29692
52	94	-2.29682
12	32	-2.2968
0	36	-2.29513
42	52	2.29501
6	78	-2.29438
88	90	-2.29379
64	70	2.29335
38	42	-2.29242
8	90	2.2915
14	84	2.29094
10	36	-2.29073
30	96	2.28963
16	68	-2.28944
20	56	2.28928
6	72	-2.28859
48	96	-2.28853
48	62	-2.28838
20	66	-2.28782
10	28	2.28711
84	88	2.28693
38	76	-2.28684
34	94	-2.28671
14	60	-2.28663
4	66	-2.28634
28	98	-2.28518
60	64	2.28503
18	48	-2.2834
16	28	2.28223
74	84	-2.28213
28	94	-2.28181
32	62	2.28129
20	40	-2.28117
14	66	-2.27965
34	98	-2.27921
48	54	-2.27825
0	22	-2.27795
20	82	2.27758
0	76	2.27752
26	84	-2.27706
40	76	-2.27632
24	98	-2.27503
12	42	2.27493
76	94	-2.27447
2	58	-2.27347
8	58	2.2731
18	56	-2.27237
12	94	-2.2718
22	40	2.27094
68	84	-2.26982
16	60	-2.26835
18	70	2.26819
4	44	-2.26643
18	86	-2.26629
40	84	-2.26603
72	94	2.26519
86	90	-2.26509
16	38	-2.26505
54	66	2.26393
66	72	2.26335
58	68	2.26255
18	52	-2.26212
18	82	-2.26211
36	64	2.26117
2	94	-2.261
78	94	2.26094
60	84	-2.26027
22	48	-2.25886
20	38	-2.25874
52	90	-2.25746
14	98	-2.25692
42	64	-2.25674
20	74	-2.25597
36	52	-2.25555
2	64	-2.25462
4	30	-2.25389
16	26	-2.25388
58	86	-2.25382
18	66	2.25327
92	98	-2.25316
2	44	-2.25305
52	60	-2.25205
0	42	2.25137
38	66	2.25129
6	66	-2.25079
16	36	-2.25009
20	94	-2.24985
0	68	-2.24935
20	44	-2.24758
12	98	-2.24734
18	76	-2.24687
12	68	-2.24649
82	98	-2.24515
50	80	-2.24506
46	58	2.24443
16	34	2.24416
64	86	-2.24394
4	74	-2.24367
20	30	-2.2434
4	62	-2.24322
4	64	-2.24309
74	92	-2.24293
10	96	-2.24259
0	24	2.24215
64	92	-2.24167
12	44	-2.24132
56	98	-2.24094
10	34	2.24016
10	90	-2.23995
78	90	2.23974
18	54	2.23915
36	84	-2.23892
28	84	2.23838
50	64	-2.23774
2	18	-2.23747
48	94	-2.23669
0	6	2.23568
32	94	2.23477
82	94	-2.23411
32	98	2.23387
42	82	2.2334
48	98	-2.23259
18	72	2.23181
16	90	-2.23126
74	86	-2.23051
56	94	-2.22838
16	70	-2.22819
4	58	-2.22814
70	84	-2.2277
10	44	-2.22684
0	50	2.22565
6	14	2.22501
34	90	-2.22437
72	90	2.22436
2	90	-2.22363
10	70	-2.22304
74	76	-2.22293
78	96	2.22288
0	46	-2.22265
66	96	2.22191
22	30	2.22189
42	56	2.22106
30	66	2.22054
40	96	2.22044
38	84	-2.21958
84	96	-2.21874
82	90	-2.21819
48	90	-2.21643
60	82	-2.2162
18	26	2.21558
28	90	-2.21525
26	78	2.21428
40	98	2.21339
56	60	-2.21312
44	76	-2.21292
6	40	-2.21236
6	74	-2.21218
18	96	2.21216
44	50	-2.20924
32	86	-2.20856
24	64	-2.20703
12	60	-2.20444
56	90	-2.20402
16	96	-2.20394
0	18	-2.20376
14	94	-2.20364
62	94	2.2035
76	98	-2.20319
34	84	2.20277
12	36	-2.20253
8	80	2.20139
64	68	2.19989
12	22	-2.19974
14	18	-2.19958
4	10	2.19915
30	70	2.19719
6	90	-2.19675
38	98	2.19674
22	72	2.19656
0	98	-2.19568
34	62	-2.19495
2	34	2.19413
30	86	-2.19327
46	64	2.19327
0	20	2.19312
24	44	-2.19309
10	54	-2.19223
40	54	2.19222
6	38	-2.19212
8	44	2.1921
36	82	-2.19051
6	70	-2.18986
58	92	-2.18956
36	56	-2.18935
18	78	2.18766
54	84	-2.18757
84	90	-2.18651
50	58	-2.18646
18	20	-2.18604
26	40	2.1854
4	78	-2.18523
16	44	-2.18515
62	70	2.18425
64	76	-2.18374
46	82	-2.18347
32	74	2.18298
74	98	2.18277
6	30	-2.18245
10	98	-2.18207
2	30	-2.18205
20	98	-2.1817
10	94	-2.18163
70	98	2.18098
30	52	-2.18098
54	78	2.17551
4	84	2.17456
26	66	2.17449
46	56	-2.17278
0	30	-2.17274
42	48	2.17196
32	90	2.17181
20	80	-2.17085
16	54	-2.17062
48	52	2.17035
62	84	-2.16984
44	92	-2.16897
22	52	-2.16823
16	94	-2.16818
4	16	2.16759
14	22	-2.16677
16	32	-2.16401
22	38	2.16387
68	82	-2.16364
12	66	-2.16295
66	98	2.16236
6	36	-2.16225
48	60	-2.16097
70	94	2.16033
4	40	-2.16016
24	80	-2.15962
56	68	-2.1588
16	98	-2.15802
66	78	2.15688
24	58	-2.15597
14	90	-2.15457
2	6	2.15431
28	62	-2.15353
40	94	2.1532
44	70	2.15264
18	38	2.15259
62	98	2.15254
2	74	-2.15252
12	18	-2.15192
40	66	2.15113
28	44	-2.15016
32	54	2.14997
66	84	-2.14983
10	32	-2.1479
32	84	-2.14763
30	72	2.14759
44	88	-2.14748
6	94	-2.14723
80	88	-2.14701
12	30	-2.14698
62	90	2.14651
6	68	-2.14518
38	94	2.1446
44	84	-2.14424
0	94	-2.14217
66	94	2.13998
40	86	-2.13952
36	48	-2.13943
4	32	-2.13669
58	76	-2.13656
18	22	2.13636
78	86	-2.13568
28	80	-2.13429
16	62	-2.13357
6	86	2.1329
22	66	2.1327
48	72	-2.13261
2	70	-2.13246
72	96	2.1309
52	64	-2.13082
12	26	-2.12947
18	40	2.12792
14	48	2.12656
16	66	-2.12595
60	66	2.12547
46	48	-2.12514
32	96	2.12462
84	94	-2.12418
10	86	2.12278
52	56	2.12243
2	28	2.12217
0	80	-2.12171
38	96	2.11984
74	94	2.11976
36	66	2.11931
84	86	2.11922
26	72	2.11818
40	90	2.11792
62	88	-2.11626
30	60	2.11611
14	96	-2.11595
84	98	-2.11544
6	60	-2.11519
14	30	-2.11506
10	62	-2.11364
80	98	2.11332
30	78	2.1126
30	42	-2.11223
20	68	-2.11171
4	72	-2.1116
48	68	-2.11139
0	84	2.111
20	36	-2.11052
2	92	2.11047
6	80	-2.10986
6	62	-2.1093
12	96	-2.10885
46	50	-2.10865
16	86	2.10859
58	80	2.10854
2	76	2.1081
62	74	2.10786
64	72	2.10748
38	48	-2.10742
26	32	2.10739
20	64	-2.10692
12	48	2.10646
6	18	-2.10541
2	88	2.10448
52	96	-2.10311
30	36	2.10078
26	38	2.10031
34	86	2.10023
38	54	2.10019
14	64	-2.10002
70	80	2.1
52	58	-2.09993
74	90	2.0999
0	90	-2.09983
52	82	2.09925
38	90	2.09895
2	84	2.09892
54	72	2.09879
4	12	2.09774
14	26	-2.09761
26	52	-2.0959
80	82	-2.09482
70	90	2.09428
4	52	2.09283
14	54	-2.09211
8	62	2.09203
4	14	2.09168
56	72	-2.09115
10	66	-2.09097
4	38	-2.09021
42	66	-2.09001
12	54	-2.08957
80	92	-2.08911
34	44	-2.08898
14	56	2.08808
20	46	-2.08789
76	80	-2.08631
66	90	2.08536
50	68	-2.08441
2	10	2.08399
0	44	-2.08381
56	80	-2.0837
14	58	-2.08291
6	98	-2.08256
6	54	-2.08236
58	72	2.08173
66	68	2.08047
20	60	-2.08011
2	16	2.08001
20	62	-2.07986
30	38	2.07908
8	46	2.07872
0	16	2.07807
64	80	2.07727
72	86	-2.07699
62	92	-2.07671
34	80	-2.07662
20	58	-2.07539
6	46	-2.07497
34	54	-2.07491
18	74	2.07446
38	64	2.07418
2	40	-2.07302
52	54	-2.07276
38	56	-2.07235
42	50	2.07226
0	52	2.0715
72	82	-2.07111
2	78	-2.07028
38	86	-2.0701
18	60	2.06997
62	76	-2.06985
14	82	2.0696
48	78	-2.06934
6	64	-2.06899
2	8	-2.06827
2	20	2.06785
30	46	2.06748
14	86	2.06746
80	90	2.06587
54	94	2.06577
30	68	2.06559
26	94	2.06443
46	66	2.06422
38	58	2.06404
22	32	2.06385
12	56	2.06382
12	62	-2.06305
10	18	-2.06245
18	42	-2.06185
0	12	2.06147
66	74	2.06058
64	78	2.0602
38	82	-2.06002
76	86	2.05971
80	94	2.05968
8	68	2.05964
24	46	-2.05931
34	96	-2.05867
30	40	2.05855
18	36	2.05825
0	14	2.05803
24	68	-2.05773
16	18	-2.05761
44	58	2.05749
52	86	2.05745
70	86	-2.05713
20	42	2.05693
4	6	2.05655
2	24	2.05595
12	86	2.05593
24	62	-2.05555
4	34	2.05455
94	96	2.05322
0	72	-2.05264
36	76	-2.05261
44	82	-2.05165
86	92	2.05165
12	82	2.05145
26	34	-2.05117
6	58	-2.05078
28	86	2.05067
40	48	-2.05029
68	76	-2.05024
36	50	-2.04954
48	80	-2.04942
16	30	-2.0488
54	70	2.04874
10	30	-2.04872
44	98	2.04868
20	86	2.04849
46	88	-2.04655
8	42	-2.04655
0	10	2.04622
46	98	2.04494
6	42	2.04452
50	60	-2.04443
0	38	-2.0443
24	36	-2.04341
58	84	-2.0433
50	62	-2.04306
6	96	-2.0421
28	46	-2.04174
28	54	-2.0413
44	56	-2.04117
20	54	-2.04107
44	90	2.04086
12	64	-2.04063
40	64	2.04062
86	88	2.03992
56	78	-2.03973
40	62	2.03793
58	78	2.03755
32	60	2.03726
44	48	-2.03722
54	90	2.03615
18	46	2.03455
54	98	2.03428
26	90	2.03359
24	42	2.03321
18	84	-2.03289
26	98	2.03277
18	68	2.03261
28	68	-2.03183
68	88	-2.03131
40	58	2.03109
42	98	-2.03054
44	64	2.03035
32	36	2.02983
22	94	2.02976
2	50	2.02915
32	44	2.02913
60	76	-2.02897
2	72	-2.02896
2	12	2.02854
28	96	-2.02854
24	60	-2.02851
96	98	2.02807
68	92	-2.02779
78	82	-2.02768
54	76	-2.02758
54	88	-2.02731
8	36	2.02715
26	92	-2.02707
44	94	2.02675
32	42	-2.02668
8	60	2.02658
22	50	-2.02656
70	96	2.02642
46	70	2.026
46	76	-2.02595
68	70	2.02587
68	98	2.02513
40	56	-2.02502
42	88	2.02492
12	58	-2.02463
36	92	-2.02446
30	84	-2.02445
2	38	-2.02351
90	96	2.02327
16	58	-2.02323
54	92	-2.02311
26	88	-2.02308
30	74	2.023
4	92	2.02257
2	14	2.02248
62	78	2.02228
32	80	2.02211
30	44	2.02203
22	34	-2.02196
4	76	2.02182
4	70	-2.02178
88	96	-2.02171
22	98	2.02054
28	42	2.02037
8	86	-2.02017
46	92	-2.02011
26	28	-2.01987
4	28	2.01954
16	48	2.01851
24	86	2.01842
2	52	2.01831
4	88	2.0179
40	82	-2.01789
26	76	-2.01765
18	80	2.01705
34	46	-2.01677
20	96	-2.01637
20	22	-2.01491
64	84	-2.01491
0	78	-2.01465
92	96	-2.01457
8	54	2.01455
30	80	2.01448
38	62	2.01444
56	84	2.01441
46	90	2.01439
32	68	2.01421
32	46	2.01412
46	94	2.01363
26	70	2.01333
58	74	2.01328
8	22	2.01315
28	60	-2.01301
0	74	-2.01299
36	70	2.01291
8	96	2.01265
48	84	2.01253
60	98	2.01249
22	90	2.01243
66	80	2.0124
76	96	-2.01237
0	40	-2.0123
64	74	2.01221
28	36	-2.01212
8	26	2.01208
10	58	-2.01194
14	62	-2.01171
42	94	-2.01159
26	50	-2.01152
4	20	2.01124
60	70	2.01094
22	88	-2.01088
34	42	2.01059
60	92	-2.01053
10	48	2.01044
60	88	-2.0102
36	88	-2.00985
16	56	2.00959
34	68	-2.00941
36	98	2.00886
48	74	-2.0088
42	70	-2.00841
34	60	-2.00839
42	76	2.00833
82	84	2.00831
4	8	-2.00831
24	54	-2.00825
22	24	-2.00781
16	64	-2.00778
6	22	-2.00778
42	90	-2.0074
24	26	-2.00739
22	92	-2.00719
62	72	2.00709
6	26	-2.00679
22	28	-2.00679
68	90	2.00674
42	92	2.0061
4	50	2.00541
36	90	2.00515
34	36	-2.00456
52	62	-2.00428
50	96	-2.00387
16	82	2.00353
60	94	2.00292
50	86	2.00261
10	64	-2.00255
68	94	2.00232
22	76	-2.0022
18	44	2.00216
10	56	2.00204
44	66	2.00167
4	24	2.00155
22	70	2.00122
20	26	-2.00114
60	90	2.00098
36	94	2.0009
24	96	-2.00074
74	82	-2.00073
56	74	-2.00044
50	54	-2.00014
10	82	2.00005
