1	25	11.992
35	55	11.9878
3	35	11.9856
3	55	11.9741
5	69	11.9631
49	91	11.9623
87	95	11.9598
73	93	11.9564
3	5	11.9391
81	89	11.939
7	93	11.9351
63	91	11.9348
23	55	-11.9332
39	97	11.9316
11	71	11.9311
27	83	11.925
23	69	-11.9111
47	77	11.9081
29	79	11.8991
11	19	11.8979
15	37	11.8954
13	51	11.8937
19	71	11.887
5	55	11.884
55	89	-11.8836
85	97	11.8788
7	73	11.8788
19	45	11.8785
25	37	11.8784
3	23	-11.8749
5	23	-11.8725
5	35	11.872
27	37	11.8698
1	15	11.8698
39	67	11.869
23	35	-11.8677
49	63	11.8674
15	25	11.8601
21	97	11.8519
3	69	11.8485
63	75	11.8462
11	41	11.8461
35	89	-11.845
9	33	11.8364
1	37	11.8334
23	41	-11.8297
23	89	11.8277
55	69	11.8263
7	49	11.8117
69	71	11.7954
35	81	-11.7907
45	47	11.7868
55	81	-11.7857
17	21	11.7782
11	23	-11.7758
35	69	11.7738
11	69	11.7735
53	83	11.7729
39	85	11.7688
3	89	-11.7591
57	81	-11.7374
33	67	11.7347
33	95	11.7332
51	83	11.7298
49	75	11.7129
25	27	11.71
27	51	11.7072
41	89	-11.6997
59	65	11.6994
49	93	11.6891
75	91	11.6833
67	97	11.6826
3	81	-11.6732
53	61	11.6717
43	47	11.6666
37	83	11.6647
21	39	11.6497
23	71	-11.6492
13	17	11.6463
43	77	11.6425
7	91	11.63
23	81	11.6151
41	55	11.615
25	83	11.6144
1	27	11.6136
41	69	11.6126
73	79	11.6072
21	85	11.6058
5	71	11.6003
39	95	11.6001
41	71	11.5965
19	41	11.5965
45	71	11.596
63	65	11.5756
5	11	11.5746
35	57	11.5718
11	45	11.569
5	89	-11.5676
15	27	11.5526
69	89	-11.5381
19	47	11.5318
31	81	11.5273
43	71	11.5134
33	39	11.5073
1	83	11.5068
33	87	11.5065
5	29	11.4957
51	61	11.4953
67	95	11.4921
29	73	11.4902
57	89	-11.4875
11	55	11.4858
35	41	11.4787
61	83	11.4766
27	53	11.474
49	73	11.469
19	69	11.4647
55	57	11.462
39	87	11.462
5	41	11.457
3	57	11.4569
91	93	11.4527
3	41	11.4526
9	95	11.4463
45	77	11.4427
29	69	11.4329
21	67	11.4286
75	93	11.4028
3	11	11.4025
7	63	11.4018
19	23	-11.3976
41	81	-11.3948
5	81	-11.3918
65	91	11.3846
31	57	-11.3795
19	43	11.371
47	99	11.3666
77	99	11.3587
55	71	11.3556
11	89	-11.3526
17	97	11.3465
7	75	11.3442
11	35	11.344
43	45	11.3423
13	27	11.3408
85	87	11.3383
3	71	11.3372
67	85	11.3305
85	95	11.3282
79	93	11.3278
13	83	11.3243
47	71	11.319
95	97	11.3065
25	53	11.298
51	53	11.2954
61	85	11.2911
69	81	-11.2876
63	93	11.2858
59	91	11.2834
15	83	11.277
13	21	11.2726
37	51	11.2657
31	89	11.2612
59	63	11.2569
67	87	11.247
13	61	11.2414
35	71	11.2279
9	67	11.2227
29	93	11.2176
3	29	11.2149
9	87	11.2148
17	51	11.2107
7	79	11.2015
87	97	11.2006
1	53	11.1994
29	71	11.1939
29	43	11.1921
65	75	11.1905
73	91	11.1856
5	19	11.1833
41	45	11.1625
57	75	11.1589
11	43	11.1559
17	85	11.1262
33	97	11.1205
37	53	11.1157
19	77	11.1142
45	99	11.114
27	61	11.1132
49	65	11.1043
11	47	11.0964
5	57	11.0926
5	73	11.0909
23	57	-11.0846
73	75	11.0841
71	89	-11.0822
5	79	11.0749
13	85	11.0378
43	69	11.034
3	73	11.0291
29	35	11.0267
3	93	11
29	55	10.9998
19	55	10.9967
23	29	-10.9956
49	59	10.981
5	93	10.9809
7	29	10.9698
17	39	10.9662
11	81	-10.964
25	51	10.9588
63	73	10.9582
69	79	10.958
13	97	10.9402
45	69	10.9369
71	77	10.9356
3	19	10.9126
35	93	10.8956
35	73	10.8935
9	39	10.877
11	29	10.8658
33	85	10.8643
51	85	10.8522
43	79	10.8512
13	37	10.8436
21	51	10.842
19	89	-10.8389
31	35	-10.8379
57	69	10.8358
23	45	-10.8297
69	73	10.8285
19	35	10.8239
31	55	-10.8136
1	51	10.8076
5	43	10.8009
13	53	10.7994
61	97	10.7952
3	79	10.7938
57	93	10.7925
55	73	10.7571
55	93	10.7392
15	51	10.7247
15	53	10.7197
71	81	-10.6833
69	93	10.6823
21	95	10.6801
71	79	10.6702
17	67	10.6604
19	29	10.6528
59	75	10.6337
3	31	-10.632
11	77	10.628
23	43	-10.6188
21	33	10.6048
21	61	10.6045
51	97	10.6036
57	73	10.6033
41	57	10.5976
5	45	10.5952
35	79	10.5944
3	7	10.5645
5	7	10.5629
23	31	10.5569
47	69	10.5489
21	87	10.5438
55	79	10.5328
17	61	10.5229
23	73	-10.5037
37	61	10.5005
57	63	10.4985
35	75	10.4908
41	43	10.4908
19	99	10.4883
9	31	10.4877
25	61	10.4865
39	61	10.4826
41	47	10.4768
23	79	-10.4695
31	41	-10.4634
13	39	10.4633
3	75	10.4619
49	57	10.4521
7	35	10.4512
13	25	10.439
43	99	10.4314
23	93	-10.43
49	79	10.4289
29	89	-10.4138
7	57	10.4004
29	41	10.3943
9	97	10.3924
19	81	-10.3812
45	55	10.3537
3	43	10.3513
17	27	10.3392
75	81	-10.3379
1	61	10.3374
53	85	10.3174
17	83	10.3133
7	65	10.3094
11	79	10.3012
7	59	10.295
7	55	10.2914
55	75	10.2914
81	93	-10.2902
1	13	10.2844
43	55	10.2782
13	15	10.2758
23	47	-10.2733
29	47	10.2711
3	45	10.2665
7	69	10.2662
57	91	10.2626
83	85	10.2444
29	45	10.2323
29	81	-10.2319
5	31	-10.2232
61	87	10.2219
89	93	-10.2186
3	49	10.2148
29	49	10.2142
71	73	10.2103
5	47	10.2089
11	57	10.2065
73	81	-10.2062
45	89	-10.2038
73	89	-10.188
5	75	10.1727
35	45	10.1643
35	43	10.1633
35	49	10.163
9	85	10.161
29	57	10.1407
69	77	10.1375
39	51	10.1287
19	79	10.1113
29	77	10.1032
65	93	10.0987
31	69	-10.0916
5	49	10.0844
79	91	10.0699
75	89	-10.0513
61	95	10.0511
11	73	10.0177
57	71	10.0103
7	23	-9.99803
9	57	-9.99679
21	83	9.9943
71	99	9.99348
49	55	9.98723
71	93	9.98701
59	93	9.96948
41	77	9.95717
13	67	9.94892
15	61	9.93825
65	87	-9.93272
27	85	9.92758
79	89	-9.92402
35	63	9.92097
3	91	9.92093
3	63	9.91821
75	79	9.918
35	91	9.88776
57	79	9.87221
21	27	9.87019
29	75	9.87019
83	97	9.86778
11	99	9.86654
47	79	9.86552
43	89	-9.86413
43	73	9.86368
11	93	9.85723
31	75	-9.85651
61	67	9.85457
7	81	-9.84631
29	91	9.84426
23	75	-9.8365
17	37	9.83449
97	99	-9.82966
53	97	9.82631
41	79	9.826
9	21	9.82282
11	31	-9.81629
5	77	9.81553
17	95	9.81485
69	75	9.8146
47	55	9.81273
17	53	9.80812
79	81	-9.80747
85	99	-9.80592
23	77	-9.80554
39	99	-9.80193
41	73	9.79711
3	47	9.79256
7	89	-9.77751
5	91	9.76671
77	79	9.76489
49	69	9.76472
63	79	9.76227
49	81	-9.75683
45	79	9.7558
61	77	-9.75332
55	63	9.73946
21	53	9.73561
41	93	9.73397
17	87	9.72603
45	81	-9.72365
55	91	9.71977
65	73	9.71821
43	53	-9.71477
13	45	-9.71385
63	81	-9.7133
21	99	-9.71219
47	61	-9.70133
31	33	9.7013
17	33	9.69491
5	63	9.69244
57	65	9.67705
13	19	-9.67574
19	51	-9.67037
65	95	-9.66039
59	73	9.65889
19	73	9.65753
35	47	9.64842
43	61	-9.64607
45	51	-9.64579
23	49	-9.64301
67	99	-9.6405
7	71	9.63656
27	97	9.62911
51	71	-9.62648
27	71	-9.61842
75	87	-9.61552
49	89	-9.61372
9	75	-9.61182
29	63	9.60069
43	83	-9.6005
71	83	-9.59464
47	51	-9.59073
5	37	-9.58989
37	69	-9.58663
19	57	9.58654
11	51	-9.58312
27	69	-9.58169
17	45	-9.57756
51	67	9.57577
81	91	-9.56279
1	29	-9.55884
47	89	-9.55352
25	29	-9.5495
11	13	-9.54628
13	47	-9.53968
47	85	-9.53895
5	15	-9.538
77	85	-9.52935
95	99	-9.52369
39	53	9.51878
5	27	-9.51775
43	93	9.5177
3	37	-9.51609
11	27	-9.51575
13	71	-9.51282
7	11	9.51007
5	25	-9.50616
3	15	-9.50369
75	95	-9.50226
63	89	-9.4985
53	77	-9.49625
87	99	-9.49016
31	71	-9.4893
1	5	-9.48312
43	81	-9.48202
37	71	-9.47959
63	87	-9.47876
15	69	-9.4784
69	83	-9.47689
13	87	9.47241
25	69	-9.47096
23	37	9.46924
19	27	-9.46856
69	91	9.46462
37	55	-9.46287
13	95	9.46284
19	93	9.4595
35	37	-9.45913
17	99	-9.45868
39	83	9.45785
17	25	9.45678
15	35	-9.4512
23	27	9.45118
47	83	-9.45024
21	45	-9.45014
19	83	-9.44461
27	43	-9.44355
9	81	9.43531
11	83	-9.43391
1	69	-9.4324
51	77	-9.42741
15	55	-9.41967
43	51	-9.41855
47	53	-9.41711
89	91	-9.41659
45	61	-9.41644
17	19	-9.40758
33	61	9.40544
77	83	-9.4044
23	91	-9.39367
5	83	-9.39084
3	77	9.38817
31	93	-9.38683
1	79	-9.38641
3	25	-9.38629
3	27	-9.3831
11	37	-9.3828
7	41	9.38196
55	77	9.38138
13	41	-9.37375
29	53	-9.3735
63	69	9.37226
45	85	-9.37087
1	3	-9.37031
51	69	-9.36827
41	99	9.36654
23	63	-9.36272
33	99	-9.35754
47	97	-9.35658
13	99	-9.35638
25	79	-9.35543
29	83	-9.35462
27	55	-9.35385
53	71	-9.35254
15	17	9.35112
15	23	9.35074
27	47	-9.34648
15	29	-9.34502
29	37	-9.34433
1	17	9.34149
25	43	-9.33948
41	51	-9.33947
25	71	-9.3375
1	73	-9.33658
63	95	-9.33471
45	83	-9.33005
51	87	9.32829
21	47	-9.32086
33	57	-9.31877
19	61	-9.31445
27	45	-9.3143
13	77	-9.3139
27	35	-9.31377
21	37	9.31303
45	97	-9.30795
27	29	-9.30332
61	71	-9.29735
25	35	-9.29733
1	43	-9.29636
23	51	9.29297
33	75	-9.29236
23	83	9.28496
31	95	9.28417
77	97	-9.28124
15	71	-9.28094
1	35	-9.28073
17	47	-9.28019
31	73	-9.27926
25	55	-9.27878
17	59	-9.27875
25	73	-9.27798
1	71	-9.27437
37	43	-9.27388
51	95	9.27183
27	41	-9.27087
37	85	9.27042
19	31	-9.27002
41	75	9.26685
19	37	-9.26502
7	43	9.2603
23	25	9.25849
27	77	-9.25781
61	99	-9.25669
1	93	-9.2532
1	55	-9.25296
53	87	9.24348
35	77	9.23916
31	63	-9.23529
29	31	-9.2268
51	99	-9.22356
37	89	9.22264
45	73	9.21616
15	73	-9.21591
1	23	9.21401
5	51	-9.21231
9	63	-9.21023
57	95	-9.20575
57	59	9.20466
27	39	9.20328
3	83	-9.19971
11	17	-9.19886
15	93	-9.19735
13	43	-9.19693
53	79	-9.19676
13	69	-9.19623
7	19	9.19401
13	23	9.19099
37	41	-9.18814
25	93	-9.18784
57	87	-9.18338
19	53	-9.17877
39	47	-9.1699
11	15	-9.16933
53	69	-9.16654
11	25	-9.1603
31	87	9.15961
69	99	9.15512
55	83	-9.15509
15	89	9.15441
15	57	-9.15418
19	21	-9.15305
41	49	9.15166
39	77	-9.14822
21	77	-9.13981
15	43	-9.13934
25	85	9.13647
13	33	9.13353
87	91	-9.13178
27	89	9.13141
37	47	-9.12381
37	81	9.12304
47	81	-9.12252
45	53	-9.11959
59	87	-9.11938
15	81	9.11864
41	83	-9.11582
77	89	-9.11342
17	41	-9.11154
49	71	9.11149
15	79	-9.10898
35	83	-9.10893
11	53	-9.10681
11	49	9.10409
53	95	9.10277
11	61	-9.10207
21	25	9.09936
17	71	-9.09313
1	11	-9.09249
31	49	-9.08574
51	55	-9.07968
79	83	-9.07894
11	75	9.07669
5	53	-9.07647
9	65	-9.07635
37	77	-9.07544
53	67	9.07403
37	45	-9.07294
33	63	-9.07157
41	59	9.06629
1	7	-9.06398
39	45	-9.06244
37	79	-9.06183
33	65	-9.05858
21	59	-9.05828
65	81	-9.05566
19	25	-9.04977
3	51	-9.04961
37	73	-9.04866
47	73	9.04689
19	85	-9.04382
7	31	-9.04214
37	97	9.04018
25	77	-9.03467
91	95	-9.03414
77	87	-9.03137
15	19	-9.02662
71	75	9.02491
31	79	-9.01915
43	85	-9.01773
5	13	-9.01698
65	85	-9.01678
9	89	9.01411
45	93	9.01374
17	77	-9.01273
1	85	9.0115
25	47	-9.01051
41	91	9.00988
37	57	-9.00794
1	21	9.00285
39	65	-9.0024
27	79	-8.9987
23	99	-8.99763
9	49	-8.99738
15	41	-8.99349
35	51	-8.99238
37	93	-8.9914
7	25	-8.99045
67	83	8.99022
35	65	8.98672
1	77	-8.98665
49	87	-8.986
31	91	-8.98082
43	57	8.97713
9	17	8.9752
1	19	-8.97505
59	89	-8.97464
59	81	-8.97448
9	91	-8.97368
45	57	8.97115
15	77	-8.97017
7	15	-8.97004
31	65	-8.9676
27	81	8.96441
25	89	8.96344
29	99	8.96088
41	63	8.95701
19	97	-8.95675
15	47	-8.95275
51	89	8.95238
9	99	-8.95113
1	47	-8.94713
13	55	-8.94568
77	95	-8.93906
35	59	8.93862
3	65	8.93582
29	51	-8.93304
1	89	8.92989
83	87	8.92829
59	95	-8.92228
49	95	-8.9207
61	69	-8.91764
33	91	-8.90931
11	91	8.9084
83	89	8.90624
25	97	8.90569
3	59	8.90407
65	97	-8.90328
25	41	-8.90163
23	53	8.90145
13	89	8.8986
55	59	8.89631
29	61	-8.8928
9	93	-8.89193
33	49	-8.88834
9	35	-8.88709
65	67	-8.88255
33	51	8.88247
25	81	8.88159
3	13	-8.87981
7	9	-8.87805
15	75	-8.87784
65	89	-8.87563
1	57	-8.87293
71	91	8.8724
15	21	8.87195
9	61	8.87071
67	91	-8.86965
83	99	-8.86857
55	65	8.86821
47	87	-8.86422
1	81	8.86305
27	99	-8.86143
47	67	-8.86019
5	99	8.85963
7	45	8.85943
63	67	-8.85776
25	45	-8.85666
25	57	-8.85471
11	21	-8.85422
13	35	-8.84308
67	77	-8.84196
15	45	-8.84125
73	77	8.8401
1	41	-8.83939
27	73	-8.83688
83	95	8.83554
3	53	-8.83457
31	67	8.83158
21	71	-8.82801
23	59	-8.82796
67	75	-8.82539
49	67	-8.82376
59	97	-8.81973
21	65	-8.81834
79	99	8.81431
1	97	8.80857
47	95	-8.80688
17	65	-8.79796
19	49	8.79322
11	63	8.79203
71	85	-8.79166
47	93	8.79056
73	83	-8.78423
15	49	-8.78418
9	73	-8.7836
27	67	8.78344
9	55	-8.78303
7	67	-8.78222
1	45	-8.78209
45	67	-8.78142
15	85	8.77701
43	97	-8.77674
39	59	-8.7762
17	23	8.77484
1	49	-8.7732
33	81	8.77181
53	55	-8.76701
7	33	-8.76472
5	61	-8.76032
17	43	-8.75993
7	37	-8.75935
11	59	8.75923
5	59	8.75611
3	9	-8.75555
31	45	-8.75385
45	59	8.75175
59	85	-8.75061
21	43	-8.74909
77	81	-8.74511
37	99	-8.74221
53	99	-8.74169
39	63	-8.73981
27	93	-8.7398
41	53	-8.73766
31	59	-8.73409
17	69	-8.73393
63	71	8.73356
27	57	-8.72757
35	53	-8.72706
33	53	8.7245
59	67	-8.72447
81	83	8.72386
51	81	8.72218
41	61	-8.72162
19	59	8.7209
1	75	-8.71643
23	61	8.71642
11	85	-8.71295
5	65	8.70774
53	73	-8.7021
59	79	8.69723
25	49	-8.69605
19	39	-8.693
21	91	-8.69101
39	75	-8.68765
17	91	-8.68558
37	39	8.68495
39	91	-8.68265
21	41	-8.6766
61	79	-8.67561
15	99	-8.67533
59	99	8.67446
33	93	-8.67235
13	29	-8.66838
61	65	-8.66655
59	69	8.66481
71	97	-8.65988
65	79	8.65945
13	81	8.65611
83	93	-8.65243
19	75	8.65136
25	75	-8.64986
19	91	8.64468
31	43	-8.64108
7	47	8.63772
27	87	8.63104
51	79	-8.62997
11	97	-8.62935
15	91	-8.62802
43	49	8.62732
23	65	-8.62637
15	63	-8.6251
55	99	8.62144
25	39	8.61678
15	97	8.6155
13	59	-8.61507
39	43	-8.6086
1	91	-8.60079
33	77	-8.59715
37	75	-8.59456
33	73	-8.59211
81	95	8.59128
21	49	-8.59067
39	49	-8.58928
41	65	8.58512
63	97	-8.58246
77	93	8.58238
21	63	-8.58129
3	99	8.57979
9	79	-8.57671
17	49	-8.57615
67	93	-8.57122
91	97	-8.56937
5	17	-8.5681
27	95	8.56706
7	95	-8.56053
67	73	-8.55668
17	89	8.55519
57	67	-8.55517
45	87	-8.5551
47	57	8.55379
29	59	8.55162
81	87	8.54835
31	39	8.54803
9	13	8.54518
7	87	-8.54489
1	39	8.54462
45	95	-8.54444
33	59	-8.54338
1	63	-8.53772
37	49	-8.53376
7	27	-8.53342
3	61	-8.53305
29	65	8.53298
17	63	-8.53219
17	55	-8.53137
53	93	-8.52907
7	21	-8.52881
15	31	8.52729
25	91	-8.52689
45	49	8.5255
59	71	8.52433
67	79	-8.52329
53	89	8.52294
25	99	-8.52192
89	99	-8.51947
33	47	-8.51689
55	61	-8.51494
65	69	8.51317
63	85	-8.51113
7	17	-8.50692
33	83	8.50328
93	95	-8.50214
35	99	8.50103
87	93	-8.49972
31	37	8.49652
19	63	8.49367
57	83	-8.49288
9	23	8.48757
1	99	-8.47836
5	9	-8.47345
7	83	-8.47178
49	97	-8.46815
25	63	-8.46796
75	97	-8.46259
3	17	-8.46148
33	79	-8.45514
7	39	-8.45191
33	89	8.45101
35	61	-8.45055
9	59	-8.4502
7	77	8.44735
45	91	8.44512
75	85	-8.44173
41	85	-8.43924
59	61	-8.43865
43	75	8.4384
17	35	-8.43827
19	67	-8.43702
25	67	8.43351
21	69	-8.42684
39	71	-8.42361
43	87	-8.4173
41	97	-8.41282
9	53	8.41278
13	79	-8.41145
51	73	-8.41087
43	67	-8.40832
37	67	8.40617
1	67	8.40593
43	91	8.40554
85	91	-8.40365
21	23	8.40157
65	99	8.40048
7	53	-8.39963
33	35	-8.38831
37	91	-8.38739
11	39	-8.38675
9	51	8.38258
39	57	-8.38154
51	57	-8.37732
9	29	-8.37714
47	59	8.37251
53	81	8.37085
37	63	-8.36712
17	29	-8.36447
7	97	-8.3566
69	85	-8.35546
33	45	-8.35347
15	39	8.35241
27	31	8.35103
61	89	8.34877
43	95	-8.34788
17	73	-8.34647
31	47	-8.34558
73	99	8.34424
73	95	-8.34356
21	79	-8.34059
17	81	8.33906
17	93	-8.33738
25	31	8.33567
21	75	-8.33534
21	73	-8.3342
1	31	8.33362
13	65	-8.32977
51	59	-8.32608
11	65	8.32514
7	99	8.3225
21	93	-8.32189
51	93	-8.32014
9	69	-8.31704
9	41	-8.31631
73	87	-8.31585
89	95	8.3145
27	33	8.31163
33	55	-8.31066
17	79	-8.30838
57	77	8.30751
3	33	-8.30684
9	77	-8.30573
21	29	-8.30182
27	75	-8.30181
45	75	8.30009
35	95	-8.29477
27	49	-8.29261
49	85	-8.28849
53	65	-8.28658
35	87	-8.28585
5	21	-8.28475
39	93	-8.28467
87	89	8.28421
91	99	8.28181
23	85	8.28114
29	67	-8.28054
45	63	8.27807
31	97	8.27674
13	57	-8.27471
13	73	-8.27284
59	77	8.27156
43	63	8.26886
19	87	-8.26291
69	97	-8.25941
81	99	-8.25853
47	49	8.25821
37	87	8.25429
39	73	-8.25307
61	73	-8.24846
19	95	-8.24784
39	79	-8.24439
79	97	-8.23345
29	85	-8.23262
49	99	8.23147
17	75	-8.2293
29	33	-8.22904
93	99	8.22504
55	95	-8.22483
3	95	-8.22368
25	87	8.22352
67	71	-8.22088
3	87	-8.22029
5	85	-8.21531
55	87	-8.2151
23	97	8.21504
19	65	8.21438
37	95	8.21349
31	85	8.21288
13	93	-8.21227
39	41	-8.21114
49	83	-8.20818
9	47	-8.20708
15	67	8.20649
45	65	8.20566
7	51	-8.20497
21	55	-8.20406
31	51	8.19982
13	31	8.19896
29	97	-8.19882
67	81	8.19562
53	57	-8.19542
65	71	8.19526
31	83	8.19523
93	97	-8.19453
21	89	8.19422
33	43	-8.19216
65	77	8.19124
11	67	-8.1894
25	95	8.1885
31	77	-8.18847
73	97	-8.18822
63	99	8.18792
61	81	8.18554
75	83	-8.18203
51	65	-8.1805
7	13	-8.17898
9	83	8.17848
27	91	-8.17663
3	21	-8.1717
47	91	8.17143
1	87	8.16959
57	85	-8.16681
57	97	-8.16493
79	85	-8.1626
53	59	-8.15735
15	65	-8.15483
13	91	-8.15391
1	95	8.14369
27	63	-8.14332
21	35	-8.14275
5	33	-8.14214
29	39	-8.14206
61	93	-8.14066
25	33	8.14057
5	97	-8.13885
1	33	8.13481
31	53	8.13221
7	85	-8.1312
49	53	-8.13026
71	87	-8.1297
23	33	8.12935
13	49	-8.12576
55	85	-8.1257
61	63	-8.12289
49	77	8.11192
47	65	8.11145
19	33	-8.10923
3	85	-8.10678
71	95	-8.10596
83	91	-8.10553
47	75	8.10546
39	69	-8.10286
1	65	-8.10083
43	59	8.09975
39	81	8.09959
79	95	-8.09608
9	11	-8.0945
85	89	8.09313
61	75	-8.09224
21	31	8.09197
13	63	-8.0893
33	37	8.08615
11	87	-8.08598
17	31	8.08598
5	87	-8.08525
9	45	-8.08519
23	95	8.08501
35	85	-8.08437
15	59	-8.08117
5	95	-8.08094
23	87	8.08027
53	75	-8.07876
41	67	-8.07858
11	95	-8.07714
15	87	8.07598
9	43	-8.07473
55	97	-8.07421
23	39	8.07358
63	83	-8.07311
25	65	-8.07048
65	83	-8.07006
49	51	-8.06966
89	97	8.06922
21	81	8.06834
1	9	8.0675
7	61	-8.06727
47	63	8.0651
9	27	8.06378
59	83	-8.06315
75	99	8.06036
27	59	-8.05936
53	91	-8.05898
33	41	-8.05873
67	89	8.05728
33	69	-8.0571
17	57	-8.05463
3	97	-8.05369
9	25	8.05297
1	59	-8.05243
15	95	8.05114
57	61	-8.05027
77	91	8.05004
53	63	-8.0483
85	93	-8.04723
81	85	8.04676
35	67	-8.04674
51	91	-8.04491
61	91	-8.04354
69	87	-8.04214
9	71	-8.04164
41	95	-8.04059
73	85	-8.03962
35	97	-8.03879
81	97	8.03704
79	87	-8.03639
57	99	8.03548
51	75	-8.03522
39	89	8.03467
69	95	-8.03383
37	59	-8.03307
9	15	8.03305
5	39	-8.03199
3	67	-8.03183
75	77	8.03177
41	87	-8.03012
25	59	-8.02975
37	65	-8.02964
67	69	-8.02934
5	67	-8.0213
55	67	-8.01982
29	95	-8.01876
21	57	-8.01754
15	33	8.01579
33	71	-8.01542
13	75	-8.01461
39	55	-8.01231
11	33	-8.01159
31	61	8.01148
51	63	-8.0111
31	99	-8.01062
49	61	-8.00954
35	39	-8.00915
9	19	-8.00848
27	65	-8.00844
23	67	8.00399
63	77	8.0035
3	39	-8.00307
29	87	-8.00176
43	65	8.00107
9	37	8.00032
88	89	6
48	49	6
28	29	6
70	71	6
56	57	6
90	91	6
50	51	6
30	31	6
92	93	6
52	53	6
54	55	6
94	95	6
96	97	6
20	21	6
86	87	6
44	45	6
18	19	6
68	69	6
16	17	6
38	39	6
72	73	6
66	67	6
34	35	6
74	75	6
40	41	6
22	23	6
64	65	6
76	77	6
42	43	6
62	63	6
78	79	6
32	33	6
26	27	6
80	81	6
24	25	6
46	47	6
82	83	6
84	85	6
14	15	6
60	61	6
58	59	6
36	37	6
0	1	6
98	99	6
6	7	6
12	13	6
8	9	6
4	5	6
2	3	6
10	11	6
1	24	5.99598
0	25	5.99598
35	54	5.99388
34	55	5.99388
3	34	5.99281
2	35	5.99281
3	54	5.98706
2	55	5.98706
4	69	5.98155
5	68	5.98155
49	90	5.98117
48	91	5.98117
86	95	5.97991
87	94	5.97991
73	92	5.97819
72	93	5.97819
3	4	5.96955
2	5	5.96955
80	89	5.96949
81	88	5.96949
7	92	5.96753
6	93	5.96753
63	90	5.9674
62	91	5.9674
22	55	-5.96659
23	54	-5.96659
38	97	5.96582
39	96	5.96582
10	71	5.96555
11	70	5.96555
27	82	5.9625
26	83	5.9625
22	69	-5.95554
23	68	-5.95554
46	77	5.95406
47	76	5.95406
29	78	5.94957
28	79	5.94957
10	19	5.94893
11	18	5.94893
14	37	5.94772
15	36	5.94772
12	51	5.94686
13	50	5.94686
19	70	5.94349
18	71	5.94349
4	55	5.942
5	54	5.942
54	89	-5.94182
55	88	-5.94182
84	97	5.93942
85	96	5.93942
7	72	5.93941
6	73	5.93941
19	44	5.93924
18	45	5.93924
25	36	5.93921
24	37	5.93921
3	22	-5.93746
2	23	-5.93746
4	23	-5.93625
5	22	-5.93625
5	34	5.93598
4	35	5.93598
26	37	5.93491
27	36	5.93491
0	15	5.93488
1	14	5.93488
39	66	5.93449
38	67	5.93449
22	35	-5.93385
23	34	-5.93385
49	62	5.93371
48	63	5.93371
14	25	5.93007
15	24	5.93007
21	96	5.92593
20	97	5.92593
2	69	5.92425
3	68	5.92425
62	75	5.92308
63	74	5.92308
11	40	5.92305
10	41	5.92305
35	88	-5.92248
34	89	-5.92248
9	32	5.91818
8	33	5.91818
1	36	5.91671
0	37	5.91671
22	41	-5.91487
23	40	-5.91487
22	89	5.91387
23	88	5.91387
55	68	5.91315
54	69	5.91315
7	48	5.90584
6	49	5.90584
69	70	5.89769
68	71	5.89769
34	81	-5.89535
35	80	-5.89535
45	46	5.89342
44	47	5.89342
54	81	-5.89285
55	80	-5.89285
16	21	5.88911
17	20	5.88911
11	22	-5.88788
10	23	-5.88788
35	68	5.88691
34	69	5.88691
10	69	5.88674
11	68	5.88674
53	82	5.88647
52	83	5.88647
39	84	5.88442
38	85	5.88442
3	88	-5.87956
2	89	-5.87956
57	80	-5.86869
56	81	-5.86869
32	67	5.86735
33	66	5.86735
33	94	5.8666
32	95	5.8666
51	82	5.8649
50	83	5.8649
48	75	5.85647
49	74	5.85647
25	26	5.855
24	27	5.855
26	51	5.85362
27	50	5.85362
40	89	-5.84983
41	88	-5.84983
59	64	5.84968
58	65	5.84968
48	93	5.84455
49	92	5.84455
74	91	5.84164
75	90	5.84164
66	97	5.84131
67	96	5.84131
2	81	-5.83661
3	80	-5.83661
53	60	5.83585
52	61	5.83585
42	47	5.83332
43	46	5.83332
36	83	5.83233
37	82	5.83233
20	39	5.82485
21	38	5.82485
22	71	-5.82459
23	70	-5.82459
13	16	5.82317
12	17	5.82317
42	77	5.82123
43	76	5.82123
6	91	5.81501
7	90	5.81501
22	81	5.80754
23	80	5.80754
40	55	5.80751
41	54	5.80751
24	83	5.80718
25	82	5.80718
1	26	5.8068
0	27	5.8068
40	69	5.8063
41	68	5.8063
72	79	5.80362
73	78	5.80362
21	84	5.80289
20	85	5.80289
4	71	5.80017
5	70	5.80017
38	95	5.80004
39	94	5.80004
41	70	5.79827
40	71	5.79827
19	40	5.79823
18	41	5.79823
45	70	5.79799
44	71	5.79799
62	65	5.78781
63	64	5.78781
4	11	5.78732
5	10	5.78732
35	56	5.78592
34	57	5.78592
10	45	5.78449
11	44	5.78449
5	88	-5.78381
4	89	-5.78381
15	26	5.77632
14	27	5.77632
69	88	-5.76906
68	89	-5.76906
19	46	5.76589
18	47	5.76589
31	80	5.76367
30	81	5.76367
42	71	5.75669
43	70	5.75669
32	39	5.75366
33	38	5.75366
1	82	5.75338
0	83	5.75338
32	87	5.75324
33	86	5.75324
4	29	5.74785
5	28	5.74785
50	61	5.74764
51	60	5.74764
66	95	5.74607
67	94	5.74607
28	73	5.7451
29	72	5.7451
56	89	-5.74374
57	88	-5.74374
11	54	5.7429
10	55	5.7429
34	41	5.73936
35	40	5.73936
60	83	5.73831
61	82	5.73831
27	52	5.73699
26	53	5.73699
49	72	5.73452
48	73	5.73452
18	69	5.73233
19	68	5.73233
55	56	5.73102
54	57	5.73102
39	86	5.731
38	87	5.731
5	40	5.72848
4	41	5.72848
2	57	5.72844
3	56	5.72844
90	93	5.72633
91	92	5.72633
2	41	5.72632
3	40	5.72632
8	95	5.72314
9	94	5.72314
45	76	5.72137
44	77	5.72137
28	69	5.71644
29	68	5.71644
21	66	5.71429
20	67	5.71429
75	92	5.70141
74	93	5.70141
3	10	5.70123
2	11	5.70123
6	63	5.70091
7	62	5.70091
19	22	-5.69882
18	23	-5.69882
40	81	-5.69741
41	80	-5.69741
4	81	-5.69589
5	80	-5.69589
65	90	5.6923
64	91	5.6923
30	57	-5.68976
31	56	-5.68976
18	43	5.68548
19	42	5.68548
46	99	5.68329
47	98	5.68329
76	99	5.67933
77	98	5.67933
54	71	5.67779
55	70	5.67779
10	89	-5.6763
11	88	-5.6763
16	97	5.67325
17	96	5.67325
6	75	5.6721
7	74	5.6721
11	34	5.672
10	35	5.672
43	44	5.67117
42	45	5.67117
12	27	5.6704
13	26	5.6704
85	86	5.66914
84	87	5.66914
3	70	5.66862
2	71	5.66862
67	84	5.66524
66	85	5.66524
84	95	5.66411
85	94	5.66411
79	92	5.66388
78	93	5.66388
13	82	5.66215
12	83	5.66215
47	70	5.6595
46	71	5.6595
95	96	5.65324
94	97	5.65324
25	52	5.64898
24	53	5.64898
50	53	5.6477
51	52	5.6477
61	84	5.64555
60	85	5.64555
69	80	-5.64378
68	81	-5.64378
62	93	5.64292
63	92	5.64292
58	91	5.64169
59	90	5.64169
15	82	5.63849
14	83	5.63849
13	20	5.6363
12	21	5.6363
36	51	5.63283
37	50	5.63283
31	88	5.63061
30	89	5.63061
58	63	5.62843
59	62	5.62843
67	86	5.62348
66	87	5.62348
12	61	5.6207
13	60	5.6207
34	71	5.61395
35	70	5.61395
8	67	5.61137
9	66	5.61137
29	92	5.60878
28	93	5.60878
3	28	5.60743
2	29	5.60743
9	86	5.60741
8	87	5.60741
17	50	5.60534
16	51	5.60534
7	78	5.60077
6	79	5.60077
86	97	5.60032
87	96	5.60032
0	53	5.59972
1	52	5.59972
28	71	5.59694
29	70	5.59694
28	43	5.59603
29	42	5.59603
65	74	5.59525
64	75	5.59525
73	90	5.59279
72	91	5.59279
5	18	5.59163
4	19	5.59163
40	45	5.58126
41	44	5.58126
56	75	5.57947
57	74	5.57947
11	42	5.57795
10	43	5.57795
16	85	5.56311
17	84	5.56311
33	96	5.56023
32	97	5.56023
37	52	5.55787
36	53	5.55787
18	77	5.55708
19	76	5.55708
45	98	5.55702
44	99	5.55702
26	61	5.55662
27	60	5.55662
49	64	5.55215
48	65	5.55215
10	47	5.54822
11	46	5.54822
5	56	5.54631
4	57	5.54631
5	72	5.54543
4	73	5.54543
22	57	-5.54231
23	56	-5.54231
73	74	5.54203
72	75	5.54203
70	89	-5.5411
71	88	-5.5411
4	79	5.53746
5	78	5.53746
13	84	5.51888
12	85	5.51888
42	69	5.517
43	68	5.517
3	72	5.51453
2	73	5.51453
28	35	5.51337
29	34	5.51337
3	92	5.50001
2	93	5.50001
29	54	5.49991
28	55	5.49991
19	54	5.49837
18	55	5.49837
22	29	-5.49778
23	28	-5.49778
48	59	5.49052
49	58	5.49052
5	92	5.49044
4	93	5.49044
7	28	5.48488
6	29	5.48488
17	38	5.48308
16	39	5.48308
10	81	-5.48199
11	80	-5.48199
25	50	5.47939
24	51	5.47939
62	73	5.47912
63	72	5.47912
68	79	5.479
69	78	5.479
13	96	5.47009
12	97	5.47009
45	68	5.46847
44	69	5.46847
71	76	5.46778
70	77	5.46778
2	19	5.45631
3	18	5.45631
34	93	5.44782
35	92	5.44782
35	72	5.44676
34	73	5.44676
9	38	5.43851
8	39	5.43851
11	28	5.43292
10	29	5.43292
33	84	5.43214
32	85	5.43214
50	85	5.42609
51	84	5.42609
42	79	5.42562
43	78	5.42562
13	36	5.42181
12	37	5.42181
20	51	5.42102
21	50	5.42102
18	89	-5.41943
19	88	-5.41943
31	34	-5.41893
30	35	-5.41893
57	68	5.41789
56	69	5.41789
22	45	-5.41486
23	44	-5.41486
68	73	5.41423
69	72	5.41423
19	34	5.41193
18	35	5.41193
31	54	-5.40681
30	55	-5.40681
1	50	5.40379
0	51	5.40379
4	43	5.40046
5	42	5.40046
13	52	5.39972
12	53	5.39972
60	97	5.39759
61	96	5.39759
3	78	5.39689
2	79	5.39689
57	92	5.39623
56	93	5.39623
54	73	5.37854
55	72	5.37854
54	93	5.36962
55	92	5.36962
14	51	5.36234
15	50	5.36234
15	52	5.35987
14	53	5.35987
70	81	-5.34166
71	80	-5.34166
69	92	5.34114
68	93	5.34114
21	94	5.34006
20	95	5.34006
71	78	5.33508
70	79	5.33508
16	67	5.33019
17	66	5.33019
18	29	5.32642
19	28	5.32642
58	75	5.31684
59	74	5.31684
2	31	-5.31599
3	30	-5.31599
10	77	5.31402
11	76	5.31402
22	43	-5.30942
23	42	-5.30942
21	32	5.3024
20	33	5.3024
21	60	5.30227
20	61	5.30227
50	97	5.3018
51	96	5.3018
56	73	5.30166
57	72	5.30166
41	56	5.29878
40	57	5.29878
4	45	5.29761
5	44	5.29761
35	78	5.29722
34	79	5.29722
3	6	5.28224
2	7	5.28224
4	7	5.28147
5	6	5.28147
22	31	5.27843
23	30	5.27843
46	69	5.27444
47	68	5.27444
21	86	5.27189
20	87	5.27189
55	78	5.26638
54	79	5.26638
16	61	5.26147
17	60	5.26147
23	72	-5.25186
22	73	-5.25186
37	60	5.25027
36	61	5.25027
56	63	5.24925
57	62	5.24925
34	75	5.24541
35	74	5.24541
41	42	5.2454
40	43	5.2454
19	98	5.24413
18	99	5.24413
9	30	5.24387
8	31	5.24387
24	61	5.24327
25	60	5.24327
38	61	5.24129
39	60	5.24129
40	47	5.23842
41	46	5.23842
22	79	-5.23474
23	78	-5.23474
30	41	-5.23172
31	40	-5.23172
12	39	5.23165
13	38	5.23165
3	74	5.23097
2	75	5.23097
49	56	5.22606
48	57	5.22606
6	35	5.22559
7	34	5.22559
13	24	5.2195
12	25	5.2195
42	99	5.2157
43	98	5.2157
22	93	-5.21501
23	92	-5.21501
49	78	5.21444
48	79	5.21444
29	88	-5.2069
28	89	-5.2069
7	56	5.20021
6	57	5.20021
28	41	5.19716
29	40	5.19716
8	97	5.19619
9	96	5.19619
19	80	-5.19058
18	81	-5.19058
44	55	5.17686
45	54	5.17686
2	43	5.17564
3	42	5.17564
17	26	5.16959
16	27	5.16959
74	81	-5.16894
75	80	-5.16894
0	61	5.16872
1	60	5.16872
53	84	5.15869
52	85	5.15869
17	82	5.15664
16	83	5.15664
6	65	5.15468
7	64	5.15468
11	78	5.1506
10	79	5.1506
6	59	5.14752
7	58	5.14752
6	55	5.14572
7	54	5.14572
55	74	5.14568
54	75	5.14568
81	92	-5.14509
80	93	-5.14509
0	13	5.14218
1	12	5.14218
42	55	5.13908
43	54	5.13908
12	15	5.13791
13	14	5.13791
23	46	-5.13665
22	47	-5.13665
29	46	5.13555
28	47	5.13555
2	45	5.13326
3	44	5.13326
7	68	5.13311
6	69	5.13311
57	90	5.13132
56	91	5.13132
82	85	5.12218
83	84	5.12218
28	45	5.11616
29	44	5.11616
29	80	-5.11594
28	81	-5.11594
4	31	-5.11158
5	30	-5.11158
60	87	5.11094
61	86	5.11094
88	93	-5.10931
89	92	-5.10931
3	48	5.10742
2	49	5.10742
28	49	5.10709
29	48	5.10709
71	72	5.10514
70	73	5.10514
5	46	5.10443
4	47	5.10443
11	56	5.10323
10	57	5.10323
73	80	-5.10312
72	81	-5.10312
44	89	-5.10189
45	88	-5.10189
72	89	-5.09402
73	88	-5.09402
5	74	5.08636
4	75	5.08636
35	44	5.08213
34	45	5.08213
35	42	5.08167
34	43	5.08167
34	49	5.08152
35	48	5.08152
8	85	5.08052
9	84	5.08052
29	56	5.07034
28	57	5.07034
69	76	5.06874
68	77	5.06874
38	51	5.06436
39	50	5.06436
19	78	5.05564
18	79	5.05564
29	76	5.05161
28	77	5.05161
64	93	5.04933
65	92	5.04933
31	68	-5.04579
30	69	-5.04579
4	49	5.04222
5	48	5.04222
78	91	5.03493
79	90	5.03493
75	88	-5.02565
74	89	-5.02565
60	95	5.02555
61	94	5.02555
11	72	5.00885
10	73	5.00885
56	71	5.00515
57	70	5.00515
7	22	-4.99902
6	23	-4.99902
8	57	-4.9984
9	56	-4.9984
21	82	4.99715
20	83	4.99715
70	99	4.99674
71	98	4.99674
49	54	4.99362
48	55	4.99362
71	92	4.99351
70	93	4.99351
59	92	4.98474
58	93	4.98474
40	77	4.97858
41	76	4.97858
13	66	4.97446
12	67	4.97446
14	61	4.96913
15	60	4.96913
64	87	-4.96636
65	86	-4.96636
27	84	4.96379
26	85	4.96379
79	88	-4.96201
78	89	-4.96201
34	63	4.96048
35	62	4.96048
3	90	4.96047
2	91	4.96047
3	62	4.9591
2	63	4.9591
75	78	4.959
74	79	4.959
34	91	4.94388
35	90	4.94388
57	78	4.9361
56	79	4.9361
21	26	4.9351
20	27	4.9351
29	74	4.93509
28	75	4.93509
83	96	4.93389
82	97	4.93389
10	99	4.93327
11	98	4.93327
46	79	4.93276
47	78	4.93276
42	89	-4.93206
43	88	-4.93206
43	72	4.93184
42	73	4.93184
10	93	4.92861
11	92	4.92861
31	74	-4.92826
30	75	-4.92826
60	67	4.92729
61	66	4.92729
7	80	-4.92316
6	81	-4.92316
28	91	4.92213
29	90	4.92213
23	74	-4.91825
22	75	-4.91825
16	37	4.91725
17	36	4.91725
96	99	-4.91483
97	98	-4.91483
53	96	4.91316
52	97	4.91316
41	78	4.913
40	79	4.913
8	21	4.91141
9	20	4.91141
11	30	-4.90814
10	31	-4.90814
5	76	4.90777
4	77	4.90777
16	95	4.90742
17	94	4.90742
69	74	4.9073
68	75	4.9073
47	54	4.90636
46	55	4.90636
16	53	4.90406
17	52	4.90406
78	81	-4.90374
79	80	-4.90374
84	99	-4.90296
85	98	-4.90296
23	76	-4.90277
22	77	-4.90277
39	98	-4.90096
38	99	-4.90096
41	72	4.89856
40	73	4.89856
3	46	4.89628
2	47	4.89628
7	88	-4.88876
6	89	-4.88876
5	90	4.88336
4	91	4.88336
76	79	4.88244
77	78	4.88244
48	69	4.88236
49	68	4.88236
63	78	4.88113
62	79	4.88113
49	80	-4.87841
48	81	-4.87841
45	78	4.8779
44	79	4.8779
60	77	-4.87666
61	76	-4.87666
54	63	4.86973
55	62	4.86973
21	52	4.8678
20	53	4.8678
41	92	4.86698
40	93	4.86698
17	86	4.86302
16	87	4.86302
44	81	-4.86182
45	80	-4.86182
55	90	4.85988
54	91	4.85988
64	73	4.85911
65	72	4.85911
43	52	-4.85739
42	53	-4.85739
12	45	-4.85692
13	44	-4.85692
63	80	-4.85665
62	81	-4.85665
21	98	-4.85609
20	99	-4.85609
47	60	-4.85066
46	61	-4.85066
30	33	4.85065
31	32	4.85065
17	32	4.84745
16	33	4.84745
5	62	4.84622
4	63	4.84622
56	65	4.83852
57	64	4.83852
12	19	-4.83787
13	18	-4.83787
18	51	-4.83518
19	50	-4.83518
65	94	-4.83019
64	95	-4.83019
58	73	4.82945
59	72	4.82945
18	73	4.82876
19	72	4.82876
34	47	4.82421
35	46	4.82421
43	60	-4.82303
42	61	-4.82303
44	51	-4.82289
45	50	-4.82289
22	49	-4.8215
23	48	-4.8215
67	98	-4.82025
66	99	-4.82025
6	71	4.81828
7	70	4.81828
26	97	4.81455
27	96	4.81455
51	70	-4.81324
50	71	-4.81324
27	70	-4.80921
26	71	-4.80921
75	86	-4.80776
74	87	-4.80776
48	89	-4.80686
49	88	-4.80686
9	74	-4.80591
8	75	-4.80591
29	62	4.80034
28	63	4.80034
43	82	-4.80025
42	83	-4.80025
70	83	-4.79732
71	82	-4.79732
46	51	-4.79537
47	50	-4.79537
4	37	-4.79494
5	36	-4.79494
37	68	-4.79331
36	69	-4.79331
18	57	4.79327
19	56	4.79327
10	51	-4.79156
11	50	-4.79156
26	69	-4.79085
27	68	-4.79085
17	44	-4.78878
16	45	-4.78878
51	66	4.78789
50	67	4.78789
80	91	-4.78139
81	90	-4.78139
0	29	-4.77942
1	28	-4.77942
46	89	-4.77676
47	88	-4.77676
25	28	-4.77475
24	29	-4.77475
10	13	-4.77314
11	12	-4.77314
12	47	-4.76984
13	46	-4.76984
46	85	-4.76948
47	84	-4.76948
5	14	-4.769
4	15	-4.769
76	85	-4.76467
77	84	-4.76467
95	98	-4.76185
94	99	-4.76185
39	52	4.75939
38	53	4.75939
5	26	-4.75888
4	27	-4.75888
42	93	4.75885
43	92	4.75885
3	36	-4.75805
2	37	-4.75805
11	26	-4.75788
10	27	-4.75788
13	70	-4.75641
12	71	-4.75641
6	11	4.75504
7	10	4.75504
4	25	-4.75308
5	24	-4.75308
2	15	-4.75184
3	14	-4.75184
74	95	-4.75113
75	94	-4.75113
63	88	-4.74925
62	89	-4.74925
53	76	-4.74812
52	77	-4.74812
87	98	-4.74508
86	99	-4.74508
30	71	-4.74465
31	70	-4.74465
0	5	-4.74156
1	4	-4.74156
42	81	-4.74101
43	80	-4.74101
36	71	-4.7398
37	70	-4.7398
63	86	-4.73938
62	87	-4.73938
14	69	-4.7392
15	68	-4.7392
69	82	-4.73844
68	83	-4.73844
12	87	4.73621
13	86	4.73621
25	68	-4.73548
24	69	-4.73548
23	36	4.73462
22	37	4.73462
18	27	-4.73428
19	26	-4.73428
68	91	4.73231
69	90	4.73231
37	54	-4.73144
36	55	-4.73144
12	95	4.73142
13	94	4.73142
18	93	4.72975
19	92	4.72975
35	36	-4.72956
34	37	-4.72956
17	98	-4.72934
16	99	-4.72934
38	83	4.72893
39	82	4.72893
16	25	4.72839
17	24	4.72839
14	35	-4.7256
15	34	-4.7256
23	26	4.72559
22	27	4.72559
46	83	-4.72512
47	82	-4.72512
20	45	-4.72507
21	44	-4.72507
19	82	-4.7223
18	83	-4.7223
27	42	-4.72177
26	43	-4.72177
8	81	4.71765
9	80	4.71765
10	83	-4.71695
11	82	-4.71695
0	69	-4.7162
1	68	-4.7162
50	77	-4.71371
51	76	-4.71371
15	54	-4.70983
14	55	-4.70983
43	50	-4.70927
42	51	-4.70927
46	53	-4.70855
47	52	-4.70855
88	91	-4.70829
89	90	-4.70829
45	60	-4.70822
44	61	-4.70822
17	18	-4.70379
16	19	-4.70379
33	60	4.70272
32	61	4.70272
77	82	-4.7022
76	83	-4.7022
23	90	-4.69683
22	91	-4.69683
4	83	-4.69542
5	82	-4.69542
2	77	4.69408
3	76	4.69408
30	93	-4.69341
31	92	-4.69341
1	78	-4.69321
0	79	-4.69321
2	25	-4.69315
3	24	-4.69315
2	27	-4.69155
3	26	-4.69155
11	36	-4.6914
10	37	-4.6914
6	41	4.69098
7	40	4.69098
54	77	4.69069
55	76	4.69069
12	41	-4.68687
13	40	-4.68687
28	53	-4.68675
29	52	-4.68675
63	68	4.68613
62	69	4.68613
44	85	-4.68544
45	84	-4.68544
1	2	-4.68516
0	3	-4.68516
50	69	-4.68413
51	68	-4.68413
41	98	4.68327
40	99	4.68327
22	63	-4.68136
23	62	-4.68136
33	98	-4.67877
32	99	-4.67877
46	97	-4.67829
47	96	-4.67829
13	98	-4.67819
12	99	-4.67819
25	78	-4.67772
24	79	-4.67772
29	82	-4.67731
28	83	-4.67731
26	55	-4.67693
27	54	-4.67693
53	70	-4.67627
52	71	-4.67627
15	16	4.67556
14	17	4.67556
15	22	4.67537
14	23	4.67537
27	46	-4.67324
26	47	-4.67324
14	29	-4.67251
15	28	-4.67251
29	36	-4.67217
28	37	-4.67217
1	16	4.67074
0	17	4.67074
25	42	-4.66974
24	43	-4.66974
41	50	-4.66973
40	51	-4.66973
24	71	-4.66875
25	70	-4.66875
0	73	-4.66829
1	72	-4.66829
62	95	-4.66735
63	94	-4.66735
45	82	-4.66503
44	83	-4.66503
50	87	4.66415
51	86	4.66415
20	47	-4.66043
21	46	-4.66043
33	56	-4.65939
32	57	-4.65939
19	60	-4.65723
18	61	-4.65723
27	44	-4.65715
26	45	-4.65715
13	76	-4.65695
12	77	-4.65695
27	34	-4.65688
26	35	-4.65688
20	37	4.65651
21	36	4.65651
45	96	-4.65397
44	97	-4.65397
27	28	-4.65166
26	29	-4.65166
61	70	-4.64868
60	71	-4.64868
24	35	-4.64866
25	34	-4.64866
0	43	-4.64818
1	42	-4.64818
23	50	4.64649
22	51	4.64649
33	74	-4.64618
32	75	-4.64618
23	82	4.64248
22	83	4.64248
30	95	4.64209
31	94	4.64209
76	97	-4.64062
77	96	-4.64062
14	71	-4.64047
15	70	-4.64047
1	34	-4.64037
0	35	-4.64037
17	46	-4.64009
16	47	-4.64009
31	72	-4.63963
30	73	-4.63963
24	55	-4.63939
25	54	-4.63939
17	58	-4.63938
16	59	-4.63938
24	73	-4.63899
25	72	-4.63899
0	71	-4.63718
1	70	-4.63718
36	43	-4.63694
37	42	-4.63694
50	95	4.63592
51	94	4.63592
26	41	-4.63544
27	40	-4.63544
36	85	4.63521
37	84	4.63521
18	31	-4.63501
19	30	-4.63501
41	74	4.63343
40	75	4.63343
19	36	-4.63251
18	37	-4.63251
7	42	4.63015
6	43	4.63015
23	24	4.62924
22	25	4.62924
27	76	-4.62891
26	77	-4.62891
61	98	-4.62834
60	99	-4.62834
0	93	-4.6266
1	92	-4.6266
0	55	-4.62648
1	54	-4.62648
53	86	4.62174
52	87	4.62174
35	76	4.61958
34	77	4.61958
30	63	-4.61765
31	62	-4.61765
28	31	-4.6134
29	30	-4.6134
50	99	-4.61178
51	98	-4.61178
36	89	4.61132
37	88	4.61132
45	72	4.60808
44	73	4.60808
14	73	-4.60795
15	72	-4.60795
0	23	4.607
1	22	4.607
4	51	-4.60616
5	50	-4.60616
8	63	-4.60511
9	62	-4.60511
56	95	-4.60288
57	94	-4.60288
56	59	4.60233
57	58	4.60233
26	39	4.60164
27	38	4.60164
2	83	-4.59985
3	82	-4.59985
11	16	-4.59943
10	17	-4.59943
15	92	-4.59868
14	93	-4.59868
13	42	-4.59846
12	43	-4.59846
52	79	-4.59838
53	78	-4.59838
13	68	-4.59811
12	69	-4.59811
6	19	4.597
7	18	4.597
13	22	4.5955
12	23	4.5955
36	41	-4.59407
37	40	-4.59407
24	93	-4.59392
25	92	-4.59392
57	86	-4.59169
56	87	-4.59169
19	52	-4.58938
18	53	-4.58938
39	46	-4.58495
38	47	-4.58495
11	14	-4.58466
10	15	-4.58466
53	68	-4.58327
52	69	-4.58327
11	24	-4.58015
10	25	-4.58015
30	87	4.57981
31	86	4.57981
68	99	4.57756
69	98	4.57756
55	82	-4.57754
54	83	-4.57754
14	89	4.5772
15	88	4.5772
14	57	-4.57709
15	56	-4.57709
18	21	-4.57652
19	20	-4.57652
41	48	4.57583
40	49	4.57583
39	76	-4.57411
38	77	-4.57411
21	76	-4.56991
20	77	-4.56991
14	43	-4.56967
15	42	-4.56967
24	85	4.56824
25	84	4.56824
13	32	4.56676
12	33	4.56676
87	90	-4.56589
86	91	-4.56589
26	89	4.5657
27	88	4.5657
36	47	-4.5619
37	46	-4.5619
37	80	4.56152
36	81	4.56152
46	81	-4.56126
47	80	-4.56126
45	52	-4.5598
44	53	-4.5598
59	86	-4.55969
58	87	-4.55969
15	80	4.55932
14	81	4.55932
41	82	-4.55791
40	83	-4.55791
76	89	-4.55671
77	88	-4.55671
16	41	-4.55577
17	40	-4.55577
48	71	4.55574
49	70	4.55574
15	78	-4.55449
14	79	-4.55449
35	82	-4.55446
34	83	-4.55446
11	52	-4.55341
10	53	-4.55341
10	49	4.55205
11	48	4.55205
53	94	4.55139
52	95	4.55139
10	61	-4.55103
11	60	-4.55103
20	25	4.54968
21	24	4.54968
16	71	-4.54656
17	70	-4.54656
1	10	-4.54624
0	11	-4.54624
30	49	-4.54287
31	48	-4.54287
50	55	-4.53984
51	54	-4.53984
78	83	-4.53947
79	82	-4.53947
10	75	4.53834
11	74	4.53834
4	53	-4.53823
5	52	-4.53823
8	65	-4.53817
9	64	-4.53817
36	77	-4.53772
37	76	-4.53772
53	66	4.53702
52	67	4.53702
36	45	-4.53647
37	44	-4.53647
32	63	-4.53578
33	62	-4.53578
41	58	4.53314
40	59	4.53314
0	7	-4.53199
1	6	-4.53199
38	45	-4.53122
39	44	-4.53122
36	79	-4.53091
37	78	-4.53091
33	64	-4.52929
32	65	-4.52929
20	59	-4.52914
21	58	-4.52914
65	80	-4.52783
64	81	-4.52783
19	24	-4.52488
18	25	-4.52488
2	51	-4.52481
3	50	-4.52481
36	73	-4.52433
37	72	-4.52433
46	73	4.52344
47	72	4.52344
18	85	-4.52191
19	84	-4.52191
6	31	-4.52107
7	30	-4.52107
36	97	4.52009
37	96	4.52009
24	77	-4.51733
25	76	-4.51733
90	95	-4.51707
91	94	-4.51707
76	87	-4.51568
77	86	-4.51568
14	19	-4.51331
15	18	-4.51331
71	74	4.51246
70	75	4.51246
30	79	-4.50958
31	78	-4.50958
42	85	-4.50886
43	84	-4.50886
5	12	-4.50849
4	13	-4.50849
65	84	-4.50839
64	85	-4.50839
9	88	4.50705
8	89	4.50705
45	92	4.50687
44	93	4.50687
17	76	-4.50636
16	77	-4.50636
0	85	4.50575
1	84	4.50575
25	46	-4.50525
24	47	-4.50525
41	90	4.50494
40	91	4.50494
36	57	-4.50397
37	56	-4.50397
0	21	4.50143
1	20	4.50143
39	64	-4.5012
38	65	-4.5012
26	79	-4.49935
27	78	-4.49935
22	99	-4.49881
23	98	-4.49881
8	49	-4.49869
9	48	-4.49869
15	40	-4.49674
14	41	-4.49674
35	50	-4.49619
34	51	-4.49619
36	93	-4.4957
37	92	-4.4957
7	24	-4.49523
6	25	-4.49523
67	82	4.49511
66	83	4.49511
34	65	4.49336
35	64	4.49336
1	76	-4.49333
0	77	-4.49333
48	87	-4.493
49	86	-4.493
30	91	-4.49041
31	90	-4.49041
43	56	4.48857
42	57	4.48857
8	17	4.4876
9	16	4.4876
1	18	-4.48752
0	19	-4.48752
58	89	-4.48732
59	88	-4.48732
58	81	-4.48724
59	80	-4.48724
8	91	-4.48684
9	90	-4.48684
45	56	4.48558
44	57	4.48558
15	76	-4.48509
14	77	-4.48509
6	15	-4.48502
7	14	-4.48502
31	64	-4.4838
30	65	-4.4838
26	81	4.48221
27	80	4.48221
24	89	4.48172
25	88	4.48172
28	99	4.48044
29	98	4.48044
40	63	4.4785
41	62	4.4785
19	96	-4.47837
18	97	-4.47837
15	46	-4.47637
14	47	-4.47637
50	89	4.47619
51	88	4.47619
8	99	-4.47557
9	98	-4.47557
1	46	-4.47356
0	47	-4.47356
13	54	-4.47284
12	55	-4.47284
77	94	-4.46953
76	95	-4.46953
34	59	4.46931
35	58	4.46931
2	65	4.46791
3	64	4.46791
29	50	-4.46652
28	51	-4.46652
0	89	4.46494
1	88	4.46494
83	86	4.46415
82	87	4.46415
58	95	-4.46114
59	94	-4.46114
49	94	-4.46035
48	95	-4.46035
60	69	-4.45882
61	68	-4.45882
33	90	-4.45465
32	91	-4.45465
10	91	4.4542
11	90	4.4542
83	88	4.45312
82	89	4.45312
24	97	4.45284
25	96	4.45284
2	59	4.45204
3	58	4.45204
65	96	-4.45164
64	97	-4.45164
24	41	-4.45082
25	40	-4.45082
23	52	4.45073
22	53	4.45073
12	89	4.4493
13	88	4.4493
55	58	4.44816
54	59	4.44816
28	61	-4.4464
29	60	-4.4464
9	92	-4.44596
8	93	-4.44596
32	49	-4.44417
33	48	-4.44417
8	35	-4.44355
9	34	-4.44355
64	67	-4.44128
65	66	-4.44128
32	51	4.44124
33	50	4.44124
25	80	4.4408
24	81	4.4408
2	13	-4.43991
3	12	-4.43991
7	8	-4.43902
6	9	-4.43902
14	75	-4.43892
15	74	-4.43892
65	88	-4.43782
64	89	-4.43782
1	56	-4.43647
0	57	-4.43647
71	90	4.4362
70	91	4.4362
15	20	4.43598
14	21	4.43598
9	60	4.43535
8	61	4.43535
66	91	-4.43482
67	90	-4.43482
83	98	-4.43429
82	99	-4.43429
54	65	4.4341
55	64	4.4341
46	87	-4.43211
47	86	-4.43211
0	81	4.43153
1	80	4.43153
26	99	-4.43072
27	98	-4.43072
46	67	-4.43009
47	66	-4.43009
5	98	4.42982
4	99	4.42982
6	45	4.42971
7	44	4.42971
62	67	-4.42888
63	66	-4.42888
25	44	-4.42833
24	45	-4.42833
25	56	-4.42735
24	57	-4.42735
11	20	-4.42711
10	21	-4.42711
12	35	-4.42154
13	34	-4.42154
66	77	-4.42098
67	76	-4.42098
14	45	-4.42063
15	44	-4.42063
73	76	4.42005
72	77	4.42005
0	41	-4.4197
1	40	-4.4197
26	73	-4.41844
27	72	-4.41844
82	95	4.41777
83	94	4.41777
3	52	-4.41728
2	53	-4.41728
31	66	4.41579
30	67	4.41579
21	70	-4.414
20	71	-4.414
23	58	-4.41398
22	59	-4.41398
67	74	-4.41269
66	75	-4.41269
49	66	-4.41188
48	67	-4.41188
59	96	-4.40986
58	97	-4.40986
20	65	-4.40917
21	64	-4.40917
79	98	4.40716
78	99	4.40716
0	97	4.40428
1	96	4.40428
46	95	-4.40344
47	94	-4.40344
17	64	-4.39898
16	65	-4.39898
18	49	4.39661
19	48	4.39661
10	63	4.39601
11	62	4.39601
70	85	-4.39583
71	84	-4.39583
47	92	4.39528
46	93	4.39528
73	82	-4.39212
72	83	-4.39212
14	49	-4.39209
15	48	-4.39209
8	73	-4.3918
9	72	-4.3918
26	67	4.39172
27	66	4.39172
9	54	-4.39152
8	55	-4.39152
7	66	-4.39111
6	67	-4.39111
1	44	-4.39104
0	45	-4.39104
44	67	-4.39071
45	66	-4.39071
14	85	4.38851
15	84	4.38851
43	96	-4.38837
42	97	-4.38837
38	59	-4.3881
39	58	-4.3881
16	23	4.38742
17	22	4.38742
0	49	-4.3866
1	48	-4.3866
32	81	4.3859
33	80	4.3859
52	55	-4.38351
53	54	-4.38351
6	33	-4.38236
7	32	-4.38236
5	60	-4.38016
4	61	-4.38016
17	42	-4.37997
16	43	-4.37997
6	37	-4.37967
7	36	-4.37967
10	59	4.37962
11	58	4.37962
4	59	4.37805
5	58	4.37805
3	8	-4.37777
2	9	-4.37777
30	45	-4.37692
31	44	-4.37692
45	58	4.37587
44	59	4.37587
58	85	-4.37531
59	84	-4.37531
20	43	-4.37455
21	42	-4.37455
76	81	-4.37255
77	80	-4.37255
36	99	-4.37111
37	98	-4.37111
52	99	-4.37084
53	98	-4.37084
38	63	-4.3699
39	62	-4.3699
27	92	-4.3699
26	93	-4.3699
41	52	-4.36883
40	53	-4.36883
31	58	-4.36705
30	59	-4.36705
17	68	-4.36697
16	69	-4.36697
63	70	4.36678
62	71	4.36678
26	57	-4.36378
27	56	-4.36378
34	53	-4.36353
35	52	-4.36353
32	53	4.36225
33	52	4.36225
59	66	-4.36224
58	67	-4.36224
81	82	4.36193
80	83	4.36193
50	81	4.36109
51	80	4.36109
41	60	-4.36081
40	61	-4.36081
19	58	4.36045
18	59	4.36045
1	74	-4.35822
0	75	-4.35822
22	61	4.35821
23	60	4.35821
11	84	-4.35648
10	85	-4.35648
4	65	4.35387
5	64	4.35387
53	72	-4.35105
52	73	-4.35105
59	78	4.34862
58	79	4.34862
25	48	-4.34802
24	49	-4.34802
19	38	-4.3465
18	39	-4.3465
20	91	-4.34551
21	90	-4.34551
38	75	-4.34382
39	74	-4.34382
16	91	-4.34279
17	90	-4.34279
36	39	4.34247
37	38	4.34247
38	91	-4.34133
39	90	-4.34133
21	40	-4.3383
20	41	-4.3383
61	78	-4.33781
60	79	-4.33781
15	98	-4.33767
14	99	-4.33767
59	98	4.33723
58	99	4.33723
33	92	-4.33617
32	93	-4.33617
13	28	-4.33419
12	29	-4.33419
61	64	-4.33328
60	65	-4.33328
59	68	4.33241
58	69	4.33241
70	97	-4.32994
71	96	-4.32994
64	79	4.32973
65	78	4.32973
13	80	4.32805
12	81	4.32805
82	93	-4.32622
83	92	-4.32622
19	74	4.32568
18	75	4.32568
24	75	-4.32493
25	74	-4.32493
19	90	4.32234
18	91	4.32234
31	42	-4.32054
30	43	-4.32054
7	46	4.31886
6	47	4.31886
26	87	4.31552
27	86	4.31552
50	79	-4.31498
51	78	-4.31498
10	97	-4.31468
11	96	-4.31468
14	91	-4.31401
15	90	-4.31401
42	49	4.31366
43	48	4.31366
23	64	-4.31318
22	65	-4.31318
14	63	-4.31255
15	62	-4.31255
54	99	4.31072
55	98	4.31072
24	39	4.30839
25	38	4.30839
15	96	4.30775
14	97	4.30775
13	58	-4.30753
12	59	-4.30753
39	42	-4.3043
38	43	-4.3043
0	91	-4.30039
1	90	-4.30039
33	76	-4.29857
32	77	-4.29857
37	74	-4.29728
36	75	-4.29728
33	72	-4.29605
32	73	-4.29605
80	95	4.29564
81	94	4.29564
20	49	-4.29534
21	48	-4.29534
39	48	-4.29464
38	49	-4.29464
41	64	4.29256
40	65	4.29256
62	97	-4.29123
63	96	-4.29123
77	92	4.29119
76	93	4.29119
21	62	-4.29065
20	63	-4.29065
3	98	4.28989
2	99	4.28989
9	78	-4.28836
8	79	-4.28836
17	48	-4.28807
16	49	-4.28807
67	92	-4.28561
66	93	-4.28561
91	96	-4.28468
90	97	-4.28468
5	16	-4.28405
4	17	-4.28405
27	94	4.28353
26	95	4.28353
7	94	-4.28026
6	95	-4.28026
67	72	-4.27834
66	73	-4.27834
16	89	4.2776
17	88	4.2776
56	67	-4.27758
57	66	-4.27758
45	86	-4.27755
44	87	-4.27755
47	56	4.2769
46	57	4.2769
28	59	4.27581
29	58	4.27581
80	87	4.27418
81	86	4.27418
31	38	4.27402
30	39	4.27402
8	13	4.27259
9	12	4.27259
6	87	-4.27245
7	86	-4.27245
1	38	4.27231
0	39	4.27231
45	94	-4.27222
44	95	-4.27222
32	59	-4.27169
33	58	-4.27169
1	62	-4.26886
0	63	-4.26886
36	49	-4.26688
37	48	-4.26688
7	26	-4.26671
6	27	-4.26671
2	61	-4.26652
3	60	-4.26652
28	65	4.26649
29	64	4.26649
16	63	-4.2661
17	62	-4.2661
16	55	-4.26569
17	54	-4.26569
53	92	-4.26453
52	93	-4.26453
6	21	-4.2644
7	20	-4.2644
14	31	4.26365
15	30	4.26365
25	90	-4.26344
24	91	-4.26344
44	49	4.26275
45	48	4.26275
59	70	4.26216
58	71	4.26216
67	78	-4.26164
66	79	-4.26164
52	89	4.26147
53	88	4.26147
24	99	-4.26096
25	98	-4.26096
88	99	-4.25973
89	98	-4.25973
32	47	-4.25845
33	46	-4.25845
54	61	-4.25747
55	60	-4.25747
64	69	4.25658
65	68	4.25658
63	84	-4.25556
62	85	-4.25556
6	17	-4.25346
7	16	-4.25346
33	82	4.25164
32	83	4.25164
93	94	-4.25107
92	95	-4.25107
35	98	4.25051
34	99	4.25051
86	93	-4.24986
87	92	-4.24986
31	36	4.24826
30	37	4.24826
18	63	4.24683
19	62	4.24683
56	83	-4.24644
57	82	-4.24644
8	23	4.24379
9	22	4.24379
1	98	-4.23918
0	99	-4.23918
5	8	-4.23672
4	9	-4.23672
7	82	-4.23589
6	83	-4.23589
49	96	-4.23408
48	97	-4.23408
25	62	-4.23398
24	63	-4.23398
75	96	-4.2313
74	97	-4.2313
3	16	-4.23074
2	17	-4.23074
33	78	-4.22757
32	79	-4.22757
6	39	-4.22596
7	38	-4.22596
33	88	4.2255
32	89	4.2255
35	60	-4.22527
34	61	-4.22527
8	59	-4.2251
9	58	-4.2251
7	76	4.22368
6	77	4.22368
45	90	4.22256
44	91	4.22256
74	85	-4.22087
75	84	-4.22087
40	85	-4.21962
41	84	-4.21962
58	61	-4.21932
59	60	-4.21932
42	75	4.2192
43	74	4.2192
17	34	-4.21914
16	35	-4.21914
18	67	-4.21851
19	66	-4.21851
24	67	4.21676
25	66	4.21676
21	68	-4.21342
20	69	-4.21342
39	70	-4.21181
38	71	-4.21181
42	87	-4.20865
43	86	-4.20865
40	97	-4.20641
41	96	-4.20641
9	52	4.20639
8	53	4.20639
13	78	-4.20573
12	79	-4.20573
50	73	-4.20544
51	72	-4.20544
42	67	-4.20416
43	66	-4.20416
37	66	4.20309
36	67	4.20309
1	66	4.20297
0	67	4.20297
43	90	4.20277
42	91	4.20277
85	90	-4.20182
84	91	-4.20182
20	23	4.20078
21	22	4.20078
64	99	4.20024
65	98	4.20024
6	53	-4.19981
7	52	-4.19981
33	34	-4.19415
32	35	-4.19415
37	90	-4.19369
36	91	-4.19369
11	38	-4.19337
10	39	-4.19337
9	50	4.19129
8	51	4.19129
39	56	-4.19077
38	57	-4.19077
51	56	-4.18866
50	57	-4.18866
9	28	-4.18857
8	29	-4.18857
47	58	4.18625
46	59	4.18625
53	80	4.18542
52	81	4.18542
37	62	-4.18356
36	63	-4.18356
17	28	-4.18223
16	29	-4.18223
7	96	-4.1783
6	97	-4.1783
69	84	-4.17773
68	85	-4.17773
33	44	-4.17674
32	45	-4.17674
15	38	4.1762
14	39	4.1762
27	30	4.17552
26	31	4.17552
61	88	4.17439
60	89	4.17439
42	95	-4.17394
43	94	-4.17394
17	72	-4.17323
16	73	-4.17323
30	47	-4.17279
31	46	-4.17279
72	99	4.17212
73	98	4.17212
72	95	-4.17178
73	94	-4.17178
21	78	-4.1703
20	79	-4.1703
16	81	4.16953
17	80	4.16953
16	93	-4.16869
17	92	-4.16869
25	30	4.16783
24	31	4.16783
20	75	-4.16767
21	74	-4.16767
20	73	-4.1671
21	72	-4.1671
0	31	4.16681
1	30	4.16681
12	65	-4.16488
13	64	-4.16488
51	58	-4.16304
50	59	-4.16304
11	64	4.16257
10	65	4.16257
6	99	4.16125
7	98	4.16125
21	92	-4.16095
20	93	-4.16095
51	92	-4.16007
50	93	-4.16007
8	69	-4.15852
9	68	-4.15852
9	40	-4.15815
8	41	-4.15815
73	86	-4.15792
72	87	-4.15792
89	94	4.15725
88	95	4.15725
26	33	4.15581
27	32	4.15581
33	54	-4.15533
32	55	-4.15533
16	79	-4.15419
17	78	-4.15419
56	77	4.15376
57	76	4.15376
2	33	-4.15342
3	32	-4.15342
9	76	-4.15287
8	77	-4.15287
20	29	-4.15091
21	28	-4.15091
26	75	-4.15091
27	74	-4.15091
44	75	4.15004
45	74	4.15004
34	95	-4.14739
35	94	-4.14739
27	48	-4.1463
26	49	-4.1463
48	85	-4.14424
49	84	-4.14424
52	65	-4.14329
53	64	-4.14329
35	86	-4.14292
34	87	-4.14292
5	20	-4.14238
4	21	-4.14238
38	93	-4.14234
39	92	-4.14234
86	89	4.1421
87	88	4.1421
90	99	4.1409
91	98	4.1409
22	85	4.14057
23	84	4.14057
29	66	-4.14027
28	67	-4.14027
44	63	4.13904
45	62	4.13904
31	96	4.13837
30	97	4.13837
12	57	-4.13736
13	56	-4.13736
12	73	-4.13642
13	72	-4.13642
58	77	4.13578
59	76	4.13578
43	62	4.13443
42	63	4.13443
19	86	-4.13146
18	87	-4.13146
69	96	-4.1297
68	97	-4.1297
80	99	-4.12926
81	98	-4.12926
47	48	4.1291
46	49	4.1291
36	87	4.12714
37	86	4.12714
39	72	-4.12653
38	73	-4.12653
61	72	-4.12423
60	73	-4.12423
19	94	-4.12392
18	95	-4.12392
38	79	-4.1222
39	78	-4.1222
79	96	-4.11672
78	97	-4.11672
28	85	-4.11631
29	84	-4.11631
48	99	4.11573
49	98	4.11573
17	74	-4.11465
16	75	-4.11465
29	32	-4.11452
28	33	-4.11452
92	99	4.11252
93	98	4.11252
55	94	-4.11241
54	95	-4.11241
3	94	-4.11184
2	95	-4.11184
24	87	4.11176
25	86	4.11176
67	70	-4.11044
66	71	-4.11044
2	87	-4.11014
3	86	-4.11014
5	84	-4.10765
4	85	-4.10765
54	87	-4.10755
55	86	-4.10755
22	97	4.10752
23	96	4.10752
19	64	4.10719
18	65	4.10719
37	94	4.10675
36	95	4.10675
30	85	4.10644
31	84	4.10644
13	92	-4.10614
12	93	-4.10614
39	40	-4.10557
38	41	-4.10557
48	83	-4.10409
49	82	-4.10409
9	46	-4.10354
8	47	-4.10354
15	66	4.10325
14	67	4.10325
44	65	4.10283
45	64	4.10283
6	51	-4.10249
7	50	-4.10249
21	54	-4.10203
20	55	-4.10203
31	50	4.09991
30	51	4.09991
13	30	4.09948
12	31	4.09948
29	96	-4.09941
28	97	-4.09941
66	81	4.09781
67	80	4.09781
53	56	-4.09771
52	57	-4.09771
65	70	4.09763
64	71	4.09763
31	82	4.09761
30	83	4.09761
92	97	-4.09727
93	96	-4.09727
20	89	4.09711
21	88	4.09711
32	43	-4.09608
33	42	-4.09608
65	76	4.09562
64	77	4.09562
10	67	-4.0947
11	66	-4.0947
25	94	4.09425
24	95	4.09425
31	76	-4.09423
30	77	-4.09423
72	97	-4.09411
73	96	-4.09411
62	99	4.09396
63	98	4.09396
60	81	4.09277
61	80	4.09277
74	83	-4.09102
75	82	-4.09102
51	64	-4.09025
50	65	-4.09025
7	12	-4.08949
6	13	-4.08949
9	82	4.08924
8	83	4.08924
26	91	-4.08832
27	90	-4.08832
3	20	-4.08585
2	21	-4.08585
47	90	4.08572
46	91	4.08572
1	86	4.08479
0	87	4.08479
57	84	-4.08341
56	85	-4.08341
56	97	-4.08247
57	96	-4.08247
79	84	-4.0813
78	85	-4.0813
53	58	-4.07867
52	59	-4.07867
15	64	-4.07741
14	65	-4.07741
13	90	-4.07695
12	91	-4.07695
1	94	4.07185
0	95	4.07185
26	63	-4.07166
27	62	-4.07166
20	35	-4.07137
21	34	-4.07137
5	32	-4.07107
4	33	-4.07107
28	39	-4.07103
29	38	-4.07103
61	92	-4.07033
60	93	-4.07033
24	33	4.07028
25	32	4.07028
4	97	-4.06943
5	96	-4.06943
0	33	4.0674
1	32	4.0674
30	53	4.0661
31	52	4.0661
7	84	-4.0656
6	85	-4.0656
48	53	-4.06513
49	52	-4.06513
71	86	-4.06485
70	87	-4.06485
23	32	4.06468
22	33	4.06468
12	49	-4.06288
13	48	-4.06288
55	84	-4.06285
54	85	-4.06285
60	63	-4.06144
61	62	-4.06144
48	77	4.05596
49	76	4.05596
47	64	4.05573
46	65	4.05573
19	32	-4.05462
18	33	-4.05462
3	84	-4.05339
2	85	-4.05339
70	95	-4.05298
71	94	-4.05298
83	90	-4.05276
82	91	-4.05276
46	75	4.05273
47	74	4.05273
39	68	-4.05143
38	69	-4.05143
0	65	-4.05041
1	64	-4.05041
42	59	4.04988
43	58	4.04988
38	81	4.0498
39	80	4.0498
78	95	-4.04804
79	94	-4.04804
8	11	-4.04725
9	10	-4.04725
84	89	4.04657
85	88	4.04657
60	75	-4.04612
61	74	-4.04612
21	30	4.04599
20	31	4.04599
13	62	-4.04465
12	63	-4.04465
32	37	4.04308
33	36	4.04308
10	87	-4.04299
11	86	-4.04299
17	30	4.04299
16	31	4.04299
5	86	-4.04262
4	87	-4.04262
8	45	-4.0426
9	44	-4.0426
23	94	4.0425
22	95	4.0425
35	84	-4.04218
34	85	-4.04218
14	59	-4.04058
15	58	-4.04058
4	95	-4.04047
5	94	-4.04047
22	87	4.04014
23	86	4.04014
53	74	-4.03938
52	75	-4.03938
41	66	-4.03929
40	67	-4.03929
11	94	-4.03857
10	95	-4.03857
15	86	4.03799
14	87	4.03799
9	42	-4.03737
8	43	-4.03737
55	96	-4.03711
54	97	-4.03711
23	38	4.03679
22	39	4.03679
62	83	-4.03656
63	82	-4.03656
24	65	-4.03524
25	64	-4.03524
64	83	-4.03503
65	82	-4.03503
49	50	-4.03483
48	51	-4.03483
88	97	4.03461
89	96	4.03461
21	80	4.03417
20	81	4.03417
1	8	4.03375
0	9	4.03375
7	60	-4.03363
6	61	-4.03363
47	62	4.03255
46	63	4.03255
9	26	4.03189
8	27	4.03189
58	83	-4.03158
59	82	-4.03158
74	99	4.03018
75	98	4.03018
26	59	-4.02968
27	58	-4.02968
52	91	-4.02949
53	90	-4.02949
32	41	-4.02936
33	40	-4.02936
66	89	4.02864
67	88	4.02864
32	69	-4.02855
33	68	-4.02855
17	56	-4.02732
16	57	-4.02732
3	96	-4.02685
2	97	-4.02685
9	24	4.02649
8	25	4.02649
1	58	-4.02622
0	59	-4.02622
14	95	4.02557
15	94	4.02557
57	60	-4.02513
56	61	-4.02513
76	91	4.02502
77	90	4.02502
53	62	-4.02415
52	63	-4.02415
85	92	-4.02362
84	93	-4.02362
80	85	4.02338
81	84	4.02338
35	66	-4.02337
34	67	-4.02337
51	90	-4.02245
50	91	-4.02245
60	91	-4.02177
61	90	-4.02177
69	86	-4.02107
68	87	-4.02107
9	70	-4.02082
8	71	-4.02082
40	95	-4.02029
41	94	-4.02029
72	85	-4.01981
73	84	-4.01981
35	96	-4.01939
34	97	-4.01939
80	97	4.01852
81	96	4.01852
79	86	-4.01819
78	87	-4.01819
57	98	4.01774
56	99	4.01774
51	74	-4.01761
50	75	-4.01761
38	89	4.01733
39	88	4.01733
68	95	-4.01691
69	94	-4.01691
37	58	-4.01654
36	59	-4.01654
9	14	4.01653
8	15	4.01653
5	38	-4.016
4	39	-4.016
3	66	-4.01591
2	67	-4.01591
74	77	4.01588
75	76	4.01588
41	86	-4.01506
40	87	-4.01506
25	58	-4.01488
24	59	-4.01488
37	64	-4.01482
36	65	-4.01482
66	69	-4.01467
67	68	-4.01467
4	67	-4.01065
5	66	-4.01065
54	67	-4.00991
55	66	-4.00991
29	94	-4.00938
28	95	-4.00938
20	57	-4.00877
21	56	-4.00877
15	32	4.00789
14	33	4.00789
32	71	-4.00771
33	70	-4.00771
13	74	-4.0073
12	75	-4.0073
38	55	-4.00616
39	54	-4.00616
10	33	-4.00579
11	32	-4.00579
30	61	4.00574
31	60	4.00574
50	63	-4.00555
51	62	-4.00555
30	99	-4.00531
31	98	-4.00531
48	61	-4.00477
49	60	-4.00477
35	38	-4.00458
34	39	-4.00458
9	18	-4.00424
8	19	-4.00424
26	65	-4.00422
27	64	-4.00422
23	66	4.002
22	67	4.002
62	77	4.00175
63	76	4.00175
2	39	-4.00154
3	38	-4.00154
29	86	-4.00088
28	87	-4.00088
42	65	4.00054
43	64	4.00054
8	37	4.00016
9	36	4.00016
0	24	2.99799
34	54	2.99694
2	34	2.99641
2	54	2.99353
4	68	2.99077
48	90	2.99058
86	94	2.98995
72	92	2.98909
2	4	2.98478
80	88	2.98475
6	92	2.98376
62	90	2.9837
22	54	-2.98329
38	96	2.98291
10	70	2.98277
26	82	2.98125
22	68	-2.97777
46	76	2.97703
28	78	2.97479
10	18	2.97447
14	36	2.97386
12	50	2.97343
18	70	2.97175
4	54	2.971
54	88	-2.97091
84	96	2.96971
6	72	2.96971
18	44	2.96962
24	36	2.9696
2	22	-2.96873
4	22	-2.96812
4	34	2.96799
26	36	2.96746
0	14	2.96744
38	66	2.96724
22	34	-2.96693
48	62	2.96685
14	24	2.96503
20	96	2.96297
2	68	2.96212
62	74	2.96154
10	40	2.96152
34	88	-2.96124
8	32	2.95909
0	36	2.95835
22	40	-2.95744
22	88	2.95694
54	68	2.95658
6	48	2.95292
68	70	2.94885
34	80	-2.94768
44	46	2.94671
54	80	-2.94642
16	20	2.94455
10	22	-2.94394
34	68	2.94346
10	68	2.94337
52	82	2.94323
38	84	2.94221
2	88	-2.93978
56	80	-2.93434
32	66	2.93367
32	94	2.9333
50	82	2.93245
48	74	2.92824
24	26	2.9275
26	50	2.92681
40	88	-2.92491
58	64	2.92484
48	92	2.92227
74	90	2.92082
66	96	2.92065
2	80	-2.91831
52	60	2.91793
42	46	2.91666
36	82	2.91616
20	38	2.91243
22	70	-2.9123
12	16	2.91159
42	76	2.91061
6	90	2.90751
22	80	2.90377
40	54	2.90376
24	82	2.90359
0	26	2.9034
40	68	2.90315
72	78	2.90181
20	84	2.90145
4	70	2.90008
38	94	2.90002
40	70	2.89914
18	40	2.89912
44	70	2.89899
62	64	2.89391
4	10	2.89366
34	56	2.89296
10	44	2.89224
4	88	-2.89191
14	26	2.88816
68	88	-2.88453
18	46	2.88294
30	80	2.88184
42	70	2.87835
32	38	2.87683
0	82	2.87669
32	86	2.87662
4	28	2.87393
50	60	2.87382
66	94	2.87303
28	72	2.87255
56	88	-2.87187
10	54	2.87145
34	40	2.86968
60	82	2.86915
26	52	2.86849
48	72	2.86726
18	68	2.86616
54	56	2.86551
38	86	2.8655
4	40	2.86424
2	56	2.86422
90	92	2.86317
2	40	2.86316
8	94	2.86157
44	76	2.86068
28	68	2.85822
20	66	2.85714
74	92	2.8507
2	10	2.85061
6	62	2.85045
18	22	-2.84941
40	80	-2.8487
4	80	-2.84794
64	90	2.84615
30	56	-2.84488
18	42	2.84274
46	98	2.84164
76	98	2.83966
54	70	2.83889
10	88	-2.83815
16	96	2.83662
6	74	2.83605
10	34	2.836
42	44	2.83558
12	26	2.8352
84	86	2.83457
2	70	2.83431
66	84	2.83262
84	94	2.83205
78	92	2.83194
12	82	2.83107
46	70	2.82975
94	96	2.82662
24	52	2.82449
50	52	2.82385
60	84	2.82278
68	80	-2.82189
62	92	2.82146
58	90	2.82084
14	82	2.81924
12	20	2.81815
36	50	2.81641
30	88	2.81531
58	62	2.81421
66	86	2.81174
12	60	2.81035
34	70	2.80698
8	66	2.80569
28	92	2.80439
2	28	2.80372
8	86	2.80371
16	50	2.80267
6	78	2.80038
86	96	2.80016
0	52	2.79986
28	70	2.79847
28	42	2.79801
64	74	2.79762
72	90	2.79639
4	18	2.79581
40	44	2.79063
56	74	2.78974
10	42	2.78897
16	84	2.78156
32	96	2.78012
36	52	2.77893
18	76	2.77854
44	98	2.77851
26	60	2.77831
48	64	2.77607
10	46	2.77411
4	56	2.77315
4	72	2.77271
22	56	-2.77115
72	74	2.77101
70	88	-2.77055
4	78	2.76873
12	84	2.75944
42	68	2.7585
2	72	2.75726
28	34	2.75668
2	92	2.75001
28	54	2.74996
18	54	2.74919
22	28	-2.74889
48	58	2.74526
4	92	2.74522
6	28	2.74244
16	38	2.74154
10	80	-2.741
24	50	2.7397
62	72	2.73956
68	78	2.7395
12	96	2.73505
44	68	2.73424
70	76	2.73389
2	18	2.72816
34	92	2.72391
34	72	2.72338
8	38	2.71926
10	28	2.71646
32	84	2.71607
50	84	2.71305
42	78	2.71281
12	36	2.71091
20	50	2.71051
18	88	-2.70972
30	34	-2.70946
56	68	2.70895
22	44	-2.70743
68	72	2.70711
18	34	2.70597
30	54	-2.7034
0	50	2.70189
4	42	2.70023
12	52	2.69986
60	96	2.6988
2	78	2.69845
56	92	2.69812
54	72	2.68927
54	92	2.68481
14	50	2.68117
14	52	2.67994
70	80	-2.67083
68	92	2.67057
20	94	2.67003
70	78	2.66754
16	66	2.6651
18	28	2.66321
58	74	2.65842
2	30	-2.65799
10	76	2.65701
22	42	-2.65471
20	32	2.6512
20	60	2.65114
50	96	2.6509
56	72	2.65083
40	56	2.64939
4	44	2.64881
34	78	2.64861
2	6	2.64112
4	6	2.64074
22	30	2.63921
46	68	2.63722
20	86	2.63594
54	78	2.63319
16	60	2.63073
22	72	-2.62593
36	60	2.62513
56	62	2.62463
34	74	2.6227
40	42	2.6227
18	98	2.62206
8	30	2.62194
24	60	2.62164
38	60	2.62065
40	46	2.61921
22	78	-2.61737
30	40	-2.61586
12	38	2.61583
2	74	2.61549
48	56	2.61303
6	34	2.61279
12	24	2.60975
42	98	2.60785
22	92	-2.6075
48	78	2.60722
28	88	-2.60345
6	56	2.60011
28	40	2.59858
8	96	2.5981
18	80	-2.59529
44	54	2.58843
2	42	2.58782
16	26	2.5848
74	80	-2.58447
0	60	2.58436
52	84	2.57934
16	82	2.57832
6	64	2.57734
10	78	2.5753
6	58	2.57376
6	54	2.57286
54	74	2.57284
80	92	-2.57254
0	12	2.57109
42	54	2.56954
12	14	2.56895
22	46	-2.56833
28	46	2.56777
2	44	2.56663
6	68	2.56655
56	90	2.56566
82	84	2.56109
28	44	2.55808
28	80	-2.55797
4	30	-2.55579
60	86	2.55547
88	92	-2.55466
2	48	2.55371
28	48	2.55355
70	72	2.55257
4	46	2.55221
10	56	2.55162
72	80	-2.55156
44	88	-2.55094
72	88	-2.54701
4	74	2.54318
34	44	2.54106
34	42	2.54084
34	48	2.54076
8	84	2.54026
28	56	2.53517
68	76	2.53437
38	50	2.53218
18	78	2.52782
28	76	2.5258
64	92	2.52467
30	68	-2.5229
4	48	2.52111
78	90	2.51746
74	88	-2.51283
60	94	2.51277
10	72	2.50443
56	70	2.50258
6	22	-2.49951
8	56	-2.4992
20	82	2.49857
70	98	2.49837
48	54	2.49681
70	92	2.49675
58	92	2.49237
40	76	2.48929
12	66	2.48723
14	60	2.48456
64	86	-2.48318
26	84	2.48189
78	88	-2.48101
34	62	2.48024
2	90	2.48023
2	62	2.47955
74	78	2.4795
34	90	2.47194
56	78	2.46805
20	26	2.46755
28	74	2.46755
82	96	2.46695
10	98	2.46664
46	78	2.46638
42	88	-2.46603
42	72	2.46592
10	92	2.46431
30	74	-2.46413
60	66	2.46364
6	80	-2.46158
28	90	2.46107
22	74	-2.45913
16	36	2.45862
96	98	-2.45742
52	96	2.45658
40	78	2.4565
8	20	2.45571
10	30	-2.45407
4	76	2.45388
16	94	2.45371
68	74	2.45365
46	54	2.45318
16	52	2.45203
78	80	-2.45187
84	98	-2.45148
22	76	-2.45138
38	98	-2.45048
40	72	2.44928
2	46	2.44814
6	88	-2.44438
4	90	2.44168
76	78	2.44122
48	68	2.44118
62	78	2.44057
48	80	-2.43921
44	78	2.43895
60	76	-2.43833
54	62	2.43487
20	52	2.4339
40	92	2.43349
16	86	2.43151
44	80	-2.43091
54	90	2.42994
64	72	2.42955
42	52	-2.42869
12	44	-2.42846
62	80	-2.42833
20	98	-2.42805
46	60	-2.42533
30	32	2.42532
16	32	2.42373
4	62	2.42311
56	64	2.41926
12	18	-2.41894
18	50	-2.41759
64	94	-2.4151
58	72	2.41472
18	72	2.41438
34	46	2.41211
42	60	-2.41152
44	50	-2.41145
22	48	-2.41075
66	98	-2.41013
6	70	2.40914
26	96	2.40728
50	70	-2.40662
26	70	-2.4046
74	86	-2.40388
48	88	-2.40343
8	74	-2.40295
28	62	2.40017
42	82	-2.40013
70	82	-2.39866
46	50	-2.39768
4	36	-2.39747
36	68	-2.39666
18	56	2.39664
10	50	-2.39578
26	68	-2.39542
16	44	-2.39439
50	66	2.39394
80	90	-2.3907
0	28	-2.38971
46	88	-2.38838
24	28	-2.38738
10	12	-2.38657
12	46	-2.38492
46	84	-2.38474
4	14	-2.3845
76	84	-2.38234
94	98	-2.38092
38	52	2.37969
4	26	-2.37944
42	92	2.37942
2	36	-2.37902
10	26	-2.37894
12	70	-2.3782
6	10	2.37752
4	24	-2.37654
2	14	-2.37592
74	94	-2.37556
62	88	-2.37462
52	76	-2.37406
86	98	-2.37254
30	70	-2.37233
0	4	-2.37078
42	80	-2.3705
36	70	-2.3699
62	86	-2.36969
14	68	-2.3696
68	82	-2.36922
12	86	2.3681
24	68	-2.36774
22	36	2.36731
18	26	-2.36714
68	90	2.36615
36	54	-2.36572
12	94	2.36571
18	92	2.36488
34	36	-2.36478
16	98	-2.36467
38	82	2.36446
16	24	2.36419
14	34	-2.3628
22	26	2.3628
46	82	-2.36256
20	44	-2.36254
18	82	-2.36115
26	42	-2.36089
8	80	2.35883
10	82	-2.35848
0	68	-2.3581
50	76	-2.35685
14	54	-2.35492
42	50	-2.35464
46	52	-2.35428
88	90	-2.35415
44	60	-2.35411
16	18	-2.3519
32	60	2.35136
76	82	-2.3511
22	90	-2.34842
4	82	-2.34771
2	76	2.34704
30	92	-2.34671
0	78	-2.3466
2	24	-2.34657
2	26	-2.34577
10	36	-2.3457
6	40	2.34549
54	76	2.34534
12	40	-2.34344
28	52	-2.34337
62	68	2.34306
44	84	-2.34272
0	2	-2.34258
50	68	-2.34207
40	98	2.34163
22	62	-2.34068
32	98	-2.33938
46	96	-2.33915
12	98	-2.33909
24	78	-2.33886
28	82	-2.33866
26	54	-2.33846
52	70	-2.33813
14	16	2.33778
14	22	2.33769
26	46	-2.33662
14	28	-2.33625
28	36	-2.33608
0	16	2.33537
24	42	-2.33487
40	50	-2.33487
24	70	-2.33438
0	72	-2.33415
62	94	-2.33368
44	82	-2.33251
50	86	2.33207
20	46	-2.33022
32	56	-2.32969
18	60	-2.32861
26	44	-2.32857
12	76	-2.32848
26	34	-2.32844
20	36	2.32826
44	96	-2.32699
26	28	-2.32583
60	70	-2.32434
24	34	-2.32433
0	42	-2.32409
22	50	2.32324
32	74	-2.32309
22	82	2.32124
30	94	2.32104
76	96	-2.32031
14	70	-2.32024
0	34	-2.32018
16	46	-2.32005
30	72	-2.31981
24	54	-2.3197
16	58	-2.31969
24	72	-2.31949
0	70	-2.31859
36	42	-2.31847
50	94	2.31796
26	40	-2.31772
36	84	2.3176
18	30	-2.31751
40	74	2.31671
18	36	-2.31626
6	42	2.31508
22	24	2.31462
26	76	-2.31445
60	98	-2.31417
0	92	-2.3133
0	54	-2.31324
52	86	2.31087
34	76	2.30979
30	62	-2.30882
28	30	-2.3067
50	98	-2.30589
36	88	2.30566
44	72	2.30404
14	72	-2.30398
0	22	2.3035
4	50	-2.30308
8	62	-2.30256
56	94	-2.30144
56	58	2.30116
26	38	2.30082
2	82	-2.29993
10	16	-2.29971
14	92	-2.29934
12	42	-2.29923
52	78	-2.29919
12	68	-2.29906
6	18	2.2985
12	22	2.29775
36	40	-2.29704
24	92	-2.29696
56	86	-2.29585
18	52	-2.29469
38	46	-2.29247
10	14	-2.29233
52	68	-2.29163
10	24	-2.29008
30	86	2.2899
68	98	2.28878
54	82	-2.28877
14	88	2.2886
14	56	-2.28854
18	20	-2.28826
40	48	2.28792
38	76	-2.28705
20	76	-2.28495
14	42	-2.28484
24	84	2.28412
12	32	2.28338
86	90	-2.28295
26	88	2.28285
36	46	-2.28095
36	80	2.28076
46	80	-2.28063
44	52	-2.2799
58	86	-2.27984
14	80	2.27966
40	82	-2.27895
76	88	-2.27836
16	40	-2.27788
48	70	2.27787
14	78	-2.27725
34	82	-2.27723
10	52	-2.2767
10	48	2.27602
52	94	2.27569
10	60	-2.27552
20	24	2.27484
16	70	-2.27328
0	10	-2.27312
30	48	-2.27143
50	54	-2.26992
78	82	-2.26974
10	74	2.26917
4	52	-2.26912
8	64	-2.26909
36	76	-2.26886
52	66	2.26851
36	44	-2.26823
32	62	-2.26789
40	58	2.26657
0	6	-2.26599
38	44	-2.26561
36	78	-2.26546
32	64	-2.26465
20	58	-2.26457
64	80	-2.26392
18	24	-2.26244
2	50	-2.2624
36	72	-2.26216
46	72	2.26172
18	84	-2.26095
6	30	-2.26054
36	96	2.26005
24	76	-2.25867
90	94	-2.25853
76	86	-2.25784
14	18	-2.25665
70	74	2.25623
30	78	-2.25479
42	84	-2.25443
4	12	-2.25424
64	84	-2.2542
8	88	2.25353
44	92	2.25344
16	76	-2.25318
0	84	2.25288
24	46	-2.25263
40	90	2.25247
36	56	-2.25198
0	20	2.25071
38	64	-2.2506
26	78	-2.24968
22	98	-2.24941
8	48	-2.24934
14	40	-2.24837
34	50	-2.24809
36	92	-2.24785
6	24	-2.24761
66	82	2.24755
34	64	2.24668
0	76	-2.24666
48	86	-2.2465
30	90	-2.2452
42	56	2.24428
8	16	2.2438
0	18	-2.24376
58	88	-2.24366
58	80	-2.24362
8	90	-2.24342
44	56	2.24279
14	76	-2.24254
6	14	-2.24251
30	64	-2.2419
26	80	2.2411
24	88	2.24086
28	98	2.24022
40	62	2.23925
18	96	-2.23919
14	46	-2.23819
50	88	2.23809
8	98	-2.23778
0	46	-2.23678
12	54	-2.23642
76	94	-2.23476
34	58	2.23466
2	64	2.23395
28	50	-2.23326
0	88	2.23247
82	86	2.23207
58	94	-2.23057
48	94	-2.23018
60	68	-2.22941
32	90	-2.22733
10	90	2.2271
82	88	2.22656
24	96	2.22642
2	58	2.22602
64	96	-2.22582
24	40	-2.22541
22	52	2.22536
12	88	2.22465
54	58	2.22408
28	60	-2.2232
8	92	-2.22298
32	48	-2.22209
8	34	-2.22177
64	66	-2.22064
32	50	2.22062
24	80	2.2204
2	12	-2.21995
6	8	-2.21951
14	74	-2.21946
64	88	-2.21891
0	56	-2.21823
70	90	2.2181
14	20	2.21799
8	60	2.21768
66	90	-2.21741
82	98	-2.21714
54	64	2.21705
46	86	-2.21606
0	80	2.21576
26	98	-2.21536
46	66	-2.21505
4	98	2.21491
6	44	2.21486
62	66	-2.21444
24	44	-2.21416
24	56	-2.21368
10	20	-2.21356
12	34	-2.21077
66	76	-2.21049
14	44	-2.21031
72	76	2.21003
0	40	-2.20985
26	72	-2.20922
82	94	2.20889
2	52	-2.20864
30	66	2.20789
20	70	-2.207
22	58	-2.20699
66	74	-2.20635
48	66	-2.20594
58	96	-2.20493
20	64	-2.20459
78	98	2.20358
0	96	2.20214
46	94	-2.20172
16	64	-2.19949
18	48	2.19831
10	62	2.19801
70	84	-2.19792
46	92	2.19764
72	82	-2.19606
14	48	-2.19604
8	72	-2.1959
26	66	2.19586
8	54	-2.19576
6	66	-2.19556
0	44	-2.19552
44	66	-2.19535
14	84	2.19425
42	96	-2.19419
38	58	-2.19405
16	22	2.19371
0	48	-2.1933
32	80	2.19295
52	54	-2.19175
6	32	-2.19118
4	60	-2.19008
16	42	-2.18998
6	36	-2.18984
10	58	2.18981
4	58	2.18903
2	8	-2.18889
30	44	-2.18846
44	58	2.18794
58	84	-2.18765
20	42	-2.18727
76	80	-2.18628
36	98	-2.18555
52	98	-2.18542
38	62	-2.18495
26	92	-2.18495
40	52	-2.18442
30	58	-2.18352
16	68	-2.18348
62	70	2.18339
26	56	-2.18189
34	52	-2.18176
32	52	2.18112
58	66	-2.18112
80	82	2.18097
50	80	2.18055
40	60	-2.1804
18	58	2.18023
0	74	-2.17911
22	60	2.1791
10	84	-2.17824
4	64	2.17693
52	72	-2.17553
58	78	2.17431
24	48	-2.17401
18	38	-2.17325
20	90	-2.17275
38	74	-2.17191
16	90	-2.1714
36	38	2.17124
38	90	-2.17066
20	40	-2.16915
60	78	-2.1689
14	98	-2.16883
58	98	2.16861
32	92	-2.16809
12	28	-2.16709
60	64	-2.16664
58	68	2.1662
70	96	-2.16497
64	78	2.16486
12	80	2.16403
82	92	-2.16311
18	74	2.16284
24	74	-2.16247
18	90	2.16117
30	42	-2.16027
6	46	2.15943
26	86	2.15776
50	78	-2.15749
10	96	-2.15734
14	90	-2.157
42	48	2.15683
22	64	-2.15659
14	62	-2.15627
54	98	2.15536
24	38	2.15419
14	96	2.15387
12	58	-2.15377
38	42	-2.15215
0	90	-2.1502
32	76	-2.14929
36	74	-2.14864
32	72	-2.14803
80	94	2.14782
20	48	-2.14767
38	48	-2.14732
40	64	2.14628
62	96	-2.14561
76	92	2.1456
20	62	-2.14532
2	98	2.14495
8	78	-2.14418
16	48	-2.14404
66	92	-2.1428
90	96	-2.14234
4	16	-2.14203
26	94	2.14176
6	94	-2.14013
66	72	-2.13917
16	88	2.1388
56	66	-2.13879
44	86	-2.13878
46	56	2.13845
28	58	2.1379
80	86	2.13709
30	38	2.13701
8	12	2.13629
6	86	-2.13622
0	38	2.13616
44	94	-2.13611
32	58	-2.13585
0	62	-2.13443
36	48	-2.13344
6	26	-2.13336
2	60	-2.13326
28	64	2.13325
16	62	-2.13305
16	54	-2.13284
52	92	-2.13227
6	20	-2.1322
14	30	2.13182
24	90	-2.13172
44	48	2.13138
58	70	2.13108
66	78	-2.13082
52	88	2.13074
24	98	-2.13048
88	98	-2.12987
32	46	-2.12922
54	60	-2.12873
64	68	2.12829
62	84	-2.12778
6	16	-2.12673
32	82	2.12582
92	94	-2.12553
34	98	2.12526
86	92	-2.12493
30	36	2.12413
18	62	2.12342
56	82	-2.12322
8	22	2.12189
0	98	-2.11959
4	8	-2.11836
6	82	-2.11795
48	96	-2.11704
24	62	-2.11699
74	96	-2.11565
2	16	-2.11537
32	78	-2.11378
6	38	-2.11298
32	88	2.11275
34	60	-2.11264
8	58	-2.11255
6	76	2.11184
44	90	2.11128
74	84	-2.11043
40	84	-2.10981
58	60	-2.10966
42	74	2.1096
16	34	-2.10957
18	66	-2.10925
24	66	2.10838
20	68	-2.10671
38	70	-2.1059
42	86	-2.10433
40	96	-2.10321
8	52	2.10319
12	78	-2.10286
50	72	-2.10272
42	66	-2.10208
36	66	2.10154
0	66	2.10148
42	90	2.10138
84	90	-2.10091
20	22	2.10039
64	98	2.10012
6	52	-2.09991
32	34	-2.09708
36	90	-2.09685
10	38	-2.09669
8	50	2.09565
38	56	-2.09539
50	56	-2.09433
8	28	-2.09428
46	58	2.09313
52	80	2.09271
36	62	-2.09178
16	28	-2.09112
6	96	-2.08915
68	84	-2.08886
32	44	-2.08837
14	38	2.0881
26	30	2.08776
60	88	2.08719
42	94	-2.08697
16	72	-2.08662
30	46	-2.08639
72	98	2.08606
72	94	-2.08589
20	78	-2.08515
16	80	2.08477
16	92	-2.08434
24	30	2.08392
20	74	-2.08384
20	72	-2.08355
0	30	2.0834
12	64	-2.08244
50	58	-2.08152
10	64	2.08128
6	98	2.08063
20	92	-2.08047
50	92	-2.08004
8	68	-2.07926
8	40	-2.07908
72	86	-2.07896
88	94	2.07862
26	32	2.07791
32	54	-2.07767
16	78	-2.0771
56	76	2.07688
2	32	-2.07671
8	76	-2.07643
20	28	-2.07545
26	74	-2.07545
44	74	2.07502
34	94	-2.07369
26	48	-2.07315
48	84	-2.07212
52	64	-2.07164
34	86	-2.07146
4	20	-2.07119
38	92	-2.07117
86	88	2.07105
90	98	2.07045
22	84	2.07028
28	66	-2.07014
44	62	2.06952
30	96	2.06918
12	56	-2.06868
12	72	-2.06821
58	76	2.06789
42	62	2.06721
18	86	-2.06573
68	96	-2.06485
80	98	-2.06463
46	48	2.06455
36	86	2.06357
38	72	-2.06327
60	72	-2.06212
18	94	-2.06196
38	78	-2.0611
78	96	-2.05836
28	84	-2.05816
48	98	2.05787
16	74	-2.05732
28	32	-2.05726
92	98	2.05626
54	94	-2.05621
2	94	-2.05592
24	86	2.05588
66	70	-2.05522
2	86	-2.05507
4	84	-2.05383
54	86	-2.05377
22	96	2.05376
18	64	2.05359
36	94	2.05337
30	84	2.05322
12	92	-2.05307
38	40	-2.05279
48	82	-2.05205
8	46	-2.05177
14	66	2.05162
44	64	2.05142
6	50	-2.05124
20	54	-2.05101
30	50	2.04996
12	30	2.04974
28	96	-2.0497
66	80	2.0489
52	56	-2.04886
64	70	2.04882
30	82	2.04881
92	96	-2.04863
20	88	2.04855
32	42	-2.04804
64	76	2.04781
10	66	-2.04735
24	94	2.04712
30	76	-2.04712
72	96	-2.04705
62	98	2.04698
60	80	2.04638
74	82	-2.04551
50	64	-2.04513
6	12	-2.04475
8	82	2.04462
26	90	-2.04416
2	20	-2.04293
46	90	2.04286
0	86	2.0424
56	84	-2.0417
56	96	-2.04123
78	84	-2.04065
52	58	-2.03934
14	64	-2.03871
12	90	-2.03848
0	94	2.03592
26	62	-2.03583
20	34	-2.03569
4	32	-2.03553
28	38	-2.03552
60	92	-2.03517
24	32	2.03514
4	96	-2.03471
0	32	2.0337
30	52	2.03305
6	84	-2.0328
48	52	-2.03257
70	86	-2.03243
22	32	2.03234
12	48	-2.03144
54	84	-2.03143
60	62	-2.03072
48	76	2.02798
46	64	2.02786
18	32	-2.02731
2	84	-2.0267
70	94	-2.02649
82	90	-2.02638
46	74	2.02636
38	68	-2.02572
0	64	-2.02521
42	58	2.02494
38	80	2.0249
78	94	-2.02402
8	10	-2.02362
84	88	2.02328
60	74	-2.02306
20	30	2.02299
12	62	-2.02233
32	36	2.02154
10	86	-2.02149
16	30	2.02149
4	86	-2.02131
8	44	-2.0213
22	94	2.02125
34	84	-2.02109
14	58	-2.02029
4	94	-2.02024
22	86	2.02007
52	74	-2.01969
40	66	-2.01964
10	94	-2.01929
14	86	2.01899
8	42	-2.01868
54	96	-2.01855
22	38	2.01839
62	82	-2.01828
24	64	-2.01762
64	82	-2.01751
48	50	-2.01741
88	96	2.0173
20	80	2.01709
0	8	2.01687
6	60	-2.01682
46	62	2.01627
8	26	2.01594
58	82	-2.01579
74	98	2.01509
26	58	-2.01484
52	90	-2.01474
32	40	-2.01468
66	88	2.01432
32	68	-2.01427
16	56	-2.01366
2	96	-2.01342
8	24	2.01324
0	58	-2.01311
14	94	2.01278
56	60	-2.01257
76	90	2.01251
52	62	-2.01207
84	92	-2.01181
80	84	2.01169
34	66	-2.01168
50	90	-2.01123
60	90	-2.01089
68	86	-2.01054
8	70	-2.01041
40	94	-2.01015
72	84	-2.00991
34	96	-2.0097
80	96	2.00926
78	86	-2.0091
56	98	2.00887
50	74	-2.00881
38	88	2.00867
68	94	-2.00846
36	58	-2.00827
8	14	2.00826
4	38	-2.008
2	66	-2.00796
74	76	2.00794
40	86	-2.00753
24	58	-2.00744
36	64	-2.00741
66	68	-2.00734
4	66	-2.00532
54	66	-2.00495
28	94	-2.00469
20	56	-2.00439
14	32	2.00395
32	70	-2.00386
12	74	-2.00365
38	54	-2.00308
10	32	-2.0029
30	60	2.00287
50	62	-2.00277
30	98	-2.00266
48	60	-2.00238
34	38	-2.00229
8	18	-2.00212
26	64	-2.00211
22	66	2.001
62	76	2.00087
2	38	-2.00077
28	86	-2.00044
42	64	2.00027
8	36	2.00008
