31	63	11.9984
15	21	-11.9969
37	73	11.9822
41	51	11.9817
91	95	11.9767
75	85	11.9755
3	63	11.9741
45	69	11.9736
3	31	11.971
49	83	11.9681
17	97	11.9671
47	81	11.9362
53	55	11.9342
51	61	-11.9259
33	45	11.9226
5	49	11.9052
5	83	11.9037
57	89	11.9026
29	97	11.8999
71	79	11.8963
27	49	11.8919
35	73	11.8849
47	83	11.8842
23	85	11.8836
11	35	-11.8815
41	61	-11.8747
17	29	11.8689
41	79	11.8407
21	39	-11.8375
51	79	11.8349
1	41	11.8331
27	83	11.8283
33	69	11.8259
59	75	-11.8159
31	39	11.8143
23	75	11.8079
39	63	11.8006
15	39	11.7942
35	37	11.7918
55	69	11.7871
63	75	-11.7857
5	37	11.7845
39	85	-11.7765
19	33	11.7691
47	49	11.7594
31	75	-11.7594
81	83	11.7544
59	77	11.7519
23	99	11.7487
11	99	-11.7289
33	93	11.7264
39	75	-11.7236
45	55	11.7183
1	51	11.7115
15	61	-11.7109
21	61	11.7066
63	85	-11.7052
11	23	-11.704
27	47	11.7011
3	59	11.7002
87	89	11.6976
21	31	-11.6957
59	63	11.694
51	71	11.6857
31	85	-11.6837
15	31	11.6754
3	75	-11.6732
59	85	-11.6669
19	45	11.6631
15	51	11.659
21	63	-11.6556
5	73	11.6535
31	59	11.6507
3	39	11.6471
53	87	11.6367
15	63	11.6328
5	47	11.6272
21	51	-11.6263
15	71	11.6252
1	43	11.6191
41	71	11.6179
5	27	11.6058
35	99	11.5983
1	79	11.5814
53	69	11.5666
11	73	-11.5658
13	89	11.5644
61	79	-11.563
49	81	11.561
21	71	-11.5592
9	29	11.5584
1	61	-11.5559
3	85	-11.5502
3	21	-11.5501
7	91	11.5463
3	15	11.539
5	81	11.5317
43	95	11.5255
59	67	11.5205
37	83	11.509
11	77	11.5039
15	41	11.4945
7	95	11.4886
19	69	11.4732
3	67	11.4689
9	67	11.4645
21	41	-11.4554
11	75	-11.4517
23	39	-11.4426
15	79	11.4379
11	85	-11.4359
45	53	11.4359
37	49	11.4343
45	93	11.4313
61	71	-11.4304
23	59	-11.4252
57	87	11.4067
27	81	11.4015
13	27	11.4005
11	37	-11.3961
33	55	11.39
11	59	11.3847
13	87	11.3769
21	79	-11.3694
7	43	11.3694
43	91	11.3647
55	87	11.36
39	61	-11.3529
73	83	11.352
75	77	-11.3351
85	99	11.3308
67	77	11.3167
37	81	11.3102
19	93	11.3013
69	93	11.2978
23	35	11.2961
21	85	11.2915
39	59	11.2904
35	77	-11.2811
63	67	11.2715
23	63	-11.271
17	81	-11.2558
21	75	11.2554
19	55	11.2508
49	73	11.2502
23	31	-11.2376
31	67	11.2374
73	81	11.2289
37	47	11.2236
15	85	-11.2192
25	71	11.2155
3	25	11.2149
75	99	11.207
5	35	11.2029
15	75	-11.1904
9	77	11.1735
13	57	11.1695
73	99	11.1646
25	67	11.1634
1	71	11.1544
77	85	-11.1436
79	95	11.117
9	97	11.1109
39	51	11.1108
1	95	11.1013
47	73	11.0883
23	77	-11.0816
41	43	11.0812
3	23	-11.0722
73	77	-11.0653
27	89	11.0426
29	65	11.0354
31	71	11.0341
9	17	11.0267
25	31	11.0243
33	53	11.0172
65	97	11.0172
37	99	11.0172
3	77	11.0128
25	63	10.9998
3	71	10.9821
63	77	10.9774
39	71	10.9762
81	97	-10.9735
63	71	10.9685
43	79	10.9624
67	75	-10.9553
29	77	10.9483
31	61	-10.9189
35	59	-10.9186
27	37	10.914
53	89	10.9123
27	57	10.912
35	75	10.9095
31	77	10.9085
9	65	10.9071
79	91	10.9014
17	47	-10.8988
13	49	10.8981
35	85	10.8887
39	41	10.8848
37	77	-10.8628
61	63	-10.857
1	15	10.8545
1	91	10.8505
43	51	10.8484
19	53	10.841
21	59	-10.8405
15	25	10.8383
41	95	10.8098
1	21	-10.8074
9	59	10.8026
29	81	-10.7998
31	51	10.7947
21	23	10.7945
15	59	10.7918
59	99	-10.7911
35	83	10.789
47	57	10.7715
21	25	-10.7708
11	63	10.7415
51	63	10.7246
23	73	10.7211
35	81	10.7173
13	83	10.7146
17	65	10.7087
15	23	-10.7039
25	79	10.7015
39	79	10.7013
77	99	-10.6994
71	95	10.6949
3	61	-10.6948
27	73	10.6918
67	85	-10.6896
11	31	10.6796
35	49	10.6744
53	57	10.6675
39	99	-10.6595
47	89	10.6489
17	77	10.6473
11	39	10.6454
55	89	10.6367
13	47	10.6253
51	95	10.6249
3	11	10.6159
3	51	10.6127
5	11	-10.6088
69	87	10.6023
47	97	-10.6019
31	79	10.5891
61	85	10.5564
41	91	10.5507
31	41	10.5473
55	93	10.5455
43	61	-10.535
39	67	10.5291
63	79	10.5142
35	47	10.5028
77	97	10.4972
23	37	10.4961
71	91	10.4901
3	79	10.4834
25	59	10.4772
49	89	10.4751
41	63	10.4741
55	57	10.4734
59	73	-10.4707
39	77	10.4685
45	87	10.4535
29	67	10.4505
57	81	10.4482
63	99	-10.4347
61	75	10.4331
57	83	10.4308
83	89	10.4308
17	83	-10.4119
25	39	10.4109
49	57	10.4023
31	99	-10.3922
43	71	10.3881
21	67	-10.3802
15	67	10.3799
29	47	-10.3788
51	91	10.3657
77	81	-10.3652
3	41	10.3651
1	7	10.3562
13	53	10.3557
5	13	10.3406
73	75	10.3268
25	51	10.3193
3	9	10.3028
11	67	10.2928
73	85	10.2757
17	73	-10.2628
81	89	10.2523
23	67	-10.242
51	85	-10.2361
27	87	10.2324
25	75	-10.2319
5	99	10.2298
3	99	-10.2278
37	59	-10.2258
11	81	-10.2256
17	37	-10.2139
71	75	-10.2029
71	85	-10.1874
29	59	10.1763
25	41	10.1726
11	83	-10.1711
61	95	-10.1703
13	81	10.1701
1	39	10.1618
5	77	-10.153
51	75	-10.1505
53	93	10.1348
5	17	-10.1334
35	63	-10.1123
9	63	10.1087
23	61	10.1028
17	49	-10.0976
83	97	-10.0916
29	73	-10.0791
37	75	10.0746
25	61	-10.071
9	75	-10.0546
9	31	10.054
25	85	-10.0525
27	35	10.0462
31	35	-10.0452
11	49	-10.0278
37	85	10.0273
19	87	10.0122
3	35	-10.0078
17	35	-9.98973
35	39	-9.98749
67	71	9.98523
29	37	-9.98397
41	85	-9.97933
33	87	9.97031
29	83	-9.96414
73	97	-9.95761
17	27	-9.94904
13	55	9.9476
59	71	9.94356
47	77	-9.93992
11	47	-9.93718
9	25	9.93088
29	35	-9.92593
77	83	-9.9237
21	99	9.91965
61	91	-9.91223
11	29	9.91186
9	11	9.90186
5	89	9.90018
37	97	-9.89887
11	21	-9.89768
35	67	-9.89186
21	77	-9.89056
41	75	-9.8895
5	57	9.8745
7	79	9.87172
59	61	-9.86314
67	97	9.83524
15	77	9.83452
11	17	9.83284
9	81	-9.83179
17	67	9.82758
15	99	-9.82697
79	85	-9.81682
11	15	9.81267
5	97	-9.80767
9	85	-9.80114
49	97	-9.78712
75	79	-9.78595
7	47	-9.78447
25	77	9.78442
5	29	-9.77684
1	31	9.76962
69	89	9.75311
43	89	-9.75247
17	59	9.75081
7	81	-9.74571
7	41	9.74354
57	95	-9.73527
13	43	-9.73461
1	87	-9.73362
35	97	-9.72997
23	51	-9.72924
15	43	9.72776
41	87	-9.72052
9	35	-9.71095
83	99	9.70211
1	63	9.69652
15	95	9.69542
49	77	-9.69428
65	67	9.68716
9	73	-9.68577
51	87	-9.68021
29	49	-9.67809
27	97	-9.67486
1	89	-9.67382
45	89	9.66876
51	59	9.66514
21	43	-9.66354
57	91	-9.66263
43	57	-9.6579
59	97	9.65185
51	53	-9.64457
49	99	9.64198
47	87	9.633
1	13	-9.63109
11	97	9.62859
17	57	-9.62581
15	55	-9.6257
15	53	-9.62113
23	71	-9.61922
67	73	-9.6184
21	53	9.612
57	69	9.61106
21	55	9.61077
27	43	-9.61005
21	95	-9.6097
41	53	-9.60908
53	61	9.60819
1	25	9.60781
61	87	9.60605
49	87	9.60203
5	23	9.59837
1	3	9.59431
7	83	-9.5927
19	57	9.57926
7	93	-9.57368
79	87	-9.5733
45	57	9.57154
31	69	-9.56786
81	99	9.56729
7	27	-9.56649
89	95	-9.56529
63	69	-9.55867
7	57	-9.55757
3	45	-9.55696
67	99	-9.55317
9	37	-9.55309
55	71	-9.55291
31	45	-9.55264
63	73	-9.54962
19	25	-9.5495
3	33	-9.54723
9	23	-9.54593
45	63	-9.54455
53	79	-9.54153
51	55	-9.53988
3	69	-9.53951
23	25	-9.53358
43	87	-9.53224
19	89	9.52842
15	69	-9.52765
55	79	-9.52518
21	69	9.52214
29	75	-9.51906
41	89	-9.50876
7	51	9.50557
7	49	-9.50271
1	57	-9.49865
53	71	-9.49793
83	87	9.49749
31	33	-9.49335
33	63	-9.49274
27	29	-9.4899
23	41	-9.48907
41	55	-9.48751
3	73	-9.48483
57	97	-9.48328
31	73	-9.48173
79	89	-9.47828
65	77	9.46992
15	91	9.46815
15	45	-9.46666
61	67	-9.46578
39	69	-9.46491
55	61	9.46491
57	79	-9.46335
9	39	9.45666
21	45	9.45378
89	91	-9.44922
13	37	9.44286
59	79	9.44109
37	67	-9.43814
7	89	-9.43447
67	93	-9.43175
9	47	-9.43027
59	81	-9.42881
39	55	-9.42449
1	53	-9.42447
51	67	9.42198
25	95	9.41717
39	53	-9.41683
41	59	9.41453
67	79	9.41315
5	59	-9.41067
31	55	-9.41057
51	89	-9.41019
59	93	-9.40882
11	27	-9.40842
3	19	-9.38629
21	91	-9.38524
55	63	-9.38443
45	71	-9.38008
3	93	-9.37815
47	99	9.37408
39	45	-9.37185
71	87	-9.36727
43	47	-9.36525
3	29	9.3632
41	57	-9.36312
39	73	-9.3626
69	71	-9.36259
7	17	9.36214
69	75	9.35445
19	71	-9.35433
5	7	-9.35297
33	59	-9.3521
7	71	9.35111
3	55	-9.34513
43	49	-9.34322
29	85	-9.3366
23	29	-9.33391
33	67	-9.32983
61	99	9.32169
37	63	-9.31544
77	93	-9.30984
15	87	-9.30664
69	85	9.30653
43	83	-9.30339
63	93	-9.29967
13	41	-9.29582
25	91	9.29536
23	79	-9.2938
45	75	9.29232
45	59	-9.28965
17	89	-9.28917
19	31	-9.28893
31	53	-9.28772
15	33	-9.28764
31	93	-9.28607
21	87	9.28589
19	67	-9.28459
59	69	-9.28324
19	63	-9.27878
21	33	9.27037
69	79	-9.26912
33	71	-9.26837
51	57	-9.26671
51	69	-9.26603
1	85	-9.26324
3	37	-9.25924
21	35	9.25808
29	63	9.25734
53	63	-9.25729
33	89	9.25492
45	79	-9.25328
1	55	-9.25267
31	37	-9.25075
9	83	-9.24872
7	97	9.24538
5	9	-9.24505
91	93	-9.24203
25	33	-9.23829
81	87	9.23816
33	75	9.23218
11	25	9.22427
61	89	9.22386
45	85	9.22051
41	67	9.21971
47	91	-9.21916
23	81	9.21778
7	33	-9.21466
13	73	9.21462
57	71	-9.20908
61	69	9.20799
47	95	-9.20624
5	75	9.20388
33	39	-9.20297
87	95	-9.20254
33	57	9.19822
41	69	-9.19648
29	31	9.19644
71	89	-9.19626
61	65	-9.19397
27	77	-9.18767
9	21	-9.1872
3	53	-9.1863
45	51	-9.18345
15	35	-9.18201
65	81	-9.18146
17	75	-9.17882
13	51	-9.17154
59	65	9.1695
93	95	-9.16914
9	15	9.16647
13	69	9.16642
1	75	-9.16612
23	83	9.16024
43	53	-9.15908
29	99	-9.15667
89	97	-9.15569
5	85	9.1539
17	99	-9.15144
37	57	9.14983
7	13	-9.14916
15	19	-9.14882
25	45	-9.14624
7	61	-9.14537
17	23	-9.14396
45	67	-9.1433
43	81	-9.14112
37	39	-9.13766
75	93	9.1373
7	45	-9.13667
27	95	-9.13639
81	91	-9.13422
19	79	-9.1271
33	85	9.12318
7	69	-9.12132
27	53	9.11964
11	61	-9.11858
59	83	-9.11299
41	45	-9.1127
19	21	9.11242
33	79	-9.10678
37	89	9.10588
13	65	-9.10147
75	97	-9.10005
13	61	9.09791
45	61	9.09292
55	75	9.09167
87	93	9.09127
13	17	-9.08884
9	93	-9.08718
81	95	-9.08718
55	85	9.08674
9	49	-9.08617
13	95	-9.08151
9	99	-9.0762
27	91	-9.07493
67	81	-9.06269
47	59	-9.06129
27	99	9.06043
1	27	-9.05873
25	93	-9.0585
7	37	-9.05843
5	87	9.05814
23	97	-9.05714
87	91	-9.05416
13	45	9.05267
13	79	-9.05223
23	49	9.05087
43	55	-9.0399
71	77	9.03907
75	81	9.0372
25	99	-9.03569
67	69	-9.03542
17	85	-9.03413
7	87	-9.03253
5	43	-9.03192
53	85	9.03007
19	59	-9.02889
97	99	-9.02788
57	61	9.0267
33	77	-9.02348
29	57	-9.02321
23	69	9.02225
39	65	9.0221
55	95	-9.01751
7	29	9.01601
25	69	-9.01513
1	65	9.0143
39	43	9.01249
25	43	9.01066
53	75	8.99987
33	91	-8.99572
85	93	8.99353
13	97	-8.98842
53	95	-8.98735
61	77	-8.98734
65	85	-8.98453
71	93	-8.98411
57	73	8.98287
33	95	-8.98068
25	55	-8.97731
51	99	-8.9773
7	73	-8.97467
65	75	-8.97448
7	55	-8.97238
85	97	-8.97056
83	95	-8.9666
33	51	-8.96643
39	87	-8.96521
1	69	-8.96374
45	95	-8.95997
83	91	-8.95881
23	47	8.95709
15	93	-8.95398
19	91	-8.94944
49	59	-8.94758
47	65	-8.94652
21	93	8.93906
13	91	-8.93884
19	39	-8.93475
45	91	-8.93471
39	95	8.93186
81	85	8.93136
5	67	-8.93048
39	93	-8.92996
71	99	-8.92979
55	91	-8.92718
23	65	-8.92672
73	89	8.92403
19	95	-8.92362
69	95	-8.92311
17	91	8.92225
49	95	-8.92215
23	45	8.91985
55	59	-8.91388
7	53	-8.91257
3	65	8.90407
13	19	8.90208
43	69	-8.90143
33	41	-8.89963
3	17	8.89888
49	91	-8.89674
63	65	8.89631
41	65	8.8909
25	35	-8.88324
51	65	8.88258
45	77	-8.88236
19	75	8.88159
31	65	8.87955
9	27	-8.87934
69	91	-8.87913
7	19	-8.87828
11	71	8.87557
79	93	-8.87372
53	91	-8.87019
1	45	-8.86898
91	97	8.86644
1	23	-8.86451
15	89	-8.8642
19	51	-8.86312
3	97	8.86265
21	65	-8.86162
69	77	-8.86037
75	83	8.85826
43	93	-8.85731
33	61	8.85144
27	55	8.84479
11	51	8.83439
43	45	-8.8331
29	39	8.83243
17	63	8.83105
21	89	8.82745
23	33	8.82736
15	65	8.81834
31	95	8.81703
11	93	-8.81455
13	29	-8.81397
51	77	8.8023
83	85	8.79648
19	41	-8.79517
63	97	8.79305
65	87	-8.79013
41	99	-8.78892
17	95	8.78836
23	55	8.78691
25	53	-8.78201
29	89	-8.78139
17	31	8.77541
19	85	8.77306
25	29	8.77188
63	95	8.75859
39	91	8.75784
23	53	8.75627
3	95	8.75617
31	43	8.75497
1	59	8.75428
23	93	8.75342
15	57	-8.75277
53	59	-8.74977
31	87	-8.7493
13	71	-8.74639
47	75	8.74639
11	65	8.74505
67	83	-8.74326
31	97	8.74114
33	43	-8.73809
9	33	-8.73551
47	67	-8.73273
9	71	8.73196
21	73	8.7319
29	93	-8.73138
11	69	-8.73092
13	33	8.73036
49	75	8.72992
95	97	8.72623
43	65	8.72384
55	67	-8.71735
63	87	-8.71134
1	49	-8.71098
21	57	8.70885
1	47	-8.70814
43	63	8.6984
65	89	-8.69677
19	61	8.69384
5	91	-8.69111
13	35	8.68914
51	93	-8.68836
47	53	8.68643
5	95	-8.686
11	33	-8.68595
1	67	8.68439
49	85	8.68185
1	33	-8.67926
57	65	-8.67483
15	73	-8.67263
11	45	-8.67233
65	99	-8.67126
27	65	-8.67083
19	77	-8.66712
47	85	8.66692
79	99	-8.66632
31	91	8.6586
41	93	-8.65664
49	67	-8.65366
9	61	-8.65179
3	43	8.65106
1	83	-8.64813
65	83	-8.64765
3	87	-8.64451
11	41	8.64374
7	35	-8.64064
9	19	-8.64017
49	53	8.63096
27	41	-8.63031
77	79	8.62913
25	73	-8.61912
41	77	8.61301
35	93	8.6128
3	91	8.60935
5	63	-8.60824
7	65	8.6071
63	91	8.60596
35	61	8.60453
7	15	8.59963
3	5	-8.59043
13	15	-8.57757
35	65	-8.5748
9	13	-8.57143
17	87	-8.56877
1	93	-8.56868
23	27	8.56783
69	99	8.5658
53	83	8.56556
61	93	8.55994
5	31	-8.55983
21	37	8.55817
13	21	8.55714
3	81	-8.55706
11	79	8.5567
49	65	-8.55543
37	43	-8.55324
25	65	8.55162
29	91	8.55156
63	81	-8.54978
65	73	-8.54856
7	21	-8.54678
27	79	-8.54201
25	37	-8.54186
87	97	-8.53404
17	43	8.53327
1	19	-8.53034
53	67	-8.52123
27	59	-8.52003
35	57	8.51894
25	87	-8.51642
9	51	8.51612
39	97	8.51463
17	39	8.51302
9	45	-8.50896
47	55	8.50894
15	37	-8.50598
85	87	8.50225
17	93	-8.50184
31	81	-8.50117
89	93	8.49978
27	51	-8.49535
19	43	-8.49106
19	23	8.48964
53	65	-8.489
1	81	-8.48685
37	65	-8.48613
21	29	-8.48264
73	93	8.47906
45	99	8.47764
93	97	-8.4724
43	97	8.46726
35	89	8.46562
39	89	-8.46355
5	65	-8.4605
5	39	-8.45593
57	93	8.45427
7	77	8.45245
75	87	8.45138
15	29	8.45057
55	77	-8.44649
65	79	8.44252
35	71	-8.44122
43	73	-8.44021
65	91	8.43862
53	81	8.43414
35	69	8.43333
29	95	8.43278
49	55	8.42975
37	87	8.4283
33	35	8.42653
9	69	-8.42466
33	99	8.4192
25	57	-8.4167
9	41	8.41216
1	5	-8.40632
65	95	8.4025
93	99	8.40222
11	55	-8.4001
37	91	-8.39522
9	79	8.3911
7	9	8.39095
27	67	-8.39015
35	45	8.38932
35	51	-8.38866
37	93	8.38633
55	83	8.38507
7	25	8.37385
25	97	8.37344
25	89	-8.37337
63	83	-8.3714
27	61	8.37099
7	11	8.36673
3	83	-8.36352
43	85	-8.36216
47	79	-8.36173
41	47	-8.36006
17	25	8.35808
55	99	8.35779
37	95	-8.35636
11	19	-8.3504
65	71	8.34966
1	99	-8.34764
39	57	-8.34543
53	99	8.34471
27	75	8.33881
85	95	-8.33263
39	81	-8.33245
31	83	-8.33199
11	53	-8.33164
31	89	-8.33117
5	25	-8.33026
41	49	-8.32415
47	63	-8.32327
19	27	8.32323
73	91	-8.32278
3	47	-8.32264
43	75	-8.31447
13	25	-8.31433
73	87	8.31007
55	81	8.30906
29	33	-8.3085
53	77	-8.30466
27	85	8.30428
75	95	-8.3026
27	69	8.30183
23	87	8.3004
63	89	-8.30031
5	53	8.2975
29	43	8.29728
29	87	-8.29602
11	13	-8.29411
31	47	-8.28668
41	83	-8.2854
13	39	-8.28422
49	63	-8.28418
3	49	-8.28121
73	95	-8.27985
27	71	-8.27682
31	57	-8.27496
49	79	-8.27007
3	89	-8.26912
55	65	-8.26805
13	93	8.26685
27	45	8.26248
35	41	-8.26048
47	51	-8.25593
57	77	-8.25466
31	49	-8.25017
9	57	-8.24776
79	83	-8.24726
57	63	-8.24701
1	9	8.24587
33	73	8.24411
61	73	8.2423
39	83	-8.23993
81	93	8.23871
85	91	-8.23868
13	77	-8.23449
3	57	-8.23433
19	99	8.23268
1	11	8.23213
59	87	-8.23007
79	81	-8.22282
21	97	-8.22235
49	51	-8.22001
25	49	-8.21822
69	73	8.21777
11	57	-8.21624
35	79	-8.2098
75	91	-8.20932
67	95	8.20889
65	93	-8.20781
17	21	-8.2072
29	61	-8.20331
41	81	-8.20201
7	99	-8.1996
1	77	8.19925
9	89	-8.19764
15	97	8.19549
13	67	-8.19244
45	73	8.19154
51	83	-8.18921
15	17	8.18232
19	35	8.18208
39	47	-8.18077
13	99	8.18012
11	89	-8.17883
39	49	-8.17655
19	29	-8.17315
5	55	8.16964
35	43	-8.16903
7	39	8.16702
77	89	-8.16679
33	37	8.16641
43	67	8.1626
9	55	-8.1625
35	55	8.16249
1	97	8.1622
59	95	8.16074
67	87	-8.15932
25	27	-8.15878
71	73	-8.15713
23	43	-8.15279
29	45	-8.15149
37	61	8.15119
19	49	8.15093
23	95	-8.15015
91	99	-8.14979
25	83	-8.14823
67	91	8.14733
47	71	-8.14719
5	93	8.14608
1	17	8.14584
17	33	-8.14425
65	69	-8.14377
37	69	8.1423
47	61	8.14115
49	61	8.1377
47	69	8.13578
13	31	-8.13267
35	91	-8.13006
43	59	8.12981
85	89	8.1284
51	81	-8.12712
33	97	-8.12593
35	53	8.12436
53	97	-8.12203
5	21	8.12075
27	33	8.12037
19	47	8.12005
37	45	8.11986
17	53	-8.11951
61	97	-8.11922
51	73	-8.11787
45	47	8.11664
5	41	-8.11486
13	63	-8.11282
29	69	-8.11276
23	91	-8.11244
29	71	8.11067
75	89	8.11035
61	83	8.10965
95	99	-8.10964
9	43	8.10925
47	93	8.10767
7	31	8.10318
9	87	-8.099
9	53	-8.09853
3	13	-8.09823
59	91	8.09809
5	15	-8.09752
35	87	8.09637
19	83	8.09453
7	59	8.09359
1	37	-8.09145
49	71	-8.09056
49	69	8.09013
35	95	-8.08964
37	71	-8.08848
21	81	8.08844
83	93	8.08772
25	81	-8.08767
1	29	8.08693
5	79	-8.0865
29	51	8.08527
7	63	8.08474
57	99	8.08421
45	65	-8.0823
3	7	8.07979
69	83	8.07896
19	73	8.07852
69	81	8.0768
15	81	-8.07536
15	27	-8.0723
5	19	8.07209
87	99	8.0717
71	81	-8.07164
71	83	-8.07105
3	27	-8.07079
27	63	-8.06992
17	19	-8.0699
19	97	-8.06978
33	65	-8.06911
45	81	8.06881
45	49	8.06827
57	85	8.06782
57	75	8.06537
17	55	-8.06305
21	27	8.06231
37	53	8.06111
11	87	-8.06016
41	73	-8.05939
37	51	-8.05902
89	99	8.05881
19	37	8.05767
45	83	8.05736
5	51	-8.05666
9	91	8.05651
29	41	8.05567
17	61	-8.05518
27	31	-8.05393
55	97	-8.05332
53	73	8.05311
17	45	-8.05256
1	73	-8.05196
33	81	8.05191
41	97	8.05028
61	81	8.04959
1	35	-8.04918
77	91	8.04884
55	73	8.04882
57	59	-8.04851
49	93	8.0475
19	81	8.04366
23	89	8.04355
21	47	8.04251
33	47	8.04242
13	85	8.04156
21	83	8.04119
15	47	-8.03975
59	89	-8.03965
51	97	8.03915
13	23	8.03897
27	39	-8.03885
7	23	-8.03702
11	43	8.03668
25	47	-8.03592
45	97	-8.0352
77	95	8.0345
5	61	8.03356
37	55	8.03328
73	79	-8.03238
17	79	8.03203
15	83	-8.0316
19	65	-8.02975
7	67	8.02952
17	69	-8.02925
37	41	-8.02695
17	41	8.02412
43	77	8.02354
5	69	8.02255
29	53	-8.02199
79	97	8.02196
9	95	8.02082
11	91	8.02025
13	75	8.01969
77	87	-8.01942
21	49	8.01847
7	75	-8.01828
69	97	-8.0153
17	71	8.01439
15	49	-8.01279
23	57	8.01164
57	67	-8.01156
33	49	8.01156
13	59	-8.01049
29	79	8.01039
5	33	8.01033
17	51	8.00961
5	71	-8.00911
67	89	-8.00799
33	83	8.00795
5	45	8.00788
7	85	-8.00661
71	97	8.00603
37	79	-8.00589
11	95	8.00362
43	99	-8.00284
27	93	8.00056
29	55	-8.00038
88	89	6
20	21	6
86	87	6
46	47	6
16	17	6
56	57	6
92	93	6
48	49	6
94	95	6
22	23	6
50	51	6
54	55	6
32	33	6
96	97	6
90	91	6
58	59	6
80	81	6
34	35	6
72	73	6
36	37	6
70	71	6
28	29	6
74	75	6
38	39	6
68	69	6
40	41	6
76	77	6
42	43	6
24	25	6
26	27	6
66	67	6
78	79	6
64	65	6
44	45	6
82	83	6
62	63	6
30	31	6
84	85	6
14	15	6
60	61	6
18	19	6
52	53	6
0	1	6
98	99	6
2	3	6
8	9	6
12	13	6
6	7	6
4	5	6
10	11	6
31	62	5.99921
30	63	5.99921
15	20	-5.99844
14	21	-5.99844
37	72	5.99109
36	73	5.99109
40	51	5.99086
41	50	5.99086
91	94	5.98834
90	95	5.98834
75	84	5.98773
74	85	5.98773
3	62	5.98706
2	63	5.98706
45	68	5.9868
44	69	5.9868
3	30	5.98549
2	31	5.98549
48	83	5.98407
49	82	5.98407
16	97	5.98354
17	96	5.98354
46	81	5.96809
47	80	5.96809
52	55	5.96708
53	54	5.96708
50	61	-5.96295
51	60	-5.96295
32	45	5.96128
33	44	5.96128
5	48	5.9526
4	49	5.9526
4	83	5.95183
5	82	5.95183
57	88	5.95132
56	89	5.95132
29	96	5.94997
28	97	5.94997
71	78	5.94817
70	79	5.94817
27	48	5.94594
26	49	5.94594
35	72	5.94246
34	73	5.94246
46	83	5.94211
47	82	5.94211
22	85	5.94179
23	84	5.94179
11	34	-5.94074
10	35	-5.94074
41	60	-5.93736
40	61	-5.93736
16	29	5.93444
17	28	5.93444
41	78	5.92037
40	79	5.92037
21	38	-5.91873
20	39	-5.91873
50	79	5.91745
51	78	5.91745
1	40	5.91656
0	41	5.91656
27	82	5.91417
26	83	5.91417
33	68	5.91293
32	69	5.91293
58	75	-5.90795
59	74	-5.90795
30	39	5.90717
31	38	5.90717
23	74	5.90393
22	75	5.90393
38	63	5.90032
39	62	5.90032
15	38	5.89708
14	39	5.89708
34	37	5.89592
35	36	5.89592
55	68	5.89357
54	69	5.89357
63	74	-5.89285
62	75	-5.89285
4	37	5.89223
5	36	5.89223
39	84	-5.88823
38	85	-5.88823
18	33	5.88455
19	32	5.88455
47	48	5.87971
46	49	5.87971
31	74	-5.8797
30	75	-5.8797
80	83	5.87719
81	82	5.87719
58	77	5.87596
59	76	5.87596
22	99	5.87437
23	98	5.87437
11	98	-5.86446
10	99	-5.86446
32	93	5.86319
33	92	5.86319
38	75	-5.86178
39	74	-5.86178
45	54	5.85914
44	55	5.85914
1	50	5.85577
0	51	5.85577
15	60	-5.85543
14	61	-5.85543
20	61	5.85329
21	60	5.85329
63	84	-5.8526
62	85	-5.8526
10	23	-5.852
11	22	-5.852
26	47	5.85053
27	46	5.85053
2	59	5.85012
3	58	5.85012
86	89	5.84882
87	88	5.84882
20	31	-5.84784
21	30	-5.84784
59	62	5.84701
58	63	5.84701
51	70	5.84287
50	71	5.84287
30	85	-5.84185
31	84	-5.84185
14	31	5.83769
15	30	5.83769
2	75	-5.83661
3	74	-5.83661
58	85	-5.83345
59	84	-5.83345
18	45	5.83156
19	44	5.83156
15	50	5.82948
14	51	5.82948
20	63	-5.8278
21	62	-5.8278
4	73	5.82676
5	72	5.82676
30	59	5.82536
31	58	5.82536
3	38	5.82355
2	39	5.82355
52	87	5.81837
53	86	5.81837
14	63	5.81641
15	62	5.81641
4	47	5.81358
5	46	5.81358
21	50	-5.81314
20	51	-5.81314
15	70	5.81261
14	71	5.81261
0	43	5.80953
1	42	5.80953
40	71	5.80894
41	70	5.80894
4	27	5.8029
5	26	5.8029
34	99	5.79915
35	98	5.79915
1	78	5.79071
0	79	5.79071
52	69	5.78328
53	68	5.78328
11	72	-5.78288
10	73	-5.78288
12	89	5.78222
13	88	5.78222
61	78	-5.78151
60	79	-5.78151
48	81	5.78052
49	80	5.78052
21	70	-5.77958
20	71	-5.77958
9	28	5.77919
8	29	5.77919
1	60	-5.77795
0	61	-5.77795
3	84	-5.77512
2	85	-5.77512
2	21	-5.77505
3	20	-5.77505
6	91	5.77314
7	90	5.77314
3	14	5.76951
2	15	5.76951
4	81	5.76584
5	80	5.76584
42	95	5.76274
43	94	5.76274
59	66	5.76026
58	67	5.76026
36	83	5.7545
37	82	5.7545
11	76	5.75194
10	77	5.75194
15	40	5.74723
14	41	5.74723
7	94	5.74431
6	95	5.74431
19	68	5.7366
18	69	5.7366
2	67	5.73443
3	66	5.73443
9	66	5.73227
8	67	5.73227
20	41	-5.72769
21	40	-5.72769
10	75	-5.72586
11	74	-5.72586
23	38	-5.72128
22	39	-5.72128
15	78	5.71895
14	79	5.71895
10	85	-5.71796
11	84	-5.71796
45	52	5.71794
44	53	5.71794
37	48	5.71717
36	49	5.71717
45	92	5.71563
44	93	5.71563
60	71	-5.71521
61	70	-5.71521
22	59	-5.71262
23	58	-5.71262
56	87	5.70336
57	86	5.70336
26	81	5.70076
27	80	5.70076
12	27	5.70027
13	26	5.70027
11	36	-5.69805
10	37	-5.69805
32	55	5.69501
33	54	5.69501
11	58	5.69236
10	59	5.69236
12	87	5.68844
13	86	5.68844
21	78	-5.68472
20	79	-5.68472
6	43	5.68471
7	42	5.68471
43	90	5.68237
42	91	5.68237
54	87	5.67998
55	86	5.67998
38	61	-5.67645
39	60	-5.67645
73	82	5.67599
72	83	5.67599
74	77	-5.66755
75	76	-5.66755
84	99	5.6654
85	98	5.6654
67	76	5.65837
66	77	5.65837
37	80	5.65509
36	81	5.65509
19	92	5.65063
18	93	5.65063
69	92	5.64891
68	93	5.64891
22	35	5.64804
23	34	5.64804
20	85	5.64574
21	84	5.64574
38	59	5.64519
39	58	5.64519
34	77	-5.64054
35	76	-5.64054
63	66	5.63576
62	67	5.63576
23	62	-5.63551
22	63	-5.63551
16	81	-5.62788
17	80	-5.62788
20	75	5.62768
21	74	5.62768
18	55	5.62542
19	54	5.62542
48	73	5.62511
49	72	5.62511
23	30	-5.61879
22	31	-5.61879
30	67	5.61871
31	66	5.61871
73	80	5.61445
72	81	5.61445
36	47	5.61179
37	46	5.61179
14	85	-5.60962
15	84	-5.60962
25	70	5.60774
24	71	5.60774
3	24	5.60743
2	25	5.60743
74	99	5.6035
75	98	5.6035
4	35	5.60143
5	34	5.60143
15	74	-5.59519
14	75	-5.59519
9	76	5.58673
8	77	5.58673
13	56	5.58473
12	57	5.58473
72	99	5.58231
73	98	5.58231
25	66	5.58172
24	67	5.58172
0	71	5.57719
1	70	5.57719
77	84	-5.57182
76	85	-5.57182
79	94	5.55851
78	95	5.55851
8	97	5.55546
9	96	5.55546
38	51	5.55541
39	50	5.55541
1	94	5.55064
0	95	5.55064
46	73	5.54414
47	72	5.54414
23	76	-5.54079
22	77	-5.54079
41	42	5.54059
40	43	5.54059
2	23	-5.53608
3	22	-5.53608
72	77	-5.53265
73	76	-5.53265
26	89	5.52131
27	88	5.52131
28	65	5.51768
29	64	5.51768
30	71	5.51703
31	70	5.51703
8	17	5.51333
9	16	5.51333
24	31	5.51214
25	30	5.51214
33	52	5.5086
32	53	5.5086
64	97	5.50859
65	96	5.50859
37	98	5.50858
36	99	5.50858
2	77	5.50638
3	76	5.50638
25	62	5.49991
24	63	5.49991
2	71	5.49107
3	70	5.49107
62	77	5.48872
63	76	5.48872
39	70	5.4881
38	71	5.4881
81	96	-5.48675
80	97	-5.48675
63	70	5.48424
62	71	5.48424
42	79	5.4812
43	78	5.4812
67	74	-5.47765
66	75	-5.47765
29	76	5.47414
28	77	5.47414
30	61	-5.45946
31	60	-5.45946
35	58	-5.45928
34	59	-5.45928
26	37	5.45702
27	36	5.45702
53	88	5.45613
52	89	5.45613
26	57	5.45598
27	56	5.45598
34	75	5.45477
35	74	5.45477
30	77	5.45426
31	76	5.45426
9	64	5.45356
8	65	5.45356
78	91	5.45068
79	90	5.45068
16	47	-5.44939
17	46	-5.44939
12	49	5.44905
13	48	5.44905
35	84	5.44436
34	85	5.44436
38	41	5.44241
39	40	5.44241
37	76	-5.4314
36	77	-5.4314
60	63	-5.4285
61	62	-5.4285
1	14	5.42726
0	15	5.42726
0	91	5.42527
1	90	5.42527
42	51	5.42419
43	50	5.42419
18	53	5.42048
19	52	5.42048
21	58	-5.42024
20	59	-5.42024
15	24	5.41914
14	25	5.41914
40	95	5.40488
41	94	5.40488
0	21	-5.40371
1	20	-5.40371
8	59	5.40132
9	58	5.40132
28	81	-5.39989
29	80	-5.39989
31	50	5.39736
30	51	5.39736
21	22	5.39723
20	23	5.39723
15	58	5.39589
14	59	5.39589
58	99	-5.39553
59	98	-5.39553
35	82	5.39449
34	83	5.39449
47	56	5.38576
46	57	5.38576
20	25	-5.3854
21	24	-5.3854
10	63	5.37073
11	62	5.37073
50	63	5.3623
51	62	5.3623
22	73	5.36056
23	72	5.36056
35	80	5.35864
34	81	5.35864
13	82	5.35728
12	83	5.35728
16	65	5.35437
17	64	5.35437
14	23	-5.35197
15	22	-5.35197
24	79	5.35076
25	78	5.35076
38	79	5.35067
39	78	5.35067
77	98	-5.34968
76	99	-5.34968
70	95	5.34746
71	94	5.34746
2	61	-5.34739
3	60	-5.34739
27	72	5.34592
26	73	5.34592
67	84	-5.34481
66	85	-5.34481
11	30	5.33981
10	31	5.33981
34	49	5.33719
35	48	5.33719
53	56	5.33377
52	57	5.33377
38	99	-5.32973
39	98	-5.32973
47	88	5.32444
46	89	5.32444
16	77	5.32363
17	76	5.32363
10	39	5.3227
11	38	5.3227
54	89	5.31836
55	88	5.31836
13	46	5.31264
12	47	5.31264
50	95	5.31243
51	94	5.31243
3	10	5.30797
2	11	5.30797
2	51	5.30633
3	50	5.30633
5	10	-5.30439
4	11	-5.30439
68	87	5.30114
69	86	5.30114
47	96	-5.30095
46	97	-5.30095
30	79	5.29453
31	78	5.29453
60	85	5.27819
61	84	5.27819
40	91	5.27534
41	90	5.27534
30	41	5.27367
31	40	5.27367
54	93	5.27274
55	92	5.27274
42	61	-5.26751
43	60	-5.26751
39	66	5.26454
38	67	5.26454
63	78	5.25711
62	79	5.25711
35	46	5.25138
34	47	5.25138
76	97	5.24861
77	96	5.24861
22	37	5.24804
23	36	5.24804
70	91	5.24506
71	90	5.24506
2	79	5.2417
3	78	5.2417
25	58	5.23861
24	59	5.23861
48	89	5.23753
49	88	5.23753
40	63	5.23707
41	62	5.23707
55	56	5.23672
54	57	5.23672
59	72	-5.23535
58	73	-5.23535
39	76	5.23427
38	77	5.23427
44	87	5.22677
45	86	5.22677
29	66	5.22523
28	67	5.22523
57	80	5.22411
56	81	5.22411
62	99	-5.21737
63	98	-5.21737
61	74	5.21655
60	75	5.21655
57	82	5.21541
56	83	5.21541
82	89	5.21541
83	88	5.21541
17	82	-5.20597
16	83	-5.20597
25	38	5.20543
24	39	5.20543
49	56	5.20116
48	57	5.20116
31	98	-5.19612
30	99	-5.19612
42	71	5.19403
43	70	5.19403
20	67	-5.19012
21	66	-5.19012
14	67	5.18993
15	66	5.18993
28	47	-5.18939
29	46	-5.18939
50	91	5.18283
51	90	5.18283
76	81	-5.18261
77	80	-5.18261
2	41	5.18254
3	40	5.18254
0	7	5.1781
1	6	5.1781
13	52	5.17783
12	53	5.17783
5	12	5.1703
4	13	5.1703
72	75	5.16339
73	74	5.16339
25	50	5.15963
24	51	5.15963
3	8	5.15142
2	9	5.15142
10	67	5.14641
11	66	5.14641
72	85	5.13785
73	84	5.13785
16	73	-5.13139
17	72	-5.13139
80	89	5.12615
81	88	5.12615
23	66	-5.12099
22	67	-5.12099
50	85	-5.11804
51	84	-5.11804
27	86	5.11621
26	87	5.11621
24	75	-5.11594
25	74	-5.11594
4	99	5.11489
5	98	5.11489
2	99	-5.11391
3	98	-5.11391
37	58	-5.11292
36	59	-5.11292
11	80	-5.11279
10	81	-5.11279
17	36	-5.10697
16	37	-5.10697
71	74	-5.10145
70	75	-5.10145
70	85	-5.09371
71	84	-5.09371
29	58	5.08815
28	59	5.08815
24	41	5.0863
25	40	5.0863
10	83	-5.08556
11	82	-5.08556
61	94	-5.08515
60	95	-5.08515
13	80	5.08503
12	81	5.08503
0	39	5.08088
1	38	5.08088
5	76	-5.07651
4	77	-5.07651
50	75	-5.07526
51	74	-5.07526
53	92	5.06742
52	93	5.06742
5	16	-5.06671
4	17	-5.06671
35	62	-5.05615
34	63	-5.05615
9	62	5.05436
8	63	5.05436
22	61	5.05142
23	60	5.05142
16	49	-5.04881
17	48	-5.04881
83	96	-5.04579
82	97	-5.04579
28	73	-5.03955
29	72	-5.03955
37	74	5.03732
36	75	5.03732
24	61	-5.0355
25	60	-5.0355
9	74	-5.02731
8	75	-5.02731
8	31	5.027
9	30	5.027
25	84	-5.02627
24	85	-5.02627
27	34	5.02311
26	35	5.02311
31	34	-5.02262
30	35	-5.02262
11	48	-5.01391
10	49	-5.01391
36	85	5.01364
37	84	5.01364
18	87	5.00609
19	86	5.00609
3	34	-5.00389
2	35	-5.00389
17	34	-4.99487
16	35	-4.99487
34	39	-4.99375
35	38	-4.99375
66	71	4.99262
67	70	4.99262
28	37	-4.99198
29	36	-4.99198
41	84	-4.98966
40	85	-4.98966
33	86	4.98515
32	87	4.98515
28	83	-4.98207
29	82	-4.98207
72	97	-4.9788
73	96	-4.9788
16	27	-4.97452
17	26	-4.97452
12	55	4.9738
13	54	4.9738
59	70	4.97178
58	71	4.97178
47	76	-4.96996
46	77	-4.96996
11	46	-4.96859
10	47	-4.96859
9	24	4.96544
8	25	4.96544
28	35	-4.96296
29	34	-4.96296
76	83	-4.96185
77	82	-4.96185
21	98	4.95983
20	99	4.95983
60	91	-4.95611
61	90	-4.95611
10	29	4.95593
11	28	4.95593
9	10	4.95093
8	11	4.95093
4	89	4.95009
5	88	4.95009
36	97	-4.94943
37	96	-4.94943
10	21	-4.94884
11	20	-4.94884
34	67	-4.94593
35	66	-4.94593
21	76	-4.94528
20	77	-4.94528
40	75	-4.94475
41	74	-4.94475
5	56	4.93725
4	57	4.93725
7	78	4.93586
6	79	4.93586
58	61	-4.93157
59	60	-4.93157
66	97	4.91762
67	96	4.91762
14	77	4.91726
15	76	4.91726
10	17	4.91642
11	16	4.91642
9	80	-4.91589
8	81	-4.91589
17	66	4.91379
16	67	4.91379
14	99	-4.91349
15	98	-4.91349
79	84	-4.90841
78	85	-4.90841
11	14	4.90634
10	15	4.90634
5	96	-4.90384
4	97	-4.90384
8	85	-4.90057
9	84	-4.90057
49	96	-4.89356
48	97	-4.89356
75	78	-4.89297
74	79	-4.89297
6	47	-4.89223
7	46	-4.89223
24	77	4.89221
25	76	4.89221
4	29	-4.88842
5	28	-4.88842
1	30	4.88481
0	31	4.88481
68	89	4.87655
69	88	4.87655
43	88	-4.87623
42	89	-4.87623
17	58	4.87541
16	59	4.87541
7	80	-4.87285
6	81	-4.87285
7	40	4.87177
6	41	4.87177
57	94	-4.86764
56	95	-4.86764
12	43	-4.8673
13	42	-4.8673
0	87	-4.86681
1	86	-4.86681
35	96	-4.86498
34	97	-4.86498
23	50	-4.86462
22	51	-4.86462
14	43	4.86388
15	42	4.86388
41	86	-4.86026
40	87	-4.86026
9	34	-4.85548
8	35	-4.85548
83	98	4.85105
82	99	4.85105
1	62	4.84826
0	63	4.84826
15	94	4.84771
14	95	4.84771
48	77	-4.84714
49	76	-4.84714
64	67	4.84358
65	66	4.84358
8	73	-4.84288
9	72	-4.84288
50	87	-4.8401
51	86	-4.8401
29	48	-4.83905
28	49	-4.83905
27	96	-4.83743
26	97	-4.83743
1	88	-4.83691
0	89	-4.83691
45	88	4.83438
44	89	4.83438
51	58	4.83257
50	59	4.83257
21	42	-4.83177
20	43	-4.83177
57	90	-4.83132
56	91	-4.83132
43	56	-4.82895
42	57	-4.82895
58	97	4.82592
59	96	4.82592
50	53	-4.82229
51	52	-4.82229
49	98	4.82099
48	99	4.82099
47	86	4.8165
46	87	4.8165
1	12	-4.81554
0	13	-4.81554
11	96	4.8143
10	97	4.8143
17	56	-4.8129
16	57	-4.8129
14	55	-4.81285
15	54	-4.81285
15	52	-4.81057
14	53	-4.81057
22	71	-4.80961
23	70	-4.80961
67	72	-4.8092
66	73	-4.8092
20	53	4.806
21	52	4.806
57	68	4.80553
56	69	4.80553
21	54	4.80539
20	55	4.80539
27	42	-4.80503
26	43	-4.80503
21	94	-4.80485
20	95	-4.80485
41	52	-4.80454
40	53	-4.80454
52	61	4.80409
53	60	4.80409
1	24	4.80391
0	25	4.80391
60	87	4.80303
61	86	4.80303
48	87	4.80101
49	86	4.80101
4	23	4.79919
5	22	4.79919
0	3	4.79716
1	2	4.79716
6	83	-4.79635
7	82	-4.79635
19	56	4.78963
18	57	4.78963
6	93	-4.78684
7	92	-4.78684
79	86	-4.78665
78	87	-4.78665
44	57	4.78577
45	56	4.78577
30	69	-4.78393
31	68	-4.78393
80	99	4.78364
81	98	4.78364
7	26	-4.78324
6	27	-4.78324
88	95	-4.78265
89	94	-4.78265
63	68	-4.77934
62	69	-4.77934
7	56	-4.77878
6	57	-4.77878
3	44	-4.77848
2	45	-4.77848
67	98	-4.77658
66	99	-4.77658
8	37	-4.77654
9	36	-4.77654
54	71	-4.77645
55	70	-4.77645
31	44	-4.77632
30	45	-4.77632
63	72	-4.77481
62	73	-4.77481
18	25	-4.77475
19	24	-4.77475
3	32	-4.77361
2	33	-4.77361
9	22	-4.77297
8	23	-4.77297
45	62	-4.77228
44	63	-4.77228
52	79	-4.77077
53	78	-4.77077
51	54	-4.76994
50	55	-4.76994
3	68	-4.76976
2	69	-4.76976
22	25	-4.76679
23	24	-4.76679
42	87	-4.76612
43	86	-4.76612
18	89	4.76421
19	88	4.76421
15	68	-4.76382
14	69	-4.76382
54	79	-4.76259
55	78	-4.76259
21	68	4.76107
20	69	4.76107
29	74	-4.75953
28	75	-4.75953
40	89	-4.75438
41	88	-4.75438
6	51	4.75278
7	50	4.75278
6	49	-4.75136
7	48	-4.75136
0	57	-4.74933
1	56	-4.74933
53	70	-4.74896
52	71	-4.74896
83	86	4.74875
82	87	4.74875
30	33	-4.74668
31	32	-4.74668
33	62	-4.74637
32	63	-4.74637
27	28	-4.74495
26	29	-4.74495
22	41	-4.74454
23	40	-4.74454
41	54	-4.74376
40	55	-4.74376
3	72	-4.74242
2	73	-4.74242
57	96	-4.74164
56	97	-4.74164
30	73	-4.74086
31	72	-4.74086
78	89	-4.73914
79	88	-4.73914
65	76	4.73496
64	77	4.73496
15	90	4.73407
14	91	4.73407
15	44	-4.73333
14	45	-4.73333
61	66	-4.73289
60	67	-4.73289
38	69	-4.73246
39	68	-4.73246
54	61	4.73245
55	60	4.73245
57	78	-4.73168
56	79	-4.73168
8	39	4.72833
9	38	4.72833
20	45	4.72689
21	44	4.72689
89	90	-4.72461
88	91	-4.72461
13	36	4.72143
12	37	4.72143
58	79	4.72055
59	78	4.72055
37	66	-4.71907
36	67	-4.71907
6	89	-4.71723
7	88	-4.71723
67	92	-4.71588
66	93	-4.71588
9	46	-4.71514
8	47	-4.71514
59	80	-4.7144
58	81	-4.7144
38	55	-4.71224
39	54	-4.71224
1	52	-4.71224
0	53	-4.71224
51	66	4.71099
50	67	4.71099
24	95	4.70858
25	94	4.70858
38	53	-4.70842
39	52	-4.70842
40	59	4.70726
41	58	4.70726
66	79	4.70658
67	78	4.70658
4	59	-4.70534
5	58	-4.70534
30	55	-4.70529
31	54	-4.70529
51	88	-4.70509
50	89	-4.70509
58	93	-4.70441
59	92	-4.70441
10	27	-4.70421
11	26	-4.70421
2	19	-4.69315
3	18	-4.69315
20	91	-4.69262
21	90	-4.69262
54	63	-4.69221
55	62	-4.69221
45	70	-4.69004
44	71	-4.69004
2	93	-4.68908
3	92	-4.68908
47	98	4.68704
46	99	4.68704
38	45	-4.68593
39	44	-4.68593
71	86	-4.68364
70	87	-4.68364
43	46	-4.68263
42	47	-4.68263
3	28	4.6816
2	29	4.6816
40	57	-4.68156
41	56	-4.68156
39	72	-4.6813
38	73	-4.6813
69	70	-4.6813
68	71	-4.6813
6	17	4.68107
7	16	4.68107
68	75	4.67722
69	74	4.67722
18	71	-4.67717
19	70	-4.67717
4	7	-4.67648
5	6	-4.67648
33	58	-4.67605
32	59	-4.67605
6	71	4.67556
7	70	4.67556
2	55	-4.67256
3	54	-4.67256
42	49	-4.67161
43	48	-4.67161
29	84	-4.6683
28	85	-4.6683
23	28	-4.66696
22	29	-4.66696
32	67	-4.66491
33	66	-4.66491
60	99	4.66085
61	98	4.66085
37	62	-4.65772
36	63	-4.65772
76	93	-4.65492
77	92	-4.65492
15	86	-4.65332
14	87	-4.65332
69	84	4.65326
68	85	4.65326
43	82	-4.65169
42	83	-4.65169
63	92	-4.64983
62	93	-4.64983
13	40	-4.64791
12	41	-4.64791
25	90	4.64768
24	91	4.64768
23	78	-4.6469
22	79	-4.6469
44	75	4.64616
45	74	4.64616
44	59	-4.64483
45	58	-4.64483
17	88	-4.64459
16	89	-4.64459
18	31	-4.64447
19	30	-4.64447
30	53	-4.64386
31	52	-4.64386
15	32	-4.64382
14	33	-4.64382
31	92	-4.64304
30	93	-4.64304
20	87	4.64295
21	86	4.64295
19	66	-4.64229
18	67	-4.64229
59	68	-4.64162
58	69	-4.64162
18	63	-4.63939
19	62	-4.63939
20	33	4.63519
21	32	4.63519
69	78	-4.63456
68	79	-4.63456
33	70	-4.63418
32	71	-4.63418
50	57	-4.63336
51	56	-4.63336
50	69	-4.63301
51	68	-4.63301
0	85	-4.63162
1	84	-4.63162
3	36	-4.62962
2	37	-4.62962
21	34	4.62904
20	35	4.62904
28	63	4.62867
29	62	4.62867
53	62	-4.62864
52	63	-4.62864
32	89	4.62746
33	88	4.62746
45	78	-4.62664
44	79	-4.62664
1	54	-4.62633
0	55	-4.62633
30	37	-4.62537
31	36	-4.62537
8	83	-4.62436
9	82	-4.62436
7	96	4.62269
6	97	4.62269
4	9	-4.62252
5	8	-4.62252
91	92	-4.62102
90	93	-4.62102
24	33	-4.61914
25	32	-4.61914
81	86	4.61908
80	87	4.61908
33	74	4.61609
32	75	4.61609
10	25	4.61213
11	24	4.61213
61	88	4.61193
60	89	4.61193
45	84	4.61026
44	85	4.61026
40	67	4.60986
41	66	4.60986
46	91	-4.60958
47	90	-4.60958
23	80	4.60889
22	81	4.60889
7	32	-4.60733
6	33	-4.60733
13	72	4.60731
12	73	4.60731
57	70	-4.60454
56	71	-4.60454
61	68	4.604
60	69	4.604
46	95	-4.60312
47	94	-4.60312
4	75	4.60194
5	74	4.60194
32	39	-4.60148
33	38	-4.60148
87	94	-4.60127
86	95	-4.60127
33	56	4.59911
32	57	4.59911
41	68	-4.59824
40	69	-4.59824
29	30	4.59822
28	31	4.59822
71	88	-4.59813
70	89	-4.59813
61	64	-4.59699
60	65	-4.59699
27	76	-4.59384
26	77	-4.59384
9	20	-4.5936
8	21	-4.5936
3	52	-4.59315
2	53	-4.59315
44	51	-4.59173
45	50	-4.59173
14	35	-4.59101
15	34	-4.59101
64	81	-4.59073
65	80	-4.59073
17	74	-4.58941
16	75	-4.58941
13	50	-4.58577
12	51	-4.58577
59	64	4.58475
58	65	4.58475
92	95	-4.58457
93	94	-4.58457
8	15	4.58323
9	14	4.58323
12	69	4.58321
13	68	4.58321
1	74	-4.58306
0	75	-4.58306
22	83	4.58012
23	82	4.58012
43	52	-4.57954
42	53	-4.57954
28	99	-4.57833
29	98	-4.57833
88	97	-4.57785
89	96	-4.57785
5	84	4.57695
4	85	4.57695
16	99	-4.57572
17	98	-4.57572
36	57	4.57491
37	56	4.57491
6	13	-4.57458
7	12	-4.57458
14	19	-4.57441
15	18	-4.57441
24	45	-4.57312
25	44	-4.57312
6	61	-4.57268
7	60	-4.57268
16	23	-4.57198
17	22	-4.57198
45	66	-4.57165
44	67	-4.57165
42	81	-4.57056
43	80	-4.57056
37	38	-4.56883
36	39	-4.56883
74	93	4.56865
75	92	4.56865
6	45	-4.56834
7	44	-4.56834
27	94	-4.56819
26	95	-4.56819
81	90	-4.56711
80	91	-4.56711
19	78	-4.56355
18	79	-4.56355
33	84	4.56159
32	85	4.56159
7	68	-4.56066
6	69	-4.56066
27	52	4.55982
26	53	4.55982
10	61	-4.55929
11	60	-4.55929
58	83	-4.55649
59	82	-4.55649
41	44	-4.55635
40	45	-4.55635
18	21	4.55621
19	20	4.55621
33	78	-4.55339
32	79	-4.55339
36	89	4.55294
37	88	4.55294
12	65	-4.55074
13	64	-4.55074
74	97	-4.55002
75	96	-4.55002
13	60	4.54896
12	61	4.54896
44	61	4.54646
45	60	4.54646
54	75	4.54584
55	74	4.54584
86	93	4.54563
87	92	4.54563
13	16	-4.54442
12	17	-4.54442
8	93	-4.54359
9	92	-4.54359
80	95	-4.54359
81	94	-4.54359
55	84	4.54337
54	85	4.54337
8	49	-4.54309
9	48	-4.54309
12	95	-4.54075
13	94	-4.54075
9	98	-4.5381
8	99	-4.5381
26	91	-4.53747
27	90	-4.53747
67	80	-4.53134
66	81	-4.53134
46	59	-4.53065
47	58	-4.53065
26	99	4.53021
27	98	4.53021
1	26	-4.52937
0	27	-4.52937
25	92	-4.52925
24	93	-4.52925
7	36	-4.52922
6	37	-4.52922
5	86	4.52907
4	87	4.52907
22	97	-4.52857
23	96	-4.52857
86	91	-4.52708
87	90	-4.52708
12	45	4.52634
13	44	4.52634
13	78	-4.52611
12	79	-4.52611
23	48	4.52544
22	49	4.52544
42	55	-4.51995
43	54	-4.51995
71	76	4.51953
70	77	4.51953
75	80	4.5186
74	81	4.5186
24	99	-4.51784
25	98	-4.51784
67	68	-4.51771
66	69	-4.51771
17	84	-4.51707
16	85	-4.51707
6	87	-4.51626
7	86	-4.51626
5	42	-4.51596
4	43	-4.51596
53	84	4.51503
52	85	4.51503
18	59	-4.51444
19	58	-4.51444
96	99	-4.51394
97	98	-4.51394
57	60	4.51335
56	61	4.51335
33	76	-4.51174
32	77	-4.51174
28	57	-4.5116
29	56	-4.5116
22	69	4.51112
23	68	4.51112
38	65	4.51105
39	64	4.51105
54	95	-4.50875
55	94	-4.50875
7	28	4.508
6	29	4.508
25	68	-4.50756
24	69	-4.50756
1	64	4.50715
0	65	4.50715
39	42	4.50624
38	43	4.50624
24	43	4.50533
25	42	4.50533
53	74	4.49994
52	75	4.49994
33	90	-4.49786
32	91	-4.49786
84	93	4.49677
85	92	4.49677
12	97	-4.49421
13	96	-4.49421
53	94	-4.49367
52	95	-4.49367
61	76	-4.49367
60	77	-4.49367
64	85	-4.49226
65	84	-4.49226
71	92	-4.49205
70	93	-4.49205
57	72	4.49143
56	73	4.49143
33	94	-4.49034
32	95	-4.49034
25	54	-4.48866
24	55	-4.48866
50	99	-4.48865
51	98	-4.48865
6	73	-4.48734
7	72	-4.48734
64	75	-4.48724
65	74	-4.48724
6	55	-4.48619
7	54	-4.48619
85	96	-4.48528
84	97	-4.48528
82	95	-4.4833
83	94	-4.4833
32	51	-4.48322
33	50	-4.48322
38	87	-4.48261
39	86	-4.48261
0	69	-4.48187
1	68	-4.48187
45	94	-4.47999
44	95	-4.47999
82	91	-4.47941
83	90	-4.47941
23	46	4.47855
22	47	4.47855
15	92	-4.47699
14	93	-4.47699
18	91	-4.47472
19	90	-4.47472
49	58	-4.47379
48	59	-4.47379
46	65	-4.47326
47	64	-4.47326
20	93	4.46953
21	92	4.46953
12	91	-4.46942
13	90	-4.46942
19	38	-4.46738
18	39	-4.46738
45	90	-4.46735
44	91	-4.46735
39	94	4.46593
38	95	4.46593
80	85	4.46568
81	84	4.46568
4	67	-4.46524
5	66	-4.46524
39	92	-4.46498
38	93	-4.46498
71	98	-4.46489
70	99	-4.46489
55	90	-4.46359
54	91	-4.46359
23	64	-4.46336
22	65	-4.46336
72	89	4.46201
73	88	4.46201
18	95	-4.46181
19	94	-4.46181
68	95	-4.46156
69	94	-4.46156
16	91	4.46112
17	90	4.46112
49	94	-4.46107
48	95	-4.46107
23	44	4.45993
22	45	4.45993
54	59	-4.45694
55	58	-4.45694
7	52	-4.45628
6	53	-4.45628
3	64	4.45204
2	65	4.45204
12	19	4.45104
13	18	4.45104
42	69	-4.45071
43	68	-4.45071
32	41	-4.44982
33	40	-4.44982
3	16	4.44944
2	17	4.44944
49	90	-4.44837
48	91	-4.44837
63	64	4.44816
62	65	4.44816
41	64	4.44545
40	65	4.44545
25	34	-4.44162
24	35	-4.44162
51	64	4.44129
50	65	4.44129
45	76	-4.44118
44	77	-4.44118
19	74	4.4408
18	75	4.4408
31	64	4.43978
30	65	4.43978
8	27	-4.43967
9	26	-4.43967
68	91	-4.43957
69	90	-4.43957
6	19	-4.43914
7	18	-4.43914
11	70	4.43778
10	71	4.43778
79	92	-4.43686
78	93	-4.43686
52	91	-4.4351
53	90	-4.4351
1	44	-4.43449
0	45	-4.43449
90	97	4.43322
91	96	4.43322
0	23	-4.43226
1	22	-4.43226
15	88	-4.4321
14	89	-4.4321
19	50	-4.43156
18	51	-4.43156
2	97	4.43133
3	96	4.43133
21	64	-4.43081
20	65	-4.43081
68	77	-4.43019
69	76	-4.43019
74	83	4.42913
75	82	4.42913
42	93	-4.42866
43	92	-4.42866
32	61	4.42572
33	60	4.42572
27	54	4.42239
26	55	4.42239
10	51	4.41719
11	50	4.41719
42	45	-4.41655
43	44	-4.41655
29	38	4.41622
28	39	4.41622
16	63	4.41553
17	62	4.41553
20	89	4.41373
21	88	4.41373
23	32	4.41368
22	33	4.41368
14	65	4.40917
15	64	4.40917
31	94	4.40852
30	95	4.40852
11	92	-4.40727
10	93	-4.40727
13	28	-4.40699
12	29	-4.40699
50	77	4.40115
51	76	4.40115
83	84	4.39824
82	85	4.39824
19	40	-4.39758
18	41	-4.39758
63	96	4.39653
62	97	4.39653
65	86	-4.39506
64	87	-4.39506
40	99	-4.39446
41	98	-4.39446
17	94	4.39418
16	95	4.39418
23	54	4.39345
22	55	4.39345
24	53	-4.39101
25	52	-4.39101
28	89	-4.39069
29	88	-4.39069
16	31	4.38771
17	30	4.38771
19	84	4.38653
18	85	4.38653
24	29	4.38594
25	28	4.38594
62	95	4.37929
63	94	4.37929
38	91	4.37892
39	90	4.37892
23	52	4.37813
22	53	4.37813
2	95	4.37809
3	94	4.37809
30	43	4.37748
31	42	4.37748
1	58	4.37714
0	59	4.37714
23	92	4.37671
22	93	4.37671
15	56	-4.37639
14	57	-4.37639
52	59	-4.37488
53	58	-4.37488
30	87	-4.37465
31	86	-4.37465
13	70	-4.37319
12	71	-4.37319
46	75	4.37319
47	74	4.37319
11	64	4.37252
10	65	4.37252
66	83	-4.37163
67	82	-4.37163
31	96	4.37057
30	97	4.37057
32	43	-4.36904
33	42	-4.36904
8	33	-4.36776
9	32	-4.36776
46	67	-4.36637
47	66	-4.36637
8	71	4.36598
9	70	4.36598
21	72	4.36595
20	73	4.36595
29	92	-4.36569
28	93	-4.36569
10	69	-4.36546
11	68	-4.36546
12	33	4.36518
13	32	4.36518
48	75	4.36496
49	74	4.36496
95	96	4.36312
94	97	4.36312
43	64	4.36192
42	65	4.36192
55	66	-4.35867
54	67	-4.35867
62	87	-4.35567
63	86	-4.35567
0	49	-4.35549
1	48	-4.35549
20	57	4.35443
21	56	4.35443
1	46	-4.35407
0	47	-4.35407
43	62	4.3492
42	63	4.3492
64	89	-4.34838
65	88	-4.34838
18	61	4.34692
19	60	4.34692
4	91	-4.34556
5	90	-4.34556
13	34	4.34457
12	35	4.34457
50	93	-4.34418
51	92	-4.34418
47	52	4.34321
46	53	4.34321
4	95	-4.343
5	94	-4.343
11	32	-4.34298
10	33	-4.34298
1	66	4.34219
0	67	4.34219
48	85	4.34093
49	84	4.34093
0	33	-4.33963
1	32	-4.33963
57	64	-4.33741
56	65	-4.33741
14	73	-4.33632
15	72	-4.33632
11	44	-4.33617
10	45	-4.33617
64	99	-4.33563
65	98	-4.33563
27	64	-4.33541
26	65	-4.33541
18	77	-4.33356
19	76	-4.33356
47	84	4.33346
46	85	4.33346
79	98	-4.33316
78	99	-4.33316
30	91	4.3293
31	90	4.3293
40	93	-4.32832
41	92	-4.32832
48	67	-4.32683
49	66	-4.32683
8	61	-4.3259
9	60	-4.3259
3	42	4.32553
2	43	4.32553
1	82	-4.32407
0	83	-4.32407
65	82	-4.32382
64	83	-4.32382
3	86	-4.32226
2	87	-4.32226
10	41	4.32187
11	40	4.32187
7	34	-4.32032
6	35	-4.32032
9	18	-4.32008
8	19	-4.32008
48	53	4.31548
49	52	4.31548
26	41	-4.31515
27	40	-4.31515
77	78	4.31456
76	79	4.31456
24	73	-4.30956
25	72	-4.30956
41	76	4.3065
40	77	4.3065
34	93	4.3064
35	92	4.3064
2	91	4.30468
3	90	4.30468
5	62	-4.30412
4	63	-4.30412
6	65	4.30355
7	64	4.30355
62	91	4.30298
63	90	4.30298
34	61	4.30226
35	60	4.30226
7	14	4.29981
6	15	4.29981
3	4	-4.29521
2	5	-4.29521
13	14	-4.28878
12	15	-4.28878
34	65	-4.2874
35	64	-4.2874
8	13	-4.28571
9	12	-4.28571
16	87	-4.28438
17	86	-4.28438
1	92	-4.28434
0	93	-4.28434
22	27	4.28391
23	26	4.28391
69	98	4.2829
68	99	4.2829
52	83	4.28278
53	82	4.28278
61	92	4.27997
60	93	4.27997
5	30	-4.27991
4	31	-4.27991
21	36	4.27909
20	37	4.27909
12	21	4.27857
13	20	4.27857
3	80	-4.27853
2	81	-4.27853
11	78	4.27835
10	79	4.27835
48	65	-4.27771
49	64	-4.27771
36	43	-4.27662
37	42	-4.27662
24	65	4.27581
25	64	4.27581
29	90	4.27578
28	91	4.27578
62	81	-4.27489
63	80	-4.27489
64	73	-4.27428
65	72	-4.27428
6	21	-4.27339
7	20	-4.27339
26	79	-4.27101
27	78	-4.27101
25	36	-4.27093
24	37	-4.27093
87	96	-4.26702
86	97	-4.26702
16	43	4.26664
17	42	4.26664
0	19	-4.26517
1	18	-4.26517
53	66	-4.26061
52	67	-4.26061
27	58	-4.26001
26	59	-4.26001
34	57	4.25947
35	56	4.25947
25	86	-4.25821
24	87	-4.25821
9	50	4.25806
8	51	4.25806
39	96	4.25731
38	97	4.25731
16	39	4.25651
17	38	4.25651
9	44	-4.25448
8	45	-4.25448
47	54	4.25447
46	55	4.25447
14	37	-4.25299
15	36	-4.25299
84	87	4.25112
85	86	4.25112
17	92	-4.25092
16	93	-4.25092
31	80	-4.25058
30	81	-4.25058
89	92	4.24989
88	93	4.24989
26	51	-4.24768
27	50	-4.24768
18	43	-4.24553
19	42	-4.24553
19	22	4.24482
18	23	4.24482
52	65	-4.2445
53	64	-4.2445
1	80	-4.24342
0	81	-4.24342
36	65	-4.24307
37	64	-4.24307
21	28	-4.24132
20	29	-4.24132
72	93	4.23953
73	92	4.23953
44	99	4.23882
45	98	4.23882
92	97	-4.2362
93	96	-4.2362
43	96	4.23363
42	97	4.23363
35	88	4.23281
34	89	4.23281
38	89	-4.23178
39	88	-4.23178
4	65	-4.23025
5	64	-4.23025
4	39	-4.22796
5	38	-4.22796
56	93	4.22714
57	92	4.22714
7	76	4.22623
6	77	4.22623
75	86	4.22569
74	87	4.22569
15	28	4.22528
14	29	4.22528
54	77	-4.22324
55	76	-4.22324
64	79	4.22126
65	78	4.22126
35	70	-4.22061
34	71	-4.22061
42	73	-4.2201
43	72	-4.2201
65	90	4.21931
64	91	4.21931
52	81	4.21707
53	80	4.21707
35	68	4.21666
34	69	4.21666
29	94	4.21639
28	95	4.21639
49	54	4.21488
48	55	4.21488
37	86	4.21415
36	87	4.21415
32	35	4.21327
33	34	4.21327
8	69	-4.21233
9	68	-4.21233
33	98	4.2096
32	99	4.2096
24	57	-4.20835
25	56	-4.20835
8	41	4.20608
9	40	4.20608
0	5	-4.20316
1	4	-4.20316
64	95	4.20125
65	94	4.20125
93	98	4.20111
92	99	4.20111
10	55	-4.20005
11	54	-4.20005
36	91	-4.19761
37	90	-4.19761
8	79	4.19555
9	78	4.19555
7	8	4.19547
6	9	4.19547
26	67	-4.19507
27	66	-4.19507
34	45	4.19466
35	44	4.19466
34	51	-4.19433
35	50	-4.19433
36	93	4.19316
37	92	4.19316
54	83	4.19253
55	82	4.19253
6	25	4.18692
7	24	4.18692
24	97	4.18672
25	96	4.18672
25	88	-4.18669
24	89	-4.18669
62	83	-4.1857
63	82	-4.1857
27	60	4.18549
26	61	4.18549
7	10	4.18336
6	11	4.18336
2	83	-4.18176
3	82	-4.18176
42	85	-4.18108
43	84	-4.18108
47	78	-4.18087
46	79	-4.18087
41	46	-4.18003
40	47	-4.18003
17	24	4.17904
16	25	4.17904
54	99	4.17889
55	98	4.17889
37	94	-4.17818
36	95	-4.17818
11	18	-4.1752
10	19	-4.1752
64	71	4.17483
65	70	4.17483
1	98	-4.17382
0	99	-4.17382
39	56	-4.17272
38	57	-4.17272
53	98	4.17236
52	99	4.17236
26	75	4.1694
27	74	4.1694
84	95	-4.16632
85	94	-4.16632
39	80	-4.16622
38	81	-4.16622
31	82	-4.16599
30	83	-4.16599
10	53	-4.16582
11	52	-4.16582
30	89	-4.16559
31	88	-4.16559
4	25	-4.16513
5	24	-4.16513
41	48	-4.16207
40	49	-4.16207
46	63	-4.16163
47	62	-4.16163
19	26	4.16161
18	27	4.16161
73	90	-4.16139
72	91	-4.16139
2	47	-4.16132
3	46	-4.16132
42	75	-4.15723
43	74	-4.15723
13	24	-4.15716
12	25	-4.15716
72	87	4.15504
73	86	4.15504
54	81	4.15453
55	80	4.15453
29	32	-4.15425
28	33	-4.15425
52	77	-4.15233
53	76	-4.15233
26	85	4.15214
27	84	4.15214
74	95	-4.1513
75	94	-4.1513
27	68	4.15091
26	69	4.15091
22	87	4.1502
23	86	4.1502
62	89	-4.15015
63	88	-4.15015
5	52	4.14875
4	53	4.14875
28	43	4.14864
29	42	4.14864
28	87	-4.14801
29	86	-4.14801
11	12	-4.14705
10	13	-4.14705
30	47	-4.14334
31	46	-4.14334
40	83	-4.1427
41	82	-4.1427
12	39	-4.14211
13	38	-4.14211
49	62	-4.14209
48	63	-4.14209
3	48	-4.14061
2	49	-4.14061
73	94	-4.13993
72	95	-4.13993
27	70	-4.13841
26	71	-4.13841
31	56	-4.13748
30	57	-4.13748
49	78	-4.13503
48	79	-4.13503
3	88	-4.13456
2	89	-4.13456
55	64	-4.13403
54	65	-4.13403
12	93	4.13343
13	92	4.13343
26	45	4.13124
27	44	4.13124
35	40	-4.13024
34	41	-4.13024
47	50	-4.12797
46	51	-4.12797
56	77	-4.12733
57	76	-4.12733
30	49	-4.12508
31	48	-4.12508
8	57	-4.12388
9	56	-4.12388
78	83	-4.12363
79	82	-4.12363
56	63	-4.12351
57	62	-4.12351
1	8	4.12293
0	9	4.12293
33	72	4.12205
32	73	4.12205
60	73	4.12115
61	72	4.12115
39	82	-4.11997
38	83	-4.11997
80	93	4.11936
81	92	4.11936
85	90	-4.11934
84	91	-4.11934
13	76	-4.11725
12	77	-4.11725
3	56	-4.11717
2	57	-4.11717
18	99	4.11634
19	98	4.11634
0	11	4.11607
1	10	4.11607
58	87	-4.11504
59	86	-4.11504
78	81	-4.11141
79	80	-4.11141
21	96	-4.11117
20	97	-4.11117
48	51	-4.11
49	50	-4.11
25	48	-4.10911
24	49	-4.10911
69	72	4.10888
68	73	4.10888
11	56	-4.10812
10	57	-4.10812
35	78	-4.1049
34	79	-4.1049
74	91	-4.10466
75	90	-4.10466
67	94	4.10445
66	95	4.10445
65	92	-4.1039
64	93	-4.1039
17	20	-4.1036
16	21	-4.1036
28	61	-4.10166
29	60	-4.10166
40	81	-4.101
41	80	-4.101
7	98	-4.0998
6	99	-4.0998
0	77	4.09962
1	76	4.09962
8	89	-4.09882
9	88	-4.09882
15	96	4.09774
14	97	4.09774
13	66	-4.09622
12	67	-4.09622
45	72	4.09577
44	73	4.09577
50	83	-4.09461
51	82	-4.09461
15	16	4.09116
14	17	4.09116
19	34	4.09104
18	35	4.09104
39	46	-4.09038
38	47	-4.09038
13	98	4.09006
12	99	4.09006
11	88	-4.08942
10	89	-4.08942
39	48	-4.08827
38	49	-4.08827
18	29	-4.08658
19	28	-4.08658
5	54	4.08482
4	55	4.08482
35	42	-4.08451
34	43	-4.08451
6	39	4.08351
7	38	4.08351
76	89	-4.08339
77	88	-4.08339
32	37	4.0832
33	36	4.0832
42	67	4.0813
43	66	4.0813
9	54	-4.08125
8	55	-4.08125
35	54	4.08124
34	55	4.08124
0	97	4.0811
1	96	4.0811
58	95	4.08037
59	94	4.08037
67	86	-4.07966
66	87	-4.07966
25	26	-4.07939
24	27	-4.07939
71	72	-4.07856
70	73	-4.07856
22	43	-4.0764
23	42	-4.0764
29	44	-4.07574
28	45	-4.07574
36	61	4.0756
37	60	4.0756
18	49	4.07546
19	48	4.07546
23	94	-4.07508
22	95	-4.07508
90	99	-4.0749
91	98	-4.0749
25	82	-4.07411
24	83	-4.07411
67	90	4.07367
66	91	4.07367
46	71	-4.07359
47	70	-4.07359
5	92	4.07304
4	93	4.07304
0	17	4.07292
1	16	4.07292
17	32	-4.07212
16	33	-4.07212
65	68	-4.07189
64	69	-4.07189
37	68	4.07115
36	69	4.07115
46	61	4.07057
47	60	4.07057
49	60	4.06885
48	61	4.06885
46	69	4.06789
47	68	4.06789
12	31	-4.06634
13	30	-4.06634
34	91	-4.06503
35	90	-4.06503
43	58	4.0649
42	59	4.0649
84	89	4.0642
85	88	4.0642
50	81	-4.06356
51	80	-4.06356
32	97	-4.06296
33	96	-4.06296
35	52	4.06218
34	53	4.06218
53	96	-4.06101
52	97	-4.06101
5	20	4.06037
4	21	4.06037
26	33	4.06018
27	32	4.06018
19	46	4.06002
18	47	4.06002
37	44	4.05993
36	45	4.05993
17	52	-4.05975
16	53	-4.05975
60	97	-4.05961
61	96	-4.05961
50	73	-4.05894
51	72	-4.05894
44	47	4.05832
45	46	4.05832
4	41	-4.05743
5	40	-4.05743
12	63	-4.05641
13	62	-4.05641
29	68	-4.05638
28	69	-4.05638
23	90	-4.05622
22	91	-4.05622
29	70	4.05534
28	71	4.05534
74	89	4.05517
75	88	4.05517
60	83	4.05482
61	82	4.05482
95	98	-4.05482
94	99	-4.05482
8	43	4.05463
9	42	4.05463
46	93	4.05383
47	92	4.05383
7	30	4.05159
6	31	4.05159
8	87	-4.0495
9	86	-4.0495
8	53	-4.04927
9	52	-4.04927
2	13	-4.04911
3	12	-4.04911
58	91	4.04904
59	90	4.04904
5	14	-4.04876
4	15	-4.04876
35	86	4.04818
34	87	4.04818
18	83	4.04727
19	82	4.04727
6	59	4.04679
7	58	4.04679
0	37	-4.04573
1	36	-4.04573
49	70	-4.04528
48	71	-4.04528
48	69	4.04507
49	68	4.04507
34	95	-4.04482
35	94	-4.04482
36	71	-4.04424
37	70	-4.04424
20	81	4.04422
21	80	4.04422
83	92	4.04386
82	93	4.04386
24	81	-4.04384
25	80	-4.04384
0	29	4.04347
1	28	4.04347
4	79	-4.04325
5	78	-4.04325
29	50	4.04264
28	51	4.04264
7	62	4.04237
6	63	4.04237
57	98	4.0421
56	99	4.0421
44	65	-4.04115
45	64	-4.04115
3	6	4.0399
2	7	4.0399
68	83	4.03948
69	82	4.03948
19	72	4.03926
18	73	4.03926
68	81	4.0384
69	80	4.0384
14	81	-4.03768
15	80	-4.03768
15	26	-4.03615
14	27	-4.03615
4	19	4.03604
5	18	4.03604
86	99	4.03585
87	98	4.03585
70	81	-4.03582
71	80	-4.03582
71	82	-4.03553
70	83	-4.03553
3	26	-4.0354
2	27	-4.0354
27	62	-4.03496
26	63	-4.03496
17	18	-4.03495
16	19	-4.03495
18	97	-4.03489
19	96	-4.03489
32	65	-4.03455
33	64	-4.03455
44	81	4.0344
45	80	4.0344
44	49	4.03413
45	48	4.03413
57	84	4.03391
56	85	4.03391
57	74	4.03269
56	75	4.03269
17	54	-4.03153
16	55	-4.03153
20	27	4.03115
21	26	4.03115
37	52	4.03055
36	53	4.03055
10	87	-4.03008
11	86	-4.03008
40	73	-4.0297
41	72	-4.0297
37	50	-4.02951
36	51	-4.02951
89	98	4.02941
88	99	4.02941
18	37	4.02883
19	36	4.02883
44	83	4.02868
45	82	4.02868
5	50	-4.02833
4	51	-4.02833
9	90	4.02826
8	91	4.02826
28	41	4.02784
29	40	4.02784
17	60	-4.02759
16	61	-4.02759
27	30	-4.02696
26	31	-4.02696
55	96	-4.02666
54	97	-4.02666
52	73	4.02656
53	72	4.02656
17	44	-4.02628
16	45	-4.02628
0	73	-4.02598
1	72	-4.02598
32	81	4.02595
33	80	4.02595
41	96	4.02514
40	97	4.02514
61	80	4.02479
60	81	4.02479
1	34	-4.02459
0	35	-4.02459
76	91	4.02442
77	90	4.02442
54	73	4.02441
55	72	4.02441
57	58	-4.02425
56	59	-4.02425
49	92	4.02375
48	93	4.02375
19	80	4.02183
18	81	4.02183
23	88	4.02177
22	89	4.02177
21	46	4.02125
20	47	4.02125
33	46	4.02121
32	47	4.02121
13	84	4.02078
12	85	4.02078
20	83	4.02059
21	82	4.02059
14	47	-4.01988
15	46	-4.01988
58	89	-4.01982
59	88	-4.01982
50	97	4.01957
51	96	4.01957
12	23	4.01949
13	22	4.01949
26	39	-4.01942
27	38	-4.01942
6	23	-4.01851
7	22	-4.01851
10	43	4.01834
11	42	4.01834
24	47	-4.01796
25	46	-4.01796
45	96	-4.0176
44	97	-4.0176
77	94	4.01725
76	95	4.01725
4	61	4.01678
5	60	4.01678
37	54	4.01664
36	55	4.01664
72	79	-4.01619
73	78	-4.01619
17	78	4.01602
16	79	4.01602
15	82	-4.0158
14	83	-4.0158
19	64	-4.01488
18	65	-4.01488
7	66	4.01476
6	67	4.01476
16	69	-4.01463
17	68	-4.01463
36	41	-4.01347
37	40	-4.01347
17	40	4.01206
16	41	4.01206
43	76	4.01177
42	77	4.01177
4	69	4.01128
5	68	4.01128
29	52	-4.011
28	53	-4.011
78	97	4.01098
79	96	4.01098
9	94	4.01041
8	95	4.01041
10	91	4.01013
11	90	4.01013
13	74	4.00985
12	75	4.00985
77	86	-4.00971
76	87	-4.00971
20	49	4.00924
21	48	4.00924
7	74	-4.00914
6	75	-4.00914
68	97	-4.00765
69	96	-4.00765
16	71	4.00719
17	70	4.00719
15	48	-4.00639
14	49	-4.00639
22	57	4.00582
23	56	4.00582
57	66	-4.00578
56	67	-4.00578
33	48	4.00578
32	49	4.00578
12	59	-4.00524
13	58	-4.00524
28	79	4.00519
29	78	4.00519
5	32	4.00517
4	33	4.00517
16	51	4.00481
17	50	4.00481
4	71	-4.00455
5	70	-4.00455
67	88	-4.004
66	89	-4.004
32	83	4.00398
33	82	4.00398
5	44	4.00394
4	45	4.00394
6	85	-4.00331
7	84	-4.00331
70	97	4.00301
71	96	4.00301
37	78	-4.00294
36	79	-4.00294
11	94	4.00181
10	95	4.00181
42	99	-4.00142
43	98	-4.00142
27	92	4.00028
26	93	4.00028
28	55	-4.00019
29	54	-4.00019
30	62	2.99961
14	20	-2.99922
36	72	2.99554
40	50	2.99543
90	94	2.99417
74	84	2.99387
2	62	2.99353
44	68	2.9934
2	30	2.99274
48	82	2.99203
16	96	2.99177
46	80	2.98405
52	54	2.98354
50	60	-2.98147
32	44	2.98064
4	48	2.9763
4	82	2.97592
56	88	2.97566
28	96	2.97499
70	78	2.97408
26	48	2.97297
34	72	2.97123
46	82	2.97105
22	84	2.97089
10	34	-2.97037
40	60	-2.96868
16	28	2.96722
40	78	2.96018
20	38	-2.95937
50	78	2.95872
0	40	2.95828
26	82	2.95708
32	68	2.95646
58	74	-2.95398
30	38	2.95358
22	74	2.95197
38	62	2.95016
14	38	2.94854
34	36	2.94796
54	68	2.94678
62	74	-2.94642
4	36	2.94611
38	84	-2.94412
18	32	2.94228
46	48	2.93985
30	74	-2.93985
80	82	2.9386
58	76	2.93798
22	98	2.93719
10	98	-2.93223
32	92	2.93159
38	74	-2.93089
44	54	2.92957
0	50	2.92788
14	60	-2.92772
20	60	2.92664
62	84	-2.9263
10	22	-2.926
26	46	2.92527
2	58	2.92506
86	88	2.92441
20	30	-2.92392
58	62	2.92351
50	70	2.92144
30	84	-2.92093
14	30	2.91885
2	74	-2.91831
58	84	-2.91673
18	44	2.91578
14	50	2.91474
20	62	-2.9139
4	72	2.91338
30	58	2.91268
2	38	2.91178
52	86	2.90919
14	62	2.9082
4	46	2.90679
20	50	-2.90657
14	70	2.9063
0	42	2.90476
40	70	2.90447
4	26	2.90145
34	98	2.89957
0	78	2.89536
52	68	2.89164
10	72	-2.89144
12	88	2.89111
60	78	-2.89075
48	80	2.89026
20	70	-2.88979
8	28	2.88959
0	60	-2.88897
2	84	-2.88756
2	20	-2.88753
6	90	2.88657
2	14	2.88476
4	80	2.88292
42	94	2.88137
58	66	2.88013
36	82	2.87725
10	76	2.87597
14	40	2.87362
6	94	2.87216
18	68	2.8683
2	66	2.86721
8	66	2.86614
20	40	-2.86384
10	74	-2.86293
22	38	-2.86064
14	78	2.85947
10	84	-2.85898
44	52	2.85897
36	48	2.85859
44	92	2.85781
60	70	-2.8576
22	58	-2.85631
56	86	2.85168
26	80	2.85038
12	26	2.85014
10	36	-2.84903
32	54	2.8475
10	58	2.84618
12	86	2.84422
20	78	-2.84236
6	42	2.84235
42	90	2.84119
54	86	2.83999
38	60	-2.83823
72	82	2.838
74	76	-2.83378
84	98	2.8327
66	76	2.82918
36	80	2.82755
18	92	2.82531
68	92	2.82446
22	34	2.82402
20	84	2.82287
38	58	2.82259
34	76	-2.82027
62	66	2.81788
22	62	-2.81776
16	80	-2.81394
20	74	2.81384
18	54	2.81271
48	72	2.81256
22	30	-2.8094
30	66	2.80935
72	80	2.80722
36	46	2.80589
14	84	-2.80481
24	70	2.80387
2	24	2.80372
74	98	2.80175
4	34	2.80072
14	74	-2.79759
8	76	2.79337
12	56	2.79237
72	98	2.79116
24	66	2.79086
0	70	2.7886
76	84	-2.78591
78	94	2.77926
8	96	2.77773
38	50	2.7777
0	94	2.77532
46	72	2.77207
22	76	-2.77039
40	42	2.7703
2	22	-2.76804
72	76	-2.76632
26	88	2.76065
28	64	2.75884
30	70	2.75851
8	16	2.75666
24	30	2.75607
32	52	2.7543
64	96	2.7543
36	98	2.75429
2	76	2.75319
24	62	2.74996
2	70	2.74553
62	76	2.74436
38	70	2.74405
80	96	-2.74338
62	70	2.74212
42	78	2.7406
66	74	-2.73883
28	76	2.73707
30	60	-2.72973
34	58	-2.72964
26	36	2.72851
52	88	2.72807
26	56	2.72799
34	74	2.72739
30	76	2.72713
8	64	2.72678
78	90	2.72534
16	46	-2.7247
12	48	2.72453
34	84	2.72218
38	40	2.7212
36	76	-2.7157
60	62	-2.71425
0	14	2.71363
0	90	2.71263
42	50	2.71209
18	52	2.71024
20	58	-2.71012
14	24	2.70957
40	94	2.70244
0	20	-2.70185
8	58	2.70066
28	80	-2.69995
30	50	2.69868
20	22	2.69862
14	58	2.69794
58	98	-2.69777
34	82	2.69724
46	56	2.69288
20	24	-2.6927
10	62	2.68537
50	62	2.68115
22	72	2.68028
34	80	2.67932
12	82	2.67864
16	64	2.67718
14	22	-2.67599
24	78	2.67538
38	78	2.67533
76	98	-2.67484
70	94	2.67373
2	60	-2.67369
26	72	2.67296
66	84	-2.67241
10	30	2.66991
34	48	2.6686
52	56	2.66688
38	98	-2.66487
46	88	2.66222
16	76	2.66182
10	38	2.66135
54	88	2.65918
12	46	2.65632
50	94	2.65622
2	10	2.65398
2	50	2.65317
4	10	-2.6522
68	86	2.65057
46	96	-2.65047
30	78	2.64727
60	84	2.6391
40	90	2.63767
30	40	2.63683
54	92	2.63637
42	60	-2.63376
38	66	2.63227
62	78	2.62856
34	46	2.62569
76	96	2.6243
22	36	2.62402
70	90	2.62253
2	78	2.62085
24	58	2.6193
48	88	2.61876
40	62	2.61854
54	56	2.61836
58	72	-2.61767
38	76	2.61714
44	86	2.61338
28	66	2.61261
56	80	2.61206
62	98	-2.60869
60	74	2.60827
56	82	2.6077
82	88	2.6077
16	82	-2.60299
24	38	2.60272
48	56	2.60058
30	98	-2.59806
42	70	2.59701
20	66	-2.59506
14	66	2.59497
28	46	-2.59469
50	90	2.59142
76	80	-2.5913
2	40	2.59127
0	6	2.58905
12	52	2.58891
4	12	2.58515
72	74	2.5817
24	50	2.57981
2	8	2.57571
10	66	2.57321
72	84	2.56893
16	72	-2.5657
80	88	2.56308
22	66	-2.5605
50	84	-2.55902
26	86	2.55811
24	74	-2.55797
4	98	2.55744
2	98	-2.55696
36	58	-2.55646
10	80	-2.55639
16	36	-2.55348
70	74	-2.55072
70	84	-2.54686
28	58	2.54408
24	40	2.54315
10	82	-2.54278
60	94	-2.54258
12	80	2.54251
0	38	2.54044
4	76	-2.53825
50	74	-2.53763
52	92	2.53371
4	16	-2.53336
34	62	-2.52808
8	62	2.52718
22	60	2.52571
16	48	-2.5244
82	96	-2.52289
28	72	-2.51978
36	74	2.51866
24	60	-2.51775
8	74	-2.51366
8	30	2.5135
24	84	-2.51313
26	34	2.51156
30	34	-2.51131
10	48	-2.50695
36	84	2.50682
18	86	2.50304
2	34	-2.50194
16	34	-2.49743
34	38	-2.49687
66	70	2.49631
28	36	-2.49599
40	84	-2.49483
32	86	2.49258
28	82	-2.49103
72	96	-2.4894
16	26	-2.48726
12	54	2.4869
58	70	2.48589
46	76	-2.48498
10	46	-2.4843
8	24	2.48272
28	34	-2.48148
76	82	-2.48092
20	98	2.47991
60	90	-2.47806
10	28	2.47797
8	10	2.47546
4	88	2.47505
36	96	-2.47472
10	20	-2.47442
34	66	-2.47297
20	76	-2.47264
40	74	-2.47238
4	56	2.46862
6	78	2.46793
58	60	-2.46579
66	96	2.45881
14	76	2.45863
10	16	2.45821
8	80	-2.45795
16	66	2.4569
14	98	-2.45674
78	84	-2.45421
10	14	2.45317
4	96	-2.45192
8	84	-2.45029
48	96	-2.44678
74	78	-2.44649
6	46	-2.44612
24	76	2.4461
4	28	-2.44421
0	30	2.44241
68	88	2.43828
42	88	-2.43812
16	58	2.4377
6	80	-2.43643
6	40	2.43589
56	94	-2.43382
12	42	-2.43365
0	86	-2.43341
34	96	-2.43249
22	50	-2.43231
14	42	2.43194
40	86	-2.43013
8	34	-2.42774
82	98	2.42553
0	62	2.42413
14	94	2.42386
48	76	-2.42357
64	66	2.42179
8	72	-2.42144
50	86	-2.42005
28	48	-2.41952
26	96	-2.41872
0	88	-2.41845
44	88	2.41719
50	58	2.41628
20	42	-2.41588
56	90	-2.41566
42	56	-2.41447
58	96	2.41296
50	52	-2.41114
48	98	2.41049
46	86	2.40825
0	12	-2.40777
10	96	2.40715
16	56	-2.40645
14	54	-2.40642
14	52	-2.40528
22	70	-2.4048
66	72	-2.4046
20	52	2.403
56	68	2.40277
20	54	2.40269
26	42	-2.40251
20	94	-2.40243
40	52	-2.40227
52	60	2.40205
0	24	2.40195
60	86	2.40151
48	86	2.40051
4	22	2.39959
0	2	2.39858
6	82	-2.39817
18	56	2.39482
6	92	-2.39342
78	86	-2.39332
44	56	2.39289
30	68	-2.39196
80	98	2.39182
6	26	-2.39162
88	94	-2.39132
62	68	-2.38967
6	56	-2.38939
2	44	-2.38924
66	98	-2.38829
8	36	-2.38827
54	70	-2.38823
30	44	-2.38816
62	72	-2.3874
18	24	-2.38738
2	32	-2.38681
8	22	-2.38648
44	62	-2.38614
52	78	-2.38538
50	54	-2.38497
2	68	-2.38488
22	24	-2.38339
42	86	-2.38306
18	88	2.3821
14	68	-2.38191
54	78	-2.3813
20	68	2.38054
28	74	-2.37976
40	88	-2.37719
6	50	2.37639
6	48	-2.37568
0	56	-2.37466
52	70	-2.37448
82	86	2.37437
30	32	-2.37334
32	62	-2.37319
26	28	-2.37248
22	40	-2.37227
40	54	-2.37188
2	72	-2.37121
56	96	-2.37082
30	72	-2.37043
78	88	-2.36957
64	76	2.36748
14	90	2.36704
14	44	-2.36667
60	66	-2.36645
38	68	-2.36623
54	60	2.36623
56	78	-2.36584
8	38	2.36416
20	44	2.36345
88	90	-2.36231
12	36	2.36071
58	78	2.36027
36	66	-2.35954
6	88	-2.35862
66	92	-2.35794
8	46	-2.35757
58	80	-2.3572
38	54	-2.35612
0	52	-2.35612
50	66	2.3555
24	94	2.35429
38	52	-2.35421
40	58	2.35363
66	78	2.35329
4	58	-2.35267
30	54	-2.35264
50	88	-2.35255
58	92	-2.3522
10	26	-2.3521
2	18	-2.34657
20	90	-2.34631
54	62	-2.34611
44	70	-2.34502
2	92	-2.34454
46	98	2.34352
38	44	-2.34296
70	86	-2.34182
42	46	-2.34131
2	28	2.3408
40	56	-2.34078
38	72	-2.34065
68	70	-2.34065
6	16	2.34053
68	74	2.33861
18	70	-2.33858
4	6	-2.33824
32	58	-2.33802
6	70	2.33778
2	54	-2.33628
42	48	-2.3358
28	84	-2.33415
22	28	-2.33348
32	66	-2.33246
60	98	2.33042
36	62	-2.32886
76	92	-2.32746
14	86	-2.32666
68	84	2.32663
42	82	-2.32585
62	92	-2.32492
12	40	-2.32395
24	90	2.32384
22	78	-2.32345
44	74	2.32308
44	58	-2.32241
16	88	-2.32229
18	30	-2.32223
30	52	-2.32193
14	32	-2.32191
30	92	-2.32152
20	86	2.32147
18	66	-2.32115
58	68	-2.32081
18	62	-2.3197
20	32	2.31759
68	78	-2.31728
32	70	-2.31709
50	56	-2.31668
50	68	-2.31651
0	84	-2.31581
2	36	-2.31481
20	34	2.31452
28	62	2.31434
52	62	-2.31432
32	88	2.31373
44	78	-2.31332
0	54	-2.31317
30	36	-2.31269
8	82	-2.31218
6	96	2.31134
4	8	-2.31126
90	92	-2.31051
24	32	-2.30957
80	86	2.30954
32	74	2.30805
10	24	2.30607
60	88	2.30597
44	84	2.30513
40	66	2.30493
46	90	-2.30479
22	80	2.30444
6	32	-2.30367
12	72	2.30366
56	70	-2.30227
60	68	2.302
46	94	-2.30156
4	74	2.30097
32	38	-2.30074
86	94	-2.30064
32	56	2.29956
40	68	-2.29912
28	30	2.29911
70	88	-2.29907
60	64	-2.29849
26	76	-2.29692
8	20	-2.2968
2	52	-2.29658
44	50	-2.29586
14	34	-2.2955
64	80	-2.29537
16	74	-2.29471
12	50	-2.29289
58	64	2.29238
92	94	-2.29229
8	14	2.29162
12	68	2.2916
0	74	-2.29153
22	82	2.29006
42	52	-2.28977
28	98	-2.28917
88	96	-2.28892
4	84	2.28848
16	98	-2.28786
36	56	2.28746
6	12	-2.28729
14	18	-2.2872
24	44	-2.28656
6	60	-2.28634
16	22	-2.28599
44	66	-2.28582
42	80	-2.28528
36	38	-2.28441
74	92	2.28433
6	44	-2.28417
26	94	-2.2841
80	90	-2.28355
18	78	-2.28177
32	84	2.2808
6	68	-2.28033
26	52	2.27991
10	60	-2.27965
58	82	-2.27825
40	44	-2.27818
18	20	2.27811
32	78	-2.2767
36	88	2.27647
12	64	-2.27537
74	96	-2.27501
12	60	2.27448
44	60	2.27323
54	74	2.27292
86	92	2.27282
12	16	-2.27221
8	92	-2.2718
80	94	-2.27179
54	84	2.27168
8	48	-2.27154
12	94	-2.27038
8	98	-2.26905
26	90	-2.26873
66	80	-2.26567
46	58	-2.26532
26	98	2.26511
0	26	-2.26468
24	92	-2.26462
6	36	-2.26461
4	86	2.26454
22	96	-2.26429
86	90	-2.26354
12	44	2.26317
12	78	-2.26306
22	48	2.26272
42	54	-2.25997
70	76	2.25977
74	80	2.2593
24	98	-2.25892
66	68	-2.25885
16	84	-2.25853
6	86	-2.25813
4	42	-2.25798
52	84	2.25752
18	58	-2.25722
96	98	-2.25697
56	60	2.25667
32	76	-2.25587
28	56	-2.2558
22	68	2.25556
38	64	2.25553
54	94	-2.25438
6	28	2.254
24	68	-2.25378
0	64	2.25357
38	42	2.25312
24	42	2.25267
52	74	2.24997
32	90	-2.24893
84	92	2.24838
12	96	-2.24711
52	94	-2.24684
60	76	-2.24684
64	84	-2.24613
70	92	-2.24603
56	72	2.24572
32	94	-2.24517
24	54	-2.24433
50	98	-2.24433
6	72	-2.24367
64	74	-2.24362
6	54	-2.24309
84	96	-2.24264
82	94	-2.24165
32	50	-2.24161
38	86	-2.2413
0	68	-2.24094
44	94	-2.23999
82	90	-2.2397
22	46	2.23927
14	92	-2.23849
18	90	-2.23736
48	58	-2.2369
46	64	-2.23663
20	92	2.23477
12	90	-2.23471
18	38	-2.23369
44	90	-2.23368
38	94	2.23297
80	84	2.23284
4	66	-2.23262
38	92	-2.23249
70	98	-2.23245
54	90	-2.2318
22	64	-2.23168
72	88	2.23101
18	94	-2.23091
68	94	-2.23078
16	90	2.23056
48	94	-2.23054
22	44	2.22996
54	58	-2.22847
6	52	-2.22814
2	64	2.22602
12	18	2.22552
42	68	-2.22536
32	40	-2.22491
2	16	2.22472
48	90	-2.22418
62	64	2.22408
40	64	2.22272
24	34	-2.22081
50	64	2.22064
44	76	-2.22059
18	74	2.2204
30	64	2.21989
8	26	-2.21984
68	90	-2.21978
6	18	-2.21957
10	70	2.21889
78	92	-2.21843
52	90	-2.21755
0	44	-2.21725
90	96	2.21661
0	22	-2.21613
14	88	-2.21605
18	50	-2.21578
2	96	2.21566
20	64	-2.21541
68	76	-2.21509
74	82	2.21456
42	92	-2.21433
32	60	2.21286
26	54	2.2112
10	50	2.2086
42	44	-2.20827
28	38	2.20811
16	62	2.20776
20	88	2.20686
22	32	2.20684
14	64	2.20458
30	94	2.20426
10	92	-2.20364
12	28	-2.20349
50	76	2.20058
82	84	2.19912
18	40	-2.19879
62	96	2.19826
64	86	-2.19753
40	98	-2.19723
16	94	2.19709
22	54	2.19673
24	52	-2.1955
28	88	-2.19535
16	30	2.19385
18	84	2.19327
24	28	2.19297
62	94	2.18965
38	90	2.18946
22	52	2.18907
2	94	2.18904
30	42	2.18874
0	58	2.18857
22	92	2.18836
14	56	-2.18819
52	58	-2.18744
30	86	-2.18733
12	70	-2.1866
46	74	2.1866
10	64	2.18626
66	82	-2.18582
30	96	2.18529
32	42	-2.18452
8	32	-2.18388
46	66	-2.18318
8	70	2.18299
20	72	2.18298
28	92	-2.18284
10	68	-2.18273
12	32	2.18259
48	74	2.18248
94	96	2.18156
42	64	2.18096
54	66	-2.17934
62	86	-2.17783
0	48	-2.17775
20	56	2.17721
0	46	-2.17703
42	62	2.1746
64	88	-2.17419
18	60	2.17346
4	90	-2.17278
12	34	2.17229
50	92	-2.17209
46	52	2.17161
4	94	-2.1715
10	32	-2.17149
0	66	2.1711
48	84	2.17046
0	32	-2.16982
56	64	-2.16871
14	72	-2.16816
10	44	-2.16808
64	98	-2.16782
26	64	-2.16771
18	76	-2.16678
46	84	2.16673
78	98	-2.16658
30	90	2.16465
40	92	-2.16416
48	66	-2.16342
8	60	-2.16295
2	42	2.16276
0	82	-2.16203
64	82	-2.16191
2	86	-2.16113
10	40	2.16093
6	34	-2.16016
8	18	-2.16004
48	52	2.15774
26	40	-2.15758
76	78	2.15728
24	72	-2.15478
40	76	2.15325
34	92	2.1532
2	90	2.15234
4	62	-2.15206
6	64	2.15177
62	90	2.15149
34	60	2.15113
6	14	2.14991
2	4	-2.14761
12	14	-2.14439
34	64	-2.1437
8	12	-2.14286
16	86	-2.14219
0	92	-2.14217
22	26	2.14196
68	98	2.14145
52	82	2.14139
60	92	2.13998
4	30	-2.13996
20	36	2.13954
12	20	2.13928
2	80	-2.13927
10	78	2.13917
48	64	-2.13886
36	42	-2.13831
24	64	2.1379
28	90	2.13789
62	80	-2.13745
64	72	-2.13714
6	20	-2.13669
26	78	-2.1355
24	36	-2.13547
86	96	-2.13351
16	42	2.13332
0	18	-2.13258
52	66	-2.13031
26	58	-2.13001
34	56	2.12974
24	86	-2.1291
8	50	2.12903
38	96	2.12866
16	38	2.12825
8	44	-2.12724
46	54	2.12724
14	36	-2.12649
84	86	2.12556
16	92	-2.12546
30	80	-2.12529
88	92	2.12494
26	50	-2.12384
18	42	-2.12276
18	22	2.12241
52	64	-2.12225
0	80	-2.12171
36	64	-2.12153
20	28	-2.12066
72	92	2.11976
44	98	2.11941
92	96	-2.1181
42	96	2.11681
34	88	2.1164
38	88	-2.11589
4	64	-2.11513
4	38	-2.11398
56	92	2.11357
6	76	2.11311
74	86	2.11285
14	28	2.11264
54	76	-2.11162
64	78	2.11063
34	70	-2.11031
42	72	-2.11005
64	90	2.10965
52	80	2.10854
34	68	2.10833
28	94	2.1082
48	54	2.10744
36	86	2.10707
32	34	2.10663
8	68	-2.10616
32	98	2.1048
24	56	-2.10417
8	40	2.10304
0	4	-2.10158
64	94	2.10063
92	98	2.10056
10	54	-2.10002
36	90	-2.09881
8	78	2.09778
6	8	2.09774
26	66	-2.09754
34	44	2.09733
34	50	-2.09717
36	92	2.09658
54	82	2.09627
6	24	2.09346
24	96	2.09336
24	88	-2.09334
62	82	-2.09285
26	60	2.09275
6	10	2.09168
2	82	-2.09088
42	84	-2.09054
46	78	-2.09043
40	46	-2.09001
16	24	2.08952
54	98	2.08945
36	94	-2.08909
10	18	-2.0876
64	70	2.08741
0	98	-2.08691
38	56	-2.08636
52	98	2.08618
26	74	2.0847
84	94	-2.08316
38	80	-2.08311
30	82	-2.083
10	52	-2.08291
30	88	-2.08279
4	24	-2.08257
40	48	-2.08104
46	62	-2.08082
18	26	2.08081
72	90	-2.0807
2	46	-2.08066
42	74	-2.07862
12	24	-2.07858
72	86	2.07752
54	80	2.07727
28	32	-2.07712
52	76	-2.07617
26	84	2.07607
74	94	-2.07565
26	68	2.07546
22	86	2.0751
62	88	-2.07508
4	52	2.07437
28	42	2.07432
28	86	-2.07401
10	12	-2.07353
30	46	-2.07167
40	82	-2.07135
12	38	-2.07105
48	62	-2.07104
2	48	-2.0703
72	94	-2.06996
26	70	-2.0692
30	56	-2.06874
48	78	-2.06752
2	88	-2.06728
54	64	-2.06701
12	92	2.06671
26	44	2.06562
34	40	-2.06512
46	50	-2.06398
56	76	-2.06366
30	48	-2.06254
8	56	-2.06194
78	82	-2.06181
56	62	-2.06175
0	8	2.06147
32	72	2.06103
60	72	2.06058
38	82	-2.05998
80	92	2.05968
84	90	-2.05967
12	76	-2.05862
2	56	-2.05858
18	98	2.05817
0	10	2.05803
58	86	-2.05752
78	80	-2.05571
20	96	-2.05559
48	50	-2.055
24	48	-2.05456
68	72	2.05444
10	56	-2.05406
34	78	-2.05245
74	90	-2.05233
66	94	2.05222
64	92	-2.05195
16	20	-2.0518
28	60	-2.05083
40	80	-2.0505
6	98	-2.0499
0	76	2.04981
8	88	-2.04941
14	96	2.04887
12	66	-2.04811
44	72	2.04788
50	82	-2.0473
14	16	2.04558
18	34	2.04552
38	46	-2.04519
12	98	2.04503
10	88	-2.04471
38	48	-2.04414
18	28	-2.04329
4	54	2.04241
34	42	-2.04226
6	38	2.04175
76	88	-2.0417
32	36	2.0416
42	66	2.04065
8	54	-2.04063
34	54	2.04062
0	96	2.04055
58	94	2.04019
66	86	-2.03983
24	26	-2.0397
70	72	-2.03928
22	42	-2.0382
28	44	-2.03787
36	60	2.0378
18	48	2.03773
22	94	-2.03754
90	98	-2.03745
24	82	-2.03706
66	90	2.03683
46	70	-2.0368
4	92	2.03652
0	16	2.03646
16	32	-2.03606
64	68	-2.03594
36	68	2.03557
46	60	2.03529
48	60	2.03442
46	68	2.03395
12	30	-2.03317
34	90	-2.03252
42	58	2.03245
84	88	2.0321
50	80	-2.03178
32	96	-2.03148
34	52	2.03109
52	96	-2.03051
4	20	2.03019
26	32	2.03009
18	46	2.03001
36	44	2.02997
16	52	-2.02988
60	96	-2.02981
50	72	-2.02947
44	46	2.02916
4	40	-2.02872
12	62	-2.02821
28	68	-2.02819
22	90	-2.02811
28	70	2.02767
74	88	2.02759
60	82	2.02741
94	98	-2.02741
8	42	2.02731
46	92	2.02692
6	30	2.02579
8	86	-2.02475
8	52	-2.02463
2	12	-2.02456
58	90	2.02452
4	14	-2.02438
34	86	2.02409
18	82	2.02363
6	58	2.0234
0	36	-2.02286
48	70	-2.02264
48	68	2.02253
34	94	-2.02241
36	70	-2.02212
20	80	2.02211
82	92	2.02193
24	80	-2.02192
0	28	2.02173
4	78	-2.02162
28	50	2.02132
6	62	2.02118
56	98	2.02105
44	64	-2.02057
2	6	2.01995
68	82	2.01974
18	72	2.01963
68	80	2.0192
14	80	-2.01884
14	26	-2.01807
4	18	2.01802
86	98	2.01793
70	80	-2.01791
70	82	-2.01776
2	26	-2.0177
26	62	-2.01748
16	18	-2.01747
18	96	-2.01745
32	64	-2.01728
44	80	2.0172
44	48	2.01707
56	84	2.01696
56	74	2.01634
16	54	-2.01576
20	26	2.01558
36	52	2.01528
10	86	-2.01504
40	72	-2.01485
36	50	-2.01476
88	98	2.0147
18	36	2.01442
44	82	2.01434
4	50	-2.01416
8	90	2.01413
28	40	2.01392
16	60	-2.0138
26	30	-2.01348
54	96	-2.01333
52	72	2.01328
16	44	-2.01314
0	72	-2.01299
32	80	2.01298
40	96	2.01257
60	80	2.0124
0	34	-2.0123
76	90	2.01221
54	72	2.01221
56	58	-2.01213
48	92	2.01187
18	80	2.01092
22	88	2.01089
20	46	2.01063
32	46	2.01061
12	84	2.01039
20	82	2.0103
14	46	-2.00994
58	88	-2.00991
50	96	2.00979
12	22	2.00974
26	38	-2.00971
6	22	-2.00925
10	42	2.00917
24	46	-2.00898
44	96	-2.0088
76	94	2.00862
4	60	2.00839
36	54	2.00832
72	78	-2.0081
16	78	2.00801
14	82	-2.0079
18	64	-2.00744
6	66	2.00738
16	68	-2.00731
36	40	-2.00674
16	40	2.00603
42	76	2.00589
4	68	2.00564
28	52	-2.0055
78	96	2.00549
8	94	2.0052
10	90	2.00506
12	74	2.00492
76	86	-2.00486
20	48	2.00462
6	74	-2.00457
68	96	-2.00383
16	70	2.0036
14	48	-2.0032
22	56	2.00291
56	66	-2.00289
32	48	2.00289
12	58	-2.00262
28	78	2.0026
4	32	2.00258
16	50	2.0024
4	70	-2.00228
66	88	-2.002
32	82	2.00199
4	44	2.00197
6	84	-2.00165
70	96	2.00151
36	78	-2.00147
10	94	2.00091
42	98	-2.00071
26	92	2.00014
28	54	-2.00009
