19	57	11.9978
43	71	11.9943
9	33	11.9917
17	61	-11.9867
27	31	11.9841
29	57	11.9771
19	29	11.9755
9	21	11.9748
21	33	11.9699
23	73	11.9683
33	51	-11.9655
35	69	11.9645
29	59	11.9558
77	93	11.9536
47	67	11.9534
35	67	11.9439
3	63	11.9397
67	69	11.9378
17	87	-11.9333
47	79	11.9319
7	11	11.9267
43	63	11.9241
9	51	-11.9238
61	87	11.9174
3	97	11.9145
21	51	-11.9126
17	55	-11.9087
1	7	11.9013
59	91	11.8961
63	71	11.8782
57	59	11.878
65	71	11.8732
29	93	11.8724
19	59	11.8679
55	61	11.8647
37	87	11.8629
75	83	11.8601
25	41	11.8562
21	23	11.8554
47	69	11.8522
59	77	11.8456
25	97	11.8409
43	65	11.8406
59	93	11.8361
19	93	11.8231
35	47	11.8057
29	91	11.7975
23	93	11.7971
57	93	11.7966
29	77	11.7954
59	81	11.7946
31	79	11.7931
13	25	11.7866
63	97	11.7845
11	87	11.7823
3	43	11.7803
67	79	11.7766
17	37	-11.773
3	53	11.7698
77	81	11.7683
19	51	-11.7571
1	11	11.7542
73	93	11.7501
27	79	11.744
57	91	11.7271
81	91	11.7263
51	57	-11.7247
1	89	11.7229
9	23	11.7225
39	71	11.7172
55	87	11.7133
3	71	11.7089
31	85	11.7035
53	75	-11.7029
7	87	11.7026
23	33	11.7023
41	61	11.6994
21	73	11.6992
53	97	11.6957
19	91	11.6889
19	77	11.6837
39	65	11.6777
37	61	11.6771
27	85	11.6678
63	65	11.6639
57	77	11.6633
15	57	11.6438
73	77	11.6429
39	43	11.6393
23	77	11.6372
37	55	11.6362
69	79	11.628
7	37	11.6278
23	51	-11.6253
15	19	11.6223
31	47	11.6181
21	93	11.6134
27	47	11.6116
3	25	11.6086
19	21	11.6052
29	51	-11.6047
15	51	-11.5959
19	33	11.5956
15	99	-11.5824
29	81	11.5816
81	93	11.575
17	41	-11.5695
41	97	11.5591
5	69	11.5525
21	57	11.5521
11	61	11.551
51	93	-11.5492
33	57	11.5485
25	63	11.5385
77	91	11.5353
11	37	11.5339
9	73	11.5293
35	79	11.5269
11	17	-11.5228
13	41	11.5217
53	63	11.5205
19	23	11.5184
41	87	11.5151
9	19	11.4994
13	95	11.4968
33	73	11.4963
91	93	11.4939
23	29	11.4868
43	97	11.4853
21	29	11.4766
33	93	11.4765
15	29	11.4672
23	57	11.4592
9	57	11.4459
13	97	11.4323
29	33	11.4301
9	93	11.4257
27	67	11.4245
39	49	11.4054
11	41	11.4045
51	73	-11.3988
31	67	11.3962
5	35	11.394
57	81	11.3898
13	63	11.3827
71	97	11.3824
7	17	-11.3816
9	49	-11.3791
33	49	-11.3756
19	81	11.3751
49	99	11.3731
53	83	-11.3681
15	33	11.3675
7	89	11.3599
7	61	11.3596
3	65	11.3578
29	73	11.3501
75	97	-11.3449
19	73	11.3448
21	77	11.3344
43	53	11.3317
9	29	11.3302
23	59	11.3277
51	59	-11.3264
49	51	11.306
41	55	11.3036
1	87	11.3006
39	99	11.2996
57	73	11.2817
39	63	11.271
3	13	11.2662
41	95	11.2559
51	77	-11.2543
25	61	11.254
1	37	11.249
53	71	11.2456
9	15	11.2373
15	59	11.2355
59	73	11.2342
15	91	11.232
11	95	11.2293
21	59	11.2097
5	67	11.2031
3	75	-11.1947
15	21	11.1919
55	75	-11.1811
49	71	11.1679
25	53	11.1669
33	77	11.1608
3	41	11.1506
25	43	11.1499
21	49	-11.1441
25	95	11.143
43	49	11.1298
33	59	11.1277
79	85	11.1267
9	77	11.103
11	55	11.0892
27	35	11.0835
27	69	11.0811
13	43	11.0774
17	25	-11.0766
31	69	11.0749
5	47	11.0705
13	65	11.0519
31	35	11.0381
51	99	11.0364
25	71	11.0347
65	97	11.0316
15	93	11.029
11	89	11.0275
49	53	11.0269
9	59	11.0198
3	39	11.0134
7	41	11.009
61	97	11.0085
13	71	10.9911
41	63	10.9859
51	91	-10.9854
15	49	-10.9757
37	41	10.9682
7	55	10.9574
25	87	10.9466
73	81	10.94
61	75	-10.9316
23	81	10.9205
25	75	-10.8914
1	17	-10.8815
17	75	10.8712
7	95	10.8673
33	99	-10.8612
1	61	10.8602
41	75	-10.8589
55	83	-10.8553
25	55	10.8475
3	49	10.8473
25	65	10.8457
49	63	10.8452
17	97	-10.8387
11	25	10.8289
41	53	10.8167
23	91	10.8165
1	95	10.8161
5	79	10.8071
47	85	10.8008
55	97	10.7881
63	75	-10.7874
15	77	10.7702
9	99	-10.753
21	91	10.7521
83	97	-10.752
15	23	10.7488
49	65	10.7143
33	91	10.7121
57	99	-10.7041
73	91	10.6983
19	99	-10.6904
53	65	10.6771
87	95	10.6613
13	61	10.6557
3	83	-10.632
39	53	10.622
51	81	-10.6106
11	13	10.6093
61	95	10.5931
9	91	10.5734
21	81	10.5721
21	99	-10.5656
1	41	10.5639
87	97	10.5568
13	53	10.5521
37	89	10.5507
45	67	10.5142
23	49	-10.5128
39	97	10.5124
19	49	-10.5119
27	45	10.4999
67	85	10.4965
41	43	10.4954
15	81	10.4928
53	55	10.4923
3	61	10.4915
35	45	10.4815
49	57	-10.47
43	75	-10.4599
13	17	-10.456
15	73	10.4549
95	97	10.4522
13	87	10.4499
61	83	-10.4482
53	61	10.4459
71	99	10.4438
29	99	-10.4417
87	89	10.4293
17	95	-10.4292
45	91	10.427
17	83	10.4242
33	81	10.4146
75	87	-10.4112
1	55	10.4016
41	71	10.3616
71	75	-10.3474
7	25	10.3442
49	97	10.3404
45	47	10.335
43	99	10.3272
25	37	10.3165
3	17	-10.3143
9	81	10.3143
3	55	10.3125
17	53	-10.3106
65	99	10.2897
31	45	10.2692
15	39	-10.26
41	83	-10.2411
25	83	-10.237
49	73	-10.2283
29	49	-10.2244
11	97	10.2204
61	63	10.2039
63	83	-10.1921
49	75	-10.1901
45	69	10.1892
41	65	10.1615
49	93	-10.138
63	95	10.1315
39	51	10.13
59	99	-10.1288
69	85	10.1261
33	39	-10.123
7	13	10.1174
13	55	10.1089
91	99	-10.0992
9	39	-10.0932
13	75	-10.0908
35	85	10.0846
9	53	-10.0785
3	95	10.0776
37	95	10.0771
89	95	10.071
45	79	10.0709
37	75	-10.0631
13	39	10.0604
49	83	-10.0495
25	39	10.0426
17	63	-10.02
93	99	-10.0197
35	81	10.0089
5	31	10.0055
3	87	10.0025
55	63	9.97084
33	53	-9.96768
37	97	9.9642
5	27	9.95785
17	89	-9.9464
83	87	-9.94241
23	99	-9.93038
55	95	9.93036
43	83	-9.9165
45	81	9.91647
1	25	9.90134
53	87	9.89239
61	89	9.89152
45	59	9.86005
21	39	-9.84331
63	99	9.83524
49	59	-9.8284
13	37	9.82223
71	83	-9.81947
21	53	-9.81435
1	13	9.80744
9	71	-9.7858
65	75	-9.77849
49	77	-9.75665
33	71	-9.75651
63	87	9.75595
9	43	-9.75432
7	97	9.74506
35	91	9.74332
45	85	9.74215
65	95	9.73536
77	99	-9.73019
11	75	-9.72869
69	81	9.72515
43	95	9.7236
33	43	-9.71739
51	53	9.71056
43	61	9.70942
9	83	9.70293
37	83	-9.69927
39	75	-9.69547
3	11	9.66965
3	99	9.66576
89	91	-9.66519
17	35	9.65731
55	69	-9.65386
53	99	9.65185
29	45	9.65049
51	71	9.64976
35	55	-9.64389
25	49	9.63709
35	61	-9.63033
61	67	-9.62604
73	99	-9.62569
17	67	9.62537
71	95	9.62434
11	45	-9.62103
67	81	9.61712
1	45	-9.61422
17	69	9.61172
35	87	-9.60387
43	51	9.59666
3	9	-9.59296
55	67	-9.59277
35	37	-9.59001
45	57	9.58845
61	71	9.58299
61	69	-9.58045
5	81	9.56489
47	61	-9.5623
67	87	-9.56009
33	83	9.55499
17	47	9.54575
7	45	-9.54569
31	97	-9.54519
17	43	-9.54306
25	27	-9.54189
27	97	-9.53887
43	55	9.5387
41	89	9.53822
21	71	-9.53356
27	41	-9.53269
9	75	9.52782
63	85	-9.52729
21	83	9.52547
47	55	-9.52124
37	69	-9.5185
69	87	-9.51565
49	91	-9.51559
3	33	-9.51499
9	63	-9.51421
3	85	-9.51403
19	45	9.51331
55	89	9.51252
11	63	9.51251
15	45	9.51024
5	55	-9.50549
21	43	-9.50116
25	31	-9.49752
45	95	-9.49003
53	95	9.48566
13	83	-9.48127
85	97	-9.4812
31	41	-9.47776
19	39	-9.47578
59	89	-9.46847
37	67	-9.46804
47	87	-9.46061
39	57	-9.45691
33	63	-9.45458
15	71	-9.45283
43	85	-9.44636
3	31	-9.44532
61	79	-9.44365
1	91	-9.44293
25	85	-9.44251
3	37	9.44213
57	89	-9.43618
29	89	-9.43114
55	71	9.42865
75	79	9.42669
45	89	-9.42595
67	91	9.42583
69	91	9.42427
17	71	-9.4236
81	99	-9.41953
3	27	-9.41679
37	53	9.41453
15	89	-9.4142
71	85	-9.41202
17	79	9.4106
75	95	-9.40932
7	75	-9.39945
19	89	-9.39773
41	47	-9.39656
33	75	9.39568
41	67	-9.38839
55	79	-9.38531
79	97	-9.38295
11	53	9.3827
9	65	-9.37408
61	65	9.37362
41	79	-9.36497
33	65	-9.36242
15	43	-9.36224
47	75	9.36063
39	41	9.36049
13	49	9.35795
35	59	9.35761
31	53	-9.3521
39	83	-9.35096
45	77	9.34758
53	79	-9.34195
3	21	-9.33683
37	47	-9.33365
23	53	-9.33361
31	63	-9.32983
3	51	9.32319
5	37	-9.32112
79	87	-9.31797
21	75	9.31634
13	85	-9.31506
27	63	-9.31502
27	61	-9.31255
7	35	-9.31137
23	39	-9.30476
51	65	9.29766
81	89	-9.29697
11	35	-9.29687
51	63	9.29672
7	91	-9.29342
11	67	-9.29049
31	61	-9.28362
43	87	9.28267
35	41	-9.28234
5	17	9.28065
27	53	-9.27893
47	97	-9.27712
11	83	-9.27494
21	63	-9.27025
1	97	9.26901
7	67	-9.26822
25	79	-9.26808
41	85	-9.26775
69	75	9.26
65	83	-9.25881
45	87	-9.25566
51	83	-9.25555
41	45	-9.25147
67	75	9.25075
65	85	-9.25029
23	83	9.24961
53	85	-9.2475
13	27	-9.24664
29	39	-9.24479
5	45	9.23964
17	65	-9.23701
45	93	9.23389
47	81	9.23375
25	47	-9.22692
17	27	9.22623
3	79	-9.22597
15	65	-9.22522
37	63	9.21971
3	7	9.21468
41	69	-9.21456
5	85	9.21062
27	87	-9.20801
11	27	-9.2079
17	31	9.20244
11	47	-9.20222
55	65	9.2016
1	81	-9.19589
5	61	-9.18948
31	75	9.18563
21	65	-9.18068
37	81	-9.17885
9	97	-9.17816
53	73	-9.17635
7	81	-9.17247
31	87	-9.1712
1	59	-9.17026
13	31	-9.16963
71	87	9.16915
47	53	-9.16829
7	69	-9.16672
7	47	-9.16513
73	83	9.1644
37	79	-9.16398
25	67	-9.16018
79	83	9.15716
11	69	-9.15347
67	97	-9.15274
11	31	-9.14568
97	99	9.14264
89	93	-9.1411
77	89	-9.14052
39	93	-9.13397
31	43	-9.13386
35	75	9.1302
5	83	9.12748
39	73	-9.12595
35	77	9.12287
27	75	9.12265
51	75	-9.12093
5	87	-9.1173
45	61	-9.11325
5	75	9.10771
27	43	-9.10556
5	91	9.10208
47	83	9.10017
11	79	-9.09542
33	97	-9.09338
7	27	-9.09156
23	71	-9.09116
49	81	-9.08982
15	53	-9.07952
69	83	9.07812
59	69	9.07655
47	91	9.07141
31	71	-9.07088
41	49	9.06984
1	35	-9.06977
27	55	-9.06961
31	55	-9.06818
3	47	-9.06623
23	43	-9.06461
7	63	9.06286
85	89	-9.06248
39	85	-9.05811
17	45	9.05647
7	79	-9.05552
65	87	9.05403
7	31	-9.04939
11	43	9.04912
1	67	-9.04744
83	95	-9.04519
1	29	-9.04401
27	71	-9.04101
59	67	9.0379
13	45	-9.03069
11	91	-9.02902
63	79	-9.02252
1	27	-9.02179
7	59	-9.01813
37	91	-9.01543
29	35	9.01478
7	83	-9.01103
25	45	-9.0026
25	35	-9.00216
67	83	9.00008
37	45	-8.99705
1	57	-8.99703
7	53	8.99657
51	89	8.99576
31	89	-8.99572
53	67	-8.99015
69	97	-8.98843
1	31	-8.98779
27	89	-8.98122
71	73	-8.98086
15	63	-8.97592
39	59	-8.97287
23	75	8.9721
1	47	-8.96774
25	69	-8.96353
85	95	-8.96331
35	97	-8.96282
43	73	-8.95812
75	99	-8.95379
1	19	-8.95372
21	97	-8.95229
83	99	-8.95178
25	89	8.94763
27	95	-8.94524
11	71	8.94147
13	89	8.94055
39	77	-8.93661
11	85	-8.92899
1	69	-8.91765
35	83	8.91604
19	71	-8.91488
27	37	-8.91394
3	23	-8.91371
1	75	-8.90939
3	15	-8.9089
3	67	-8.90869
1	79	-8.90418
23	65	-8.90384
11	81	-8.9036
51	97	8.90142
31	37	-8.89963
1	85	-8.89617
53	69	-8.89584
11	65	8.89028
69	77	8.88799
23	63	-8.88422
57	71	-8.88235
81	87	-8.88045
65	73	-8.87668
5	59	8.8751
1	77	-8.86965
89	99	8.86644
61	85	-8.86633
73	75	8.8652
47	63	-8.8642
1	15	-8.86032
49	85	-8.85962
19	43	-8.85496
7	29	-8.85017
79	89	-8.84975
37	43	8.84706
35	57	8.84571
35	93	8.8435
31	95	-8.84346
19	53	-8.84133
75	85	8.83582
31	65	-8.83571
27	65	-8.83499
31	83	8.83371
87	91	-8.83264
67	89	-8.83072
7	85	-8.82605
79	81	8.8251
37	59	-8.82315
43	57	-8.8215
35	89	-8.81703
47	89	-8.81387
33	89	-8.81257
5	77	8.81
39	55	8.80926
3	73	-8.80832
13	79	-8.80668
43	79	-8.80462
63	73	-8.80435
67	77	8.80398
45	51	-8.80314
1	3	8.80293
19	35	8.8001
39	91	-8.79561
39	61	8.79414
21	89	-8.79386
53	57	-8.79294
35	53	-8.7912
1	93	-8.78964
85	87	-8.78115
39	95	8.77912
23	89	-8.77636
7	57	-8.77532
13	47	-8.76978
37	71	8.76642
17	85	8.76513
27	83	8.76392
45	99	-8.76334
29	69	8.76305
45	55	-8.75934
37	65	8.75893
7	77	-8.75886
71	93	-8.75439
3	69	-8.75279
29	67	8.73898
71	79	-8.73866
53	93	-8.73722
11	59	-8.7366
7	19	-8.73509
19	65	-8.73228
45	73	8.73208
9	89	-8.72638
23	45	8.72573
13	67	-8.72338
47	59	8.7226
29	71	-8.71938
63	67	-8.71842
73	89	-8.71659
43	93	-8.7078
3	35	-8.70641
57	65	-8.70585
17	39	-8.70369
79	91	8.70185
49	55	8.69699
1	63	8.69682
5	7	-8.69535
69	89	-8.69446
17	81	8.68721
27	81	8.68611
37	77	-8.68544
65	93	-8.68194
5	41	-8.67268
27	91	8.66748
7	43	8.666
29	43	-8.66339
25	99	8.65199
29	53	-8.64335
49	61	8.6424
7	93	-8.63829
5	11	-8.63363
43	47	-8.6324
69	93	8.63035
1	83	-8.62449
45	97	-8.62115
31	39	-8.62105
5	53	-8.62042
15	83	8.61992
29	37	-8.61702
65	77	-8.61679
9	25	-8.61495
21	45	8.61415
23	97	-8.61324
57	69	8.61143
61	81	-8.60513
31	49	-8.60439
57	67	8.601
5	29	8.60099
39	81	-8.6008
13	99	8.5971
55	85	-8.59551
17	91	8.59405
13	35	-8.59355
29	65	-8.59342
33	45	8.59238
59	87	-8.58829
83	93	8.58771
71	77	-8.58659
1	53	8.58623
19	63	-8.58514
7	71	8.57942
11	29	-8.57745
5	97	-8.57707
31	81	8.5766
67	93	8.57341
27	39	-8.57337
19	69	8.57334
3	19	-8.57286
67	95	-8.56834
47	71	-8.56829
7	15	-8.56501
63	69	-8.5644
7	65	8.56414
55	81	-8.56205
19	67	8.56045
57	63	-8.55232
47	95	-8.55137
19	83	8.54991
17	49	-8.5488
25	33	-8.54855
31	91	8.54383
73	97	-8.54359
61	91	-8.54116
43	77	-8.53986
5	93	8.53788
3	57	-8.53772
35	63	-8.53416
15	75	8.53152
5	99	-8.53084
13	69	-8.5283
79	95	-8.52703
47	77	8.5249
5	39	-8.51729
15	97	-8.5169
11	57	-8.51268
37	93	-8.51216
27	49	-8.51026
9	45	8.50781
37	57	-8.50761
57	83	8.50384
11	77	-8.50186
13	73	-8.49867
37	85	-8.49819
83	85	8.49537
35	95	-8.49412
63	93	-8.49341
59	71	-8.4926
43	67	-8.48914
39	87	8.48708
65	79	-8.48582
1	51	8.4832
5	25	-8.48315
19	37	-8.48047
53	77	-8.47856
29	47	8.4772
11	19	-8.47541
9	13	-8.47515
5	57	8.47304
3	93	-8.4688
89	97	8.46548
49	79	-8.46092
21	25	-8.45923
73	95	-8.4568
5	65	-8.45495
15	35	8.45448
3	5	-8.44763
1	5	-8.4473
5	19	8.4426
43	59	-8.44181
59	65	-8.44142
67	71	-8.43037
19	75	8.42757
29	63	-8.42311
59	79	8.41942
13	33	-8.419
29	83	8.415
77	87	-8.41299
75	93	8.41248
29	87	-8.41113
55	91	-8.41027
25	51	8.40861
3	29	-8.40628
1	23	-8.406
85	99	-8.40166
1	73	-8.40111
53	59	-8.39928
13	23	-8.39567
11	93	-8.39054
57	75	8.38857
3	45	-8.38761
17	59	8.38533
13	21	-8.38415
69	95	-8.38287
77	83	8.37825
1	43	8.3765
43	69	-8.37332
47	65	-8.37303
65	81	-8.37244
5	15	8.37206
47	57	8.37102
45	63	-8.36476
27	59	8.36223
11	15	-8.36017
91	95	-8.3585
5	63	-8.35649
49	95	8.35599
39	79	-8.35535
5	71	-8.3508
63	77	-8.34777
35	73	8.34634
49	89	8.34543
47	93	8.3444
1	21	-8.34347
5	43	-8.34134
19	47	8.33981
1	99	8.33663
1	33	-8.33543
37	39	8.33512
35	43	-8.33381
57	87	-8.33114
59	61	-8.32968
69	71	-8.3278
23	35	8.32123
49	87	8.31489
1	65	8.31398
1	71	8.31107
23	95	-8.30573
71	91	-8.30482
81	95	-8.30469
19	87	-8.30365
13	51	8.30225
29	75	8.301
25	73	-8.3009
15	67	8.29637
9	41	-8.2952
3	77	-8.29473
23	25	-8.29178
15	69	8.29079
65	67	-8.28972
19	97	-8.28806
35	71	-8.28759
7	51	8.28325
11	39	8.28168
87	93	-8.28132
45	75	8.27987
41	91	-8.27889
31	59	8.27654
75	89	-8.27557
1	9	-8.27264
77	79	8.27108
7	73	-8.26625
41	81	-8.26575
5	89	-8.26508
57	97	-8.26221
77	95	-8.26203
47	49	-8.26121
43	91	-8.26022
41	99	8.25981
65	91	-8.25854
7	23	-8.25819
55	59	-8.25491
71	81	-8.25325
17	77	8.25239
29	79	8.24696
33	41	-8.24443
9	85	8.24375
59	83	8.24268
59	63	-8.24248
65	69	-8.23825
35	51	-8.23718
17	29	8.23421
75	77	8.23099
69	73	8.22942
93	97	-8.2278
81	85	8.22656
15	37	-8.22584
33	85	8.22205
3	59	-8.21921
39	47	-8.21806
35	65	-8.21621
9	55	-8.21468
59	95	-8.21448
27	77	8.21301
43	81	-8.21184
5	73	8.21178
27	29	8.20848
53	91	-8.20769
23	69	8.20643
5	13	-8.20261
45	53	-8.19956
93	95	-8.19809
61	77	-8.197
3	89	8.19621
13	77	-8.19554
43	45	-8.19364
29	61	-8.19262
21	41	-8.18766
21	35	8.18705
45	83	8.18543
7	21	-8.18412
15	25	-8.18377
67	73	8.18188
57	79	8.18116
55	99	8.17618
83	89	-8.17604
29	97	-8.1745
37	73	-8.17252
55	77	-8.17159
7	33	-8.1712
17	57	8.17001
23	67	8.16951
51	85	-8.1687
33	55	-8.16572
13	93	-8.16412
5	23	8.16252
19	79	8.16229
23	37	-8.16113
85	91	8.16097
45	71	-8.16032
45	65	-8.15878
21	85	8.15838
27	57	8.15677
59	75	8.15652
79	93	8.15616
13	81	-8.15359
17	19	8.15162
15	47	8.15123
41	51	8.15026
9	79	8.14998
33	35	8.14979
31	77	8.14875
29	31	8.14848
63	89	8.14733
29	95	-8.14632
17	93	8.14501
9	31	8.14415
9	61	-8.14331
15	87	-8.13969
11	49	8.1388
57	61	-8.1385
21	55	-8.13736
19	27	8.13482
39	69	-8.13347
11	73	-8.13305
45	49	-8.13235
51	67	-8.13179
49	67	-8.1316
29	55	-8.13118
39	67	-8.13084
5	49	-8.12959
51	69	-8.12801
7	99	8.12794
7	9	-8.12664
31	99	-8.12593
33	79	8.12413
13	15	-8.12347
31	33	8.12263
19	61	-8.12151
37	49	8.12143
9	35	8.11953
11	51	8.11889
21	95	-8.11859
37	51	8.11713
9	17	8.11357
77	97	-8.11205
39	89	8.11081
57	95	-8.11063
31	57	8.11013
33	61	-8.10966
7	39	8.10919
11	23	-8.10886
27	93	8.10869
15	85	8.10795
63	91	-8.10641
41	59	-8.10555
21	69	8.10543
61	93	-8.10483
35	99	-8.10354
9	95	-8.10099
19	95	-8.10011
41	73	-8.09983
21	79	8.0991
21	67	8.09867
53	89	8.09809
3	91	-8.09608
53	81	-8.09526
73	85	8.09508
19	31	8.09384
15	27	8.09318
27	99	-8.09309
35	39	-8.08703
9	27	8.08694
55	93	-8.08618
23	41	-8.08596
21	37	-8.0858
5	51	-8.08522
17	33	8.08515
51	55	8.08421
63	81	-8.08396
31	51	-8.08335
33	67	8.08273
51	79	-8.08254
83	91	8.08154
49	69	-8.08146
25	81	-8.08056
55	57	-8.08056
61	99	8.07902
21	61	-8.07847
21	31	8.07804
33	69	8.07782
23	85	8.07674
69	99	-8.07618
15	95	-8.07601
47	73	8.07545
23	47	8.07455
9	47	8.07328
15	31	8.07306
27	33	8.07201
19	55	-8.07117
47	51	-8.07108
9	67	8.07012
81	83	8.0692
25	91	-8.06814
33	95	-8.06764
33	47	8.06638
33	37	-8.06616
31	93	8.06612
9	69	8.06515
17	99	-8.06483
21	47	8.06354
59	97	-8.06315
17	21	8.06192
39	45	-8.06165
51	61	8.05872
5	95	-8.0562
15	79	8.05595
25	93	-8.05417
19	25	-8.05394
77	85	8.05379
75	91	8.05288
11	21	-8.05264
9	37	-8.05047
37	99	8.05028
27	51	-8.0501
51	87	8.04991
23	55	-8.04958
11	33	-8.04931
13	91	-8.04914
1	49	8.04913
95	99	8.04805
15	41	-8.04632
17	51	-8.04599
5	21	8.04532
25	57	-8.0444
7	49	8.04406
59	85	8.04382
13	19	-8.04304
35	49	-8.04134
73	87	-8.04113
75	81	8.04107
11	99	8.04004
29	41	-8.03986
23	79	8.03967
41	77	-8.03949
21	27	8.03782
9	87	-8.03744
23	87	-8.03665
25	77	-8.03609
3	81	-8.03588
13	59	-8.03535
33	87	-8.03476
15	17	8.03454
43	89	8.03153
13	57	-8.03131
79	99	-8.02986
13	29	-8.02972
5	33	8.02867
41	57	-8.02856
15	61	-8.02841
55	73	-8.02771
21	87	-8.02762
67	99	-8.0275
91	97	-8.02722
9	11	-8.02679
73	79	8.02408
51	95	8.02373
19	41	-8.02167
71	89	8.01726
65	89	8.01588
85	93	8.01509
25	29	-8.01467
5	9	8.01268
17	23	8.01255
1	39	8.01255
27	73	8.01137
23	61	-8.01078
57	85	8.00713
19	85	8.00695
87	99	8.00605
23	31	8.00491
29	85	8.0047
41	93	-8.00388
17	73	8.00354
81	97	-8.00242
25	59	-8.00212
31	73	8.00197
61	73	-8.00098
47	99	-8.00039
23	27	8.00036
15	55	-8.00026
74	75	6
20	21	6
62	63	6
40	41	6
34	35	6
84	85	6
64	65	6
44	45	6
52	53	6
94	95	6
50	51	6
28	29	6
96	97	6
16	17	6
54	55	6
88	89	6
58	59	6
46	47	6
32	33	6
26	27	6
78	79	6
70	71	6
66	67	6
90	91	6
68	69	6
36	37	6
22	23	6
56	57	6
42	43	6
76	77	6
30	31	6
24	25	6
48	49	6
18	19	6
60	61	6
72	73	6
86	87	6
92	93	6
38	39	6
80	81	6
14	15	6
82	83	6
0	1	6
98	99	6
8	9	6
4	5	6
10	11	6
6	7	6
12	13	6
2	3	6
18	57	5.99892
19	56	5.99892
42	71	5.99715
43	70	5.99715
9	32	5.99585
8	33	5.99585
16	61	-5.99336
17	60	-5.99336
27	30	5.99205
26	31	5.99205
28	57	5.98857
29	56	5.98857
19	28	5.98774
18	29	5.98774
8	21	5.98741
9	20	5.98741
21	32	5.98493
20	33	5.98493
23	72	5.98416
22	73	5.98416
33	50	-5.98274
32	51	-5.98274
34	69	5.98224
35	68	5.98224
28	59	5.97789
29	58	5.97789
77	92	5.9768
76	93	5.9768
47	66	5.97672
46	67	5.97672
34	67	5.97196
35	66	5.97196
2	63	5.96985
3	62	5.96985
66	69	5.96889
67	68	5.96889
17	86	-5.96664
16	87	-5.96664
46	79	5.96597
47	78	5.96597
7	10	5.96336
6	11	5.96336
42	63	5.96205
43	62	5.96205
9	50	-5.96189
8	51	-5.96189
60	87	5.95869
61	86	5.95869
3	96	5.95726
2	97	5.95726
20	51	-5.95632
21	50	-5.95632
16	55	-5.95436
17	54	-5.95436
0	7	5.95063
1	6	5.95063
58	91	5.94805
59	90	5.94805
63	70	5.93911
62	71	5.93911
56	59	5.93898
57	58	5.93898
65	70	5.93661
64	71	5.93661
28	93	5.93621
29	92	5.93621
18	59	5.93394
19	58	5.93394
55	60	5.93235
54	61	5.93235
37	86	5.93143
36	87	5.93143
74	83	5.93007
75	82	5.93007
24	41	5.92812
25	40	5.92812
21	22	5.9277
20	23	5.9277
47	68	5.92609
46	69	5.92609
58	77	5.92282
59	76	5.92282
24	97	5.92045
25	96	5.92045
43	64	5.92032
42	65	5.92032
58	93	5.91807
59	92	5.91807
19	92	5.91154
18	93	5.91154
34	47	5.90286
35	46	5.90286
28	91	5.89875
29	90	5.89875
23	92	5.89853
22	93	5.89853
56	93	5.8983
57	92	5.8983
28	77	5.89771
29	76	5.89771
58	81	5.89728
59	80	5.89728
30	79	5.89655
31	78	5.89655
13	24	5.89331
12	25	5.89331
63	96	5.89223
62	97	5.89223
10	87	5.89114
11	86	5.89114
3	42	5.89013
2	43	5.89013
66	79	5.88831
67	78	5.88831
17	36	-5.88648
16	37	-5.88648
2	53	5.8849
3	52	5.8849
76	81	5.88416
77	80	5.88416
19	50	-5.87856
18	51	-5.87856
0	11	5.87711
1	10	5.87711
73	92	5.87505
72	93	5.87505
27	78	5.87201
26	79	5.87201
57	90	5.86353
56	91	5.86353
80	91	5.86313
81	90	5.86313
51	56	-5.86233
50	57	-5.86233
0	89	5.86144
1	88	5.86144
8	23	5.86125
9	22	5.86125
39	70	5.8586
38	71	5.8586
55	86	5.85664
54	87	5.85664
3	70	5.85447
2	71	5.85447
31	84	5.85175
30	85	5.85175
53	74	-5.85146
52	75	-5.85146
6	87	5.8513
7	86	5.8513
22	33	5.85114
23	32	5.85114
41	60	5.84971
40	61	5.84971
21	72	5.8496
20	73	5.8496
52	97	5.84786
53	96	5.84786
18	91	5.84446
19	90	5.84446
19	76	5.84186
18	77	5.84186
38	65	5.83883
39	64	5.83883
37	60	5.83853
36	61	5.83853
26	85	5.83391
27	84	5.83391
63	64	5.83194
62	65	5.83194
57	76	5.83164
56	77	5.83164
14	57	5.82189
15	56	5.82189
72	77	5.82143
73	76	5.82143
38	43	5.81966
39	42	5.81966
22	77	5.81859
23	76	5.81859
36	55	5.8181
37	54	5.8181
69	78	5.81401
68	79	5.81401
6	37	5.81389
7	36	5.81389
23	50	-5.81264
22	51	-5.81264
15	18	5.81114
14	19	5.81114
31	46	5.80904
30	47	5.80904
21	92	5.80669
20	93	5.80669
27	46	5.8058
26	47	5.8058
2	25	5.80432
3	24	5.80432
18	21	5.8026
19	20	5.8026
28	51	-5.80234
29	50	-5.80234
14	51	-5.79796
15	50	-5.79796
19	32	5.79778
18	33	5.79778
14	99	-5.7912
15	98	-5.7912
28	81	5.79078
29	80	5.79078
80	93	5.78749
81	92	5.78749
17	40	-5.78473
16	41	-5.78473
40	97	5.77953
41	96	5.77953
5	68	5.77627
4	69	5.77627
21	56	5.77605
20	57	5.77605
11	60	5.7755
10	61	5.7755
50	93	-5.7746
51	92	-5.7746
33	56	5.77425
32	57	5.77425
25	62	5.76924
24	63	5.76924
76	91	5.76767
77	90	5.76767
10	37	5.76695
11	36	5.76695
9	72	5.76464
8	73	5.76464
35	78	5.76343
34	79	5.76343
11	16	-5.76139
10	17	-5.76139
12	41	5.76084
13	40	5.76084
52	63	5.76026
53	62	5.76026
18	23	5.75921
19	22	5.75921
41	86	5.75755
40	87	5.75755
9	18	5.74972
8	19	5.74972
13	94	5.74838
12	95	5.74838
33	72	5.74815
32	73	5.74815
91	92	5.74696
90	93	5.74696
23	28	5.7434
22	29	5.7434
43	96	5.74266
42	97	5.74266
20	29	5.73832
21	28	5.73832
33	92	5.73825
32	93	5.73825
15	28	5.73359
14	29	5.73359
23	56	5.72962
22	57	5.72962
8	57	5.72294
9	56	5.72294
13	96	5.71617
12	97	5.71617
28	33	5.71507
29	32	5.71507
9	92	5.71285
8	93	5.71285
27	66	5.71225
26	67	5.71225
39	48	5.70269
38	49	5.70269
11	40	5.70226
10	41	5.70226
51	72	-5.69939
50	73	-5.69939
31	66	5.6981
30	67	5.6981
4	35	5.69702
5	34	5.69702
57	80	5.69488
56	81	5.69488
12	63	5.69136
13	62	5.69136
70	97	5.69121
71	96	5.69121
7	16	-5.69079
6	17	-5.69079
8	49	-5.68954
9	48	-5.68954
33	48	-5.6878
32	49	-5.6878
18	81	5.68753
19	80	5.68753
49	98	5.68653
48	99	5.68653
53	82	-5.68405
52	83	-5.68405
14	33	5.68376
15	32	5.68376
7	88	5.67993
6	89	5.67993
6	61	5.67979
7	60	5.67979
2	65	5.67889
3	64	5.67889
28	73	5.67503
29	72	5.67503
75	96	-5.67243
74	97	-5.67243
19	72	5.6724
18	73	5.6724
21	76	5.66718
20	77	5.66718
43	52	5.66583
42	53	5.66583
9	28	5.66511
8	29	5.66511
23	58	5.66385
22	59	5.66385
51	58	-5.66319
50	59	-5.66319
48	51	5.65298
49	50	5.65298
41	54	5.65181
40	55	5.65181
0	87	5.6503
1	86	5.6503
39	98	5.64979
38	99	5.64979
56	73	5.64083
57	72	5.64083
38	63	5.63552
39	62	5.63552
3	12	5.63309
2	13	5.63309
41	94	5.62797
40	95	5.62797
51	76	-5.62714
50	77	-5.62714
25	60	5.627
24	61	5.627
1	36	5.62452
0	37	5.62452
53	70	5.6228
52	71	5.6228
8	15	5.61866
9	14	5.61866
15	58	5.61774
14	59	5.61774
59	72	5.61708
58	73	5.61708
14	91	5.61601
15	90	5.61601
10	95	5.61467
11	94	5.61467
21	58	5.60485
20	59	5.60485
5	66	5.60155
4	67	5.60155
3	74	-5.59735
2	75	-5.59735
14	21	5.59594
15	20	5.59594
54	75	-5.59057
55	74	-5.59057
48	71	5.58395
49	70	5.58395
25	52	5.58347
24	53	5.58347
33	76	5.5804
32	77	5.5804
2	41	5.5753
3	40	5.5753
24	43	5.57495
25	42	5.57495
20	49	-5.57206
21	48	-5.57206
25	94	5.57148
24	95	5.57148
43	48	5.56491
42	49	5.56491
33	58	5.56384
32	59	5.56384
78	85	5.56333
79	84	5.56333
9	76	5.55149
8	77	5.55149
11	54	5.54462
10	55	5.54462
27	34	5.54175
26	35	5.54175
26	69	5.54057
27	68	5.54057
13	42	5.53871
12	43	5.53871
17	24	-5.5383
16	25	-5.5383
31	68	5.53746
30	69	5.53746
4	47	5.53526
5	46	5.53526
13	64	5.52597
12	65	5.52597
30	35	5.51903
31	34	5.51903
51	98	5.5182
50	99	5.5182
25	70	5.51735
24	71	5.51735
64	97	5.51579
65	96	5.51579
14	93	5.51448
15	92	5.51448
11	88	5.51377
10	89	5.51377
49	52	5.51347
48	53	5.51347
9	58	5.5099
8	59	5.5099
3	38	5.50671
2	39	5.50671
7	40	5.50449
6	41	5.50449
60	97	5.50427
61	96	5.50427
13	70	5.49554
12	71	5.49554
41	62	5.49297
40	63	5.49297
51	90	-5.49271
50	91	-5.49271
14	49	-5.48786
15	48	-5.48786
36	41	5.48412
37	40	5.48412
6	55	5.4787
7	54	5.4787
24	87	5.47331
25	86	5.47331
73	80	5.47
72	81	5.47
61	74	-5.46581
60	75	-5.46581
22	81	5.46027
23	80	5.46027
25	74	-5.44572
24	75	-5.44572
0	17	-5.44074
1	16	-5.44074
17	74	5.43562
16	75	5.43562
7	94	5.43367
6	95	5.43367
32	99	-5.43061
33	98	-5.43061
1	60	5.43012
0	61	5.43012
40	75	-5.42946
41	74	-5.42946
55	82	-5.42766
54	83	-5.42766
24	55	5.42377
25	54	5.42377
2	49	5.42363
3	48	5.42363
24	65	5.42287
25	64	5.42287
48	63	5.42262
49	62	5.42262
17	96	-5.41937
16	97	-5.41937
11	24	5.41444
10	25	5.41444
41	52	5.40835
40	53	5.40835
23	90	5.40825
22	91	5.40825
1	94	5.40805
0	95	5.40805
5	78	5.40357
4	79	5.40357
46	85	5.40039
47	84	5.40039
55	96	5.39407
54	97	5.39407
63	74	-5.39368
62	75	-5.39368
14	77	5.38509
15	76	5.38509
8	99	-5.37649
9	98	-5.37649
20	91	5.37603
21	90	5.37603
83	96	-5.37599
82	97	-5.37599
15	22	5.37439
14	23	5.37439
49	64	5.35716
48	65	5.35716
32	91	5.35606
33	90	5.35606
57	98	-5.35205
56	99	-5.35205
72	91	5.34916
73	90	5.34916
19	98	-5.3452
18	99	-5.3452
52	65	5.33853
53	64	5.33853
86	95	5.33066
87	94	5.33066
13	60	5.32786
12	61	5.32786
2	83	-5.31598
3	82	-5.31598
39	52	5.31101
38	53	5.31101
51	80	-5.30531
50	81	-5.30531
10	13	5.30467
11	12	5.30467
61	94	5.29653
60	95	5.29653
8	91	5.28669
9	90	5.28669
20	81	5.28606
21	80	5.28606
21	98	-5.28278
20	99	-5.28278
1	40	5.28195
0	41	5.28195
87	96	5.27842
86	97	5.27842
12	53	5.27606
13	52	5.27606
36	89	5.27534
37	88	5.27534
45	66	5.25708
44	67	5.25708
23	48	-5.25638
22	49	-5.25638
38	97	5.25619
39	96	5.25619
18	49	-5.25594
19	48	-5.25594
26	45	5.24997
27	44	5.24997
67	84	5.24824
66	85	5.24824
40	43	5.24771
41	42	5.24771
14	81	5.24642
15	80	5.24642
53	54	5.24617
52	55	5.24617
2	61	5.24575
3	60	5.24575
34	45	5.24075
35	44	5.24075
49	56	-5.23501
48	57	-5.23501
43	74	-5.22993
42	75	-5.22993
12	17	-5.22799
13	16	-5.22799
14	73	5.22746
15	72	5.22746
94	97	5.22608
95	96	5.22608
13	86	5.22494
12	87	5.22494
61	82	-5.2241
60	83	-5.2241
53	60	5.22295
52	61	5.22295
71	98	5.22192
70	99	5.22192
29	98	-5.22086
28	99	-5.22086
86	89	5.21467
87	88	5.21467
17	94	-5.21459
16	95	-5.21459
45	90	5.21349
44	91	5.21349
16	83	5.21209
17	82	5.21209
32	81	5.20731
33	80	5.20731
75	86	-5.20562
74	87	-5.20562
1	54	5.20081
0	55	5.20081
40	71	5.18078
41	70	5.18078
71	74	-5.17372
70	75	-5.17372
7	24	5.17208
6	25	5.17208
49	96	5.17021
48	97	5.17021
45	46	5.16751
44	47	5.16751
42	99	5.16362
43	98	5.16362
24	37	5.15824
25	36	5.15824
3	16	-5.15717
2	17	-5.15717
9	80	5.15717
8	81	5.15717
2	55	5.15627
3	54	5.15627
17	52	-5.15532
16	53	-5.15532
65	98	5.14483
64	99	5.14483
30	45	5.13462
31	44	5.13462
14	39	-5.13
15	38	-5.13
41	82	-5.12054
40	83	-5.12054
25	82	-5.1185
24	83	-5.1185
48	73	-5.11413
49	72	-5.11413
28	49	-5.11222
29	48	-5.11222
10	97	5.11022
11	96	5.11022
60	63	5.10194
61	62	5.10194
62	83	-5.09607
63	82	-5.09607
48	75	-5.09507
49	74	-5.09507
44	69	5.0946
45	68	5.0946
41	64	5.08076
40	65	5.08076
49	92	-5.06902
48	93	-5.06902
63	94	5.06573
62	95	5.06573
39	50	5.065
38	51	5.065
59	98	-5.06438
58	99	-5.06438
69	84	5.06306
68	85	5.06306
33	38	-5.06149
32	39	-5.06149
6	13	5.05869
7	12	5.05869
12	55	5.05443
13	54	5.05443
91	98	-5.04962
90	99	-5.04962
8	39	-5.0466
9	38	-5.0466
13	74	-5.0454
12	75	-5.0454
35	84	5.04232
34	85	5.04232
9	52	-5.03927
8	53	-5.03927
2	95	5.03882
3	94	5.03882
36	95	5.03855
37	94	5.03855
89	94	5.0355
88	95	5.0355
44	79	5.03544
45	78	5.03544
37	74	-5.03154
36	75	-5.03154
12	39	5.03018
13	38	5.03018
48	83	-5.02477
49	82	-5.02477
25	38	5.0213
24	39	5.0213
17	62	-5.00998
16	63	-5.00998
92	99	-5.00986
93	98	-5.00986
35	80	5.00445
34	81	5.00445
5	30	5.00273
4	31	5.00273
2	87	5.00125
3	86	5.00125
54	63	4.98542
55	62	4.98542
33	52	-4.98384
32	53	-4.98384
36	97	4.9821
37	96	4.9821
5	26	4.97892
4	27	4.97892
17	88	-4.9732
16	89	-4.9732
82	87	-4.97121
83	86	-4.97121
22	99	-4.96519
23	98	-4.96519
54	95	4.96518
55	94	4.96518
42	83	-4.95825
43	82	-4.95825
45	80	4.95824
44	81	4.95824
1	24	4.95067
0	25	4.95067
53	86	4.94619
52	87	4.94619
61	88	4.94576
60	89	4.94576
44	59	4.93002
45	58	4.93002
21	38	-4.92165
20	39	-4.92165
62	99	4.91762
63	98	4.91762
49	58	-4.9142
48	59	-4.9142
12	37	4.91112
13	36	4.91112
70	83	-4.90974
71	82	-4.90974
21	52	-4.90717
20	53	-4.90717
0	13	4.90372
1	12	4.90372
9	70	-4.8929
8	71	-4.8929
65	74	-4.88924
64	75	-4.88924
49	76	-4.87833
48	77	-4.87833
33	70	-4.87826
32	71	-4.87826
63	86	4.87797
62	87	4.87797
8	43	-4.87716
9	42	-4.87716
6	97	4.87253
7	96	4.87253
34	91	4.87166
35	90	4.87166
44	85	4.87108
45	84	4.87108
65	94	4.86768
64	95	4.86768
76	99	-4.8651
77	98	-4.8651
10	75	-4.86435
11	74	-4.86435
69	80	4.86258
68	81	4.86258
43	94	4.8618
42	95	4.8618
32	43	-4.85869
33	42	-4.85869
51	52	4.85528
50	53	4.85528
43	60	4.85471
42	61	4.85471
9	82	4.85147
8	83	4.85147
37	82	-4.84963
36	83	-4.84963
39	74	-4.84773
38	75	-4.84773
2	11	4.83482
3	10	4.83482
2	99	4.83288
3	98	4.83288
89	90	-4.8326
88	91	-4.8326
17	34	4.82866
16	35	4.82866
55	68	-4.82693
54	69	-4.82693
53	98	4.82592
52	99	4.82592
28	45	4.82524
29	44	4.82524
50	71	4.82488
51	70	4.82488
34	55	-4.82194
35	54	-4.82194
25	48	4.81854
24	49	4.81854
34	61	-4.81517
35	60	-4.81517
61	66	-4.81302
60	67	-4.81302
72	99	-4.81285
73	98	-4.81285
16	67	4.81269
17	66	4.81269
70	95	4.81217
71	94	4.81217
11	44	-4.81051
10	45	-4.81051
66	81	4.80856
67	80	4.80856
0	45	-4.80711
1	44	-4.80711
17	68	4.80586
16	69	4.80586
34	87	-4.80193
35	86	-4.80193
43	50	4.79833
42	51	4.79833
3	8	-4.79648
2	9	-4.79648
55	66	-4.79638
54	67	-4.79638
34	37	-4.79501
35	36	-4.79501
44	57	4.79423
45	56	4.79423
61	70	4.7915
60	71	4.7915
60	69	-4.79022
61	68	-4.79022
5	80	4.78244
4	81	4.78244
46	61	-4.78115
47	60	-4.78115
66	87	-4.78005
67	86	-4.78005
33	82	4.77749
32	83	4.77749
17	46	4.77288
16	47	4.77288
7	44	-4.77284
6	45	-4.77284
30	97	-4.7726
31	96	-4.7726
17	42	-4.77153
16	43	-4.77153
25	26	-4.77094
24	27	-4.77094
27	96	-4.76943
26	97	-4.76943
43	54	4.76935
42	55	4.76935
41	88	4.76911
40	89	4.76911
21	70	-4.76678
20	71	-4.76678
26	41	-4.76635
27	40	-4.76635
8	75	4.76391
9	74	4.76391
62	85	-4.76365
63	84	-4.76365
21	82	4.76273
20	83	4.76273
47	54	-4.76062
46	55	-4.76062
37	68	-4.75925
36	69	-4.75925
69	86	-4.75783
68	87	-4.75783
49	90	-4.7578
48	91	-4.7578
2	33	-4.7575
3	32	-4.7575
8	63	-4.75711
9	62	-4.75711
3	84	-4.75701
2	85	-4.75701
19	44	4.75666
18	45	4.75666
54	89	4.75626
55	88	4.75626
10	63	4.75626
11	62	4.75626
14	45	4.75512
15	44	4.75512
5	54	-4.75274
4	55	-4.75274
20	43	-4.75058
21	42	-4.75058
24	31	-4.74876
25	30	-4.74876
44	95	-4.74501
45	94	-4.74501
53	94	4.74283
52	95	4.74283
12	83	-4.74064
13	82	-4.74064
85	96	-4.7406
84	97	-4.7406
31	40	-4.73888
30	41	-4.73888
18	39	-4.73789
19	38	-4.73789
59	88	-4.73424
58	89	-4.73424
37	66	-4.73402
36	67	-4.73402
47	86	-4.7303
46	87	-4.7303
38	57	-4.72845
39	56	-4.72845
32	63	-4.72729
33	62	-4.72729
14	71	-4.72642
15	70	-4.72642
42	85	-4.72318
43	84	-4.72318
2	31	-4.72266
3	30	-4.72266
61	78	-4.72183
60	79	-4.72183
1	90	-4.72147
0	91	-4.72147
24	85	-4.72126
25	84	-4.72126
2	37	4.72107
3	36	4.72107
56	89	-4.71809
57	88	-4.71809
28	89	-4.71557
29	88	-4.71557
54	71	4.71433
55	70	4.71433
74	79	4.71335
75	78	4.71335
44	89	-4.71297
45	88	-4.71297
66	91	4.71291
67	90	4.71291
69	90	4.71214
68	91	4.71214
16	71	-4.7118
17	70	-4.7118
81	98	-4.70976
80	99	-4.70976
2	27	-4.70839
3	26	-4.70839
37	52	4.70726
36	53	4.70726
14	89	-4.7071
15	88	-4.7071
70	85	-4.70601
71	84	-4.70601
17	78	4.7053
16	79	4.7053
75	94	-4.70466
74	95	-4.70466
7	74	-4.69973
6	75	-4.69973
19	88	-4.69886
18	89	-4.69886
40	47	-4.69828
41	46	-4.69828
33	74	4.69784
32	75	4.69784
41	66	-4.69419
40	67	-4.69419
54	79	-4.69266
55	78	-4.69266
79	96	-4.69147
78	97	-4.69147
10	53	4.69135
11	52	4.69135
8	65	-4.68704
9	64	-4.68704
61	64	4.68681
60	65	4.68681
41	78	-4.68248
40	79	-4.68248
32	65	-4.68121
33	64	-4.68121
15	42	-4.68112
14	43	-4.68112
47	74	4.68032
46	75	4.68032
39	40	4.68025
38	41	4.68025
12	49	4.67898
13	48	4.67898
35	58	4.67881
34	59	4.67881
31	52	-4.67605
30	53	-4.67605
39	82	-4.67548
38	83	-4.67548
45	76	4.67379
44	77	4.67379
53	78	-4.67097
52	79	-4.67097
2	21	-4.66841
3	20	-4.66841
36	47	-4.66682
37	46	-4.66682
23	52	-4.6668
22	53	-4.6668
31	62	-4.66491
30	63	-4.66491
2	51	4.6616
3	50	4.6616
5	36	-4.66056
4	37	-4.66056
79	86	-4.65899
78	87	-4.65899
21	74	4.65817
20	75	4.65817
13	84	-4.65753
12	85	-4.65753
27	62	-4.65751
26	63	-4.65751
27	60	-4.65628
26	61	-4.65628
7	34	-4.65569
6	35	-4.65569
22	39	-4.65238
23	38	-4.65238
50	65	4.64883
51	64	4.64883
80	89	-4.64848
81	88	-4.64848
10	35	-4.64844
11	34	-4.64844
50	63	4.64836
51	62	4.64836
7	90	-4.64671
6	91	-4.64671
11	66	-4.64524
10	67	-4.64524
30	61	-4.64181
31	60	-4.64181
42	87	4.64134
43	86	4.64134
34	41	-4.64117
35	40	-4.64117
5	16	4.64033
4	17	4.64033
26	53	-4.63946
27	52	-4.63946
47	96	-4.63856
46	97	-4.63856
10	83	-4.63747
11	82	-4.63747
20	63	-4.63513
21	62	-4.63513
1	96	4.63451
0	97	4.63451
6	67	-4.63411
7	66	-4.63411
25	78	-4.63404
24	79	-4.63404
40	85	-4.63387
41	84	-4.63387
68	75	4.63
69	74	4.63
65	82	-4.6294
64	83	-4.6294
44	87	-4.62783
45	86	-4.62783
50	83	-4.62777
51	82	-4.62777
40	45	-4.62573
41	44	-4.62573
66	75	4.62538
67	74	4.62538
64	85	-4.62514
65	84	-4.62514
23	82	4.6248
22	83	4.6248
53	84	-4.62375
52	85	-4.62375
13	26	-4.62332
12	27	-4.62332
29	38	-4.62239
28	39	-4.62239
5	44	4.61982
4	45	4.61982
16	65	-4.6185
17	64	-4.6185
44	93	4.61694
45	92	4.61694
46	81	4.61687
47	80	4.61687
24	47	-4.61346
25	46	-4.61346
16	27	4.61312
17	26	4.61312
2	79	-4.61298
3	78	-4.61298
14	65	-4.61261
15	64	-4.61261
36	63	4.60986
37	62	4.60986
3	6	4.60734
2	7	4.60734
41	68	-4.60728
40	69	-4.60728
5	84	4.60531
4	85	4.60531
26	87	-4.604
27	86	-4.604
11	26	-4.60395
10	27	-4.60395
16	31	4.60122
17	30	4.60122
10	47	-4.60111
11	46	-4.60111
54	65	4.6008
55	64	4.6008
1	80	-4.59795
0	81	-4.59795
4	61	-4.59474
5	60	-4.59474
30	75	4.59281
31	74	4.59281
20	65	-4.59034
21	64	-4.59034
36	81	-4.58943
37	80	-4.58943
8	97	-4.58908
9	96	-4.58908
53	72	-4.58818
52	73	-4.58818
7	80	-4.58624
6	81	-4.58624
31	86	-4.5856
30	87	-4.5856
0	59	-4.58513
1	58	-4.58513
13	30	-4.58481
12	31	-4.58481
71	86	4.58458
70	87	4.58458
47	52	-4.58414
46	53	-4.58414
6	69	-4.58336
7	68	-4.58336
7	46	-4.58257
6	47	-4.58257
72	83	4.5822
73	82	4.5822
36	79	-4.58199
37	78	-4.58199
24	67	-4.58009
25	66	-4.58009
79	82	4.57858
78	83	4.57858
11	68	-4.57674
10	69	-4.57674
67	96	-4.57637
66	97	-4.57637
11	30	-4.57284
10	31	-4.57284
97	98	4.57132
96	99	4.57132
88	93	-4.57055
89	92	-4.57055
77	88	-4.57026
76	89	-4.57026
38	93	-4.56698
39	92	-4.56698
31	42	-4.56693
30	43	-4.56693
34	75	4.5651
35	74	4.5651
4	83	4.56374
5	82	4.56374
38	73	-4.56298
39	72	-4.56298
35	76	4.56144
34	77	4.56144
26	75	4.56132
27	74	4.56132
50	75	-4.56047
51	74	-4.56047
4	87	-4.55865
5	86	-4.55865
45	60	-4.55662
44	61	-4.55662
4	75	4.55386
5	74	4.55386
27	42	-4.55278
26	43	-4.55278
4	91	4.55104
5	90	4.55104
47	82	4.55008
46	83	4.55008
11	78	-4.54771
10	79	-4.54771
33	96	-4.54669
32	97	-4.54669
6	27	-4.54578
7	26	-4.54578
22	71	-4.54558
23	70	-4.54558
48	81	-4.54491
49	80	-4.54491
15	52	-4.53976
14	53	-4.53976
69	82	4.53906
68	83	4.53906
58	69	4.53827
59	68	4.53827
47	90	4.53571
46	91	4.53571
30	71	-4.53544
31	70	-4.53544
40	49	4.53492
41	48	4.53492
0	35	-4.53488
1	34	-4.53488
27	54	-4.5348
26	55	-4.5348
30	55	-4.53409
31	54	-4.53409
3	46	-4.53312
2	47	-4.53312
22	43	-4.5323
23	42	-4.5323
7	62	4.53143
6	63	4.53143
85	88	-4.53124
84	89	-4.53124
39	84	-4.52906
38	85	-4.52906
17	44	4.52823
16	45	4.52823
7	78	-4.52776
6	79	-4.52776
65	86	4.52701
64	87	4.52701
6	31	-4.52469
7	30	-4.52469
10	43	4.52456
11	42	4.52456
1	66	-4.52372
0	67	-4.52372
83	94	-4.52259
82	95	-4.52259
0	29	-4.52201
1	28	-4.52201
27	70	-4.5205
26	71	-4.5205
58	67	4.51895
59	66	4.51895
13	44	-4.51534
12	45	-4.51534
11	90	-4.51451
10	91	-4.51451
62	79	-4.51126
63	78	-4.51126
1	26	-4.5109
0	27	-4.5109
6	59	-4.50907
7	58	-4.50907
37	90	-4.50771
36	91	-4.50771
28	35	4.50739
29	34	4.50739
6	83	-4.50552
7	82	-4.50552
25	44	-4.5013
24	45	-4.5013
25	34	-4.50108
24	35	-4.50108
67	82	4.50004
66	83	4.50004
37	44	-4.49852
36	45	-4.49852
1	56	-4.49852
0	57	-4.49852
6	53	4.49829
7	52	4.49829
51	88	4.49788
50	89	4.49788
30	89	-4.49786
31	88	-4.49786
53	66	-4.49508
52	67	-4.49508
69	96	-4.49421
68	97	-4.49421
1	30	-4.4939
0	31	-4.4939
27	88	-4.49061
26	89	-4.49061
71	72	-4.49043
70	73	-4.49043
15	62	-4.48796
14	63	-4.48796
39	58	-4.48644
38	59	-4.48644
22	75	4.48605
23	74	4.48605
1	46	-4.48387
0	47	-4.48387
24	69	-4.48177
25	68	-4.48177
84	95	-4.48166
85	94	-4.48166
34	97	-4.48141
35	96	-4.48141
42	73	-4.47906
43	72	-4.47906
75	98	-4.4769
74	99	-4.4769
1	18	-4.47686
0	19	-4.47686
21	96	-4.47614
20	97	-4.47614
83	98	-4.47589
82	99	-4.47589
24	89	4.47381
25	88	4.47381
27	94	-4.47262
26	95	-4.47262
10	71	4.47074
11	70	4.47074
12	89	4.47028
13	88	4.47028
39	76	-4.46831
38	77	-4.46831
10	85	-4.46449
11	84	-4.46449
1	68	-4.45883
0	69	-4.45883
34	83	4.45802
35	82	4.45802
19	70	-4.45744
18	71	-4.45744
27	36	-4.45697
26	37	-4.45697
2	23	-4.45686
3	22	-4.45686
0	75	-4.4547
1	74	-4.4547
2	15	-4.45445
3	14	-4.45445
3	66	-4.45435
2	67	-4.45435
0	79	-4.45209
1	78	-4.45209
23	64	-4.45192
22	65	-4.45192
10	81	-4.4518
11	80	-4.4518
51	96	4.45071
50	97	4.45071
30	37	-4.44982
31	36	-4.44982
0	85	-4.44808
1	84	-4.44808
52	69	-4.44792
53	68	-4.44792
11	64	4.44514
10	65	4.44514
68	77	4.444
69	76	4.444
22	63	-4.44211
23	62	-4.44211
56	71	-4.44117
57	70	-4.44117
81	86	-4.44022
80	87	-4.44022
65	72	-4.43834
64	73	-4.43834
4	59	4.43755
5	58	4.43755
1	76	-4.43483
0	77	-4.43483
89	98	4.43322
88	99	4.43322
60	85	-4.43317
61	84	-4.43317
72	75	4.4326
73	74	4.4326
47	62	-4.4321
46	63	-4.4321
1	14	-4.43016
0	15	-4.43016
49	84	-4.42981
48	85	-4.42981
19	42	-4.42748
18	43	-4.42748
6	29	-4.42508
7	28	-4.42508
78	89	-4.42488
79	88	-4.42488
36	43	4.42353
37	42	4.42353
34	57	4.42286
35	56	4.42286
34	93	4.42175
35	92	4.42175
30	95	-4.42173
31	94	-4.42173
19	52	-4.42067
18	53	-4.42067
74	85	4.41791
75	84	4.41791
30	65	-4.41785
31	64	-4.41785
26	65	-4.41749
27	64	-4.41749
30	83	4.41686
31	82	4.41686
86	91	-4.41632
87	90	-4.41632
67	88	-4.41536
66	89	-4.41536
7	84	-4.41303
6	85	-4.41303
79	80	4.41255
78	81	4.41255
36	59	-4.41157
37	58	-4.41157
42	57	-4.41075
43	56	-4.41075
35	88	-4.40851
34	89	-4.40851
47	88	-4.40694
46	89	-4.40694
32	89	-4.40629
33	88	-4.40629
4	77	4.405
5	76	4.405
39	54	4.40463
38	55	4.40463
2	73	-4.40416
3	72	-4.40416
13	78	-4.40334
12	79	-4.40334
43	78	-4.40231
42	79	-4.40231
63	72	-4.40217
62	73	-4.40217
66	77	4.40199
67	76	4.40199
44	51	-4.40157
45	50	-4.40157
1	2	4.40146
0	3	4.40146
19	34	4.40005
18	35	4.40005
38	91	-4.3978
39	90	-4.3978
38	61	4.39707
39	60	4.39707
21	88	-4.39693
20	89	-4.39693
53	56	-4.39647
52	57	-4.39647
34	53	-4.3956
35	52	-4.3956
0	93	-4.39482
1	92	-4.39482
84	87	-4.39057
85	86	-4.39057
39	94	4.38956
38	95	4.38956
23	88	-4.38818
22	89	-4.38818
7	56	-4.38766
6	57	-4.38766
12	47	-4.38489
13	46	-4.38489
37	70	4.38321
36	71	4.38321
16	85	4.38257
17	84	4.38257
27	82	4.38196
26	83	4.38196
45	98	-4.38167
44	99	-4.38167
28	69	4.38152
29	68	4.38152
44	55	-4.37967
45	54	-4.37967
37	64	4.37946
36	65	4.37946
7	76	-4.37943
6	77	-4.37943
71	92	-4.3772
70	93	-4.3772
2	69	-4.3764
3	68	-4.3764
28	67	4.36949
29	66	4.36949
71	78	-4.36933
70	79	-4.36933
53	92	-4.36861
52	93	-4.36861
10	59	-4.3683
11	58	-4.3683
6	19	-4.36754
7	18	-4.36754
18	65	-4.36614
19	64	-4.36614
44	73	4.36604
45	72	4.36604
8	89	-4.36319
9	88	-4.36319
22	45	4.36286
23	44	4.36286
13	66	-4.36169
12	67	-4.36169
46	59	4.3613
47	58	4.3613
29	70	-4.35969
28	71	-4.35969
62	67	-4.35921
63	66	-4.35921
72	89	-4.3583
73	88	-4.3583
42	93	-4.3539
43	92	-4.3539
3	34	-4.35321
2	35	-4.35321
57	64	-4.35292
56	65	-4.35292
16	39	-4.35184
17	38	-4.35184
78	91	4.35093
79	90	4.35093
49	54	4.34849
48	55	4.34849
0	63	4.34841
1	62	4.34841
4	7	-4.34767
5	6	-4.34767
69	88	-4.34723
68	89	-4.34723
17	80	4.3436
16	81	4.3436
26	81	4.34305
27	80	4.34305
36	77	-4.34272
37	76	-4.34272
64	93	-4.34097
65	92	-4.34097
5	40	-4.33634
4	41	-4.33634
27	90	4.33374
26	91	4.33374
7	42	4.333
6	43	4.333
29	42	-4.3317
28	43	-4.3317
24	99	4.326
25	98	4.326
28	53	-4.32168
29	52	-4.32168
48	61	4.3212
49	60	4.3212
6	93	-4.31915
7	92	-4.31915
5	10	-4.31682
4	11	-4.31682
42	47	-4.3162
43	46	-4.3162
69	92	4.31517
68	93	4.31517
1	82	-4.31225
0	83	-4.31225
44	97	-4.31057
45	96	-4.31057
31	38	-4.31053
30	39	-4.31053
5	52	-4.31021
4	53	-4.31021
14	83	4.30996
15	82	4.30996
28	37	-4.30851
29	36	-4.30851
65	76	-4.30839
64	77	-4.30839
9	24	-4.30748
8	25	-4.30748
21	44	4.30707
20	45	4.30707
23	96	-4.30662
22	97	-4.30662
56	69	4.30571
57	68	4.30571
61	80	-4.30256
60	81	-4.30256
30	49	-4.30219
31	48	-4.30219
56	67	4.3005
57	66	4.3005
5	28	4.3005
4	29	4.3005
38	81	-4.3004
39	80	-4.3004
12	99	4.29855
13	98	4.29855
54	85	-4.29775
55	84	-4.29775
17	90	4.29702
16	91	4.29702
13	34	-4.29677
12	35	-4.29677
28	65	-4.29671
29	64	-4.29671
32	45	4.29619
33	44	4.29619
59	86	-4.29415
58	87	-4.29415
83	92	4.29386
82	93	4.29386
71	76	-4.2933
70	77	-4.2933
0	53	4.29311
1	52	4.29311
19	62	-4.29257
18	63	-4.29257
7	70	4.28971
6	71	4.28971
10	29	-4.28872
11	28	-4.28872
5	96	-4.28854
4	97	-4.28854
31	80	4.2883
30	81	4.2883
67	92	4.2867
66	93	4.2867
27	38	-4.28668
26	39	-4.28668
18	69	4.28667
19	68	4.28667
3	18	-4.28643
2	19	-4.28643
66	95	-4.28417
67	94	-4.28417
46	71	-4.28414
47	70	-4.28414
6	15	-4.2825
7	14	-4.2825
62	69	-4.2822
63	68	-4.2822
7	64	4.28207
6	65	4.28207
55	80	-4.28102
54	81	-4.28102
19	66	4.28022
18	67	4.28022
56	63	-4.27616
57	62	-4.27616
46	95	-4.27569
47	94	-4.27569
18	83	4.27495
19	82	4.27495
16	49	-4.2744
17	48	-4.2744
25	32	-4.27428
24	33	-4.27428
30	91	4.27192
31	90	4.27192
73	96	-4.2718
72	97	-4.2718
61	90	-4.27058
60	91	-4.27058
43	76	-4.26993
42	77	-4.26993
4	93	4.26894
5	92	4.26894
3	56	-4.26886
2	57	-4.26886
35	62	-4.26708
34	63	-4.26708
15	74	4.26576
14	75	4.26576
5	98	-4.26542
4	99	-4.26542
13	68	-4.26415
12	69	-4.26415
78	95	-4.26351
79	94	-4.26351
47	76	4.26245
46	77	4.26245
4	39	-4.25865
5	38	-4.25865
15	96	-4.25845
14	97	-4.25845
11	56	-4.25634
10	57	-4.25634
37	92	-4.25608
36	93	-4.25608
26	49	-4.25513
27	48	-4.25513
9	44	4.2539
8	45	4.2539
36	57	-4.2538
37	56	-4.2538
57	82	4.25192
56	83	4.25192
10	77	-4.25093
11	76	-4.25093
13	72	-4.24933
12	73	-4.24933
37	84	-4.24909
36	85	-4.24909
83	84	4.24768
82	85	4.24768
35	94	-4.24706
34	95	-4.24706
62	93	-4.24671
63	92	-4.24671
58	71	-4.2463
59	70	-4.2463
43	66	-4.24457
42	67	-4.24457
39	86	4.24354
38	87	4.24354
64	79	-4.24291
65	78	-4.24291
0	51	4.2416
1	50	4.2416
4	25	-4.24158
5	24	-4.24158
18	37	-4.24024
19	36	-4.24024
52	77	-4.23928
53	76	-4.23928
28	47	4.2386
29	46	4.2386
10	19	-4.23771
11	18	-4.23771
9	12	-4.23757
8	13	-4.23757
5	56	4.23652
4	57	4.23652
3	92	-4.2344
2	93	-4.2344
88	97	4.23274
89	96	4.23274
49	78	-4.23046
48	79	-4.23046
20	25	-4.22961
21	24	-4.22961
72	95	-4.2284
73	94	-4.2284
4	65	-4.22748
5	64	-4.22748
15	34	4.22724
14	35	4.22724
2	5	-4.22381
3	4	-4.22381
0	5	-4.22365
1	4	-4.22365
5	18	4.2213
4	19	4.2213
43	58	-4.2209
42	59	-4.2209
59	64	-4.22071
58	65	-4.22071
66	71	-4.21519
67	70	-4.21519
18	75	4.21378
19	74	4.21378
29	62	-4.21155
28	63	-4.21155
58	79	4.20971
59	78	4.20971
12	33	-4.2095
13	32	-4.2095
29	82	4.2075
28	83	4.2075
76	87	-4.20649
77	86	-4.20649
75	92	4.20624
74	93	4.20624
29	86	-4.20557
28	87	-4.20557
54	91	-4.20513
55	90	-4.20513
24	51	4.2043
25	50	4.2043
2	29	-4.20314
3	28	-4.20314
1	22	-4.203
0	23	-4.203
85	98	-4.20083
84	99	-4.20083
0	73	-4.20056
1	72	-4.20056
52	59	-4.19964
53	58	-4.19964
13	22	-4.19783
12	23	-4.19783
11	92	-4.19527
10	93	-4.19527
57	74	4.19428
56	75	4.19428
3	44	-4.19381
2	45	-4.19381
16	59	4.19266
17	58	4.19266
12	21	-4.19207
13	20	-4.19207
68	95	-4.19144
69	94	-4.19144
76	83	4.18913
77	82	4.18913
0	43	4.18825
1	42	4.18825
43	68	-4.18666
42	69	-4.18666
46	65	-4.18651
47	64	-4.18651
64	81	-4.18622
65	80	-4.18622
4	15	4.18603
5	14	4.18603
46	57	4.18551
47	56	4.18551
44	63	-4.18238
45	62	-4.18238
26	59	4.18112
27	58	4.18112
11	14	-4.18008
10	15	-4.18008
90	95	-4.17925
91	94	-4.17925
4	63	-4.17825
5	62	-4.17825
49	94	4.178
48	95	4.178
39	78	-4.17767
38	79	-4.17767
5	70	-4.1754
4	71	-4.1754
62	77	-4.17388
63	76	-4.17388
35	72	4.17317
34	73	4.17317
48	89	4.17272
49	88	4.17272
47	92	4.1722
46	93	4.1722
0	21	-4.17174
1	20	-4.17174
5	42	-4.17067
4	43	-4.17067
18	47	4.16991
19	46	4.16991
1	98	4.16831
0	99	4.16831
0	33	-4.16771
1	32	-4.16771
37	38	4.16756
36	39	4.16756
34	43	-4.1669
35	42	-4.1669
56	87	-4.16557
57	86	-4.16557
58	61	-4.16484
59	60	-4.16484
69	70	-4.1639
68	71	-4.1639
22	35	4.16062
23	34	4.16062
48	87	4.15745
49	86	4.15745
1	64	4.15699
0	65	4.15699
1	70	4.15554
0	71	4.15554
23	94	-4.15287
22	95	-4.15287
71	90	-4.15241
70	91	-4.15241
81	94	-4.15235
80	95	-4.15235
18	87	-4.15183
19	86	-4.15183
13	50	4.15113
12	51	4.15113
29	74	4.1505
28	75	4.1505
24	73	-4.15045
25	72	-4.15045
15	66	4.14818
14	67	4.14818
9	40	-4.1476
8	41	-4.1476
2	77	-4.14737
3	76	-4.14737
23	24	-4.14589
22	25	-4.14589
15	68	4.1454
14	69	4.1454
64	67	-4.14486
65	66	-4.14486
19	96	-4.14403
18	97	-4.14403
34	71	-4.1438
35	70	-4.1438
7	50	4.14163
6	51	4.14163
10	39	4.14084
11	38	4.14084
87	92	-4.14066
86	93	-4.14066
44	75	4.13994
45	74	4.13994
41	90	-4.13944
40	91	-4.13944
31	58	4.13827
30	59	4.13827
75	88	-4.13779
74	89	-4.13779
0	9	-4.13632
1	8	-4.13632
77	78	4.13554
76	79	4.13554
6	73	-4.13312
7	72	-4.13312
41	80	-4.13288
40	81	-4.13288
4	89	-4.13254
5	88	-4.13254
57	96	-4.1311
56	97	-4.1311
77	94	-4.13102
76	95	-4.13102
46	49	-4.1306
47	48	-4.1306
43	90	-4.13011
42	91	-4.13011
40	99	4.1299
41	98	4.1299
64	91	-4.12927
65	90	-4.12927
6	23	-4.1291
7	22	-4.1291
54	59	-4.12745
55	58	-4.12745
70	81	-4.12663
71	80	-4.12663
16	77	4.1262
17	76	4.1262
29	78	4.12348
28	79	4.12348
33	40	-4.12221
32	41	-4.12221
9	84	4.12188
8	85	4.12188
59	82	4.12134
58	83	4.12134
59	62	-4.12124
58	63	-4.12124
65	68	-4.11913
64	69	-4.11913
34	51	-4.11859
35	50	-4.11859
16	29	4.11711
17	28	4.11711
74	77	4.1155
75	76	4.1155
69	72	4.11471
68	73	4.11471
93	96	-4.1139
92	97	-4.1139
80	85	4.11328
81	84	4.11328
14	37	-4.11292
15	36	-4.11292
33	84	4.11103
32	85	4.11103
2	59	-4.1096
3	58	-4.1096
38	47	-4.10903
39	46	-4.10903
35	64	-4.10811
34	65	-4.10811
8	55	-4.10734
9	54	-4.10734
58	95	-4.10724
59	94	-4.10724
27	76	4.1065
26	77	4.1065
42	81	-4.10592
43	80	-4.10592
4	73	4.10589
5	72	4.10589
27	28	4.10424
26	29	4.10424
53	90	-4.10385
52	91	-4.10385
22	69	4.10322
23	68	4.10322
4	13	-4.10131
5	12	-4.10131
45	52	-4.09978
44	53	-4.09978
92	95	-4.09904
93	94	-4.09904
60	77	-4.0985
61	76	-4.0985
2	89	4.09811
3	88	4.09811
13	76	-4.09777
12	77	-4.09777
43	44	-4.09682
42	45	-4.09682
28	61	-4.09631
29	60	-4.09631
20	41	-4.09383
21	40	-4.09383
21	34	4.09352
20	35	4.09352
45	82	4.09272
44	83	4.09272
7	20	-4.09206
6	21	-4.09206
15	24	-4.09188
14	25	-4.09188
66	73	4.09094
67	72	4.09094
56	79	4.09058
57	78	4.09058
54	99	4.08809
55	98	4.08809
83	88	-4.08802
82	89	-4.08802
29	96	-4.08725
28	97	-4.08725
36	73	-4.08626
37	72	-4.08626
55	76	-4.08579
54	77	-4.08579
6	33	-4.0856
7	32	-4.0856
17	56	4.085
16	57	4.085
22	67	4.08475
23	66	4.08475
50	85	-4.08435
51	84	-4.08435
33	54	-4.08286
32	55	-4.08286
12	93	-4.08206
13	92	-4.08206
4	23	4.08126
5	22	4.08126
19	78	4.08115
18	79	4.08115
22	37	-4.08057
23	36	-4.08057
85	90	4.08049
84	91	4.08049
44	71	-4.08016
45	70	-4.08016
45	64	-4.07939
44	65	-4.07939
21	84	4.07919
20	85	4.07919
27	56	4.07838
26	57	4.07838
59	74	4.07826
58	75	4.07826
79	92	4.07808
78	93	4.07808
13	80	-4.0768
12	81	-4.0768
16	19	4.07581
17	18	4.07581
14	47	4.07561
15	46	4.07561
40	51	4.07513
41	50	4.07513
9	78	4.07499
8	79	4.07499
32	35	4.07489
33	34	4.07489
30	77	4.07438
31	76	4.07438
29	30	4.07424
28	31	4.07424
63	88	4.07367
62	89	4.07367
28	95	-4.07316
29	94	-4.07316
16	93	4.0725
17	92	4.0725
8	31	4.07207
9	30	4.07207
9	60	-4.07165
8	61	-4.07165
14	87	-4.06985
15	86	-4.06985
11	48	4.0694
10	49	4.0694
57	60	-4.06925
56	61	-4.06925
21	54	-4.06868
20	55	-4.06868
18	27	4.06741
19	26	4.06741
39	68	-4.06674
38	69	-4.06674
11	72	-4.06653
10	73	-4.06653
45	48	-4.06617
44	49	-4.06617
50	67	-4.06589
51	66	-4.06589
49	66	-4.0658
48	67	-4.0658
28	55	-4.06559
29	54	-4.06559
38	67	-4.06542
39	66	-4.06542
4	49	-4.06479
5	48	-4.06479
50	69	-4.06401
51	68	-4.06401
7	98	4.06397
6	99	4.06397
6	9	-4.06332
7	8	-4.06332
31	98	-4.06296
30	99	-4.06296
33	78	4.06206
32	79	4.06206
13	14	-4.06173
12	15	-4.06173
30	33	4.06131
31	32	4.06131
19	60	-4.06076
18	61	-4.06076
36	49	4.06071
37	48	4.06071
9	34	4.05977
8	35	4.05977
10	51	4.05945
11	50	4.05945
21	94	-4.0593
20	95	-4.0593
36	51	4.05857
37	50	4.05857
9	16	4.05679
8	17	4.05679
76	97	-4.05602
77	96	-4.05602
38	89	4.0554
39	88	4.0554
56	95	-4.05531
57	94	-4.05531
30	57	4.05506
31	56	4.05506
33	60	-4.05483
32	61	-4.05483
7	38	4.0546
6	39	4.0546
11	22	-4.05443
10	23	-4.05443
26	93	4.05435
27	92	4.05435
15	84	4.05398
14	85	4.05398
62	91	-4.0532
63	90	-4.0532
41	58	-4.05278
40	59	-4.05278
21	68	4.05271
20	69	4.05271
61	92	-4.05241
60	93	-4.05241
35	98	-4.05177
34	99	-4.05177
9	94	-4.05049
8	95	-4.05049
18	95	-4.05006
19	94	-4.05006
41	72	-4.04992
40	73	-4.04992
20	79	4.04955
21	78	4.04955
20	67	4.04933
21	66	4.04933
53	88	4.04904
52	89	4.04904
3	90	-4.04804
2	91	-4.04804
53	80	-4.04763
52	81	-4.04763
72	85	4.04754
73	84	4.04754
18	31	4.04692
19	30	4.04692
15	26	4.04659
14	27	4.04659
26	99	-4.04655
27	98	-4.04655
34	39	-4.04352
35	38	-4.04352
8	27	4.04347
9	26	4.04347
54	93	-4.04309
55	92	-4.04309
22	41	-4.04298
23	40	-4.04298
21	36	-4.0429
20	37	-4.0429
4	51	-4.04261
5	50	-4.04261
16	33	4.04258
17	32	4.04258
51	54	4.04211
50	55	4.04211
62	81	-4.04198
63	80	-4.04198
31	50	-4.04168
30	51	-4.04168
32	67	4.04136
33	66	4.04136
51	78	-4.04127
50	79	-4.04127
82	91	4.04077
83	90	4.04077
48	69	-4.04073
49	68	-4.04073
24	81	-4.04028
25	80	-4.04028
54	57	-4.04028
55	56	-4.04028
60	99	4.03951
61	98	4.03951
20	61	-4.03923
21	60	-4.03923
21	30	4.03902
20	31	4.03902
33	68	4.03891
32	69	4.03891
23	84	4.03837
22	85	4.03837
69	98	-4.03809
68	99	-4.03809
15	94	-4.038
14	95	-4.038
46	73	4.03773
47	72	4.03773
23	46	4.03728
22	47	4.03728
8	47	4.03664
9	46	4.03664
15	30	4.03653
14	31	4.03653
27	32	4.03601
26	33	4.03601
19	54	-4.03558
18	55	-4.03558
47	50	-4.03554
46	51	-4.03554
9	66	4.03506
8	67	4.03506
80	83	4.0346
81	82	4.0346
24	91	-4.03407
25	90	-4.03407
33	94	-4.03382
32	95	-4.03382
32	47	4.03319
33	46	4.03319
32	37	-4.03308
33	36	-4.03308
30	93	4.03306
31	92	4.03306
9	68	4.03258
8	69	4.03258
17	98	-4.03242
16	99	-4.03242
20	47	4.03177
21	46	4.03177
58	97	-4.03157
59	96	-4.03157
17	20	4.03096
16	21	4.03096
38	45	-4.03082
39	44	-4.03082
51	60	4.02936
50	61	4.02936
5	94	-4.0281
4	95	-4.0281
15	78	4.02798
14	79	4.02798
25	92	-4.02708
24	93	-4.02708
19	24	-4.02697
18	25	-4.02697
76	85	4.0269
77	84	4.0269
74	91	4.02644
75	90	4.02644
11	20	-4.02632
10	21	-4.02632
8	37	-4.02524
9	36	-4.02524
36	99	4.02514
37	98	4.02514
26	51	-4.02505
27	50	-4.02505
51	86	4.02495
50	87	4.02495
23	54	-4.02479
22	55	-4.02479
11	32	-4.02465
10	33	-4.02465
12	91	-4.02457
13	90	-4.02457
0	49	4.02457
1	48	4.02457
94	99	4.02403
95	98	4.02403
14	41	-4.02316
15	40	-4.02316
16	51	-4.02299
17	50	-4.02299
4	21	4.02266
5	20	4.02266
25	56	-4.0222
24	57	-4.0222
7	48	4.02203
6	49	4.02203
58	85	4.02191
59	84	4.02191
13	18	-4.02152
12	19	-4.02152
35	48	-4.02067
34	49	-4.02067
72	87	-4.02057
73	86	-4.02057
74	81	4.02054
75	80	4.02054
11	98	4.02002
10	99	4.02002
29	40	-4.01993
28	41	-4.01993
23	78	4.01983
22	79	4.01983
40	77	-4.01974
41	76	-4.01974
20	27	4.01891
21	26	4.01891
8	87	-4.01872
9	86	-4.01872
23	86	-4.01832
22	87	-4.01832
25	76	-4.01805
24	77	-4.01805
3	80	-4.01794
2	81	-4.01794
13	58	-4.01767
12	59	-4.01767
32	87	-4.01738
33	86	-4.01738
14	17	4.01727
15	16	4.01727
42	89	4.01576
43	88	4.01576
13	56	-4.01566
12	57	-4.01566
78	99	-4.01493
79	98	-4.01493
13	28	-4.01486
12	29	-4.01486
5	32	4.01433
4	33	4.01433
40	57	-4.01428
41	56	-4.01428
15	60	-4.01421
14	61	-4.01421
54	73	-4.01386
55	72	-4.01386
20	87	-4.01381
21	86	-4.01381
67	98	-4.01375
66	99	-4.01375
90	97	-4.01361
91	96	-4.01361
9	10	-4.0134
8	11	-4.0134
72	79	4.01204
73	78	4.01204
50	95	4.01187
51	94	4.01187
18	41	-4.01084
19	40	-4.01084
70	89	4.00863
71	88	4.00863
64	89	4.00794
65	88	4.00794
84	93	4.00754
85	92	4.00754
24	29	-4.00733
25	28	-4.00733
4	9	4.00634
5	8	4.00634
16	23	4.00628
17	22	4.00628
0	39	4.00628
1	38	4.00628
26	73	4.00568
27	72	4.00568
23	60	-4.00539
22	61	-4.00539
57	84	4.00356
56	85	4.00356
18	85	4.00347
19	84	4.00347
87	98	4.00302
86	99	4.00302
23	30	4.00246
22	31	4.00246
29	84	4.00235
28	85	4.00235
40	93	-4.00194
41	92	-4.00194
16	73	4.00177
17	72	4.00177
80	97	-4.00121
81	96	-4.00121
25	58	-4.00106
24	59	-4.00106
31	72	4.00098
30	73	4.00098
60	73	-4.00049
61	72	-4.00049
47	98	-4.00019
46	99	-4.00019
22	27	4.00018
23	26	4.00018
15	54	-4.00013
14	55	-4.00013
18	56	2.99946
42	70	2.99857
8	32	2.99792
16	60	-2.99668
26	30	2.99602
28	56	2.99429
18	28	2.99387
8	20	2.99371
20	32	2.99246
22	72	2.99208
32	50	-2.99137
34	68	2.99112
28	58	2.98894
76	92	2.9884
46	66	2.98836
34	66	2.98598
2	62	2.98492
66	68	2.98445
16	86	-2.98332
46	78	2.98299
6	10	2.98168
42	62	2.98102
8	50	-2.98095
60	86	2.97934
2	96	2.97863
20	50	-2.97816
16	54	-2.97718
0	6	2.97531
58	90	2.97403
62	70	2.96955
56	58	2.96949
64	70	2.9683
28	92	2.9681
18	58	2.96697
54	60	2.96618
36	86	2.96572
74	82	2.96503
24	40	2.96406
20	22	2.96385
46	68	2.96305
58	76	2.96141
24	96	2.96023
42	64	2.96016
58	92	2.95904
18	92	2.95577
34	46	2.95143
28	90	2.94937
22	92	2.94926
56	92	2.94915
28	76	2.94885
58	80	2.94864
30	78	2.94827
12	24	2.94666
62	96	2.94611
10	86	2.94557
2	42	2.94507
66	78	2.94415
16	36	-2.94324
2	52	2.94245
76	80	2.94208
18	50	-2.93928
0	10	2.93855
72	92	2.93752
26	78	2.93601
56	90	2.93176
80	90	2.93156
50	56	-2.93117
0	88	2.93072
8	22	2.93062
38	70	2.9293
54	86	2.92832
2	70	2.92723
30	84	2.92587
52	74	-2.92573
6	86	2.92565
22	32	2.92557
40	60	2.92485
20	72	2.9248
52	96	2.92393
18	90	2.92223
18	76	2.92093
38	64	2.91941
36	60	2.91927
26	84	2.91696
62	64	2.91597
56	76	2.91582
14	56	2.91095
72	76	2.91071
38	42	2.90983
22	76	2.9093
36	54	2.90905
68	78	2.90701
6	36	2.90694
22	50	-2.90632
14	18	2.90557
30	46	2.90452
20	92	2.90335
26	46	2.9029
2	24	2.90216
18	20	2.9013
28	50	-2.90117
14	50	-2.89898
18	32	2.89889
14	98	-2.8956
28	80	2.89539
80	92	2.89374
16	40	-2.89237
40	96	2.88976
4	68	2.88813
20	56	2.88802
10	60	2.88775
50	92	-2.8873
32	56	2.88712
24	62	2.88462
76	90	2.88383
10	36	2.88347
8	72	2.88232
34	78	2.88171
10	16	-2.88069
12	40	2.88042
52	62	2.88013
18	22	2.8796
40	86	2.87877
8	18	2.87486
12	94	2.87419
32	72	2.87407
90	92	2.87348
22	28	2.8717
42	96	2.87133
20	28	2.86916
32	92	2.86913
14	28	2.86679
22	56	2.86481
8	56	2.86147
12	96	2.85808
28	32	2.85753
8	92	2.85642
26	66	2.85613
38	48	2.85135
10	40	2.85113
50	72	-2.84969
30	66	2.84905
4	34	2.84851
56	80	2.84744
12	62	2.84568
70	96	2.8456
6	16	-2.84539
8	48	-2.84477
32	48	-2.8439
18	80	2.84377
48	98	2.84326
52	82	-2.84202
14	32	2.84188
6	88	2.83996
6	60	2.8399
2	64	2.83945
28	72	2.83752
74	96	-2.83622
18	72	2.8362
20	76	2.83359
42	52	2.83291
8	28	2.83256
22	58	2.83192
50	58	-2.83159
48	50	2.82649
40	54	2.8259
0	86	2.82515
38	98	2.82489
56	72	2.82042
38	62	2.81776
2	12	2.81654
40	94	2.81399
50	76	-2.81357
24	60	2.8135
0	36	2.81226
52	70	2.8114
8	14	2.80933
14	58	2.80887
58	72	2.80854
14	90	2.808
10	94	2.80734
20	58	2.80243
4	66	2.80077
2	74	-2.79867
14	20	2.79797
54	74	-2.79528
48	70	2.79197
24	52	2.79173
32	76	2.7902
2	40	2.78765
24	42	2.78748
20	48	-2.78603
24	94	2.78574
42	48	2.78245
32	58	2.78192
78	84	2.78167
8	76	2.77574
10	54	2.77231
26	34	2.77087
26	68	2.77029
12	42	2.76936
16	24	-2.76915
30	68	2.76873
4	46	2.76763
12	64	2.76299
30	34	2.75951
50	98	2.7591
24	70	2.75867
64	96	2.7579
14	92	2.75724
10	88	2.75688
48	52	2.75673
8	58	2.75495
2	38	2.75336
6	40	2.75224
60	96	2.75214
12	70	2.74777
40	62	2.74649
50	90	-2.74635
14	48	-2.74393
36	40	2.74206
6	54	2.73935
24	86	2.73665
72	80	2.735
60	74	-2.73291
22	80	2.73013
24	74	-2.72286
0	16	-2.72037
16	74	2.71781
6	94	2.71684
32	98	-2.71531
0	60	2.71506
40	74	-2.71473
54	82	-2.71383
24	54	2.71188
2	48	2.71181
24	64	2.71144
48	62	2.71131
16	96	-2.70968
10	24	2.70722
40	52	2.70417
22	90	2.70412
0	94	2.70403
4	78	2.70179
46	84	2.70019
54	96	2.69703
62	74	-2.69684
14	76	2.69254
8	98	-2.68825
20	90	2.68802
82	96	-2.68799
14	22	2.68719
48	64	2.67858
32	90	2.67803
56	98	-2.67602
72	90	2.67458
18	98	-2.6726
52	64	2.66926
86	94	2.66533
12	60	2.66393
2	82	-2.65799
38	52	2.65551
50	80	-2.65266
10	12	2.65233
60	94	2.64827
8	90	2.64335
20	80	2.64303
20	98	-2.64139
0	40	2.64098
86	96	2.63921
12	52	2.63803
36	88	2.63767
44	66	2.62854
22	48	-2.62819
38	96	2.6281
18	48	-2.62797
26	44	2.62499
66	84	2.62412
40	42	2.62385
14	80	2.62321
52	54	2.62308
2	60	2.62288
34	44	2.62037
48	56	-2.6175
42	74	-2.61497
12	16	-2.61399
14	72	2.61373
94	96	2.61304
12	86	2.61247
60	82	-2.61205
52	60	2.61148
70	98	2.61096
28	98	-2.61043
86	88	2.60734
16	94	-2.60729
44	90	2.60675
16	82	2.60605
32	80	2.60365
74	86	-2.60281
0	54	2.60041
40	70	2.59039
70	74	-2.58686
6	24	2.58604
48	96	2.58511
44	46	2.58376
42	98	2.58181
24	36	2.57912
2	16	-2.57858
8	80	2.57858
2	54	2.57814
16	52	-2.57766
64	98	2.57241
30	44	2.56731
14	38	-2.565
40	82	-2.56027
24	82	-2.55925
48	72	-2.55706
28	48	-2.55611
10	96	2.55511
60	62	2.55097
62	82	-2.54803
48	74	-2.54753
44	68	2.5473
40	64	2.54038
48	92	-2.53451
62	94	2.53287
38	50	2.5325
58	98	-2.53219
68	84	2.53153
32	38	-2.53075
6	12	2.52935
12	54	2.52722
90	98	-2.52481
8	38	-2.5233
12	74	-2.5227
34	84	2.52116
8	52	-2.51963
2	94	2.51941
36	94	2.51928
88	94	2.51775
44	78	2.51772
36	74	-2.51577
12	38	2.51509
48	82	-2.51238
24	38	2.51065
16	62	-2.50499
92	98	-2.50493
34	80	2.50223
4	30	2.50136
2	86	2.50062
54	62	2.49271
32	52	-2.49192
36	96	2.49105
4	26	2.48946
16	88	-2.4866
82	86	-2.4856
22	98	-2.48259
54	94	2.48259
42	82	-2.47912
44	80	2.47912
0	24	2.47534
52	86	2.4731
60	88	2.47288
44	58	2.46501
20	38	-2.46083
62	98	2.45881
48	58	-2.4571
12	36	2.45556
70	82	-2.45487
20	52	-2.45359
0	12	2.45186
8	70	-2.44645
64	74	-2.44462
48	76	-2.43916
32	70	-2.43913
62	86	2.43899
8	42	-2.43858
6	96	2.43626
34	90	2.43583
44	84	2.43554
64	94	2.43384
76	98	-2.43255
10	74	-2.43217
68	80	2.43129
42	94	2.4309
32	42	-2.42935
50	52	2.42764
42	60	2.42735
8	82	2.42573
36	82	-2.42482
38	74	-2.42387
2	10	2.41741
2	98	2.41644
88	90	-2.4163
16	34	2.41433
54	68	-2.41347
52	98	2.41296
28	44	2.41262
50	70	2.41244
34	54	-2.41097
24	48	2.40927
34	60	-2.40758
60	66	-2.40651
72	98	-2.40642
16	66	2.40634
70	94	2.40608
10	44	-2.40526
66	80	2.40428
0	44	-2.40356
16	68	2.40293
34	86	-2.40097
42	50	2.39916
2	8	-2.39824
54	66	-2.39819
34	36	-2.3975
44	56	2.39711
60	70	2.39575
60	68	-2.39511
4	80	2.39122
46	60	-2.39057
66	86	-2.39002
32	82	2.38875
16	46	2.38644
6	44	-2.38642
30	96	-2.3863
16	42	-2.38577
24	26	-2.38547
26	96	-2.38472
42	54	2.38467
40	88	2.38455
20	70	-2.38339
26	40	-2.38317
8	74	2.38195
62	84	-2.38182
20	82	2.38137
46	54	-2.38031
36	68	-2.37963
68	86	-2.37891
48	90	-2.3789
2	32	-2.37875
8	62	-2.37855
2	84	-2.37851
18	44	2.37833
54	88	2.37813
10	62	2.37813
14	44	2.37756
4	54	-2.37637
20	42	-2.37529
24	30	-2.37438
44	94	-2.37251
52	94	2.37142
12	82	-2.37032
84	96	-2.3703
30	40	-2.36944
18	38	-2.36894
58	88	-2.36712
36	66	-2.36701
46	86	-2.36515
38	56	-2.36423
32	62	-2.36365
14	70	-2.36321
42	84	-2.36159
2	30	-2.36133
60	78	-2.36091
0	90	-2.36073
24	84	-2.36063
2	36	2.36053
56	88	-2.35904
28	88	-2.35779
54	70	2.35716
74	78	2.35667
44	88	-2.35649
66	90	2.35646
68	90	2.35607
16	70	-2.3559
80	98	-2.35488
2	26	-2.3542
36	52	2.35363
14	88	-2.35355
70	84	-2.353
16	78	2.35265
74	94	-2.35233
6	74	-2.34986
18	88	-2.34943
40	46	-2.34914
32	74	2.34892
40	66	-2.3471
54	78	-2.34633
78	96	-2.34574
10	52	2.34568
8	64	-2.34352
60	64	2.34341
40	78	-2.34124
32	64	-2.3406
14	42	-2.34056
46	74	2.34016
38	40	2.34012
12	48	2.33949
34	58	2.3394
30	52	-2.33802
38	82	-2.33774
44	76	2.3369
52	78	-2.33549
2	20	-2.33421
36	46	-2.33341
22	52	-2.3334
30	62	-2.33246
2	50	2.3308
4	36	-2.33028
78	86	-2.32949
20	74	2.32909
12	84	-2.32877
26	62	-2.32876
26	60	-2.32814
6	34	-2.32784
22	38	-2.32619
50	64	2.32442
80	88	-2.32424
10	34	-2.32422
50	62	2.32418
6	90	-2.32335
10	66	-2.32262
30	60	-2.3209
42	86	2.32067
34	40	-2.32059
4	16	2.32016
26	52	-2.31973
46	96	-2.31928
10	82	-2.31873
20	62	-2.31756
0	96	2.31725
6	66	-2.31706
24	78	-2.31702
40	84	-2.31694
68	74	2.315
64	82	-2.3147
44	86	-2.31391
50	82	-2.31389
40	44	-2.31287
66	74	2.31269
64	84	-2.31257
22	82	2.3124
52	84	-2.31188
12	26	-2.31166
28	38	-2.3112
4	44	2.30991
16	64	-2.30925
44	92	2.30847
46	80	2.30844
24	46	-2.30673
16	26	2.30656
2	78	-2.30649
14	64	-2.3063
36	62	2.30493
2	6	2.30367
40	68	-2.30364
4	84	2.30266
26	86	-2.302
10	26	-2.30197
16	30	2.30061
10	46	-2.30055
54	64	2.3004
0	80	-2.29897
4	60	-2.29737
30	74	2.29641
20	64	-2.29517
36	80	-2.29471
8	96	-2.29454
52	72	-2.29409
6	80	-2.29312
30	86	-2.2928
0	58	-2.29256
12	30	-2.29241
70	86	2.29229
46	52	-2.29207
6	68	-2.29168
6	46	-2.29128
72	82	2.2911
36	78	-2.291
24	66	-2.29005
78	82	2.28929
10	68	-2.28837
66	96	-2.28819
10	30	-2.28642
96	98	2.28566
88	92	-2.28528
76	88	-2.28513
38	92	-2.28349
30	42	-2.28346
34	74	2.28255
4	82	2.28187
38	72	-2.28149
34	76	2.28072
26	74	2.28066
50	74	-2.28023
4	86	-2.27932
44	60	-2.27831
4	74	2.27693
26	42	-2.27639
4	90	2.27552
46	82	2.27504
10	78	-2.27385
32	96	-2.27334
6	26	-2.27289
22	70	-2.27279
48	80	-2.27246
14	52	-2.26988
68	82	2.26953
58	68	2.26914
46	90	2.26785
30	70	-2.26772
40	48	2.26746
0	34	-2.26744
26	54	-2.2674
30	54	-2.26704
2	46	-2.26656
22	42	-2.26615
6	62	2.26572
84	88	-2.26562
38	84	-2.26453
16	44	2.26412
6	78	-2.26388
64	86	2.26351
6	30	-2.26235
10	42	2.26228
0	66	-2.26186
82	94	-2.2613
0	28	-2.261
26	70	-2.26025
58	66	2.25947
12	44	-2.25767
10	90	-2.25725
62	78	-2.25563
0	26	-2.25545
6	58	-2.25453
36	90	-2.25386
28	34	2.25369
6	82	-2.25276
24	44	-2.25065
24	34	-2.25054
66	82	2.25002
36	44	-2.24926
0	56	-2.24926
6	52	2.24914
50	88	2.24894
30	88	-2.24893
52	66	-2.24754
68	96	-2.24711
0	30	-2.24695
26	88	-2.2453
70	72	-2.24522
14	62	-2.24398
38	58	-2.24322
22	74	2.24303
0	46	-2.24193
24	68	-2.24088
84	94	-2.24083
34	96	-2.24071
42	72	-2.23953
74	98	-2.23845
0	18	-2.23843
20	96	-2.23807
82	98	-2.23795
24	88	2.23691
26	94	-2.23631
10	70	2.23537
12	88	2.23514
38	76	-2.23415
10	84	-2.23225
0	68	-2.22941
34	82	2.22901
18	70	-2.22872
26	36	-2.22848
2	22	-2.22843
0	74	-2.22735
2	14	-2.22722
2	66	-2.22717
0	78	-2.22605
22	64	-2.22596
10	80	-2.2259
50	96	2.22535
30	36	-2.22491
0	84	-2.22404
52	68	-2.22396
10	64	2.22257
68	76	2.222
22	62	-2.22105
56	70	-2.22059
80	86	-2.22011
64	72	-2.21917
4	58	2.21877
0	76	-2.21741
88	98	2.21661
60	84	-2.21658
72	74	2.2163
46	62	-2.21605
0	14	-2.21508
48	84	-2.2149
18	42	-2.21374
6	28	-2.21254
78	88	-2.21244
36	42	2.21177
34	56	2.21143
34	92	2.21088
30	94	-2.21086
18	52	-2.21033
74	84	2.20895
30	64	-2.20893
26	64	-2.20875
30	82	2.20843
86	90	-2.20816
66	88	-2.20768
6	84	-2.20651
78	80	2.20627
36	58	-2.20579
42	56	-2.20537
34	88	-2.20426
46	88	-2.20347
32	88	-2.20314
4	76	2.2025
38	54	2.20232
2	72	-2.20208
12	78	-2.20167
42	78	-2.20116
62	72	-2.20109
66	76	2.20099
44	50	-2.20078
0	2	2.20073
18	34	2.20002
38	90	-2.1989
38	60	2.19854
20	88	-2.19847
52	56	-2.19823
34	52	-2.1978
0	92	-2.19741
84	86	-2.19529
38	94	2.19478
22	88	-2.19409
6	56	-2.19383
12	46	-2.19245
36	70	2.1916
16	84	2.19128
26	82	2.19098
44	98	-2.19084
28	68	2.19076
44	54	-2.18984
36	64	2.18973
6	76	-2.18971
70	92	-2.1886
2	68	-2.1882
28	66	2.18474
70	78	-2.18467
52	92	-2.18431
10	58	-2.18415
6	18	-2.18377
18	64	-2.18307
44	72	2.18302
8	88	-2.18159
22	44	2.18143
12	66	-2.18084
46	58	2.18065
28	70	-2.17984
62	66	-2.1796
72	88	-2.17915
42	92	-2.17695
2	34	-2.1766
56	64	-2.17646
16	38	-2.17592
78	90	2.17546
48	54	2.17425
0	62	2.1742
4	6	-2.17384
68	88	-2.17362
16	80	2.1718
26	80	2.17153
36	76	-2.17136
64	92	-2.17049
4	40	-2.16817
26	90	2.16687
6	42	2.1665
28	42	-2.16585
24	98	2.163
28	52	-2.16084
48	60	2.1606
6	92	-2.15957
4	10	-2.15841
42	46	-2.1581
68	92	2.15759
0	82	-2.15612
44	96	-2.15529
30	38	-2.15526
4	52	-2.15511
14	82	2.15498
28	36	-2.15425
64	76	-2.1542
8	24	-2.15374
20	44	2.15354
22	96	-2.15331
56	68	2.15286
60	80	-2.15128
30	48	-2.1511
56	66	2.15025
4	28	2.15025
38	80	-2.1502
12	98	2.14928
54	84	-2.14888
16	90	2.14851
12	34	-2.14839
28	64	-2.14836
32	44	2.1481
58	86	-2.14707
82	92	2.14693
70	76	-2.14665
0	52	2.14656
18	62	-2.14628
6	70	2.14485
10	28	-2.14436
4	96	-2.14427
30	80	2.14415
66	92	2.14335
26	38	-2.14334
18	68	2.14333
2	18	-2.14322
66	94	-2.14208
46	70	-2.14207
6	14	-2.14125
62	68	-2.1411
6	64	2.14103
54	80	-2.14051
18	66	2.14011
56	62	-2.13808
46	94	-2.13784
18	82	2.13748
16	48	-2.1372
24	32	-2.13714
30	90	2.13596
72	96	-2.1359
60	90	-2.13529
42	76	-2.13497
4	92	2.13447
2	56	-2.13443
34	62	-2.13354
14	74	2.13288
4	98	-2.13271
12	68	-2.13207
78	94	-2.13176
46	76	2.13123
4	38	-2.12932
14	96	-2.12923
10	56	-2.12817
36	92	-2.12804
26	48	-2.12757
8	44	2.12695
36	56	-2.1269
56	82	2.12596
10	76	-2.12546
12	72	-2.12467
36	84	-2.12455
82	84	2.12384
34	94	-2.12353
62	92	-2.12335
58	70	-2.12315
42	66	-2.12228
38	86	2.12177
64	78	-2.12146
0	50	2.1208
4	24	-2.12079
18	36	-2.12012
52	76	-2.11964
28	46	2.1193
10	18	-2.11885
8	12	-2.11879
4	56	2.11826
2	92	-2.1172
88	96	2.11637
48	78	-2.11523
20	24	-2.11481
72	94	-2.1142
4	64	-2.11374
14	34	2.11362
2	4	-2.11191
0	4	-2.11182
4	18	2.11065
42	58	-2.11045
58	64	-2.11036
66	70	-2.10759
18	74	2.10689
28	62	-2.10578
58	78	2.10485
12	32	-2.10475
28	82	2.10375
76	86	-2.10325
74	92	2.10312
28	86	-2.10278
54	90	-2.10257
24	50	2.10215
2	28	-2.10157
0	22	-2.1015
84	98	-2.10041
0	72	-2.10028
52	58	-2.09982
12	22	-2.09892
10	92	-2.09763
56	74	2.09714
2	44	-2.0969
16	58	2.09633
12	20	-2.09604
68	94	-2.09572
76	82	2.09456
0	42	2.09413
42	68	-2.09333
46	64	-2.09326
64	80	-2.09311
4	14	2.09302
46	56	2.09276
44	62	-2.09119
26	58	2.09056
10	14	-2.09004
90	94	-2.08963
4	62	-2.08912
48	94	2.089
38	78	-2.08884
4	70	-2.0877
62	76	-2.08694
34	72	2.08658
48	88	2.08636
46	92	2.0861
0	20	-2.08587
4	42	-2.08533
18	46	2.08495
0	98	2.08416
0	32	-2.08386
36	38	2.08378
34	42	-2.08345
56	86	-2.08278
58	60	-2.08242
68	70	-2.08195
22	34	2.08031
48	86	2.07872
0	64	2.07849
0	70	2.07777
22	94	-2.07643
70	90	-2.07621
80	94	-2.07617
18	86	-2.07591
12	50	2.07556
28	74	2.07525
24	72	-2.07522
14	66	2.07409
8	40	-2.0738
2	76	-2.07368
22	24	-2.07294
14	68	2.0727
64	66	-2.07243
18	96	-2.07201
34	70	-2.0719
6	50	2.07081
10	38	2.07042
86	92	-2.07033
44	74	2.06997
40	90	-2.06972
30	58	2.06914
74	88	-2.06889
0	8	-2.06816
76	78	2.06777
6	72	-2.06656
40	80	-2.06644
4	88	-2.06627
56	96	-2.06555
76	94	-2.06551
46	48	-2.0653
42	90	-2.06506
40	98	2.06495
64	90	-2.06463
6	22	-2.06455
54	58	-2.06373
70	80	-2.06331
16	76	2.0631
28	78	2.06174
32	40	-2.06111
8	84	2.06094
58	82	2.06067
58	62	-2.06062
64	68	-2.05956
34	50	-2.0593
16	28	2.05855
74	76	2.05775
68	72	2.05736
92	96	-2.05695
80	84	2.05664
14	36	-2.05646
32	84	2.05551
2	58	-2.0548
38	46	-2.05452
34	64	-2.05405
8	54	-2.05367
58	94	-2.05362
26	76	2.05325
42	80	-2.05296
4	72	2.05295
26	28	2.05212
52	90	-2.05192
22	68	2.05161
4	12	-2.05065
44	52	-2.04989
92	94	-2.04952
60	76	-2.04925
2	88	2.04905
12	76	-2.04888
42	44	-2.04841
28	60	-2.04815
20	40	-2.04692
20	34	2.04676
44	82	2.04636
6	20	-2.04603
14	24	-2.04594
66	72	2.04547
56	78	2.04529
54	98	2.04404
82	88	-2.04401
28	96	-2.04363
36	72	-2.04313
54	76	-2.0429
6	32	-2.0428
16	56	2.0425
22	66	2.04238
50	84	-2.04217
32	54	-2.04143
12	92	-2.04103
4	22	2.04063
18	78	2.04057
22	36	-2.04028
84	90	2.04024
44	70	-2.04008
44	64	-2.0397
20	84	2.03959
26	56	2.03919
58	74	2.03913
78	92	2.03904
12	80	-2.0384
16	18	2.0379
14	46	2.03781
40	50	2.03757
8	78	2.03749
32	34	2.03745
30	76	2.03719
28	30	2.03712
62	88	2.03683
28	94	-2.03658
16	92	2.03625
8	30	2.03604
8	60	-2.03583
14	86	-2.03492
10	48	2.0347
56	60	-2.03462
20	54	-2.03434
18	26	2.0337
38	68	-2.03337
10	72	-2.03326
44	48	-2.03309
50	66	-2.03295
48	66	-2.0329
28	54	-2.03279
38	66	-2.03271
4	48	-2.0324
50	68	-2.032
6	98	2.03198
6	8	-2.03166
30	98	-2.03148
32	78	2.03103
12	14	-2.03087
30	32	2.03066
18	60	-2.03038
36	48	2.03036
8	34	2.02988
10	50	2.02972
20	94	-2.02965
36	50	2.02928
8	16	2.02839
76	96	-2.02801
38	88	2.0277
56	94	-2.02766
30	56	2.02753
32	60	-2.02741
6	38	2.0273
10	22	-2.02721
26	92	2.02717
14	84	2.02699
62	90	-2.0266
40	58	-2.02639
20	68	2.02636
60	92	-2.02621
34	98	-2.02588
8	94	-2.02525
18	94	-2.02503
40	72	-2.02496
20	78	2.02477
20	66	2.02467
52	88	2.02452
2	90	-2.02402
52	80	-2.02381
72	84	2.02377
18	30	2.02346
14	26	2.02329
26	98	-2.02327
34	38	-2.02176
8	26	2.02174
54	92	-2.02155
22	40	-2.02149
20	36	-2.02145
4	50	-2.0213
16	32	2.02129
50	54	2.02105
62	80	-2.02099
30	50	-2.02084
32	66	2.02068
50	78	-2.02064
82	90	2.02039
48	68	-2.02037
24	80	-2.02014
54	56	-2.02014
60	98	2.01975
20	60	-2.01962
20	30	2.01951
32	68	2.01945
22	84	2.01918
68	98	-2.01905
14	94	-2.019
46	72	2.01886
22	46	2.01864
8	46	2.01832
14	30	2.01826
26	32	2.018
18	54	-2.01779
46	50	-2.01777
8	66	2.01753
80	82	2.0173
24	90	-2.01704
32	94	-2.01691
32	46	2.01659
32	36	-2.01654
30	92	2.01653
8	68	2.01629
16	98	-2.01621
20	46	2.01588
58	96	-2.01579
16	20	2.01548
38	44	-2.01541
50	60	2.01468
4	94	-2.01405
14	78	2.01399
24	92	-2.01354
18	24	-2.01348
76	84	2.01345
74	90	2.01322
10	20	-2.01316
8	36	-2.01262
36	98	2.01257
26	50	-2.01252
50	86	2.01248
22	54	-2.01239
10	32	-2.01233
12	90	-2.01229
0	48	2.01228
94	98	2.01201
14	40	-2.01158
16	50	-2.0115
4	20	2.01133
24	56	-2.0111
6	48	2.01101
58	84	2.01095
12	18	-2.01076
34	48	-2.01033
72	86	-2.01028
74	80	2.01027
10	98	2.01001
28	40	-2.00996
22	78	2.00992
40	76	-2.00987
20	26	2.00946
8	86	-2.00936
22	86	-2.00916
24	76	-2.00902
2	80	-2.00897
12	58	-2.00884
32	86	-2.00869
14	16	2.00863
42	88	2.00788
12	56	-2.00783
78	98	-2.00746
12	28	-2.00743
4	32	2.00717
40	56	-2.00714
14	60	-2.0071
54	72	-2.00693
20	86	-2.00691
66	98	-2.00687
90	96	-2.00681
8	10	-2.0067
72	78	2.00602
50	94	2.00593
18	40	-2.00542
70	88	2.00432
64	88	2.00397
84	92	2.00377
24	28	-2.00367
4	8	2.00317
16	22	2.00314
0	38	2.00314
26	72	2.00284
22	60	-2.0027
56	84	2.00178
18	84	2.00174
86	98	2.00151
22	30	2.00123
28	84	2.00118
40	92	-2.00097
16	72	2.00089
80	96	-2.00061
24	58	-2.00053
30	72	2.00049
60	72	-2.00024
46	98	-2.0001
22	26	2.00009
14	54	-2.00007
