39	77	199.987
23	95	199.613
31	93	199.564
1	47	199.5
21	45	199.315
13	15	199.305
1	55	199.213
49	75	199.159
27	79	198.564
7	19	198.516
77	99	198.275
39	99	198.179
89	93	197.976
19	29	197.818
47	55	197.758
33	69	197.636
55	81	197.633
17	83	197.368
41	91	197.333
59	71	197.319
47	81	197.177
1	81	197.106
35	85	196.813
9	35	196.485
19	23	196.087
21	37	195.921
39	63	195.819
7	23	195.772
25	57	195.737
31	89	195.722
37	45	195.46
63	77	195.35
7	29	195.345
19	95	195.171
11	33	194.705
1	91	194.703
55	91	194.499
17	29	194.417
29	83	194.249
25	41	194.218
31	67	193.888
33	35	193.868
7	61	193.658
7	95	193.574
11	87	193.382
5	65	-193.368
63	99	192.725
59	87	192.72
9	11	192.321
9	33	192.183
47	91	191.944
67	93	191.774
5	71	191.463
57	99	191.437
65	91	191.241
17	53	191.164
5	51	191.097
43	71	-190.511
51	65	-190.471
41	65	190.421
27	95	190.179
23	61	189.984
7	17	189.78
9	85	189.746
23	27	189.667
37	73	189.603
11	59	189.552
49	95	-189.284
21	27	188.902
11	69	188.766
17	19	188.708
27	45	188.526
23	29	188.466
43	59	-188.35
21	79	187.975
75	97	187.63
25	51	-187.313
29	95	187.3
43	65	187.068
35	69	187.046
19	61	187.023
49	97	186.818
17	85	186.225
61	95	186.084
11	35	185.991
81	91	185.875
19	83	185.852
45	79	185.849
83	85	185.84
1	41	185.76
23	49	-185.734
23	79	185.684
19	49	-185.373
67	89	185.246
79	95	185.126
41	55	184.825
57	63	184.741
53	61	184.557
39	57	184.416
25	91	184.413
67	69	-184.396
57	77	184.266
7	53	183.787
5	43	-183.714
7	83	183.697
55	65	183.536
75	95	-183.464
33	85	183.42
41	57	183.328
45	97	-183.228
41	51	-182.938
71	87	182.912
43	55	182.609
41	47	182.437
3	75	182.39
9	69	182.385
43	69	-181.985
9	87	181.787
25	65	181.59
61	79	181.578
67	81	181.424
29	49	-181.157
27	97	-181.047
65	71	-181.046
3	97	180.855
53	85	180.719
53	83	180.514
5	59	180.378
29	61	180.144
95	97	-179.759
1	65	179.687
27	61	179.565
23	75	-179.191
29	53	178.954
11	43	-178.812
19	75	-178.748
11	71	178.498
25	99	178.104
17	61	178.089
33	87	178.072
43	81	177.95
21	97	-177.64
15	75	177.493
15	49	177.417
7	49	-177.183
19	53	176.761
21	73	176.73
25	63	176.646
43	91	176.559
33	59	176.515
15	29	-176.299
7	27	176.16
33	43	-176.155
15	83	-176.111
31	69	-175.972
69	85	175.956
1	43	175.732
51	91	-175.68
3	49	175.669
17	23	175.245
23	97	-175.086
19	27	174.964
51	57	-174.862
29	75	-174.828
47	65	174.1
59	69	173.982
45	73	173.979
27	37	173.539
7	79	173.466
33	67	-173.415
41	81	173.029
5	41	-172.881
13	83	-172.783
37	79	172.605
13	89	172.541
35	83	172.494
27	49	-172.435
5	91	-172.251
65	81	172.223
17	95	172.081
17	35	171.98
11	85	171.924
79	97	-171.555
13	75	170.99
13	29	-170.65
13	49	170.573
43	47	170.551
69	93	-170.52
25	39	170.443
43	87	-170.308
19	79	170.227
55	67	170.082
25	77	170.022
57	91	169.982
23	83	169.869
59	65	-169.819
7	75	-169.582
69	87	169.351
15	19	-168.963
37	97	-168.718
35	87	168.712
51	71	168.642
51	63	-168.451
29	85	168.441
5	25	-168.343
35	53	168.322
69	81	-168.16
9	59	167.93
13	93	167.857
83	95	167.8
47	67	167.76
23	53	167.723
31	33	-167.659
41	43	167.156
27	75	-167.057
45	95	166.936
61	83	166.826
1	67	166.751
15	89	166.308
1	25	165.841
69	71	165.677
33	71	165.289
21	95	165.172
43	67	164.99
31	35	-164.684
31	85	-164.544
13	31	164.363
25	55	164.338
5	55	-164.274
23	45	164.212
9	53	163.997
57	65	163.953
15	17	-163.948
43	51	-163.665
19	97	-163.662
49	83	-163.654
55	69	-163.069
21	23	163.043
49	79	-162.862
53	95	162.768
35	67	-162.73
31	83	-162.453
15	93	162.424
13	19	-162.354
25	47	162.082
33	93	-161.898
27	29	161.62
83	93	-161.12
17	49	-160.876
9	17	160.843
85	93	-160.072
31	81	159.611
49	61	-159.561
13	17	-159.515
51	55	-159.334
35	93	-159.332
15	31	159.292
7	15	-158.97
15	95	-158.821
7	85	158.756
71	91	-158.736
9	83	158.706
1	5	-158.533
55	71	-158.471
69	89	-158.359
35	59	158.141
7	97	-157.803
75	83	-157.676
5	87	157.495
45	49	-157.387
51	99	-157.342
41	99	157.191
67	85	-156.969
19	85	156.908
75	79	-156.895
1	51	-156.785
29	79	156.733
81	93	156.683
15	23	-156.667
1	69	-156.312
9	43	-155.885
45	75	-155.579
83	89	-155.416
11	67	-155.359
33	81	-155.242
41	71	-154.562
41	63	154.53
17	75	-153.982
47	69	-153.943
39	51	-153.836
85	87	153.685
51	59	153.364
5	81	-153.286
35	43	-153.064
51	77	-153.044
29	97	-153.023
21	49	-152.866
33	83	152.86
9	71	152.772
55	59	-152.754
7	13	-152.592
5	11	152.518
5	47	-152.295
29	35	151.684
13	95	-151.633
61	75	-151.432
47	51	-151.386
5	57	-151.265
33	55	-151.115
71	81	-150.971
1	71	-150.939
3	95	-150.688
3	15	150.61
9	67	-150.598
1	57	150.587
21	75	-150.541
17	31	-150.435
25	81	150.203
21	61	150.142
81	89	150.124
13	23	-149.693
59	91	-149.673
17	33	149.592
25	43	149.51
33	89	-149.453
61	97	-149.376
65	69	-149.286
9	31	-149.189
85	89	-148.955
17	93	-148.643
45	61	148.608
69	83	147.997
61	85	147.867
47	57	147.784
15	85	-147.756
11	31	-147.694
75	99	147.687
73	79	147.646
55	57	147.634
39	41	147.591
67	91	147.527
11	65	-147.433
49	99	147.326
59	81	-147.312
19	63	-147.235
41	77	147.201
35	89	-147.069
63	95	-146.926
39	49	146.867
49	77	146.792
3	45	-146.621
37	95	146.599
13	85	-146.574
57	75	146.504
23	63	-146.37
11	55	-146.336
25	97	146.259
31	55	146.196
65	87	-146.156
11	81	-146.149
51	81	-145.94
75	77	145.914
39	75	145.877
27	73	145.872
19	45	145.714
17	27	145.65
3	23	-145.599
3	13	145.566
5	69	145.473
31	43	145.439
49	63	145.416
49	57	145.217
69	91	-145.206
29	63	-145.176
1	59	-145.153
7	45	145.019
47	71	-144.895
25	71	-144.835
7	63	-144.811
53	79	144.809
33	53	144.779
31	47	144.579
27	51	144.55
15	97	144.519
1	33	-144.476
7	21	144.431
19	21	144.17
15	77	144.169
45	51	144.132
21	51	144.024
23	37	144.022
35	71	143.998
59	67	-143.971
67	83	-143.961
27	53	143.951
57	97	143.86
41	59	-143.85
5	21	143.808
9	93	-143.756
15	39	143.75
29	39	-143.728
29	77	-143.438
49	53	-143.274
51	79	143.264
45	65	-143.16
17	79	143.08
19	39	-142.996
1	31	142.995
63	65	142.95
55	93	142.894
29	31	-142.825
29	93	-142.765
63	75	142.729
41	97	142.7
5	37	142.67
3	19	-142.608
17	89	-142.589
19	77	-142.57
15	99	142.535
17	69	142.496
11	93	-142.383
5	45	142.367
3	57	142.366
37	65	-142.126
47	93	142.104
33	47	-142.076
3	27	-141.939
21	65	-141.913
33	65	-141.602
71	73	141.585
7	35	141.531
91	99	141.438
5	33	141.275
13	77	141.208
59	73	141.205
59	85	141.031
25	75	141.006
67	71	-140.863
43	93	140.825
13	39	140.72
39	95	-140.465
13	67	140.378
25	49	140.264
65	67	140.252
5	63	-140.23
29	89	-140.22
1	93	140.158
73	97	-140.076
77	95	-139.955
3	21	-139.945
47	59	-139.735
19	35	139.735
1	11	-139.686
43	73	-139.599
37	43	-139.547
9	29	139.538
23	85	139.463
13	99	139.445
37	51	139.151
23	39	-139.064
63	91	139.025
27	83	138.997
37	71	138.692
23	77	-138.51
37	49	-138.47
65	99	138.457
3	25	138.372
3	29	-138.299
7	39	-138.246
51	97	-138.161
29	99	-138.024
19	99	-138.003
37	75	-137.843
39	83	-137.717
7	77	-137.711
13	97	137.643
77	83	-137.597
13	35	-137.569
15	61	-137.524
27	63	-137.451
97	99	137.41
5	73	137.401
15	35	-137.356
15	53	-137.288
91	97	137.277
35	81	-137.216
95	99	-137.21
11	83	137.197
63	97	137.041
61	63	-137.004
11	53	136.978
53	75	-136.866
47	89	136.833
3	41	136.751
43	85	-136.741
3	37	-136.552
17	63	-136.539
3	99	136.451
5	79	136.438
11	17	136.335
11	47	-136.298
11	91	-136.221
55	89	136.133
85	95	136.115
63	83	-136.097
65	97	135.942
51	95	135.869
11	73	135.796
57	95	-135.691
39	97	135.649
5	27	135.631
77	97	135.469
79	83	135.354
33	91	-135.348
3	7	-135.346
15	67	135.305
53	69	135.239
25	95	-135.203
23	99	-135.156
21	71	135.129
25	45	-135.056
55	87	-134.789
41	45	-134.766
23	51	134.763
17	39	-134.718
17	67	-134.693
25	27	-134.549
17	77	-134.416
57	81	134.387
1	89	134.287
67	87	-134.259
15	27	-134.195
15	63	134.171
9	81	-133.824
37	59	133.672
31	53	-133.561
63	79	-133.443
73	87	133.37
27	65	-133.07
23	57	-133.027
13	53	-133.013
43	45	-132.912
45	91	-132.854
25	59	-132.838
45	71	132.819
31	59	-132.81
21	43	-132.746
13	61	-132.597
23	25	-132.59
7	99	-132.533
43	89	132.474
9	89	-132.463
29	45	132.456
17	97	-132.45
65	73	-132.407
11	89	-132.317
7	9	132.264
35	61	132.172
39	91	132.104
41	67	132.066
3	79	-132.055
3	91	132.023
5	99	-131.865
39	65	131.77
77	91	131.752
21	25	-131.747
41	69	-131.72
87	91	-131.659
37	61	131.585
53	93	-131.443
83	97	-131.426
35	55	-131.35
21	41	-131.222
65	77	131.219
81	87	-131.196
43	57	131.178
65	79	-130.919
21	29	130.874
19	57	-130.859
41	75	130.822
5	67	-130.786
33	73	130.783
9	55	-130.768
83	99	-130.734
29	33	130.715
19	93	-130.651
51	87	130.607
69	73	130.444
13	63	130.401
3	77	130.401
37	91	-130.329
19	31	-130.298
3	39	130.083
37	41	-129.869
57	71	-129.631
19	89	-129.555
49	85	-129.518
9	19	129.465
21	91	-129.441
59	93	-129.415
25	79	-129.33
1	87	-129.269
45	63	-129.137
41	49	129.123
15	79	-129.112
31	87	-128.958
51	73	128.954
49	51	-128.949
27	57	-128.944
13	27	-128.821
53	63	-128.575
13	33	-128.411
13	69	-128.28
15	57	128.244
27	41	-128.166
25	37	-127.851
21	59	127.846
31	71	-127.729
71	85	127.711
27	39	-127.569
7	93	-127.565
5	39	-127.561
37	55	-127.539
17	99	-127.477
7	31	-127.469
21	63	-127.339
9	13	-127.299
29	57	-127.297
81	85	-127.295
11	41	-127.281
41	87	-127.271
51	75	-127.251
9	15	-127.082
5	97	-127.052
5	77	-126.992
27	77	-126.956
1	35	-126.762
45	57	-126.749
51	61	126.712
1	9	-126.683
19	25	-126.669
39	61	-126.614
1	97	126.588
19	37	126.542
45	55	-126.436
5	9	126.384
7	37	126.368
9	61	126.317
15	33	-126.315
7	89	-126.28
7	57	-126.244
55	97	126.239
53	87	126.196
35	47	-126.057
53	89	-125.979
61	77	-125.949
29	69	125.865
11	51	125.718
87	93	-125.692
9	47	-125.686
47	87	-125.676
1	3	125.625
45	59	125.519
3	47	125.478
53	67	-125.464
15	69	-125.373
75	85	-125.141
71	93	-125.087
13	79	-125.057
19	51	124.984
27	99	-124.979
3	83	-124.913
7	51	124.793
53	97	-124.786
3	61	-124.75
31	91	124.706
59	89	-124.66
13	57	124.354
3	17	-124.296
47	97	124.142
29	67	-124.128
41	95	-123.957
3	63	123.881
9	73	123.876
23	35	123.812
9	65	-123.793
33	41	-123.77
37	63	-123.675
41	79	-123.649
1	45	-123.597
21	55	-123.537
1	37	-123.515
1	99	123.37
7	25	-123.357
39	53	-123.19
21	57	-123.16
57	79	-123.124
51	69	122.881
49	89	122.781
53	77	-122.762
27	91	-122.709
71	79	122.698
3	53	-122.565
39	79	-122.415
3	55	122.389
83	87	122.371
17	87	122.32
11	37	122.28
3	73	-122.225
75	91	122.184
71	89	-122.143
39	45	-122.142
91	93	121.954
37	81	-121.929
77	79	-121.775
45	77	-121.701
75	89	121.626
3	87	-121.618
13	87	-121.475
47	99	121.322
23	41	-121.3
61	99	-121.22
65	95	-121.126
3	65	121.116
35	95	121.031
27	71	120.995
87	89	-120.973
25	29	-120.925
61	89	-120.903
37	69	120.892
55	99	120.887
49	93	120.806
37	87	120.772
7	33	120.608
1	63	120.594
57	59	-120.581
5	95	120.568
45	99	-120.492
5	35	120.489
1	21	-120.471
55	85	-120.444
49	91	120.317
11	13	-120.23
35	73	120.147
35	65	-120.144
31	65	120.087
45	47	-120.024
61	93	-119.915
19	33	119.881
9	91	-119.823
73	95	119.803
37	47	-119.741
5	23	119.636
45	81	-119.534
37	57	-119.438
79	99	-119.435
25	61	-119.407
21	39	-119.371
55	73	-119.363
25	87	-119.318
31	61	-119.2
65	75	119.194
23	65	-119.188
31	49	119.174
55	63	119.149
79	91	-119.119
75	93	119.069
49	65	119.062
15	87	-118.943
3	51	-118.936
57	61	-118.901
21	77	-118.895
11	29	118.785
63	73	-118.737
73	91	-118.679
81	97	118.46
47	63	118.302
43	97	118.294
33	37	118.228
39	85	-118.218
23	73	118.178
77	85	-118.159
11	15	-118.125
23	89	-118.053
33	51	118.013
15	45	-117.868
37	39	-117.773
47	85	-117.532
17	45	117.486
37	77	-117.4
65	93	117.362
21	99	-117.337
53	99	-117.274
29	51	117.273
1	85	-117.259
23	93	-117.244
31	75	117.235
35	91	-117.214
89	95	-117.114
21	81	-117.108
15	25	117.049
21	47	-117.01
41	73	-116.959
35	49	-116.925
89	91	116.905
17	21	116.86
63	85	-116.723
3	81	116.673
63	71	-116.667
57	83	-116.505
15	21	-116.5
23	31	-116.405
27	43	-116.36
9	23	116.342
21	53	116.282
51	67	-116.266
93	95	-116.166
5	31	-116.085
73	75	-116.067
91	95	-116.065
73	81	-116.04
3	9	-116.033
45	53	115.875
29	37	115.828
43	79	-115.789
17	57	-115.665
1	39	115.474
19	69	115.422
7	69	115.355
49	73	-115.267
31	95	-115.257
1	77	115.246
57	87	-115.245
25	73	-115.168
37	99	-115.152
77	89	114.893
1	73	-114.703
67	73	-114.64
21	87	114.637
5	93	-114.6
25	69	-114.588
11	25	-114.585
71	97	-114.527
39	89	114.516
71	99	-114.418
59	79	114.345
27	85	114.318
5	61	114.283
19	41	-114.168
35	75	-114.161
19	67	-114.146
5	49	-114.053
13	45	-114.036
5	89	-114.031
45	83	113.871
9	95	113.823
23	91	-113.747
77	93	113.716
39	55	113.651
39	47	113.65
27	55	-113.554
11	21	113.523
39	73	-113.495
13	59	-113.472
47	77	113.45
5	75	-113.413
55	77	113.407
13	21	-113.399
39	93	113.383
13	25	113.363
65	89	113.356
25	67	113.353
7	67	-113.329
33	61	113.174
73	77	-113.163
79	85	113.128
43	63	112.869
21	83	112.851
31	41	112.822
59	83	112.778
27	59	112.756
31	77	112.682
1	27	-112.569
45	87	112.44
9	41	-112.383
31	39	112.381
11	45	112.227
3	85	-112.151
61	73	112.095
3	11	-112.06
7	11	112.025
85	99	-112.014
3	5	-111.955
7	41	-111.906
43	83	-111.748
1	75	111.73
53	59	111.713
55	79	-111.697
3	59	-111.679
37	67	-111.626
73	85	111.621
47	73	-111.439
81	99	111.409
17	59	111.359
45	69	111.35
41	61	-111.342
9	49	-111.264
53	57	-111.239
21	69	111.223
53	81	-111.09
43	99	110.911
89	99	110.82
81	83	-110.811
47	53	-110.797
11	19	110.796
41	93	110.786
1	79	-110.775
61	65	-110.592
79	89	-110.564
61	67	-110.549
27	47	-110.443
47	75	110.431
15	59	-110.405
5	7	110.399
9	75	-110.33
55	75	110.319
87	99	-110.3
35	77	-110.205
35	39	-110.176
3	71	-110.164
39	71	-110.112
19	65	-110.109
3	43	110.058
63	81	109.986
5	19	109.949
71	77	-109.925
17	25	-109.898
1	49	109.761
25	33	-109.658
3	35	-109.651
29	87	109.639
25	83	-109.446
13	71	-109.444
9	37	109.388
73	99	-109.339
93	99	109.288
47	79	-109.228
57	73	-109.219
7	65	-109.212
65	85	-109.167
5	85	109.098
21	33	109.036
17	43	-108.952
31	73	-108.917
59	99	-108.873
29	41	-108.855
35	41	-108.84
59	97	-108.79
49	55	108.736
33	45	108.669
61	69	108.54
17	51	108.4
47	49	108.361
23	33	108.322
85	91	-108.222
31	99	108.208
1	53	-108.194
35	63	-108.087
63	89	108.085
15	37	-107.962
15	51	-107.954
27	81	-107.907
25	53	-107.758
59	63	-107.758
17	81	-107.738
11	61	107.687
13	81	107.561
27	89	-107.521
73	93	-107.472
79	81	-107.447
85	97	-107.406
41	89	107.36
35	37	107.341
11	57	-107.341
7	73	107.281
9	51	107.267
75	87	-107.254
51	53	107.228
61	91	-107.148
19	91	-107.085
63	93	107.077
43	53	-106.97
47	61	-106.966
19	73	106.907
33	95	106.824
71	95	106.699
39	43	106.628
15	71	-106.621
15	41	106.506
53	55	-106.501
9	77	-106.491
77	87	-106.442
31	63	106.424
9	39	-106.396
43	77	106.384
79	93	-106.328
1	95	-106.278
13	51	-106.228
13	37	-106.198
51	83	106.154
73	89	-106.147
39	87	-106.126
17	37	106.125
23	71	106.094
55	95	-106.06
39	81	106.047
77	81	105.895
45	67	-105.894
35	99	-105.764
37	53	105.736
7	91	-105.73
13	43	105.609
71	83	105.53
3	89	105.471
1	61	-105.453
49	67	105.447
21	67	-105.385
27	35	105.368
33	49	-105.365
23	69	105.34
3	33	-105.294
15	81	105.133
7	87	105.104
55	83	-105.09
47	95	-104.997
75	81	104.969
59	77	-104.941
23	67	-104.94
1	23	-104.936
39	59	-104.933
61	81	-104.884
29	65	-104.803
43	95	-104.794
57	69	-104.785
71	75	-104.756
51	89	-104.747
79	87	104.727
13	73	-104.696
35	79	104.685
31	79	-104.671
23	55	-104.641
9	99	-104.62
31	51	-104.618
49	87	-104.608
35	51	104.593
57	67	104.576
27	93	-104.56
19	87	104.466
17	71	104.404
5	29	104.395
67	75	104.38
69	95	104.356
53	71	104.232
5	13	-104.169
9	63	-104.14
47	83	-104.122
33	75	-104.108
13	41	104.074
51	93	-104.054
49	71	-104.028
67	95	-104.021
9	25	-104
23	47	-103.997
31	37	-103.987
37	83	103.97
15	73	-103.898
87	97	-103.872
23	43	-103.833
55	61	-103.767
49	81	103.73
43	75	103.65
1	83	-103.616
49	69	-103.613
41	53	-103.584
61	71	103.539
15	43	103.467
27	87	103.403
17	47	-103.388
27	31	-103.385
43	49	103.296
61	87	103.268
11	23	103.258
3	93	103.243
53	91	-103.222
89	97	103.222
9	21	103.195
5	15	-103.169
29	91	-103.12
17	55	-103.105
37	93	-103.064
9	57	-103.011
59	75	-102.968
67	77	102.959
11	75	-102.932
63	87	-102.919
39	67	102.81
29	59	102.713
9	27	102.686
33	77	-102.666
57	85	-102.631
21	89	-102.628
37	89	-102.612
33	39	-102.601
9	79	102.593
33	57	-102.588
41	85	-102.582
9	45	102.532
11	79	102.53
1	17	-102.49
37	85	102.463
93	97	102.424
13	47	102.417
11	49	-102.398
13	55	102.374
69	75	-102.374
3	69	-102.367
25	31	102.28
11	95	102.266
3	31	102.233
29	43	-102.185
11	99	-102.17
69	97	-102.157
67	97	102.113
29	73	102.11
11	27	102.102
21	35	102.018
31	97	102.007
59	95	101.912
81	95	-101.906
17	41	-101.877
1	13	101.831
15	91	101.822
35	45	101.793
29	81	-101.77
67	79	-101.745
69	77	-101.734
11	97	-101.701
39	69	-101.687
45	85	101.684
35	97	-101.667
49	59	-101.648
23	59	101.636
21	85	101.61
41	83	-101.555
53	73	101.466
7	47	-101.461
7	71	101.458
25	93	101.457
15	47	101.397
15	55	101.322
23	81	-101.289
11	77	-101.285
25	35	-101.246
15	65	101.204
33	63	-101.204
1	7	-101.199
45	89	-101.193
11	39	-101.161
67	99	101.11
1	19	-101.075
1	15	101.069
27	69	101.065
19	71	101.054
17	73	101.042
27	33	101.031
5	17	101.025
59	61	101.004
57	89	100.986
9	97	-100.976
21	93	-100.947
19	43	-100.944
7	59	100.889
65	83	-100.842
51	85	100.839
21	31	-100.802
19	55	-100.794
19	47	-100.778
63	69	-100.775
7	43	-100.769
73	83	100.756
57	93	100.747
33	79	100.726
17	65	-100.724
5	53	100.713
69	79	100.708
3	67	100.697
31	57	100.682
13	91	100.68
33	99	-100.674
13	65	100.668
7	81	-100.627
7	55	-100.614
43	61	-100.573
31	45	-100.548
33	97	-100.518
35	57	-100.507
23	87	100.465
19	59	100.461
63	67	100.431
25	89	100.421
5	83	100.409
27	67	-100.379
45	93	-100.377
83	91	-100.304
29	71	100.282
87	95	100.212
29	55	-100.176
53	65	-100.167
69	99	-100.164
25	85	-100.11
19	81	-100.065
29	47	-100.055
11	63	-100.03
17	91	-100.017
1	29	-100.01
22	23	20
76	77	20
96	97	20
52	53	20
50	51	20
92	93	20
70	71	20
26	27	20
94	95	20
72	73	20
20	21	20
24	25	20
48	49	20
74	75	20
46	47	20
86	87	20
68	69	20
36	37	20
16	17	20
84	85	20
60	61	20
82	83	20
38	39	20
34	35	20
62	63	20
32	33	20
80	81	20
40	41	20
88	89	20
56	57	20
64	65	20
42	43	20
18	19	20
30	31	20
90	91	20
66	67	20
44	45	20
58	59	20
78	79	20
28	29	20
14	15	20
54	55	20
0	1	20
98	99	20
8	9	20
4	5	20
10	11	20
2	3	20
12	13	20
6	7	20
38	77	19.9987
39	76	19.9987
22	95	19.9613
23	94	19.9613
31	92	19.9564
30	93	19.9564
0	47	19.95
1	46	19.95
20	45	19.9315
21	44	19.9315
13	14	19.9305
12	15	19.9305
0	55	19.9213
1	54	19.9213
49	74	19.9159
48	75	19.9159
27	78	19.8564
26	79	19.8564
7	18	19.8516
6	19	19.8516
77	98	19.8275
76	99	19.8275
38	99	19.8179
39	98	19.8179
88	93	19.7976
89	92	19.7976
18	29	19.7818
19	28	19.7818
46	55	19.7758
47	54	19.7758
33	68	19.7636
32	69	19.7636
55	80	19.7633
54	81	19.7633
16	83	19.7368
17	82	19.7368
41	90	19.7333
40	91	19.7333
58	71	19.7319
59	70	19.7319
47	80	19.7177
46	81	19.7177
1	80	19.7106
0	81	19.7106
35	84	19.6813
34	85	19.6813
8	35	19.6485
9	34	19.6485
18	23	19.6087
19	22	19.6087
21	36	19.5921
20	37	19.5921
38	63	19.5819
39	62	19.5819
7	22	19.5772
6	23	19.5772
25	56	19.5737
24	57	19.5737
31	88	19.5722
30	89	19.5722
37	44	19.546
36	45	19.546
62	77	19.535
63	76	19.535
7	28	19.5345
6	29	19.5345
19	94	19.5171
18	95	19.5171
11	32	19.4705
10	33	19.4705
1	90	19.4703
0	91	19.4703
55	90	19.4499
54	91	19.4499
16	29	19.4417
17	28	19.4417
29	82	19.4249
28	83	19.4249
24	41	19.4218
25	40	19.4218
31	66	19.3888
30	67	19.3888
33	34	19.3868
32	35	19.3868
7	60	19.3658
6	61	19.3658
6	95	19.3574
7	94	19.3574
11	86	19.3382
10	87	19.3382
4	65	-19.3368
5	64	-19.3368
62	99	19.2725
63	98	19.2725
59	86	19.272
58	87	19.272
9	10	19.2321
8	11	19.2321
8	33	19.2183
9	32	19.2183
47	90	19.1944
46	91	19.1944
66	93	19.1774
67	92	19.1774
4	71	19.1463
5	70	19.1463
56	99	19.1437
57	98	19.1437
65	90	19.1241
64	91	19.1241
16	53	19.1164
17	52	19.1164
4	51	19.1097
5	50	19.1097
42	71	-19.0511
43	70	-19.0511
50	65	-19.0471
51	64	-19.0471
40	65	19.0421
41	64	19.0421
26	95	19.0179
27	94	19.0179
22	61	18.9984
23	60	18.9984
7	16	18.978
6	17	18.978
9	84	18.9746
8	85	18.9746
22	27	18.9667
23	26	18.9667
36	73	18.9603
37	72	18.9603
10	59	18.9552
11	58	18.9552
49	94	-18.9284
48	95	-18.9284
21	26	18.8902
20	27	18.8902
10	69	18.8766
11	68	18.8766
16	19	18.8708
17	18	18.8708
27	44	18.8526
26	45	18.8526
22	29	18.8466
23	28	18.8466
42	59	-18.835
43	58	-18.835
20	79	18.7975
21	78	18.7975
75	96	18.763
74	97	18.763
25	50	-18.7313
24	51	-18.7313
28	95	18.73
29	94	18.73
43	64	18.7068
42	65	18.7068
34	69	18.7046
35	68	18.7046
18	61	18.7023
19	60	18.7023
48	97	18.6818
49	96	18.6818
16	85	18.6225
17	84	18.6225
60	95	18.6084
61	94	18.6084
10	35	18.5991
11	34	18.5991
81	90	18.5875
80	91	18.5875
19	82	18.5852
18	83	18.5852
44	79	18.5849
45	78	18.5849
83	84	18.584
82	85	18.584
1	40	18.576
0	41	18.576
22	49	-18.5734
23	48	-18.5734
22	79	18.5684
23	78	18.5684
19	48	-18.5373
18	49	-18.5373
67	88	18.5246
66	89	18.5246
79	94	18.5126
78	95	18.5126
40	55	18.4825
41	54	18.4825
56	63	18.4741
57	62	18.4741
52	61	18.4557
53	60	18.4557
39	56	18.4416
38	57	18.4416
25	90	18.4413
24	91	18.4413
67	68	-18.4396
66	69	-18.4396
56	77	18.4266
57	76	18.4266
6	53	18.3787
7	52	18.3787
4	43	-18.3714
5	42	-18.3714
7	82	18.3697
6	83	18.3697
54	65	18.3536
55	64	18.3536
75	94	-18.3464
74	95	-18.3464
33	84	18.342
32	85	18.342
40	57	18.3328
41	56	18.3328
44	97	-18.3228
45	96	-18.3228
41	50	-18.2938
40	51	-18.2938
71	86	18.2912
70	87	18.2912
43	54	18.2609
42	55	18.2609
40	47	18.2437
41	46	18.2437
2	75	18.239
3	74	18.239
9	68	18.2385
8	69	18.2385
43	68	-18.1985
42	69	-18.1985
8	87	18.1787
9	86	18.1787
24	65	18.159
25	64	18.159
60	79	18.1578
61	78	18.1578
66	81	18.1424
67	80	18.1424
29	48	-18.1157
28	49	-18.1157
26	97	-18.1047
27	96	-18.1047
64	71	-18.1046
65	70	-18.1046
2	97	18.0855
3	96	18.0855
52	85	18.0719
53	84	18.0719
53	82	18.0514
52	83	18.0514
4	59	18.0378
5	58	18.0378
29	60	18.0144
28	61	18.0144
94	97	-17.9759
95	96	-17.9759
0	65	17.9687
1	64	17.9687
27	60	17.9565
26	61	17.9565
22	75	-17.9191
23	74	-17.9191
28	53	17.8954
29	52	17.8954
10	43	-17.8812
11	42	-17.8812
18	75	-17.8748
19	74	-17.8748
10	71	17.8498
11	70	17.8498
24	99	17.8104
25	98	17.8104
17	60	17.8089
16	61	17.8089
33	86	17.8072
32	87	17.8072
43	80	17.795
42	81	17.795
20	97	-17.764
21	96	-17.764
15	74	17.7493
14	75	17.7493
14	49	17.7417
15	48	17.7417
6	49	-17.7183
7	48	-17.7183
19	52	17.6761
18	53	17.6761
21	72	17.673
20	73	17.673
24	63	17.6646
25	62	17.6646
42	91	17.6559
43	90	17.6559
32	59	17.6515
33	58	17.6515
14	29	-17.6299
15	28	-17.6299
6	27	17.616
7	26	17.616
32	43	-17.6155
33	42	-17.6155
15	82	-17.6111
14	83	-17.6111
31	68	-17.5972
30	69	-17.5972
69	84	17.5956
68	85	17.5956
1	42	17.5732
0	43	17.5732
51	90	-17.568
50	91	-17.568
2	49	17.5669
3	48	17.5669
17	22	17.5245
16	23	17.5245
22	97	-17.5086
23	96	-17.5086
18	27	17.4964
19	26	17.4964
51	56	-17.4862
50	57	-17.4862
28	75	-17.4828
29	74	-17.4828
47	64	17.41
46	65	17.41
58	69	17.3982
59	68	17.3982
44	73	17.3979
45	72	17.3979
26	37	17.3539
27	36	17.3539
6	79	17.3466
7	78	17.3466
32	67	-17.3415
33	66	-17.3415
41	80	17.3029
40	81	17.3029
5	40	-17.2881
4	41	-17.2881
12	83	-17.2783
13	82	-17.2783
37	78	17.2605
36	79	17.2605
13	88	17.2541
12	89	17.2541
34	83	17.2494
35	82	17.2494
26	49	-17.2435
27	48	-17.2435
5	90	-17.2251
4	91	-17.2251
65	80	17.2223
64	81	17.2223
17	94	17.2081
16	95	17.2081
17	34	17.198
16	35	17.198
10	85	17.1924
11	84	17.1924
79	96	-17.1555
78	97	-17.1555
12	75	17.099
13	74	17.099
13	28	-17.065
12	29	-17.065
12	49	17.0573
13	48	17.0573
42	47	17.0551
43	46	17.0551
69	92	-17.052
68	93	-17.052
25	38	17.0443
24	39	17.0443
42	87	-17.0308
43	86	-17.0308
18	79	17.0227
19	78	17.0227
55	66	17.0082
54	67	17.0082
24	77	17.0022
25	76	17.0022
57	90	16.9982
56	91	16.9982
23	82	16.9869
22	83	16.9869
58	65	-16.9819
59	64	-16.9819
6	75	-16.9582
7	74	-16.9582
68	87	16.9351
69	86	16.9351
14	19	-16.8963
15	18	-16.8963
37	96	-16.8718
36	97	-16.8718
34	87	16.8712
35	86	16.8712
51	70	16.8642
50	71	16.8642
51	62	-16.8451
50	63	-16.8451
28	85	16.8441
29	84	16.8441
5	24	-16.8343
4	25	-16.8343
35	52	16.8322
34	53	16.8322
69	80	-16.816
68	81	-16.816
8	59	16.793
9	58	16.793
13	92	16.7857
12	93	16.7857
82	95	16.78
83	94	16.78
47	66	16.776
46	67	16.776
22	53	16.7723
23	52	16.7723
31	32	-16.7659
30	33	-16.7659
41	42	16.7156
40	43	16.7156
27	74	-16.7057
26	75	-16.7057
44	95	16.6936
45	94	16.6936
61	82	16.6826
60	83	16.6826
0	67	16.6751
1	66	16.6751
15	88	16.6308
14	89	16.6308
1	24	16.5841
0	25	16.5841
69	70	16.5677
68	71	16.5677
32	71	16.5289
33	70	16.5289
21	94	16.5172
20	95	16.5172
43	66	16.499
42	67	16.499
30	35	-16.4684
31	34	-16.4684
31	84	-16.4544
30	85	-16.4544
12	31	16.4363
13	30	16.4363
25	54	16.4338
24	55	16.4338
4	55	-16.4274
5	54	-16.4274
23	44	16.4212
22	45	16.4212
8	53	16.3997
9	52	16.3997
56	65	16.3953
57	64	16.3953
14	17	-16.3948
15	16	-16.3948
43	50	-16.3665
42	51	-16.3665
19	96	-16.3662
18	97	-16.3662
49	82	-16.3654
48	83	-16.3654
54	69	-16.3069
55	68	-16.3069
21	22	16.3043
20	23	16.3043
48	79	-16.2862
49	78	-16.2862
52	95	16.2768
53	94	16.2768
35	66	-16.273
34	67	-16.273
31	82	-16.2453
30	83	-16.2453
15	92	16.2424
14	93	16.2424
12	19	-16.2354
13	18	-16.2354
24	47	16.2082
25	46	16.2082
32	93	-16.1898
33	92	-16.1898
27	28	16.162
26	29	16.162
83	92	-16.112
82	93	-16.112
16	49	-16.0876
17	48	-16.0876
9	16	16.0843
8	17	16.0843
84	93	-16.0072
85	92	-16.0072
31	80	15.9611
30	81	15.9611
48	61	-15.9561
49	60	-15.9561
12	17	-15.9515
13	16	-15.9515
51	54	-15.9334
50	55	-15.9334
34	93	-15.9332
35	92	-15.9332
14	31	15.9292
15	30	15.9292
7	14	-15.897
6	15	-15.897
15	94	-15.8821
14	95	-15.8821
6	85	15.8756
7	84	15.8756
70	91	-15.8736
71	90	-15.8736
9	82	15.8706
8	83	15.8706
0	5	-15.8533
1	4	-15.8533
55	70	-15.8471
54	71	-15.8471
69	88	-15.8359
68	89	-15.8359
34	59	15.8141
35	58	15.8141
6	97	-15.7803
7	96	-15.7803
74	83	-15.7676
75	82	-15.7676
4	87	15.7495
5	86	15.7495
44	49	-15.7387
45	48	-15.7387
50	99	-15.7342
51	98	-15.7342
40	99	15.7191
41	98	15.7191
67	84	-15.6969
66	85	-15.6969
18	85	15.6908
19	84	15.6908
75	78	-15.6895
74	79	-15.6895
1	50	-15.6785
0	51	-15.6785
29	78	15.6733
28	79	15.6733
81	92	15.6683
80	93	15.6683
14	23	-15.6667
15	22	-15.6667
0	69	-15.6312
1	68	-15.6312
9	42	-15.5885
8	43	-15.5885
45	74	-15.5579
44	75	-15.5579
83	88	-15.5416
82	89	-15.5416
10	67	-15.5359
11	66	-15.5359
33	80	-15.5242
32	81	-15.5242
40	71	-15.4562
41	70	-15.4562
40	63	15.453
41	62	15.453
17	74	-15.3982
16	75	-15.3982
46	69	-15.3943
47	68	-15.3943
38	51	-15.3836
39	50	-15.3836
84	87	15.3685
85	86	15.3685
51	58	15.3364
50	59	15.3364
4	81	-15.3286
5	80	-15.3286
34	43	-15.3064
35	42	-15.3064
50	77	-15.3044
51	76	-15.3044
29	96	-15.3023
28	97	-15.3023
20	49	-15.2866
21	48	-15.2866
33	82	15.286
32	83	15.286
8	71	15.2772
9	70	15.2772
54	59	-15.2754
55	58	-15.2754
6	13	-15.2592
7	12	-15.2592
5	10	15.2518
4	11	15.2518
4	47	-15.2295
5	46	-15.2295
28	35	15.1684
29	34	15.1684
12	95	-15.1633
13	94	-15.1633
60	75	-15.1432
61	74	-15.1432
46	51	-15.1386
47	50	-15.1386
5	56	-15.1265
4	57	-15.1265
33	54	-15.1115
32	55	-15.1115
71	80	-15.0971
70	81	-15.0971
1	70	-15.0939
0	71	-15.0939
3	94	-15.0688
2	95	-15.0688
3	14	15.061
2	15	15.061
9	66	-15.0598
8	67	-15.0598
1	56	15.0587
0	57	15.0587
20	75	-15.0541
21	74	-15.0541
16	31	-15.0435
17	30	-15.0435
24	81	15.0203
25	80	15.0203
20	61	15.0142
21	60	15.0142
81	88	15.0124
80	89	15.0124
13	22	-14.9693
12	23	-14.9693
58	91	-14.9673
59	90	-14.9673
17	32	14.9592
16	33	14.9592
24	43	14.951
25	42	14.951
32	89	-14.9453
33	88	-14.9453
61	96	-14.9376
60	97	-14.9376
64	69	-14.9286
65	68	-14.9286
9	30	-14.9189
8	31	-14.9189
85	88	-14.8955
84	89	-14.8955
16	93	-14.8643
17	92	-14.8643
45	60	14.8608
44	61	14.8608
69	82	14.7997
68	83	14.7997
61	84	14.7867
60	85	14.7867
46	57	14.7784
47	56	14.7784
14	85	-14.7756
15	84	-14.7756
10	31	-14.7694
11	30	-14.7694
74	99	14.7687
75	98	14.7687
73	78	14.7646
72	79	14.7646
54	57	14.7634
55	56	14.7634
39	40	14.7591
38	41	14.7591
66	91	14.7527
67	90	14.7527
10	65	-14.7433
11	64	-14.7433
49	98	14.7326
48	99	14.7326
59	80	-14.7312
58	81	-14.7312
19	62	-14.7235
18	63	-14.7235
41	76	14.7201
40	77	14.7201
34	89	-14.7069
35	88	-14.7069
63	94	-14.6926
62	95	-14.6926
39	48	14.6867
38	49	14.6867
49	76	14.6792
48	77	14.6792
3	44	-14.6621
2	45	-14.6621
36	95	14.6599
37	94	14.6599
13	84	-14.6574
12	85	-14.6574
57	74	14.6504
56	75	14.6504
23	62	-14.637
22	63	-14.637
10	55	-14.6336
11	54	-14.6336
24	97	14.6259
25	96	14.6259
30	55	14.6196
31	54	14.6196
64	87	-14.6156
65	86	-14.6156
11	80	-14.6149
10	81	-14.6149
50	81	-14.594
51	80	-14.594
75	76	14.5914
74	77	14.5914
39	74	14.5877
38	75	14.5877
26	73	14.5872
27	72	14.5872
19	44	14.5714
18	45	14.5714
16	27	14.565
17	26	14.565
2	23	-14.5599
3	22	-14.5599
3	12	14.5566
2	13	14.5566
4	69	14.5473
5	68	14.5473
31	42	14.5439
30	43	14.5439
49	62	14.5416
48	63	14.5416
48	57	14.5217
49	56	14.5217
68	91	-14.5206
69	90	-14.5206
29	62	-14.5176
28	63	-14.5176
0	59	-14.5153
1	58	-14.5153
7	44	14.5019
6	45	14.5019
47	70	-14.4895
46	71	-14.4895
24	71	-14.4835
25	70	-14.4835
7	62	-14.4811
6	63	-14.4811
52	79	14.4809
53	78	14.4809
33	52	14.4779
32	53	14.4779
30	47	14.4579
31	46	14.4579
26	51	14.455
27	50	14.455
15	96	14.4519
14	97	14.4519
0	33	-14.4476
1	32	-14.4476
7	20	14.4431
6	21	14.4431
18	21	14.417
19	20	14.417
15	76	14.4169
14	77	14.4169
44	51	14.4132
45	50	14.4132
20	51	14.4024
21	50	14.4024
23	36	14.4022
22	37	14.4022
35	70	14.3998
34	71	14.3998
59	66	-14.3971
58	67	-14.3971
66	83	-14.3961
67	82	-14.3961
26	53	14.3951
27	52	14.3951
56	97	14.386
57	96	14.386
40	59	-14.385
41	58	-14.385
4	21	14.3808
5	20	14.3808
9	92	-14.3756
8	93	-14.3756
15	38	14.375
14	39	14.375
29	38	-14.3728
28	39	-14.3728
29	76	-14.3438
28	77	-14.3438
49	52	-14.3274
48	53	-14.3274
50	79	14.3264
51	78	14.3264
45	64	-14.316
44	65	-14.316
17	78	14.308
16	79	14.308
18	39	-14.2996
19	38	-14.2996
0	31	14.2995
1	30	14.2995
63	64	14.295
62	65	14.295
55	92	14.2894
54	93	14.2894
29	30	-14.2825
28	31	-14.2825
29	92	-14.2765
28	93	-14.2765
63	74	14.2729
62	75	14.2729
41	96	14.27
40	97	14.27
5	36	14.267
4	37	14.267
2	19	-14.2608
3	18	-14.2608
16	89	-14.2589
17	88	-14.2589
18	77	-14.257
19	76	-14.257
14	99	14.2535
15	98	14.2535
16	69	14.2496
17	68	14.2496
10	93	-14.2383
11	92	-14.2383
4	45	14.2367
5	44	14.2367
2	57	14.2366
3	56	14.2366
37	64	-14.2126
36	65	-14.2126
47	92	14.2104
46	93	14.2104
32	47	-14.2076
33	46	-14.2076
3	26	-14.1939
2	27	-14.1939
21	64	-14.1913
20	65	-14.1913
32	65	-14.1602
33	64	-14.1602
70	73	14.1585
71	72	14.1585
7	34	14.1531
6	35	14.1531
91	98	14.1438
90	99	14.1438
4	33	14.1275
5	32	14.1275
12	77	14.1208
13	76	14.1208
58	73	14.1205
59	72	14.1205
59	84	14.1031
58	85	14.1031
25	74	14.1006
24	75	14.1006
67	70	-14.0863
66	71	-14.0863
42	93	14.0825
43	92	14.0825
13	38	14.072
12	39	14.072
39	94	-14.0465
38	95	-14.0465
12	67	14.0378
13	66	14.0378
25	48	14.0264
24	49	14.0264
65	66	14.0252
64	67	14.0252
4	63	-14.023
5	62	-14.023
28	89	-14.022
29	88	-14.022
0	93	14.0158
1	92	14.0158
73	96	-14.0076
72	97	-14.0076
77	94	-13.9955
76	95	-13.9955
3	20	-13.9945
2	21	-13.9945
46	59	-13.9735
47	58	-13.9735
19	34	13.9735
18	35	13.9735
0	11	-13.9686
1	10	-13.9686
42	73	-13.9599
43	72	-13.9599
36	43	-13.9547
37	42	-13.9547
8	29	13.9538
9	28	13.9538
23	84	13.9463
22	85	13.9463
12	99	13.9445
13	98	13.9445
36	51	13.9151
37	50	13.9151
22	39	-13.9064
23	38	-13.9064
62	91	13.9025
63	90	13.9025
26	83	13.8997
27	82	13.8997
36	71	13.8692
37	70	13.8692
23	76	-13.851
22	77	-13.851
36	49	-13.847
37	48	-13.847
65	98	13.8457
64	99	13.8457
3	24	13.8372
2	25	13.8372
3	28	-13.8299
2	29	-13.8299
7	38	-13.8246
6	39	-13.8246
51	96	-13.8161
50	97	-13.8161
28	99	-13.8024
29	98	-13.8024
18	99	-13.8003
19	98	-13.8003
37	74	-13.7843
36	75	-13.7843
39	82	-13.7717
38	83	-13.7717
6	77	-13.7711
7	76	-13.7711
12	97	13.7643
13	96	13.7643
76	83	-13.7597
77	82	-13.7597
12	35	-13.7569
13	34	-13.7569
15	60	-13.7524
14	61	-13.7524
26	63	-13.7451
27	62	-13.7451
96	99	13.741
97	98	13.741
4	73	13.7401
5	72	13.7401
14	35	-13.7356
15	34	-13.7356
14	53	-13.7288
15	52	-13.7288
91	96	13.7277
90	97	13.7277
35	80	-13.7216
34	81	-13.7216
94	99	-13.721
95	98	-13.721
11	82	13.7197
10	83	13.7197
62	97	13.7041
63	96	13.7041
60	63	-13.7004
61	62	-13.7004
10	53	13.6978
11	52	13.6978
52	75	-13.6866
53	74	-13.6866
46	89	13.6833
47	88	13.6833
3	40	13.6751
2	41	13.6751
42	85	-13.6741
43	84	-13.6741
3	36	-13.6552
2	37	-13.6552
17	62	-13.6539
16	63	-13.6539
3	98	13.6451
2	99	13.6451
4	79	13.6438
5	78	13.6438
10	17	13.6335
11	16	13.6335
11	46	-13.6298
10	47	-13.6298
10	91	-13.6221
11	90	-13.6221
55	88	13.6133
54	89	13.6133
84	95	13.6115
85	94	13.6115
62	83	-13.6097
63	82	-13.6097
64	97	13.5942
65	96	13.5942
50	95	13.5869
51	94	13.5869
10	73	13.5796
11	72	13.5796
57	94	-13.5691
56	95	-13.5691
39	96	13.5649
38	97	13.5649
5	26	13.5631
4	27	13.5631
77	96	13.5469
76	97	13.5469
78	83	13.5354
79	82	13.5354
33	90	-13.5348
32	91	-13.5348
3	6	-13.5346
2	7	-13.5346
15	66	13.5305
14	67	13.5305
53	68	13.5239
52	69	13.5239
24	95	-13.5203
25	94	-13.5203
23	98	-13.5156
22	99	-13.5156
20	71	13.5129
21	70	13.5129
24	45	-13.5056
25	44	-13.5056
55	86	-13.4789
54	87	-13.4789
41	44	-13.4766
40	45	-13.4766
23	50	13.4763
22	51	13.4763
17	38	-13.4718
16	39	-13.4718
17	66	-13.4693
16	67	-13.4693
24	27	-13.4549
25	26	-13.4549
17	76	-13.4416
16	77	-13.4416
56	81	13.4387
57	80	13.4387
1	88	13.4287
0	89	13.4287
66	87	-13.4259
67	86	-13.4259
14	27	-13.4195
15	26	-13.4195
14	63	13.4171
15	62	13.4171
9	80	-13.3824
8	81	-13.3824
37	58	13.3672
36	59	13.3672
31	52	-13.3561
30	53	-13.3561
63	78	-13.3443
62	79	-13.3443
73	86	13.337
72	87	13.337
26	65	-13.307
27	64	-13.307
22	57	-13.3027
23	56	-13.3027
12	53	-13.3013
13	52	-13.3013
43	44	-13.2912
42	45	-13.2912
45	90	-13.2854
44	91	-13.2854
24	59	-13.2838
25	58	-13.2838
45	70	13.2819
44	71	13.2819
30	59	-13.281
31	58	-13.281
21	42	-13.2746
20	43	-13.2746
12	61	-13.2597
13	60	-13.2597
22	25	-13.259
23	24	-13.259
6	99	-13.2533
7	98	-13.2533
43	88	13.2474
42	89	13.2474
8	89	-13.2463
9	88	-13.2463
29	44	13.2456
28	45	13.2456
17	96	-13.245
16	97	-13.245
64	73	-13.2407
65	72	-13.2407
10	89	-13.2317
11	88	-13.2317
7	8	13.2264
6	9	13.2264
34	61	13.2172
35	60	13.2172
38	91	13.2104
39	90	13.2104
41	66	13.2066
40	67	13.2066
2	79	-13.2055
3	78	-13.2055
2	91	13.2023
3	90	13.2023
4	99	-13.1865
5	98	-13.1865
38	65	13.177
39	64	13.177
76	91	13.1752
77	90	13.1752
21	24	-13.1747
20	25	-13.1747
41	68	-13.172
40	69	-13.172
86	91	-13.1659
87	90	-13.1659
36	61	13.1585
37	60	13.1585
53	92	-13.1443
52	93	-13.1443
82	97	-13.1426
83	96	-13.1426
35	54	-13.135
34	55	-13.135
20	41	-13.1222
21	40	-13.1222
64	77	13.1219
65	76	13.1219
81	86	-13.1196
80	87	-13.1196
43	56	13.1178
42	57	13.1178
65	78	-13.0919
64	79	-13.0919
20	29	13.0874
21	28	13.0874
18	57	-13.0859
19	56	-13.0859
41	74	13.0822
40	75	13.0822
4	67	-13.0786
5	66	-13.0786
32	73	13.0783
33	72	13.0783
9	54	-13.0768
8	55	-13.0768
83	98	-13.0734
82	99	-13.0734
29	32	13.0715
28	33	13.0715
18	93	-13.0651
19	92	-13.0651
51	86	13.0607
50	87	13.0607
68	73	13.0444
69	72	13.0444
13	62	13.0401
12	63	13.0401
2	77	13.0401
3	76	13.0401
36	91	-13.0329
37	90	-13.0329
18	31	-13.0298
19	30	-13.0298
2	39	13.0083
3	38	13.0083
36	41	-12.9869
37	40	-12.9869
56	71	-12.9631
57	70	-12.9631
19	88	-12.9555
18	89	-12.9555
49	84	-12.9518
48	85	-12.9518
8	19	12.9465
9	18	12.9465
21	90	-12.9441
20	91	-12.9441
58	93	-12.9415
59	92	-12.9415
25	78	-12.933
24	79	-12.933
0	87	-12.9269
1	86	-12.9269
45	62	-12.9137
44	63	-12.9137
40	49	12.9123
41	48	12.9123
15	78	-12.9112
14	79	-12.9112
30	87	-12.8958
31	86	-12.8958
50	73	12.8954
51	72	12.8954
48	51	-12.8949
49	50	-12.8949
26	57	-12.8944
27	56	-12.8944
12	27	-12.8821
13	26	-12.8821
52	63	-12.8575
53	62	-12.8575
13	32	-12.8411
12	33	-12.8411
12	69	-12.828
13	68	-12.828
14	57	12.8244
15	56	12.8244
26	41	-12.8166
27	40	-12.8166
24	37	-12.7851
25	36	-12.7851
20	59	12.7846
21	58	12.7846
31	70	-12.7729
30	71	-12.7729
70	85	12.7711
71	84	12.7711
27	38	-12.7569
26	39	-12.7569
7	92	-12.7565
6	93	-12.7565
5	38	-12.7561
4	39	-12.7561
37	54	-12.7539
36	55	-12.7539
16	99	-12.7477
17	98	-12.7477
7	30	-12.7469
6	31	-12.7469
20	63	-12.7339
21	62	-12.7339
8	13	-12.7299
9	12	-12.7299
28	57	-12.7297
29	56	-12.7297
80	85	-12.7295
81	84	-12.7295
11	40	-12.7281
10	41	-12.7281
41	86	-12.7271
40	87	-12.7271
50	75	-12.7251
51	74	-12.7251
9	14	-12.7082
8	15	-12.7082
5	96	-12.7052
4	97	-12.7052
4	77	-12.6992
5	76	-12.6992
26	77	-12.6956
27	76	-12.6956
1	34	-12.6762
0	35	-12.6762
44	57	-12.6749
45	56	-12.6749
50	61	12.6712
51	60	12.6712
1	8	-12.6683
0	9	-12.6683
18	25	-12.6669
19	24	-12.6669
39	60	-12.6614
38	61	-12.6614
0	97	12.6588
1	96	12.6588
19	36	12.6542
18	37	12.6542
44	55	-12.6436
45	54	-12.6436
4	9	12.6384
5	8	12.6384
6	37	12.6368
7	36	12.6368
8	61	12.6317
9	60	12.6317
14	33	-12.6315
15	32	-12.6315
6	89	-12.628
7	88	-12.628
7	56	-12.6244
6	57	-12.6244
54	97	12.6239
55	96	12.6239
53	86	12.6196
52	87	12.6196
34	47	-12.6057
35	46	-12.6057
52	89	-12.5979
53	88	-12.5979
60	77	-12.5949
61	76	-12.5949
28	69	12.5865
29	68	12.5865
10	51	12.5718
11	50	12.5718
86	93	-12.5692
87	92	-12.5692
8	47	-12.5686
9	46	-12.5686
46	87	-12.5676
47	86	-12.5676
1	2	12.5625
0	3	12.5625
45	58	12.5519
44	59	12.5519
2	47	12.5478
3	46	12.5478
53	66	-12.5464
52	67	-12.5464
15	68	-12.5373
14	69	-12.5373
75	84	-12.5141
74	85	-12.5141
71	92	-12.5087
70	93	-12.5087
13	78	-12.5057
12	79	-12.5057
18	51	12.4984
19	50	12.4984
27	98	-12.4979
26	99	-12.4979
2	83	-12.4913
3	82	-12.4913
7	50	12.4793
6	51	12.4793
52	97	-12.4786
53	96	-12.4786
2	61	-12.475
3	60	-12.475
30	91	12.4706
31	90	12.4706
59	88	-12.466
58	89	-12.466
12	57	12.4354
13	56	12.4354
2	17	-12.4296
3	16	-12.4296
46	97	12.4142
47	96	12.4142
29	66	-12.4128
28	67	-12.4128
41	94	-12.3957
40	95	-12.3957
3	62	12.3881
2	63	12.3881
8	73	12.3876
9	72	12.3876
23	34	12.3812
22	35	12.3812
8	65	-12.3793
9	64	-12.3793
33	40	-12.377
32	41	-12.377
36	63	-12.3675
37	62	-12.3675
41	78	-12.3649
40	79	-12.3649
0	45	-12.3597
1	44	-12.3597
20	55	-12.3537
21	54	-12.3537
0	37	-12.3515
1	36	-12.3515
1	98	12.337
0	99	12.337
7	24	-12.3357
6	25	-12.3357
38	53	-12.319
39	52	-12.319
20	57	-12.316
21	56	-12.316
56	79	-12.3124
57	78	-12.3124
50	69	12.2881
51	68	12.2881
48	89	12.2781
49	88	12.2781
52	77	-12.2762
53	76	-12.2762
27	90	-12.2709
26	91	-12.2709
70	79	12.2698
71	78	12.2698
3	52	-12.2565
2	53	-12.2565
38	79	-12.2415
39	78	-12.2415
3	54	12.2389
2	55	12.2389
83	86	12.2371
82	87	12.2371
17	86	12.232
16	87	12.232
10	37	12.228
11	36	12.228
2	73	-12.2225
3	72	-12.2225
74	91	12.2184
75	90	12.2184
71	88	-12.2143
70	89	-12.2143
39	44	-12.2142
38	45	-12.2142
91	92	12.1954
90	93	12.1954
37	80	-12.1929
36	81	-12.1929
76	79	-12.1775
77	78	-12.1775
45	76	-12.1701
44	77	-12.1701
74	89	12.1626
75	88	12.1626
2	87	-12.1618
3	86	-12.1618
12	87	-12.1475
13	86	-12.1475
47	98	12.1322
46	99	12.1322
22	41	-12.13
23	40	-12.13
60	99	-12.122
61	98	-12.122
65	94	-12.1126
64	95	-12.1126
3	64	12.1116
2	65	12.1116
34	95	12.1031
35	94	12.1031
27	70	12.0995
26	71	12.0995
86	89	-12.0973
87	88	-12.0973
25	28	-12.0925
24	29	-12.0925
61	88	-12.0903
60	89	-12.0903
36	69	12.0892
37	68	12.0892
54	99	12.0887
55	98	12.0887
48	93	12.0806
49	92	12.0806
36	87	12.0772
37	86	12.0772
7	32	12.0608
6	33	12.0608
1	62	12.0594
0	63	12.0594
56	59	-12.0581
57	58	-12.0581
5	94	12.0568
4	95	12.0568
44	99	-12.0492
45	98	-12.0492
4	35	12.0489
5	34	12.0489
0	21	-12.0471
1	20	-12.0471
54	85	-12.0444
55	84	-12.0444
48	91	12.0317
49	90	12.0317
10	13	-12.023
11	12	-12.023
35	72	12.0147
34	73	12.0147
34	65	-12.0144
35	64	-12.0144
31	64	12.0087
30	65	12.0087
45	46	-12.0024
44	47	-12.0024
60	93	-11.9915
61	92	-11.9915
19	32	11.9881
18	33	11.9881
9	90	-11.9823
8	91	-11.9823
73	94	11.9803
72	95	11.9803
37	46	-11.9741
36	47	-11.9741
5	22	11.9636
4	23	11.9636
45	80	-11.9534
44	81	-11.9534
37	56	-11.9438
36	57	-11.9438
79	98	-11.9435
78	99	-11.9435
25	60	-11.9407
24	61	-11.9407
21	38	-11.9371
20	39	-11.9371
54	73	-11.9363
55	72	-11.9363
24	87	-11.9318
25	86	-11.9318
31	60	-11.92
30	61	-11.92
65	74	11.9194
64	75	11.9194
22	65	-11.9188
23	64	-11.9188
30	49	11.9174
31	48	11.9174
54	63	11.9149
55	62	11.9149
79	90	-11.9119
78	91	-11.9119
74	93	11.9069
75	92	11.9069
49	64	11.9062
48	65	11.9062
14	87	-11.8943
15	86	-11.8943
3	50	-11.8936
2	51	-11.8936
57	60	-11.8901
56	61	-11.8901
21	76	-11.8895
20	77	-11.8895
10	29	11.8785
11	28	11.8785
62	73	-11.8737
63	72	-11.8737
72	91	-11.8679
73	90	-11.8679
80	97	11.846
81	96	11.846
46	63	11.8302
47	62	11.8302
43	96	11.8294
42	97	11.8294
33	36	11.8228
32	37	11.8228
39	84	-11.8218
38	85	-11.8218
23	72	11.8178
22	73	11.8178
77	84	-11.8159
76	85	-11.8159
10	15	-11.8125
11	14	-11.8125
22	89	-11.8053
23	88	-11.8053
32	51	11.8013
33	50	11.8013
15	44	-11.7868
14	45	-11.7868
37	38	-11.7773
36	39	-11.7773
47	84	-11.7532
46	85	-11.7532
17	44	11.7486
16	45	11.7486
37	76	-11.74
36	77	-11.74
65	92	11.7362
64	93	11.7362
21	98	-11.7337
20	99	-11.7337
53	98	-11.7274
52	99	-11.7274
28	51	11.7273
29	50	11.7273
0	85	-11.7259
1	84	-11.7259
23	92	-11.7244
22	93	-11.7244
30	75	11.7235
31	74	11.7235
35	90	-11.7214
34	91	-11.7214
89	94	-11.7114
88	95	-11.7114
21	80	-11.7108
20	81	-11.7108
14	25	11.7049
15	24	11.7049
20	47	-11.701
21	46	-11.701
41	72	-11.6959
40	73	-11.6959
34	49	-11.6925
35	48	-11.6925
89	90	11.6905
88	91	11.6905
16	21	11.686
17	20	11.686
63	84	-11.6723
62	85	-11.6723
3	80	11.6673
2	81	11.6673
62	71	-11.6667
63	70	-11.6667
57	82	-11.6505
56	83	-11.6505
14	21	-11.65
15	20	-11.65
22	31	-11.6405
23	30	-11.6405
26	43	-11.636
27	42	-11.636
9	22	11.6342
8	23	11.6342
20	53	11.6282
21	52	11.6282
51	66	-11.6266
50	67	-11.6266
93	94	-11.6166
92	95	-11.6166
5	30	-11.6085
4	31	-11.6085
73	74	-11.6067
72	75	-11.6067
90	95	-11.6065
91	94	-11.6065
72	81	-11.604
73	80	-11.604
3	8	-11.6033
2	9	-11.6033
44	53	11.5875
45	52	11.5875
28	37	11.5828
29	36	11.5828
43	78	-11.5789
42	79	-11.5789
16	57	-11.5665
17	56	-11.5665
1	38	11.5474
0	39	11.5474
19	68	11.5422
18	69	11.5422
7	68	11.5355
6	69	11.5355
48	73	-11.5267
49	72	-11.5267
31	94	-11.5257
30	95	-11.5257
0	77	11.5246
1	76	11.5246
57	86	-11.5245
56	87	-11.5245
24	73	-11.5168
25	72	-11.5168
36	99	-11.5152
37	98	-11.5152
77	88	11.4893
76	89	11.4893
0	73	-11.4703
1	72	-11.4703
66	73	-11.464
67	72	-11.464
20	87	11.4637
21	86	11.4637
4	93	-11.46
5	92	-11.46
24	69	-11.4588
25	68	-11.4588
11	24	-11.4585
10	25	-11.4585
70	97	-11.4527
71	96	-11.4527
38	89	11.4516
39	88	11.4516
70	99	-11.4418
71	98	-11.4418
59	78	11.4345
58	79	11.4345
26	85	11.4318
27	84	11.4318
4	61	11.4283
5	60	11.4283
18	41	-11.4168
19	40	-11.4168
35	74	-11.4161
34	75	-11.4161
19	66	-11.4146
18	67	-11.4146
4	49	-11.4053
5	48	-11.4053
13	44	-11.4036
12	45	-11.4036
4	89	-11.4031
5	88	-11.4031
44	83	11.3871
45	82	11.3871
9	94	11.3823
8	95	11.3823
22	91	-11.3747
23	90	-11.3747
76	93	11.3716
77	92	11.3716
39	54	11.3651
38	55	11.3651
39	46	11.365
38	47	11.365
26	55	-11.3554
27	54	-11.3554
10	21	11.3523
11	20	11.3523
39	72	-11.3495
38	73	-11.3495
12	59	-11.3472
13	58	-11.3472
46	77	11.345
47	76	11.345
4	75	-11.3413
5	74	-11.3413
55	76	11.3407
54	77	11.3407
12	21	-11.3399
13	20	-11.3399
38	93	11.3383
39	92	11.3383
13	24	11.3363
12	25	11.3363
64	89	11.3356
65	88	11.3356
25	66	11.3353
24	67	11.3353
7	66	-11.3329
6	67	-11.3329
32	61	11.3174
33	60	11.3174
73	76	-11.3163
72	77	-11.3163
78	85	11.3128
79	84	11.3128
42	63	11.2869
43	62	11.2869
21	82	11.2851
20	83	11.2851
30	41	11.2822
31	40	11.2822
59	82	11.2778
58	83	11.2778
26	59	11.2756
27	58	11.2756
31	76	11.2682
30	77	11.2682
0	27	-11.2569
1	26	-11.2569
45	86	11.244
44	87	11.244
8	41	-11.2383
9	40	-11.2383
31	38	11.2381
30	39	11.2381
10	45	11.2227
11	44	11.2227
3	84	-11.2151
2	85	-11.2151
61	72	11.2095
60	73	11.2095
3	10	-11.206
2	11	-11.206
7	10	11.2025
6	11	11.2025
84	99	-11.2014
85	98	-11.2014
2	5	-11.1955
3	4	-11.1955
7	40	-11.1906
6	41	-11.1906
43	82	-11.1748
42	83	-11.1748
0	75	11.173
1	74	11.173
52	59	11.1713
53	58	11.1713
55	78	-11.1697
54	79	-11.1697
3	58	-11.1679
2	59	-11.1679
37	66	-11.1626
36	67	-11.1626
73	84	11.1621
72	85	11.1621
47	72	-11.1439
46	73	-11.1439
81	98	11.1409
80	99	11.1409
17	58	11.1359
16	59	11.1359
44	69	11.135
45	68	11.135
40	61	-11.1342
41	60	-11.1342
8	49	-11.1264
9	48	-11.1264
53	56	-11.1239
52	57	-11.1239
20	69	11.1223
21	68	11.1223
53	80	-11.109
52	81	-11.109
42	99	11.0911
43	98	11.0911
89	98	11.082
88	99	11.082
80	83	-11.0811
81	82	-11.0811
47	52	-11.0797
46	53	-11.0797
11	18	11.0796
10	19	11.0796
41	92	11.0786
40	93	11.0786
1	78	-11.0775
0	79	-11.0775
60	65	-11.0592
61	64	-11.0592
78	89	-11.0564
79	88	-11.0564
61	66	-11.0549
60	67	-11.0549
27	46	-11.0443
26	47	-11.0443
46	75	11.0431
47	74	11.0431
14	59	-11.0405
15	58	-11.0405
4	7	11.0399
5	6	11.0399
8	75	-11.033
9	74	-11.033
55	74	11.0319
54	75	11.0319
86	99	-11.03
87	98	-11.03
35	76	-11.0205
34	77	-11.0205
34	39	-11.0176
35	38	-11.0176
3	70	-11.0164
2	71	-11.0164
39	70	-11.0112
38	71	-11.0112
19	64	-11.0109
18	65	-11.0109
2	43	11.0058
3	42	11.0058
62	81	10.9986
63	80	10.9986
4	19	10.9949
5	18	10.9949
71	76	-10.9925
70	77	-10.9925
17	24	-10.9898
16	25	-10.9898
0	49	10.9761
1	48	10.9761
25	32	-10.9658
24	33	-10.9658
2	35	-10.9651
3	34	-10.9651
28	87	10.9639
29	86	10.9639
24	83	-10.9446
25	82	-10.9446
13	70	-10.9444
12	71	-10.9444
8	37	10.9388
9	36	10.9388
72	99	-10.9339
73	98	-10.9339
93	98	10.9288
92	99	10.9288
46	79	-10.9228
47	78	-10.9228
56	73	-10.9219
57	72	-10.9219
6	65	-10.9212
7	64	-10.9212
65	84	-10.9167
64	85	-10.9167
4	85	10.9098
5	84	10.9098
21	32	10.9036
20	33	10.9036
16	43	-10.8952
17	42	-10.8952
31	72	-10.8917
30	73	-10.8917
59	98	-10.8873
58	99	-10.8873
28	41	-10.8855
29	40	-10.8855
34	41	-10.884
35	40	-10.884
59	96	-10.879
58	97	-10.879
48	55	10.8736
49	54	10.8736
32	45	10.8669
33	44	10.8669
60	69	10.854
61	68	10.854
17	50	10.84
16	51	10.84
46	49	10.8361
47	48	10.8361
22	33	10.8322
23	32	10.8322
85	90	-10.8222
84	91	-10.8222
30	99	10.8208
31	98	10.8208
1	52	-10.8194
0	53	-10.8194
35	62	-10.8087
34	63	-10.8087
63	88	10.8085
62	89	10.8085
15	36	-10.7962
14	37	-10.7962
15	50	-10.7954
14	51	-10.7954
27	80	-10.7907
26	81	-10.7907
25	52	-10.7758
24	53	-10.7758
59	62	-10.7758
58	63	-10.7758
17	80	-10.7738
16	81	-10.7738
10	61	10.7687
11	60	10.7687
13	80	10.7561
12	81	10.7561
27	88	-10.7521
26	89	-10.7521
72	93	-10.7472
73	92	-10.7472
79	80	-10.7447
78	81	-10.7447
85	96	-10.7406
84	97	-10.7406
41	88	10.736
40	89	10.736
35	36	10.7341
34	37	10.7341
10	57	-10.7341
11	56	-10.7341
6	73	10.7281
7	72	10.7281
8	51	10.7267
9	50	10.7267
74	87	-10.7254
75	86	-10.7254
51	52	10.7228
50	53	10.7228
60	91	-10.7148
61	90	-10.7148
18	91	-10.7085
19	90	-10.7085
63	92	10.7077
62	93	10.7077
42	53	-10.697
43	52	-10.697
46	61	-10.6966
47	60	-10.6966
18	73	10.6907
19	72	10.6907
32	95	10.6824
33	94	10.6824
70	95	10.6699
71	94	10.6699
38	43	10.6628
39	42	10.6628
15	70	-10.6621
14	71	-10.6621
14	41	10.6506
15	40	10.6506
52	55	-10.6501
53	54	-10.6501
9	76	-10.6491
8	77	-10.6491
77	86	-10.6442
76	87	-10.6442
31	62	10.6424
30	63	10.6424
8	39	-10.6396
9	38	-10.6396
42	77	10.6384
43	76	10.6384
79	92	-10.6328
78	93	-10.6328
1	94	-10.6278
0	95	-10.6278
12	51	-10.6228
13	50	-10.6228
12	37	-10.6198
13	36	-10.6198
51	82	10.6154
50	83	10.6154
72	89	-10.6147
73	88	-10.6147
38	87	-10.6126
39	86	-10.6126
16	37	10.6125
17	36	10.6125
23	70	10.6094
22	71	10.6094
55	94	-10.606
54	95	-10.606
38	81	10.6047
39	80	10.6047
77	80	10.5895
76	81	10.5895
45	66	-10.5894
44	67	-10.5894
34	99	-10.5764
35	98	-10.5764
37	52	10.5736
36	53	10.5736
7	90	-10.573
6	91	-10.573
12	43	10.5609
13	42	10.5609
71	82	10.553
70	83	10.553
2	89	10.5471
3	88	10.5471
0	61	-10.5453
1	60	-10.5453
49	66	10.5447
48	67	10.5447
20	67	-10.5385
21	66	-10.5385
27	34	10.5368
26	35	10.5368
32	49	-10.5365
33	48	-10.5365
23	68	10.534
22	69	10.534
3	32	-10.5294
2	33	-10.5294
15	80	10.5133
14	81	10.5133
7	86	10.5104
6	87	10.5104
54	83	-10.509
55	82	-10.509
47	94	-10.4997
46	95	-10.4997
74	81	10.4969
75	80	10.4969
58	77	-10.4941
59	76	-10.4941
23	66	-10.494
22	67	-10.494
0	23	-10.4936
1	22	-10.4936
38	59	-10.4933
39	58	-10.4933
61	80	-10.4884
60	81	-10.4884
28	65	-10.4803
29	64	-10.4803
43	94	-10.4794
42	95	-10.4794
56	69	-10.4785
57	68	-10.4785
70	75	-10.4756
71	74	-10.4756
51	88	-10.4747
50	89	-10.4747
78	87	10.4727
79	86	10.4727
12	73	-10.4696
13	72	-10.4696
35	78	10.4685
34	79	10.4685
31	78	-10.4671
30	79	-10.4671
22	55	-10.4641
23	54	-10.4641
8	99	-10.462
9	98	-10.462
30	51	-10.4618
31	50	-10.4618
49	86	-10.4608
48	87	-10.4608
35	50	10.4593
34	51	10.4593
56	67	10.4576
57	66	10.4576
26	93	-10.456
27	92	-10.456
18	87	10.4466
19	86	10.4466
17	70	10.4404
16	71	10.4404
5	28	10.4395
4	29	10.4395
67	74	10.438
66	75	10.438
69	94	10.4356
68	95	10.4356
52	71	10.4232
53	70	10.4232
4	13	-10.4169
5	12	-10.4169
8	63	-10.414
9	62	-10.414
47	82	-10.4122
46	83	-10.4122
33	74	-10.4108
32	75	-10.4108
13	40	10.4074
12	41	10.4074
51	92	-10.4054
50	93	-10.4054
48	71	-10.4028
49	70	-10.4028
66	95	-10.4021
67	94	-10.4021
8	25	-10.4
9	24	-10.4
22	47	-10.3997
23	46	-10.3997
31	36	-10.3987
30	37	-10.3987
37	82	10.397
36	83	10.397
14	73	-10.3898
15	72	-10.3898
87	96	-10.3872
86	97	-10.3872
23	42	-10.3833
22	43	-10.3833
54	61	-10.3767
55	60	-10.3767
48	81	10.373
49	80	10.373
42	75	10.365
43	74	10.365
1	82	-10.3616
0	83	-10.3616
48	69	-10.3613
49	68	-10.3613
40	53	-10.3584
41	52	-10.3584
61	70	10.3539
60	71	10.3539
14	43	10.3467
15	42	10.3467
26	87	10.3403
27	86	10.3403
16	47	-10.3388
17	46	-10.3388
26	31	-10.3385
27	30	-10.3385
43	48	10.3296
42	49	10.3296
61	86	10.3268
60	87	10.3268
11	22	10.3258
10	23	10.3258
2	93	10.3243
3	92	10.3243
53	90	-10.3222
52	91	-10.3222
89	96	10.3222
88	97	10.3222
9	20	10.3195
8	21	10.3195
4	15	-10.3169
5	14	-10.3169
28	91	-10.312
29	90	-10.312
16	55	-10.3105
17	54	-10.3105
36	93	-10.3064
37	92	-10.3064
9	56	-10.3011
8	57	-10.3011
59	74	-10.2968
58	75	-10.2968
67	76	10.2959
66	77	10.2959
10	75	-10.2932
11	74	-10.2932
63	86	-10.2919
62	87	-10.2919
38	67	10.281
39	66	10.281
28	59	10.2713
29	58	10.2713
9	26	10.2686
8	27	10.2686
32	77	-10.2666
33	76	-10.2666
57	84	-10.2631
56	85	-10.2631
20	89	-10.2628
21	88	-10.2628
36	89	-10.2612
37	88	-10.2612
33	38	-10.2601
32	39	-10.2601
9	78	10.2593
8	79	10.2593
33	56	-10.2588
32	57	-10.2588
40	85	-10.2582
41	84	-10.2582
9	44	10.2532
8	45	10.2532
10	79	10.253
11	78	10.253
1	16	-10.249
0	17	-10.249
37	84	10.2463
36	85	10.2463
93	96	10.2424
92	97	10.2424
12	47	10.2417
13	46	10.2417
10	49	-10.2398
11	48	-10.2398
13	54	10.2374
12	55	10.2374
69	74	-10.2374
68	75	-10.2374
2	69	-10.2367
3	68	-10.2367
25	30	10.228
24	31	10.228
11	94	10.2266
10	95	10.2266
3	30	10.2233
2	31	10.2233
28	43	-10.2185
29	42	-10.2185
11	98	-10.217
10	99	-10.217
69	96	-10.2157
68	97	-10.2157
67	96	10.2113
66	97	10.2113
29	72	10.211
28	73	10.211
10	27	10.2102
11	26	10.2102
21	34	10.2018
20	35	10.2018
30	97	10.2007
31	96	10.2007
58	95	10.1912
59	94	10.1912
81	94	-10.1906
80	95	-10.1906
16	41	-10.1877
17	40	-10.1877
0	13	10.1831
1	12	10.1831
15	90	10.1822
14	91	10.1822
34	45	10.1793
35	44	10.1793
29	80	-10.177
28	81	-10.177
66	79	-10.1745
67	78	-10.1745
68	77	-10.1734
69	76	-10.1734
11	96	-10.1701
10	97	-10.1701
39	68	-10.1687
38	69	-10.1687
44	85	10.1684
45	84	10.1684
34	97	-10.1667
35	96	-10.1667
48	59	-10.1648
49	58	-10.1648
22	59	10.1636
23	58	10.1636
21	84	10.161
20	85	10.161
40	83	-10.1555
41	82	-10.1555
52	73	10.1466
53	72	10.1466
7	46	-10.1461
6	47	-10.1461
7	70	10.1458
6	71	10.1458
25	92	10.1457
24	93	10.1457
14	47	10.1397
15	46	10.1397
15	54	10.1322
14	55	10.1322
22	81	-10.1289
23	80	-10.1289
10	77	-10.1285
11	76	-10.1285
25	34	-10.1246
24	35	-10.1246
14	65	10.1204
15	64	10.1204
33	62	-10.1204
32	63	-10.1204
0	7	-10.1199
1	6	-10.1199
44	89	-10.1193
45	88	-10.1193
11	38	-10.1161
10	39	-10.1161
66	99	10.111
67	98	10.111
0	19	-10.1075
1	18	-10.1075
1	14	10.1069
0	15	10.1069
26	69	10.1065
27	68	10.1065
19	70	10.1054
18	71	10.1054
16	73	10.1042
17	72	10.1042
26	33	10.1031
27	32	10.1031
4	17	10.1025
5	16	10.1025
58	61	10.1004
59	60	10.1004
56	89	10.0986
57	88	10.0986
8	97	-10.0976
9	96	-10.0976
20	93	-10.0947
21	92	-10.0947
19	42	-10.0944
18	43	-10.0944
6	59	10.0889
7	58	10.0889
64	83	-10.0842
65	82	-10.0842
51	84	10.0839
50	85	10.0839
21	30	-10.0802
20	31	-10.0802
18	55	-10.0794
19	54	-10.0794
19	46	-10.0778
18	47	-10.0778
62	69	-10.0775
63	68	-10.0775
6	43	-10.0769
7	42	-10.0769
72	83	10.0756
73	82	10.0756
56	93	10.0747
57	92	10.0747
32	79	10.0726
33	78	10.0726
16	65	-10.0724
17	64	-10.0724
5	52	10.0713
4	53	10.0713
68	79	10.0708
69	78	10.0708
3	66	10.0697
2	67	10.0697
31	56	10.0682
30	57	10.0682
12	91	10.068
13	90	10.068
32	99	-10.0674
33	98	-10.0674
13	64	10.0668
12	65	10.0668
6	81	-10.0627
7	80	-10.0627
6	55	-10.0614
7	54	-10.0614
42	61	-10.0573
43	60	-10.0573
30	45	-10.0548
31	44	-10.0548
33	96	-10.0518
32	97	-10.0518
34	57	-10.0507
35	56	-10.0507
23	86	10.0465
22	87	10.0465
19	58	10.0461
18	59	10.0461
62	67	10.0431
63	66	10.0431
25	88	10.0421
24	89	10.0421
5	82	10.0409
4	83	10.0409
27	66	-10.0379
26	67	-10.0379
45	92	-10.0377
44	93	-10.0377
83	90	-10.0304
82	91	-10.0304
29	70	10.0282
28	71	10.0282
86	95	10.0212
87	94	10.0212
29	54	-10.0176
28	55	-10.0176
53	64	-10.0167
52	65	-10.0167
69	98	-10.0164
68	99	-10.0164
24	85	-10.011
25	84	-10.011
19	80	-10.0065
18	81	-10.0065
28	47	-10.0055
29	46	-10.0055
10	63	-10.003
11	62	-10.003
16	91	-10.0017
17	90	-10.0017
1	28	-10.001
0	29	-10.001
38	76	1.99987
22	94	1.99613
30	92	1.99564
0	46	1.995
20	44	1.99315
12	14	1.99305
0	54	1.99213
48	74	1.99159
26	78	1.98564
6	18	1.98516
76	98	1.98275
38	98	1.98179
88	92	1.97976
18	28	1.97818
46	54	1.97758
32	68	1.97636
54	80	1.97633
16	82	1.97368
40	90	1.97333
58	70	1.97319
46	80	1.97177
0	80	1.97106
34	84	1.96813
8	34	1.96485
18	22	1.96087
20	36	1.95921
38	62	1.95819
6	22	1.95772
24	56	1.95737
30	88	1.95722
36	44	1.9546
62	76	1.9535
6	28	1.95345
18	94	1.95171
10	32	1.94705
0	90	1.94703
54	90	1.94499
16	28	1.94417
28	82	1.94249
24	40	1.94218
30	66	1.93888
32	34	1.93868
6	60	1.93658
6	94	1.93574
10	86	1.93382
4	64	-1.93368
62	98	1.92725
58	86	1.9272
8	10	1.92321
8	32	1.92183
46	90	1.91944
66	92	1.91774
4	70	1.91463
56	98	1.91437
64	90	1.91241
16	52	1.91164
4	50	1.91097
42	70	-1.90511
50	64	-1.90471
40	64	1.90421
26	94	1.90179
22	60	1.89984
6	16	1.8978
8	84	1.89746
22	26	1.89667
36	72	1.89603
10	58	1.89552
48	94	-1.89284
20	26	1.88902
10	68	1.88766
16	18	1.88708
26	44	1.88526
22	28	1.88466
42	58	-1.8835
20	78	1.87975
74	96	1.8763
24	50	-1.87313
28	94	1.873
42	64	1.87068
34	68	1.87046
18	60	1.87023
48	96	1.86818
16	84	1.86225
60	94	1.86084
10	34	1.85991
80	90	1.85875
18	82	1.85852
44	78	1.85849
82	84	1.8584
0	40	1.8576
22	48	-1.85734
22	78	1.85684
18	48	-1.85373
66	88	1.85246
78	94	1.85126
40	54	1.84825
56	62	1.84741
52	60	1.84557
38	56	1.84416
24	90	1.84413
66	68	-1.84396
56	76	1.84266
6	52	1.83787
4	42	-1.83714
6	82	1.83697
54	64	1.83536
74	94	-1.83464
32	84	1.8342
40	56	1.83328
44	96	-1.83228
40	50	-1.82938
70	86	1.82912
42	54	1.82609
40	46	1.82437
2	74	1.8239
8	68	1.82385
42	68	-1.81985
8	86	1.81787
24	64	1.8159
60	78	1.81578
66	80	1.81424
28	48	-1.81157
26	96	-1.81047
64	70	-1.81046
2	96	1.80855
52	84	1.80719
52	82	1.80514
4	58	1.80378
28	60	1.80144
94	96	-1.79759
0	64	1.79687
26	60	1.79565
22	74	-1.79191
28	52	1.78954
10	42	-1.78812
18	74	-1.78748
10	70	1.78498
24	98	1.78104
16	60	1.78089
32	86	1.78072
42	80	1.7795
20	96	-1.7764
14	74	1.77493
14	48	1.77417
6	48	-1.77183
18	52	1.76761
20	72	1.7673
24	62	1.76646
42	90	1.76559
32	58	1.76515
14	28	-1.76299
6	26	1.7616
32	42	-1.76155
14	82	-1.76111
30	68	-1.75972
68	84	1.75956
0	42	1.75732
50	90	-1.7568
2	48	1.75669
16	22	1.75245
22	96	-1.75086
18	26	1.74964
50	56	-1.74862
28	74	-1.74828
46	64	1.741
58	68	1.73982
44	72	1.73979
26	36	1.73539
6	78	1.73466
32	66	-1.73415
40	80	1.73029
4	40	-1.72881
12	82	-1.72783
36	78	1.72605
12	88	1.72541
34	82	1.72494
26	48	-1.72435
4	90	-1.72251
64	80	1.72223
16	94	1.72081
16	34	1.7198
10	84	1.71924
78	96	-1.71555
12	74	1.7099
12	28	-1.7065
12	48	1.70573
42	46	1.70551
68	92	-1.7052
24	38	1.70443
42	86	-1.70308
18	78	1.70227
54	66	1.70082
24	76	1.70022
56	90	1.69982
22	82	1.69869
58	64	-1.69819
6	74	-1.69582
68	86	1.69351
14	18	-1.68963
36	96	-1.68718
34	86	1.68712
50	70	1.68642
50	62	-1.68451
28	84	1.68441
4	24	-1.68343
34	52	1.68322
68	80	-1.6816
8	58	1.6793
12	92	1.67857
82	94	1.678
46	66	1.6776
22	52	1.67723
30	32	-1.67659
40	42	1.67156
26	74	-1.67057
44	94	1.66936
60	82	1.66826
0	66	1.66751
14	88	1.66308
0	24	1.65841
68	70	1.65677
32	70	1.65289
20	94	1.65172
42	66	1.6499
30	34	-1.64684
30	84	-1.64544
12	30	1.64363
24	54	1.64338
4	54	-1.64274
22	44	1.64212
8	52	1.63997
56	64	1.63953
14	16	-1.63948
42	50	-1.63665
18	96	-1.63662
48	82	-1.63654
54	68	-1.63069
20	22	1.63043
48	78	-1.62862
52	94	1.62768
34	66	-1.6273
30	82	-1.62453
14	92	1.62424
12	18	-1.62354
24	46	1.62082
32	92	-1.61898
26	28	1.6162
82	92	-1.6112
16	48	-1.60876
8	16	1.60843
84	92	-1.60072
30	80	1.59611
48	60	-1.59561
12	16	-1.59515
50	54	-1.59334
34	92	-1.59332
14	30	1.59292
6	14	-1.5897
14	94	-1.58821
6	84	1.58756
70	90	-1.58736
8	82	1.58706
0	4	-1.58533
54	70	-1.58471
68	88	-1.58359
34	58	1.58141
6	96	-1.57803
74	82	-1.57676
4	86	1.57495
44	48	-1.57387
50	98	-1.57342
40	98	1.57191
66	84	-1.56969
18	84	1.56908
74	78	-1.56895
0	50	-1.56785
28	78	1.56733
80	92	1.56683
14	22	-1.56667
0	68	-1.56312
8	42	-1.55885
44	74	-1.55579
82	88	-1.55416
10	66	-1.55359
32	80	-1.55242
40	70	-1.54562
40	62	1.5453
16	74	-1.53982
46	68	-1.53943
38	50	-1.53836
84	86	1.53685
50	58	1.53364
4	80	-1.53286
34	42	-1.53064
50	76	-1.53044
28	96	-1.53023
20	48	-1.52866
32	82	1.5286
8	70	1.52772
54	58	-1.52754
6	12	-1.52592
4	10	1.52518
4	46	-1.52295
28	34	1.51684
12	94	-1.51633
60	74	-1.51432
46	50	-1.51386
4	56	-1.51265
32	54	-1.51115
70	80	-1.50971
0	70	-1.50939
2	94	-1.50688
2	14	1.5061
8	66	-1.50598
0	56	1.50587
20	74	-1.50541
16	30	-1.50435
24	80	1.50203
20	60	1.50142
80	88	1.50124
12	22	-1.49693
58	90	-1.49673
16	32	1.49592
24	42	1.4951
32	88	-1.49453
60	96	-1.49376
64	68	-1.49286
8	30	-1.49189
84	88	-1.48955
16	92	-1.48643
44	60	1.48608
68	82	1.47997
60	84	1.47867
46	56	1.47784
14	84	-1.47756
10	30	-1.47694
74	98	1.47687
72	78	1.47646
54	56	1.47634
38	40	1.47591
66	90	1.47527
10	64	-1.47433
48	98	1.47326
58	80	-1.47312
18	62	-1.47235
40	76	1.47201
34	88	-1.47069
62	94	-1.46926
38	48	1.46867
48	76	1.46792
2	44	-1.46621
36	94	1.46599
12	84	-1.46574
56	74	1.46504
22	62	-1.4637
10	54	-1.46336
24	96	1.46259
30	54	1.46196
64	86	-1.46156
10	80	-1.46149
50	80	-1.4594
74	76	1.45914
38	74	1.45877
26	72	1.45872
18	44	1.45714
16	26	1.4565
2	22	-1.45599
2	12	1.45566
4	68	1.45473
30	42	1.45439
48	62	1.45416
48	56	1.45217
68	90	-1.45206
28	62	-1.45176
0	58	-1.45153
6	44	1.45019
46	70	-1.44895
24	70	-1.44835
6	62	-1.44811
52	78	1.44809
32	52	1.44779
30	46	1.44579
26	50	1.4455
14	96	1.44519
0	32	-1.44476
6	20	1.44431
18	20	1.4417
14	76	1.44169
44	50	1.44132
20	50	1.44024
22	36	1.44022
34	70	1.43998
58	66	-1.43971
66	82	-1.43961
26	52	1.43951
56	96	1.4386
40	58	-1.4385
4	20	1.43808
8	92	-1.43756
14	38	1.4375
28	38	-1.43728
28	76	-1.43438
48	52	-1.43274
50	78	1.43264
44	64	-1.4316
16	78	1.4308
18	38	-1.42996
0	30	1.42995
62	64	1.4295
54	92	1.42894
28	30	-1.42825
28	92	-1.42765
62	74	1.42729
40	96	1.427
4	36	1.4267
2	18	-1.42608
16	88	-1.42589
18	76	-1.4257
14	98	1.42535
16	68	1.42496
10	92	-1.42383
4	44	1.42367
2	56	1.42366
36	64	-1.42126
46	92	1.42104
32	46	-1.42076
2	26	-1.41939
20	64	-1.41913
32	64	-1.41602
70	72	1.41585
6	34	1.41531
90	98	1.41438
4	32	1.41275
12	76	1.41208
58	72	1.41205
58	84	1.41031
24	74	1.41006
66	70	-1.40863
42	92	1.40825
12	38	1.4072
38	94	-1.40465
12	66	1.40378
24	48	1.40264
64	66	1.40252
4	62	-1.4023
28	88	-1.4022
0	92	1.40158
72	96	-1.40076
76	94	-1.39955
2	20	-1.39945
46	58	-1.39735
18	34	1.39735
0	10	-1.39686
42	72	-1.39599
36	42	-1.39547
8	28	1.39538
22	84	1.39463
12	98	1.39445
36	50	1.39151
22	38	-1.39064
62	90	1.39025
26	82	1.38997
36	70	1.38692
22	76	-1.3851
36	48	-1.3847
64	98	1.38457
2	24	1.38372
2	28	-1.38299
6	38	-1.38246
50	96	-1.38161
28	98	-1.38024
18	98	-1.38003
36	74	-1.37843
38	82	-1.37717
6	76	-1.37711
12	96	1.37643
76	82	-1.37597
12	34	-1.37569
14	60	-1.37524
26	62	-1.37451
96	98	1.3741
4	72	1.37401
14	34	-1.37356
14	52	-1.37288
90	96	1.37277
34	80	-1.37216
94	98	-1.3721
10	82	1.37197
62	96	1.37041
60	62	-1.37004
10	52	1.36978
52	74	-1.36866
46	88	1.36833
2	40	1.36751
42	84	-1.36741
2	36	-1.36552
16	62	-1.36539
2	98	1.36451
4	78	1.36438
10	16	1.36335
10	46	-1.36298
10	90	-1.36221
54	88	1.36133
84	94	1.36115
62	82	-1.36097
64	96	1.35942
50	94	1.35869
10	72	1.35796
56	94	-1.35691
38	96	1.35649
4	26	1.35631
76	96	1.35469
78	82	1.35354
32	90	-1.35348
2	6	-1.35346
14	66	1.35305
52	68	1.35239
24	94	-1.35203
22	98	-1.35156
20	70	1.35129
24	44	-1.35056
54	86	-1.34789
40	44	-1.34766
22	50	1.34763
16	38	-1.34718
16	66	-1.34693
24	26	-1.34549
16	76	-1.34416
56	80	1.34387
0	88	1.34287
66	86	-1.34259
14	26	-1.34195
14	62	1.34171
8	80	-1.33824
36	58	1.33672
30	52	-1.33561
62	78	-1.33443
72	86	1.3337
26	64	-1.3307
22	56	-1.33027
12	52	-1.33013
42	44	-1.32912
44	90	-1.32854
24	58	-1.32838
44	70	1.32819
30	58	-1.3281
20	42	-1.32746
12	60	-1.32597
22	24	-1.3259
6	98	-1.32533
42	88	1.32474
8	88	-1.32463
28	44	1.32456
16	96	-1.3245
64	72	-1.32407
10	88	-1.32317
6	8	1.32264
34	60	1.32172
38	90	1.32104
40	66	1.32066
2	78	-1.32055
2	90	1.32023
4	98	-1.31865
38	64	1.3177
76	90	1.31752
20	24	-1.31747
40	68	-1.3172
86	90	-1.31659
36	60	1.31585
52	92	-1.31443
82	96	-1.31426
34	54	-1.3135
20	40	-1.31222
64	76	1.31219
80	86	-1.31196
42	56	1.31178
64	78	-1.30919
20	28	1.30874
18	56	-1.30859
40	74	1.30822
4	66	-1.30786
32	72	1.30783
8	54	-1.30768
82	98	-1.30734
28	32	1.30715
18	92	-1.30651
50	86	1.30607
68	72	1.30444
12	62	1.30401
2	76	1.30401
36	90	-1.30329
18	30	-1.30298
2	38	1.30083
36	40	-1.29869
56	70	-1.29631
18	88	-1.29555
48	84	-1.29518
8	18	1.29465
20	90	-1.29441
58	92	-1.29415
24	78	-1.2933
0	86	-1.29269
44	62	-1.29137
40	48	1.29123
14	78	-1.29112
30	86	-1.28958
50	72	1.28954
48	50	-1.28949
26	56	-1.28944
12	26	-1.28821
52	62	-1.28575
12	32	-1.28411
12	68	-1.2828
14	56	1.28244
26	40	-1.28166
24	36	-1.27851
20	58	1.27846
30	70	-1.27729
70	84	1.27711
26	38	-1.27569
6	92	-1.27565
4	38	-1.27561
36	54	-1.27539
16	98	-1.27477
6	30	-1.27469
20	62	-1.27339
8	12	-1.27299
28	56	-1.27297
80	84	-1.27295
10	40	-1.27281
40	86	-1.27271
50	74	-1.27251
8	14	-1.27082
4	96	-1.27052
4	76	-1.26992
26	76	-1.26956
0	34	-1.26762
44	56	-1.26749
50	60	1.26712
0	8	-1.26683
18	24	-1.26669
38	60	-1.26614
0	96	1.26588
18	36	1.26542
44	54	-1.26436
4	8	1.26384
6	36	1.26368
8	60	1.26317
14	32	-1.26315
6	88	-1.2628
6	56	-1.26244
54	96	1.26239
52	86	1.26196
34	46	-1.26057
52	88	-1.25979
60	76	-1.25949
28	68	1.25865
10	50	1.25718
86	92	-1.25692
8	46	-1.25686
46	86	-1.25676
0	2	1.25625
44	58	1.25519
2	46	1.25478
52	66	-1.25464
14	68	-1.25373
74	84	-1.25141
70	92	-1.25087
12	78	-1.25057
18	50	1.24984
26	98	-1.24979
2	82	-1.24913
6	50	1.24793
52	96	-1.24786
2	60	-1.2475
30	90	1.24706
58	88	-1.2466
12	56	1.24354
2	16	-1.24296
46	96	1.24142
28	66	-1.24128
40	94	-1.23957
2	62	1.23881
8	72	1.23876
22	34	1.23812
8	64	-1.23793
32	40	-1.2377
36	62	-1.23675
40	78	-1.23649
0	44	-1.23597
20	54	-1.23537
0	36	-1.23515
0	98	1.2337
6	24	-1.23357
38	52	-1.2319
20	56	-1.2316
56	78	-1.23124
50	68	1.22881
48	88	1.22781
52	76	-1.22762
26	90	-1.22709
70	78	1.22698
2	52	-1.22565
38	78	-1.22415
2	54	1.22389
82	86	1.22371
16	86	1.2232
10	36	1.2228
2	72	-1.22225
74	90	1.22184
70	88	-1.22143
38	44	-1.22142
90	92	1.21954
36	80	-1.21929
76	78	-1.21775
44	76	-1.21701
74	88	1.21626
2	86	-1.21618
12	86	-1.21475
46	98	1.21322
22	40	-1.213
60	98	-1.2122
64	94	-1.21126
2	64	1.21116
34	94	1.21031
26	70	1.20995
86	88	-1.20973
24	28	-1.20925
60	88	-1.20903
36	68	1.20892
54	98	1.20887
48	92	1.20806
36	86	1.20772
6	32	1.20608
0	62	1.20594
56	58	-1.20581
4	94	1.20568
44	98	-1.20492
4	34	1.20489
0	20	-1.20471
54	84	-1.20444
48	90	1.20317
10	12	-1.2023
34	72	1.20147
34	64	-1.20144
30	64	1.20087
44	46	-1.20024
60	92	-1.19915
18	32	1.19881
8	90	-1.19823
72	94	1.19803
36	46	-1.19741
4	22	1.19636
44	80	-1.19534
36	56	-1.19438
78	98	-1.19435
24	60	-1.19407
20	38	-1.19371
54	72	-1.19363
24	86	-1.19318
30	60	-1.192
64	74	1.19194
22	64	-1.19188
30	48	1.19174
54	62	1.19149
78	90	-1.19119
74	92	1.19069
48	64	1.19062
14	86	-1.18943
2	50	-1.18936
56	60	-1.18901
20	76	-1.18895
10	28	1.18785
62	72	-1.18737
72	90	-1.18679
80	96	1.1846
46	62	1.18302
42	96	1.18294
32	36	1.18228
38	84	-1.18218
22	72	1.18178
76	84	-1.18159
10	14	-1.18125
22	88	-1.18053
32	50	1.18013
14	44	-1.17868
36	38	-1.17773
46	84	-1.17532
16	44	1.17486
36	76	-1.174
64	92	1.17362
20	98	-1.17337
52	98	-1.17274
28	50	1.17273
0	84	-1.17259
22	92	-1.17244
30	74	1.17235
34	90	-1.17214
88	94	-1.17114
20	80	-1.17108
14	24	1.17049
20	46	-1.1701
40	72	-1.16959
34	48	-1.16925
88	90	1.16905
16	20	1.1686
62	84	-1.16723
2	80	1.16673
62	70	-1.16667
56	82	-1.16505
14	20	-1.165
22	30	-1.16405
26	42	-1.1636
8	22	1.16342
20	52	1.16282
50	66	-1.16266
92	94	-1.16166
4	30	-1.16085
72	74	-1.16067
90	94	-1.16065
72	80	-1.1604
2	8	-1.16033
44	52	1.15875
28	36	1.15828
42	78	-1.15789
16	56	-1.15665
0	38	1.15474
18	68	1.15422
6	68	1.15355
48	72	-1.15267
30	94	-1.15257
0	76	1.15246
56	86	-1.15245
24	72	-1.15168
36	98	-1.15152
76	88	1.14893
0	72	-1.14703
66	72	-1.1464
20	86	1.14637
4	92	-1.146
24	68	-1.14588
10	24	-1.14585
70	96	-1.14527
38	88	1.14516
70	98	-1.14418
58	78	1.14345
26	84	1.14318
4	60	1.14283
18	40	-1.14168
34	74	-1.14161
18	66	-1.14146
4	48	-1.14053
12	44	-1.14036
4	88	-1.14031
44	82	1.13871
8	94	1.13823
22	90	-1.13747
76	92	1.13716
38	54	1.13651
38	46	1.1365
26	54	-1.13554
10	20	1.13523
38	72	-1.13495
12	58	-1.13472
46	76	1.1345
4	74	-1.13413
54	76	1.13407
12	20	-1.13399
38	92	1.13383
12	24	1.13363
64	88	1.13356
24	66	1.13353
6	66	-1.13329
32	60	1.13174
72	76	-1.13163
78	84	1.13128
42	62	1.12869
20	82	1.12851
30	40	1.12822
58	82	1.12778
26	58	1.12756
30	76	1.12682
0	26	-1.12569
44	86	1.1244
8	40	-1.12383
30	38	1.12381
10	44	1.12227
2	84	-1.12151
60	72	1.12095
2	10	-1.1206
6	10	1.12025
84	98	-1.12014
2	4	-1.11955
6	40	-1.11906
42	82	-1.11748
0	74	1.1173
52	58	1.11713
54	78	-1.11697
2	58	-1.11679
36	66	-1.11626
72	84	1.11621
46	72	-1.11439
80	98	1.11409
16	58	1.11359
44	68	1.1135
40	60	-1.11342
8	48	-1.11264
52	56	-1.11239
20	68	1.11223
52	80	-1.1109
42	98	1.10911
88	98	1.1082
80	82	-1.10811
46	52	-1.10797
10	18	1.10796
40	92	1.10786
0	78	-1.10775
60	64	-1.10592
78	88	-1.10564
60	66	-1.10549
26	46	-1.10443
46	74	1.10431
14	58	-1.10405
4	6	1.10399
8	74	-1.1033
54	74	1.10319
86	98	-1.103
34	76	-1.10205
34	38	-1.10176
2	70	-1.10164
38	70	-1.10112
18	64	-1.10109
2	42	1.10058
62	80	1.09986
4	18	1.09949
70	76	-1.09925
16	24	-1.09898
0	48	1.09761
24	32	-1.09658
2	34	-1.09651
28	86	1.09639
24	82	-1.09446
12	70	-1.09444
8	36	1.09388
72	98	-1.09339
92	98	1.09288
46	78	-1.09228
56	72	-1.09219
6	64	-1.09212
64	84	-1.09167
4	84	1.09098
20	32	1.09036
16	42	-1.08952
30	72	-1.08917
58	98	-1.08873
28	40	-1.08855
34	40	-1.0884
58	96	-1.0879
48	54	1.08736
32	44	1.08669
60	68	1.0854
16	50	1.084
46	48	1.08361
22	32	1.08322
84	90	-1.08222
30	98	1.08208
0	52	-1.08194
34	62	-1.08087
62	88	1.08085
14	36	-1.07962
14	50	-1.07954
26	80	-1.07907
24	52	-1.07758
58	62	-1.07758
16	80	-1.07738
10	60	1.07687
12	80	1.07561
26	88	-1.07521
72	92	-1.07472
78	80	-1.07447
84	96	-1.07406
40	88	1.0736
34	36	1.07341
10	56	-1.07341
6	72	1.07281
8	50	1.07267
74	86	-1.07254
50	52	1.07228
60	90	-1.07148
18	90	-1.07085
62	92	1.07077
42	52	-1.0697
46	60	-1.06966
18	72	1.06907
32	94	1.06824
70	94	1.06699
38	42	1.06628
14	70	-1.06621
14	40	1.06506
52	54	-1.06501
8	76	-1.06491
76	86	-1.06442
30	62	1.06424
8	38	-1.06396
42	76	1.06384
78	92	-1.06328
0	94	-1.06278
12	50	-1.06228
12	36	-1.06198
50	82	1.06154
72	88	-1.06147
38	86	-1.06126
16	36	1.06125
22	70	1.06094
54	94	-1.0606
38	80	1.06047
76	80	1.05895
44	66	-1.05894
34	98	-1.05764
36	52	1.05736
6	90	-1.0573
12	42	1.05609
70	82	1.0553
2	88	1.05471
0	60	-1.05453
48	66	1.05447
20	66	-1.05385
26	34	1.05368
32	48	-1.05365
22	68	1.0534
2	32	-1.05294
14	80	1.05133
6	86	1.05104
54	82	-1.0509
46	94	-1.04997
74	80	1.04969
58	76	-1.04941
22	66	-1.0494
0	22	-1.04936
38	58	-1.04933
60	80	-1.04884
28	64	-1.04803
42	94	-1.04794
56	68	-1.04785
70	74	-1.04756
50	88	-1.04747
78	86	1.04727
12	72	-1.04696
34	78	1.04685
30	78	-1.04671
22	54	-1.04641
8	98	-1.0462
30	50	-1.04618
48	86	-1.04608
34	50	1.04593
56	66	1.04576
26	92	-1.0456
18	86	1.04466
16	70	1.04404
4	28	1.04395
66	74	1.0438
68	94	1.04356
52	70	1.04232
4	12	-1.04169
8	62	-1.0414
46	82	-1.04122
32	74	-1.04108
12	40	1.04074
50	92	-1.04054
48	70	-1.04028
66	94	-1.04021
8	24	-1.04
22	46	-1.03997
30	36	-1.03987
36	82	1.0397
14	72	-1.03898
86	96	-1.03872
22	42	-1.03833
54	60	-1.03767
48	80	1.0373
42	74	1.0365
0	82	-1.03616
48	68	-1.03613
40	52	-1.03584
60	70	1.03539
14	42	1.03467
26	86	1.03403
16	46	-1.03388
26	30	-1.03385
42	48	1.03296
60	86	1.03268
10	22	1.03258
2	92	1.03243
52	90	-1.03222
88	96	1.03222
8	20	1.03195
4	14	-1.03169
28	90	-1.0312
16	54	-1.03105
36	92	-1.03064
8	56	-1.03011
58	74	-1.02968
66	76	1.02959
10	74	-1.02932
62	86	-1.02919
38	66	1.0281
28	58	1.02713
8	26	1.02686
32	76	-1.02666
56	84	-1.02631
20	88	-1.02628
36	88	-1.02612
32	38	-1.02601
8	78	1.02593
32	56	-1.02588
40	84	-1.02582
8	44	1.02532
10	78	1.0253
0	16	-1.0249
36	84	1.02463
92	96	1.02424
12	46	1.02417
10	48	-1.02398
12	54	1.02374
68	74	-1.02374
2	68	-1.02367
24	30	1.0228
10	94	1.02266
2	30	1.02233
28	42	-1.02185
10	98	-1.0217
68	96	-1.02157
66	96	1.02113
28	72	1.0211
10	26	1.02102
20	34	1.02018
30	96	1.02007
58	94	1.01912
80	94	-1.01906
16	40	-1.01877
0	12	1.01831
14	90	1.01822
34	44	1.01793
28	80	-1.0177
66	78	-1.01745
68	76	-1.01734
10	96	-1.01701
38	68	-1.01687
44	84	1.01684
34	96	-1.01667
48	58	-1.01648
22	58	1.01636
20	84	1.0161
40	82	-1.01555
52	72	1.01466
6	46	-1.01461
6	70	1.01458
24	92	1.01457
14	46	1.01397
14	54	1.01322
22	80	-1.01289
10	76	-1.01285
24	34	-1.01246
14	64	1.01204
32	62	-1.01204
0	6	-1.01199
44	88	-1.01193
10	38	-1.01161
66	98	1.0111
0	18	-1.01075
0	14	1.01069
26	68	1.01065
18	70	1.01054
16	72	1.01042
26	32	1.01031
4	16	1.01025
58	60	1.01004
56	88	1.00986
8	96	-1.00976
20	92	-1.00947
18	42	-1.00944
6	58	1.00889
64	82	-1.00842
50	84	1.00839
20	30	-1.00802
18	54	-1.00794
18	46	-1.00778
62	68	-1.00775
6	42	-1.00769
72	82	1.00756
56	92	1.00747
32	78	1.00726
16	64	-1.00724
4	52	1.00713
68	78	1.00708
2	66	1.00697
30	56	1.00682
12	90	1.0068
32	98	-1.00674
12	64	1.00668
6	80	-1.00627
6	54	-1.00614
42	60	-1.00573
30	44	-1.00548
32	96	-1.00518
34	56	-1.00507
22	86	1.00465
18	58	1.00461
62	66	1.00431
24	88	1.00421
4	82	1.00409
26	66	-1.00379
44	92	-1.00377
82	90	-1.00304
28	70	1.00282
86	94	1.00212
28	54	-1.00176
52	64	-1.00167
68	98	-1.00164
24	84	-1.0011
18	80	-1.00065
28	46	-1.00055
10	62	-1.0003
16	90	-1.00017
0	28	-1.0001
