73	99	-199.784
31	67	199.765
41	69	199.628
3	9	199.564
13	95	199.457
19	45	-199.433
51	75	199.333
5	7	199.305
37	69	199.249
27	43	-199.202
29	87	199.162
47	59	199.105
11	97	199.102
17	59	199.058
17	79	199.036
59	79	198.963
15	43	198.96
17	47	198.799
69	87	198.732
41	87	198.6
37	67	198.514
5	91	198.51
27	73	-198.429
29	37	198.252
31	37	198.195
49	97	198.145
1	57	198.099
27	99	197.94
37	41	197.834
29	69	197.765
15	27	-197.737
37	87	197.688
65	81	197.67
57	81	197.633
51	77	197.469
63	79	197.453
23	83	197.368
15	67	197.264
29	31	197.228
21	81	197.075
15	31	197.034
47	79	196.888
7	91	196.824
29	41	196.572
33	39	196.402
29	67	196.316
49	79	196.274
67	69	195.71
43	73	195.456
43	61	195.378
31	69	195.311
59	63	195.15
57	65	194.874
17	49	194.818
43	99	-194.795
11	49	194.771
75	77	194.321
31	87	194.306
1	59	194.194
21	57	193.977
49	63	193.815
67	87	193.686
15	99	-193.617
17	63	193.52
15	73	193.475
27	61	-193.466
43	67	193.43
17	97	193.215
1	47	193.203
41	67	192.928
31	43	192.73
31	41	192.491
79	97	192.46
61	95	192.332
1	81	192.107
15	37	191.969
49	59	191.847
53	73	-191.768
25	83	-191.754
67	93	191.65
37	93	191.455
1	65	190.876
15	61	190.827
11	17	190.654
47	63	190.421
27	67	-190.361
27	31	-190.249
21	65	190.039
69	93	189.787
73	77	-189.763
1	79	189.714
77	99	189.708
53	77	189.591
53	99	189.349
25	91	189.201
1	17	189.119
47	49	189.024
15	29	188.972
31	93	188.843
27	53	188.631
61	73	188.344
11	79	188.323
59	97	188.205
13	61	188.183
1	63	188.157
15	93	188.119
41	93	187.743
35	85	187.538
47	97	187.307
53	61	-187.3
57	59	187.055
55	99	186.818
15	69	186.755
31	55	-186.748
43	93	186.73
25	35	-186.474
37	43	186.46
63	97	186.383
23	85	186.225
1	21	186.106
61	99	-185.955
51	53	185.923
83	85	185.84
31	99	-185.747
29	55	-185.734
61	93	185.682
11	47	184.995
47	57	184.825
43	53	-184.76
67	99	-184.741
31	73	184.554
11	59	184.468
15	55	-184.437
15	87	183.989
67	73	183.896
55	73	-183.622
55	67	-183.537
57	63	183.536
63	89	-183.532
29	93	182.88
61	67	182.653
15	41	182.474
5	25	182.461
87	93	182.416
11	39	182.236
27	37	-182.225
57	79	182.118
29	43	181.963
27	55	181.936
53	75	181.873
7	25	181.864
23	25	-181.721
25	85	-181.559
27	77	181.325
21	71	180.752
31	61	180.408
43	69	180.312
27	93	-180.31
17	57	180.016
11	63	179.914
51	73	-179.707
55	87	-179.655
49	89	-179.595
37	55	-179.29
43	55	-179.229
23	87	179.182
51	99	179.127
27	29	-178.97
35	71	-178.334
93	95	178.189
43	95	178.111
15	53	-177.975
7	55	177.417
13	19	177.294
71	81	176.979
83	91	-176.601
43	87	176.311
7	83	-176.111
1	49	175.8
37	99	-175.734
41	43	175.491
27	69	-175.43
59	81	175.392
23	29	175.245
29	99	-175.086
39	97	174.838
55	69	-174.767
37	61	174.548
37	73	174.548
43	77	-174.238
27	95	-174.222
23	41	173.604
79	89	-173.561
59	65	173.529
53	95	-173.399
47	65	173.393
73	75	-173.292
47	81	173.029
13	93	173.003
19	95	172.965
29	73	172.958
65	71	172.872
5	83	-172.783
35	83	172.742
75	99	172.573
27	87	-172.418
63	81	172.223
83	87	172.195
21	63	172.165
13	43	172.022
55	77	171.635
15	95	171.367
41	55	-171.114
13	45	-171.05
15	77	-170.68
23	69	170.678
5	55	170.573
27	41	-170.288
73	93	169.965
89	97	-169.96
27	51	169.91
29	83	169.869
21	59	169.529
13	53	-169.469
79	81	169.435
1	97	169.371
93	99	-169.099
69	99	-168.545
13	27	-168.129
61	69	167.987
21	35	-167.636
87	99	-167.59
69	73	167.202
73	95	167.111
61	77	-167.073
17	81	166.92
49	57	166.618
11	33	166.61
25	71	166.308
45	95	-166.295
29	61	166.247
65	79	166.12
3	85	166.008
59	89	-165.965
23	37	165.839
17	89	-165.789
17	65	165.729
63	65	165.504
73	87	165.498
21	79	165.264
21	47	164.945
23	35	164.927
13	15	164.775
41	83	164.451
1	11	164.399
7	23	-163.948
53	67	-163.743
57	71	163.663
55	83	-163.654
95	99	-163.646
41	99	-163.301
67	95	163.281
31	53	-163.188
27	75	163.134
41	61	162.994
23	91	-162.827
35	91	-162.492
39	49	162.49
55	91	162.394
69	83	162.342
43	51	-162.328
11	89	-161.991
9	89	161.953
41	73	161.875
13	73	161.226
61	87	160.963
23	55	-160.876
9	85	160.736
55	61	-160.608
17	21	160.496
23	31	160.156
31	95	159.654
5	23	-159.515
31	77	-159.467
55	93	-159.411
53	55	158.878
37	83	158.685
3	35	158.557
57	97	158.266
33	97	158.221
47	89	-158.13
51	55	157.852
15	51	-157.847
67	77	-157.846
13	99	-157.625
17	39	157.564
23	67	157.472
19	53	-157.464
51	61	-157.422
71	91	157.324
53	93	-157.316
7	29	-156.667
13	67	156.449
37	95	156.058
19	61	155.955
3	89	155.833
9	35	155.687
43	75	-155.573
31	83	155.234
1	89	-154.808
35	81	-154.014
85	91	-153.521
7	87	-153.004
37	53	-152.851
49	81	152.835
13	31	152.743
57	89	-152.482
11	57	152.309
39	47	152.182
5	35	-151.949
67	83	151.868
45	53	151.808
39	79	151.581
61	75	-151.38
15	75	-151.053
55	75	150.97
1	71	150.657
69	95	150.442
7	31	-150.03
25	55	149.804
21	89	-149.753
21	49	149.744
5	29	-149.693
7	35	-149.463
49	65	149.342
13	37	149.338
45	61	-148.819
29	77	-148.675
29	53	-148.209
39	59	148.189
37	77	-148.024
25	87	-147.931
71	85	-147.872
7	85	-147.756
25	29	-146.666
5	85	-146.574
77	95	-146.476
11	15	-146.437
5	87	-146.425
31	51	-146.42
41	95	146.182
39	55	146.139
15	97	-146.094
43	97	-146.088
5	71	146.034
7	67	-145.991
7	37	-145.935
29	91	-145.928
11	43	-145.667
27	97	145.505
11	27	145.491
33	83	-145.454
53	69	-145.358
33	49	145.175
51	67	-145.136
43	49	-145.119
29	95	145.113
29	39	-145.065
11	31	-145.005
11	67	-144.817
49	61	-144.777
17	73	-144.675
23	33	-144.664
7	69	-144.599
53	59	144.522
7	99	144.519
85	87	144.366
35	57	-144.237
27	49	144.214
15	23	144.132
81	97	144.116
11	99	144.092
47	53	144.071
17	99	144.026
9	21	-144.023
87	91	-143.971
13	69	143.942
67	97	-143.857
15	49	-143.848
11	73	-143.822
17	53	143.733
17	27	143.719
31	97	-143.572
35	65	-143.535
29	33	-143.46
39	87	-143.383
47	77	143.365
47	73	-143.319
53	79	143.304
81	89	-143.3
73	97	-143.285
3	21	-143.263
7	41	-143.256
61	63	-143.251
97	99	143.146
5	31	-143.04
27	79	143.034
61	97	-142.951
33	87	-142.915
73	79	-142.893
65	97	142.82
31	39	-142.816
47	99	142.7
59	73	-142.674
61	79	-142.571
9	63	-142.522
1	53	142.411
7	15	-142.321
13	77	-142.247
43	79	-142.143
13	89	142.122
17	43	-142.063
33	55	141.948
89	95	141.933
79	99	141.825
11	37	-141.804
59	99	141.654
49	73	-141.593
77	87	-141.504
71	83	-141.455
69	77	-141.438
87	95	141.376
53	87	-141.316
27	59	141.285
77	93	-141.241
39	67	-141.214
37	39	-141.042
49	99	140.859
47	51	140.845
11	29	-140.84
11	61	-140.79
27	47	140.784
53	63	140.67
37	97	-140.473
17	77	140.438
49	67	-140.4
17	61	-140.369
41	53	-140.317
11	55	140.31
31	75	-140.306
59	77	140.289
15	83	140.24
7	73	-140.234
39	69	-140.067
23	93	140.055
7	71	140.047
63	95	-140.042
13	41	139.898
15	17	-139.882
25	41	-139.881
93	97	-139.793
49	93	-139.691
1	51	139.617
5	37	-139.56
31	49	-139.544
29	85	139.463
15	79	-139.376
43	59	-139.375
39	63	139.358
41	85	139.343
5	67	-139.301
53	57	139.269
51	95	-139.26
59	61	-139.245
15	39	-139.237
17	33	139.193
43	63	-139.192
67	75	-139.184
31	33	-139.154
21	97	139.153
27	63	139.07
39	41	-139.064
7	33	139.055
1	75	139.017
21	85	-138.981
11	69	-138.878
33	69	-138.699
33	37	-138.646
47	75	138.578
5	69	-138.561
33	45	138.482
33	41	-138.459
13	29	138.451
1	77	138.436
13	63	-138.378
49	95	-138.305
11	65	138.277
11	81	138.242
11	93	-138.227
29	97	-138.213
3	63	-138.196
25	69	-138.192
43	47	-138.136
11	87	-137.832
49	53	137.785
7	27	137.666
5	99	137.643
63	73	-137.606
33	67	-137.55
31	91	-137.521
51	59	137.49
5	41	-137.483
39	83	-137.482
65	75	137.337
69	97	-137.334
41	77	-137.212
23	39	-137.067
7	39	136.955
25	33	136.812
39	99	136.787
77	79	136.784
53	97	136.779
21	25	136.665
29	51	-136.663
37	51	-136.612
19	43	136.557
11	41	-136.512
55	95	-136.439
27	39	136.367
17	51	136.365
37	49	-136.357
15	59	-136.333
55	97	136.318
19	27	-136.224
47	61	-136.14
39	43	-136.083
5	33	136.053
69	91	-135.962
11	53	135.945
63	99	135.942
13	51	-135.885
37	91	-135.8
13	49	-135.786
57	75	135.764
41	91	-135.701
15	47	-135.619
51	57	135.595
69	85	135.593
5	15	-135.578
39	73	-135.479
15	63	-135.469
19	33	-135.438
51	65	135.42
25	37	-135.39
7	43	-135.382
33	91	135.264
87	97	-135.228
7	77	135.111
59	75	135.069
61	89	135.026
13	87	134.976
79	95	-134.933
9	57	-134.872
41	97	-134.824
19	73	134.719
23	43	134.656
89	93	134.518
75	95	-134.49
15	33	-134.438
1	73	-134.382
3	25	-134.348
95	97	-134.188
33	47	134.144
67	91	-134.032
65	89	-133.899
33	79	133.64
25	31	-133.628
5	73	-133.576
17	67	-133.572
3	57	-133.545
17	31	-133.495
3	23	133.456
17	75	133.442
53	81	133.405
19	51	-133.344
5	39	133.293
67	79	-133.018
57	77	132.914
49	69	-132.885
1	99	132.857
75	81	132.785
51	79	132.753
23	27	-132.658
19	75	-132.596
29	49	-132.589
11	77	132.531
13	79	-132.484
31	79	-132.463
23	99	-132.45
83	93	132.377
11	21	132.334
3	83	132.266
9	81	-132.244
1	35	-132.076
35	45	-132.046
39	45	132.007
63	71	132.006
23	71	-131.954
37	75	-131.828
1	9	-131.741
3	81	-131.726
29	75	-131.707
19	77	-131.608
51	81	131.541
13	75	-131.516
51	69	-131.495
51	93	-131.49
83	99	-131.426
77	97	131.425
13	97	-131.372
1	27	131.371
33	43	-131.317
53	65	131.295
9	25	-131.195
27	33	131.166
51	87	-131.145
5	27	131.123
19	21	-131.111
43	83	131.058
17	55	131.055
63	93	-131.048
33	99	130.815
9	79	-130.79
21	53	130.757
19	99	-130.75
79	93	-130.737
13	55	-130.735
11	95	-130.733
1	61	-130.699
17	95	-130.549
59	95	-130.479
33	59	130.389
21	45	130.374
39	91	130.373
25	67	-130.296
37	85	130.289
19	63	-130.263
41	49	-130.19
43	45	-130.121
27	83	-130.091
63	77	130.044
1	3	-130.044
27	45	129.975
45	51	129.973
49	55	129.932
49	77	129.885
75	79	129.851
45	75	129.806
65	77	129.789
33	73	-129.728
5	77	129.633
59	71	129.613
49	87	-129.576
55	85	-129.518
19	35	129.463
23	73	129.283
9	59	-129.272
19	39	-129.228
59	67	-129.154
5	43	-129.126
47	55	129.123
63	67	-129.047
31	59	-128.894
45	73	-128.883
39	93	-128.84
15	91	-128.79
91	99	128.759
31	47	-128.699
39	61	-128.658
33	85	-128.651
17	93	-128.622
1	43	-128.617
47	67	-128.535
41	51	-128.514
19	93	128.446
45	63	128.301
9	23	128.229
57	73	-128.106
17	37	-128.059
13	59	-128.022
73	83	127.944
15	19	127.858
11	13	-127.851
31	63	-127.844
13	17	-127.829
69	75	-127.763
1	39	127.755
43	89	127.717
9	83	127.698
25	39	127.522
37	79	-127.498
39	89	-127.39
45	77	127.352
75	87	-127.317
81	85	-127.295
75	93	-127.124
7	93	-127.116
3	79	-127.111
77	81	127.014
57	61	-127.011
55	79	126.95
9	49	-126.793
51	63	126.627
39	53	126.529
47	71	126.437
25	81	126.314
3	59	-126.292
57	99	126.239
55	59	126.235
33	93	-125.906
17	29	-125.899
9	19	125.869
19	49	-125.867
19	79	-125.814
33	61	-125.718
47	95	-125.694
3	19	125.676
41	75	-125.597
59	93	-125.539
3	71	-125.538
11	51	125.525
19	89	125.479
71	79	125.477
39	77	125.457
9	17	-125.4
27	57	125.362
3	45	-125.218
45	99	125.166
15	89	125.165
9	71	-125.128
9	47	-125.12
9	45	-125.059
73	91	-125.033
31	85	124.935
19	57	-124.899
45	49	124.869
21	75	124.848
51	97	124.745
35	63	-124.684
27	89	-124.535
7	51	124.532
1	15	-124.455
9	13	124.454
45	79	124.435
19	97	-124.302
29	79	-124.271
45	85	-124.166
45	97	124.142
11	45	124.079
63	75	124.049
17	69	-124.018
49	51	123.972
21	51	123.938
1	95	-123.917
71	89	-123.897
37	63	-123.68
19	59	-123.672
3	65	-123.66
11	19	-123.637
5	93	-123.597
45	57	123.579
27	91	123.535
9	65	-123.486
69	79	-123.435
37	59	-123.414
33	53	123.274
45	89	-123.235
19	81	-123.22
33	63	123.109
13	47	-123.084
67	89	123.023
37	47	-122.916
43	57	-122.913
57	95	-122.817
17	19	-122.794
47	93	-122.79
67	85	122.736
3	47	-122.725
35	89	122.6
1	19	-122.552
45	93	-122.539
35	87	122.534
3	49	-122.422
45	59	122.384
45	81	122.324
43	91	-122.287
3	17	-122.283
1	13	-122.175
3	91	-122.137
15	45	-122.041
17	87	-121.979
15	25	-121.851
17	71	121.851
17	45	121.838
3	13	121.813
11	75	121.747
13	21	-121.698
13	57	-121.687
3	5	-121.53
21	95	-121.477
9	91	-121.467
29	47	-121.3
5	9	-121.218
17	41	-121.217
1	45	121.169
75	97	121.065
65	85	-121.058
19	85	121.055
9	95	121.042
29	59	-120.843
31	89	120.806
21	91	120.612
79	87	-120.593
41	79	-120.585
37	89	120.55
49	75	120.544
57	85	-120.444
91	93	-120.376
21	61	-120.375
73	81	-120.317
77	91	120.235
21	77	120.221
5	51	120.098
19	47	-120.085
53	89	-120.072
25	65	119.971
7	75	119.953
61	81	-119.904
33	95	-119.887
73	89	119.868
65	73	-119.86
29	35	119.854
3	7	-119.849
39	95	-119.794
63	69	-119.778
7	61	-119.665
59	69	-119.436
33	77	119.4
29	63	-119.188
45	47	119.166
7	9	-119.115
47	69	-119.081
55	63	119.062
13	33	-119.06
23	61	119.018
33	35	-118.807
21	83	-118.622
39	51	118.586
89	99	-118.514
45	71	118.497
81	99	118.46
65	99	118.406
69	89	118.384
3	95	118.359
15	57	-118.35
19	67	118.171
13	39	-118.083
7	53	118.002
35	55	-117.998
39	85	-117.915
9	97	-117.776
25	99	117.662
35	41	117.634
23	77	-117.599
19	71	-117.549
81	95	-117.518
27	81	117.502
47	87	-117.464
7	11	117.4
35	59	-117.301
59	87	-117.108
39	57	117.102
41	63	-117.033
13	81	-116.886
41	59	-116.781
1	67	-116.709
25	57	116.626
21	73	-116.623
41	89	116.602
3	75	-116.598
77	83	-116.588
41	47	-116.575
1	31	-116.351
27	65	116.173
11	23	-116.127
19	31	116.087
5	75	116.043
63	87	-116.043
61	65	-116.036
33	89	-115.664
35	79	-115.623
61	83	115.456
5	61	-115.419
35	69	115.335
25	45	115.316
49	71	115.274
1	93	-115.27
43	81	-115.261
25	93	-115.261
9	75	-115.254
39	75	115.223
1	55	115.177
25	27	115.101
19	65	-115.074
21	27	115.02
25	43	-115.003
25	73	-114.728
3	51	-114.581
21	99	114.557
11	83	-114.432
29	89	114.322
45	65	114.308
81	91	114.226
3	97	-114.138
5	11	113.865
21	23	-113.641
1	33	113.61
9	51	-113.602
43	65	-113.601
5	53	113.509
21	43	-113.487
33	51	113.426
45	67	-113.404
35	47	-113.265
87	89	113.198
15	85	113.183
9	11	-112.918
7	97	112.867
23	51	-112.801
1	85	-112.612
5	21	112.414
19	37	112.364
35	37	112.248
23	75	-112.225
19	25	-112.176
51	91	112.123
23	97	-112.112
85	89	112.045
57	93	-111.846
65	95	-111.808
1	37	-111.764
31	45	-111.647
85	93	111.361
17	35	-111.346
57	67	-111.13
15	81	-111.09
3	77	-111.065
65	91	110.884
81	83	-110.811
13	65	-110.802
9	77	-110.663
39	65	110.588
31	57	-110.581
33	75	110.572
71	75	110.36
15	65	-110.237
83	97	-110.232
77	89	-110.224
61	91	-110.18
51	83	-110.178
53	71	109.968
3	11	-109.906
5	97	109.875
31	35	109.862
45	83	-109.8
23	53	-109.712
11	91	109.686
7	95	-109.432
7	21	109.34
1	29	-109.329
35	39	-109.197
5	89	-109.172
63	85	-109.167
41	71	-109.078
15	21	-109.07
9	61	109.066
1	69	-108.952
19	69	108.945
75	91	108.92
71	97	108.915
55	89	-108.808
71	87	-108.76
55	57	108.736
75	83	-108.586
37	45	-108.536
51	71	108.444
1	25	108.438
39	81	108.434
89	91	-108.4
53	83	-108.389
5	95	-108.326
35	67	108.131
35	49	-108.088
23	45	-108.043
25	77	107.971
7	13	-107.949
65	93	-107.936
81	93	-107.866
13	35	107.865
43	85	107.76
23	81	-107.738
53	91	107.726
5	81	107.561
5	13	-107.531
75	85	-107.456
7	49	107.406
85	99	-107.406
1	41	-107.387
65	83	-107.338
7	17	107.309
19	29	107.292
51	89	-107.212
69	71	-107.135
13	71	-107.075
37	57	-107.041
3	61	107.021
19	83	106.982
27	85	-106.876
19	41	106.837
1	87	-106.828
19	55	-106.806
55	71	106.741
23	95	106.727
7	89	-106.649
29	71	-106.621
9	53	-106.608
21	93	-106.581
23	49	-106.58
57	91	106.523
7	47	106.506
33	71	106.437
71	95	-106.335
23	65	-106.327
33	57	106.259
91	97	106.18
71	93	-106.001
35	95	105.903
45	69	-105.821
3	53	-105.815
73	85	105.692
65	67	-105.676
75	89	-105.611
3	55	-105.611
51	85	-105.586
19	23	105.576
67	81	-105.5
11	71	105.429
11	25	105.378
5	65	105.374
19	87	105.372
5	49	105.366
31	65	-105.207
7	81	105.133
91	95	-105.108
57	83	-105.09
41	65	-105.075
3	87	105.022
57	69	-105.011
49	83	-104.972
31	81	-104.958
9	55	-104.77
25	89	-104.746
5	17	104.74
13	91	-104.703
37	71	-104.656
29	57	-104.641
29	45	-104.641
25	61	-104.601
45	91	104.594
71	77	104.552
55	65	104.549
21	39	104.543
77	85	-104.432
7	79	104.431
65	69	-104.413
37	65	-104.261
41	45	-104.225
59	85	-104.217
45	55	104.19
35	53	-104.162
13	23	104.153
7	59	104.151
83	95	104.14
5	47	104.074
41	57	-104.049
3	41	103.923
9	93	103.77
21	67	-103.739
55	81	103.73
3	33	-103.656
15	35	103.606
25	63	103.583
79	85	-103.557
17	23	-103.361
7	65	103.348
45	87	-103.275
33	65	103.245
9	73	103.238
21	31	-103.194
13	85	103.163
3	29	103.16
37	81	-103.117
61	71	-103.113
23	57	-103.105
35	97	-103.093
25	51	103.084
57	87	-103.034
9	99	-103.029
19	91	-103.01
9	87	102.93
17	83	-102.857
9	43	102.744
65	87	-102.665
25	97	102.613
9	27	-102.607
3	73	102.591
47	85	-102.582
3	69	102.568
49	91	102.564
9	33	-102.56
3	99	-102.539
5	79	102.535
41	81	-102.515
25	53	102.51
69	81	-102.464
5	57	102.374
29	65	-102.313
3	93	102.303
35	75	-102.229
5	59	102.217
9	41	102.183
13	83	102.15
9	39	-102.122
23	79	-102.119
31	71	-102.119
5	45	102.083
3	39	-101.983
85	95	101.967
1	91	101.956
61	85	101.944
67	71	-101.92
23	47	-101.877
35	61	101.791
25	75	101.787
17	91	101.778
35	99	-101.768
21	55	101.765
79	83	-101.71
35	93	101.704
25	59	101.684
17	85	-101.645
33	81	101.641
3	27	-101.632
9	29	101.586
35	43	101.581
3	43	101.566
27	35	-101.563
47	83	-101.555
11	85	-101.5
39	71	101.48
21	37	-101.409
47	91	101.391
71	73	-101.347
7	45	101.347
7	57	101.322
11	35	-101.308
29	81	-101.289
1	83	-101.272
9	69	101.272
35	73	101.251
7	63	101.204
3	37	101.172
23	59	-101.156
5	19	-101.155
35	51	-101.152
25	79	101.139
9	15	101.096
49	85	-101.095
59	83	-101.025
25	47	100.995
81	87	-100.993
71	99	100.883
63	83	-100.842
17	25	100.777
23	63	-100.724
1	7	100.687
5	63	100.668
21	69	-100.665
27	71	100.605
21	41	-100.594
85	97	-100.544
7	19	-100.525
79	91	100.52
1	23	-100.488
23	89	100.48
9	37	100.453
25	49	100.432
59	91	100.422
1	5	100.41
21	33	100.39
3	15	100.375
83	89	100.366
43	71	-100.352
63	91	100.279
21	29	-100.274
3	31	100.264
25	95	-100.144
3	67	100.143
9	67	100.137
15	71	-100.083
13	25	-100.077
21	87	-100.024
35	77	-100.024
53	85	-100.018
9	31	100.012
66	67	20
94	95	20
30	31	20
68	69	20
50	51	20
78	79	20
28	29	20
54	55	20
32	33	20
44	45	20
52	53	20
26	27	20
20	21	20
76	77	20
24	25	20
96	97	20
72	73	20
22	23	20
70	71	20
88	89	20
34	35	20
92	93	20
56	57	20
90	91	20
46	47	20
86	87	20
84	85	20
42	43	20
58	59	20
82	83	20
18	19	20
16	17	20
60	61	20
38	39	20
14	15	20
62	63	20
36	37	20
48	49	20
64	65	20
80	81	20
40	41	20
74	75	20
0	1	20
98	99	20
6	7	20
12	13	20
2	3	20
8	9	20
10	11	20
4	5	20
73	98	-19.9784
72	99	-19.9784
30	67	19.9765
31	66	19.9765
41	68	19.9628
40	69	19.9628
2	9	19.9564
3	8	19.9564
12	95	19.9457
13	94	19.9457
18	45	-19.9433
19	44	-19.9433
50	75	19.9333
51	74	19.9333
5	6	19.9305
4	7	19.9305
37	68	19.9249
36	69	19.9249
27	42	-19.9202
26	43	-19.9202
29	86	19.9162
28	87	19.9162
47	58	19.9105
46	59	19.9105
11	96	19.9102
10	97	19.9102
16	59	19.9058
17	58	19.9058
17	78	19.9036
16	79	19.9036
59	78	19.8963
58	79	19.8963
15	42	19.896
14	43	19.896
16	47	19.8799
17	46	19.8799
69	86	19.8732
68	87	19.8732
41	86	19.86
40	87	19.86
36	67	19.8514
37	66	19.8514
5	90	19.851
4	91	19.851
26	73	-19.8429
27	72	-19.8429
28	37	19.8252
29	36	19.8252
30	37	19.8195
31	36	19.8195
48	97	19.8145
49	96	19.8145
1	56	19.8099
0	57	19.8099
26	99	19.794
27	98	19.794
37	40	19.7834
36	41	19.7834
28	69	19.7765
29	68	19.7765
15	26	-19.7737
14	27	-19.7737
36	87	19.7688
37	86	19.7688
64	81	19.767
65	80	19.767
57	80	19.7633
56	81	19.7633
51	76	19.7469
50	77	19.7469
63	78	19.7453
62	79	19.7453
22	83	19.7368
23	82	19.7368
15	66	19.7264
14	67	19.7264
29	30	19.7228
28	31	19.7228
20	81	19.7075
21	80	19.7075
14	31	19.7034
15	30	19.7034
46	79	19.6888
47	78	19.6888
6	91	19.6824
7	90	19.6824
28	41	19.6572
29	40	19.6572
32	39	19.6402
33	38	19.6402
28	67	19.6316
29	66	19.6316
49	78	19.6274
48	79	19.6274
67	68	19.571
66	69	19.571
42	73	19.5456
43	72	19.5456
43	60	19.5378
42	61	19.5378
30	69	19.5311
31	68	19.5311
58	63	19.515
59	62	19.515
56	65	19.4874
57	64	19.4874
17	48	19.4818
16	49	19.4818
42	99	-19.4795
43	98	-19.4795
10	49	19.4771
11	48	19.4771
75	76	19.4321
74	77	19.4321
30	87	19.4306
31	86	19.4306
0	59	19.4194
1	58	19.4194
21	56	19.3977
20	57	19.3977
48	63	19.3815
49	62	19.3815
67	86	19.3686
66	87	19.3686
14	99	-19.3617
15	98	-19.3617
17	62	19.352
16	63	19.352
14	73	19.3475
15	72	19.3475
27	60	-19.3466
26	61	-19.3466
43	66	19.343
42	67	19.343
16	97	19.3215
17	96	19.3215
1	46	19.3203
0	47	19.3203
41	66	19.2928
40	67	19.2928
30	43	19.273
31	42	19.273
30	41	19.2491
31	40	19.2491
78	97	19.246
79	96	19.246
61	94	19.2332
60	95	19.2332
1	80	19.2107
0	81	19.2107
15	36	19.1969
14	37	19.1969
49	58	19.1847
48	59	19.1847
52	73	-19.1768
53	72	-19.1768
25	82	-19.1754
24	83	-19.1754
66	93	19.165
67	92	19.165
36	93	19.1455
37	92	19.1455
0	65	19.0876
1	64	19.0876
15	60	19.0827
14	61	19.0827
10	17	19.0654
11	16	19.0654
47	62	19.0421
46	63	19.0421
26	67	-19.0361
27	66	-19.0361
26	31	-19.0249
27	30	-19.0249
20	65	19.0039
21	64	19.0039
68	93	18.9787
69	92	18.9787
73	76	-18.9763
72	77	-18.9763
1	78	18.9714
0	79	18.9714
77	98	18.9708
76	99	18.9708
52	77	18.9591
53	76	18.9591
52	99	18.9349
53	98	18.9349
25	90	18.9201
24	91	18.9201
1	16	18.9119
0	17	18.9119
46	49	18.9024
47	48	18.9024
14	29	18.8972
15	28	18.8972
31	92	18.8843
30	93	18.8843
27	52	18.8631
26	53	18.8631
61	72	18.8344
60	73	18.8344
11	78	18.8323
10	79	18.8323
58	97	18.8205
59	96	18.8205
13	60	18.8183
12	61	18.8183
1	62	18.8157
0	63	18.8157
14	93	18.8119
15	92	18.8119
40	93	18.7743
41	92	18.7743
34	85	18.7538
35	84	18.7538
47	96	18.7307
46	97	18.7307
53	60	-18.73
52	61	-18.73
57	58	18.7055
56	59	18.7055
55	98	18.6818
54	99	18.6818
15	68	18.6755
14	69	18.6755
31	54	-18.6748
30	55	-18.6748
42	93	18.673
43	92	18.673
25	34	-18.6474
24	35	-18.6474
37	42	18.646
36	43	18.646
62	97	18.6383
63	96	18.6383
22	85	18.6225
23	84	18.6225
1	20	18.6106
0	21	18.6106
61	98	-18.5955
60	99	-18.5955
51	52	18.5923
50	53	18.5923
83	84	18.584
82	85	18.584
30	99	-18.5747
31	98	-18.5747
29	54	-18.5734
28	55	-18.5734
61	92	18.5682
60	93	18.5682
11	46	18.4995
10	47	18.4995
46	57	18.4825
47	56	18.4825
42	53	-18.476
43	52	-18.476
67	98	-18.4741
66	99	-18.4741
30	73	18.4554
31	72	18.4554
10	59	18.4468
11	58	18.4468
15	54	-18.4437
14	55	-18.4437
14	87	18.3989
15	86	18.3989
67	72	18.3896
66	73	18.3896
54	73	-18.3622
55	72	-18.3622
55	66	-18.3537
54	67	-18.3537
56	63	18.3536
57	62	18.3536
63	88	-18.3532
62	89	-18.3532
29	92	18.288
28	93	18.288
61	66	18.2653
60	67	18.2653
15	40	18.2474
14	41	18.2474
5	24	18.2461
4	25	18.2461
86	93	18.2416
87	92	18.2416
10	39	18.2236
11	38	18.2236
27	36	-18.2225
26	37	-18.2225
56	79	18.2118
57	78	18.2118
29	42	18.1963
28	43	18.1963
26	55	18.1936
27	54	18.1936
53	74	18.1873
52	75	18.1873
6	25	18.1864
7	24	18.1864
22	25	-18.1721
23	24	-18.1721
24	85	-18.1559
25	84	-18.1559
26	77	18.1325
27	76	18.1325
20	71	18.0752
21	70	18.0752
31	60	18.0408
30	61	18.0408
43	68	18.0312
42	69	18.0312
27	92	-18.031
26	93	-18.031
17	56	18.0016
16	57	18.0016
11	62	17.9914
10	63	17.9914
51	72	-17.9707
50	73	-17.9707
55	86	-17.9655
54	87	-17.9655
48	89	-17.9595
49	88	-17.9595
36	55	-17.929
37	54	-17.929
42	55	-17.9229
43	54	-17.9229
22	87	17.9182
23	86	17.9182
51	98	17.9127
50	99	17.9127
27	28	-17.897
26	29	-17.897
34	71	-17.8334
35	70	-17.8334
93	94	17.8189
92	95	17.8189
43	94	17.8111
42	95	17.8111
14	53	-17.7975
15	52	-17.7975
7	54	17.7417
6	55	17.7417
13	18	17.7294
12	19	17.7294
70	81	17.6979
71	80	17.6979
83	90	-17.6601
82	91	-17.6601
43	86	17.6311
42	87	17.6311
6	83	-17.6111
7	82	-17.6111
0	49	17.58
1	48	17.58
36	99	-17.5734
37	98	-17.5734
40	43	17.5491
41	42	17.5491
27	68	-17.543
26	69	-17.543
58	81	17.5392
59	80	17.5392
22	29	17.5245
23	28	17.5245
28	99	-17.5086
29	98	-17.5086
38	97	17.4838
39	96	17.4838
55	68	-17.4767
54	69	-17.4767
37	60	17.4548
36	61	17.4548
36	73	17.4548
37	72	17.4548
43	76	-17.4238
42	77	-17.4238
26	95	-17.4222
27	94	-17.4222
23	40	17.3604
22	41	17.3604
78	89	-17.3561
79	88	-17.3561
58	65	17.3529
59	64	17.3529
53	94	-17.3399
52	95	-17.3399
46	65	17.3393
47	64	17.3393
72	75	-17.3292
73	74	-17.3292
46	81	17.3029
47	80	17.3029
12	93	17.3003
13	92	17.3003
18	95	17.2965
19	94	17.2965
29	72	17.2958
28	73	17.2958
65	70	17.2872
64	71	17.2872
4	83	-17.2783
5	82	-17.2783
34	83	17.2742
35	82	17.2742
75	98	17.2573
74	99	17.2573
26	87	-17.2418
27	86	-17.2418
62	81	17.2223
63	80	17.2223
83	86	17.2195
82	87	17.2195
21	62	17.2165
20	63	17.2165
12	43	17.2022
13	42	17.2022
55	76	17.1635
54	77	17.1635
14	95	17.1367
15	94	17.1367
41	54	-17.1114
40	55	-17.1114
12	45	-17.105
13	44	-17.105
15	76	-17.068
14	77	-17.068
23	68	17.0678
22	69	17.0678
4	55	17.0573
5	54	17.0573
26	41	-17.0288
27	40	-17.0288
72	93	16.9965
73	92	16.9965
89	96	-16.996
88	97	-16.996
27	50	16.991
26	51	16.991
29	82	16.9869
28	83	16.9869
21	58	16.9529
20	59	16.9529
13	52	-16.9469
12	53	-16.9469
79	80	16.9435
78	81	16.9435
0	97	16.9371
1	96	16.9371
92	99	-16.9099
93	98	-16.9099
69	98	-16.8545
68	99	-16.8545
13	26	-16.8129
12	27	-16.8129
61	68	16.7987
60	69	16.7987
21	34	-16.7636
20	35	-16.7636
87	98	-16.759
86	99	-16.759
69	72	16.7202
68	73	16.7202
73	94	16.7111
72	95	16.7111
60	77	-16.7073
61	76	-16.7073
16	81	16.692
17	80	16.692
49	56	16.6618
48	57	16.6618
11	32	16.661
10	33	16.661
25	70	16.6308
24	71	16.6308
45	94	-16.6295
44	95	-16.6295
29	60	16.6247
28	61	16.6247
65	78	16.612
64	79	16.612
2	85	16.6008
3	84	16.6008
59	88	-16.5965
58	89	-16.5965
23	36	16.5839
22	37	16.5839
16	89	-16.5789
17	88	-16.5789
16	65	16.5729
17	64	16.5729
63	64	16.5504
62	65	16.5504
73	86	16.5498
72	87	16.5498
20	79	16.5264
21	78	16.5264
20	47	16.4945
21	46	16.4945
22	35	16.4927
23	34	16.4927
12	15	16.4775
13	14	16.4775
41	82	16.4451
40	83	16.4451
0	11	16.4399
1	10	16.4399
7	22	-16.3948
6	23	-16.3948
52	67	-16.3743
53	66	-16.3743
56	71	16.3663
57	70	16.3663
55	82	-16.3654
54	83	-16.3654
95	98	-16.3646
94	99	-16.3646
41	98	-16.3301
40	99	-16.3301
67	94	16.3281
66	95	16.3281
31	52	-16.3188
30	53	-16.3188
26	75	16.3134
27	74	16.3134
40	61	16.2994
41	60	16.2994
23	90	-16.2827
22	91	-16.2827
34	91	-16.2492
35	90	-16.2492
38	49	16.249
39	48	16.249
54	91	16.2394
55	90	16.2394
69	82	16.2342
68	83	16.2342
42	51	-16.2328
43	50	-16.2328
10	89	-16.1991
11	88	-16.1991
9	88	16.1953
8	89	16.1953
41	72	16.1875
40	73	16.1875
13	72	16.1226
12	73	16.1226
61	86	16.0963
60	87	16.0963
23	54	-16.0876
22	55	-16.0876
9	84	16.0736
8	85	16.0736
55	60	-16.0608
54	61	-16.0608
16	21	16.0496
17	20	16.0496
22	31	16.0156
23	30	16.0156
30	95	15.9654
31	94	15.9654
5	22	-15.9515
4	23	-15.9515
30	77	-15.9467
31	76	-15.9467
54	93	-15.9411
55	92	-15.9411
53	54	15.8878
52	55	15.8878
36	83	15.8685
37	82	15.8685
2	35	15.8557
3	34	15.8557
57	96	15.8266
56	97	15.8266
33	96	15.8221
32	97	15.8221
47	88	-15.813
46	89	-15.813
50	55	15.7852
51	54	15.7852
15	50	-15.7847
14	51	-15.7847
66	77	-15.7846
67	76	-15.7846
13	98	-15.7625
12	99	-15.7625
17	38	15.7564
16	39	15.7564
23	66	15.7472
22	67	15.7472
19	52	-15.7464
18	53	-15.7464
51	60	-15.7422
50	61	-15.7422
71	90	15.7324
70	91	15.7324
52	93	-15.7316
53	92	-15.7316
6	29	-15.6667
7	28	-15.6667
12	67	15.6449
13	66	15.6449
37	94	15.6058
36	95	15.6058
19	60	15.5955
18	61	15.5955
3	88	15.5833
2	89	15.5833
8	35	15.5687
9	34	15.5687
42	75	-15.5573
43	74	-15.5573
31	82	15.5234
30	83	15.5234
0	89	-15.4808
1	88	-15.4808
34	81	-15.4014
35	80	-15.4014
85	90	-15.3521
84	91	-15.3521
7	86	-15.3004
6	87	-15.3004
36	53	-15.2851
37	52	-15.2851
48	81	15.2835
49	80	15.2835
13	30	15.2743
12	31	15.2743
57	88	-15.2482
56	89	-15.2482
10	57	15.2309
11	56	15.2309
38	47	15.2182
39	46	15.2182
5	34	-15.1949
4	35	-15.1949
67	82	15.1868
66	83	15.1868
44	53	15.1808
45	52	15.1808
38	79	15.1581
39	78	15.1581
60	75	-15.138
61	74	-15.138
14	75	-15.1053
15	74	-15.1053
54	75	15.097
55	74	15.097
1	70	15.0657
0	71	15.0657
68	95	15.0442
69	94	15.0442
7	30	-15.003
6	31	-15.003
25	54	14.9804
24	55	14.9804
20	89	-14.9753
21	88	-14.9753
21	48	14.9744
20	49	14.9744
4	29	-14.9693
5	28	-14.9693
7	34	-14.9463
6	35	-14.9463
48	65	14.9342
49	64	14.9342
12	37	14.9338
13	36	14.9338
45	60	-14.8819
44	61	-14.8819
28	77	-14.8675
29	76	-14.8675
28	53	-14.8209
29	52	-14.8209
38	59	14.8189
39	58	14.8189
36	77	-14.8024
37	76	-14.8024
24	87	-14.7931
25	86	-14.7931
70	85	-14.7872
71	84	-14.7872
6	85	-14.7756
7	84	-14.7756
24	29	-14.6666
25	28	-14.6666
5	84	-14.6574
4	85	-14.6574
76	95	-14.6476
77	94	-14.6476
10	15	-14.6437
11	14	-14.6437
4	87	-14.6425
5	86	-14.6425
31	50	-14.642
30	51	-14.642
40	95	14.6182
41	94	14.6182
38	55	14.6139
39	54	14.6139
15	96	-14.6094
14	97	-14.6094
42	97	-14.6088
43	96	-14.6088
4	71	14.6034
5	70	14.6034
7	66	-14.5991
6	67	-14.5991
6	37	-14.5935
7	36	-14.5935
29	90	-14.5928
28	91	-14.5928
10	43	-14.5667
11	42	-14.5667
27	96	14.5505
26	97	14.5505
10	27	14.5491
11	26	14.5491
32	83	-14.5454
33	82	-14.5454
53	68	-14.5358
52	69	-14.5358
32	49	14.5175
33	48	14.5175
50	67	-14.5136
51	66	-14.5136
42	49	-14.5119
43	48	-14.5119
28	95	14.5113
29	94	14.5113
29	38	-14.5065
28	39	-14.5065
10	31	-14.5005
11	30	-14.5005
10	67	-14.4817
11	66	-14.4817
48	61	-14.4777
49	60	-14.4777
16	73	-14.4675
17	72	-14.4675
23	32	-14.4664
22	33	-14.4664
6	69	-14.4599
7	68	-14.4599
53	58	14.4522
52	59	14.4522
6	99	14.4519
7	98	14.4519
84	87	14.4366
85	86	14.4366
35	56	-14.4237
34	57	-14.4237
26	49	14.4214
27	48	14.4214
15	22	14.4132
14	23	14.4132
80	97	14.4116
81	96	14.4116
11	98	14.4092
10	99	14.4092
47	52	14.4071
46	53	14.4071
16	99	14.4026
17	98	14.4026
9	20	-14.4023
8	21	-14.4023
87	90	-14.3971
86	91	-14.3971
13	68	14.3942
12	69	14.3942
67	96	-14.3857
66	97	-14.3857
14	49	-14.3848
15	48	-14.3848
11	72	-14.3822
10	73	-14.3822
17	52	14.3733
16	53	14.3733
17	26	14.3719
16	27	14.3719
31	96	-14.3572
30	97	-14.3572
35	64	-14.3535
34	65	-14.3535
28	33	-14.346
29	32	-14.346
39	86	-14.3383
38	87	-14.3383
46	77	14.3365
47	76	14.3365
46	73	-14.3319
47	72	-14.3319
52	79	14.3304
53	78	14.3304
81	88	-14.33
80	89	-14.33
72	97	-14.3285
73	96	-14.3285
3	20	-14.3263
2	21	-14.3263
6	41	-14.3256
7	40	-14.3256
61	62	-14.3251
60	63	-14.3251
97	98	14.3146
96	99	14.3146
5	30	-14.304
4	31	-14.304
27	78	14.3034
26	79	14.3034
61	96	-14.2951
60	97	-14.2951
32	87	-14.2915
33	86	-14.2915
72	79	-14.2893
73	78	-14.2893
64	97	14.282
65	96	14.282
31	38	-14.2816
30	39	-14.2816
46	99	14.27
47	98	14.27
58	73	-14.2674
59	72	-14.2674
60	79	-14.2571
61	78	-14.2571
9	62	-14.2522
8	63	-14.2522
1	52	14.2411
0	53	14.2411
7	14	-14.2321
6	15	-14.2321
13	76	-14.2247
12	77	-14.2247
42	79	-14.2143
43	78	-14.2143
12	89	14.2122
13	88	14.2122
17	42	-14.2063
16	43	-14.2063
33	54	14.1948
32	55	14.1948
89	94	14.1933
88	95	14.1933
79	98	14.1825
78	99	14.1825
10	37	-14.1804
11	36	-14.1804
59	98	14.1654
58	99	14.1654
49	72	-14.1593
48	73	-14.1593
76	87	-14.1504
77	86	-14.1504
70	83	-14.1455
71	82	-14.1455
68	77	-14.1438
69	76	-14.1438
87	94	14.1376
86	95	14.1376
53	86	-14.1316
52	87	-14.1316
27	58	14.1285
26	59	14.1285
76	93	-14.1241
77	92	-14.1241
39	66	-14.1214
38	67	-14.1214
36	39	-14.1042
37	38	-14.1042
48	99	14.0859
49	98	14.0859
46	51	14.0845
47	50	14.0845
11	28	-14.084
10	29	-14.084
11	60	-14.079
10	61	-14.079
26	47	14.0784
27	46	14.0784
53	62	14.067
52	63	14.067
37	96	-14.0473
36	97	-14.0473
16	77	14.0438
17	76	14.0438
48	67	-14.04
49	66	-14.04
17	60	-14.0369
16	61	-14.0369
41	52	-14.0317
40	53	-14.0317
10	55	14.031
11	54	14.031
30	75	-14.0306
31	74	-14.0306
59	76	14.0289
58	77	14.0289
14	83	14.024
15	82	14.024
7	72	-14.0234
6	73	-14.0234
38	69	-14.0067
39	68	-14.0067
22	93	14.0055
23	92	14.0055
7	70	14.0047
6	71	14.0047
63	94	-14.0042
62	95	-14.0042
12	41	13.9898
13	40	13.9898
15	16	-13.9882
14	17	-13.9882
25	40	-13.9881
24	41	-13.9881
93	96	-13.9793
92	97	-13.9793
49	92	-13.9691
48	93	-13.9691
1	50	13.9617
0	51	13.9617
4	37	-13.956
5	36	-13.956
31	48	-13.9544
30	49	-13.9544
29	84	13.9463
28	85	13.9463
14	79	-13.9376
15	78	-13.9376
42	59	-13.9375
43	58	-13.9375
38	63	13.9358
39	62	13.9358
40	85	13.9343
41	84	13.9343
5	66	-13.9301
4	67	-13.9301
53	56	13.9269
52	57	13.9269
50	95	-13.926
51	94	-13.926
59	60	-13.9245
58	61	-13.9245
15	38	-13.9237
14	39	-13.9237
17	32	13.9193
16	33	13.9193
43	62	-13.9192
42	63	-13.9192
67	74	-13.9184
66	75	-13.9184
30	33	-13.9154
31	32	-13.9154
21	96	13.9153
20	97	13.9153
27	62	13.907
26	63	13.907
38	41	-13.9064
39	40	-13.9064
6	33	13.9055
7	32	13.9055
0	75	13.9017
1	74	13.9017
20	85	-13.8981
21	84	-13.8981
10	69	-13.8878
11	68	-13.8878
33	68	-13.8699
32	69	-13.8699
33	36	-13.8646
32	37	-13.8646
46	75	13.8578
47	74	13.8578
4	69	-13.8561
5	68	-13.8561
33	44	13.8482
32	45	13.8482
32	41	-13.8459
33	40	-13.8459
12	29	13.8451
13	28	13.8451
1	76	13.8436
0	77	13.8436
12	63	-13.8378
13	62	-13.8378
49	94	-13.8305
48	95	-13.8305
10	65	13.8277
11	64	13.8277
10	81	13.8242
11	80	13.8242
11	92	-13.8227
10	93	-13.8227
28	97	-13.8213
29	96	-13.8213
3	62	-13.8196
2	63	-13.8196
24	69	-13.8192
25	68	-13.8192
42	47	-13.8136
43	46	-13.8136
10	87	-13.7832
11	86	-13.7832
48	53	13.7785
49	52	13.7785
7	26	13.7666
6	27	13.7666
5	98	13.7643
4	99	13.7643
63	72	-13.7606
62	73	-13.7606
32	67	-13.755
33	66	-13.755
31	90	-13.7521
30	91	-13.7521
50	59	13.749
51	58	13.749
5	40	-13.7483
4	41	-13.7483
38	83	-13.7482
39	82	-13.7482
65	74	13.7337
64	75	13.7337
69	96	-13.7334
68	97	-13.7334
40	77	-13.7212
41	76	-13.7212
22	39	-13.7067
23	38	-13.7067
6	39	13.6955
7	38	13.6955
25	32	13.6812
24	33	13.6812
38	99	13.6787
39	98	13.6787
77	78	13.6784
76	79	13.6784
52	97	13.6779
53	96	13.6779
21	24	13.6665
20	25	13.6665
28	51	-13.6663
29	50	-13.6663
37	50	-13.6612
36	51	-13.6612
18	43	13.6557
19	42	13.6557
10	41	-13.6512
11	40	-13.6512
55	94	-13.6439
54	95	-13.6439
26	39	13.6367
27	38	13.6367
16	51	13.6365
17	50	13.6365
36	49	-13.6357
37	48	-13.6357
15	58	-13.6333
14	59	-13.6333
54	97	13.6318
55	96	13.6318
18	27	-13.6224
19	26	-13.6224
47	60	-13.614
46	61	-13.614
38	43	-13.6083
39	42	-13.6083
4	33	13.6053
5	32	13.6053
69	90	-13.5962
68	91	-13.5962
10	53	13.5945
11	52	13.5945
62	99	13.5942
63	98	13.5942
13	50	-13.5885
12	51	-13.5885
37	90	-13.58
36	91	-13.58
12	49	-13.5786
13	48	-13.5786
57	74	13.5764
56	75	13.5764
41	90	-13.5701
40	91	-13.5701
15	46	-13.5619
14	47	-13.5619
50	57	13.5595
51	56	13.5595
69	84	13.5593
68	85	13.5593
5	14	-13.5578
4	15	-13.5578
39	72	-13.5479
38	73	-13.5479
14	63	-13.5469
15	62	-13.5469
19	32	-13.5438
18	33	-13.5438
50	65	13.542
51	64	13.542
24	37	-13.539
25	36	-13.539
6	43	-13.5382
7	42	-13.5382
33	90	13.5264
32	91	13.5264
87	96	-13.5228
86	97	-13.5228
6	77	13.5111
7	76	13.5111
58	75	13.5069
59	74	13.5069
61	88	13.5026
60	89	13.5026
12	87	13.4976
13	86	13.4976
79	94	-13.4933
78	95	-13.4933
8	57	-13.4872
9	56	-13.4872
40	97	-13.4824
41	96	-13.4824
19	72	13.4719
18	73	13.4719
23	42	13.4656
22	43	13.4656
88	93	13.4518
89	92	13.4518
74	95	-13.449
75	94	-13.449
14	33	-13.4438
15	32	-13.4438
1	72	-13.4382
0	73	-13.4382
2	25	-13.4348
3	24	-13.4348
95	96	-13.4188
94	97	-13.4188
33	46	13.4144
32	47	13.4144
67	90	-13.4032
66	91	-13.4032
64	89	-13.3899
65	88	-13.3899
33	78	13.364
32	79	13.364
24	31	-13.3628
25	30	-13.3628
5	72	-13.3576
4	73	-13.3576
17	66	-13.3572
16	67	-13.3572
2	57	-13.3545
3	56	-13.3545
16	31	-13.3495
17	30	-13.3495
2	23	13.3456
3	22	13.3456
17	74	13.3442
16	75	13.3442
53	80	13.3405
52	81	13.3405
18	51	-13.3344
19	50	-13.3344
4	39	13.3293
5	38	13.3293
66	79	-13.3018
67	78	-13.3018
56	77	13.2914
57	76	13.2914
49	68	-13.2885
48	69	-13.2885
0	99	13.2857
1	98	13.2857
75	80	13.2785
74	81	13.2785
51	78	13.2753
50	79	13.2753
22	27	-13.2658
23	26	-13.2658
19	74	-13.2596
18	75	-13.2596
28	49	-13.2589
29	48	-13.2589
11	76	13.2531
10	77	13.2531
13	78	-13.2484
12	79	-13.2484
31	78	-13.2463
30	79	-13.2463
22	99	-13.245
23	98	-13.245
83	92	13.2377
82	93	13.2377
10	21	13.2334
11	20	13.2334
2	83	13.2266
3	82	13.2266
8	81	-13.2244
9	80	-13.2244
1	34	-13.2076
0	35	-13.2076
34	45	-13.2046
35	44	-13.2046
38	45	13.2007
39	44	13.2007
63	70	13.2006
62	71	13.2006
23	70	-13.1954
22	71	-13.1954
36	75	-13.1828
37	74	-13.1828
1	8	-13.1741
0	9	-13.1741
2	81	-13.1726
3	80	-13.1726
29	74	-13.1707
28	75	-13.1707
18	77	-13.1608
19	76	-13.1608
51	80	13.1541
50	81	13.1541
12	75	-13.1516
13	74	-13.1516
50	69	-13.1495
51	68	-13.1495
50	93	-13.149
51	92	-13.149
82	99	-13.1426
83	98	-13.1426
76	97	13.1425
77	96	13.1425
12	97	-13.1372
13	96	-13.1372
0	27	13.1371
1	26	13.1371
33	42	-13.1317
32	43	-13.1317
53	64	13.1295
52	65	13.1295
9	24	-13.1195
8	25	-13.1195
27	32	13.1166
26	33	13.1166
50	87	-13.1145
51	86	-13.1145
4	27	13.1123
5	26	13.1123
18	21	-13.1111
19	20	-13.1111
42	83	13.1058
43	82	13.1058
16	55	13.1055
17	54	13.1055
63	92	-13.1048
62	93	-13.1048
33	98	13.0815
32	99	13.0815
8	79	-13.079
9	78	-13.079
21	52	13.0757
20	53	13.0757
19	98	-13.075
18	99	-13.075
79	92	-13.0737
78	93	-13.0737
13	54	-13.0735
12	55	-13.0735
11	94	-13.0733
10	95	-13.0733
1	60	-13.0699
0	61	-13.0699
16	95	-13.0549
17	94	-13.0549
58	95	-13.0479
59	94	-13.0479
33	58	13.0389
32	59	13.0389
20	45	13.0374
21	44	13.0374
38	91	13.0373
39	90	13.0373
24	67	-13.0296
25	66	-13.0296
37	84	13.0289
36	85	13.0289
19	62	-13.0263
18	63	-13.0263
41	48	-13.019
40	49	-13.019
43	44	-13.0121
42	45	-13.0121
27	82	-13.0091
26	83	-13.0091
62	77	13.0044
63	76	13.0044
0	3	-13.0044
1	2	-13.0044
26	45	12.9975
27	44	12.9975
44	51	12.9973
45	50	12.9973
48	55	12.9932
49	54	12.9932
48	77	12.9885
49	76	12.9885
75	78	12.9851
74	79	12.9851
45	74	12.9806
44	75	12.9806
64	77	12.9789
65	76	12.9789
33	72	-12.9728
32	73	-12.9728
4	77	12.9633
5	76	12.9633
58	71	12.9613
59	70	12.9613
48	87	-12.9576
49	86	-12.9576
54	85	-12.9518
55	84	-12.9518
19	34	12.9463
18	35	12.9463
23	72	12.9283
22	73	12.9283
8	59	-12.9272
9	58	-12.9272
18	39	-12.9228
19	38	-12.9228
58	67	-12.9154
59	66	-12.9154
4	43	-12.9126
5	42	-12.9126
47	54	12.9123
46	55	12.9123
63	66	-12.9047
62	67	-12.9047
31	58	-12.8894
30	59	-12.8894
44	73	-12.8883
45	72	-12.8883
38	93	-12.884
39	92	-12.884
14	91	-12.879
15	90	-12.879
90	99	12.8759
91	98	12.8759
30	47	-12.8699
31	46	-12.8699
38	61	-12.8658
39	60	-12.8658
33	84	-12.8651
32	85	-12.8651
16	93	-12.8622
17	92	-12.8622
0	43	-12.8617
1	42	-12.8617
47	66	-12.8535
46	67	-12.8535
41	50	-12.8514
40	51	-12.8514
19	92	12.8446
18	93	12.8446
44	63	12.8301
45	62	12.8301
9	22	12.8229
8	23	12.8229
57	72	-12.8106
56	73	-12.8106
17	36	-12.8059
16	37	-12.8059
13	58	-12.8022
12	59	-12.8022
73	82	12.7944
72	83	12.7944
14	19	12.7858
15	18	12.7858
10	13	-12.7851
11	12	-12.7851
30	63	-12.7844
31	62	-12.7844
12	17	-12.7829
13	16	-12.7829
68	75	-12.7763
69	74	-12.7763
0	39	12.7755
1	38	12.7755
43	88	12.7717
42	89	12.7717
9	82	12.7698
8	83	12.7698
25	38	12.7522
24	39	12.7522
36	79	-12.7498
37	78	-12.7498
38	89	-12.739
39	88	-12.739
45	76	12.7352
44	77	12.7352
75	86	-12.7317
74	87	-12.7317
81	84	-12.7295
80	85	-12.7295
75	92	-12.7124
74	93	-12.7124
7	92	-12.7116
6	93	-12.7116
3	78	-12.7111
2	79	-12.7111
77	80	12.7014
76	81	12.7014
56	61	-12.7011
57	60	-12.7011
54	79	12.695
55	78	12.695
9	48	-12.6793
8	49	-12.6793
50	63	12.6627
51	62	12.6627
39	52	12.6529
38	53	12.6529
47	70	12.6437
46	71	12.6437
24	81	12.6314
25	80	12.6314
3	58	-12.6292
2	59	-12.6292
57	98	12.6239
56	99	12.6239
54	59	12.6235
55	58	12.6235
33	92	-12.5906
32	93	-12.5906
16	29	-12.5899
17	28	-12.5899
9	18	12.5869
8	19	12.5869
18	49	-12.5867
19	48	-12.5867
19	78	-12.5814
18	79	-12.5814
33	60	-12.5718
32	61	-12.5718
47	94	-12.5694
46	95	-12.5694
3	18	12.5676
2	19	12.5676
40	75	-12.5597
41	74	-12.5597
59	92	-12.5539
58	93	-12.5539
3	70	-12.5538
2	71	-12.5538
11	50	12.5525
10	51	12.5525
19	88	12.5479
18	89	12.5479
71	78	12.5477
70	79	12.5477
38	77	12.5457
39	76	12.5457
9	16	-12.54
8	17	-12.54
26	57	12.5362
27	56	12.5362
3	44	-12.5218
2	45	-12.5218
45	98	12.5166
44	99	12.5166
14	89	12.5165
15	88	12.5165
8	71	-12.5128
9	70	-12.5128
9	46	-12.512
8	47	-12.512
8	45	-12.5059
9	44	-12.5059
73	90	-12.5033
72	91	-12.5033
31	84	12.4935
30	85	12.4935
19	56	-12.4899
18	57	-12.4899
44	49	12.4869
45	48	12.4869
21	74	12.4848
20	75	12.4848
50	97	12.4745
51	96	12.4745
35	62	-12.4684
34	63	-12.4684
26	89	-12.4535
27	88	-12.4535
7	50	12.4532
6	51	12.4532
1	14	-12.4455
0	15	-12.4455
8	13	12.4454
9	12	12.4454
45	78	12.4435
44	79	12.4435
19	96	-12.4302
18	97	-12.4302
28	79	-12.4271
29	78	-12.4271
45	84	-12.4166
44	85	-12.4166
44	97	12.4142
45	96	12.4142
11	44	12.4079
10	45	12.4079
63	74	12.4049
62	75	12.4049
17	68	-12.4018
16	69	-12.4018
48	51	12.3972
49	50	12.3972
20	51	12.3938
21	50	12.3938
1	94	-12.3917
0	95	-12.3917
70	89	-12.3897
71	88	-12.3897
37	62	-12.368
36	63	-12.368
19	58	-12.3672
18	59	-12.3672
2	65	-12.366
3	64	-12.366
10	19	-12.3637
11	18	-12.3637
4	93	-12.3597
5	92	-12.3597
44	57	12.3579
45	56	12.3579
26	91	12.3535
27	90	12.3535
9	64	-12.3486
8	65	-12.3486
68	79	-12.3435
69	78	-12.3435
36	59	-12.3414
37	58	-12.3414
33	52	12.3274
32	53	12.3274
45	88	-12.3235
44	89	-12.3235
19	80	-12.322
18	81	-12.322
33	62	12.3109
32	63	12.3109
12	47	-12.3084
13	46	-12.3084
66	89	12.3023
67	88	12.3023
37	46	-12.2916
36	47	-12.2916
43	56	-12.2913
42	57	-12.2913
57	94	-12.2817
56	95	-12.2817
17	18	-12.2794
16	19	-12.2794
47	92	-12.279
46	93	-12.279
66	85	12.2736
67	84	12.2736
3	46	-12.2725
2	47	-12.2725
34	89	12.26
35	88	12.26
0	19	-12.2552
1	18	-12.2552
45	92	-12.2539
44	93	-12.2539
34	87	12.2534
35	86	12.2534
2	49	-12.2422
3	48	-12.2422
44	59	12.2384
45	58	12.2384
45	80	12.2324
44	81	12.2324
43	90	-12.2287
42	91	-12.2287
2	17	-12.2283
3	16	-12.2283
1	12	-12.2175
0	13	-12.2175
3	90	-12.2137
2	91	-12.2137
15	44	-12.2041
14	45	-12.2041
17	86	-12.1979
16	87	-12.1979
15	24	-12.1851
14	25	-12.1851
17	70	12.1851
16	71	12.1851
17	44	12.1838
16	45	12.1838
3	12	12.1813
2	13	12.1813
10	75	12.1747
11	74	12.1747
13	20	-12.1698
12	21	-12.1698
12	57	-12.1687
13	56	-12.1687
3	4	-12.153
2	5	-12.153
21	94	-12.1477
20	95	-12.1477
9	90	-12.1467
8	91	-12.1467
29	46	-12.13
28	47	-12.13
5	8	-12.1218
4	9	-12.1218
17	40	-12.1217
16	41	-12.1217
0	45	12.1169
1	44	12.1169
74	97	12.1065
75	96	12.1065
64	85	-12.1058
65	84	-12.1058
18	85	12.1055
19	84	12.1055
9	94	12.1042
8	95	12.1042
28	59	-12.0843
29	58	-12.0843
30	89	12.0806
31	88	12.0806
21	90	12.0612
20	91	12.0612
79	86	-12.0593
78	87	-12.0593
41	78	-12.0585
40	79	-12.0585
36	89	12.055
37	88	12.055
49	74	12.0544
48	75	12.0544
56	85	-12.0444
57	84	-12.0444
90	93	-12.0376
91	92	-12.0376
21	60	-12.0375
20	61	-12.0375
73	80	-12.0317
72	81	-12.0317
77	90	12.0235
76	91	12.0235
20	77	12.0221
21	76	12.0221
5	50	12.0098
4	51	12.0098
19	46	-12.0085
18	47	-12.0085
52	89	-12.0072
53	88	-12.0072
25	64	11.9971
24	65	11.9971
7	74	11.9953
6	75	11.9953
60	81	-11.9904
61	80	-11.9904
33	94	-11.9887
32	95	-11.9887
72	89	11.9868
73	88	11.9868
65	72	-11.986
64	73	-11.986
28	35	11.9854
29	34	11.9854
2	7	-11.9849
3	6	-11.9849
38	95	-11.9794
39	94	-11.9794
63	68	-11.9778
62	69	-11.9778
6	61	-11.9665
7	60	-11.9665
59	68	-11.9436
58	69	-11.9436
33	76	11.94
32	77	11.94
29	62	-11.9188
28	63	-11.9188
45	46	11.9166
44	47	11.9166
6	9	-11.9115
7	8	-11.9115
47	68	-11.9081
46	69	-11.9081
54	63	11.9062
55	62	11.9062
12	33	-11.906
13	32	-11.906
22	61	11.9018
23	60	11.9018
32	35	-11.8807
33	34	-11.8807
21	82	-11.8622
20	83	-11.8622
38	51	11.8586
39	50	11.8586
88	99	-11.8514
89	98	-11.8514
44	71	11.8497
45	70	11.8497
81	98	11.846
80	99	11.846
64	99	11.8406
65	98	11.8406
69	88	11.8384
68	89	11.8384
3	94	11.8359
2	95	11.8359
14	57	-11.835
15	56	-11.835
18	67	11.8171
19	66	11.8171
13	38	-11.8083
12	39	-11.8083
6	53	11.8002
7	52	11.8002
35	54	-11.7998
34	55	-11.7998
39	84	-11.7915
38	85	-11.7915
8	97	-11.7776
9	96	-11.7776
25	98	11.7662
24	99	11.7662
34	41	11.7634
35	40	11.7634
23	76	-11.7599
22	77	-11.7599
18	71	-11.7549
19	70	-11.7549
81	94	-11.7518
80	95	-11.7518
27	80	11.7502
26	81	11.7502
47	86	-11.7464
46	87	-11.7464
6	11	11.74
7	10	11.74
35	58	-11.7301
34	59	-11.7301
58	87	-11.7108
59	86	-11.7108
38	57	11.7102
39	56	11.7102
41	62	-11.7033
40	63	-11.7033
13	80	-11.6886
12	81	-11.6886
41	58	-11.6781
40	59	-11.6781
0	67	-11.6709
1	66	-11.6709
24	57	11.6626
25	56	11.6626
20	73	-11.6623
21	72	-11.6623
40	89	11.6602
41	88	11.6602
3	74	-11.6598
2	75	-11.6598
76	83	-11.6588
77	82	-11.6588
41	46	-11.6575
40	47	-11.6575
1	30	-11.6351
0	31	-11.6351
26	65	11.6173
27	64	11.6173
11	22	-11.6127
10	23	-11.6127
19	30	11.6087
18	31	11.6087
4	75	11.6043
5	74	11.6043
63	86	-11.6043
62	87	-11.6043
61	64	-11.6036
60	65	-11.6036
32	89	-11.5664
33	88	-11.5664
35	78	-11.5623
34	79	-11.5623
61	82	11.5456
60	83	11.5456
5	60	-11.5419
4	61	-11.5419
35	68	11.5335
34	69	11.5335
24	45	11.5316
25	44	11.5316
48	71	11.5274
49	70	11.5274
1	92	-11.527
0	93	-11.527
42	81	-11.5261
43	80	-11.5261
25	92	-11.5261
24	93	-11.5261
8	75	-11.5254
9	74	-11.5254
39	74	11.5223
38	75	11.5223
0	55	11.5177
1	54	11.5177
25	26	11.5101
24	27	11.5101
18	65	-11.5074
19	64	-11.5074
20	27	11.502
21	26	11.502
24	43	-11.5003
25	42	-11.5003
25	72	-11.4728
24	73	-11.4728
2	51	-11.4581
3	50	-11.4581
20	99	11.4557
21	98	11.4557
11	82	-11.4432
10	83	-11.4432
28	89	11.4322
29	88	11.4322
45	64	11.4308
44	65	11.4308
80	91	11.4226
81	90	11.4226
2	97	-11.4138
3	96	-11.4138
4	11	11.3865
5	10	11.3865
20	23	-11.3641
21	22	-11.3641
0	33	11.361
1	32	11.361
9	50	-11.3602
8	51	-11.3602
43	64	-11.3601
42	65	-11.3601
5	52	11.3509
4	53	11.3509
21	42	-11.3487
20	43	-11.3487
32	51	11.3426
33	50	11.3426
45	66	-11.3404
44	67	-11.3404
34	47	-11.3265
35	46	-11.3265
87	88	11.3198
86	89	11.3198
15	84	11.3183
14	85	11.3183
9	10	-11.2918
8	11	-11.2918
6	97	11.2867
7	96	11.2867
22	51	-11.2801
23	50	-11.2801
0	85	-11.2612
1	84	-11.2612
4	21	11.2414
5	20	11.2414
19	36	11.2364
18	37	11.2364
34	37	11.2248
35	36	11.2248
22	75	-11.2225
23	74	-11.2225
19	24	-11.2176
18	25	-11.2176
50	91	11.2123
51	90	11.2123
22	97	-11.2112
23	96	-11.2112
84	89	11.2045
85	88	11.2045
57	92	-11.1846
56	93	-11.1846
65	94	-11.1808
64	95	-11.1808
1	36	-11.1764
0	37	-11.1764
30	45	-11.1647
31	44	-11.1647
85	92	11.1361
84	93	11.1361
16	35	-11.1346
17	34	-11.1346
57	66	-11.113
56	67	-11.113
14	81	-11.109
15	80	-11.109
3	76	-11.1065
2	77	-11.1065
65	90	11.0884
64	91	11.0884
80	83	-11.0811
81	82	-11.0811
12	65	-11.0802
13	64	-11.0802
9	76	-11.0663
8	77	-11.0663
39	64	11.0588
38	65	11.0588
31	56	-11.0581
30	57	-11.0581
32	75	11.0572
33	74	11.0572
71	74	11.036
70	75	11.036
14	65	-11.0237
15	64	-11.0237
82	97	-11.0232
83	96	-11.0232
76	89	-11.0224
77	88	-11.0224
61	90	-11.018
60	91	-11.018
50	83	-11.0178
51	82	-11.0178
52	71	10.9968
53	70	10.9968
2	11	-10.9906
3	10	-10.9906
4	97	10.9875
5	96	10.9875
30	35	10.9862
31	34	10.9862
45	82	-10.98
44	83	-10.98
22	53	-10.9712
23	52	-10.9712
10	91	10.9686
11	90	10.9686
7	94	-10.9432
6	95	-10.9432
7	20	10.934
6	21	10.934
0	29	-10.9329
1	28	-10.9329
35	38	-10.9197
34	39	-10.9197
5	88	-10.9172
4	89	-10.9172
63	84	-10.9167
62	85	-10.9167
41	70	-10.9078
40	71	-10.9078
15	20	-10.907
14	21	-10.907
9	60	10.9066
8	61	10.9066
1	68	-10.8952
0	69	-10.8952
18	69	10.8945
19	68	10.8945
75	90	10.892
74	91	10.892
71	96	10.8915
70	97	10.8915
55	88	-10.8808
54	89	-10.8808
71	86	-10.876
70	87	-10.876
55	56	10.8736
54	57	10.8736
74	83	-10.8586
75	82	-10.8586
37	44	-10.8536
36	45	-10.8536
50	71	10.8444
51	70	10.8444
1	24	10.8438
0	25	10.8438
39	80	10.8434
38	81	10.8434
89	90	-10.84
88	91	-10.84
53	82	-10.8389
52	83	-10.8389
4	95	-10.8326
5	94	-10.8326
35	66	10.8131
34	67	10.8131
34	49	-10.8088
35	48	-10.8088
22	45	-10.8043
23	44	-10.8043
24	77	10.7971
25	76	10.7971
6	13	-10.7949
7	12	-10.7949
64	93	-10.7936
65	92	-10.7936
80	93	-10.7866
81	92	-10.7866
13	34	10.7865
12	35	10.7865
42	85	10.776
43	84	10.776
23	80	-10.7738
22	81	-10.7738
53	90	10.7726
52	91	10.7726
5	80	10.7561
4	81	10.7561
4	13	-10.7531
5	12	-10.7531
75	84	-10.7456
74	85	-10.7456
6	49	10.7406
7	48	10.7406
85	98	-10.7406
84	99	-10.7406
0	41	-10.7387
1	40	-10.7387
65	82	-10.7338
64	83	-10.7338
7	16	10.7309
6	17	10.7309
18	29	10.7292
19	28	10.7292
51	88	-10.7212
50	89	-10.7212
69	70	-10.7135
68	71	-10.7135
13	70	-10.7075
12	71	-10.7075
36	57	-10.7041
37	56	-10.7041
2	61	10.7021
3	60	10.7021
18	83	10.6982
19	82	10.6982
27	84	-10.6876
26	85	-10.6876
19	40	10.6837
18	41	10.6837
0	87	-10.6828
1	86	-10.6828
18	55	-10.6806
19	54	-10.6806
55	70	10.6741
54	71	10.6741
23	94	10.6727
22	95	10.6727
6	89	-10.6649
7	88	-10.6649
28	71	-10.6621
29	70	-10.6621
8	53	-10.6608
9	52	-10.6608
21	92	-10.6581
20	93	-10.6581
22	49	-10.658
23	48	-10.658
56	91	10.6523
57	90	10.6523
6	47	10.6506
7	46	10.6506
32	71	10.6437
33	70	10.6437
71	94	-10.6335
70	95	-10.6335
22	65	-10.6327
23	64	-10.6327
33	56	10.6259
32	57	10.6259
90	97	10.618
91	96	10.618
70	93	-10.6001
71	92	-10.6001
34	95	10.5903
35	94	10.5903
44	69	-10.5821
45	68	-10.5821
2	53	-10.5815
3	52	-10.5815
73	84	10.5692
72	85	10.5692
65	66	-10.5676
64	67	-10.5676
74	89	-10.5611
75	88	-10.5611
2	55	-10.5611
3	54	-10.5611
50	85	-10.5586
51	84	-10.5586
18	23	10.5576
19	22	10.5576
66	81	-10.55
67	80	-10.55
11	70	10.5429
10	71	10.5429
11	24	10.5378
10	25	10.5378
4	65	10.5374
5	64	10.5374
19	86	10.5372
18	87	10.5372
4	49	10.5366
5	48	10.5366
30	65	-10.5207
31	64	-10.5207
6	81	10.5133
7	80	10.5133
90	95	-10.5108
91	94	-10.5108
56	83	-10.509
57	82	-10.509
40	65	-10.5075
41	64	-10.5075
3	86	10.5022
2	87	10.5022
56	69	-10.5011
57	68	-10.5011
48	83	-10.4972
49	82	-10.4972
31	80	-10.4958
30	81	-10.4958
8	55	-10.477
9	54	-10.477
25	88	-10.4746
24	89	-10.4746
5	16	10.474
4	17	10.474
13	90	-10.4703
12	91	-10.4703
37	70	-10.4656
36	71	-10.4656
28	57	-10.4641
29	56	-10.4641
29	44	-10.4641
28	45	-10.4641
24	61	-10.4601
25	60	-10.4601
45	90	10.4594
44	91	10.4594
71	76	10.4552
70	77	10.4552
55	64	10.4549
54	65	10.4549
21	38	10.4543
20	39	10.4543
76	85	-10.4432
77	84	-10.4432
6	79	10.4431
7	78	10.4431
65	68	-10.4413
64	69	-10.4413
37	64	-10.4261
36	65	-10.4261
41	44	-10.4225
40	45	-10.4225
58	85	-10.4217
59	84	-10.4217
44	55	10.419
45	54	10.419
35	52	-10.4162
34	53	-10.4162
12	23	10.4153
13	22	10.4153
7	58	10.4151
6	59	10.4151
83	94	10.414
82	95	10.414
4	47	10.4074
5	46	10.4074
41	56	-10.4049
40	57	-10.4049
3	40	10.3923
2	41	10.3923
8	93	10.377
9	92	10.377
20	67	-10.3739
21	66	-10.3739
54	81	10.373
55	80	10.373
3	32	-10.3656
2	33	-10.3656
15	34	10.3606
14	35	10.3606
25	62	10.3583
24	63	10.3583
78	85	-10.3557
79	84	-10.3557
16	23	-10.3361
17	22	-10.3361
6	65	10.3348
7	64	10.3348
45	86	-10.3275
44	87	-10.3275
32	65	10.3245
33	64	10.3245
9	72	10.3238
8	73	10.3238
20	31	-10.3194
21	30	-10.3194
12	85	10.3163
13	84	10.3163
3	28	10.316
2	29	10.316
37	80	-10.3117
36	81	-10.3117
61	70	-10.3113
60	71	-10.3113
22	57	-10.3105
23	56	-10.3105
34	97	-10.3093
35	96	-10.3093
25	50	10.3084
24	51	10.3084
56	87	-10.3034
57	86	-10.3034
8	99	-10.3029
9	98	-10.3029
19	90	-10.301
18	91	-10.301
8	87	10.293
9	86	10.293
16	83	-10.2857
17	82	-10.2857
9	42	10.2744
8	43	10.2744
65	86	-10.2665
64	87	-10.2665
25	96	10.2613
24	97	10.2613
9	26	-10.2607
8	27	-10.2607
2	73	10.2591
3	72	10.2591
47	84	-10.2582
46	85	-10.2582
3	68	10.2568
2	69	10.2568
49	90	10.2564
48	91	10.2564
8	33	-10.256
9	32	-10.256
3	98	-10.2539
2	99	-10.2539
5	78	10.2535
4	79	10.2535
40	81	-10.2515
41	80	-10.2515
25	52	10.251
24	53	10.251
68	81	-10.2464
69	80	-10.2464
5	56	10.2374
4	57	10.2374
29	64	-10.2313
28	65	-10.2313
3	92	10.2303
2	93	10.2303
34	75	-10.2229
35	74	-10.2229
5	58	10.2217
4	59	10.2217
9	40	10.2183
8	41	10.2183
12	83	10.215
13	82	10.215
9	38	-10.2122
8	39	-10.2122
22	79	-10.2119
23	78	-10.2119
30	71	-10.2119
31	70	-10.2119
4	45	10.2083
5	44	10.2083
2	39	-10.1983
3	38	-10.1983
84	95	10.1967
85	94	10.1967
1	90	10.1956
0	91	10.1956
61	84	10.1944
60	85	10.1944
66	71	-10.192
67	70	-10.192
23	46	-10.1877
22	47	-10.1877
35	60	10.1791
34	61	10.1791
25	74	10.1787
24	75	10.1787
17	90	10.1778
16	91	10.1778
34	99	-10.1768
35	98	-10.1768
20	55	10.1765
21	54	10.1765
79	82	-10.171
78	83	-10.171
35	92	10.1704
34	93	10.1704
25	58	10.1684
24	59	10.1684
17	84	-10.1645
16	85	-10.1645
33	80	10.1641
32	81	10.1641
3	26	-10.1632
2	27	-10.1632
9	28	10.1586
8	29	10.1586
34	43	10.1581
35	42	10.1581
2	43	10.1566
3	42	10.1566
27	34	-10.1563
26	35	-10.1563
46	83	-10.1555
47	82	-10.1555
11	84	-10.15
10	85	-10.15
39	70	10.148
38	71	10.148
20	37	-10.1409
21	36	-10.1409
47	90	10.1391
46	91	10.1391
70	73	-10.1347
71	72	-10.1347
6	45	10.1347
7	44	10.1347
6	57	10.1322
7	56	10.1322
11	34	-10.1308
10	35	-10.1308
29	80	-10.1289
28	81	-10.1289
0	83	-10.1272
1	82	-10.1272
9	68	10.1272
8	69	10.1272
35	72	10.1251
34	73	10.1251
7	62	10.1204
6	63	10.1204
3	36	10.1172
2	37	10.1172
23	58	-10.1156
22	59	-10.1156
4	19	-10.1155
5	18	-10.1155
35	50	-10.1152
34	51	-10.1152
24	79	10.1139
25	78	10.1139
8	15	10.1096
9	14	10.1096
48	85	-10.1095
49	84	-10.1095
59	82	-10.1025
58	83	-10.1025
25	46	10.0995
24	47	10.0995
81	86	-10.0993
80	87	-10.0993
70	99	10.0883
71	98	10.0883
62	83	-10.0842
63	82	-10.0842
17	24	10.0777
16	25	10.0777
23	62	-10.0724
22	63	-10.0724
1	6	10.0687
0	7	10.0687
4	63	10.0668
5	62	10.0668
20	69	-10.0665
21	68	-10.0665
26	71	10.0605
27	70	10.0605
21	40	-10.0594
20	41	-10.0594
84	97	-10.0544
85	96	-10.0544
7	18	-10.0525
6	19	-10.0525
79	90	10.052
78	91	10.052
0	23	-10.0488
1	22	-10.0488
22	89	10.048
23	88	10.048
9	36	10.0453
8	37	10.0453
25	48	10.0432
24	49	10.0432
59	90	10.0422
58	91	10.0422
0	5	10.041
1	4	10.041
20	33	10.039
21	32	10.039
3	14	10.0375
2	15	10.0375
82	89	10.0366
83	88	10.0366
42	71	-10.0352
43	70	-10.0352
63	90	10.0279
62	91	10.0279
21	28	-10.0274
20	29	-10.0274
2	31	10.0264
3	30	10.0264
25	94	-10.0144
24	95	-10.0144
2	67	10.0143
3	66	10.0143
9	66	10.0137
8	67	10.0137
14	71	-10.0083
15	70	-10.0083
13	24	-10.0077
12	25	-10.0077
20	87	-10.0024
21	86	-10.0024
35	76	-10.0024
34	77	-10.0024
53	84	-10.0018
52	85	-10.0018
9	30	10.0012
8	31	10.0012
72	98	-1.99784
30	66	1.99765
40	68	1.99628
2	8	1.99564
12	94	1.99457
18	44	-1.99433
50	74	1.99333
4	6	1.99305
36	68	1.99249
26	42	-1.99202
28	86	1.99162
46	58	1.99105
10	96	1.99102
16	58	1.99058
16	78	1.99036
58	78	1.98963
14	42	1.9896
16	46	1.98799
68	86	1.98732
40	86	1.986
36	66	1.98514
4	90	1.9851
26	72	-1.98429
28	36	1.98252
30	36	1.98195
48	96	1.98145
0	56	1.98099
26	98	1.9794
36	40	1.97834
28	68	1.97765
14	26	-1.97737
36	86	1.97688
64	80	1.9767
56	80	1.97633
50	76	1.97469
62	78	1.97453
22	82	1.97368
14	66	1.97264
28	30	1.97228
20	80	1.97075
14	30	1.97034
46	78	1.96888
6	90	1.96824
28	40	1.96572
32	38	1.96402
28	66	1.96316
48	78	1.96274
66	68	1.9571
42	72	1.95456
42	60	1.95378
30	68	1.95311
58	62	1.9515
56	64	1.94874
16	48	1.94818
42	98	-1.94795
10	48	1.94771
74	76	1.94321
30	86	1.94306
0	58	1.94194
20	56	1.93977
48	62	1.93815
66	86	1.93686
14	98	-1.93617
16	62	1.9352
14	72	1.93475
26	60	-1.93466
42	66	1.9343
16	96	1.93215
0	46	1.93203
40	66	1.92928
30	42	1.9273
30	40	1.92491
78	96	1.9246
60	94	1.92332
0	80	1.92107
14	36	1.91969
48	58	1.91847
52	72	-1.91768
24	82	-1.91754
66	92	1.9165
36	92	1.91455
0	64	1.90876
14	60	1.90827
10	16	1.90654
46	62	1.90421
26	66	-1.90361
26	30	-1.90249
20	64	1.90039
68	92	1.89787
72	76	-1.89763
0	78	1.89714
76	98	1.89708
52	76	1.89591
52	98	1.89349
24	90	1.89201
0	16	1.89119
46	48	1.89024
14	28	1.88972
30	92	1.88843
26	52	1.88631
60	72	1.88344
10	78	1.88323
58	96	1.88205
12	60	1.88183
0	62	1.88157
14	92	1.88119
40	92	1.87743
34	84	1.87538
46	96	1.87307
52	60	-1.873
56	58	1.87055
54	98	1.86818
14	68	1.86755
30	54	-1.86748
42	92	1.8673
24	34	-1.86474
36	42	1.8646
62	96	1.86383
22	84	1.86225
0	20	1.86106
60	98	-1.85955
50	52	1.85923
82	84	1.8584
30	98	-1.85747
28	54	-1.85734
60	92	1.85682
10	46	1.84995
46	56	1.84825
42	52	-1.8476
66	98	-1.84741
30	72	1.84554
10	58	1.84468
14	54	-1.84437
14	86	1.83989
66	72	1.83896
54	72	-1.83622
54	66	-1.83537
56	62	1.83536
62	88	-1.83532
28	92	1.8288
60	66	1.82653
14	40	1.82474
4	24	1.82461
86	92	1.82416
10	38	1.82236
26	36	-1.82225
56	78	1.82118
28	42	1.81963
26	54	1.81936
52	74	1.81873
6	24	1.81864
22	24	-1.81721
24	84	-1.81559
26	76	1.81325
20	70	1.80752
30	60	1.80408
42	68	1.80312
26	92	-1.8031
16	56	1.80016
10	62	1.79914
50	72	-1.79707
54	86	-1.79655
48	88	-1.79595
36	54	-1.7929
42	54	-1.79229
22	86	1.79182
50	98	1.79127
26	28	-1.7897
34	70	-1.78334
92	94	1.78189
42	94	1.78111
14	52	-1.77975
6	54	1.77417
12	18	1.77294
70	80	1.76979
82	90	-1.76601
42	86	1.76311
6	82	-1.76111
0	48	1.758
36	98	-1.75734
40	42	1.75491
26	68	-1.7543
58	80	1.75392
22	28	1.75245
28	98	-1.75086
38	96	1.74838
54	68	-1.74767
36	60	1.74548
36	72	1.74548
42	76	-1.74238
26	94	-1.74222
22	40	1.73604
78	88	-1.73561
58	64	1.73529
52	94	-1.73399
46	64	1.73393
72	74	-1.73292
46	80	1.73029
12	92	1.73003
18	94	1.72965
28	72	1.72958
64	70	1.72872
4	82	-1.72783
34	82	1.72742
74	98	1.72573
26	86	-1.72418
62	80	1.72223
82	86	1.72195
20	62	1.72165
12	42	1.72022
54	76	1.71635
14	94	1.71367
40	54	-1.71114
12	44	-1.7105
14	76	-1.7068
22	68	1.70678
4	54	1.70573
26	40	-1.70288
72	92	1.69965
88	96	-1.6996
26	50	1.6991
28	82	1.69869
20	58	1.69529
12	52	-1.69469
78	80	1.69435
0	96	1.69371
92	98	-1.69099
68	98	-1.68545
12	26	-1.68129
60	68	1.67987
20	34	-1.67636
86	98	-1.6759
68	72	1.67202
72	94	1.67111
60	76	-1.67073
16	80	1.6692
48	56	1.66618
10	32	1.6661
24	70	1.66308
44	94	-1.66295
28	60	1.66247
64	78	1.6612
2	84	1.66008
58	88	-1.65965
22	36	1.65839
16	88	-1.65789
16	64	1.65729
62	64	1.65504
72	86	1.65498
20	78	1.65264
20	46	1.64945
22	34	1.64927
12	14	1.64775
40	82	1.64451
0	10	1.64399
6	22	-1.63948
52	66	-1.63743
56	70	1.63663
54	82	-1.63654
94	98	-1.63646
40	98	-1.63301
66	94	1.63281
30	52	-1.63188
26	74	1.63134
40	60	1.62994
22	90	-1.62827
34	90	-1.62492
38	48	1.6249
54	90	1.62394
68	82	1.62342
42	50	-1.62328
10	88	-1.61991
8	88	1.61953
40	72	1.61875
12	72	1.61226
60	86	1.60963
22	54	-1.60876
8	84	1.60736
54	60	-1.60608
16	20	1.60496
22	30	1.60156
30	94	1.59654
4	22	-1.59515
30	76	-1.59467
54	92	-1.59411
52	54	1.58878
36	82	1.58685
2	34	1.58557
56	96	1.58266
32	96	1.58221
46	88	-1.5813
50	54	1.57852
14	50	-1.57847
66	76	-1.57846
12	98	-1.57625
16	38	1.57564
22	66	1.57472
18	52	-1.57464
50	60	-1.57422
70	90	1.57324
52	92	-1.57316
6	28	-1.56667
12	66	1.56449
36	94	1.56058
18	60	1.55955
2	88	1.55833
8	34	1.55687
42	74	-1.55573
30	82	1.55234
0	88	-1.54808
34	80	-1.54014
84	90	-1.53521
6	86	-1.53004
36	52	-1.52851
48	80	1.52835
12	30	1.52743
56	88	-1.52482
10	56	1.52309
38	46	1.52182
4	34	-1.51949
66	82	1.51868
44	52	1.51808
38	78	1.51581
60	74	-1.5138
14	74	-1.51053
54	74	1.5097
0	70	1.50657
68	94	1.50442
6	30	-1.5003
24	54	1.49804
20	88	-1.49753
20	48	1.49744
4	28	-1.49693
6	34	-1.49463
48	64	1.49342
12	36	1.49338
44	60	-1.48819
28	76	-1.48675
28	52	-1.48209
38	58	1.48189
36	76	-1.48024
24	86	-1.47931
70	84	-1.47872
6	84	-1.47756
24	28	-1.46666
4	84	-1.46574
76	94	-1.46476
10	14	-1.46437
4	86	-1.46425
30	50	-1.4642
40	94	1.46182
38	54	1.46139
14	96	-1.46094
42	96	-1.46088
4	70	1.46034
6	66	-1.45991
6	36	-1.45935
28	90	-1.45928
10	42	-1.45667
26	96	1.45505
10	26	1.45491
32	82	-1.45454
52	68	-1.45358
32	48	1.45175
50	66	-1.45136
42	48	-1.45119
28	94	1.45113
28	38	-1.45065
10	30	-1.45005
10	66	-1.44817
48	60	-1.44777
16	72	-1.44675
22	32	-1.44664
6	68	-1.44599
52	58	1.44522
6	98	1.44519
84	86	1.44366
34	56	-1.44237
26	48	1.44214
14	22	1.44132
80	96	1.44116
10	98	1.44092
46	52	1.44071
16	98	1.44026
8	20	-1.44023
86	90	-1.43971
12	68	1.43942
66	96	-1.43857
14	48	-1.43848
10	72	-1.43822
16	52	1.43733
16	26	1.43719
30	96	-1.43572
34	64	-1.43535
28	32	-1.4346
38	86	-1.43383
46	76	1.43365
46	72	-1.43319
52	78	1.43304
80	88	-1.433
72	96	-1.43285
2	20	-1.43263
6	40	-1.43256
60	62	-1.43251
96	98	1.43146
4	30	-1.4304
26	78	1.43034
60	96	-1.42951
32	86	-1.42915
72	78	-1.42893
64	96	1.4282
30	38	-1.42816
46	98	1.427
58	72	-1.42674
60	78	-1.42571
8	62	-1.42522
0	52	1.42411
6	14	-1.42321
12	76	-1.42247
42	78	-1.42143
12	88	1.42122
16	42	-1.42063
32	54	1.41948
88	94	1.41933
78	98	1.41825
10	36	-1.41804
58	98	1.41654
48	72	-1.41593
76	86	-1.41504
70	82	-1.41455
68	76	-1.41438
86	94	1.41376
52	86	-1.41316
26	58	1.41285
76	92	-1.41241
38	66	-1.41214
36	38	-1.41042
48	98	1.40859
46	50	1.40845
10	28	-1.4084
10	60	-1.4079
26	46	1.40784
52	62	1.4067
36	96	-1.40473
16	76	1.40438
48	66	-1.404
16	60	-1.40369
40	52	-1.40317
10	54	1.4031
30	74	-1.40306
58	76	1.40289
14	82	1.4024
6	72	-1.40234
38	68	-1.40067
22	92	1.40055
6	70	1.40047
62	94	-1.40042
12	40	1.39898
14	16	-1.39882
24	40	-1.39881
92	96	-1.39793
48	92	-1.39691
0	50	1.39617
4	36	-1.3956
30	48	-1.39544
28	84	1.39463
14	78	-1.39376
42	58	-1.39375
38	62	1.39358
40	84	1.39343
4	66	-1.39301
52	56	1.39269
50	94	-1.3926
58	60	-1.39245
14	38	-1.39237
16	32	1.39193
42	62	-1.39192
66	74	-1.39184
30	32	-1.39154
20	96	1.39153
26	62	1.3907
38	40	-1.39064
6	32	1.39055
0	74	1.39017
20	84	-1.38981
10	68	-1.38878
32	68	-1.38699
32	36	-1.38646
46	74	1.38578
4	68	-1.38561
32	44	1.38482
32	40	-1.38459
12	28	1.38451
0	76	1.38436
12	62	-1.38378
48	94	-1.38305
10	64	1.38277
10	80	1.38242
10	92	-1.38227
28	96	-1.38213
2	62	-1.38196
24	68	-1.38192
42	46	-1.38136
10	86	-1.37832
48	52	1.37785
6	26	1.37666
4	98	1.37643
62	72	-1.37606
32	66	-1.3755
30	90	-1.37521
50	58	1.3749
4	40	-1.37483
38	82	-1.37482
64	74	1.37337
68	96	-1.37334
40	76	-1.37212
22	38	-1.37067
6	38	1.36955
24	32	1.36812
38	98	1.36787
76	78	1.36784
52	96	1.36779
20	24	1.36665
28	50	-1.36663
36	50	-1.36612
18	42	1.36557
10	40	-1.36512
54	94	-1.36439
26	38	1.36367
16	50	1.36365
36	48	-1.36357
14	58	-1.36333
54	96	1.36318
18	26	-1.36224
46	60	-1.3614
38	42	-1.36083
4	32	1.36053
68	90	-1.35962
10	52	1.35945
62	98	1.35942
12	50	-1.35885
36	90	-1.358
12	48	-1.35786
56	74	1.35764
40	90	-1.35701
14	46	-1.35619
50	56	1.35595
68	84	1.35593
4	14	-1.35578
38	72	-1.35479
14	62	-1.35469
18	32	-1.35438
50	64	1.3542
24	36	-1.3539
6	42	-1.35382
32	90	1.35264
86	96	-1.35228
6	76	1.35111
58	74	1.35069
60	88	1.35026
12	86	1.34976
78	94	-1.34933
8	56	-1.34872
40	96	-1.34824
18	72	1.34719
22	42	1.34656
88	92	1.34518
74	94	-1.3449
14	32	-1.34438
0	72	-1.34382
2	24	-1.34348
94	96	-1.34188
32	46	1.34144
66	90	-1.34032
64	88	-1.33899
32	78	1.3364
24	30	-1.33628
4	72	-1.33576
16	66	-1.33572
2	56	-1.33545
16	30	-1.33495
2	22	1.33456
16	74	1.33442
52	80	1.33405
18	50	-1.33344
4	38	1.33293
66	78	-1.33018
56	76	1.32914
48	68	-1.32885
0	98	1.32857
74	80	1.32785
50	78	1.32753
22	26	-1.32658
18	74	-1.32596
28	48	-1.32589
10	76	1.32531
12	78	-1.32484
30	78	-1.32463
22	98	-1.3245
82	92	1.32377
10	20	1.32334
2	82	1.32266
8	80	-1.32244
0	34	-1.32076
34	44	-1.32046
38	44	1.32007
62	70	1.32006
22	70	-1.31954
36	74	-1.31828
0	8	-1.31741
2	80	-1.31726
28	74	-1.31707
18	76	-1.31608
50	80	1.31541
12	74	-1.31516
50	68	-1.31495
50	92	-1.3149
82	98	-1.31426
76	96	1.31425
12	96	-1.31372
0	26	1.31371
32	42	-1.31317
52	64	1.31295
8	24	-1.31195
26	32	1.31166
50	86	-1.31145
4	26	1.31123
18	20	-1.31111
42	82	1.31058
16	54	1.31055
62	92	-1.31048
32	98	1.30815
8	78	-1.3079
20	52	1.30757
18	98	-1.3075
78	92	-1.30737
12	54	-1.30735
10	94	-1.30733
0	60	-1.30699
16	94	-1.30549
58	94	-1.30479
32	58	1.30389
20	44	1.30374
38	90	1.30373
24	66	-1.30296
36	84	1.30289
18	62	-1.30263
40	48	-1.3019
42	44	-1.30121
26	82	-1.30091
62	76	1.30044
0	2	-1.30044
26	44	1.29975
44	50	1.29973
48	54	1.29932
48	76	1.29885
74	78	1.29851
44	74	1.29806
64	76	1.29789
32	72	-1.29728
4	76	1.29633
58	70	1.29613
48	86	-1.29576
54	84	-1.29518
18	34	1.29463
22	72	1.29283
8	58	-1.29272
18	38	-1.29228
58	66	-1.29154
4	42	-1.29126
46	54	1.29123
62	66	-1.29047
30	58	-1.28894
44	72	-1.28883
38	92	-1.2884
14	90	-1.2879
90	98	1.28759
30	46	-1.28699
38	60	-1.28658
32	84	-1.28651
16	92	-1.28622
0	42	-1.28617
46	66	-1.28535
40	50	-1.28514
18	92	1.28446
44	62	1.28301
8	22	1.28229
56	72	-1.28106
16	36	-1.28059
12	58	-1.28022
72	82	1.27944
14	18	1.27858
10	12	-1.27851
30	62	-1.27844
12	16	-1.27829
68	74	-1.27763
0	38	1.27755
42	88	1.27717
8	82	1.27698
24	38	1.27522
36	78	-1.27498
38	88	-1.2739
44	76	1.27352
74	86	-1.27317
80	84	-1.27295
74	92	-1.27124
6	92	-1.27116
2	78	-1.27111
76	80	1.27014
56	60	-1.27011
54	78	1.2695
8	48	-1.26793
50	62	1.26627
38	52	1.26529
46	70	1.26437
24	80	1.26314
2	58	-1.26292
56	98	1.26239
54	58	1.26235
32	92	-1.25906
16	28	-1.25899
8	18	1.25869
18	48	-1.25867
18	78	-1.25814
32	60	-1.25718
46	94	-1.25694
2	18	1.25676
40	74	-1.25597
58	92	-1.25539
2	70	-1.25538
10	50	1.25525
18	88	1.25479
70	78	1.25477
38	76	1.25457
8	16	-1.254
26	56	1.25362
2	44	-1.25218
44	98	1.25166
14	88	1.25165
8	70	-1.25128
8	46	-1.2512
8	44	-1.25059
72	90	-1.25033
30	84	1.24935
18	56	-1.24899
44	48	1.24869
20	74	1.24848
50	96	1.24745
34	62	-1.24684
26	88	-1.24535
6	50	1.24532
0	14	-1.24455
8	12	1.24454
44	78	1.24435
18	96	-1.24302
28	78	-1.24271
44	84	-1.24166
44	96	1.24142
10	44	1.24079
62	74	1.24049
16	68	-1.24018
48	50	1.23972
20	50	1.23938
0	94	-1.23917
70	88	-1.23897
36	62	-1.2368
18	58	-1.23672
2	64	-1.2366
10	18	-1.23637
4	92	-1.23597
44	56	1.23579
26	90	1.23535
8	64	-1.23486
68	78	-1.23435
36	58	-1.23414
32	52	1.23274
44	88	-1.23235
18	80	-1.2322
32	62	1.23109
12	46	-1.23084
66	88	1.23023
36	46	-1.22916
42	56	-1.22913
56	94	-1.22817
16	18	-1.22794
46	92	-1.2279
66	84	1.22736
2	46	-1.22725
34	88	1.226
0	18	-1.22552
44	92	-1.22539
34	86	1.22534
2	48	-1.22422
44	58	1.22384
44	80	1.22324
42	90	-1.22287
2	16	-1.22283
0	12	-1.22175
2	90	-1.22137
14	44	-1.22041
16	86	-1.21979
14	24	-1.21851
16	70	1.21851
16	44	1.21838
2	12	1.21813
10	74	1.21747
12	20	-1.21698
12	56	-1.21687
2	4	-1.2153
20	94	-1.21477
8	90	-1.21467
28	46	-1.213
4	8	-1.21218
16	40	-1.21217
0	44	1.21169
74	96	1.21065
64	84	-1.21058
18	84	1.21055
8	94	1.21042
28	58	-1.20843
30	88	1.20806
20	90	1.20612
78	86	-1.20593
40	78	-1.20585
36	88	1.2055
48	74	1.20544
56	84	-1.20444
90	92	-1.20376
20	60	-1.20375
72	80	-1.20317
76	90	1.20235
20	76	1.20221
4	50	1.20098
18	46	-1.20085
52	88	-1.20072
24	64	1.19971
6	74	1.19953
60	80	-1.19904
32	94	-1.19887
72	88	1.19868
64	72	-1.1986
28	34	1.19854
2	6	-1.19849
38	94	-1.19794
62	68	-1.19778
6	60	-1.19665
58	68	-1.19436
32	76	1.194
28	62	-1.19188
44	46	1.19166
6	8	-1.19115
46	68	-1.19081
54	62	1.19062
12	32	-1.1906
22	60	1.19018
32	34	-1.18807
20	82	-1.18622
38	50	1.18586
88	98	-1.18514
44	70	1.18497
80	98	1.1846
64	98	1.18406
68	88	1.18384
2	94	1.18359
14	56	-1.1835
18	66	1.18171
12	38	-1.18083
6	52	1.18002
34	54	-1.17998
38	84	-1.17915
8	96	-1.17776
24	98	1.17662
34	40	1.17634
22	76	-1.17599
18	70	-1.17549
80	94	-1.17518
26	80	1.17502
46	86	-1.17464
6	10	1.174
34	58	-1.17301
58	86	-1.17108
38	56	1.17102
40	62	-1.17033
12	80	-1.16886
40	58	-1.16781
0	66	-1.16709
24	56	1.16626
20	72	-1.16623
40	88	1.16602
2	74	-1.16598
76	82	-1.16588
40	46	-1.16575
0	30	-1.16351
26	64	1.16173
10	22	-1.16127
18	30	1.16087
4	74	1.16043
62	86	-1.16043
60	64	-1.16036
32	88	-1.15664
34	78	-1.15623
60	82	1.15456
4	60	-1.15419
34	68	1.15335
24	44	1.15316
48	70	1.15274
0	92	-1.1527
42	80	-1.15261
24	92	-1.15261
8	74	-1.15254
38	74	1.15223
0	54	1.15177
24	26	1.15101
18	64	-1.15074
20	26	1.1502
24	42	-1.15003
24	72	-1.14728
2	50	-1.14581
20	98	1.14557
10	82	-1.14432
28	88	1.14322
44	64	1.14308
80	90	1.14226
2	96	-1.14138
4	10	1.13865
20	22	-1.13641
0	32	1.1361
8	50	-1.13602
42	64	-1.13601
4	52	1.13509
20	42	-1.13487
32	50	1.13426
44	66	-1.13404
34	46	-1.13265
86	88	1.13198
14	84	1.13183
8	10	-1.12918
6	96	1.12867
22	50	-1.12801
0	84	-1.12612
4	20	1.12414
18	36	1.12364
34	36	1.12248
22	74	-1.12225
18	24	-1.12176
50	90	1.12123
22	96	-1.12112
84	88	1.12045
56	92	-1.11846
64	94	-1.11808
0	36	-1.11764
30	44	-1.11647
84	92	1.11361
16	34	-1.11346
56	66	-1.1113
14	80	-1.1109
2	76	-1.11065
64	90	1.10884
80	82	-1.10811
12	64	-1.10802
8	76	-1.10663
38	64	1.10588
30	56	-1.10581
32	74	1.10572
70	74	1.1036
14	64	-1.10237
82	96	-1.10232
76	88	-1.10224
60	90	-1.1018
50	82	-1.10178
52	70	1.09968
2	10	-1.09906
4	96	1.09875
30	34	1.09862
44	82	-1.098
22	52	-1.09712
10	90	1.09686
6	94	-1.09432
6	20	1.0934
0	28	-1.09329
34	38	-1.09197
4	88	-1.09172
62	84	-1.09167
40	70	-1.09078
14	20	-1.0907
8	60	1.09066
0	68	-1.08952
18	68	1.08945
74	90	1.0892
70	96	1.08915
54	88	-1.08808
70	86	-1.0876
54	56	1.08736
74	82	-1.08586
36	44	-1.08536
50	70	1.08444
0	24	1.08438
38	80	1.08434
88	90	-1.084
52	82	-1.08389
4	94	-1.08326
34	66	1.08131
34	48	-1.08088
22	44	-1.08043
24	76	1.07971
6	12	-1.07949
64	92	-1.07936
80	92	-1.07866
12	34	1.07865
42	84	1.0776
22	80	-1.07738
52	90	1.07726
4	80	1.07561
4	12	-1.07531
74	84	-1.07456
6	48	1.07406
84	98	-1.07406
0	40	-1.07387
64	82	-1.07338
6	16	1.07309
18	28	1.07292
50	88	-1.07212
68	70	-1.07135
12	70	-1.07075
36	56	-1.07041
2	60	1.07021
18	82	1.06982
26	84	-1.06876
18	40	1.06837
0	86	-1.06828
18	54	-1.06806
54	70	1.06741
22	94	1.06727
6	88	-1.06649
28	70	-1.06621
8	52	-1.06608
20	92	-1.06581
22	48	-1.0658
56	90	1.06523
6	46	1.06506
32	70	1.06437
70	94	-1.06335
22	64	-1.06327
32	56	1.06259
90	96	1.0618
70	92	-1.06001
34	94	1.05903
44	68	-1.05821
2	52	-1.05815
72	84	1.05692
64	66	-1.05676
74	88	-1.05611
2	54	-1.05611
50	84	-1.05586
18	22	1.05576
66	80	-1.055
10	70	1.05429
10	24	1.05378
4	64	1.05374
18	86	1.05372
4	48	1.05366
30	64	-1.05207
6	80	1.05133
90	94	-1.05108
56	82	-1.0509
40	64	-1.05075
2	86	1.05022
56	68	-1.05011
48	82	-1.04972
30	80	-1.04958
8	54	-1.0477
24	88	-1.04746
4	16	1.0474
12	90	-1.04703
36	70	-1.04656
28	56	-1.04641
28	44	-1.04641
24	60	-1.04601
44	90	1.04594
70	76	1.04552
54	64	1.04549
20	38	1.04543
76	84	-1.04432
6	78	1.04431
64	68	-1.04413
36	64	-1.04261
40	44	-1.04225
58	84	-1.04217
44	54	1.0419
34	52	-1.04162
12	22	1.04153
6	58	1.04151
82	94	1.0414
4	46	1.04074
40	56	-1.04049
2	40	1.03923
8	92	1.0377
20	66	-1.03739
54	80	1.0373
2	32	-1.03656
14	34	1.03606
24	62	1.03583
78	84	-1.03557
16	22	-1.03361
6	64	1.03348
44	86	-1.03275
32	64	1.03245
8	72	1.03238
20	30	-1.03194
12	84	1.03163
2	28	1.0316
36	80	-1.03117
60	70	-1.03113
22	56	-1.03105
34	96	-1.03093
24	50	1.03084
56	86	-1.03034
8	98	-1.03029
18	90	-1.0301
8	86	1.0293
16	82	-1.02857
8	42	1.02744
64	86	-1.02665
24	96	1.02613
8	26	-1.02607
2	72	1.02591
46	84	-1.02582
2	68	1.02568
48	90	1.02564
8	32	-1.0256
2	98	-1.02539
4	78	1.02535
40	80	-1.02515
24	52	1.0251
68	80	-1.02464
4	56	1.02374
28	64	-1.02313
2	92	1.02303
34	74	-1.02229
4	58	1.02217
8	40	1.02183
12	82	1.0215
8	38	-1.02122
22	78	-1.02119
30	70	-1.02119
4	44	1.02083
2	38	-1.01983
84	94	1.01967
0	90	1.01956
60	84	1.01944
66	70	-1.0192
22	46	-1.01877
34	60	1.01791
24	74	1.01787
16	90	1.01778
34	98	-1.01768
20	54	1.01765
78	82	-1.0171
34	92	1.01704
24	58	1.01684
16	84	-1.01645
32	80	1.01641
2	26	-1.01632
8	28	1.01586
34	42	1.01581
2	42	1.01566
26	34	-1.01563
46	82	-1.01555
10	84	-1.015
38	70	1.0148
20	36	-1.01409
46	90	1.01391
70	72	-1.01347
6	44	1.01347
6	56	1.01322
10	34	-1.01308
28	80	-1.01289
0	82	-1.01272
8	68	1.01272
34	72	1.01251
6	62	1.01204
2	36	1.01172
22	58	-1.01156
4	18	-1.01155
34	50	-1.01152
24	78	1.01139
8	14	1.01096
48	84	-1.01095
58	82	-1.01025
24	46	1.00995
80	86	-1.00993
70	98	1.00883
62	82	-1.00842
16	24	1.00777
22	62	-1.00724
0	6	1.00687
4	62	1.00668
20	68	-1.00665
26	70	1.00605
20	40	-1.00594
84	96	-1.00544
6	18	-1.00525
78	90	1.0052
0	22	-1.00488
22	88	1.0048
8	36	1.00453
24	48	1.00432
58	90	1.00422
0	4	1.0041
20	32	1.0039
2	14	1.00375
82	88	1.00366
42	70	-1.00352
62	90	1.00279
20	28	-1.00274
2	30	1.00264
24	94	-1.00144
2	66	1.00143
8	66	1.00137
14	70	-1.00083
12	24	-1.00077
20	86	-1.00024
34	76	-1.00024
52	84	-1.00018
8	30	1.00012
