5	53	11.9992
29	49	-11.9976
9	25	-11.9975
27	85	11.9969
65	99	11.9957
17	37	11.9949
15	55	11.9928
61	79	11.9925
39	89	11.9881
11	71	11.98
49	73	-11.9752
31	67	11.9718
29	99	-11.9616
29	73	11.9606
31	75	11.9604
63	89	11.95
49	99	11.9483
35	79	11.9385
29	65	-11.9362
39	63	11.9315
47	93	11.9252
49	65	11.9229
39	77	11.9225
9	57	-11.9199
23	25	-11.918
9	23	11.9087
11	41	-11.8996
19	27	11.8967
35	61	11.8964
5	35	11.8958
25	41	11.8951
73	83	11.8946
35	53	11.8943
25	57	11.8932
33	69	11.8929
33	59	11.8875
67	75	11.878
41	71	-11.8731
23	41	-11.8727
41	91	11.8697
29	83	11.8681
63	77	11.8678
49	83	-11.8647
77	89	11.8634
9	41	-11.8614
19	85	11.8604
11	25	-11.859
73	99	-11.8542
37	61	11.8517
23	57	-11.8457
13	39	11.8396
9	11	11.8326
5	21	11.822
43	63	11.817
65	73	-11.817
21	53	11.8103
13	89	11.8085
37	79	11.8073
17	87	11.8055
19	61	11.8044
19	37	11.7991
17	61	11.7938
15	67	11.7919
5	79	11.7896
37	87	11.7844
43	77	11.7817
53	79	11.7748
17	19	11.7708
15	31	11.7596
25	71	-11.7513
81	97	11.7496
17	79	11.7426
1	75	11.7394
71	91	-11.7358
55	67	11.7254
19	79	11.7242
83	99	-11.7202
35	37	11.7155
9	71	11.713
5	61	11.7062
53	61	11.6886
13	77	11.6781
1	31	11.6776
11	91	-11.6771
31	55	11.6763
1	67	11.6715
11	23	11.6638
65	83	-11.6507
17	35	11.6496
39	43	11.6393
43	89	11.6188
57	65	11.618
41	57	11.6159
23	91	-11.6129
7	85	11.6032
7	27	11.5876
13	63	11.5845
59	69	11.5804
35	87	11.5802
15	75	11.5689
23	71	11.5554
3	43	11.5524
25	91	11.5498
11	57	-11.5453
57	99	11.538
21	35	11.5013
9	91	-11.487
61	87	11.4869
79	87	11.4794
27	61	11.4791
9	65	-11.4621
55	75	11.4592
19	35	11.451
27	37	11.4509
13	81	11.4506
45	51	11.4455
7	83	11.4419
21	79	11.4407
17	27	11.4233
3	57	11.4185
61	85	11.4178
25	65	11.4
37	85	11.3744
9	99	-11.3732
27	79	11.3675
57	71	-11.3647
17	85	11.3448
7	73	11.3434
47	55	11.3396
21	61	11.3376
5	37	11.3194
25	99	11.3081
37	53	11.3081
79	85	11.3037
29	57	-11.2914
15	47	11.2822
7	19	11.2822
49	57	11.2745
69	95	11.2714
43	65	11.2659
43	99	11.2591
19	87	11.223
5	17	11.2212
17	53	11.2107
77	99	11.202
51	53	11.1896
53	87	11.1682
3	23	-11.1648
9	49	-11.1598
65	77	11.1589
5	87	11.1572
9	29	11.1554
77	83	-11.1518
5	51	11.1482
57	91	11.1343
11	65	-11.1307
7	49	-11.1157
29	77	-11.1123
5	19	11.1101
25	49	11.0957
25	29	-11.0889
23	65	-11.0846
13	43	11.0836
19	53	11.0785
43	57	11.072
7	29	11.0698
57	73	-11.069
51	59	11.0597
11	99	-11.0456
29	43	-11.0425
49	77	11.0345
1	15	11.0272
3	9	-11.0185
33	51	11.0079
3	63	11.0018
9	73	10.9936
27	35	10.9893
23	99	-10.9733
21	51	10.9726
43	49	10.9634
3	25	10.9624
3	93	10.9444
11	49	-10.9383
81	89	10.9353
25	73	-10.9321
3	65	10.9311
3	47	10.9254
55	93	10.9224
35	85	10.9127
65	71	-10.9123
39	81	10.9104
41	65	10.9062
11	29	10.9043
1	55	10.9021
33	95	10.8794
15	93	10.8673
3	99	10.8573
73	77	-10.8511
11	73	10.8497
35	51	10.8382
43	83	-10.8255
71	99	-10.8252
7	17	10.8241
3	77	10.8212
41	99	10.7981
7	37	10.7885
63	99	10.7471
39	99	10.7432
13	97	10.7428
21	37	10.7426
7	99	-10.7365
49	71	-10.7333
55	91	10.7303
39	83	-10.7271
63	65	10.7253
27	87	10.7171
19	21	10.7168
43	73	-10.7158
39	65	10.6982
51	69	10.6956
29	71	10.6934
23	29	10.6846
57	83	-10.6821
23	49	-10.6791
71	73	10.6593
5	27	10.6508
29	39	-10.6428
7	65	-10.6399
45	69	10.6323
85	87	10.6193
17	21	10.6193
23	55	-10.6118
33	45	10.6115
27	53	10.6102
15	91	10.6084
9	43	-10.6062
3	89	10.6054
13	83	-10.6044
31	47	10.6013
3	39	10.5927
89	99	10.592
41	49	10.5884
23	47	-10.5861
5	85	10.584
29	63	-10.5797
29	41	-10.5705
3	41	10.5659
47	67	10.5601
39	49	10.5579
27	83	10.5545
65	89	10.5529
63	83	-10.5458
53	85	10.5421
83	85	10.5401
63	81	10.54
83	89	-10.5372
57	77	10.533
77	81	10.5254
25	43	10.5235
3	29	-10.5227
7	61	10.5152
9	83	10.5065
49	63	10.4911
23	43	-10.4823
29	89	-10.4723
23	73	10.4717
3	49	10.4609
15	23	-10.4527
21	87	10.4514
59	95	10.4505
41	73	-10.4386
41	55	10.4346
25	83	-10.4304
51	79	10.4199
47	75	10.4004
49	89	10.3854
19	83	10.368
39	73	-10.3677
13	99	10.3531
7	79	10.3511
21	27	10.3473
13	29	-10.3461
57	63	10.3457
45	59	10.335
21	85	10.3026
87	97	-10.2954
3	11	-10.2902
45	53	10.2894
15	41	10.286
17	83	10.2817
13	65	10.2814
11	83	10.2767
13	49	10.2712
47	57	10.2656
63	73	-10.2655
23	93	-10.2627
51	61	10.2613
73	85	10.2599
27	73	10.2525
65	91	10.2492
5	45	10.2389
51	87	10.2357
31	93	10.205
67	91	10.2022
3	73	-10.1861
73	89	-10.186
37	83	10.1811
35	45	10.1763
13	73	-10.1443
45	87	10.1436
67	93	10.1383
91	99	10.1339
39	57	10.1161
7	87	10.1122
9	77	-10.1062
25	47	10.1016
25	55	10.1001
3	91	10.0997
9	47	-10.0977
41	47	10.0912
81	87	-10.0841
71	83	10.0707
13	87	-10.0651
3	71	-10.0622
57	93	10.0592
9	55	-10.0465
57	89	10.0402
75	93	10.04
3	83	-10.0263
39	97	10.0263
89	97	10.0239
25	77	10.0203
49	85	-10.0031
47	91	9.99922
27	49	-9.99893
41	43	9.99253
23	83	9.98428
29	85	9.96613
27	29	9.96424
19	73	9.95522
11	43	-9.94558
55	57	9.94256
31	91	9.94256
15	25	9.93917
13	17	-9.93892
7	35	9.93823
3	55	9.9311
49	91	9.92594
37	51	9.90957
7	77	-9.9069
29	91	-9.9043
9	63	-9.88927
9	15	-9.88466
41	83	-9.88044
55	71	-9.86969
11	55	-9.85584
1	35	-9.84394
23	77	-9.8365
9	93	-9.83051
17	51	9.82345
1	79	-9.82317
25	93	9.82147
13	37	-9.82138
3	13	9.82134
25	63	9.81234
1	5	-9.8094
1	53	-9.80683
1	61	-9.79955
43	81	9.79448
21	59	9.7943
83	87	9.79314
21	45	9.79273
73	91	-9.78872
3	15	9.78435
15	57	9.77755
45	79	9.75745
17	73	9.75342
23	67	-9.75078
23	63	-9.74674
15	71	-9.73322
41	93	9.73275
19	49	-9.72747
43	93	9.7236
43	71	-9.71694
41	67	9.7161
51	55	-9.71563
11	15	-9.71137
15	51	-9.71026
19	29	9.70641
9	39	-9.7022
53	67	-9.69607
77	97	9.69025
5	67	-9.68338
1	37	-9.67216
35	75	-9.66677
37	73	9.66398
31	53	-9.64585
45	61	9.64453
1	21	-9.6395
43	47	9.63748
17	97	-9.63619
1	17	-9.63146
61	83	9.63127
5	31	-9.63098
45	47	-9.63043
11	47	-9.62889
9	89	-9.62828
25	39	9.62643
31	35	-9.62531
51	67	-9.6216
35	67	-9.62144
53	75	-9.61954
85	99	-9.61752
27	99	-9.61433
75	87	-9.60891
5	75	-9.60545
1	47	9.60525
53	59	9.60114
63	97	9.60039
23	59	9.59729
17	81	-9.59656
11	77	-9.59598
31	51	-9.59543
75	91	9.58106
17	49	-9.57893
17	29	9.5782
91	93	9.57609
1	87	-9.57137
5	59	9.56669
7	11	9.56376
7	57	-9.56288
25	89	9.55673
23	31	-9.55618
37	45	9.55438
23	33	9.5543
17	77	-9.55348
1	19	-9.55081
7	43	-9.55005
7	13	-9.54899
37	97	-9.54694
15	45	-9.54569
45	55	-9.54124
41	59	-9.53283
47	71	-9.53264
7	9	9.52753
7	39	-9.52698
25	59	-9.52489
13	57	9.52359
75	79	-9.51681
21	67	-9.51653
9	59	9.51469
17	45	9.51331
65	85	-9.51149
45	97	-9.50814
51	75	-9.50643
27	65	-9.50615
37	81	-9.49987
81	83	-9.49704
41	77	9.49203
45	93	-9.49003
31	41	9.48962
33	57	-9.48666
37	49	-9.4854
23	39	-9.48409
29	37	9.48262
5	7	9.48176
79	83	9.47606
17	39	-9.47578
21	33	9.47403
7	25	-9.47357
61	75	-9.47136
43	91	9.46886
43	95	-9.4684
13	19	-9.46655
67	79	-9.45965
31	79	-9.45737
31	87	-9.45299
57	59	-9.45277
7	53	9.4477
3	69	-9.44534
39	87	-9.445
23	89	-9.44393
37	77	-9.44122
57	69	-9.44011
9	33	9.43984
37	75	-9.43699
19	51	9.43671
7	71	9.43565
25	33	-9.43479
59	91	-9.431
77	87	-9.42548
23	69	9.4152
17	75	-9.41113
71	77	-9.40282
31	61	-9.3979
21	31	-9.3941
61	67	-9.39268
33	53	9.38779
11	59	9.37444
37	39	-9.37057
19	99	-9.37006
15	53	-9.36697
41	63	9.36662
7	89	-9.36013
11	63	-9.35693
31	45	-9.35654
77	95	-9.35629
3	95	-9.35373
33	41	-9.35265
5	33	9.3505
11	93	-9.35011
17	89	-9.34702
7	63	-9.34638
19	77	-9.34596
27	77	-9.34554
5	15	-9.34468
45	75	-9.34001
1	91	9.33528
67	87	-9.33451
87	89	-9.32904
53	55	-9.31636
77	85	-9.31608
59	71	9.31114
1	93	9.30999
21	75	-9.3095
1	27	-9.30278
1	51	-9.30061
31	37	-9.29548
9	69	9.29403
5	55	-9.2936
25	67	9.28964
63	95	-9.28004
13	27	-9.27483
17	99	-9.27483
25	69	-9.27453
29	81	-9.26699
13	61	-9.26587
11	39	-9.26418
1	85	-9.26383
45	67	-9.26313
17	31	-9.2585
19	65	-9.2581
35	97	-9.25691
67	71	-9.25269
47	65	9.25115
73	87	9.24995
37	89	-9.24972
83	91	-9.24825
71	93	-9.24357
3	33	-9.24193
33	55	-9.24032
81	99	9.23557
15	35	-9.23382
9	67	-9.22869
37	67	-9.22811
49	81	9.22753
39	95	-9.21967
13	85	-9.2185
19	39	-9.216
9	13	-9.21021
23	75	-9.20797
55	59	-9.2074
15	33	-9.20079
11	89	-9.20078
65	95	-9.19677
63	71	-9.19634
13	79	-9.19527
47	69	-9.19352
39	41	9.19255
61	73	9.19181
95	99	-9.1909
15	21	-9.19074
63	93	9.19049
47	51	-9.19034
65	93	9.1866
11	67	-9.1846
65	81	9.18318
37	99	-9.18152
17	67	-9.18148
35	83	9.18092
33	91	-9.17929
89	95	-9.17885
45	95	9.17627
73	81	-9.17455
15	59	-9.16513
83	97	-9.16355
21	55	-9.16321
35	55	-9.16249
11	33	9.16144
17	65	-9.16007
57	95	-9.1586
27	39	-9.15843
41	89	9.15756
47	99	9.15358
13	25	9.14843
55	69	-9.14802
41	75	9.14516
29	87	9.13581
7	21	9.12769
39	85	-9.12595
49	87	-9.1248
39	71	-9.12374
35	81	-9.12305
19	75	-9.1182
13	35	-9.11715
15	69	-9.11377
41	69	-9.11262
19	89	-9.11221
17	63	-9.10808
93	99	9.10249
35	59	9.10239
21	69	9.10125
25	31	9.10033
51	91	-9.09301
43	69	-9.08938
51	95	9.0852
71	97	-9.07603
71	89	-9.07533
75	95	-9.07257
29	95	9.07234
57	67	9.07187
7	41	-9.07144
59	67	-9.07058
37	65	-9.06997
79	97	-9.06823
65	69	-9.06716
61	97	-9.065
33	71	9.0622
23	51	9.05913
27	89	-9.05851
33	65	-9.05598
53	69	9.05413
47	63	9.05182
19	45	9.04974
73	79	9.04727
33	47	-9.04715
31	71	-9.046
9	31	-9.04542
61	81	-9.04096
71	81	-9.03382
33	67	-9.03086
79	81	-9.03068
85	89	-9.03024
49	95	-9.02982
31	33	-9.02353
63	87	-9.02241
37	63	-9.02089
5	69	9.02002
3	67	9.01906
69	99	-9.01684
7	23	9.01592
77	91	9.01515
59	65	-9.01344
63	91	9.01239
69	93	-9.01238
31	59	-9.01213
53	97	-9.0086
15	79	-9.00822
49	61	-9.00821
27	63	-9.00335
33	99	-8.99891
29	61	8.99766
19	31	-8.99684
15	87	-8.99109
33	75	-8.98917
63	85	-8.98914
5	97	-8.98826
3	7	-8.98632
11	31	-8.98527
19	63	-8.98436
27	51	8.98422
3	59	-8.97907
1	59	-8.97447
19	67	-8.96839
11	13	-8.96827
41	51	-8.96324
13	95	-8.9598
43	97	8.95968
83	95	8.95895
43	85	-8.95812
27	43	-8.95732
33	35	8.95702
59	99	-8.95423
73	97	-8.95367
19	81	-8.95031
13	23	-8.94938
59	75	-8.94467
51	97	-8.93939
69	75	-8.93909
31	69	-8.93529
61	77	-8.93468
55	79	-8.93416
47	95	-8.93262
11	97	-8.9323
31	95	-8.93165
51	85	8.93068
29	97	-8.93045
3	31	8.92934
11	81	-8.92887
15	61	-8.92839
49	97	8.92384
11	69	8.92097
39	61	-8.91951
23	95	8.91937
31	57	8.91799
19	97	-8.91717
51	93	-8.90711
53	81	-8.90598
9	95	8.90286
55	87	-8.90072
5	81	-8.90046
77	93	8.89867
73	95	8.89743
67	69	-8.89595
1	95	-8.89453
87	99	-8.89396
13	71	-8.89214
1	33	-8.88993
69	91	-8.88719
29	47	-8.87787
49	79	-8.87414
81	91	8.87148
89	91	8.86882
29	79	8.86479
25	95	-8.86102
47	49	8.85838
39	91	8.85724
29	93	-8.8572
33	43	-8.85704
17	43	-8.85496
61	89	-8.85277
55	61	-8.8525
21	81	-8.84951
39	79	-8.84394
7	97	-8.84337
91	97	8.84224
93	95	-8.84046
77	79	-8.83989
49	93	8.83919
29	69	8.83848
1	41	8.83787
21	91	-8.83773
19	43	-8.83502
97	99	8.83462
29	33	8.83195
1	45	-8.83134
15	95	-8.83076
89	93	8.82743
27	75	-8.82467
55	65	8.82031
47	77	8.81943
33	49	-8.81921
13	41	8.81763
55	95	-8.81609
49	69	-8.81494
33	93	-8.81224
7	81	-8.81162
29	59	8.81129
49	59	-8.81079
1	23	-8.80617
47	59	-8.80417
67	95	-8.80305
69	71	8.80026
59	79	8.799
25	51	-8.79795
65	87	-8.79482
25	75	8.79307
65	97	8.78825
79	89	-8.78627
45	81	-8.78467
75	85	-8.78378
43	55	8.78058
39	93	8.77912
5	13	-8.77774
15	37	-8.77594
37	43	-8.77227
9	51	8.77053
3	45	-8.77022
13	53	-8.7689
35	73	8.76818
71	75	-8.76103
75	97	8.759
27	45	8.75753
23	45	8.74966
1	69	-8.74751
9	75	-8.74525
21	97	-8.74285
41	81	8.73933
15	17	-8.73509
45	85	8.73208
61	99	-8.72958
55	99	8.72367
5	83	8.7201
69	77	-8.72001
59	73	8.71208
73	93	-8.71135
51	57	-8.70943
3	81	8.70856
35	39	-8.70835
63	69	-8.70758
27	31	-8.70752
47	89	8.70417
47	73	-8.70389
53	83	8.70204
11	75	-8.70057
35	69	8.69974
33	73	8.69656
57	81	8.69559
15	65	8.69554
9	81	-8.69489
25	81	8.69226
37	55	-8.69113
61	63	-8.68766
3	75	8.68586
41	97	8.68541
43	87	-8.68534
27	67	-8.68216
1	7	-8.67895
59	61	8.67845
69	73	8.67795
35	77	-8.67787
13	21	-8.67544
27	81	-8.6724
39	47	8.67073
31	85	-8.66999
15	43	8.666
11	51	8.65657
33	79	8.65606
35	89	-8.65473
27	97	-8.65192
51	71	8.65135
17	55	-8.65003
67	85	-8.64577
57	75	8.64036
61	65	-8.63979
31	97	8.63698
43	59	-8.6324
35	49	-8.62686
29	35	8.62239
53	91	-8.62233
63	79	-8.6216
81	85	-8.61762
79	99	-8.61491
7	91	-8.61306
5	91	-8.61069
3	51	-8.60783
15	99	8.6059
85	97	-8.60444
13	91	8.60359
41	95	-8.59855
57	85	-8.58592
27	57	-8.57029
45	91	-8.56447
21	89	-8.55757
59	93	-8.55137
41	45	-8.54913
39	69	-8.54881
33	61	8.54797
25	97	8.5468
67	97	8.5447
69	83	8.5424
11	85	8.54005
75	81	8.53934
51	81	-8.53703
59	87	8.53389
65	79	-8.53199
47	53	-8.53136
9	97	-8.52996
1	71	-8.52985
69	89	-8.52897
9	85	8.52242
33	77	-8.51964
11	27	8.51781
45	57	-8.51773
5	47	-8.5131
1	97	8.51026
33	83	8.50934
9	27	8.50553
23	81	-8.50526
33	87	8.50484
3	85	-8.50364
21	39	-8.50332
1	81	8.50323
11	95	8.50262
15	19	-8.50244
21	41	-8.49956
29	55	-8.49679
25	45	-8.4938
49	55	8.48974
83	93	-8.48878
1	25	8.48868
25	85	-8.48434
9	45	8.48304
59	83	8.4784
33	63	-8.4755
3	27	-8.4733
35	63	-8.47323
21	63	-8.46972
25	27	-8.46758
5	39	-8.46479
71	85	8.46409
1	11	-8.46141
85	93	-8.4568
5	89	-8.45657
47	83	-8.45638
39	53	-8.45038
43	61	-8.45033
7	93	-8.44819
1	9	-8.44501
69	79	8.44487
15	97	8.44384
27	71	8.44174
53	89	-8.4409
35	47	-8.43917
31	81	8.43245
19	55	-8.43227
21	47	-8.42805
35	99	-8.41666
5	73	8.41019
27	93	-8.40383
21	23	8.40157
55	97	8.40083
15	29	-8.39913
67	81	8.39636
53	73	8.39516
57	97	8.39424
21	83	8.39349
15	49	8.39285
37	59	8.38977
5	77	-8.38432
43	79	-8.3793
71	95	8.37713
19	57	-8.37235
53	77	-8.37135
69	87	8.37128
47	87	-8.36708
53	93	-8.36704
55	73	-8.3646
91	95	-8.36057
61	69	8.35918
55	63	8.35797
59	77	-8.35747
23	97	-8.35693
21	71	8.35674
5	93	-8.35658
41	53	-8.35074
35	65	-8.3487
33	39	-8.34861
81	95	-8.3444
35	91	-8.34181
11	45	8.34022
17	59	8.33981
1	3	8.33943
5	41	-8.33839
7	95	8.33646
1	13	8.33596
21	77	-8.33534
7	75	-8.33136
1	57	8.32936
45	71	8.32714
33	89	-8.32696
59	97	-8.32523
5	63	-8.32382
33	37	8.32122
21	93	-8.32071
23	53	8.31202
9	19	8.30893
7	45	8.30807
59	63	-8.30735
53	63	-8.30724
17	57	-8.30699
35	93	-8.30543
5	49	-8.30299
47	79	-8.30011
11	19	8.29851
5	29	8.29777
5	23	8.29702
11	21	8.2952
13	93	8.29407
21	95	8.29391
49	53	-8.29105
15	27	-8.2865
29	53	8.28617
15	63	8.28325
15	73	-8.28178
17	33	8.28153
1	83	-8.28111
19	25	-8.27806
3	19	-8.27629
7	47	-8.26877
15	85	-8.26625
7	51	8.26335
47	61	-8.26052
37	57	-8.25962
47	85	-8.25822
65	67	8.25623
13	69	-8.25549
13	45	-8.25352
21	25	-8.25096
55	77	8.2472
87	93	-8.24655
41	85	-8.24626
13	75	8.24427
79	93	-8.23856
19	71	8.23724
35	43	-8.23621
27	41	-8.23327
27	55	-8.23256
23	85	8.23079
9	17	8.22822
19	59	8.22591
13	47	8.22441
79	91	-8.22423
43	67	8.22365
27	47	-8.22345
9	21	8.22001
61	93	-8.21969
39	59	-8.21806
15	81	8.21796
23	27	8.2179
55	85	-8.21514
7	31	-8.21316
19	93	-8.21203
47	97	8.20584
59	89	-8.20444
67	99	8.2036
21	43	-8.20152
17	25	-8.19996
53	71	8.19496
43	45	-8.19364
9	37	8.19184
51	65	-8.19135
55	81	8.19114
37	69	8.19003
93	97	8.18847
5	71	8.18798
33	97	-8.1865
3	97	8.18559
3	21	-8.18512
21	73	8.18351
55	89	8.18146
15	77	8.18129
31	65	8.18088
11	17	8.18004
1	89	8.1797
7	67	-8.17178
61	91	-8.17145
3	17	-8.17071
59	81	-8.1706
37	47	-8.16838
25	37	-8.16697
25	53	-8.16519
11	53	8.16386
1	39	8.16277
17	69	8.16272
31	43	8.16167
5	99	-8.16137
39	55	8.15936
55	83	-8.15894
13	51	-8.1573
5	11	8.15667
51	99	-8.1556
5	25	-8.15504
53	99	-8.15381
11	37	8.15169
19	33	8.15118
17	47	-8.14909
35	41	-8.14778
53	95	8.14462
9	53	8.14329
57	87	-8.14305
31	99	8.13842
3	37	-8.13795
5	95	8.13705
19	47	-8.13463
23	35	8.13401
5	9	8.13366
13	31	8.13061
15	89	8.12981
85	95	8.129
17	71	8.12647
43	51	-8.12501
21	57	-8.12478
27	95	8.12445
7	59	8.12283
5	65	-8.12236
13	33	-8.12206
1	63	8.12077
37	93	-8.1183
53	65	-8.11625
1	73	-8.11585
75	83	-8.11206
21	49	-8.11097
19	41	-8.11035
15	39	8.10919
15	83	-8.10879
5	43	-8.10772
21	29	8.107
69	97	-8.10461
37	71	8.10399
29	67	-8.10212
49	67	8.10028
17	93	-8.10011
19	23	8.09951
1	77	8.09734
43	53	-8.09691
7	69	8.0957
13	67	8.09349
95	97	-8.09294
7	33	8.09219
45	65	-8.08975
27	59	8.08776
29	51	8.08494
63	67	8.08327
49	51	-8.08212
17	95	8.08198
3	87	-8.08118
9	87	8.0793
53	57	-8.07765
57	61	-8.07674
65	75	8.07666
17	23	8.07602
59	85	8.07545
19	95	8.07483
41	79	-8.07382
1	49	8.07322
1	29	-8.07164
19	69	8.06951
5	57	-8.06943
85	91	-8.06856
51	83	8.06722
13	59	-8.06713
87	95	8.06603
27	91	-8.06427
45	99	-8.06366
25	87	-8.06291
43	75	8.06273
17	41	-8.06211
39	45	-8.06165
45	63	-8.06134
23	37	8.06062
3	61	-8.06032
29	31	-8.05996
9	61	8.05967
3	53	-8.0591
11	61	8.05895
3	5	-8.05773
37	95	8.05758
31	49	8.05737
25	35	-8.05658
67	73	-8.05624
75	99	8.05423
35	71	8.05389
87	91	-8.05358
45	77	-8.05332
45	89	-8.05303
41	61	-8.05295
25	61	-8.05203
37	41	-8.0518
23	79	8.0518
51	73	8.05156
9	35	8.05004
67	89	8.04899
31	83	-8.04823
11	35	8.0475
57	79	-8.04744
37	91	-8.04615
11	79	8.04567
11	87	8.04549
39	75	8.04522
61	71	8.04378
9	79	8.04264
75	89	8.04092
27	33	8.04087
19	91	-8.0403
3	79	-8.0402
25	79	-8.03993
71	79	8.03927
67	83	-8.03591
31	63	8.03518
33	81	-8.03448
21	99	-8.03416
23	61	8.03379
33	85	8.03326
35	57	-8.03275
17	91	-8.03217
23	87	8.03021
1	99	8.03001
31	73	-8.02699
35	95	8.02653
1	65	8.02617
45	83	8.02604
71	87	8.02592
1	43	8.02492
69	85	8.02491
75	77	8.02488
39	67	8.0245
29	75	-8.02403
27	69	8.02235
49	75	8.02144
31	89	8.02107
73	75	-8.01855
21	65	-8.01754
29	45	8.01336
45	49	-8.01254
51	77	-8.01119
81	93	8.01095
31	39	8.01086
39	51	-8.00954
7	15	-8.00896
67	77	8.00875
13	55	8.00816
63	75	8.00805
41	87	-8.00775
51	89	-8.00748
45	73	8.00717
51	63	-8.0062
79	95	8.00513
3	35	-8.00492
61	95	8.00391
47	81	8.00376
13	15	8.00267
7	55	-8.0019
31	77	8.00099
69	81	-8.00042
58	59	6
24	25	6
18	19	6
22	23	6
62	63	6
42	43	6
72	73	6
60	61	6
94	95	6
56	57	6
46	47	6
52	53	6
86	87	6
96	97	6
78	79	6
40	41	6
90	91	6
82	83	6
36	37	6
34	35	6
50	51	6
84	85	6
88	89	6
26	27	6
48	49	6
64	65	6
16	17	6
32	33	6
30	31	6
28	29	6
70	71	6
66	67	6
92	93	6
38	39	6
74	75	6
14	15	6
20	21	6
68	69	6
76	77	6
44	45	6
54	55	6
80	81	6
0	1	6
98	99	6
8	9	6
4	5	6
2	3	6
10	11	6
12	13	6
6	7	6
4	53	5.99958
5	52	5.99958
29	48	-5.99879
28	49	-5.99879
8	25	-5.99877
9	24	-5.99877
27	84	5.99844
26	85	5.99844
64	99	5.99784
65	98	5.99784
17	36	5.99747
16	37	5.99747
14	55	5.99638
15	54	5.99638
61	78	5.99623
60	79	5.99623
39	88	5.99404
38	89	5.99404
11	70	5.99001
10	71	5.99001
48	73	-5.9876
49	72	-5.9876
30	67	5.98588
31	66	5.98588
28	99	-5.98079
29	98	-5.98079
29	72	5.98032
28	73	5.98032
30	75	5.98022
31	74	5.98022
62	89	5.97501
63	88	5.97501
48	99	5.97413
49	98	5.97413
34	79	5.96925
35	78	5.96925
29	64	-5.96808
28	65	-5.96808
38	63	5.96577
39	62	5.96577
47	92	5.96261
46	93	5.96261
49	64	5.96144
48	65	5.96144
38	77	5.96127
39	76	5.96127
9	56	-5.95993
8	57	-5.95993
22	25	-5.95898
23	24	-5.95898
9	22	5.95436
8	23	5.95436
10	41	-5.94982
11	40	-5.94982
19	26	5.94836
18	27	5.94836
35	60	5.9482
34	61	5.9482
4	35	5.94791
5	34	5.94791
24	41	5.94757
25	40	5.94757
73	82	5.94729
72	83	5.94729
34	53	5.94717
35	52	5.94717
25	56	5.94659
24	57	5.94659
32	69	5.94643
33	68	5.94643
32	59	5.94373
33	58	5.94373
66	75	5.93898
67	74	5.93898
41	70	-5.93655
40	71	-5.93655
23	40	-5.93633
22	41	-5.93633
40	91	5.93486
41	90	5.93486
28	83	5.93406
29	82	5.93406
63	76	5.93388
62	77	5.93388
49	82	-5.93237
48	83	-5.93237
76	89	5.93169
77	88	5.93169
8	41	-5.93069
9	40	-5.93069
19	84	5.93019
18	85	5.93019
11	24	-5.9295
10	25	-5.9295
72	99	-5.92709
73	98	-5.92709
36	61	5.92585
37	60	5.92585
22	57	-5.92286
23	56	-5.92286
12	39	5.91978
13	38	5.91978
9	10	5.91628
8	11	5.91628
4	21	5.91099
5	20	5.91099
43	62	5.9085
42	63	5.9085
64	73	-5.90848
65	72	-5.90848
21	52	5.90516
20	53	5.90516
13	88	5.90426
12	89	5.90426
36	79	5.90365
37	78	5.90365
17	86	5.90277
16	87	5.90277
19	60	5.9022
18	61	5.9022
19	36	5.89953
18	37	5.89953
17	60	5.89691
16	61	5.89691
15	66	5.89596
14	67	5.89596
4	79	5.89479
5	78	5.89479
37	86	5.89221
36	87	5.89221
42	77	5.89087
43	76	5.89087
53	78	5.88738
52	79	5.88738
17	18	5.88542
16	19	5.88542
14	31	5.87982
15	30	5.87982
24	71	-5.87565
25	70	-5.87565
81	96	5.87481
80	97	5.87481
17	78	5.8713
16	79	5.8713
0	75	5.86969
1	74	5.86969
71	90	-5.86789
70	91	-5.86789
55	66	5.86269
54	67	5.86269
18	79	5.86212
19	78	5.86212
82	99	-5.86008
83	98	-5.86008
35	36	5.85777
34	37	5.85777
9	70	5.85649
8	71	5.85649
4	61	5.85308
5	60	5.85308
52	61	5.84428
53	60	5.84428
12	77	5.83904
13	76	5.83904
1	30	5.83879
0	31	5.83879
11	90	-5.83856
10	91	-5.83856
31	54	5.83815
30	55	5.83815
0	67	5.83573
1	66	5.83573
11	22	5.83191
10	23	5.83191
65	82	-5.82535
64	83	-5.82535
16	35	5.82479
17	34	5.82479
38	43	5.81966
39	42	5.81966
42	89	5.8094
43	88	5.8094
56	65	5.80902
57	64	5.80902
41	56	5.80796
40	57	5.80796
22	91	-5.80643
23	90	-5.80643
7	84	5.8016
6	85	5.8016
6	27	5.79382
7	26	5.79382
13	62	5.79227
12	63	5.79227
58	69	5.79018
59	68	5.79018
34	87	5.79008
35	86	5.79008
15	74	5.78447
14	75	5.78447
23	70	5.77772
22	71	5.77772
2	43	5.77618
3	42	5.77618
24	91	5.77489
25	90	5.77489
10	57	-5.77266
11	56	-5.77266
57	98	5.76901
56	99	5.76901
20	35	5.75063
21	34	5.75063
8	91	-5.74351
9	90	-5.74351
60	87	5.74343
61	86	5.74343
79	86	5.73971
78	87	5.73971
26	61	5.73954
27	60	5.73954
9	64	-5.73105
8	65	-5.73105
54	75	5.7296
55	74	5.7296
19	34	5.7255
18	35	5.7255
27	36	5.72547
26	37	5.72547
12	81	5.72531
13	80	5.72531
45	50	5.72276
44	51	5.72276
7	82	5.72097
6	83	5.72097
21	78	5.72033
20	79	5.72033
16	27	5.71167
17	26	5.71167
2	57	5.70926
3	56	5.70926
61	84	5.70891
60	85	5.70891
25	64	5.70002
24	65	5.70002
37	84	5.68718
36	85	5.68718
9	98	-5.6866
8	99	-5.6866
27	78	5.68375
26	79	5.68375
56	71	-5.68235
57	70	-5.68235
16	85	5.6724
17	84	5.6724
7	72	5.6717
6	73	5.6717
47	54	5.66978
46	55	5.66978
20	61	5.66879
21	60	5.66879
4	37	5.65971
5	36	5.65971
24	99	5.65403
25	98	5.65403
37	52	5.65403
36	53	5.65403
79	84	5.65187
78	85	5.65187
28	57	-5.64571
29	56	-5.64571
14	47	5.6411
15	46	5.6411
7	18	5.64109
6	19	5.64109
48	57	5.63723
49	56	5.63723
68	95	5.63568
69	94	5.63568
42	65	5.63296
43	64	5.63296
42	99	5.62956
43	98	5.62956
18	87	5.61151
19	86	5.61151
5	16	5.61061
4	17	5.61061
17	52	5.60533
16	53	5.60533
77	98	5.601
76	99	5.601
50	53	5.59481
51	52	5.59481
53	86	5.58412
52	87	5.58412
2	23	-5.58239
3	22	-5.58239
8	49	-5.57991
9	48	-5.57991
65	76	5.57947
64	77	5.57947
5	86	5.5786
4	87	5.5786
9	28	5.57771
8	29	5.57771
76	83	-5.5759
77	82	-5.5759
5	50	5.57409
4	51	5.57409
56	91	5.56717
57	90	5.56717
11	64	-5.56537
10	65	-5.56537
6	49	-5.55787
7	48	-5.55787
29	76	-5.55616
28	77	-5.55616
4	19	5.55503
5	18	5.55503
25	48	5.54785
24	49	5.54785
24	29	-5.54446
25	28	-5.54446
22	65	-5.54231
23	64	-5.54231
12	43	5.54181
13	42	5.54181
19	52	5.53927
18	53	5.53927
43	56	5.53602
42	57	5.53602
7	28	5.53488
6	29	5.53488
56	73	-5.5345
57	72	-5.5345
51	58	5.52983
50	59	5.52983
11	98	-5.52281
10	99	-5.52281
29	42	-5.52124
28	43	-5.52124
49	76	5.51725
48	77	5.51725
0	15	5.5136
1	14	5.5136
2	9	-5.50923
3	8	-5.50923
32	51	5.50397
33	50	5.50397
2	63	5.50088
3	62	5.50088
9	72	5.49681
8	73	5.49681
26	35	5.49467
27	34	5.49467
23	98	-5.48665
22	99	-5.48665
20	51	5.48631
21	50	5.48631
42	49	5.48169
43	48	5.48169
2	25	5.48121
3	24	5.48121
3	92	5.47218
2	93	5.47218
11	48	-5.46914
10	49	-5.46914
81	88	5.46764
80	89	5.46764
24	73	-5.46604
25	72	-5.46604
3	64	5.46554
2	65	5.46554
2	47	5.46272
3	46	5.46272
54	93	5.46122
55	92	5.46122
34	85	5.45636
35	84	5.45636
64	71	-5.45613
65	70	-5.45613
38	81	5.45519
39	80	5.45519
41	64	5.45308
40	65	5.45308
11	28	5.45213
10	29	5.45213
0	55	5.45103
1	54	5.45103
33	94	5.43972
32	95	5.43972
15	92	5.43367
14	93	5.43367
3	98	5.42863
2	99	5.42863
73	76	-5.42555
72	77	-5.42555
10	73	5.42487
11	72	5.42487
35	50	5.4191
34	51	5.4191
43	82	-5.41277
42	83	-5.41277
71	98	-5.41262
70	99	-5.41262
6	17	5.41207
7	16	5.41207
2	77	5.41059
3	76	5.41059
40	99	5.39906
41	98	5.39906
6	37	5.39423
7	36	5.39423
62	99	5.37356
63	98	5.37356
39	98	5.37161
38	99	5.37161
12	97	5.37141
13	96	5.37141
20	37	5.37131
21	36	5.37131
6	99	-5.36827
7	98	-5.36827
48	71	-5.36666
49	70	-5.36666
55	90	5.36513
54	91	5.36513
39	82	-5.36354
38	83	-5.36354
62	65	5.36263
63	64	5.36263
27	86	5.35853
26	87	5.35853
18	21	5.35838
19	20	5.35838
42	73	-5.35788
43	72	-5.35788
39	64	5.34912
38	65	5.34912
50	69	5.34781
51	68	5.34781
29	70	5.34672
28	71	5.34672
23	28	5.34231
22	29	5.34231
56	83	-5.34103
57	82	-5.34103
22	49	-5.33957
23	48	-5.33957
71	72	5.32963
70	73	5.32963
5	26	5.32541
4	27	5.32541
29	38	-5.3214
28	39	-5.3214
6	65	-5.31994
7	64	-5.31994
45	68	5.31613
44	69	5.31613
84	87	5.30967
85	86	5.30967
16	21	5.30966
17	20	5.30966
22	55	-5.30592
23	54	-5.30592
33	44	5.30575
32	45	5.30575
27	52	5.30512
26	53	5.30512
14	91	5.30418
15	90	5.30418
9	42	-5.30312
8	43	-5.30312
3	88	5.30272
2	89	5.30272
12	83	-5.30221
13	82	-5.30221
30	47	5.30066
31	46	5.30066
2	39	5.29635
3	38	5.29635
88	99	5.296
89	98	5.296
41	48	5.29421
40	49	5.29421
23	46	-5.29304
22	47	-5.29304
4	85	5.29198
5	84	5.29198
28	63	-5.28986
29	62	-5.28986
28	41	-5.28526
29	40	-5.28526
3	40	5.28297
2	41	5.28297
46	67	5.28007
47	66	5.28007
39	48	5.27896
38	49	5.27896
26	83	5.27725
27	82	5.27725
65	88	5.27645
64	89	5.27645
62	83	-5.27288
63	82	-5.27288
52	85	5.27106
53	84	5.27106
82	85	5.27007
83	84	5.27007
63	80	5.26999
62	81	5.26999
83	88	-5.26861
82	89	-5.26861
57	76	5.26648
56	77	5.26648
77	80	5.2627
76	81	5.2627
24	43	5.26175
25	42	5.26175
3	28	-5.26133
2	29	-5.26133
7	60	5.2576
6	61	5.2576
9	82	5.25324
8	83	5.25324
49	62	5.24557
48	63	5.24557
22	43	-5.24114
23	42	-5.24114
28	89	-5.23615
29	88	-5.23615
23	72	5.23587
22	73	5.23587
3	48	5.23047
2	49	5.23047
15	22	-5.22634
14	23	-5.22634
21	86	5.2257
20	87	5.2257
58	95	5.22524
59	94	5.22524
40	73	-5.21932
41	72	-5.21932
41	54	5.21728
40	55	5.21728
24	83	-5.21522
25	82	-5.21522
51	78	5.20993
50	79	5.20993
46	75	5.2002
47	74	5.2002
48	89	5.19271
49	88	5.19271
18	83	5.18401
19	82	5.18401
39	72	-5.18384
38	73	-5.18384
13	98	5.17656
12	99	5.17656
7	78	5.17554
6	79	5.17554
21	26	5.17363
20	27	5.17363
12	29	-5.17306
13	28	-5.17306
57	62	5.17283
56	63	5.17283
44	59	5.16751
45	58	5.16751
20	85	5.15131
21	84	5.15131
87	96	-5.14771
86	97	-5.14771
3	10	-5.14512
2	11	-5.14512
45	52	5.1447
44	53	5.1447
14	41	5.14302
15	40	5.14302
16	83	5.14085
17	82	5.14085
12	65	5.14071
13	64	5.14071
10	83	5.13836
11	82	5.13836
13	48	5.13561
12	49	5.13561
46	57	5.1328
47	56	5.1328
63	72	-5.13274
62	73	-5.13274
23	92	-5.13133
22	93	-5.13133
51	60	5.13067
50	61	5.13067
72	85	5.12996
73	84	5.12996
27	72	5.12623
26	73	5.12623
65	90	5.12458
64	91	5.12458
5	44	5.11944
4	45	5.11944
50	87	5.11785
51	86	5.11785
31	92	5.10252
30	93	5.10252
67	90	5.10112
66	91	5.10112
3	72	-5.09305
2	73	-5.09305
73	88	-5.09298
72	89	-5.09298
36	83	5.09057
37	82	5.09057
34	45	5.08815
35	44	5.08815
12	73	-5.07216
13	72	-5.07216
44	87	5.07179
45	86	5.07179
66	93	5.06914
67	92	5.06914
90	99	5.06696
91	98	5.06696
39	56	5.05806
38	57	5.05806
6	87	5.05608
7	86	5.05608
8	77	-5.05309
9	76	-5.05309
24	47	5.05078
25	46	5.05078
24	55	5.05007
25	54	5.05007
2	91	5.04985
3	90	5.04985
8	47	-5.04885
9	46	-5.04885
40	47	5.0456
41	46	5.0456
80	87	-5.04203
81	86	-5.04203
71	82	5.03537
70	83	5.03537
12	87	-5.03257
13	86	-5.03257
3	70	-5.03111
2	71	-5.03111
57	92	5.02961
56	93	5.02961
9	54	-5.02326
8	55	-5.02326
57	88	5.02008
56	89	5.02008
75	92	5.01998
74	93	5.01998
2	83	-5.01316
3	82	-5.01316
38	97	5.01315
39	96	5.01315
88	97	5.01195
89	96	5.01195
25	76	5.01016
24	77	5.01016
48	85	-5.00155
49	84	-5.00155
46	91	4.99961
47	90	4.99961
26	49	-4.99947
27	48	-4.99947
41	42	4.99627
40	43	4.99627
23	82	4.99214
22	83	4.99214
28	85	4.98306
29	84	4.98306
26	29	4.98212
27	28	4.98212
19	72	4.97761
18	73	4.97761
10	43	-4.97279
11	42	-4.97279
55	56	4.97128
54	57	4.97128
30	91	4.97128
31	90	4.97128
14	25	4.96958
15	24	4.96958
13	16	-4.96946
12	17	-4.96946
7	34	4.96912
6	35	4.96912
2	55	4.96555
3	54	4.96555
48	91	4.96297
49	90	4.96297
36	51	4.95479
37	50	4.95479
6	77	-4.95345
7	76	-4.95345
28	91	-4.95215
29	90	-4.95215
8	63	-4.94463
9	62	-4.94463
8	15	-4.94233
9	14	-4.94233
40	83	-4.94022
41	82	-4.94022
54	71	-4.93485
55	70	-4.93485
10	55	-4.92792
11	54	-4.92792
0	35	-4.92197
1	34	-4.92197
23	76	-4.91825
22	77	-4.91825
9	92	-4.91526
8	93	-4.91526
17	50	4.91173
16	51	4.91173
1	78	-4.91159
0	79	-4.91159
25	92	4.91074
24	93	4.91074
12	37	-4.91069
13	36	-4.91069
2	13	4.91067
3	12	4.91067
24	63	4.90617
25	62	4.90617
1	4	-4.9047
0	5	-4.9047
0	53	-4.90342
1	52	-4.90342
0	61	-4.89977
1	60	-4.89977
43	80	4.89724
42	81	4.89724
21	58	4.89715
20	59	4.89715
82	87	4.89657
83	86	4.89657
21	44	4.89637
20	45	4.89637
72	91	-4.89436
73	90	-4.89436
3	14	4.89217
2	15	4.89217
14	57	4.88878
15	56	4.88878
44	79	4.87872
45	78	4.87872
17	72	4.87671
16	73	4.87671
23	66	-4.87539
22	67	-4.87539
23	62	-4.87337
22	63	-4.87337
15	70	-4.86661
14	71	-4.86661
40	93	4.86638
41	92	4.86638
18	49	-4.86374
19	48	-4.86374
43	92	4.8618
42	93	4.8618
43	70	-4.85847
42	71	-4.85847
40	67	4.85805
41	66	4.85805
51	54	-4.85781
50	55	-4.85781
10	15	-4.85568
11	14	-4.85568
14	51	-4.85513
15	50	-4.85513
19	28	4.85321
18	29	4.85321
8	39	-4.8511
9	38	-4.8511
53	66	-4.84804
52	67	-4.84804
77	96	4.84513
76	97	4.84513
5	66	-4.84169
4	67	-4.84169
0	37	-4.83608
1	36	-4.83608
35	74	-4.83339
34	75	-4.83339
36	73	4.83199
37	72	4.83199
30	53	-4.82293
31	52	-4.82293
45	60	4.82226
44	61	4.82226
1	20	-4.81975
0	21	-4.81975
43	46	4.81874
42	47	4.81874
16	97	-4.81809
17	96	-4.81809
1	16	-4.81573
0	17	-4.81573
60	83	4.81563
61	82	4.81563
4	31	-4.81549
5	30	-4.81549
45	46	-4.81521
44	47	-4.81521
10	47	-4.81444
11	46	-4.81444
9	88	-4.81414
8	89	-4.81414
24	39	4.81321
25	38	4.81321
30	35	-4.81266
31	34	-4.81266
51	66	-4.8108
50	67	-4.8108
34	67	-4.81072
35	66	-4.81072
53	74	-4.80977
52	75	-4.80977
85	98	-4.80876
84	99	-4.80876
26	99	-4.80717
27	98	-4.80717
74	87	-4.80446
75	86	-4.80446
4	75	-4.80273
5	74	-4.80273
0	47	4.80262
1	46	4.80262
52	59	4.80057
53	58	4.80057
62	97	4.80019
63	96	4.80019
23	58	4.79865
22	59	4.79865
17	80	-4.79828
16	81	-4.79828
10	77	-4.79799
11	76	-4.79799
31	50	-4.79771
30	51	-4.79771
75	90	4.79053
74	91	4.79053
16	49	-4.78947
17	48	-4.78947
17	28	4.7891
16	29	4.7891
91	92	4.78804
90	93	4.78804
0	87	-4.78569
1	86	-4.78569
5	58	4.78335
4	59	4.78335
7	10	4.78188
6	11	4.78188
6	57	-4.78144
7	56	-4.78144
25	88	4.77837
24	89	4.77837
23	30	-4.77809
22	31	-4.77809
36	45	4.77719
37	44	4.77719
23	32	4.77715
22	33	4.77715
17	76	-4.77674
16	77	-4.77674
1	18	-4.7754
0	19	-4.7754
7	42	-4.77503
6	43	-4.77503
6	13	-4.77449
7	12	-4.77449
37	96	-4.77347
36	97	-4.77347
14	45	-4.77284
15	44	-4.77284
45	54	-4.77062
44	55	-4.77062
41	58	-4.76641
40	59	-4.76641
47	70	-4.76632
46	71	-4.76632
7	8	4.76376
6	9	4.76376
7	38	-4.76349
6	39	-4.76349
24	59	-4.76245
25	58	-4.76245
12	57	4.7618
13	56	4.7618
74	79	-4.75841
75	78	-4.75841
21	66	-4.75826
20	67	-4.75826
9	58	4.75735
8	59	4.75735
17	44	4.75666
16	45	4.75666
64	85	-4.75574
65	84	-4.75574
45	96	-4.75407
44	97	-4.75407
50	75	-4.75321
51	74	-4.75321
26	65	-4.75307
27	64	-4.75307
37	80	-4.74994
36	81	-4.74994
80	83	-4.74852
81	82	-4.74852
40	77	4.74601
41	76	4.74601
45	92	-4.74501
44	93	-4.74501
31	40	4.74481
30	41	4.74481
33	56	-4.74333
32	57	-4.74333
37	48	-4.7427
36	49	-4.7427
23	38	-4.74205
22	39	-4.74205
29	36	4.74131
28	37	4.74131
5	6	4.74088
4	7	4.74088
78	83	4.73803
79	82	4.73803
16	39	-4.73789
17	38	-4.73789
20	33	4.73702
21	32	4.73702
6	25	-4.73679
7	24	-4.73679
60	75	-4.73568
61	74	-4.73568
42	91	4.73443
43	90	4.73443
42	95	-4.7342
43	94	-4.7342
13	18	-4.73327
12	19	-4.73327
66	79	-4.72982
67	78	-4.72982
30	79	-4.72868
31	78	-4.72868
31	86	-4.7265
30	87	-4.7265
56	59	-4.72638
57	58	-4.72638
6	53	4.72385
7	52	4.72385
3	68	-4.72267
2	69	-4.72267
39	86	-4.7225
38	87	-4.7225
22	89	-4.72197
23	88	-4.72197
37	76	-4.72061
36	77	-4.72061
56	69	-4.72005
57	68	-4.72005
8	33	4.71992
9	32	4.71992
36	75	-4.7185
37	74	-4.7185
19	50	4.71835
18	51	4.71835
6	71	4.71782
7	70	4.71782
25	32	-4.7174
24	33	-4.7174
58	91	-4.7155
59	90	-4.7155
77	86	-4.71274
76	87	-4.71274
22	69	4.7076
23	68	4.7076
16	75	-4.70556
17	74	-4.70556
71	76	-4.70141
70	77	-4.70141
30	61	-4.69895
31	60	-4.69895
20	31	-4.69705
21	30	-4.69705
61	66	-4.69634
60	67	-4.69634
32	53	4.69389
33	52	4.69389
11	58	4.68722
10	59	4.68722
37	38	-4.68528
36	39	-4.68528
19	98	-4.68503
18	99	-4.68503
15	52	-4.68349
14	53	-4.68349
40	63	4.68331
41	62	4.68331
7	88	-4.68006
6	89	-4.68006
11	62	-4.67847
10	63	-4.67847
31	44	-4.67827
30	45	-4.67827
77	94	-4.67815
76	95	-4.67815
3	94	-4.67687
2	95	-4.67687
32	41	-4.67633
33	40	-4.67633
4	33	4.67525
5	32	4.67525
10	93	-4.67506
11	92	-4.67506
17	88	-4.67351
16	89	-4.67351
6	63	-4.67319
7	62	-4.67319
18	77	-4.67298
19	76	-4.67298
26	77	-4.67277
27	76	-4.67277
4	15	-4.67234
5	14	-4.67234
45	74	-4.67001
44	75	-4.67001
1	90	4.66764
0	91	4.66764
67	86	-4.66726
66	87	-4.66726
87	88	-4.66452
86	89	-4.66452
53	54	-4.65818
52	55	-4.65818
76	85	-4.65804
77	84	-4.65804
58	71	4.65557
59	70	4.65557
0	93	4.65499
1	92	4.65499
21	74	-4.65475
20	75	-4.65475
1	26	-4.65139
0	27	-4.65139
0	51	-4.65031
1	50	-4.65031
31	36	-4.64774
30	37	-4.64774
8	69	4.64702
9	68	4.64702
5	54	-4.6468
4	55	-4.6468
24	67	4.64482
25	66	4.64482
62	95	-4.64002
63	94	-4.64002
13	26	-4.63742
12	27	-4.63742
16	99	-4.63741
17	98	-4.63741
24	69	-4.63727
25	68	-4.63727
29	80	-4.6335
28	81	-4.6335
12	61	-4.63294
13	60	-4.63294
11	38	-4.63209
10	39	-4.63209
0	85	-4.63192
1	84	-4.63192
44	67	-4.63157
45	66	-4.63157
17	30	-4.62925
16	31	-4.62925
18	65	-4.62905
19	64	-4.62905
34	97	-4.62846
35	96	-4.62846
67	70	-4.62635
66	71	-4.62635
47	64	4.62558
46	65	4.62558
73	86	4.62498
72	87	4.62498
36	89	-4.62486
37	88	-4.62486
82	91	-4.62413
83	90	-4.62413
70	93	-4.62178
71	92	-4.62178
2	33	-4.62097
3	32	-4.62097
33	54	-4.62016
32	55	-4.62016
81	98	4.61778
80	99	4.61778
14	35	-4.61691
15	34	-4.61691
9	66	-4.61434
8	67	-4.61434
37	66	-4.61405
36	67	-4.61405
49	80	4.61377
48	81	4.61377
38	95	-4.60983
39	94	-4.60983
13	84	-4.60925
12	85	-4.60925
18	39	-4.608
19	38	-4.608
8	13	-4.60511
9	12	-4.60511
23	74	-4.60398
22	75	-4.60398
54	59	-4.6037
55	58	-4.6037
15	32	-4.6004
14	33	-4.6004
10	89	-4.60039
11	88	-4.60039
64	95	-4.59838
65	94	-4.59838
62	71	-4.59817
63	70	-4.59817
13	78	-4.59763
12	79	-4.59763
47	68	-4.59676
46	69	-4.59676
38	41	4.59627
39	40	4.59627
60	73	4.59591
61	72	4.59591
95	98	-4.59545
94	99	-4.59545
15	20	-4.59537
14	21	-4.59537
63	92	4.59525
62	93	4.59525
47	50	-4.59517
46	51	-4.59517
65	92	4.5933
64	93	4.5933
10	67	-4.5923
11	66	-4.5923
65	80	4.59159
64	81	4.59159
37	98	-4.59076
36	99	-4.59076
17	66	-4.59074
16	67	-4.59074
34	83	4.59046
35	82	4.59046
33	90	-4.58964
32	91	-4.58964
88	95	-4.58943
89	94	-4.58943
44	95	4.58813
45	94	4.58813
73	80	-4.58728
72	81	-4.58728
15	58	-4.58257
14	59	-4.58257
83	96	-4.58177
82	97	-4.58177
21	54	-4.5816
20	55	-4.5816
34	55	-4.58124
35	54	-4.58124
10	33	4.58072
11	32	4.58072
17	64	-4.58003
16	65	-4.58003
57	94	-4.5793
56	95	-4.5793
27	38	-4.57922
26	39	-4.57922
41	88	4.57878
40	89	4.57878
46	99	4.57679
47	98	4.57679
13	24	4.57422
12	25	4.57422
55	68	-4.57401
54	69	-4.57401
41	74	4.57258
40	75	4.57258
29	86	4.5679
28	87	4.5679
7	20	4.56384
6	21	4.56384
38	85	-4.56298
39	84	-4.56298
49	86	-4.5624
48	87	-4.5624
38	71	-4.56187
39	70	-4.56187
35	80	-4.56152
34	81	-4.56152
19	74	-4.5591
18	75	-4.5591
12	35	-4.55857
13	34	-4.55857
15	68	-4.55688
14	69	-4.55688
40	69	-4.55631
41	68	-4.55631
18	89	-4.5561
19	88	-4.5561
16	63	-4.55404
17	62	-4.55404
93	98	4.55124
92	99	4.55124
34	59	4.55119
35	58	4.55119
20	69	4.55062
21	68	4.55062
25	30	4.55017
24	31	4.55017
50	91	-4.54651
51	90	-4.54651
43	68	-4.54469
42	69	-4.54469
51	94	4.5426
50	95	4.5426
70	97	-4.53801
71	96	-4.53801
70	89	-4.53766
71	88	-4.53766
74	95	-4.53628
75	94	-4.53628
29	94	4.53617
28	95	4.53617
57	66	4.53593
56	67	4.53593
7	40	-4.53572
6	41	-4.53572
59	66	-4.53529
58	67	-4.53529
37	64	-4.53499
36	65	-4.53499
79	96	-4.53411
78	97	-4.53411
64	69	-4.53358
65	68	-4.53358
61	96	-4.5325
60	97	-4.5325
33	70	4.5311
32	71	4.5311
23	50	4.52957
22	51	4.52957
26	89	-4.52925
27	88	-4.52925
33	64	-4.52799
32	65	-4.52799
52	69	4.52706
53	68	4.52706
47	62	4.52591
46	63	4.52591
19	44	4.52487
18	45	4.52487
72	79	4.52364
73	78	4.52364
33	46	-4.52357
32	47	-4.52357
31	70	-4.523
30	71	-4.523
8	31	-4.52271
9	30	-4.52271
61	80	-4.52048
60	81	-4.52048
71	80	-4.51691
70	81	-4.51691
33	66	-4.51543
32	67	-4.51543
79	80	-4.51534
78	81	-4.51534
84	89	-4.51512
85	88	-4.51512
48	95	-4.51491
49	94	-4.51491
31	32	-4.51176
30	33	-4.51176
63	86	-4.51121
62	87	-4.51121
36	63	-4.51045
37	62	-4.51045
4	69	4.51001
5	68	4.51001
2	67	4.50953
3	66	4.50953
69	98	-4.50842
68	99	-4.50842
7	22	4.50796
6	23	4.50796
77	90	4.50758
76	91	4.50758
58	65	-4.50672
59	64	-4.50672
63	90	4.50619
62	91	4.50619
69	92	-4.50619
68	93	-4.50619
31	58	-4.50607
30	59	-4.50607
53	96	-4.5043
52	97	-4.5043
14	79	-4.50411
15	78	-4.50411
48	61	-4.50411
49	60	-4.50411
26	63	-4.50168
27	62	-4.50168
33	98	-4.49946
32	99	-4.49946
28	61	4.49883
29	60	4.49883
19	30	-4.49842
18	31	-4.49842
15	86	-4.49555
14	87	-4.49555
32	75	-4.49458
33	74	-4.49458
63	84	-4.49457
62	85	-4.49457
5	96	-4.49413
4	97	-4.49413
3	6	-4.49316
2	7	-4.49316
10	31	-4.49263
11	30	-4.49263
18	63	-4.49218
19	62	-4.49218
26	51	4.49211
27	50	4.49211
2	59	-4.48954
3	58	-4.48954
1	58	-4.48723
0	59	-4.48723
19	66	-4.48419
18	67	-4.48419
11	12	-4.48413
10	13	-4.48413
40	51	-4.48162
41	50	-4.48162
13	94	-4.4799
12	95	-4.4799
43	96	4.47984
42	97	4.47984
83	94	4.47947
82	95	4.47947
43	84	-4.47906
42	85	-4.47906
27	42	-4.47866
26	43	-4.47866
33	34	4.47851
32	35	4.47851
59	98	-4.47711
58	99	-4.47711
72	97	-4.47684
73	96	-4.47684
18	81	-4.47515
19	80	-4.47515
12	23	-4.47469
13	22	-4.47469
59	74	-4.47233
58	75	-4.47233
51	96	-4.4697
50	97	-4.4697
68	75	-4.46955
69	74	-4.46955
31	68	-4.46765
30	69	-4.46765
60	77	-4.46734
61	76	-4.46734
55	78	-4.46708
54	79	-4.46708
47	94	-4.46631
46	95	-4.46631
10	97	-4.46615
11	96	-4.46615
30	95	-4.46583
31	94	-4.46583
51	84	4.46534
50	85	4.46534
29	96	-4.46523
28	97	-4.46523
3	30	4.46467
2	31	4.46467
11	80	-4.46444
10	81	-4.46444
14	61	-4.46419
15	60	-4.46419
49	96	4.46192
48	97	4.46192
11	68	4.46048
10	69	4.46048
39	60	-4.45976
38	61	-4.45976
22	95	4.45968
23	94	4.45968
30	57	4.459
31	56	4.459
19	96	-4.45858
18	97	-4.45858
51	92	-4.45356
50	93	-4.45356
52	81	-4.45299
53	80	-4.45299
8	95	4.45143
9	94	4.45143
55	86	-4.45036
54	87	-4.45036
5	80	-4.45023
4	81	-4.45023
76	93	4.44934
77	92	4.44934
72	95	4.44871
73	94	4.44871
66	69	-4.44798
67	68	-4.44798
1	94	-4.44727
0	95	-4.44727
87	98	-4.44698
86	99	-4.44698
13	70	-4.44607
12	71	-4.44607
0	33	-4.44497
1	32	-4.44497
68	91	-4.44359
69	90	-4.44359
29	46	-4.43894
28	47	-4.43894
49	78	-4.43707
48	79	-4.43707
80	91	4.43574
81	90	4.43574
88	91	4.43441
89	90	4.43441
28	79	4.4324
29	78	4.4324
25	94	-4.43051
24	95	-4.43051
47	48	4.42919
46	49	4.42919
39	90	4.42862
38	91	4.42862
29	92	-4.4286
28	93	-4.4286
33	42	-4.42852
32	43	-4.42852
17	42	-4.42748
16	43	-4.42748
61	88	-4.42639
60	89	-4.42639
55	60	-4.42625
54	61	-4.42625
21	80	-4.42476
20	81	-4.42476
38	79	-4.42197
39	78	-4.42197
7	96	-4.42168
6	97	-4.42168
91	96	4.42112
90	97	4.42112
93	94	-4.42023
92	95	-4.42023
76	79	-4.41994
77	78	-4.41994
48	93	4.4196
49	92	4.4196
28	69	4.41924
29	68	4.41924
0	41	4.41893
1	40	4.41893
21	90	-4.41886
20	91	-4.41886
18	43	-4.41751
19	42	-4.41751
97	98	4.41731
96	99	4.41731
29	32	4.41598
28	33	4.41598
1	44	-4.41567
0	45	-4.41567
14	95	-4.41538
15	94	-4.41538
89	92	4.41372
88	93	4.41372
27	74	-4.41234
26	75	-4.41234
55	64	4.41015
54	65	4.41015
47	76	4.40972
46	77	4.40972
33	48	-4.40961
32	49	-4.40961
12	41	4.40882
13	40	4.40882
54	95	-4.40804
55	94	-4.40804
48	69	-4.40747
49	68	-4.40747
32	93	-4.40612
33	92	-4.40612
7	80	-4.40581
6	81	-4.40581
29	58	4.40564
28	59	4.40564
49	58	-4.4054
48	59	-4.4054
1	22	-4.40309
0	23	-4.40309
46	59	-4.40208
47	58	-4.40208
67	94	-4.40152
66	95	-4.40152
68	71	4.40013
69	70	4.40013
59	78	4.3995
58	79	4.3995
24	51	-4.39898
25	50	-4.39898
65	86	-4.39741
64	87	-4.39741
25	74	4.39653
24	75	4.39653
64	97	4.39413
65	96	4.39413
79	88	-4.39314
78	89	-4.39314
45	80	-4.39234
44	81	-4.39234
74	85	-4.39189
75	84	-4.39189
42	55	4.39029
43	54	4.39029
39	92	4.38956
38	93	4.38956
5	12	-4.38887
4	13	-4.38887
14	37	-4.38797
15	36	-4.38797
36	43	-4.38614
37	42	-4.38614
8	51	4.38526
9	50	4.38526
2	45	-4.38511
3	44	-4.38511
12	53	-4.38445
13	52	-4.38445
34	73	4.38409
35	72	4.38409
71	74	-4.38051
70	75	-4.38051
75	96	4.3795
74	97	4.3795
26	45	4.37877
27	44	4.37877
23	44	4.37483
22	45	4.37483
0	69	-4.37375
1	68	-4.37375
9	74	-4.37263
8	75	-4.37263
20	97	-4.37143
21	96	-4.37143
41	80	4.36967
40	81	4.36967
14	17	-4.36754
15	16	-4.36754
45	84	4.36604
44	85	4.36604
60	99	-4.36479
61	98	-4.36479
55	98	4.36184
54	99	4.36184
5	82	4.36005
4	83	4.36005
69	76	-4.36
68	77	-4.36
59	72	4.35604
58	73	4.35604
73	92	-4.35568
72	93	-4.35568
50	57	-4.35472
51	56	-4.35472
2	81	4.35428
3	80	4.35428
34	39	-4.35417
35	38	-4.35417
62	69	-4.35379
63	68	-4.35379
26	31	-4.35376
27	30	-4.35376
46	89	4.35208
47	88	4.35208
47	72	-4.35194
46	73	-4.35194
52	83	4.35102
53	82	4.35102
10	75	-4.35029
11	74	-4.35029
35	68	4.34987
34	69	4.34987
32	73	4.34828
33	72	4.34828
56	81	4.3478
57	80	4.3478
14	65	4.34777
15	64	4.34777
8	81	-4.34745
9	80	-4.34745
25	80	4.34613
24	81	4.34613
37	54	-4.34557
36	55	-4.34557
61	62	-4.34383
60	63	-4.34383
2	75	4.34293
3	74	4.34293
41	96	4.3427
40	97	4.3427
42	87	-4.34267
43	86	-4.34267
27	66	-4.34108
26	67	-4.34108
0	7	-4.33947
1	6	-4.33947
58	61	4.33922
59	60	4.33922
68	73	4.33898
69	72	4.33898
35	76	-4.33894
34	77	-4.33894
12	21	-4.33772
13	20	-4.33772
26	81	-4.3362
27	80	-4.3362
39	46	4.33537
38	47	4.33537
30	85	-4.33499
31	84	-4.33499
15	42	4.333
14	43	4.333
11	50	4.32829
10	51	4.32829
33	78	4.32803
32	79	4.32803
35	88	-4.32736
34	89	-4.32736
27	96	-4.32596
26	97	-4.32596
50	71	4.32568
51	70	4.32568
17	54	-4.32502
16	55	-4.32502
67	84	-4.32289
66	85	-4.32289
57	74	4.32018
56	75	4.32018
60	65	-4.3199
61	64	-4.3199
31	96	4.31849
30	97	4.31849
42	59	-4.3162
43	58	-4.3162
35	48	-4.31343
34	49	-4.31343
29	34	4.31119
28	35	4.31119
53	90	-4.31116
52	91	-4.31116
63	78	-4.3108
62	79	-4.3108
81	84	-4.30881
80	85	-4.30881
78	99	-4.30746
79	98	-4.30746
6	91	-4.30653
7	90	-4.30653
4	91	-4.30534
5	90	-4.30534
2	51	-4.30392
3	50	-4.30392
15	98	4.30295
14	99	4.30295
84	97	-4.30222
85	96	-4.30222
13	90	4.30179
12	91	4.30179
40	95	-4.29928
41	94	-4.29928
56	85	-4.29296
57	84	-4.29296
26	57	-4.28514
27	56	-4.28514
45	90	-4.28223
44	91	-4.28223
21	88	-4.27879
20	89	-4.27879
58	93	-4.27569
59	92	-4.27569
40	45	-4.27456
41	44	-4.27456
38	69	-4.2744
39	68	-4.2744
32	61	4.27399
33	60	4.27399
24	97	4.2734
25	96	4.2734
66	97	4.27235
67	96	4.27235
69	82	4.2712
68	83	4.2712
10	85	4.27002
11	84	4.27002
75	80	4.26967
74	81	4.26967
51	80	-4.26851
50	81	-4.26851
58	87	4.26695
59	86	4.26695
65	78	-4.26599
64	79	-4.26599
46	53	-4.26568
47	52	-4.26568
9	96	-4.26498
8	97	-4.26498
0	71	-4.26493
1	70	-4.26493
69	88	-4.26449
68	89	-4.26449
8	85	4.26121
9	84	4.26121
33	76	-4.25982
32	77	-4.25982
10	27	4.25891
11	26	4.25891
44	57	-4.25887
45	56	-4.25887
5	46	-4.25655
4	47	-4.25655
1	96	4.25513
0	97	4.25513
32	83	4.25467
33	82	4.25467
8	27	4.25277
9	26	4.25277
23	80	-4.25263
22	81	-4.25263
32	87	4.25242
33	86	4.25242
3	84	-4.25182
2	85	-4.25182
21	38	-4.25166
20	39	-4.25166
1	80	4.25162
0	81	4.25162
11	94	4.25131
10	95	4.25131
15	18	-4.25122
14	19	-4.25122
21	40	-4.24978
20	41	-4.24978
28	55	-4.24839
29	54	-4.24839
25	44	-4.2469
24	45	-4.2469
48	55	4.24487
49	54	4.24487
82	93	-4.24439
83	92	-4.24439
0	25	4.24434
1	24	4.24434
24	85	-4.24217
25	84	-4.24217
8	45	4.24152
9	44	4.24152
58	83	4.2392
59	82	4.2392
33	62	-4.23775
32	63	-4.23775
2	27	-4.23665
3	26	-4.23665
34	63	-4.23662
35	62	-4.23662
20	63	-4.23486
21	62	-4.23486
25	26	-4.23379
24	27	-4.23379
5	38	-4.2324
4	39	-4.2324
71	84	4.23205
70	85	4.23205
0	11	-4.23071
1	10	-4.23071
85	92	-4.2284
84	93	-4.2284
5	88	-4.22829
4	89	-4.22829
46	83	-4.22819
47	82	-4.22819
39	52	-4.22519
38	53	-4.22519
42	61	-4.22517
43	60	-4.22517
7	92	-4.22409
6	93	-4.22409
1	8	-4.2225
0	9	-4.2225
69	78	4.22243
68	79	4.22243
15	96	4.22192
14	97	4.22192
27	70	4.22087
26	71	4.22087
52	89	-4.22045
53	88	-4.22045
35	46	-4.21959
34	47	-4.21959
31	80	4.21622
30	81	4.21622
18	55	-4.21613
19	54	-4.21613
20	47	-4.21402
21	46	-4.21402
35	98	-4.20833
34	99	-4.20833
4	73	4.2051
5	72	4.2051
27	92	-4.20191
26	93	-4.20191
21	22	4.20078
20	23	4.20078
54	97	4.20041
55	96	4.20041
15	28	-4.19957
14	29	-4.19957
67	80	4.19818
66	81	4.19818
52	73	4.19758
53	72	4.19758
56	97	4.19712
57	96	4.19712
20	83	4.19675
21	82	4.19675
15	48	4.19643
14	49	4.19643
37	58	4.19489
36	59	4.19489
4	77	-4.19216
5	76	-4.19216
43	78	-4.18965
42	79	-4.18965
70	95	4.18856
71	94	4.18856
18	57	-4.18617
19	56	-4.18617
53	76	-4.18568
52	77	-4.18568
69	86	4.18564
68	87	4.18564
47	86	-4.18354
46	87	-4.18354
52	93	-4.18352
53	92	-4.18352
55	72	-4.1823
54	73	-4.1823
91	94	-4.18029
90	95	-4.18029
61	68	4.17959
60	69	4.17959
55	62	4.17898
54	63	4.17898
59	76	-4.17874
58	77	-4.17874
23	96	-4.17847
22	97	-4.17847
21	70	4.17837
20	71	4.17837
4	93	-4.17829
5	92	-4.17829
41	52	-4.17537
40	53	-4.17537
34	65	-4.17435
35	64	-4.17435
32	39	-4.17431
33	38	-4.17431
81	94	-4.1722
80	95	-4.1722
34	91	-4.1709
35	90	-4.1709
11	44	4.17011
10	45	4.17011
17	58	4.16991
16	59	4.16991
1	2	4.16972
0	3	4.16972
4	41	-4.1692
5	40	-4.1692
6	95	4.16823
7	94	4.16823
1	12	4.16798
0	13	4.16798
21	76	-4.16767
20	77	-4.16767
7	74	-4.16568
6	75	-4.16568
0	57	4.16468
1	56	4.16468
44	71	4.16357
45	70	4.16357
32	89	-4.16348
33	88	-4.16348
59	96	-4.16261
58	97	-4.16261
4	63	-4.16191
5	62	-4.16191
33	36	4.16061
32	37	4.16061
21	92	-4.16036
20	93	-4.16036
23	52	4.15601
22	53	4.15601
8	19	4.15447
9	18	4.15447
6	45	4.15403
7	44	4.15403
59	62	-4.15368
58	63	-4.15368
53	62	-4.15362
52	63	-4.15362
16	57	-4.15349
17	56	-4.15349
35	92	-4.15271
34	93	-4.15271
5	48	-4.1515
4	49	-4.1515
47	78	-4.15006
46	79	-4.15006
11	18	4.14926
10	19	4.14926
4	29	4.14889
5	28	4.14889
5	22	4.14851
4	23	4.14851
10	21	4.1476
11	20	4.1476
12	93	4.14703
13	92	4.14703
20	95	4.14695
21	94	4.14695
49	52	-4.14553
48	53	-4.14553
15	26	-4.14325
14	27	-4.14325
28	53	4.14308
29	52	4.14308
15	62	4.14163
14	63	4.14163
15	72	-4.14089
14	73	-4.14089
16	33	4.14077
17	32	4.14077
1	82	-4.14055
0	83	-4.14055
19	24	-4.13903
18	25	-4.13903
3	18	-4.13814
2	19	-4.13814
7	46	-4.13439
6	47	-4.13439
15	84	-4.13312
14	85	-4.13312
6	51	4.13167
7	50	4.13167
47	60	-4.13026
46	61	-4.13026
37	56	-4.12981
36	57	-4.12981
46	85	-4.12911
47	84	-4.12911
64	67	4.12811
65	66	4.12811
13	68	-4.12775
12	69	-4.12775
13	44	-4.12676
12	45	-4.12676
20	25	-4.12548
21	24	-4.12548
55	76	4.1236
54	77	4.1236
86	93	-4.12327
87	92	-4.12327
40	85	-4.12313
41	84	-4.12313
12	75	4.12214
13	74	4.12214
78	93	-4.11928
79	92	-4.11928
19	70	4.11862
18	71	4.11862
35	42	-4.1181
34	43	-4.1181
26	41	-4.11663
27	40	-4.11663
26	55	-4.11628
27	54	-4.11628
23	84	4.1154
22	85	4.1154
8	17	4.11411
9	16	4.11411
19	58	4.11295
18	59	4.11295
13	46	4.1122
12	47	4.1122
78	91	-4.11212
79	90	-4.11212
43	66	4.11182
42	67	4.11182
26	47	-4.11172
27	46	-4.11172
8	21	4.11
9	20	4.11
60	93	-4.10985
61	92	-4.10985
39	58	-4.10903
38	59	-4.10903
15	80	4.10898
14	81	4.10898
22	27	4.10895
23	26	4.10895
55	84	-4.10757
54	85	-4.10757
7	30	-4.10658
6	31	-4.10658
19	92	-4.10601
18	93	-4.10601
46	97	4.10292
47	96	4.10292
59	88	-4.10222
58	89	-4.10222
67	98	4.1018
66	99	4.1018
20	43	-4.10076
21	42	-4.10076
17	24	-4.09998
16	25	-4.09998
52	71	4.09748
53	70	4.09748
42	45	-4.09682
43	44	-4.09682
9	36	4.09592
8	37	4.09592
51	64	-4.09567
50	65	-4.09567
54	81	4.09557
55	80	4.09557
36	69	4.09501
37	68	4.09501
92	97	4.09423
93	96	4.09423
5	70	4.09399
4	71	4.09399
33	96	-4.09325
32	97	-4.09325
2	97	4.0928
3	96	4.0928
3	20	-4.09256
2	21	-4.09256
20	73	4.09176
21	72	4.09176
54	89	4.09073
55	88	4.09073
15	76	4.09064
14	77	4.09064
31	64	4.09044
30	65	4.09044
11	16	4.09002
10	17	4.09002
0	89	4.08985
1	88	4.08985
7	66	-4.08589
6	67	-4.08589
60	91	-4.08572
61	90	-4.08572
3	16	-4.08536
2	17	-4.08536
59	80	-4.0853
58	81	-4.0853
37	46	-4.08419
36	47	-4.08419
24	37	-4.08349
25	36	-4.08349
25	52	-4.08259
24	53	-4.08259
10	53	4.08193
11	52	4.08193
0	39	4.08138
1	38	4.08138
16	69	4.08136
17	68	4.08136
30	43	4.08083
31	42	4.08083
4	99	-4.08068
5	98	-4.08068
39	54	4.07968
38	55	4.07968
54	83	-4.07947
55	82	-4.07947
13	50	-4.07865
12	51	-4.07865
5	10	4.07834
4	11	4.07834
50	99	-4.0778
51	98	-4.0778
5	24	-4.07752
4	25	-4.07752
53	98	-4.0769
52	99	-4.0769
11	36	4.07584
10	37	4.07584
18	33	4.07559
19	32	4.07559
16	47	-4.07455
17	46	-4.07455
34	41	-4.07389
35	40	-4.07389
53	94	4.07231
52	95	4.07231
8	53	4.07164
9	52	4.07164
56	87	-4.07152
57	86	-4.07152
30	99	4.06921
31	98	4.06921
3	36	-4.06897
2	37	-4.06897
4	95	4.06852
5	94	4.06852
18	47	-4.06732
19	46	-4.06732
23	34	4.06701
22	35	4.06701
5	8	4.06683
4	9	4.06683
13	30	4.0653
12	31	4.0653
14	89	4.06491
15	88	4.06491
84	95	4.0645
85	94	4.0645
16	71	4.06324
17	70	4.06324
42	51	-4.0625
43	50	-4.0625
20	57	-4.06239
21	56	-4.06239
26	95	4.06223
27	94	4.06223
6	59	4.06141
7	58	4.06141
4	65	-4.06118
5	64	-4.06118
13	32	-4.06103
12	33	-4.06103
0	63	4.06039
1	62	4.06039
37	92	-4.05915
36	93	-4.05915
52	65	-4.05812
53	64	-4.05812
0	73	-4.05792
1	72	-4.05792
75	82	-4.05603
74	83	-4.05603
20	49	-4.05549
21	48	-4.05549
18	41	-4.05517
19	40	-4.05517
15	38	4.0546
14	39	4.0546
14	83	-4.0544
15	82	-4.0544
4	43	-4.05386
5	42	-4.05386
21	28	4.0535
20	29	4.0535
68	97	-4.0523
69	96	-4.0523
37	70	4.052
36	71	4.052
29	66	-4.05106
28	67	-4.05106
48	67	4.05014
49	66	4.05014
17	92	-4.05006
16	93	-4.05006
18	23	4.04976
19	22	4.04976
0	77	4.04867
1	76	4.04867
42	53	-4.04845
43	52	-4.04845
7	68	4.04785
6	69	4.04785
13	66	4.04674
12	67	4.04674
95	96	-4.04647
94	97	-4.04647
7	32	4.04609
6	33	4.04609
45	64	-4.04488
44	65	-4.04488
27	58	4.04388
26	59	4.04388
28	51	4.04247
29	50	4.04247
62	67	4.04163
63	66	4.04163
48	51	-4.04106
49	50	-4.04106
16	95	4.04099
17	94	4.04099
2	87	-4.04059
3	86	-4.04059
8	87	4.03965
9	86	4.03965
53	56	-4.03882
52	57	-4.03882
56	61	-4.03837
57	60	-4.03837
64	75	4.03833
65	74	4.03833
17	22	4.03801
16	23	4.03801
58	85	4.03773
59	84	4.03773
19	94	4.03742
18	95	4.03742
40	79	-4.03691
41	78	-4.03691
1	48	4.03661
0	49	4.03661
0	29	-4.03582
1	28	-4.03582
18	69	4.03475
19	68	4.03475
4	57	-4.03471
5	56	-4.03471
85	90	-4.03428
84	91	-4.03428
51	82	4.03361
50	83	4.03361
12	59	-4.03356
13	58	-4.03356
87	94	4.03302
86	95	4.03302
27	90	-4.03214
26	91	-4.03214
44	99	-4.03183
45	98	-4.03183
25	86	-4.03145
24	87	-4.03145
43	74	4.03137
42	75	4.03137
16	41	-4.03105
17	40	-4.03105
38	45	-4.03082
39	44	-4.03082
44	63	-4.03067
45	62	-4.03067
22	37	4.03031
23	36	4.03031
3	60	-4.03016
2	61	-4.03016
29	30	-4.02998
28	31	-4.02998
8	61	4.02984
9	60	4.02984
2	53	-4.02955
3	52	-4.02955
11	60	4.02947
10	61	4.02947
2	5	-4.02887
3	4	-4.02887
37	94	4.02879
36	95	4.02879
31	48	4.02868
30	49	4.02868
25	34	-4.02829
24	35	-4.02829
66	73	-4.02812
67	72	-4.02812
74	99	4.02711
75	98	4.02711
35	70	4.02695
34	71	4.02695
87	90	-4.02679
86	91	-4.02679
45	76	-4.02666
44	77	-4.02666
44	89	-4.02651
45	88	-4.02651
40	61	-4.02647
41	60	-4.02647
24	61	-4.02601
25	60	-4.02601
37	40	-4.0259
36	41	-4.0259
23	78	4.0259
22	79	4.0259
51	72	4.02578
50	73	4.02578
9	34	4.02502
8	35	4.02502
66	89	4.02449
67	88	4.02449
30	83	-4.02412
31	82	-4.02412
10	35	4.02375
11	34	4.02375
57	78	-4.02372
56	79	-4.02372
37	90	-4.02307
36	91	-4.02307
10	79	4.02284
11	78	4.02284
10	87	4.02274
11	86	4.02274
38	75	4.02261
39	74	4.02261
60	71	4.02189
61	70	4.02189
8	79	4.02132
9	78	4.02132
74	89	4.02046
75	88	4.02046
26	33	4.02043
27	32	4.02043
19	90	-4.02015
18	91	-4.02015
3	78	-4.0201
2	79	-4.0201
24	79	-4.01996
25	78	-4.01996
70	79	4.01963
71	78	4.01963
67	82	-4.01795
66	83	-4.01795
30	63	4.01759
31	62	4.01759
33	80	-4.01724
32	81	-4.01724
20	99	-4.01708
21	98	-4.01708
23	60	4.01689
22	61	4.01689
32	85	4.01663
33	84	4.01663
34	57	-4.01638
35	56	-4.01638
17	90	-4.01609
16	91	-4.01609
23	86	4.01511
22	87	4.01511
1	98	4.015
0	99	4.015
30	73	-4.0135
31	72	-4.0135
35	94	4.01327
34	95	4.01327
0	65	4.01308
1	64	4.01308
45	82	4.01302
44	83	4.01302
70	87	4.01296
71	86	4.01296
0	43	4.01246
1	42	4.01246
68	85	4.01245
69	84	4.01245
75	76	4.01244
74	77	4.01244
39	66	4.01225
38	67	4.01225
28	75	-4.01201
29	74	-4.01201
27	68	4.01117
26	69	4.01117
49	74	4.01072
48	75	4.01072
30	89	4.01053
31	88	4.01053
73	74	-4.00928
72	75	-4.00928
20	65	-4.00877
21	64	-4.00877
29	44	4.00668
28	45	4.00668
44	49	-4.00627
45	48	-4.00627
50	77	-4.0056
51	76	-4.0056
80	93	4.00548
81	92	4.00548
30	39	4.00543
31	38	4.00543
39	50	-4.00477
38	51	-4.00477
7	14	-4.00448
6	15	-4.00448
67	76	4.00437
66	77	4.00437
13	54	4.00408
12	55	4.00408
62	75	4.00402
63	74	4.00402
41	86	-4.00387
40	87	-4.00387
51	88	-4.00374
50	89	-4.00374
44	73	4.00359
45	72	4.00359
51	62	-4.0031
50	63	-4.0031
78	95	4.00257
79	94	4.00257
3	34	-4.00246
2	35	-4.00246
60	95	4.00195
61	94	4.00195
46	81	4.00188
47	80	4.00188
12	15	4.00134
13	14	4.00134
6	55	-4.00095
7	54	-4.00095
30	77	4.00049
31	76	4.00049
69	80	-4.00021
68	81	-4.00021
4	52	2.99979
28	48	-2.9994
8	24	-2.99939
26	84	2.99922
64	98	2.99892
16	36	2.99873
14	54	2.99819
60	78	2.99812
38	88	2.99702
10	70	2.99501
48	72	-2.9938
30	66	2.99294
28	98	-2.99039
28	72	2.99016
30	74	2.99011
62	88	2.9875
48	98	2.98707
34	78	2.98463
28	64	-2.98404
38	62	2.98288
46	92	2.98131
48	64	2.98072
38	76	2.98063
8	56	-2.97996
22	24	-2.97949
8	22	2.97718
10	40	-2.97491
18	26	2.97418
34	60	2.9741
4	34	2.97395
24	40	2.97378
72	82	2.97365
34	52	2.97358
24	56	2.97329
32	68	2.97322
32	58	2.97186
66	74	2.96949
40	70	-2.96827
22	40	-2.96817
40	90	2.96743
28	82	2.96703
62	76	2.96694
48	82	-2.96619
76	88	2.96585
8	40	-2.96534
18	84	2.96509
10	24	-2.96475
72	98	-2.96354
36	60	2.96293
22	56	-2.96143
12	38	2.95989
8	10	2.95814
4	20	2.9555
42	62	2.95425
64	72	-2.95424
20	52	2.95258
12	88	2.95213
36	78	2.95182
16	86	2.95139
18	60	2.9511
18	36	2.94976
16	60	2.94846
14	66	2.94798
4	78	2.94739
36	86	2.9461
42	76	2.94543
52	78	2.94369
16	18	2.94271
14	30	2.93991
24	70	-2.93783
80	96	2.93741
16	78	2.93565
0	74	2.93484
70	90	-2.93395
54	66	2.93134
18	78	2.93106
82	98	-2.93004
34	36	2.92888
8	70	2.92824
4	60	2.92654
52	60	2.92214
12	76	2.91952
0	30	2.91939
10	90	-2.91928
30	54	2.91907
0	66	2.91786
10	22	2.91596
64	82	-2.91268
16	34	2.9124
38	42	2.90983
42	88	2.9047
56	64	2.90451
40	56	2.90398
22	90	-2.90322
6	84	2.9008
6	26	2.89691
12	62	2.89613
58	68	2.89509
34	86	2.89504
14	74	2.89223
22	70	2.88886
2	42	2.88809
24	90	2.88745
10	56	-2.88633
56	98	2.88451
20	34	2.87532
8	90	-2.87176
60	86	2.87172
78	86	2.86985
26	60	2.86977
8	64	-2.86552
54	74	2.8648
18	34	2.86275
26	36	2.86274
12	80	2.86265
44	50	2.86138
6	82	2.86049
20	78	2.86017
16	26	2.85583
2	56	2.85463
60	84	2.85445
24	64	2.85001
36	84	2.84359
8	98	-2.8433
26	78	2.84188
56	70	-2.84118
16	84	2.8362
6	72	2.83585
46	54	2.83489
20	60	2.8344
4	36	2.82985
24	98	2.82702
36	52	2.82701
78	84	2.82594
28	56	-2.82286
14	46	2.82055
6	18	2.82054
48	56	2.81862
68	94	2.81784
42	64	2.81648
42	98	2.81478
18	86	2.80576
4	16	2.8053
16	52	2.80267
76	98	2.8005
50	52	2.79741
52	86	2.79206
2	22	-2.79119
8	48	-2.78995
64	76	2.78974
4	86	2.7893
8	28	2.78885
76	82	-2.78795
4	50	2.78705
56	90	2.78358
10	64	-2.78268
6	48	-2.77894
28	76	-2.77808
4	18	2.77752
24	48	2.77392
24	28	-2.77223
22	64	-2.77115
12	42	2.7709
18	52	2.76964
42	56	2.76801
6	28	2.76744
56	72	-2.76725
50	58	2.76492
10	98	-2.7614
28	42	-2.76062
48	76	2.75862
0	14	2.7568
2	8	-2.75461
32	50	2.75198
2	62	2.75044
8	72	2.7484
26	34	2.74733
22	98	-2.74333
20	50	2.74316
42	48	2.74085
2	24	2.7406
2	92	2.73609
10	48	-2.73457
80	88	2.73382
24	72	-2.73302
2	64	2.73277
2	46	2.73136
54	92	2.73061
34	84	2.72818
64	70	-2.72806
38	80	2.72759
40	64	2.72654
10	28	2.72606
0	54	2.72552
32	94	2.71986
14	92	2.71684
2	98	2.71431
72	76	-2.71277
10	72	2.71243
34	50	2.70955
42	82	-2.70639
70	98	-2.70631
6	16	2.70604
2	76	2.7053
40	98	2.69953
6	36	2.69712
62	98	2.68678
38	98	2.6858
12	96	2.6857
20	36	2.68565
6	98	-2.68414
48	70	-2.68333
54	90	2.68256
38	82	-2.68177
62	64	2.68132
26	86	2.67926
18	20	2.67919
42	72	-2.67894
38	64	2.67456
50	68	2.67391
28	70	2.67336
22	28	2.67116
56	82	-2.67051
22	48	-2.66979
70	72	2.66482
4	26	2.6627
28	38	-2.6607
6	64	-2.65997
44	68	2.65806
84	86	2.65483
16	20	2.65483
22	54	-2.65296
32	44	2.65288
26	52	2.65256
14	90	2.65209
8	42	-2.65156
2	88	2.65136
12	82	-2.65111
30	46	2.65033
2	38	2.64818
88	98	2.648
40	48	2.6471
22	46	-2.64652
4	84	2.64599
28	62	-2.64493
28	40	-2.64263
2	40	2.64149
46	66	2.64003
38	48	2.63948
26	82	2.63863
64	88	2.63822
62	82	-2.63644
52	84	2.63553
82	84	2.63503
62	80	2.63499
82	88	-2.6343
56	76	2.63324
76	80	2.63135
24	42	2.63087
2	28	-2.63067
6	60	2.6288
8	82	2.62662
48	62	2.62278
22	42	-2.62057
28	88	-2.61807
22	72	2.61793
2	48	2.61524
14	22	-2.61317
20	86	2.61285
58	94	2.61262
40	72	-2.60966
40	54	2.60864
24	82	-2.60761
50	78	2.60496
46	74	2.6001
48	88	2.59635
18	82	2.59201
38	72	-2.59192
12	98	2.58828
6	78	2.58777
20	26	2.58681
12	28	-2.58653
56	62	2.58641
44	58	2.58376
20	84	2.57566
86	96	-2.57386
2	10	-2.57256
44	52	2.57235
14	40	2.57151
16	82	2.57042
12	64	2.57036
10	82	2.56918
12	48	2.5678
46	56	2.5664
62	72	-2.56637
22	92	-2.56566
50	60	2.56533
72	84	2.56498
26	72	2.56311
64	90	2.56229
4	44	2.55972
50	86	2.55892
30	92	2.55126
66	90	2.55056
2	72	-2.54652
72	88	-2.54649
36	82	2.54529
34	44	2.54407
12	72	-2.53608
44	86	2.53589
66	92	2.53457
90	98	2.53348
38	56	2.52903
6	86	2.52804
8	76	-2.52655
24	46	2.52539
24	54	2.52503
2	90	2.52493
8	46	-2.52443
40	46	2.5228
80	86	-2.52102
70	82	2.51769
12	86	-2.51628
2	70	-2.51555
56	92	2.51481
8	54	-2.51163
56	88	2.51004
74	92	2.50999
2	82	-2.50658
38	96	2.50657
88	96	2.50597
24	76	2.50508
48	84	-2.50078
46	90	2.4998
26	48	-2.49973
40	42	2.49813
22	82	2.49607
28	84	2.49153
26	28	2.49106
18	72	2.4888
10	42	-2.48639
54	56	2.48564
30	90	2.48564
14	24	2.48479
12	16	-2.48473
6	34	2.48456
2	54	2.48277
48	90	2.48149
36	50	2.47739
6	76	-2.47672
28	90	-2.47608
8	62	-2.47232
8	14	-2.47117
40	82	-2.47011
54	70	-2.46742
10	54	-2.46396
0	34	-2.46099
22	76	-2.45913
8	92	-2.45763
16	50	2.45586
0	78	-2.45579
24	92	2.45537
12	36	-2.45534
2	12	2.45534
24	62	2.45309
0	4	-2.45235
0	52	-2.45171
0	60	-2.44989
42	80	2.44862
20	58	2.44857
82	86	2.44829
20	44	2.44818
72	90	-2.44718
2	14	2.44609
14	56	2.44439
44	78	2.43936
16	72	2.43836
22	66	-2.43769
22	62	-2.43668
14	70	-2.4333
40	92	2.43319
18	48	-2.43187
42	92	2.4309
42	70	-2.42923
40	66	2.42902
50	54	-2.42891
10	14	-2.42784
14	50	-2.42756
18	28	2.4266
8	38	-2.42555
52	66	-2.42402
76	96	2.42256
4	66	-2.42084
0	36	-2.41804
34	74	-2.41669
36	72	2.416
30	52	-2.41146
44	60	2.41113
0	20	-2.40988
42	46	2.40937
16	96	-2.40905
0	16	-2.40787
60	82	2.40782
4	30	-2.40775
44	46	-2.40761
10	46	-2.40722
8	88	-2.40707
24	38	2.40661
30	34	-2.40633
50	66	-2.4054
34	66	-2.40536
52	74	-2.40489
84	98	-2.40438
26	98	-2.40358
74	86	-2.40223
4	74	-2.40136
0	46	2.40131
52	58	2.40028
62	96	2.4001
22	58	2.39932
16	80	-2.39914
10	76	-2.399
30	50	-2.39886
74	90	2.39526
16	48	-2.39473
16	28	2.39455
90	92	2.39402
0	86	-2.39284
4	58	2.39167
6	10	2.39094
6	56	-2.39072
24	88	2.38918
22	30	-2.38905
36	44	2.3886
22	32	2.38858
16	76	-2.38837
0	18	-2.3877
6	42	-2.38751
6	12	-2.38725
36	96	-2.38673
14	44	-2.38642
44	54	-2.38531
40	58	-2.38321
46	70	-2.38316
6	8	2.38188
6	38	-2.38174
24	58	-2.38122
12	56	2.3809
74	78	-2.3792
20	66	-2.37913
8	58	2.37867
16	44	2.37833
64	84	-2.37787
44	96	-2.37704
50	74	-2.37661
26	64	-2.37654
36	80	-2.37497
80	82	-2.37426
40	76	2.37301
44	92	-2.37251
30	40	2.3724
32	56	-2.37167
36	48	-2.37135
22	38	-2.37102
28	36	2.37066
4	6	2.37044
78	82	2.36901
16	38	-2.36894
20	32	2.36851
6	24	-2.36839
60	74	-2.36784
42	90	2.36721
42	94	-2.3671
12	18	-2.36664
66	78	-2.36491
30	78	-2.36434
30	86	-2.36325
56	58	-2.36319
6	52	2.36193
2	68	-2.36134
38	86	-2.36125
22	88	-2.36098
36	76	-2.36031
56	68	-2.36003
8	32	2.35996
36	74	-2.35925
18	50	2.35918
6	70	2.35891
24	32	-2.3587
58	90	-2.35775
76	86	-2.35637
22	68	2.3538
16	74	-2.35278
70	76	-2.3507
30	60	-2.34948
20	30	-2.34852
60	66	-2.34817
32	52	2.34695
10	58	2.34361
36	38	-2.34264
18	98	-2.34251
14	52	-2.34174
40	62	2.34165
6	88	-2.34003
10	62	-2.33923
30	44	-2.33913
76	94	-2.33907
2	94	-2.33843
32	40	-2.33816
4	32	2.33763
10	92	-2.33753
16	88	-2.33676
6	62	-2.3366
18	76	-2.33649
26	76	-2.33639
4	14	-2.33617
44	74	-2.335
0	90	2.33382
66	86	-2.33363
86	88	-2.33226
52	54	-2.32909
76	84	-2.32902
58	70	2.32779
0	92	2.3275
20	74	-2.32738
0	26	-2.3257
0	50	-2.32515
30	36	-2.32387
8	68	2.32351
4	54	-2.3234
24	66	2.32241
62	94	-2.32001
12	26	-2.31871
16	98	-2.31871
24	68	-2.31863
28	80	-2.31675
12	60	-2.31647
10	38	-2.31605
0	84	-2.31596
44	66	-2.31578
16	30	-2.31462
18	64	-2.31452
34	96	-2.31423
66	70	-2.31317
46	64	2.31279
72	86	2.31249
36	88	-2.31243
82	90	-2.31206
70	92	-2.31089
2	32	-2.31048
32	54	-2.31008
80	98	2.30889
14	34	-2.30846
8	66	-2.30717
36	66	-2.30703
48	80	2.30688
38	94	-2.30492
12	84	-2.30463
18	38	-2.304
8	12	-2.30255
22	74	-2.30199
54	58	-2.30185
14	32	-2.3002
10	88	-2.30019
64	94	-2.29919
62	70	-2.29909
12	78	-2.29882
46	68	-2.29838
38	40	2.29814
60	72	2.29795
94	98	-2.29773
14	20	-2.29768
62	92	2.29762
46	50	-2.29758
64	92	2.29665
10	66	-2.29615
64	80	2.29579
36	98	-2.29538
16	66	-2.29537
34	82	2.29523
32	90	-2.29482
88	94	-2.29471
44	94	2.29407
72	80	-2.29364
14	58	-2.29128
82	96	-2.29089
20	54	-2.2908
34	54	-2.29062
10	32	2.29036
16	64	-2.29002
56	94	-2.28965
26	38	-2.28961
40	88	2.28939
46	98	2.2884
12	24	2.28711
54	68	-2.28701
40	74	2.28629
28	86	2.28395
6	20	2.28192
38	84	-2.28149
48	86	-2.2812
38	70	-2.28094
34	80	-2.28076
18	74	-2.27955
12	34	-2.27929
14	68	-2.27844
40	68	-2.27815
18	88	-2.27805
16	62	-2.27702
92	98	2.27562
34	58	2.2756
20	68	2.27531
24	30	2.27508
50	90	-2.27325
42	68	-2.27235
50	94	2.2713
70	96	-2.26901
70	88	-2.26883
74	94	-2.26814
28	94	2.26809
56	66	2.26797
6	40	-2.26786
58	66	-2.26764
36	64	-2.26749
78	96	-2.26706
64	68	-2.26679
60	96	-2.26625
32	70	2.26555
22	50	2.26478
26	88	-2.26463
32	64	-2.264
52	68	2.26353
46	62	2.26296
18	44	2.26243
72	78	2.26182
32	46	-2.26179
30	70	-2.2615
8	30	-2.26135
60	80	-2.26024
70	80	-2.25845
32	66	-2.25771
78	80	-2.25767
84	88	-2.25756
48	94	-2.25746
30	32	-2.25588
62	86	-2.2556
36	62	-2.25522
4	68	2.255
2	66	2.25477
68	98	-2.25421
6	22	2.25398
76	90	2.25379
58	64	-2.25336
62	90	2.2531
68	92	-2.2531
30	58	-2.25303
52	96	-2.25215
14	78	-2.25206
48	60	-2.25205
26	62	-2.25084
32	98	-2.24973
28	60	2.24941
18	30	-2.24921
14	86	-2.24777
32	74	-2.24729
62	84	-2.24729
4	96	-2.24706
2	6	-2.24658
10	30	-2.24632
18	62	-2.24609
26	50	2.24606
2	58	-2.24477
0	58	-2.24362
18	66	-2.2421
10	12	-2.24207
40	50	-2.24081
12	94	-2.23995
42	96	2.23992
82	94	2.23974
42	84	-2.23953
26	42	-2.23933
32	34	2.23926
58	98	-2.23856
72	96	-2.23842
18	80	-2.23758
12	22	-2.23735
58	74	-2.23617
50	96	-2.23485
68	74	-2.23477
30	68	-2.23382
60	76	-2.23367
54	78	-2.23354
46	94	-2.23315
10	96	-2.23307
30	94	-2.23291
50	84	2.23267
28	96	-2.23261
2	30	2.23234
10	80	-2.23222
14	60	-2.2321
48	96	2.23096
10	68	2.23024
38	60	-2.22988
22	94	2.22984
30	56	2.2295
18	96	-2.22929
50	92	-2.22678
52	80	-2.2265
8	94	2.22572
54	86	-2.22518
4	80	-2.22512
76	92	2.22467
72	94	2.22436
66	68	-2.22399
0	94	-2.22363
86	98	-2.22349
12	70	-2.22304
0	32	-2.22248
68	90	-2.2218
28	46	-2.21947
48	78	-2.21853
80	90	2.21787
88	90	2.2172
28	78	2.2162
24	94	-2.21525
46	48	2.2146
38	90	2.21431
28	92	-2.2143
32	42	-2.21426
16	42	-2.21374
60	88	-2.21319
54	60	-2.21312
20	80	-2.21238
38	78	-2.21098
6	96	-2.21084
90	96	2.21056
92	94	-2.21011
76	78	-2.20997
48	92	2.2098
28	68	2.20962
0	40	2.20947
20	90	-2.20943
18	42	-2.20875
96	98	2.20866
28	32	2.20799
0	44	-2.20783
14	94	-2.20769
88	92	2.20686
26	74	-2.20617
54	64	2.20508
46	76	2.20486
32	48	-2.2048
12	40	2.20441
54	94	-2.20402
48	68	-2.20373
32	92	-2.20306
6	80	-2.2029
28	58	2.20282
48	58	-2.2027
0	22	-2.20154
46	58	-2.20104
66	94	-2.20076
68	70	2.20007
58	78	2.19975
24	50	-2.19949
64	86	-2.1987
24	74	2.19827
64	96	2.19706
78	88	-2.19657
44	80	-2.19617
74	84	-2.19595
42	54	2.19514
38	92	2.19478
4	12	-2.19443
14	36	-2.19399
36	42	-2.19307
8	50	2.19263
2	44	-2.19255
12	52	-2.19223
34	72	2.19204
70	74	-2.19026
74	96	2.18975
26	44	2.18938
22	44	2.18741
0	68	-2.18688
8	74	-2.18631
20	96	-2.18571
40	80	2.18483
14	16	-2.18377
44	84	2.18302
60	98	-2.1824
54	98	2.18092
4	82	2.18002
68	76	-2.18
58	72	2.17802
72	92	-2.17784
50	56	-2.17736
2	80	2.17714
34	38	-2.17709
62	68	-2.17689
26	30	-2.17688
46	88	2.17604
46	72	-2.17597
52	82	2.17551
10	74	-2.17514
34	68	2.17494
32	72	2.17414
56	80	2.1739
14	64	2.17388
8	80	-2.17372
24	80	2.17306
36	54	-2.17278
60	62	-2.17192
2	74	2.17147
40	96	2.17135
42	86	-2.17133
26	66	-2.17054
0	6	-2.16974
58	60	2.16961
68	72	2.16949
34	76	-2.16947
12	20	-2.16886
26	80	-2.1681
38	46	2.16768
30	84	-2.1675
14	42	2.1665
10	50	2.16414
32	78	2.16402
34	88	-2.16368
26	96	-2.16298
50	70	2.16284
16	54	-2.16251
66	84	-2.16144
56	74	2.16009
60	64	-2.15995
30	96	2.15925
42	58	-2.1581
34	48	-2.15671
28	34	2.1556
52	90	-2.15558
62	78	-2.1554
80	84	-2.15441
78	98	-2.15373
6	90	-2.15326
4	90	-2.15267
2	50	-2.15196
14	98	2.15148
84	96	-2.15111
12	90	2.1509
40	94	-2.14964
56	84	-2.14648
26	56	-2.14257
44	90	-2.14112
20	88	-2.13939
58	92	-2.13784
40	44	-2.13728
38	68	-2.1372
32	60	2.13699
24	96	2.1367
66	96	2.13617
68	82	2.1356
10	84	2.13501
74	80	2.13484
50	80	-2.13426
58	86	2.13347
64	78	-2.133
46	52	-2.13284
8	96	-2.13249
0	70	-2.13246
68	88	-2.13224
8	84	2.13061
32	76	-2.12991
10	26	2.12945
44	56	-2.12943
4	46	-2.12828
0	96	2.12756
32	82	2.12734
8	26	2.12638
22	80	-2.12632
32	86	2.12621
2	84	-2.12591
20	38	-2.12583
0	80	2.12581
10	94	2.12565
14	18	-2.12561
20	40	-2.12489
28	54	-2.1242
24	44	-2.12345
48	54	2.12243
82	92	-2.1222
0	24	2.12217
24	84	-2.12109
8	44	2.12076
58	82	2.1196
32	62	-2.11887
2	26	-2.11832
34	62	-2.11831
20	62	-2.11743
24	26	-2.1169
4	38	-2.1162
70	84	2.11602
0	10	-2.11535
84	92	-2.1142
4	88	-2.11414
46	82	-2.11409
38	52	-2.11259
42	60	-2.11258
6	92	-2.11205
0	8	-2.11125
68	78	2.11122
14	96	2.11096
26	70	2.11044
52	88	-2.11023
34	46	-2.10979
30	80	2.10811
18	54	-2.10807
20	46	-2.10701
34	98	-2.10416
4	72	2.10255
26	92	-2.10096
20	22	2.10039
54	96	2.10021
14	28	-2.09978
66	80	2.09909
52	72	2.09879
56	96	2.09856
20	82	2.09837
14	48	2.09821
36	58	2.09744
4	76	-2.09608
42	78	-2.09483
70	94	2.09428
18	56	-2.09309
52	76	-2.09284
68	86	2.09282
46	86	-2.09177
52	92	-2.09176
54	72	-2.09115
90	94	-2.09014
60	68	2.08979
54	62	2.08949
58	76	-2.08937
22	96	-2.08923
20	70	2.08918
4	92	-2.08914
40	52	-2.08769
34	64	-2.08718
32	38	-2.08715
80	94	-2.0861
34	90	-2.08545
10	44	2.08506
16	58	2.08495
0	2	2.08486
4	40	-2.0846
6	94	2.08412
0	12	2.08399
20	76	-2.08384
6	74	-2.08284
0	56	2.08234
44	70	2.08179
32	88	-2.08174
58	96	-2.08131
4	62	-2.08096
32	36	2.08031
20	92	-2.08018
22	52	2.07801
8	18	2.07723
6	44	2.07702
58	62	-2.07684
52	62	-2.07681
16	56	-2.07675
34	92	-2.07636
4	48	-2.07575
46	78	-2.07503
10	18	2.07463
4	28	2.07444
4	22	2.07426
10	20	2.0738
12	92	2.07352
20	94	2.07348
48	52	-2.07276
14	26	-2.07162
28	52	2.07154
14	62	2.07081
14	72	-2.07044
16	32	2.07038
0	82	-2.07028
18	24	-2.06951
2	18	-2.06907
6	46	-2.06719
14	84	-2.06656
6	50	2.06584
46	60	-2.06513
36	56	-2.06491
46	84	-2.06456
64	66	2.06406
12	68	-2.06387
12	44	-2.06338
20	24	-2.06274
54	76	2.0618
86	92	-2.06164
40	84	-2.06156
12	74	2.06107
78	92	-2.05964
18	70	2.05931
34	42	-2.05905
26	40	-2.05832
26	54	-2.05814
22	84	2.0577
8	16	2.05706
18	58	2.05648
12	46	2.0561
78	90	-2.05606
42	66	2.05591
26	46	-2.05586
8	20	2.055
60	92	-2.05492
38	58	-2.05452
14	80	2.05449
22	26	2.05447
54	84	-2.05378
6	30	-2.05329
18	92	-2.05301
46	96	2.05146
58	88	-2.05111
66	98	2.0509
20	42	-2.05038
16	24	-2.04999
52	70	2.04874
42	44	-2.04841
8	36	2.04796
50	64	-2.04784
54	80	2.04778
36	68	2.04751
92	96	2.04712
4	70	2.04699
32	96	-2.04662
2	96	2.0464
2	20	-2.04628
20	72	2.04588
54	88	2.04536
14	76	2.04532
30	64	2.04522
10	16	2.04501
0	88	2.04492
6	66	-2.04294
60	90	-2.04286
2	16	-2.04268
58	80	-2.04265
36	46	-2.0421
24	36	-2.04174
24	52	-2.0413
10	52	2.04096
0	38	2.04069
16	68	2.04068
30	42	2.04042
4	98	-2.04034
38	54	2.03984
54	82	-2.03973
12	50	-2.03932
4	10	2.03917
50	98	-2.0389
4	24	-2.03876
52	98	-2.03845
10	36	2.03792
18	32	2.03779
16	46	-2.03727
34	40	-2.03694
52	94	2.03615
8	52	2.03582
56	86	-2.03576
30	98	2.03461
2	36	-2.03449
4	94	2.03426
18	46	-2.03366
22	34	2.0335
4	8	2.03342
12	30	2.03265
14	88	2.03245
84	94	2.03225
16	70	2.03162
42	50	-2.03125
20	56	-2.0312
26	94	2.03111
6	58	2.03071
4	64	-2.03059
12	32	-2.03052
0	62	2.03019
36	92	-2.02958
52	64	-2.02906
0	72	-2.02896
74	82	-2.02801
20	48	-2.02774
18	40	-2.02759
14	38	2.0273
14	82	-2.0272
4	42	-2.02693
20	28	2.02675
68	96	-2.02615
36	70	2.026
28	66	-2.02553
48	66	2.02507
16	92	-2.02503
18	22	2.02488
0	76	2.02433
42	52	-2.02423
6	68	2.02392
12	66	2.02337
94	96	-2.02323
6	32	2.02305
44	64	-2.02244
26	58	2.02194
28	50	2.02124
62	66	2.02082
48	50	-2.02053
16	94	2.02049
2	86	-2.02029
8	86	2.01982
52	56	-2.01941
56	60	-2.01919
64	74	2.01916
16	22	2.019
58	84	2.01886
18	94	2.01871
40	78	-2.01846
0	48	2.01831
0	28	-2.01791
18	68	2.01738
4	56	-2.01736
84	90	-2.01714
50	82	2.01681
12	58	-2.01678
86	94	2.01651
26	90	-2.01607
44	98	-2.01592
24	86	-2.01573
42	74	2.01568
16	40	-2.01553
38	44	-2.01541
44	62	-2.01534
22	36	2.01515
2	60	-2.01508
28	30	-2.01499
8	60	2.01492
2	52	-2.01477
10	60	2.01474
2	4	-2.01443
36	94	2.01439
30	48	2.01434
24	34	-2.01414
66	72	-2.01406
74	98	2.01356
34	70	2.01347
86	90	-2.01339
44	76	-2.01333
44	88	-2.01326
40	60	-2.01324
24	60	-2.01301
36	40	-2.01295
22	78	2.01295
50	72	2.01289
8	34	2.01251
66	88	2.01225
30	82	-2.01206
10	34	2.01188
56	78	-2.01186
36	90	-2.01154
10	78	2.01142
10	86	2.01137
38	74	2.0113
60	70	2.01094
8	78	2.01066
74	88	2.01023
26	32	2.01022
18	90	-2.01007
2	78	-2.01005
24	78	-2.00998
70	78	2.00982
66	82	-2.00898
30	62	2.0088
32	80	-2.00862
20	98	-2.00854
22	60	2.00845
32	84	2.00831
34	56	-2.00819
16	90	-2.00804
22	86	2.00755
0	98	2.0075
30	72	-2.00675
34	94	2.00663
0	64	2.00654
44	82	2.00651
70	86	2.00648
0	42	2.00623
68	84	2.00623
74	76	2.00622
38	66	2.00612
28	74	-2.00601
26	68	2.00559
48	74	2.00536
30	88	2.00527
72	74	-2.00464
20	64	-2.00439
28	44	2.00334
44	48	-2.00314
50	76	-2.0028
80	92	2.00274
30	38	2.00272
38	50	-2.00239
6	14	-2.00224
66	76	2.00219
12	54	2.00204
62	74	2.00201
40	86	-2.00194
50	88	-2.00187
44	72	2.00179
50	62	-2.00155
78	94	2.00128
2	34	-2.00123
60	94	2.00098
46	80	2.00094
12	14	2.00067
6	54	-2.00048
30	76	2.00025
68	80	-2.0001
