31	71	11.994
69	97	11.994
41	63	11.9931
45	47	11.9926
1	61	11.9906
55	91	11.9876
25	71	11.9875
43	65	11.9865
3	19	-11.9826
11	77	11.9763
37	49	11.9698
1	69	11.9679
25	31	11.9669
61	69	11.9504
89	95	11.9419
23	25	11.9385
1	97	11.9349
9	29	-11.9279
9	55	-11.9199
53	89	11.915
23	71	11.912
61	97	11.9111
33	97	11.9074
5	45	11.9046
9	91	-11.8911
23	79	11.8896
27	29	-11.8825
7	73	11.8794
29	91	11.8776
35	99	11.8742
15	59	11.8684
41	69	11.8664
9	77	11.865
23	31	11.8647
33	69	11.8645
41	97	11.861
63	83	11.8566
41	61	11.8517
27	93	-11.8506
29	55	11.8498
5	47	11.8462
13	95	11.8446
3	75	11.8393
41	83	11.8384
9	11	11.8326
19	49	-11.8323
13	45	11.8292
1	41	11.807
13	47	11.8048
63	69	11.8009
63	97	11.7966
43	85	11.7913
61	63	11.7912
13	89	11.7823
61	99	11.781
57	75	-11.774
19	75	-11.7672
1	99	11.7649
59	85	11.762
21	85	11.76
5	13	11.7542
33	39	11.7447
65	85	11.7409
1	33	11.7393
1	63	11.7341
3	49	11.7295
79	87	11.7271
53	95	11.724
71	79	11.7139
25	79	11.7095
11	29	-11.7086
67	73	11.7042
27	89	-11.6949
19	37	-11.6922
17	35	11.6913
29	77	-11.6823
47	89	11.6788
43	67	11.6777
11	93	-11.6771
83	97	11.6755
9	27	11.6751
65	67	11.6709
31	87	11.6678
33	61	11.6669
27	95	-11.6649
31	79	11.6639
47	53	11.6495
15	21	11.6486
71	87	11.6431
29	93	11.634
37	39	11.6288
45	89	11.6288
55	77	-11.6288
27	53	-11.6263
69	83	11.625
31	81	11.6137
15	83	-11.6118
33	41	11.6098
53	93	11.592
23	87	11.5759
15	85	11.5743
11	27	11.5741
69	99	11.5696
45	53	11.5637
33	83	11.5618
27	91	-11.556
47	95	11.5513
3	37	11.5498
11	55	-11.5453
77	91	-11.5428
13	53	11.5369
49	75	11.5365
25	87	11.5346
71	81	11.5314
57	59	11.529
45	95	11.5288
33	63	11.5245
21	59	11.5121
7	91	11.512
77	93	-11.5027
27	55	-11.4891
9	93	-11.487
11	91	-11.4772
33	37	11.4751
97	99	11.4708
61	83	11.4682
89	93	11.4597
55	57	11.4522
27	77	11.4516
25	81	11.446
1	83	11.4387
39	49	11.4224
7	55	11.4185
43	59	11.4054
59	75	-11.3969
29	95	11.3881
39	97	11.3805
35	61	11.3799
41	99	11.366
7	67	11.3582
17	99	11.3465
1	35	11.3357
57	91	11.3309
29	89	11.3127
37	83	11.3102
5	89	11.3006
37	75	11.2976
39	69	11.296
3	57	-11.289
63	99	11.2831
93	95	11.279
15	49	-11.2777
5	95	11.2775
59	65	11.2608
21	83	-11.2558
33	49	11.235
9	57	-11.2119
15	37	-11.2063
21	43	11.2006
49	83	11.1948
15	75	-11.1787
21	65	11.1662
91	93	11.159
19	57	11.1518
29	53	11.1486
5	53	11.1426
13	27	-11.1371
55	93	11.1343
81	87	11.1289
37	97	11.1245
33	99	11.1205
7	29	11.1179
15	63	-11.1138
75	77	11.1111
1	39	11.1088
23	81	11.102
59	83	-11.095
15	57	11.0781
49	59	-11.0707
55	75	-11.069
91	95	11.0654
35	69	11.054
67	85	11.0535
57	77	-11.0454
15	41	-11.0445
73	91	11.0361
3	77	11.0361
57	85	11.0294
43	57	11.025
7	9	-11.0185
37	69	10.9949
9	75	10.9936
39	61	10.9735
23	51	10.9726
15	43	10.9719
21	63	-10.9671
9	95	-10.9633
39	83	10.959
7	57	10.957
19	39	-10.9546
55	73	10.944
43	73	10.9427
35	97	10.9214
37	59	-10.909
55	95	10.9013
3	59	-10.9001
49	57	-10.8951
15	19	10.8913
75	91	-10.8871
65	73	10.8868
35	41	10.8824
9	89	-10.8821
19	59	10.878
89	91	10.8726
49	97	10.8683
37	41	10.8678
39	41	10.8657
27	47	-10.8641
29	57	10.8549
57	67	10.8504
11	75	10.8497
21	41	-10.8424
3	15	-10.8393
15	65	10.834
57	65	10.8324
25	51	10.8309
37	63	10.8231
19	77	-10.8127
35	63	10.808
11	57	-10.8025
3	11	10.7927
15	33	-10.7813
27	45	-10.7781
15	97	-10.7775
57	73	10.761
39	63	10.755
79	81	10.7497
7	95	10.7492
11	53	-10.747
7	27	-10.743
13	29	10.7425
9	53	-10.7372
83	85	-10.737
49	69	10.7283
13	93	10.7264
83	99	10.7242
11	89	-10.7242
55	89	10.7218
3	39	10.7215
59	67	10.7143
3	9	10.7057
1	37	10.6853
15	69	-10.6779
11	95	-10.6706
47	93	10.6671
41	49	10.6583
75	85	-10.6434
3	55	-10.6428
51	79	10.6366
51	71	10.6323
49	63	10.6287
37	57	-10.6104
53	91	10.6014
37	61	10.6004
7	43	10.5927
11	19	-10.5601
17	61	10.5494
45	93	10.5481
19	33	-10.5417
1	17	10.5386
29	73	10.5358
77	89	-10.5274
19	83	-10.5239
29	75	-10.521
77	95	-10.5177
53	77	-10.507
31	51	10.4999
67	91	10.4971
7	65	10.4904
33	35	10.4856
53	55	10.4738
59	63	-10.47
55	67	10.4698
9	19	-10.4621
9	73	-10.4607
3	91	-10.4432
15	61	-10.4178
75	83	10.4128
19	55	10.409
1	49	10.3968
41	59	-10.3912
1	15	-10.3896
13	91	10.3895
7	77	-10.3889
39	99	10.3869
7	89	10.3803
21	57	10.3735
43	75	-10.3677
15	39	-10.3578
3	83	10.3576
5	27	-10.3407
49	61	10.3197
21	97	-10.3175
35	51	10.3167
3	33	10.3043
29	47	10.2965
7	11	-10.2902
7	13	10.2868
21	69	-10.269
21	49	-10.2684
39	75	10.266
55	59	10.2574
21	75	-10.2487
63	85	-10.2459
9	13	-10.2432
49	85	-10.2346
29	45	10.2224
27	57	-10.2154
21	37	-10.2139
33	59	-10.2099
19	91	10.2073
3	29	-10.2034
17	69	10.2001
73	95	10.1979
13	55	10.1969
73	85	10.1964
7	75	-10.1861
21	67	10.1743
21	61	-10.1704
65	75	-10.1586
27	73	-10.1382
59	97	-10.138
41	85	-10.1351
35	83	10.1322
43	55	10.1161
15	67	10.1104
59	91	10.1055
59	73	10.1044
21	33	-10.0999
7	93	10.0997
19	97	-10.098
37	85	-10.0941
1	21	-10.0794
49	77	10.0661
43	91	10.0593
17	97	10.0583
5	93	10.0488
33	75	10.0403
3	85	-10.0361
59	69	-10.0273
7	59	10.0226
67	75	-10.0193
57	83	-10.019
19	85	10.0007
9	67	-9.98078
51	99	9.96909
11	13	-9.96908
7	53	9.95466
55	65	9.9539
19	29	9.95353
9	59	-9.94909
19	69	-9.94796
43	83	-9.94493
73	75	-9.93812
39	59	-9.93319
7	85	9.92609
29	67	9.92048
57	93	9.91788
17	41	9.90871
27	75	9.90669
65	91	9.90508
19	41	-9.8901
19	63	-9.87096
3	97	9.87042
59	77	-9.86765
19	21	9.85834
65	83	-9.84163
73	77	-9.83152
73	89	9.82858
5	29	9.82695
3	21	-9.82451
17	63	9.82226
49	55	-9.81257
47	91	9.8044
13	73	9.79971
13	77	-9.79929
11	49	9.79084
55	85	9.78922
75	93	-9.78872
9	47	-9.78834
17	51	9.78367
9	49	9.77386
37	99	9.75924
45	91	9.75183
85	97	-9.74871
37	77	9.74831
59	61	-9.74698
51	87	9.74215
17	81	9.74206
35	39	9.73449
1	59	-9.73103
3	69	9.72185
11	73	-9.71931
9	45	-9.71213
17	25	9.70407
9	43	-9.7022
75	97	9.70125
17	33	9.69491
3	41	9.6948
43	49	-9.69218
3	93	-9.68747
11	47	-9.68523
3	63	9.68399
63	75	9.68343
33	85	-9.68198
85	91	9.67901
69	85	-9.67614
3	43	-9.66953
51	81	9.6674
41	75	9.66398
3	27	9.66395
15	55	9.65586
51	61	9.64453
47	55	9.63316
3	7	-9.62288
13	51	-9.62103
49	91	-9.61733
5	51	-9.61422
1	19	-9.61269
11	59	-9.60209
17	71	9.59753
11	45	-9.58944
19	43	9.58902
51	63	9.58845
7	79	-9.5875
45	55	9.57679
17	31	9.57611
35	47	-9.57559
39	57	-9.56276
15	99	-9.56067
17	53	-9.56017
69	75	9.55864
9	65	-9.55679
41	51	9.55438
9	81	9.5502
73	93	9.54327
7	47	9.53997
29	59	9.53825
7	45	9.53791
19	61	-9.53571
37	43	-9.53486
55	81	-9.53134
35	45	-9.53085
29	81	-9.52338
25	35	9.51719
7	23	-9.5163
1	51	9.51608
31	91	-9.51555
49	65	-9.51312
81	91	-9.5131
21	99	-9.50722
61	85	-9.50386
73	79	-9.50187
7	87	-9.49829
37	55	-9.4981
71	91	-9.4942
15	91	9.49349
67	77	-9.48843
27	67	-9.48516
11	37	9.48344
29	43	9.48281
57	95	9.47967
3	65	-9.47691
21	39	-9.46953
31	55	-9.46952
25	91	-9.46815
49	99	9.46408
47	77	-9.46363
7	19	9.46113
1	85	-9.46048
45	51	-9.45895
43	63	-9.45691
17	23	9.45678
9	37	9.45518
15	73	9.45427
53	73	9.4526
19	93	9.4522
9	85	-9.44593
7	71	-9.44534
55	71	-9.44011
33	57	-9.43836
15	77	-9.43545
7	25	-9.43425
5	91	9.43019
35	53	-9.42755
7	31	-9.42517
25	95	-9.42335
19	27	-9.42312
77	81	9.42068
43	77	-9.41924
27	81	9.41348
9	15	-9.41213
29	31	-9.40902
25	55	-9.40444
19	65	9.40022
63	65	-9.39776
73	87	-9.39574
51	95	-9.39509
1	3	9.39254
47	51	-9.39127
47	99	-9.39106
29	71	-9.38978
25	29	-9.38729
5	7	9.38355
11	81	9.38256
45	77	-9.37714
23	35	9.37356
37	65	-9.37184
41	43	-9.37057
3	73	-9.36731
71	95	-9.36683
11	67	-9.36282
17	47	-9.36262
35	71	9.36202
29	65	9.36093
45	99	-9.35658
7	15	9.35647
23	91	-9.35186
3	67	-9.3475
23	95	-9.3466
31	95	-9.34355
5	35	-9.33604
5	9	-9.33559
51	69	9.32936
9	31	9.32904
17	89	-9.32785
3	61	9.32332
23	73	-9.31766
77	85	-9.31612
37	91	-9.31497
41	65	-9.31247
57	63	-9.30808
13	25	-9.30736
67	95	9.30449
31	35	9.30192
9	71	9.29403
87	91	-9.29339
65	77	-9.2905
25	27	9.28881
13	23	-9.28445
29	49	-9.28421
17	45	-9.28019
57	89	9.2799
17	93	-9.2771
27	31	9.27606
39	85	-9.27581
35	89	-9.27548
25	89	-9.27395
23	55	-9.2733
21	73	9.2692
9	25	9.26787
27	71	9.26594
11	43	-9.26418
41	57	-9.26292
55	87	-9.25846
51	89	-9.25566
5	55	9.25406
19	73	9.25325
19	67	9.25305
67	87	-9.25029
49	67	-9.2484
81	93	-9.24199
13	71	-9.24182
51	97	9.23389
1	75	9.23325
23	29	-9.22358
57	81	-9.22325
71	89	-9.22029
5	99	-9.21707
57	87	-9.21427
79	91	-9.2112
31	89	-9.20801
13	31	-9.2079
17	83	9.20364
13	35	-9.1952
57	97	-9.19331
5	11	-9.1928
61	75	9.19181
71	73	-9.18931
81	89	-9.18454
35	81	9.18165
11	15	-9.17864
81	95	-9.17739
25	73	-9.17224
31	73	-9.1634
11	65	-9.1603
67	79	-9.15813
23	89	-9.14856
33	43	-9.14487
7	49	-9.14165
55	79	-9.13554
43	97	-9.13397
17	39	9.13369
29	85	9.13232
67	93	9.128
53	81	-9.12697
11	85	-9.12466
21	35	-9.12329
67	83	-9.11998
37	67	-9.11969
35	37	9.11803
47	73	9.11802
53	99	-9.11759
45	73	9.11758
23	27	9.11242
17	27	9.11147
75	81	9.11034
79	95	-9.09845
17	95	-9.09421
25	45	-9.09136
5	25	-9.08989
9	23	9.08942
49	73	-9.08807
47	61	-9.08553
17	79	9.08188
35	95	-9.08045
65	97	-9.07987
31	57	-9.0788
45	61	-9.07785
57	69	-9.07368
43	69	-9.07362
13	79	-9.07242
53	57	9.07193
33	65	-9.07157
5	23	-9.07028
25	47	-9.06903
43	87	-9.05811
67	89	9.05403
75	95	-9.05343
5	61	-9.05232
5	71	-9.04323
45	71	-9.04088
21	55	9.03488
7	21	9.03207
29	87	-9.03135
25	53	-9.0296
65	69	-9.02935
31	45	-9.02684
15	35	-9.02577
1	47	-9.02369
5	31	-9.02179
57	71	-9.02114
47	71	-9.01926
13	17	-9.01664
27	43	-9.01491
5	77	-9.01355
1	45	-9.01203
23	45	-9.01051
31	47	-9.00838
51	83	9.00827
15	29	9.00516
9	87	9.00447
51	53	-9.00137
5	73	9.00128
31	77	9.00105
29	37	-8.99765
5	63	-8.99703
29	79	-8.99687
35	79	8.99143
65	87	-8.98864
7	81	-8.98396
31	53	-8.9837
53	71	-8.98326
5	41	-8.98308
25	99	8.97776
1	5	-8.97611
47	81	-8.97435
23	47	-8.97122
5	17	-8.97026
59	99	-8.96873
11	31	8.96143
87	95	-8.9607
71	77	8.95578
37	73	-8.95522
27	59	-8.95286
13	99	-8.9528
89	99	-8.95249
7	37	-8.95066
13	81	-8.95017
45	81	-8.94941
27	65	-8.94142
39	43	-8.93929
75	89	-8.93155
13	87	-8.92899
25	57	-8.92691
25	77	8.92605
11	71	8.92097
3	81	8.92082
43	61	-8.91951
21	91	8.91861
39	67	-8.91706
1	43	-8.91563
41	45	-8.91322
45	63	-8.90841
31	93	-8.90826
25	93	-8.90571
23	99	8.90569
23	67	-8.90549
11	25	8.90262
85	99	-8.90185
39	73	-8.90065
61	65	-8.89825
41	47	-8.89665
5	87	-8.89617
1	65	-8.89513
5	79	-8.89347
33	51	8.89282
9	79	8.89242
13	67	8.89028
71	93	-8.88719
47	63	-8.88673
39	77	8.87735
35	93	-8.87372
53	67	8.86944
35	49	8.86671
79	89	-8.86626
23	53	-8.86312
47	69	-8.86117
59	87	-8.85962
13	57	8.8588
43	93	8.85724
45	69	-8.85682
39	65	-8.85537
17	87	8.8552
5	69	-8.85459
27	51	8.84979
57	79	-8.84509
71	99	8.83956
67	71	-8.83772
27	79	8.83769
31	67	-8.83499
65	93	8.83337
27	35	8.82961
23	57	-8.82789
5	81	-8.82138
27	87	8.81914
33	67	-8.81693
21	77	-8.81548
85	87	-8.81482
3	95	-8.81319
53	75	-8.81202
19	81	-8.8053
9	21	-8.80247
1	57	-8.80102
75	87	8.79783
5	97	-8.78964
27	49	8.78955
19	99	-8.78779
25	67	-8.78589
47	97	-8.78358
21	51	-8.78162
45	97	-8.78128
31	99	8.78124
57	61	-8.7812
87	89	-8.78115
49	93	-8.78071
59	93	8.7784
17	29	-8.77284
45	79	-8.77214
7	51	-8.77022
45	87	-8.767
95	99	-8.76385
31	75	8.74312
3	89	-8.73186
43	79	-8.73182
23	77	8.72762
47	79	-8.72104
47	87	-8.72058
55	83	-8.71554
29	51	-8.71235
11	17	8.7111
63	67	-8.70585
7	39	-8.70557
23	93	-8.70091
11	23	8.69909
39	55	-8.69534
65	79	-8.68842
77	83	8.68718
11	39	8.68428
67	97	-8.68194
71	75	8.67795
41	67	-8.67195
73	81	-8.66936
3	53	-8.66516
53	61	-8.66481
27	85	-8.66273
77	87	8.6602
39	51	8.65935
11	21	-8.6564
79	99	8.65598
13	61	-8.65083
81	99	8.64796
19	95	8.63987
9	39	8.63866
67	69	-8.63513
43	95	8.63241
1	53	-8.62688
5	83	-8.6235
17	21	-8.62159
3	99	8.6194
51	91	-8.61877
59	81	-8.61827
1	13	-8.59073
25	75	8.59038
39	91	-8.58991
83	91	-8.58804
73	83	-8.58602
9	83	8.58566
65	99	-8.58246
11	87	8.58239
9	17	8.58068
65	95	8.57698
51	73	-8.57606
53	79	-8.57445
85	93	8.57394
35	87	8.57337
31	43	-8.57337
51	93	-8.56447
35	85	-8.56379
17	77	8.56318
33	73	-8.56065
19	89	8.56005
27	37	8.55817
37	93	-8.55725
43	71	-8.54881
43	99	-8.54869
53	87	-8.5435
1	67	-8.54241
61	89	-8.54126
5	33	-8.53726
77	79	8.5364
93	99	-8.53548
35	59	-8.53491
17	65	-8.53219
15	87	-8.53071
33	77	8.52773
15	27	-8.52278
45	83	-8.52067
23	43	-8.52045
49	81	8.51987
33	47	-8.51845
51	55	-8.51773
33	45	-8.51689
21	29	8.51689
13	63	-8.51268
13	75	-8.51109
13	41	-8.51041
31	59	-8.51026
31	65	-8.50174
75	99	8.5015
17	37	8.50077
47	83	-8.49927
19	53	8.49922
11	83	8.49703
1	89	-8.49465
61	67	-8.49424
29	35	-8.49109
11	79	8.48876
43	89	8.48708
9	51	8.48304
27	99	8.48211
65	71	-8.48122
67	81	-8.47824
17	67	-8.47585
3	31	8.47554
7	83	-8.47307
25	43	-8.4722
23	75	8.47072
23	65	-8.46796
47	67	8.46732
75	79	8.4654
25	61	8.46444
3	87	8.46386
17	91	-8.46084
59	71	-8.45824
65	89	8.45688
53	69	-8.45672
13	69	-8.45284
87	93	-8.45268
23	61	8.45197
45	67	8.44282
59	95	8.43941
79	93	-8.43826
47	57	8.43701
17	43	-8.43091
33	55	-8.42906
53	65	8.42728
39	79	8.42186
3	71	8.42173
15	93	8.42161
43	53	8.42013
43	81	-8.41903
1	25	8.41537
17	55	-8.41408
1	23	8.41311
41	53	-8.41246
25	65	-8.4108
59	79	-8.40853
15	17	-8.40839
45	57	8.40675
79	85	-8.40436
61	95	-8.4001
21	87	-8.3978
19	87	-8.39771
13	97	-8.39054
53	63	-8.38988
53	97	-8.38722
15	81	-8.38499
15	51	-8.38356
19	31	-8.38159
37	81	8.37929
35	65	-8.37606
5	21	8.37481
31	85	-8.37311
3	13	-8.37065
11	33	8.3693
25	59	-8.369
7	33	-8.36844
17	85	-8.36806
9	33	8.36574
61	71	8.35918
3	25	8.35755
19	35	-8.35606
29	39	-8.35593
73	97	-8.35543
1	95	-8.35477
67	99	-8.35387
81	85	-8.35028
65	81	-8.34579
69	89	-8.34323
41	89	-8.34282
11	51	8.34022
71	85	-8.33857
19	71	-8.33288
11	35	8.3326
63	89	-8.33114
33	91	-8.33038
17	73	-8.3303
37	51	8.32913
35	43	-8.32459
17	49	8.3238
23	59	-8.32137
5	39	-8.3208
1	71	8.31772
69	73	-8.31489
59	89	8.31489
5	67	8.31398
31	61	8.31336
61	79	8.31196
1	79	8.30976
49	87	8.3077
29	83	-8.30647
77	97	8.30251
51	77	8.29556
7	17	-8.29462
9	35	8.29193
13	43	8.28168
89	97	-8.28132
3	79	8.28124
87	99	8.27872
55	63	-8.27811
85	95	8.27616
1	31	8.2745
19	25	-8.27388
23	69	8.27318
3	23	8.27175
25	41	8.26992
23	85	-8.26905
25	63	8.26657
63	77	8.26547
13	19	8.26535
25	85	-8.26523
25	69	8.26235
23	41	8.26008
41	55	-8.25962
41	77	8.25943
23	63	8.2559
63	73	-8.25402
1	73	-8.25239
5	57	8.24985
3	35	8.24896
55	97	-8.24887
13	65	8.24821
39	45	-8.24796
41	73	-8.24713
15	31	-8.2471
19	79	-8.24667
41	95	-8.24661
57	99	-8.2443
63	95	-8.24251
49	95	-8.23893
69	77	8.23738
35	91	-8.23726
51	85	-8.23629
39	47	-8.23571
35	77	8.23095
69	95	-8.22742
37	87	8.22734
49	51	8.22697
47	75	-8.2268
23	39	8.22413
35	67	-8.22303
23	97	8.22138
21	93	8.2196
69	79	8.21415
53	59	8.21286
19	23	-8.21244
21	45	8.21212
61	81	8.21077
13	33	-8.20974
33	79	8.20731
21	27	-8.2072
15	71	-8.20623
29	99	-8.20574
13	83	-8.20533
25	97	8.20512
63	91	-8.20295
9	63	8.20234
33	53	-8.19894
45	75	-8.19847
9	97	8.19723
61	73	-8.19678
31	49	8.19564
5	15	8.19272
9	41	8.19184
41	71	8.19003
55	69	-8.18987
35	55	-8.18896
7	97	-8.18848
11	97	8.18823
63	71	8.18773
41	91	-8.18621
69	71	8.1849
1	81	8.18485
79	97	8.18444
35	75	8.18112
21	47	8.18111
85	89	8.18058
39	87	8.18047
49	89	-8.17819
95	97	-8.17672
91	97	-8.1734
61	93	-8.17145
17	59	-8.1696
73	99	-8.16687
49	79	8.1662
51	67	-8.15878
31	41	8.15845
49	71	8.15736
1	93	-8.15677
31	63	8.15677
13	39	-8.15589
11	63	8.15515
37	79	8.15456
15	95	8.15254
15	79	-8.15185
11	41	8.15169
31	69	8.15147
7	63	-8.1507
7	69	-8.14997
27	61	8.14905
9	69	8.14675
15	25	-8.14625
29	33	-8.14541
49	53	-8.14096
35	73	-8.14088
11	69	8.14067
23	33	8.14057
53	85	8.13905
13	59	8.1388
7	35	-8.13869
7	41	-8.13795
71	97	8.13743
3	47	-8.13722
51	59	-8.13235
41	79	8.12999
53	83	-8.12712
1	27	8.1258
69	91	-8.12522
37	95	-8.12477
19	51	-8.12341
1	77	8.12261
63	79	8.11781
3	45	-8.11673
27	39	8.11651
11	99	8.11551
33	89	-8.11511
39	93	-8.11288
21	81	-8.11095
15	45	8.1095
31	37	8.10893
31	97	8.10869
25	49	8.10849
61	77	8.10805
21	31	-8.10695
15	23	-8.10441
69	81	8.10199
21	79	-8.10144
81	83	8.10053
5	37	-8.0968
83	87	8.09649
41	81	8.09605
83	89	-8.0948
15	47	8.09412
15	89	8.092
21	71	-8.09165
1	7	-8.09123
63	81	8.08971
27	83	8.08844
23	49	8.08832
25	39	8.08812
3	51	8.0881
47	65	8.088
25	33	8.08643
5	75	-8.08503
1	55	-8.08314
9	99	8.083
37	71	8.08199
43	47	8.08132
81	97	8.0797
37	89	-8.0786
69	93	-8.0781
55	61	-8.07674
17	19	-8.07633
29	63	-8.07254
21	23	-8.0699
19	47	8.06955
39	71	8.0686
21	25	-8.0681
1	11	8.06727
29	41	-8.06707
77	99	8.06652
7	99	-8.06512
45	65	8.0651
39	95	-8.06475
51	65	-8.06321
1	9	8.06305
43	45	8.06295
43	51	-8.06165
13	85	8.06137
7	61	-8.06032
9	61	8.05967
37	53	-8.05902
11	61	8.05895
83	93	-8.0588
5	85	8.05847
13	21	8.05846
25	83	8.05794
23	37	8.05767
39	81	8.05765
51	57	-8.05751
29	97	-8.05716
93	97	-8.05712
19	45	8.05686
27	69	8.05685
33	87	8.05668
3	5	-8.05659
27	41	8.0565
83	95	-8.05439
33	95	-8.05435
27	63	8.05142
91	99	-8.05026
1	87	8.05001
5	59	8.04913
31	39	8.04888
35	57	-8.04866
25	37	8.04831
33	71	8.04694
33	81	8.04693
61	87	8.04682
3	17	8.04637
41	93	-8.04615
37	45	-8.04589
15	53	8.04487
1	91	-8.04385
23	83	8.04366
13	49	-8.04215
61	91	-8.04081
37	47	-8.04074
5	49	-8.04069
31	83	8.04
33	93	-8.03913
71	83	8.039
27	97	8.03889
29	69	-8.03762
63	93	-8.03568
13	15	8.03544
29	61	-8.03354
5	19	8.03169
55	99	-8.03055
45	59	8.02834
31	33	8.02826
39	53	-8.02715
47	59	8.02608
39	89	-8.02413
1	29	-8.02406
27	33	8.02198
21	95	8.02048
17	57	-8.01851
69	87	8.01806
87	97	8.01509
13	37	-8.01435
5	43	8.01255
17	75	8.01227
21	53	8.00961
45	49	-8.00932
47	49	-8.00867
5	65	8.00769
51	75	8.00717
63	87	8.00713
45	85	8.00631
79	83	8.00544
41	87	8.00241
47	85	8.00174
21	89	8.00131
44	45	6
92	93	6
22	23	6
66	67	6
94	95	6
28	29	6
26	27	6
36	37	6
96	97	6
82	83	6
58	59	6
54	55	6
64	65	6
42	43	6
38	39	6
60	61	6
62	63	6
56	57	6
24	25	6
72	73	6
78	79	6
34	35	6
70	71	6
50	51	6
88	89	6
86	87	6
74	75	6
80	81	6
20	21	6
32	33	6
52	53	6
18	19	6
46	47	6
40	41	6
68	69	6
76	77	6
14	15	6
30	31	6
84	85	6
90	91	6
48	49	6
16	17	6
0	1	6
98	99	6
10	11	6
8	9	6
6	7	6
4	5	6
12	13	6
2	3	6
31	70	5.99702
30	71	5.99702
69	96	5.99698
68	97	5.99698
41	62	5.99655
40	63	5.99655
45	46	5.9963
44	47	5.9963
0	61	5.99528
1	60	5.99528
55	90	5.99382
54	91	5.99382
24	71	5.99377
25	70	5.99377
42	65	5.99323
43	64	5.99323
2	19	-5.99128
3	18	-5.99128
10	77	5.98816
11	76	5.98816
37	48	5.98491
36	49	5.98491
0	69	5.98395
1	68	5.98395
24	31	5.98343
25	30	5.98343
60	69	5.97522
61	68	5.97522
88	95	5.97097
89	94	5.97097
22	25	5.96926
23	24	5.96926
0	97	5.96746
1	96	5.96746
8	29	-5.96397
9	28	-5.96397
9	54	-5.95993
8	55	-5.95993
52	89	5.9575
53	88	5.9575
23	70	5.95598
22	71	5.95598
60	97	5.95554
61	96	5.95554
33	96	5.95368
32	97	5.95368
5	44	5.95229
4	45	5.95229
8	91	-5.94553
9	90	-5.94553
23	78	5.94481
22	79	5.94481
27	28	-5.94123
26	29	-5.94123
6	73	5.93968
7	72	5.93968
28	91	5.9388
29	90	5.9388
35	98	5.93708
34	99	5.93708
15	58	5.93419
14	59	5.93419
41	68	5.93321
40	69	5.93321
8	77	5.93251
9	76	5.93251
23	30	5.93235
22	31	5.93235
33	68	5.93227
32	69	5.93227
41	96	5.93049
40	97	5.93049
63	82	5.9283
62	83	5.9283
40	61	5.92585
41	60	5.92585
27	92	-5.92529
26	93	-5.92529
29	54	5.9249
28	55	5.9249
4	47	5.92311
5	46	5.92311
12	95	5.92229
13	94	5.92229
3	74	5.91967
2	75	5.91967
40	83	5.91919
41	82	5.91919
9	10	5.91628
8	11	5.91628
19	48	-5.91613
18	49	-5.91613
12	45	5.91459
13	44	5.91459
1	40	5.90351
0	41	5.90351
13	46	5.9024
12	47	5.9024
62	69	5.90046
63	68	5.90046
63	96	5.8983
62	97	5.8983
43	84	5.89565
42	85	5.89565
61	62	5.89562
60	63	5.89562
13	88	5.89114
12	89	5.89114
61	98	5.89049
60	99	5.89049
57	74	-5.88699
56	75	-5.88699
19	74	-5.88361
18	75	-5.88361
0	99	5.88243
1	98	5.88243
59	84	5.88098
58	85	5.88098
21	84	5.88001
20	85	5.88001
4	13	5.87711
5	12	5.87711
32	39	5.87237
33	38	5.87237
64	85	5.87046
65	84	5.87046
1	32	5.86963
0	33	5.86963
1	62	5.86705
0	63	5.86705
2	49	5.86477
3	48	5.86477
79	86	5.86357
78	87	5.86357
52	95	5.86201
53	94	5.86201
70	79	5.85696
71	78	5.85696
24	79	5.85477
25	78	5.85477
11	28	-5.8543
10	29	-5.8543
67	72	5.85211
66	73	5.85211
26	89	-5.84746
27	88	-5.84746
18	37	-5.84609
19	36	-5.84609
16	35	5.84566
17	34	5.84566
29	76	-5.84115
28	77	-5.84115
47	88	5.83938
46	89	5.83938
42	67	5.83883
43	66	5.83883
10	93	-5.83856
11	92	-5.83856
82	97	5.83773
83	96	5.83773
9	26	5.83753
8	27	5.83753
65	66	5.83544
64	67	5.83544
31	86	5.83391
30	87	5.83391
32	61	5.83344
33	60	5.83344
26	95	-5.83247
27	94	-5.83247
31	78	5.83197
30	79	5.83197
47	52	5.82473
46	53	5.82473
15	20	5.82432
14	21	5.82432
71	86	5.82157
70	87	5.82157
28	93	5.81702
29	92	5.81702
36	39	5.81442
37	38	5.81442
44	89	5.81439
45	88	5.81439
54	77	-5.81438
55	76	-5.81438
27	52	-5.81314
26	53	-5.81314
69	82	5.81251
68	83	5.81251
30	81	5.80687
31	80	5.80687
15	82	-5.80591
14	83	-5.80591
33	40	5.80491
32	41	5.80491
52	93	5.796
53	92	5.796
22	87	5.78794
23	86	5.78794
14	85	5.78713
15	84	5.78713
10	27	5.78707
11	26	5.78707
69	98	5.7848
68	99	5.7848
45	52	5.78184
44	53	5.78184
33	82	5.78091
32	83	5.78091
27	90	-5.77798
26	91	-5.77798
46	95	5.77564
47	94	5.77564
3	36	5.77488
2	37	5.77488
10	55	-5.77266
11	54	-5.77266
77	90	-5.77142
76	91	-5.77142
13	52	5.76844
12	53	5.76844
48	75	5.76823
49	74	5.76823
25	86	5.7673
24	87	5.7673
71	80	5.76569
70	81	5.76569
56	59	5.76448
57	58	5.76448
44	95	5.76442
45	94	5.76442
32	63	5.76227
33	62	5.76227
21	58	5.75603
20	59	5.75603
6	91	5.75601
7	90	5.75601
76	93	-5.75134
77	92	-5.75134
27	54	-5.74454
26	55	-5.74454
8	93	-5.74351
9	92	-5.74351
10	91	-5.7386
11	90	-5.7386
33	36	5.73757
32	37	5.73757
97	98	5.73542
96	99	5.73542
61	82	5.73408
60	83	5.73408
88	93	5.72986
89	92	5.72986
54	57	5.72609
55	56	5.72609
26	77	5.72582
27	76	5.72582
25	80	5.72299
24	81	5.72299
1	82	5.71934
0	83	5.71934
38	49	5.71119
39	48	5.71119
7	54	5.70926
6	55	5.70926
43	58	5.70269
42	59	5.70269
59	74	-5.69845
58	75	-5.69845
28	95	5.69404
29	94	5.69404
38	97	5.69023
39	96	5.69023
34	61	5.68995
35	60	5.68995
40	99	5.68302
41	98	5.68302
6	67	5.67909
7	66	5.67909
16	99	5.67325
17	98	5.67325
0	35	5.66787
1	34	5.66787
56	91	5.66546
57	90	5.66546
28	89	5.65633
29	88	5.65633
36	83	5.65509
37	82	5.65509
5	88	5.6503
4	89	5.6503
37	74	5.64878
36	75	5.64878
38	69	5.64801
39	68	5.64801
3	56	-5.64452
2	57	-5.64452
62	99	5.64156
63	98	5.64156
93	94	5.63949
92	95	5.63949
15	48	-5.63886
14	49	-5.63886
4	95	5.63875
5	94	5.63875
58	65	5.63041
59	64	5.63041
21	82	-5.62788
20	83	-5.62788
32	49	5.6175
33	48	5.6175
8	57	-5.60596
9	56	-5.60596
14	37	-5.60315
15	36	-5.60315
21	42	5.60032
20	43	5.60032
49	82	5.5974
48	83	5.5974
14	75	-5.58937
15	74	-5.58937
21	64	5.58312
20	65	5.58312
91	92	5.57949
90	93	5.57949
18	57	5.57588
19	56	5.57588
29	52	5.57431
28	53	5.57431
5	52	5.57129
4	53	5.57129
13	26	-5.56857
12	27	-5.56857
55	92	5.56717
54	93	5.56717
80	87	5.56446
81	86	5.56446
36	97	5.56227
37	96	5.56227
32	99	5.56023
33	98	5.56023
6	29	5.55896
7	28	5.55896
14	63	-5.55691
15	62	-5.55691
75	76	5.55554
74	77	5.55554
0	39	5.55439
1	38	5.55439
23	80	5.551
22	81	5.551
59	82	-5.54749
58	83	-5.54749
14	57	5.53906
15	56	5.53906
48	59	-5.53537
49	58	-5.53537
55	74	-5.5345
54	75	-5.5345
91	94	5.53268
90	95	5.53268
34	69	5.52698
35	68	5.52698
67	84	5.52674
66	85	5.52674
57	76	-5.52271
56	77	-5.52271
14	41	-5.52224
15	40	-5.52224
72	91	5.51807
73	90	5.51807
3	76	5.51804
2	77	5.51804
56	85	5.51468
57	84	5.51468
43	56	5.51252
42	57	5.51252
7	8	-5.50923
6	9	-5.50923
37	68	5.49747
36	69	5.49747
8	75	5.49681
9	74	5.49681
39	60	5.48674
38	61	5.48674
22	51	5.48631
23	50	5.48631
15	42	5.48596
14	43	5.48596
21	62	-5.48354
20	63	-5.48354
9	94	-5.48163
8	95	-5.48163
39	82	5.47948
38	83	5.47948
7	56	5.47851
6	57	5.47851
19	38	-5.47732
18	39	-5.47732
54	73	5.47202
55	72	5.47202
43	72	5.47133
42	73	5.47133
35	96	5.46068
34	97	5.46068
37	58	-5.4545
36	59	-5.4545
55	94	5.45065
54	95	5.45065
2	59	-5.45007
3	58	-5.45007
49	56	-5.44753
48	57	-5.44753
15	18	5.44564
14	19	5.44564
74	91	-5.44353
75	90	-5.44353
64	73	5.44341
65	72	5.44341
35	40	5.44122
34	41	5.44122
8	89	-5.44105
9	88	-5.44105
19	58	5.43898
18	59	5.43898
89	90	5.43632
88	91	5.43632
48	97	5.43417
49	96	5.43417
37	40	5.43389
36	41	5.43389
39	40	5.43286
38	41	5.43286
26	47	-5.43203
27	46	-5.43203
29	56	5.42747
28	57	5.42747
56	67	5.42519
57	66	5.42519
11	74	5.42487
10	75	5.42487
21	40	-5.42121
20	41	-5.42121
2	15	-5.41965
3	14	-5.41965
14	65	5.41701
15	64	5.41701
57	64	5.4162
56	65	5.4162
25	50	5.41544
24	51	5.41544
37	62	5.41154
36	63	5.41154
19	76	-5.40634
18	77	-5.40634
35	62	5.40399
34	63	5.40399
10	57	-5.40127
11	56	-5.40127
2	11	5.39635
3	10	5.39635
15	32	-5.39064
14	33	-5.39064
26	45	-5.38903
27	44	-5.38903
14	97	-5.38875
15	96	-5.38875
57	72	5.38052
56	73	5.38052
38	63	5.3775
39	62	5.3775
79	80	5.37484
78	81	5.37484
6	95	5.37462
7	94	5.37462
11	52	-5.37352
10	53	-5.37352
7	26	-5.37151
6	27	-5.37151
12	29	5.37127
13	28	5.37127
9	52	-5.36859
8	53	-5.36859
83	84	-5.36848
82	85	-5.36848
48	69	5.36417
49	68	5.36417
12	93	5.36318
13	92	5.36318
82	99	5.36212
83	98	5.36212
10	89	-5.36211
11	88	-5.36211
55	88	5.36092
54	89	5.36092
3	38	5.36075
2	39	5.36075
58	67	5.35716
59	66	5.35716
3	8	5.35286
2	9	5.35286
1	36	5.34267
0	37	5.34267
15	68	-5.33893
14	69	-5.33893
10	95	-5.33532
11	94	-5.33532
47	92	5.33355
46	93	5.33355
41	48	5.32915
40	49	5.32915
74	85	-5.32171
75	84	-5.32171
2	55	-5.32141
3	54	-5.32141
50	79	5.31828
51	78	5.31828
50	71	5.31613
51	70	5.31613
49	62	5.31436
48	63	5.31436
37	56	-5.3052
36	57	-5.3052
52	91	5.30072
53	90	5.30072
37	60	5.30022
36	61	5.30022
7	42	5.29635
6	43	5.29635
11	18	-5.28004
10	19	-5.28004
17	60	5.27469
16	61	5.27469
44	93	5.27406
45	92	5.27406
18	33	-5.27083
19	32	-5.27083
1	16	5.26932
0	17	5.26932
28	73	5.26792
29	72	5.26792
76	89	-5.26369
77	88	-5.26369
18	83	-5.26193
19	82	-5.26193
28	75	-5.2605
29	74	-5.2605
76	95	-5.25883
77	94	-5.25883
52	77	-5.25349
53	76	-5.25349
31	50	5.24997
30	51	5.24997
67	90	5.24854
66	91	5.24854
6	65	5.2452
7	64	5.2452
33	34	5.2428
32	35	5.2428
52	55	5.23689
53	54	5.23689
59	62	-5.23501
58	63	-5.23501
55	66	5.2349
54	67	5.2349
8	19	-5.23105
9	18	-5.23105
9	72	-5.23035
8	73	-5.23035
2	91	-5.22161
3	90	-5.22161
14	61	-5.2089
15	60	-5.2089
75	82	5.2064
74	83	5.2064
18	55	5.20448
19	54	5.20448
0	49	5.19839
1	48	5.19839
41	58	-5.19559
40	59	-5.19559
1	14	-5.1948
0	15	-5.1948
12	91	5.19475
13	90	5.19475
7	76	-5.19444
6	77	-5.19444
38	99	5.19347
39	98	5.19347
7	88	5.19017
6	89	5.19017
20	57	5.18674
21	56	5.18674
42	75	-5.18384
43	74	-5.18384
15	38	-5.17889
14	39	-5.17889
2	83	5.17878
3	82	5.17878
4	27	-5.17036
5	26	-5.17036
48	61	5.15987
49	60	5.15987
20	97	-5.15873
21	96	-5.15873
35	50	5.15837
34	51	5.15837
3	32	5.15215
2	33	5.15215
28	47	5.14824
29	46	5.14824
6	11	-5.14512
7	10	-5.14512
7	12	5.14338
6	13	5.14338
21	68	-5.13451
20	69	-5.13451
20	49	-5.13421
21	48	-5.13421
39	74	5.133
38	75	5.133
55	58	5.12868
54	59	5.12868
21	74	-5.12437
20	75	-5.12437
62	85	-5.12294
63	84	-5.12294
8	13	-5.12158
9	12	-5.12158
48	85	-5.1173
49	84	-5.1173
29	44	5.11118
28	45	5.11118
26	57	-5.1077
27	56	-5.1077
21	36	-5.10697
20	37	-5.10697
32	59	-5.10494
33	58	-5.10494
19	90	5.10365
18	91	5.10365
2	29	-5.10172
3	28	-5.10172
16	69	5.10004
17	68	5.10004
72	95	5.09897
73	94	5.09897
13	54	5.09845
12	55	5.09845
72	85	5.09819
73	84	5.09819
6	75	-5.09305
7	74	-5.09305
20	67	5.08716
21	66	5.08716
21	60	-5.08519
20	61	-5.08519
65	74	-5.07928
64	75	-5.07928
27	72	-5.06911
26	73	-5.06911
58	97	-5.06902
59	96	-5.06902
41	84	-5.06754
40	85	-5.06754
35	82	5.06608
34	83	5.06608
43	54	5.05806
42	55	5.05806
15	66	5.05518
14	67	5.05518
59	90	5.05277
58	91	5.05277
58	73	5.05221
59	72	5.05221
20	33	-5.04994
21	32	-5.04994
6	93	5.04985
7	92	5.04985
19	96	-5.04899
18	97	-5.04899
37	84	-5.04704
36	85	-5.04704
0	21	-5.0397
1	20	-5.0397
48	77	5.03306
49	76	5.03306
42	91	5.02966
43	90	5.02966
16	97	5.02917
17	96	5.02917
4	93	5.02439
5	92	5.02439
33	74	5.02014
32	75	5.02014
3	84	-5.01803
2	85	-5.01803
58	69	-5.01366
59	68	-5.01366
6	59	5.0113
7	58	5.0113
67	74	-5.00966
66	75	-5.00966
57	82	-5.00952
56	83	-5.00952
19	84	5.00036
18	85	5.00036
9	66	-4.99039
8	67	-4.99039
50	99	4.98454
51	98	4.98454
10	13	-4.98454
11	12	-4.98454
6	53	4.97733
7	52	4.97733
55	64	4.97695
54	65	4.97695
19	28	4.97676
18	29	4.97676
9	58	-4.97454
8	59	-4.97454
18	69	-4.97398
19	68	-4.97398
43	82	-4.97246
42	83	-4.97246
72	75	-4.96906
73	74	-4.96906
39	58	-4.9666
38	59	-4.9666
7	84	4.96305
6	85	4.96305
29	66	4.96024
28	67	4.96024
56	93	4.95894
57	92	4.95894
17	40	4.95436
16	41	4.95436
27	74	4.95334
26	75	4.95334
64	91	4.95254
65	90	4.95254
19	40	-4.94505
18	41	-4.94505
18	63	-4.93548
19	62	-4.93548
2	97	4.93521
3	96	4.93521
58	77	-4.93382
59	76	-4.93382
19	20	4.92917
18	21	4.92917
64	83	-4.92081
65	82	-4.92081
72	77	-4.91576
73	76	-4.91576
73	88	4.91429
72	89	4.91429
5	28	4.91347
4	29	4.91347
2	21	-4.91225
3	20	-4.91225
17	62	4.91113
16	63	4.91113
49	54	-4.90629
48	55	-4.90629
47	90	4.9022
46	91	4.9022
12	73	4.89986
13	72	4.89986
12	77	-4.89964
13	76	-4.89964
10	49	4.89542
11	48	4.89542
55	84	4.89461
54	85	4.89461
74	93	-4.89436
75	92	-4.89436
9	46	-4.89417
8	47	-4.89417
16	51	4.89183
17	50	4.89183
9	48	4.88693
8	49	4.88693
36	99	4.87962
37	98	4.87962
45	90	4.87591
44	91	4.87591
85	96	-4.87435
84	97	-4.87435
36	77	4.87415
37	76	4.87415
59	60	-4.87349
58	61	-4.87349
50	87	4.87108
51	86	4.87108
17	80	4.87103
16	81	4.87103
34	39	4.86725
35	38	4.86725
1	58	-4.86552
0	59	-4.86552
2	69	4.86092
3	68	4.86092
11	72	-4.85966
10	73	-4.85966
9	44	-4.85607
8	45	-4.85607
16	25	4.85204
17	24	4.85204
8	43	-4.8511
9	42	-4.8511
74	97	4.85063
75	96	4.85063
16	33	4.84745
17	32	4.84745
3	40	4.8474
2	41	4.8474
42	49	-4.84609
43	48	-4.84609
2	93	-4.84374
3	92	-4.84374
11	46	-4.84261
10	47	-4.84261
2	63	4.84199
3	62	4.84199
62	75	4.84171
63	74	4.84171
32	85	-4.84099
33	84	-4.84099
85	90	4.8395
84	91	4.8395
68	85	-4.83807
69	84	-4.83807
2	43	-4.83476
3	42	-4.83476
50	81	4.8337
51	80	4.8337
40	75	4.83199
41	74	4.83199
3	26	4.83198
2	27	4.83198
15	54	4.82793
14	55	4.82793
51	60	4.82226
50	61	4.82226
47	54	4.81658
46	55	4.81658
3	6	-4.81144
2	7	-4.81144
13	50	-4.81051
12	51	-4.81051
48	91	-4.80866
49	90	-4.80866
5	50	-4.80711
4	51	-4.80711
1	18	-4.80635
0	19	-4.80635
11	58	-4.80104
10	59	-4.80104
16	71	4.79876
17	70	4.79876
11	44	-4.79472
10	45	-4.79472
19	42	4.79451
18	43	4.79451
51	62	4.79423
50	63	4.79423
6	79	-4.79375
7	78	-4.79375
44	55	4.78839
45	54	4.78839
16	31	4.78806
17	30	4.78806
34	47	-4.7878
35	46	-4.7878
39	56	-4.78138
38	57	-4.78138
14	99	-4.78033
15	98	-4.78033
17	52	-4.78008
16	53	-4.78008
68	75	4.77932
69	74	4.77932
8	65	-4.7784
9	64	-4.7784
41	50	4.77719
40	51	4.77719
9	80	4.7751
8	81	4.7751
72	93	4.77163
73	92	4.77163
6	47	4.76998
7	46	4.76998
28	59	4.76913
29	58	4.76913
6	45	4.76896
7	44	4.76896
18	61	-4.76785
19	60	-4.76785
36	43	-4.76743
37	42	-4.76743
55	80	-4.76567
54	81	-4.76567
34	45	-4.76542
35	44	-4.76542
29	80	-4.76169
28	81	-4.76169
24	35	4.75859
25	34	4.75859
7	22	-4.75815
6	23	-4.75815
0	51	4.75804
1	50	4.75804
31	90	-4.75778
30	91	-4.75778
49	64	-4.75656
48	65	-4.75656
80	91	-4.75655
81	90	-4.75655
20	99	-4.75361
21	98	-4.75361
61	84	-4.75193
60	85	-4.75193
73	78	-4.75093
72	79	-4.75093
7	86	-4.74915
6	87	-4.74915
36	55	-4.74905
37	54	-4.74905
70	91	-4.7471
71	90	-4.7471
14	91	4.74675
15	90	4.74675
66	77	-4.74422
67	76	-4.74422
27	66	-4.74258
26	67	-4.74258
10	37	4.74172
11	36	4.74172
28	43	4.7414
29	42	4.7414
57	94	4.73983
56	95	4.73983
2	65	-4.73846
3	64	-4.73846
20	39	-4.73477
21	38	-4.73477
31	54	-4.73476
30	55	-4.73476
24	91	-4.73407
25	90	-4.73407
48	99	4.73204
49	98	4.73204
46	77	-4.73182
47	76	-4.73182
7	18	4.73057
6	19	4.73057
1	84	-4.73024
0	85	-4.73024
45	50	-4.72947
44	51	-4.72947
42	63	-4.72845
43	62	-4.72845
16	23	4.72839
17	22	4.72839
8	37	4.72759
9	36	4.72759
14	73	4.72713
15	72	4.72713
52	73	4.7263
53	72	4.7263
18	93	4.7261
19	92	4.7261
9	84	-4.72296
8	85	-4.72296
7	70	-4.72267
6	71	-4.72267
55	70	-4.72005
54	71	-4.72005
32	57	-4.71918
33	56	-4.71918
14	77	-4.71772
15	76	-4.71772
7	24	-4.71712
6	25	-4.71712
5	90	4.71509
4	91	4.71509
35	52	-4.71377
34	53	-4.71377
7	30	-4.71258
6	31	-4.71258
25	94	-4.71167
24	95	-4.71167
19	26	-4.71156
18	27	-4.71156
76	81	4.71034
77	80	4.71034
42	77	-4.70962
43	76	-4.70962
26	81	4.70674
27	80	4.70674
9	14	-4.70607
8	15	-4.70607
28	31	-4.70451
29	30	-4.70451
25	54	-4.70222
24	55	-4.70222
19	64	4.70011
18	65	4.70011
62	65	-4.69888
63	64	-4.69888
73	86	-4.69787
72	87	-4.69787
51	94	-4.69754
50	95	-4.69754
1	2	4.69627
0	3	4.69627
47	50	-4.69564
46	51	-4.69564
47	98	-4.69553
46	99	-4.69553
28	71	-4.69489
29	70	-4.69489
25	28	-4.69364
24	29	-4.69364
5	6	4.69177
4	7	4.69177
11	80	4.69128
10	81	4.69128
45	76	-4.68857
44	77	-4.68857
22	35	4.68678
23	34	4.68678
36	65	-4.68592
37	64	-4.68592
40	43	-4.68528
41	42	-4.68528
2	73	-4.68366
3	72	-4.68366
70	95	-4.68342
71	94	-4.68342
11	66	-4.68141
10	67	-4.68141
17	46	-4.68131
16	47	-4.68131
34	71	4.68101
35	70	4.68101
29	64	4.68046
28	65	4.68046
44	99	-4.67829
45	98	-4.67829
6	15	4.67824
7	14	4.67824
22	91	-4.67593
23	90	-4.67593
2	67	-4.67375
3	66	-4.67375
22	95	-4.6733
23	94	-4.6733
30	95	-4.67178
31	94	-4.67178
4	35	-4.66802
5	34	-4.66802
5	8	-4.66779
4	9	-4.66779
51	68	4.66468
50	69	4.66468
9	30	4.66452
8	31	4.66452
16	89	-4.66393
17	88	-4.66393
3	60	4.66166
2	61	4.66166
23	72	-4.65883
22	73	-4.65883
77	84	-4.65806
76	85	-4.65806
37	90	-4.65749
36	91	-4.65749
41	64	-4.65624
40	65	-4.65624
56	63	-4.65404
57	62	-4.65404
12	25	-4.65368
13	24	-4.65368
67	94	4.65224
66	95	4.65224
31	34	4.65096
30	35	4.65096
8	71	4.64702
9	70	4.64702
87	90	-4.64669
86	91	-4.64669
65	76	-4.64525
64	77	-4.64525
24	27	4.6444
25	26	4.6444
12	23	-4.64222
13	22	-4.64222
29	48	-4.64211
28	49	-4.64211
17	44	-4.64009
16	45	-4.64009
56	89	4.63995
57	88	4.63995
16	93	-4.63855
17	92	-4.63855
26	31	4.63803
27	30	4.63803
39	84	-4.6379
38	85	-4.6379
35	88	-4.63774
34	89	-4.63774
24	89	-4.63697
25	88	-4.63697
22	55	-4.63665
23	54	-4.63665
21	72	4.6346
20	73	4.6346
9	24	4.63393
8	25	4.63393
27	70	4.63297
26	71	4.63297
10	43	-4.63209
11	42	-4.63209
41	56	-4.63146
40	57	-4.63146
55	86	-4.62923
54	87	-4.62923
50	89	-4.62783
51	88	-4.62783
4	55	4.62703
5	54	4.62703
19	72	4.62663
18	73	4.62663
19	66	4.62653
18	67	4.62653
66	87	-4.62514
67	86	-4.62514
49	66	-4.6242
48	67	-4.6242
81	92	-4.62099
80	93	-4.62099
13	70	-4.62091
12	71	-4.62091
51	96	4.61694
50	97	4.61694
0	75	4.61662
1	74	4.61662
23	28	-4.61179
22	29	-4.61179
56	81	-4.61163
57	80	-4.61163
71	88	-4.61015
70	89	-4.61015
4	99	-4.60854
5	98	-4.60854
56	87	-4.60713
57	86	-4.60713
79	90	-4.6056
78	91	-4.6056
31	88	-4.604
30	89	-4.604
12	31	-4.60395
13	30	-4.60395
17	82	4.60182
16	83	4.60182
13	34	-4.5976
12	35	-4.5976
56	97	-4.59665
57	96	-4.59665
4	11	-4.5964
5	10	-4.5964
61	74	4.59591
60	75	4.59591
70	73	-4.59466
71	72	-4.59466
80	89	-4.59227
81	88	-4.59227
34	81	4.59082
35	80	4.59082
11	14	-4.58932
10	15	-4.58932
80	95	-4.5887
81	94	-4.5887
25	72	-4.58612
24	73	-4.58612
31	72	-4.5817
30	73	-4.5817
11	64	-4.58015
10	65	-4.58015
67	78	-4.57906
66	79	-4.57906
22	89	-4.57428
23	88	-4.57428
32	43	-4.57244
33	42	-4.57244
6	49	-4.57082
7	48	-4.57082
55	78	-4.56777
54	79	-4.56777
42	97	-4.56698
43	96	-4.56698
16	39	4.56685
17	38	4.56685
29	84	4.56616
28	85	4.56616
67	92	4.564
66	93	4.564
53	80	-4.56348
52	81	-4.56348
10	85	-4.56233
11	84	-4.56233
21	34	-4.56164
20	35	-4.56164
67	82	-4.55999
66	83	-4.55999
37	66	-4.55984
36	67	-4.55984
34	37	4.55902
35	36	4.55902
46	73	4.55901
47	72	4.55901
52	99	-4.55879
53	98	-4.55879
45	72	4.55879
44	73	4.55879
23	26	4.55621
22	27	4.55621
17	26	4.55574
16	27	4.55574
74	81	4.55517
75	80	4.55517
79	94	-4.54922
78	95	-4.54922
17	94	-4.54711
16	95	-4.54711
24	45	-4.54568
25	44	-4.54568
5	24	-4.54495
4	25	-4.54495
9	22	4.54471
8	23	4.54471
49	72	-4.54404
48	73	-4.54404
46	61	-4.54277
47	60	-4.54277
16	79	4.54094
17	78	4.54094
35	94	-4.54023
34	95	-4.54023
65	96	-4.53993
64	97	-4.53993
30	57	-4.5394
31	56	-4.5394
45	60	-4.53893
44	61	-4.53893
57	68	-4.53684
56	69	-4.53684
43	68	-4.53681
42	69	-4.53681
12	79	-4.53621
13	78	-4.53621
53	56	4.53597
52	57	4.53597
33	64	-4.53578
32	65	-4.53578
4	23	-4.53514
5	22	-4.53514
24	47	-4.53452
25	46	-4.53452
43	86	-4.52906
42	87	-4.52906
67	88	4.52701
66	89	4.52701
75	94	-4.52671
74	95	-4.52671
5	60	-4.52616
4	61	-4.52616
4	71	-4.52162
5	70	-4.52162
44	71	-4.52044
45	70	-4.52044
21	54	4.51744
20	55	4.51744
7	20	4.51604
6	21	4.51604
28	87	-4.51567
29	86	-4.51567
24	53	-4.5148
25	52	-4.5148
64	69	-4.51467
65	68	-4.51467
31	44	-4.51342
30	45	-4.51342
14	35	-4.51289
15	34	-4.51289
1	46	-4.51185
0	47	-4.51185
5	30	-4.5109
4	31	-4.5109
57	70	-4.51057
56	71	-4.51057
46	71	-4.50963
47	70	-4.50963
13	16	-4.50832
12	17	-4.50832
27	42	-4.50745
26	43	-4.50745
5	76	-4.50678
4	77	-4.50678
0	45	-4.50601
1	44	-4.50601
23	44	-4.50525
22	45	-4.50525
31	46	-4.50419
30	47	-4.50419
50	83	4.50414
51	82	4.50414
15	28	4.50258
14	29	4.50258
8	87	4.50223
9	86	4.50223
51	52	-4.50069
50	53	-4.50069
4	73	4.50064
5	72	4.50064
30	77	4.50053
31	76	4.50053
28	37	-4.49883
29	36	-4.49883
5	62	-4.49852
4	63	-4.49852
28	79	-4.49844
29	78	-4.49844
35	78	4.49571
34	79	4.49571
65	86	-4.49432
64	87	-4.49432
7	80	-4.49198
6	81	-4.49198
30	53	-4.49185
31	52	-4.49185
52	71	-4.49163
53	70	-4.49163
4	41	-4.49154
5	40	-4.49154
24	99	4.48888
25	98	4.48888
1	4	-4.48805
0	5	-4.48805
47	80	-4.48717
46	81	-4.48717
23	46	-4.48561
22	47	-4.48561
5	16	-4.48513
4	17	-4.48513
58	99	-4.48436
59	98	-4.48436
11	30	4.48072
10	31	4.48072
86	95	-4.48035
87	94	-4.48035
71	76	4.47789
70	77	4.47789
36	73	-4.47761
37	72	-4.47761
27	58	-4.47643
26	59	-4.47643
12	99	-4.4764
13	98	-4.4764
88	99	-4.47624
89	98	-4.47624
7	36	-4.47533
6	37	-4.47533
12	81	-4.47508
13	80	-4.47508
44	81	-4.47471
45	80	-4.47471
26	65	-4.47071
27	64	-4.47071
39	42	-4.46964
38	43	-4.46964
74	89	-4.46578
75	88	-4.46578
12	87	-4.46449
13	86	-4.46449
24	57	-4.46346
25	56	-4.46346
24	77	4.46302
25	76	4.46302
10	71	4.46048
11	70	4.46048
3	80	4.46041
2	81	4.46041
42	61	-4.45976
43	60	-4.45976
20	91	4.45931
21	90	4.45931
39	66	-4.45853
38	67	-4.45853
0	43	-4.45781
1	42	-4.45781
41	44	-4.45661
40	45	-4.45661
45	62	-4.4542
44	63	-4.4542
30	93	-4.45413
31	92	-4.45413
25	92	-4.45286
24	93	-4.45286
23	98	4.45284
22	99	4.45284
23	66	-4.45274
22	67	-4.45274
11	24	4.45131
10	25	4.45131
85	98	-4.45093
84	99	-4.45093
39	72	-4.45033
38	73	-4.45033
60	65	-4.44912
61	64	-4.44912
41	46	-4.44832
40	47	-4.44832
5	86	-4.44808
4	87	-4.44808
0	65	-4.44756
1	64	-4.44756
5	78	-4.44673
4	79	-4.44673
33	50	4.44641
32	51	4.44641
9	78	4.44621
8	79	4.44621
13	66	4.44514
12	67	4.44514
71	92	-4.44359
70	93	-4.44359
47	62	-4.44336
46	63	-4.44336
39	76	4.43867
38	77	4.43867
34	93	-4.43686
35	92	-4.43686
52	67	4.43472
53	66	4.43472
35	48	4.43335
34	49	4.43335
79	88	-4.43313
78	89	-4.43313
22	53	-4.43156
23	52	-4.43156
47	68	-4.43059
46	69	-4.43059
59	86	-4.42981
58	87	-4.42981
13	56	4.4294
12	57	4.4294
42	93	4.42862
43	92	4.42862
44	69	-4.42841
45	68	-4.42841
39	64	-4.42768
38	65	-4.42768
17	86	4.4276
16	87	4.4276
4	69	-4.42729
5	68	-4.42729
27	50	4.4249
26	51	4.4249
57	78	-4.42255
56	79	-4.42255
70	99	4.41978
71	98	4.41978
66	71	-4.41886
67	70	-4.41886
26	79	4.41885
27	78	4.41885
30	67	-4.41749
31	66	-4.41749
65	92	4.41669
64	93	4.41669
27	34	4.41481
26	35	4.41481
23	56	-4.41394
22	57	-4.41394
5	80	-4.41069
4	81	-4.41069
27	86	4.40957
26	87	4.40957
32	67	-4.40846
33	66	-4.40846
20	77	-4.40774
21	76	-4.40774
84	87	-4.40741
85	86	-4.40741
3	94	-4.40659
2	95	-4.40659
52	75	-4.40601
53	74	-4.40601
18	81	-4.40265
19	80	-4.40265
8	21	-4.40124
9	20	-4.40124
1	56	-4.40051
0	57	-4.40051
75	86	4.39891
74	87	4.39891
4	97	-4.39482
5	96	-4.39482
27	48	4.39477
26	49	4.39477
19	98	-4.39389
18	99	-4.39389
25	66	-4.39294
24	67	-4.39294
47	96	-4.39179
46	97	-4.39179
20	51	-4.39081
21	50	-4.39081
44	97	-4.39064
45	96	-4.39064
31	98	4.39062
30	99	4.39062
57	60	-4.3906
56	61	-4.3906
87	88	-4.39057
86	89	-4.39057
48	93	-4.39036
49	92	-4.39036
58	93	4.3892
59	92	4.3892
17	28	-4.38642
16	29	-4.38642
45	78	-4.38607
44	79	-4.38607
6	51	-4.38511
7	50	-4.38511
44	87	-4.3835
45	86	-4.3835
94	99	-4.38192
95	98	-4.38192
30	75	4.37156
31	74	4.37156
3	88	-4.36593
2	89	-4.36593
42	79	-4.36591
43	78	-4.36591
22	77	4.36381
23	76	4.36381
47	78	-4.36052
46	79	-4.36052
46	87	-4.36029
47	86	-4.36029
55	82	-4.35777
54	83	-4.35777
28	51	-4.35617
29	50	-4.35617
10	17	4.35555
11	16	4.35555
62	67	-4.35292
63	66	-4.35292
7	38	-4.35279
6	39	-4.35279
22	93	-4.35046
23	92	-4.35046
10	23	4.34955
11	22	4.34955
39	54	-4.34767
38	55	-4.34767
65	78	-4.34421
64	79	-4.34421
76	83	4.34359
77	82	4.34359
10	39	4.34214
11	38	4.34214
66	97	-4.34097
67	96	-4.34097
70	75	4.33898
71	74	4.33898
41	66	-4.33598
40	67	-4.33598
72	81	-4.33468
73	80	-4.33468
2	53	-4.33258
3	52	-4.33258
52	61	-4.33241
53	60	-4.33241
26	85	-4.33136
27	84	-4.33136
76	87	4.3301
77	86	4.3301
39	50	4.32967
38	51	4.32967
10	21	-4.3282
11	20	-4.3282
79	98	4.32799
78	99	4.32799
13	60	-4.32542
12	61	-4.32542
80	99	4.32398
81	98	4.32398
18	95	4.31993
19	94	4.31993
8	39	4.31933
9	38	4.31933
66	69	-4.31756
67	68	-4.31756
43	94	4.31621
42	95	4.31621
1	52	-4.31344
0	53	-4.31344
4	83	-4.31175
5	82	-4.31175
17	20	-4.3108
16	21	-4.3108
3	98	4.3097
2	99	4.3097
51	90	-4.30939
50	91	-4.30939
58	81	-4.30913
59	80	-4.30913
0	13	-4.29537
1	12	-4.29537
24	75	4.29519
25	74	4.29519
38	91	-4.29496
39	90	-4.29496
82	91	-4.29402
83	90	-4.29402
73	82	-4.29301
72	83	-4.29301
8	83	4.29283
9	82	4.29283
65	98	-4.29123
64	99	-4.29123
11	86	4.29119
10	87	4.29119
9	16	4.29034
8	17	4.29034
64	95	4.28849
65	94	4.28849
50	73	-4.28803
51	72	-4.28803
53	78	-4.28723
52	79	-4.28723
84	93	4.28697
85	92	4.28697
34	87	4.28668
35	86	4.28668
30	43	-4.28668
31	42	-4.28668
51	92	-4.28223
50	93	-4.28223
35	84	-4.28189
34	85	-4.28189
17	76	4.28159
16	77	4.28159
33	72	-4.28032
32	73	-4.28032
18	89	4.28002
19	88	4.28002
26	37	4.27909
27	36	4.27909
37	92	-4.27863
36	93	-4.27863
43	70	-4.2744
42	71	-4.2744
42	99	-4.27434
43	98	-4.27434
53	86	-4.27175
52	87	-4.27175
1	66	-4.27121
0	67	-4.27121
61	88	-4.27063
60	89	-4.27063
5	32	-4.26863
4	33	-4.26863
77	78	4.2682
76	79	4.2682
93	98	-4.26774
92	99	-4.26774
34	59	-4.26746
35	58	-4.26746
17	64	-4.2661
16	65	-4.2661
15	86	-4.26535
14	87	-4.26535
32	77	4.26386
33	76	4.26386
14	27	-4.26139
15	26	-4.26139
44	83	-4.26033
45	82	-4.26033
23	42	-4.26023
22	43	-4.26023
48	81	4.25993
49	80	4.25993
33	46	-4.25922
32	47	-4.25922
51	54	-4.25887
50	55	-4.25887
32	45	-4.25845
33	44	-4.25845
20	29	4.25844
21	28	4.25844
13	62	-4.25634
12	63	-4.25634
12	75	-4.25555
13	74	-4.25555
12	41	-4.25521
13	40	-4.25521
30	59	-4.25513
31	58	-4.25513
31	64	-4.25087
30	65	-4.25087
75	98	4.25075
74	99	4.25075
17	36	4.25038
16	37	4.25038
47	82	-4.24964
46	83	-4.24964
18	53	4.24961
19	52	4.24961
10	83	4.24851
11	82	4.24851
0	89	-4.24733
1	88	-4.24733
60	67	-4.24712
61	66	-4.24712
28	35	-4.24554
29	34	-4.24554
10	79	4.24438
11	78	4.24438
42	89	4.24354
43	88	4.24354
8	51	4.24152
9	50	4.24152
27	98	4.24106
26	99	4.24106
65	70	-4.24061
64	71	-4.24061
67	80	-4.23912
66	81	-4.23912
16	67	-4.23792
17	66	-4.23792
3	30	4.23777
2	31	4.23777
6	83	-4.23653
7	82	-4.23653
25	42	-4.2361
24	43	-4.2361
23	74	4.23536
22	75	4.23536
22	65	-4.23398
23	64	-4.23398
47	66	4.23366
46	67	4.23366
75	78	4.2327
74	79	4.2327
25	60	4.23222
24	61	4.23222
3	86	4.23193
2	87	4.23193
16	91	-4.23042
17	90	-4.23042
58	71	-4.22912
59	70	-4.22912
65	88	4.22844
64	89	4.22844
53	68	-4.22836
52	69	-4.22836
13	68	-4.22642
12	69	-4.22642
86	93	-4.22634
87	92	-4.22634
22	61	4.22598
23	60	4.22598
44	67	4.22141
45	66	4.22141
58	95	4.21971
59	94	4.21971
78	93	-4.21913
79	92	-4.21913
47	56	4.21851
46	57	4.21851
16	43	-4.21545
17	42	-4.21545
33	54	-4.21453
32	55	-4.21453
53	64	4.21364
52	65	4.21364
38	79	4.21093
39	78	4.21093
2	71	4.21087
3	70	4.21087
15	92	4.21081
14	93	4.21081
42	53	4.21006
43	52	4.21006
42	81	-4.20952
43	80	-4.20952
0	25	4.20768
1	24	4.20768
16	55	-4.20704
17	54	-4.20704
1	22	4.20655
0	23	4.20655
40	53	-4.20623
41	52	-4.20623
25	64	-4.2054
24	65	-4.2054
58	79	-4.20426
59	78	-4.20426
15	16	-4.2042
14	17	-4.2042
44	57	4.20337
45	56	4.20337
78	85	-4.20218
79	84	-4.20218
60	95	-4.20005
61	94	-4.20005
21	86	-4.1989
20	87	-4.1989
19	86	-4.19885
18	87	-4.19885
13	96	-4.19527
12	97	-4.19527
53	62	-4.19494
52	63	-4.19494
53	96	-4.19361
52	97	-4.19361
14	81	-4.19249
15	80	-4.19249
14	51	-4.19178
15	50	-4.19178
18	31	-4.1908
19	30	-4.1908
37	80	4.18964
36	81	4.18964
34	65	-4.18803
35	64	-4.18803
5	20	4.1874
4	21	4.1874
30	85	-4.18655
31	84	-4.18655
3	12	-4.18532
2	13	-4.18532
11	32	4.18465
10	33	4.18465
24	59	-4.1845
25	58	-4.1845
7	32	-4.18422
6	33	-4.18422
16	85	-4.18403
17	84	-4.18403
9	32	4.18287
8	33	4.18287
60	71	4.17959
61	70	4.17959
3	24	4.17878
2	25	4.17878
18	35	-4.17803
19	34	-4.17803
28	39	-4.17797
29	38	-4.17797
73	96	-4.17771
72	97	-4.17771
0	95	-4.17738
1	94	-4.17738
67	98	-4.17693
66	99	-4.17693
81	84	-4.17514
80	85	-4.17514
65	80	-4.17289
64	81	-4.17289
69	88	-4.17161
68	89	-4.17161
41	88	-4.17141
40	89	-4.17141
10	51	4.17011
11	50	4.17011
71	84	-4.16929
70	85	-4.16929
18	71	-4.16644
19	70	-4.16644
11	34	4.1663
10	35	4.1663
62	89	-4.16557
63	88	-4.16557
33	90	-4.16519
32	91	-4.16519
17	72	-4.16515
16	73	-4.16515
36	51	4.16457
37	50	4.16457
34	43	-4.1623
35	42	-4.1623
16	49	4.1619
17	48	4.1619
23	58	-4.16069
22	59	-4.16069
5	38	-4.1604
4	39	-4.1604
0	71	4.15886
1	70	4.15886
68	73	-4.15745
69	72	-4.15745
58	89	4.15745
59	88	4.15745
5	66	4.15699
4	67	4.15699
30	61	4.15668
31	60	4.15668
60	79	4.15598
61	78	4.15598
1	78	4.15488
0	79	4.15488
48	87	4.15385
49	86	4.15385
28	83	-4.15323
29	82	-4.15323
77	96	4.15126
76	97	4.15126
50	77	4.14778
51	76	4.14778
6	17	-4.14731
7	16	-4.14731
9	34	4.14596
8	35	4.14596
12	43	4.14084
13	42	4.14084
89	96	-4.14066
88	97	-4.14066
3	78	4.14062
2	79	4.14062
87	98	4.13936
86	99	4.13936
54	63	-4.13906
55	62	-4.13906
85	94	4.13808
84	95	4.13808
0	31	4.13725
1	30	4.13725
18	25	-4.13694
19	24	-4.13694
22	69	4.13659
23	68	4.13659
2	23	4.13587
3	22	4.13587
25	40	4.13496
24	41	4.13496
22	85	-4.13453
23	84	-4.13453
25	62	4.13328
24	63	4.13328
63	76	4.13273
62	77	4.13273
13	18	4.13268
12	19	4.13268
25	84	-4.13261
24	85	-4.13261
25	68	4.13117
24	69	4.13117
23	40	4.13004
22	41	4.13004
41	54	-4.12981
40	55	-4.12981
41	76	4.12971
40	77	4.12971
22	63	4.12795
23	62	4.12795
63	72	-4.12701
62	73	-4.12701
0	73	-4.12619
1	72	-4.12619
4	57	4.12492
5	56	4.12492
3	34	4.12448
2	35	4.12448
54	97	-4.12443
55	96	-4.12443
12	65	4.12411
13	64	4.12411
39	44	-4.12398
38	45	-4.12398
41	72	-4.12356
40	73	-4.12356
15	30	-4.12355
14	31	-4.12355
19	78	-4.12333
18	79	-4.12333
41	94	-4.12331
40	95	-4.12331
57	98	-4.12215
56	99	-4.12215
62	95	-4.12125
63	94	-4.12125
49	94	-4.11947
48	95	-4.11947
68	77	4.11869
69	76	4.11869
34	91	-4.11863
35	90	-4.11863
51	84	-4.11814
50	85	-4.11814
39	46	-4.11786
38	47	-4.11786
34	77	4.11547
35	76	4.11547
69	94	-4.11371
68	95	-4.11371
37	86	4.11367
36	87	4.11367
49	50	4.11349
48	51	4.11349
46	75	-4.1134
47	74	-4.1134
22	39	4.11206
23	38	4.11206
35	66	-4.11151
34	67	-4.11151
23	96	4.11069
22	97	4.11069
20	93	4.1098
21	92	4.1098
68	79	4.10707
69	78	4.10707
52	59	4.10643
53	58	4.10643
19	22	-4.10622
18	23	-4.10622
21	44	4.10606
20	45	4.10606
60	81	4.10539
61	80	4.10539
13	32	-4.10487
12	33	-4.10487
32	79	4.10366
33	78	4.10366
21	26	-4.1036
20	27	-4.1036
15	70	-4.10312
14	71	-4.10312
29	98	-4.10287
28	99	-4.10287
13	82	-4.10267
12	83	-4.10267
24	97	4.10256
25	96	4.10256
63	90	-4.10147
62	91	-4.10147
9	62	4.10117
8	63	4.10117
32	53	-4.09947
33	52	-4.09947
45	74	-4.09923
44	75	-4.09923
8	97	4.09861
9	96	4.09861
61	72	-4.09839
60	73	-4.09839
31	48	4.09782
30	49	4.09782
5	14	4.09636
4	15	4.09636
9	40	4.09592
8	41	4.09592
40	71	4.09501
41	70	4.09501
55	68	-4.09493
54	69	-4.09493
35	54	-4.09448
34	55	-4.09448
7	96	-4.09424
6	97	-4.09424
11	96	4.09411
10	97	4.09411
62	71	4.09386
63	70	4.09386
40	91	-4.09311
41	90	-4.09311
69	70	4.09245
68	71	4.09245
0	81	4.09243
1	80	4.09243
78	97	4.09222
79	96	4.09222
35	74	4.09056
34	75	4.09056
21	46	4.09055
20	47	4.09055
85	88	4.09029
84	89	4.09029
39	86	4.09023
38	87	4.09023
48	89	-4.0891
49	88	-4.0891
94	97	-4.08836
95	96	-4.08836
91	96	-4.0867
90	97	-4.0867
60	93	-4.08572
61	92	-4.08572
16	59	-4.0848
17	58	-4.0848
72	99	-4.08344
73	98	-4.08344
49	78	4.0831
48	79	4.0831
50	67	-4.07939
51	66	-4.07939
31	40	4.07922
30	41	4.07922
49	70	4.07868
48	71	4.07868
0	93	-4.07838
1	92	-4.07838
30	63	4.07838
31	62	4.07838
12	39	-4.07794
13	38	-4.07794
10	63	4.07758
11	62	4.07758
37	78	4.07728
36	79	4.07728
15	94	4.07627
14	95	4.07627
14	79	-4.07593
15	78	-4.07593
11	40	4.07584
10	41	4.07584
31	68	4.07574
30	69	4.07574
6	63	-4.07535
7	62	-4.07535
6	69	-4.07499
7	68	-4.07499
27	60	4.07452
26	61	4.07452
9	68	4.07338
8	69	4.07338
15	24	-4.07313
14	25	-4.07313
28	33	-4.07271
29	32	-4.07271
49	52	-4.07048
48	53	-4.07048
34	73	-4.07044
35	72	-4.07044
10	69	4.07033
11	68	4.07033
23	32	4.07028
22	33	4.07028
52	85	4.06952
53	84	4.06952
12	59	4.0694
13	58	4.0694
7	34	-4.06934
6	35	-4.06934
6	41	-4.06897
7	40	-4.06897
71	96	4.06871
70	97	4.06871
2	47	-4.06861
3	46	-4.06861
50	59	-4.06617
51	58	-4.06617
41	78	4.06499
40	79	4.06499
53	82	-4.06356
52	83	-4.06356
1	26	4.0629
0	27	4.0629
69	90	-4.06261
68	91	-4.06261
36	95	-4.06239
37	94	-4.06239
19	50	-4.06171
18	51	-4.06171
0	77	4.06131
1	76	4.06131
62	79	4.05891
63	78	4.05891
3	44	-4.05836
2	45	-4.05836
27	38	4.05826
26	39	4.05826
10	99	4.05775
11	98	4.05775
33	88	-4.05756
32	89	-4.05756
38	93	-4.05644
39	92	-4.05644
21	80	-4.05548
20	81	-4.05548
15	44	4.05475
14	45	4.05475
31	36	4.05446
30	37	4.05446
30	97	4.05435
31	96	4.05435
24	49	4.05425
25	48	4.05425
60	77	4.05403
61	76	4.05403
20	31	-4.05348
21	30	-4.05348
14	23	-4.0522
15	22	-4.0522
69	80	4.05099
68	81	4.05099
21	78	-4.05072
20	79	-4.05072
81	82	4.05026
80	83	4.05026
5	36	-4.0484
4	37	-4.0484
82	87	4.04825
83	86	4.04825
40	81	4.04802
41	80	4.04802
82	89	-4.0474
83	88	-4.0474
15	46	4.04706
14	47	4.04706
14	89	4.046
15	88	4.046
21	70	-4.04582
20	71	-4.04582
1	6	-4.04562
0	7	-4.04562
63	80	4.04485
62	81	4.04485
27	82	4.04422
26	83	4.04422
22	49	4.04416
23	48	4.04416
25	38	4.04406
24	39	4.04406
3	50	4.04405
2	51	4.04405
47	64	4.044
46	65	4.044
24	33	4.04322
25	32	4.04322
5	74	-4.04251
4	75	-4.04251
0	55	-4.04157
1	54	-4.04157
9	98	4.0415
8	99	4.0415
36	71	4.041
37	70	4.041
42	47	4.04066
43	46	4.04066
80	97	4.03985
81	96	4.03985
36	89	-4.0393
37	88	-4.0393
68	93	-4.03905
69	92	-4.03905
54	61	-4.03837
55	60	-4.03837
17	18	-4.03816
16	19	-4.03816
28	63	-4.03627
29	62	-4.03627
21	22	-4.03495
20	23	-4.03495
19	46	4.03478
18	47	4.03478
38	71	4.0343
39	70	4.0343
21	24	-4.03405
20	25	-4.03405
1	10	4.03363
0	11	4.03363
29	40	-4.03353
28	41	-4.03353
76	99	4.03326
77	98	4.03326
7	98	-4.03256
6	99	-4.03256
44	65	4.03255
45	64	4.03255
38	95	-4.03237
39	94	-4.03237
50	65	-4.03161
51	64	-4.03161
0	9	4.03153
1	8	4.03153
43	44	4.03147
42	45	4.03147
42	51	-4.03082
43	50	-4.03082
13	84	4.03068
12	85	4.03068
7	60	-4.03016
6	61	-4.03016
9	60	4.02984
8	61	4.02984
36	53	-4.02951
37	52	-4.02951
11	60	4.02947
10	61	4.02947
82	93	-4.0294
83	92	-4.0294
5	84	4.02923
4	85	4.02923
12	21	4.02923
13	20	4.02923
24	83	4.02897
25	82	4.02897
23	36	4.02883
22	37	4.02883
38	81	4.02882
39	80	4.02882
50	57	-4.02876
51	56	-4.02876
29	96	-4.02858
28	97	-4.02858
92	97	-4.02856
93	96	-4.02856
18	45	4.02843
19	44	4.02843
26	69	4.02843
27	68	4.02843
33	86	4.02834
32	87	4.02834
2	5	-4.02829
3	4	-4.02829
27	40	4.02825
26	41	4.02825
82	95	-4.02719
83	94	-4.02719
33	94	-4.02717
32	95	-4.02717
27	62	4.02571
26	63	4.02571
91	98	-4.02513
90	99	-4.02513
1	86	4.025
0	87	4.025
5	58	4.02457
4	59	4.02457
30	39	4.02444
31	38	4.02444
35	56	-4.02433
34	57	-4.02433
25	36	4.02416
24	37	4.02416
33	70	4.02347
32	71	4.02347
33	80	4.02347
32	81	4.02347
61	86	4.02341
60	87	4.02341
2	17	4.02319
3	16	4.02319
41	92	-4.02307
40	93	-4.02307
36	45	-4.02294
37	44	-4.02294
15	52	4.02243
14	53	4.02243
1	90	-4.02192
0	91	-4.02192
23	82	4.02183
22	83	4.02183
13	48	-4.02108
12	49	-4.02108
60	91	-4.0204
61	90	-4.0204
37	46	-4.02037
36	47	-4.02037
5	48	-4.02034
4	49	-4.02034
30	83	4.02
31	82	4.02
32	93	-4.01956
33	92	-4.01956
70	83	4.0195
71	82	4.0195
27	96	4.01944
26	97	4.01944
29	68	-4.01881
28	69	-4.01881
62	93	-4.01784
63	92	-4.01784
13	14	4.01772
12	15	4.01772
29	60	-4.01677
28	61	-4.01677
4	19	4.01585
5	18	4.01585
55	98	-4.01527
54	99	-4.01527
45	58	4.01417
44	59	4.01417
30	33	4.01413
31	32	4.01413
39	52	-4.01358
38	53	-4.01358
47	58	4.01304
46	59	4.01304
39	88	-4.01206
38	89	-4.01206
1	28	-4.01203
0	29	-4.01203
27	32	4.01099
26	33	4.01099
21	94	4.01024
20	95	4.01024
16	57	-4.00925
17	56	-4.00925
68	87	4.00903
69	86	4.00903
87	96	4.00754
86	97	4.00754
12	37	-4.00717
13	36	-4.00717
5	42	4.00628
4	43	4.00628
16	75	4.00613
17	74	4.00613
20	53	4.00481
21	52	4.00481
44	49	-4.00466
45	48	-4.00466
46	49	-4.00433
47	48	-4.00433
4	65	4.00384
5	64	4.00384
51	74	4.00359
50	75	4.00359
63	86	4.00356
62	87	4.00356
44	85	4.00315
45	84	4.00315
78	83	4.00272
79	82	4.00272
41	86	4.0012
40	87	4.0012
46	85	4.00087
47	84	4.00087
20	89	4.00066
21	88	4.00066
30	70	2.99851
68	96	2.99849
40	62	2.99827
44	46	2.99815
0	60	2.99764
54	90	2.99691
24	70	2.99689
42	64	2.99661
2	18	-2.99564
10	76	2.99408
36	48	2.99246
0	68	2.99198
24	30	2.99172
60	68	2.98761
88	94	2.98548
22	24	2.98463
0	96	2.98373
8	28	-2.98199
8	54	-2.97996
52	88	2.97875
22	70	2.97799
60	96	2.97777
32	96	2.97684
4	44	2.97614
8	90	-2.97276
22	78	2.9724
26	28	-2.97062
6	72	2.96984
28	90	2.9694
34	98	2.96854
14	58	2.9671
40	68	2.9666
8	76	2.96626
22	30	2.96618
32	68	2.96614
40	96	2.96524
62	82	2.96415
40	60	2.96293
26	92	-2.96264
28	54	2.96245
4	46	2.96155
12	94	2.96114
2	74	2.95983
40	82	2.95959
8	10	2.95814
18	48	-2.95807
12	44	2.95729
0	40	2.95176
12	46	2.9512
62	68	2.95023
62	96	2.94915
42	84	2.94782
60	62	2.94781
12	88	2.94557
60	98	2.94525
56	74	-2.9435
18	74	-2.9418
0	98	2.94122
58	84	2.94049
20	84	2.94001
4	12	2.93855
32	38	2.93619
64	84	2.93523
0	32	2.93482
0	62	2.93353
2	48	2.93238
78	86	2.93178
52	94	2.93101
70	78	2.92848
24	78	2.92739
10	28	-2.92715
66	72	2.92605
26	88	-2.92373
18	36	-2.92305
16	34	2.92283
28	76	-2.92057
46	88	2.91969
42	66	2.91941
10	92	-2.91928
82	96	2.91887
8	26	2.91877
64	66	2.91772
30	86	2.91696
32	60	2.91672
26	94	-2.91623
30	78	2.91599
46	52	2.91237
14	20	2.91216
70	86	2.91079
28	92	2.90851
36	38	2.90721
44	88	2.9072
54	76	-2.90719
26	52	-2.90657
68	82	2.90626
30	80	2.90343
14	82	-2.90296
32	40	2.90246
52	92	2.898
22	86	2.89397
14	84	2.89356
10	26	2.89353
68	98	2.8924
44	52	2.89092
32	82	2.89046
26	90	-2.88899
46	94	2.88782
2	36	2.88744
10	54	-2.88633
76	90	-2.88571
12	52	2.88422
48	74	2.88411
24	86	2.88365
70	80	2.88285
56	58	2.88224
44	94	2.88221
32	62	2.88113
20	58	2.87801
6	90	2.878
76	92	-2.87567
26	54	-2.87227
8	92	-2.87176
10	90	-2.8693
32	36	2.86878
96	98	2.86771
60	82	2.86704
88	92	2.86493
54	56	2.86304
26	76	2.86291
24	80	2.8615
0	82	2.85967
38	48	2.8556
6	54	2.85463
42	58	2.85135
58	74	-2.84923
28	94	2.84702
38	96	2.84512
34	60	2.84497
40	98	2.84151
6	66	2.83954
16	98	2.83662
0	34	2.83393
56	90	2.83273
28	88	2.82817
36	82	2.82755
4	88	2.82515
36	74	2.82439
38	68	2.824
2	56	-2.82226
62	98	2.82078
92	94	2.81974
14	48	-2.81943
4	94	2.81937
58	64	2.81521
20	82	-2.81394
32	48	2.80875
8	56	-2.80298
14	36	-2.80157
20	42	2.80016
48	82	2.7987
14	74	-2.79468
20	64	2.79156
90	92	2.78974
18	56	2.78794
28	52	2.78715
4	52	2.78564
12	26	-2.78428
54	92	2.78358
80	86	2.78223
36	96	2.78114
32	98	2.78012
6	28	2.77948
14	62	-2.77845
74	76	2.77777
0	38	2.77719
22	80	2.7755
58	82	-2.77374
14	56	2.76953
48	58	-2.76768
54	74	-2.76725
90	94	2.76634
34	68	2.76349
66	84	2.76337
56	76	-2.76136
14	40	-2.76112
72	90	2.75903
2	76	2.75902
56	84	2.75734
42	56	2.75626
6	8	-2.75461
36	68	2.74873
8	74	2.7484
38	60	2.74337
22	50	2.74315
14	42	2.74298
20	62	-2.74177
8	94	-2.74081
38	82	2.73974
6	56	2.73926
18	38	-2.73866
54	72	2.73601
42	72	2.73566
34	96	2.73034
36	58	-2.72725
54	94	2.72533
2	58	-2.72503
48	56	-2.72377
14	18	2.72282
74	90	-2.72176
64	72	2.72171
34	40	2.72061
8	88	-2.72053
18	58	2.71949
88	90	2.71816
48	96	2.71709
36	40	2.71695
38	40	2.71643
26	46	-2.71602
28	56	2.71374
56	66	2.7126
10	74	2.71243
20	40	-2.7106
2	14	-2.70982
14	64	2.7085
56	64	2.7081
24	50	2.70772
36	62	2.70577
18	76	-2.70317
34	62	2.70199
10	56	-2.70063
2	10	2.69817
14	32	-2.69532
26	44	-2.69451
14	96	-2.69437
56	72	2.69026
38	62	2.68875
78	80	2.68742
6	94	2.68731
10	52	-2.68676
6	26	-2.68576
12	28	2.68564
8	52	-2.68429
82	84	-2.68424
48	68	2.68209
12	92	2.68159
82	98	2.68106
10	88	-2.68105
54	88	2.68046
2	38	2.68038
58	66	2.67858
2	8	2.67643
0	36	2.67134
14	68	-2.66946
10	94	-2.66766
46	92	2.66678
40	48	2.66457
74	84	-2.66085
2	54	-2.6607
50	78	2.65914
50	70	2.65806
48	62	2.65718
36	56	-2.6526
52	90	2.65036
36	60	2.65011
6	42	2.64818
10	18	-2.64002
16	60	2.63735
44	92	2.63703
18	32	-2.63541
0	16	2.63466
28	72	2.63396
76	88	-2.63185
18	82	-2.63096
28	74	-2.63025
76	94	-2.62941
52	76	-2.62674
30	50	2.62499
66	90	2.62427
6	64	2.6226
32	34	2.6214
52	54	2.61844
58	62	-2.6175
54	66	2.61745
8	18	-2.61553
8	72	-2.61518
2	90	-2.61081
14	60	-2.60445
74	82	2.6032
18	54	2.60224
0	48	2.5992
40	58	-2.59779
0	14	-2.5974
12	90	2.59738
6	76	-2.59722
38	98	2.59673
6	88	2.59508
20	56	2.59337
42	74	-2.59192
14	38	-2.58944
2	82	2.58939
4	26	-2.58518
48	60	2.57994
20	96	-2.57937
34	50	2.57919
2	32	2.57607
28	46	2.57412
6	10	-2.57256
6	12	2.57169
20	68	-2.56725
20	48	-2.5671
38	74	2.5665
54	58	2.56434
20	74	-2.56218
62	84	-2.56147
8	12	-2.56079
48	84	-2.55865
28	44	2.55559
26	56	-2.55385
20	36	-2.55348
32	58	-2.55247
18	90	2.55182
2	28	-2.55086
16	68	2.55002
72	94	2.54948
12	54	2.54922
72	84	2.54909
6	74	-2.54652
20	66	2.54358
20	60	-2.5426
64	74	-2.53964
26	72	-2.53455
58	96	-2.53451
40	84	-2.53377
34	82	2.53304
42	54	2.52903
14	66	2.52759
58	90	2.52638
58	72	2.5261
20	32	-2.52497
6	92	2.52493
18	96	-2.5245
36	84	-2.52352
0	20	-2.51985
48	76	2.51653
42	90	2.51483
16	96	2.51459
4	92	2.5122
32	74	2.51007
2	84	-2.50901
58	68	-2.50683
6	58	2.50565
66	74	-2.50483
56	82	-2.50476
18	84	2.50018
8	66	-2.4952
50	98	2.49227
10	12	-2.49227
6	52	2.48867
54	64	2.48848
18	28	2.48838
8	58	-2.48727
18	68	-2.48699
42	82	-2.48623
72	74	-2.48453
38	58	-2.4833
6	84	2.48152
28	66	2.48012
56	92	2.47947
16	40	2.47718
26	74	2.47667
64	90	2.47627
18	40	-2.47252
18	62	-2.46774
2	96	2.46761
58	76	-2.46691
18	20	2.46459
64	82	-2.46041
72	76	-2.45788
72	88	2.45714
4	28	2.45674
2	20	-2.45613
16	62	2.45556
48	54	-2.45314
46	90	2.4511
12	72	2.44993
12	76	-2.44982
10	48	2.44771
54	84	2.4473
74	92	-2.44718
8	46	-2.44708
16	50	2.44592
8	48	2.44347
36	98	2.43981
44	90	2.43796
84	96	-2.43718
36	76	2.43708
58	60	-2.43674
50	86	2.43554
16	80	2.43552
34	38	2.43362
0	58	-2.43276
2	68	2.43046
10	72	-2.42983
8	44	-2.42803
16	24	2.42602
8	42	-2.42555
74	96	2.42531
16	32	2.42373
2	40	2.4237
42	48	-2.42304
2	92	-2.42187
10	46	-2.42131
2	62	2.421
62	74	2.42086
32	84	-2.4205
84	90	2.41975
68	84	-2.41904
2	42	-2.41738
50	80	2.41685
40	74	2.416
2	26	2.41599
14	54	2.41397
50	60	2.41113
46	54	2.40829
2	6	-2.40572
12	50	-2.40526
48	90	-2.40433
4	50	-2.40356
0	18	-2.40317
10	58	-2.40052
16	70	2.39938
10	44	-2.39736
18	42	2.39726
50	62	2.39711
6	78	-2.39687
44	54	2.3942
16	30	2.39403
34	46	-2.3939
38	56	-2.39069
14	98	-2.39017
16	52	-2.39004
68	74	2.38966
8	64	-2.3892
40	50	2.3886
8	80	2.38755
72	92	2.38582
6	46	2.38499
28	58	2.38456
6	44	2.38448
18	60	-2.38393
36	42	-2.38372
54	80	-2.38283
34	44	-2.38271
28	80	-2.38085
24	34	2.3793
6	22	-2.37908
0	50	2.37902
30	90	-2.37889
48	64	-2.37828
80	90	-2.37828
20	98	-2.37681
60	84	-2.37597
72	78	-2.37547
6	86	-2.37457
36	54	-2.37453
70	90	-2.37355
14	90	2.37337
66	76	-2.37211
26	66	-2.37129
10	36	2.37086
28	42	2.3707
56	94	2.36992
2	64	-2.36923
20	38	-2.36738
30	54	-2.36738
24	90	-2.36704
48	98	2.36602
46	76	-2.36591
6	18	2.36528
0	84	-2.36512
44	50	-2.36474
42	62	-2.36423
16	22	2.36419
8	36	2.3638
14	72	2.36357
52	72	2.36315
18	92	2.36305
8	84	-2.36148
6	70	-2.36134
54	70	-2.36003
32	56	-2.35959
14	76	-2.35886
6	24	-2.35856
4	90	2.35755
34	52	-2.35689
6	30	-2.35629
24	94	-2.35584
18	26	-2.35578
76	80	2.35517
42	76	-2.35481
26	80	2.35337
8	14	-2.35303
28	30	-2.35225
24	54	-2.35111
18	64	2.35006
62	64	-2.34944
72	86	-2.34893
50	94	-2.34877
0	2	2.34814
46	50	-2.34782
46	98	-2.34777
28	70	-2.34744
24	28	-2.34682
4	6	2.34589
10	80	2.34564
44	76	-2.34428
22	34	2.34339
36	64	-2.34296
40	42	-2.34264
2	72	-2.34183
70	94	-2.34171
10	66	-2.34071
16	46	-2.34065
34	70	2.34051
28	64	2.34023
44	98	-2.33915
6	14	2.33912
22	90	-2.33796
2	66	-2.33688
22	94	-2.33665
30	94	-2.33589
4	34	-2.33401
4	8	-2.3339
50	68	2.33234
8	30	2.33226
16	88	-2.33196
2	60	2.33083
22	72	-2.32941
76	84	-2.32903
36	90	-2.32874
40	64	-2.32812
56	62	-2.32702
12	24	-2.32684
66	94	2.32612
30	34	2.32548
8	70	2.32351
86	90	-2.32335
64	76	-2.32263
24	26	2.3222
12	22	-2.32111
28	48	-2.32105
16	44	-2.32005
56	88	2.31997
16	92	-2.31928
26	30	2.31902
38	84	-2.31895
34	88	-2.31887
24	88	-2.31849
22	54	-2.31832
20	72	2.3173
8	24	2.31697
26	70	2.31649
10	42	-2.31605
40	56	-2.31573
54	86	-2.31462
50	88	-2.31391
4	54	2.31351
18	72	2.31331
18	66	2.31326
66	86	-2.31257
48	66	-2.3121
80	92	-2.3105
12	70	-2.31046
50	96	2.30847
0	74	2.30831
22	28	-2.3059
56	80	-2.30581
70	88	-2.30507
4	98	-2.30427
56	86	-2.30357
78	90	-2.3028
30	88	-2.302
12	30	-2.30197
16	82	2.30091
12	34	-2.2988
56	96	-2.29833
4	10	-2.2982
60	74	2.29795
70	72	-2.29733
80	88	-2.29613
34	80	2.29541
10	14	-2.29466
80	94	-2.29435
24	72	-2.29306
30	72	-2.29085
10	64	-2.29008
66	78	-2.28953
22	88	-2.28714
32	42	-2.28622
6	48	-2.28541
54	78	-2.28389
42	96	-2.28349
16	38	2.28342
28	84	2.28308
66	92	2.282
52	80	-2.28174
10	84	-2.28117
20	34	-2.28082
66	82	-2.28
36	66	-2.27992
34	36	2.27951
46	72	2.2795
52	98	-2.2794
44	72	2.2794
22	26	2.27811
16	26	2.27787
74	80	2.27758
78	94	-2.27461
16	94	-2.27355
24	44	-2.27284
4	24	-2.27247
8	22	2.27236
48	72	-2.27202
46	60	-2.27138
16	78	2.27047
34	94	-2.27011
64	96	-2.26997
30	56	-2.2697
44	60	-2.26946
56	68	-2.26842
42	68	-2.26841
12	78	-2.26811
52	56	2.26798
32	64	-2.26789
4	22	-2.26757
24	46	-2.26726
42	86	-2.26453
66	88	2.26351
74	94	-2.26336
4	60	-2.26308
4	70	-2.26081
44	70	-2.26022
20	54	2.25872
6	20	2.25802
28	86	-2.25784
24	52	-2.2574
64	68	-2.25734
30	44	-2.25671
14	34	-2.25644
0	46	-2.25592
4	30	-2.25545
56	70	-2.25528
46	70	-2.25481
12	16	-2.25416
26	42	-2.25373
4	76	-2.25339
0	44	-2.25301
22	44	-2.25263
30	46	-2.25209
50	82	2.25207
14	28	2.25129
8	86	2.25112
50	52	-2.25034
4	72	2.25032
30	76	2.25026
28	36	-2.24941
4	62	-2.24926
28	78	-2.24922
34	78	2.24786
64	86	-2.24716
6	80	-2.24599
30	52	-2.24592
52	70	-2.24581
4	40	-2.24577
24	98	2.24444
0	4	-2.24403
46	80	-2.24359
22	46	-2.2428
4	16	-2.24257
58	98	-2.24218
10	30	2.24036
86	94	-2.24018
70	76	2.23894
36	72	-2.23881
26	58	-2.23821
12	98	-2.2382
88	98	-2.23812
6	36	-2.23766
12	80	-2.23754
44	80	-2.23735
26	64	-2.23535
38	42	-2.23482
74	88	-2.23289
12	86	-2.23225
24	56	-2.23173
24	76	2.23151
10	70	2.23024
2	80	2.23021
42	60	-2.22988
20	90	2.22965
38	66	-2.22927
0	42	-2.22891
40	44	-2.22831
44	62	-2.2271
30	92	-2.22706
24	92	-2.22643
22	98	2.22642
22	66	-2.22637
10	24	2.22566
84	98	-2.22546
38	72	-2.22516
60	64	-2.22456
40	46	-2.22416
4	86	-2.22404
0	64	-2.22378
4	78	-2.22337
32	50	2.22321
8	78	2.2231
12	66	2.22257
70	92	-2.2218
46	62	-2.22168
38	76	2.21934
34	92	-2.21843
52	66	2.21736
34	48	2.21668
78	88	-2.21657
22	52	-2.21578
46	68	-2.21529
58	86	-2.2149
12	56	2.2147
42	92	2.21431
44	68	-2.21421
38	64	-2.21384
16	86	2.2138
4	68	-2.21365
26	50	2.21245
56	78	-2.21127
70	98	2.20989
66	70	-2.20943
26	78	2.20942
30	66	-2.20875
64	92	2.20834
26	34	2.2074
22	56	-2.20697
4	80	-2.20534
26	86	2.20478
32	66	-2.20423
20	76	-2.20387
84	86	-2.2037
2	94	-2.2033
52	74	-2.20301
18	80	-2.20132
8	20	-2.20062
0	56	-2.20026
74	86	2.19946
4	96	-2.19741
26	48	2.19739
18	98	-2.19695
24	66	-2.19647
46	96	-2.1959
20	50	-2.19541
44	96	-2.19532
30	98	2.19531
56	60	-2.1953
86	88	-2.19529
48	92	-2.19518
58	92	2.1946
16	28	-2.19321
44	78	-2.19303
6	50	-2.19255
44	86	-2.19175
94	98	-2.19096
30	74	2.18578
2	88	-2.18296
42	78	-2.18295
22	76	2.1819
46	78	-2.18026
46	86	-2.18014
54	82	-2.17888
28	50	-2.17809
10	16	2.17778
62	66	-2.17646
6	38	-2.17639
22	92	-2.17523
10	22	2.17477
38	54	-2.17384
64	78	-2.17211
76	82	2.1718
10	38	2.17107
66	96	-2.17049
70	74	2.16949
40	66	-2.16799
72	80	-2.16734
2	52	-2.16629
52	60	-2.1662
26	84	-2.16568
76	86	2.16505
38	50	2.16484
10	20	-2.1641
78	98	2.164
12	60	-2.16271
80	98	2.16199
18	94	2.15997
8	38	2.15967
66	68	-2.15878
42	94	2.1581
0	52	-2.15672
4	82	-2.15587
16	20	-2.1554
2	98	2.15485
50	90	-2.15469
58	80	-2.15457
0	12	-2.14768
24	74	2.14759
38	90	-2.14748
82	90	-2.14701
72	82	-2.14651
8	82	2.14642
64	98	-2.14561
10	86	2.1456
8	16	2.14517
64	94	2.14425
50	72	-2.14402
52	78	-2.14361
84	92	2.14348
34	86	2.14334
30	42	-2.14334
50	92	-2.14112
34	84	-2.14095
16	76	2.14079
32	72	-2.14016
18	88	2.14001
26	36	2.13954
36	92	-2.13931
42	70	-2.1372
42	98	-2.13717
52	86	-2.13587
0	66	-2.1356
60	88	-2.13532
4	32	-2.13432
76	78	2.1341
92	98	-2.13387
34	58	-2.13373
16	64	-2.13305
14	86	-2.13268
32	76	2.13193
14	26	-2.1307
44	82	-2.13017
22	42	-2.13011
48	80	2.12997
32	46	-2.12961
50	54	-2.12943
32	44	-2.12922
20	28	2.12922
12	62	-2.12817
12	74	-2.12777
12	40	-2.1276
30	58	-2.12757
30	64	-2.12543
74	98	2.12537
16	36	2.12519
46	82	-2.12482
18	52	2.12481
10	82	2.12426
0	88	-2.12366
60	66	-2.12356
28	34	-2.12277
10	78	2.12219
42	88	2.12177
8	50	2.12076
26	98	2.12053
64	70	-2.12031
66	80	-2.11956
16	66	-2.11896
2	30	2.11889
6	82	-2.11827
24	42	-2.11805
22	74	2.11768
22	64	-2.11699
46	66	2.11683
74	78	2.11635
24	60	2.11611
2	86	2.11596
16	90	-2.11521
58	70	-2.11456
64	88	2.11422
52	68	-2.11418
12	68	-2.11321
86	92	-2.11317
22	60	2.11299
44	66	2.11071
58	94	2.10985
78	92	-2.10957
46	56	2.10925
16	42	-2.10773
32	54	-2.10726
52	64	2.10682
38	78	2.10547
2	70	2.10543
14	92	2.1054
42	52	2.10503
42	80	-2.10476
0	24	2.10384
16	54	-2.10352
0	22	2.10328
40	52	-2.10311
24	64	-2.1027
58	78	-2.10213
14	16	-2.1021
44	56	2.10169
78	84	-2.10109
60	94	-2.10002
20	86	-2.09945
18	86	-2.09943
12	96	-2.09763
52	62	-2.09747
52	96	-2.0968
14	80	-2.09625
14	50	-2.09589
18	30	-2.0954
36	80	2.09482
34	64	-2.09402
4	20	2.0937
30	84	-2.09328
2	12	-2.09266
10	32	2.09232
24	58	-2.09225
6	32	-2.09211
16	84	-2.09201
8	32	2.09143
60	70	2.08979
2	24	2.08939
18	34	-2.08902
28	38	-2.08898
72	96	-2.08886
0	94	-2.08869
66	98	-2.08847
80	84	-2.08757
64	80	-2.08645
68	88	-2.08581
40	88	-2.08571
10	50	2.08506
70	84	-2.08464
18	70	-2.08322
10	34	2.08315
62	88	-2.08278
32	90	-2.08259
16	72	-2.08258
36	50	2.08228
34	42	-2.08115
16	48	2.08095
22	58	-2.08034
4	38	-2.0802
0	70	2.07943
68	72	-2.07872
58	88	2.07872
4	66	2.07849
30	60	2.07834
60	78	2.07799
0	78	2.07744
48	86	2.07692
28	82	-2.07662
76	96	2.07563
50	76	2.07389
6	16	-2.07366
8	34	2.07298
12	42	2.07042
88	96	-2.07033
2	78	2.07031
86	98	2.06968
54	62	-2.06953
84	94	2.06904
0	30	2.06862
18	24	-2.06847
22	68	2.06829
2	22	2.06794
24	40	2.06748
22	84	-2.06726
24	62	2.06664
62	76	2.06637
12	18	2.06634
24	84	-2.06631
24	68	2.06559
22	40	2.06502
40	54	-2.06491
40	76	2.06486
22	62	2.06398
62	72	-2.06351
0	72	-2.0631
4	56	2.06246
2	34	2.06224
54	96	-2.06222
12	64	2.06205
38	44	-2.06199
40	72	-2.06178
14	30	-2.06178
18	78	-2.06167
40	94	-2.06165
56	98	-2.06107
62	94	-2.06063
48	94	-2.05973
68	76	2.05935
34	90	-2.05931
50	84	-2.05907
38	46	-2.05893
34	76	2.05774
68	94	-2.05686
36	86	2.05683
48	50	2.05674
46	74	-2.0567
22	38	2.05603
34	66	-2.05576
22	96	2.05535
20	92	2.0549
68	78	2.05354
52	58	2.05321
18	22	-2.05311
20	44	2.05303
60	80	2.05269
12	32	-2.05244
32	78	2.05183
20	26	-2.0518
14	70	-2.05156
28	98	-2.05143
12	82	-2.05133
24	96	2.05128
62	90	-2.05074
8	62	2.05058
32	52	-2.04974
44	74	-2.04962
8	96	2.04931
60	72	-2.0492
30	48	2.04891
4	14	2.04818
8	40	2.04796
40	70	2.04751
54	68	-2.04747
34	54	-2.04724
6	96	-2.04712
10	96	2.04706
62	70	2.04693
40	90	-2.04655
68	70	2.04623
0	80	2.04621
78	96	2.04611
34	74	2.04528
20	46	2.04528
84	88	2.04515
38	86	2.04512
48	88	-2.04455
94	96	-2.04418
90	96	-2.04335
60	92	-2.04286
16	58	-2.0424
72	98	-2.04172
48	78	2.04155
50	66	-2.0397
30	40	2.03961
48	70	2.03934
0	92	-2.03919
30	62	2.03919
12	38	-2.03897
10	62	2.03879
36	78	2.03864
14	94	2.03814
14	78	-2.03796
10	40	2.03792
30	68	2.03787
6	62	-2.03768
6	68	-2.03749
26	60	2.03726
8	68	2.03669
14	24	-2.03656
28	32	-2.03635
48	52	-2.03524
34	72	-2.03522
10	68	2.03517
22	32	2.03514
52	84	2.03476
12	58	2.0347
6	34	-2.03467
6	40	-2.03449
70	96	2.03436
2	46	-2.0343
50	58	-2.03309
40	78	2.0325
52	82	-2.03178
0	26	2.03145
68	90	-2.03131
36	94	-2.03119
18	50	-2.03085
0	76	2.03065
62	78	2.02945
2	44	-2.02918
26	38	2.02913
10	98	2.02888
32	88	-2.02878
38	92	-2.02822
20	80	-2.02774
14	44	2.02738
30	36	2.02723
30	96	2.02717
24	48	2.02712
60	76	2.02701
20	30	-2.02674
14	22	-2.0261
68	80	2.0255
20	78	-2.02536
80	82	2.02513
4	36	-2.0242
82	86	2.02412
40	80	2.02401
82	88	-2.0237
14	46	2.02353
14	88	2.023
20	70	-2.02291
0	6	-2.02281
62	80	2.02243
26	82	2.02211
22	48	2.02208
24	38	2.02203
2	50	2.02202
46	64	2.022
24	32	2.02161
4	74	-2.02126
0	54	-2.02079
8	98	2.02075
36	70	2.0205
42	46	2.02033
80	96	2.01993
36	88	-2.01965
68	92	-2.01952
54	60	-2.01919
16	18	-2.01908
28	62	-2.01814
20	22	-2.01747
18	46	2.01739
38	70	2.01715
20	24	-2.01702
0	10	2.01682
28	40	-2.01677
76	98	2.01663
6	98	-2.01628
44	64	2.01627
38	94	-2.01619
50	64	-2.0158
0	8	2.01576
42	44	2.01574
42	50	-2.01541
12	84	2.01534
6	60	-2.01508
8	60	2.01492
36	52	-2.01476
10	60	2.01474
82	92	-2.0147
4	84	2.01462
12	20	2.01461
24	82	2.01448
22	36	2.01442
38	80	2.01441
50	56	-2.01438
28	96	-2.01429
92	96	-2.01428
18	44	2.01422
26	68	2.01421
32	86	2.01417
2	4	-2.01415
26	40	2.01412
82	94	-2.0136
32	94	-2.01359
26	62	2.01286
90	98	-2.01257
0	86	2.0125
4	58	2.01228
30	38	2.01222
34	56	-2.01217
24	36	2.01208
32	70	2.01174
32	80	2.01173
60	86	2.01171
2	16	2.01159
40	92	-2.01154
36	44	-2.01147
14	52	2.01122
0	90	-2.01096
22	82	2.01092
12	48	-2.01054
60	90	-2.0102
36	46	-2.01019
4	48	-2.01017
30	82	2.01
32	92	-2.00978
70	82	2.00975
26	96	2.00972
28	68	-2.00941
62	92	-2.00892
12	14	2.00886
28	60	-2.00839
4	18	2.00792
54	98	-2.00764
44	58	2.00708
30	32	2.00706
38	52	-2.00679
46	58	2.00652
38	88	-2.00603
0	28	-2.00602
26	32	2.0055
20	94	2.00512
16	56	-2.00463
68	86	2.00451
86	96	2.00377
12	36	-2.00359
4	42	2.00314
16	74	2.00307
20	52	2.0024
44	48	-2.00233
46	48	-2.00217
4	64	2.00192
50	74	2.00179
62	86	2.00178
44	84	2.00158
78	82	2.00136
40	86	2.0006
46	84	2.00044
20	88	2.00033
