49	83	11.9904
11	17	11.9803
27	29	11.979
9	43	11.9763
33	91	11.9757
79	93	11.968
9	95	11.9547
23	71	11.9544
63	81	11.9532
11	75	11.9529
7	45	11.9508
17	75	11.9386
79	99	11.926
15	77	11.925
93	99	11.9163
37	67	11.9163
43	95	11.9152
41	83	11.9133
7	39	11.8877
25	59	11.8792
31	65	-11.8785
15	97	11.8748
55	61	11.8647
13	95	11.8632
39	51	-11.8543
87	89	11.8534
41	49	11.8477
7	23	11.8442
51	57	-11.84
17	53	11.8399
79	85	11.8348
13	43	11.831
53	83	11.8265
39	45	11.8159
27	31	11.8143
35	47	11.8101
19	73	11.8079
45	57	11.8026
49	53	11.7945
29	73	-11.7907
53	75	11.7801
41	53	11.7795
9	13	11.7752
49	71	11.7748
71	75	11.7713
25	37	11.7702
85	93	11.7633
33	67	11.7618
27	73	-11.7594
81	87	11.7504
31	55	11.7488
21	63	11.7481
11	53	11.7265
7	71	11.7242
31	73	-11.7236
1	33	11.7229
77	97	11.7123
3	41	11.7069
29	31	11.7064
67	91	11.6995
49	75	11.6977
23	39	11.6887
21	81	11.686
73	99	-11.682
71	83	11.6774
45	51	-11.6763
39	71	11.6759
1	67	11.6583
65	73	11.6561
19	65	11.6561
39	57	11.6529
75	83	11.6442
81	89	11.6434
23	45	11.639
7	51	-11.6241
7	57	11.6204
23	49	11.6175
37	59	11.5901
25	67	11.5895
3	83	11.5794
59	67	11.563
85	99	11.5554
5	15	11.5526
17	49	11.5524
55	65	-11.5463
1	91	11.5463
23	75	11.5455
11	71	11.5424
31	61	11.5397
17	83	11.5316
3	49	11.5165
63	87	11.5096
21	85	11.501
17	71	11.501
23	83	11.4963
39	75	11.4935
29	99	11.4881
11	49	11.475
27	65	-11.4743
27	61	11.4604
45	71	11.4604
89	95	11.4527
35	59	11.4521
53	71	11.4497
19	31	-11.4426
11	69	-11.438
11	83	11.431
27	55	11.431
33	37	11.4284
19	99	-11.4226
59	91	11.416
13	29	11.3964
63	89	11.3846
17	69	-11.3814
9	89	11.3721
1	37	11.3694
37	91	11.3647
11	39	11.3624
29	65	-11.3583
73	93	-11.3553
41	75	11.3488
21	89	11.3426
73	79	-11.3351
35	61	11.3224
17	41	11.3202
27	99	11.3113
33	59	11.2999
29	93	11.2941
41	71	11.2904
5	97	11.2793
7	75	11.2777
5	77	11.277
13	27	11.2655
11	23	11.2645
29	61	11.2643
19	29	-11.2558
19	27	-11.2376
29	55	11.2199
17	23	11.2012
17	39	11.19
23	51	-11.1897
51	85	11.1852
57	85	-11.1763
59	61	11.1686
13	93	11.1575
11	41	11.1555
51	71	-11.1542
23	53	11.1495
43	89	11.1366
21	87	11.1364
29	79	11.1351
61	65	-11.134
25	91	11.1188
69	75	-11.1161
93	95	11.0918
3	53	11.0885
19	79	-11.0816
7	49	11.0785
27	93	11.0711
25	33	11.0681
23	41	11.0609
23	57	11.0519
7	11	11.0375
51	75	-11.033
39	49	11.0249
55	73	-11.0241
47	61	11.0234
35	91	11.0112
13	99	10.9822
19	93	-10.9788
11	51	-10.9771
25	61	10.9648
45	75	10.9562
31	99	10.9547
87	95	10.9542
21	79	10.9483
9	87	10.9429
25	35	10.9411
21	93	10.9405
21	51	10.9296
3	71	10.9233
7	83	10.9115
13	89	10.9111
27	79	10.9085
55	59	10.8959
29	95	10.8956
7	17	10.8917
57	71	10.8819
41	97	10.8767
25	55	10.8679
13	79	10.8665
39	83	10.8652
57	79	-10.8633
53	69	-10.8435
85	89	10.8323
3	23	10.8271
65	99	-10.8252
61	73	-10.8141
79	95	10.8004
89	93	10.7896
41	77	10.7806
39	53	10.7715
47	59	10.7689
13	73	-10.7679
35	55	10.7632
95	99	10.7617
33	35	10.7469
53	77	10.744
17	51	-10.7414
9	93	10.7337
63	85	10.7333
29	43	10.7324
81	85	10.7256
11	45	10.7252
27	95	10.7122
45	49	10.69
1	59	10.6728
43	87	10.6707
1	25	10.6601
73	85	-10.6601
19	55	-10.6581
13	47	10.657
43	93	10.6553
3	75	10.6505
51	79	10.648
9	29	10.6272
7	53	10.6223
3	97	10.6207
85	95	10.6057
15	41	10.5982
35	67	10.5901
27	43	10.5871
43	47	10.5835
79	89	10.5774
31	93	10.565
57	93	-10.5637
63	69	10.5572
17	45	10.5499
57	99	-10.548
13	31	10.5404
39	85	-10.5186
57	75	10.5108
45	83	10.5078
13	61	10.5074
3	17	10.5015
39	69	-10.4928
21	99	10.4914
21	57	-10.491
53	97	10.4743
31	79	10.4685
9	27	10.4613
19	85	-10.4593
13	85	10.4543
81	95	10.4543
35	37	10.4541
29	85	10.4406
45	85	-10.4397
27	47	10.4396
9	79	10.427
51	69	10.4229
21	69	10.407
15	53	10.3941
9	99	10.3909
21	95	10.3815
51	93	10.3793
21	39	-10.3788
47	55	10.3782
11	57	10.3775
47	91	10.3767
7	41	10.3682
65	93	-10.3619
43	99	10.3617
3	11	10.3528
27	35	10.346
65	79	-10.3455
49	51	-10.3455
77	83	10.3447
43	79	10.3423
83	97	10.3413
29	47	10.3344
39	41	10.3235
69	71	-10.321
81	93	10.3126
13	87	10.3122
9	81	10.3122
9	47	10.2905
73	95	-10.2902
89	99	10.2879
85	87	10.2746
19	61	-10.2705
9	85	10.2475
49	69	-10.2339
45	53	10.2189
51	99	10.2183
79	81	10.2149
69	83	-10.2128
17	77	10.2069
63	93	10.1974
25	47	10.1952
31	35	10.1941
7	85	-10.1872
49	77	10.1781
27	85	10.1759
51	63	10.174
51	83	-10.1732
29	35	10.1633
3	77	10.1622
51	53	-10.1601
49	97	10.1543
63	79	10.1508
69	81	10.1501
13	55	10.15
47	95	10.1492
3	15	10.1468
17	57	10.1432
87	93	10.1358
9	21	10.1159
63	95	10.0987
13	35	10.0965
15	83	10.0962
37	61	10.0877
43	85	10.0863
3	7	10.0837
33	47	10.0829
31	47	10.0625
55	99	10.0489
45	79	-10.0462
19	57	10.0237
43	73	-10.0213
41	69	-10.0203
43	81	10.0158
13	19	-10.0004
23	69	-9.99057
13	65	-9.98459
31	59	9.98341
43	61	9.98057
49	57	9.97727
9	73	-9.95784
51	81	9.95447
31	95	9.9536
7	69	-9.95136
61	99	9.94951
37	55	9.94487
41	45	9.94388
39	79	-9.93992
11	77	9.93968
79	87	9.93706
21	45	-9.93238
9	63	9.92973
11	21	-9.92823
61	67	9.9244
15	49	9.91791
13	21	9.91139
25	31	9.90286
35	43	9.89492
61	91	9.89152
29	89	9.88776
75	77	9.88763
7	21	-9.87051
61	95	9.86612
3	39	9.85867
21	43	9.85366
47	67	9.84705
13	81	9.84413
81	99	9.83517
37	49	-9.82516
11	33	-9.82472
31	43	9.82294
17	33	-9.82061
37	83	-9.80825
1	75	-9.80589
67	75	-9.8042
1	11	-9.79918
57	83	9.79249
17	91	-9.79075
1	39	-9.78447
49	67	-9.78274
15	17	9.78234
9	61	9.78062
17	97	9.77925
1	35	9.77891
11	91	-9.77601
25	41	-9.77453
27	59	9.77203
67	83	-9.76372
67	71	-9.75902
33	75	-9.75872
53	67	-9.75568
37	71	-9.75559
21	75	-9.75474
45	69	-9.75174
57	69	-9.74817
45	93	-9.74646
17	67	-9.74476
63	99	9.74422
25	83	-9.74131
1	17	-9.74113
39	63	-9.73522
57	73	9.73297
11	67	-9.73276
41	59	-9.72132
45	99	-9.72067
7	79	-9.71735
37	47	9.7169
11	63	-9.71378
25	49	-9.71144
53	59	-9.71039
37	41	-9.70932
9	31	9.7077
31	85	9.70687
1	71	-9.70363
3	25	-9.69673
35	65	-9.69555
55	93	9.695
75	91	-9.69415
23	37	-9.69355
3	45	9.69323
55	67	9.68706
17	21	-9.68178
27	89	9.67854
61	93	9.6734
33	53	-9.66868
39	93	-9.66337
33	61	9.6628
53	91	-9.66263
37	75	-9.66035
37	53	-9.6579
59	83	-9.65734
1	51	9.6572
23	67	-9.65455
33	69	9.65381
87	99	9.65354
69	91	9.65269
41	67	-9.64869
61	97	-9.64823
53	57	9.64394
25	65	-9.64023
43	63	9.63886
57	63	-9.63796
59	65	-9.62884
65	85	-9.62875
1	7	-9.62525
41	51	-9.62399
1	23	-9.61772
25	53	-9.61441
49	59	-9.61267
9	35	9.61163
35	77	-9.6005
51	89	9.5959
47	73	-9.59324
3	37	-9.58522
69	77	-9.58237
43	55	9.57883
55	95	9.57043
75	97	9.56889
19	95	-9.566
25	27	9.56343
73	89	-9.56279
15	61	-9.56021
1	53	-9.55757
55	79	9.55293
17	37	-9.54968
55	97	-9.5364
23	85	-9.53294
47	65	-9.53264
21	71	-9.53125
39	99	-9.52888
11	37	-9.52463
29	59	9.52357
17	63	-9.51948
11	15	9.51932
21	73	-9.51906
13	63	9.51888
11	97	9.51812
35	95	9.5177
1	45	-9.51496
55	91	9.51252
1	49	-9.51176
39	81	-9.50829
15	75	9.50505
61	77	-9.50435
17	59	-9.49933
63	75	-9.48854
57	81	-9.48245
39	67	-9.48226
35	73	-9.48202
21	23	-9.48038
61	79	9.47937
65	95	-9.46793
19	51	-9.46611
1	83	-9.46553
47	77	-9.46412
33	71	-9.46409
69	85	9.46403
5	29	-9.4512
71	85	-9.44982
33	49	-9.44877
59	75	-9.4472
15	35	-9.44355
3	59	-9.44339
5	13	-9.44278
1	69	9.44213
9	55	9.44054
7	93	-9.43672
33	83	-9.43489
11	85	-9.4348
7	67	-9.43374
21	29	9.4331
5	27	-9.41983
25	71	-9.41487
27	97	-9.41398
7	37	-9.41185
31	97	-9.40856
25	75	-9.40155
71	77	9.4007
11	59	-9.39864
49	91	-9.3983
83	91	-9.39542
75	85	-9.39133
1	57	-9.38423
11	81	-9.37865
15	27	-9.37789
5	41	9.37582
33	39	-9.37117
7	99	-9.37006
37	39	-9.36525
17	25	-9.36412
57	89	-9.36134
29	87	9.36012
71	91	-9.36001
3	67	-9.35462
59	97	-9.34365
59	77	-9.33905
19	45	9.33607
19	21	-9.33391
33	55	9.32487
33	41	-9.32421
29	97	-9.32033
15	29	-9.31377
25	29	9.31257
15	55	-9.31246
41	91	-9.31211
19	43	-9.30923
51	87	9.30853
23	25	-9.30412
23	33	-9.30053
15	47	-9.29697
43	65	-9.29305
51	73	-9.29226
1	41	-9.29074
35	53	-9.28694
59	71	-9.28607
11	25	-9.28074
71	97	9.27356
69	87	9.27009
15	59	-9.26295
35	97	-9.26151
9	19	-9.25861
3	69	-9.25433
41	57	9.24885
7	63	-9.24826
45	67	-9.23149
45	63	-9.22441
25	97	-9.22383
39	91	-9.21916
15	31	-9.21786
27	87	9.21697
9	65	-9.21674
5	61	-9.20223
37	45	-9.20072
75	81	-9.19986
55	77	-9.19849
5	95	-9.19735
21	27	9.19644
17	81	-9.19498
41	61	-9.19252
29	57	-9.19081
3	55	-9.18948
3	51	-9.18769
17	85	-9.18525
27	77	-9.18495
23	91	-9.18376
67	69	9.18131
31	89	9.17838
29	81	9.17831
7	33	-9.17644
77	91	-9.17388
63	71	-9.17255
3	5	9.16712
33	51	9.16345
51	67	9.15547
73	81	-9.15478
47	99	9.15358
1	5	-9.14988
1	47	9.14903
65	97	9.14658
5	53	9.14577
3	87	-9.14542
5	35	-9.13934
5	43	-9.13846
35	41	-9.13621
39	89	-9.13188
15	69	-9.13014
5	47	-9.12869
41	55	-9.12684
23	59	-9.12234
5	93	-9.12222
17	35	-9.12141
23	77	9.12009
5	73	9.11864
57	95	-9.11674
33	77	-9.11596
73	87	-9.11499
15	71	9.11291
5	99	-9.11148
29	77	-9.10893
19	47	-9.10241
7	81	-9.09998
69	89	9.09906
13	59	9.09463
47	93	9.0912
45	81	-9.08756
3	61	-9.08464
13	15	-9.08442
73	97	9.08359
19	89	-9.07846
23	63	-9.07681
5	9	-9.07437
5	31	-9.07348
63	73	-9.05566
67	97	-9.05384
59	73	-9.05206
15	91	-9.04956
25	77	-9.04832
51	95	9.04595
23	79	-9.04494
7	91	-9.03044
23	97	9.02801
15	25	-9.02497
37	97	-9.0248
5	33	-9.02427
31	77	-9.02406
21	53	-9.02321
15	33	-9.02188
1	21	9.01601
31	37	9.01249
27	81	9.0106
47	97	-9.01031
19	35	-9.00981
33	45	-9.00797
71	81	-9.00292
45	73	9.00198
57	87	-8.99956
35	83	-8.9989
27	57	-8.99738
67	77	-8.99614
5	91	-8.99604
51	91	8.99576
11	35	-8.99434
45	89	-8.99255
65	89	-8.99166
69	97	-8.99149
37	51	8.98987
13	57	-8.98885
21	49	-8.98763
5	79	-8.98723
39	87	-8.98723
13	77	-8.98674
29	63	8.98672
1	97	-8.97989
1	15	-8.97629
53	61	-8.97447
31	87	8.9743
19	81	-8.9708
19	63	-8.96815
7	19	8.96628
15	73	8.96441
15	67	-8.96315
19	39	8.95709
23	81	-8.95567
57	65	8.95529
3	57	8.95359
53	63	-8.95138
25	73	-8.94814
1	77	-8.94623
91	97	-8.94533
5	55	-8.94286
33	97	-8.94024
7	89	-8.93626
65	87	-8.93353
35	49	-8.93352
5	83	8.93095
9	57	-8.92775
59	69	8.92741
71	79	-8.9247
35	75	-8.92403
43	59	8.92329
61	83	-8.91491
65	81	-8.9108
1	61	8.91009
7	25	-8.90967
55	87	8.90536
1	3	-8.90523
57	67	-8.89506
35	69	8.89374
15	65	8.88855
49	63	-8.88765
21	83	-8.88696
55	85	8.88226
29	51	8.88214
55	89	8.87981
3	81	-8.87848
35	99	8.87749
37	69	8.86955
15	23	8.8677
25	39	-8.86693
61	89	8.86424
47	79	8.86346
5	59	-8.85824
47	53	-8.85706
45	91	-8.85701
13	97	-8.8566
13	25	8.85558
37	77	-8.85427
1	63	8.84848
15	37	-8.84762
63	65	-8.84616
3	33	-8.84409
55	83	-8.84278
21	65	-8.83891
9	51	8.83754
3	63	-8.83698
21	31	8.83243
13	51	8.83105
63	83	-8.83017
43	57	-8.82958
31	81	8.82873
23	87	-8.82774
27	63	8.82714
7	87	-8.82612
1	85	8.82533
61	85	8.82447
23	93	-8.82316
5	67	-8.81979
69	79	8.81884
47	89	8.81818
31	57	-8.81805
3	91	-8.81703
49	61	-8.81686
33	57	-8.81547
31	67	8.81318
11	79	-8.81197
37	65	-8.80754
75	79	-8.80074
45	87	-8.80029
37	57	-8.79608
53	55	-8.79487
5	49	8.79449
15	43	-8.78866
39	59	-8.78811
25	43	8.77884
19	87	-8.77631
23	89	-8.77384
71	87	-8.77106
19	97	8.76918
35	93	8.7602
43	77	-8.7589
31	91	8.75784
7	59	-8.75597
27	37	8.75497
9	59	8.75301
49	81	-8.7503
3	89	-8.74892
49	55	-8.74775
39	73	8.74639
11	87	-8.74334
15	95	-8.7398
61	87	8.73872
5	65	8.73645
23	99	-8.73552
3	35	-8.73442
45	95	-8.73388
49	85	-8.72627
73	77	8.72386
17	47	-8.71905
71	93	-8.71594
53	81	-8.7136
41	47	-8.70939
25	69	8.70585
31	63	8.70489
5	85	-8.70342
1	55	8.70293
5	19	8.69931
65	77	8.69904
1	81	8.69825
43	51	8.69783
81	83	-8.69701
3	31	-8.69643
27	51	8.69639
25	87	8.69519
69	93	8.69476
19	59	-8.69349
71	89	-8.69248
9	45	-8.69009
75	87	-8.68857
7	73	8.68637
39	77	8.68224
5	17	8.6802
9	15	-8.67854
25	45	-8.67841
9	25	8.67778
97	99	-8.67696
21	33	8.67616
59	95	8.67242
11	89	-8.67096
15	99	-8.66709
33	63	8.65863
27	91	8.6586
57	91	-8.65474
19	25	-8.6534
77	95	-8.65243
49	87	-8.65132
47	69	8.64983
3	65	8.64581
11	93	-8.64455
53	85	-8.64162
41	63	-8.64059
5	37	-8.63268
9	77	-8.63228
5	89	-8.62802
7	77	8.62767
37	87	8.62746
5	25	-8.62692
27	67	8.62621
31	41	-8.62319
75	93	-8.62226
17	87	-8.61733
17	79	-8.61652
71	99	-8.61491
83	87	-8.6132
43	45	-8.61313
75	89	-8.61033
17	61	-8.60997
55	81	8.60725
83	85	-8.60725
39	95	-8.60612
35	71	-8.60584
11	47	-8.60417
65	67	-8.60205
15	19	8.59673
31	33	8.59346
7	95	-8.58659
15	93	-8.58596
47	83	-8.58394
21	41	-8.57936
35	79	8.57582
25	95	8.57505
7	9	-8.57061
29	37	8.57022
51	65	-8.56763
63	91	8.56367
65	91	-8.56066
29	45	-8.5594
3	21	-8.55347
21	91	8.55156
13	45	-8.54938
93	97	-8.53842
41	81	-8.53626
43	97	-8.53479
45	59	-8.53416
47	49	-8.53136
47	75	-8.52379
95	97	-8.52333
17	89	-8.52167
41	87	-8.52125
61	75	-8.50861
5	11	8.50625
39	97	8.50396
29	91	8.5039
9	39	-8.50314
7	97	8.50044
47	87	8.49953
69	99	8.49701
25	51	8.49345
31	51	8.49218
7	43	-8.48909
27	33	8.48824
75	99	-8.48589
5	75	8.48485
11	99	-8.48442
3	9	-8.48399
41	65	8.48107
11	61	-8.47862
33	81	8.47842
55	63	8.47759
15	79	-8.47191
17	93	-8.47066
29	67	8.46142
23	35	-8.461
37	43	8.46077
1	87	8.45816
27	41	-8.45623
79	97	-8.45279
1	79	8.45245
9	97	-8.45069
51	59	8.44887
45	65	8.44321
9	23	-8.44208
49	89	-8.44158
3	27	-8.44099
47	85	8.43864
15	39	8.43801
63	67	8.43771
77	99	-8.43756
21	67	8.43514
19	23	8.43066
3	43	-8.42954
17	55	-8.42931
33	65	-8.42766
27	45	-8.42318
3	47	-8.4142
7	15	8.41011
9	37	8.40811
29	39	-8.40784
35	89	8.40554
67	87	8.40453
59	99	8.40339
13	39	-8.3999
19	77	8.3963
61	81	8.39585
39	43	-8.39565
53	87	-8.39247
45	77	8.39201
83	89	-8.3897
37	63	8.3889
37	81	8.387
81	91	8.38632
23	95	-8.38402
13	91	8.38254
77	93	-8.3799
7	13	-8.37955
25	89	8.37464
59	87	8.37463
23	43	-8.3721
55	75	-8.37177
3	95	-8.37059
13	37	8.37051
19	69	-8.3646
61	71	-8.36442
33	85	8.36333
5	69	-8.36195
21	55	8.36017
67	81	8.35975
31	83	-8.35969
25	81	8.35521
29	33	8.35321
1	89	8.34701
5	21	-8.34604
31	53	-8.34543
1	93	8.33872
29	41	-8.33709
17	99	-8.33679
5	87	-8.33353
7	29	-8.33347
43	91	8.33047
49	79	-8.32943
3	29	-8.32662
51	77	-8.32234
31	45	-8.32165
11	55	-8.319
25	57	-8.31883
43	67	8.31506
37	73	-8.31447
37	89	8.31317
25	63	8.30855
55	71	-8.3082
25	99	8.30807
19	71	8.30598
47	71	-8.30011
21	37	8.29728
41	85	-8.29518
27	39	-8.28668
31	49	-8.28525
9	71	-8.28395
13	67	8.28083
45	97	8.28074
5	71	8.27888
77	79	-8.27549
21	61	8.27504
27	53	-8.27496
59	93	8.2741
41	89	-8.27027
37	95	8.26984
35	39	-8.26803
61	63	8.25873
67	85	8.25813
53	79	-8.25466
65	83	8.25429
71	95	-8.25139
3	13	-8.25135
23	61	-8.2479
23	47	-8.24764
85	91	8.24744
79	83	-8.24743
1	99	8.24684
9	67	8.24431
23	73	8.2434
53	89	-8.24248
13	33	8.24109
69	95	8.24083
39	65	8.23993
35	87	8.23984
57	59	-8.23919
61	69	8.23849
5	81	-8.23757
7	65	8.23724
7	35	-8.23357
33	87	8.23323
55	57	-8.22766
7	27	-8.2276
3	73	8.22627
27	83	-8.22399
43	71	-8.21978
15	45	8.21795
23	55	-8.21732
65	69	-8.21612
35	85	8.21462
49	93	-8.21139
67	73	-8.21121
73	91	-8.20932
33	43	8.20872
15	85	-8.20584
9	91	8.20298
53	65	8.20214
59	89	8.20121
49	65	8.19496
41	73	8.19411
51	97	-8.19342
29	53	-8.19001
59	79	8.18559
25	93	8.18509
5	23	8.1821
31	39	-8.18077
3	85	-8.1807
15	89	-8.17663
67	89	8.17377
13	23	-8.17363
85	97	-8.17129
55	69	8.16999
71	73	8.1699
1	31	8.16702
59	63	8.16513
15	51	-8.16469
87	91	8.16433
9	49	-8.16426
53	93	-8.16339
9	69	8.16234
27	49	-8.16222
3	19	8.16034
59	81	8.15923
19	75	8.15837
7	31	-8.15599
5	63	-8.15483
49	99	-8.15381
19	37	-8.15279
69	73	-8.15026
83	93	-8.1477
11	19	8.14767
41	43	-8.14728
47	81	8.14716
37	85	8.14663
9	83	-8.1453
21	47	8.14495
57	61	-8.14262
67	95	8.14179
29	83	-8.13888
91	95	8.13847
43	49	-8.13817
9	41	-8.13812
7	47	-8.13463
13	41	-8.133
35	45	-8.13052
43	83	-8.12879
45	47	-8.12636
57	77	8.12149
87	97	-8.12103
89	97	-8.1202
25	79	8.11862
33	73	-8.11852
9	33	8.11445
19	91	-8.11244
11	95	-8.10913
53	99	-8.10784
77	89	-8.10553
33	89	8.10384
33	79	8.10379
83	99	-8.10362
1	27	8.10318
75	95	-8.1015
17	31	-8.09937
49	95	-8.09928
5	57	8.09805
19	41	8.09471
77	85	-8.09455
73	75	8.09282
21	25	8.09268
35	51	8.09173
29	49	-8.09118
43	69	8.08944
1	65	-8.08711
51	55	8.08421
13	69	8.0837
41	95	-8.08175
13	71	-8.08146
83	95	-8.08145
17	27	-8.08117
39	47	-8.08052
11	73	8.07998
57	97	8.07912
17	19	8.07619
9	75	-8.07419
19	67	-8.07414
41	79	-8.07346
31	75	-8.07117
63	77	-8.07006
31	69	8.06876
67	79	8.06706
73	83	8.06629
47	57	-8.0655
53	73	8.06537
13	53	-8.06456
15	87	-8.06344
5	51	-8.06331
33	93	8.06215
33	95	8.06208
39	61	-8.06145
23	29	-8.06073
21	77	-8.06008
9	11	-8.05966
51	61	8.05872
1	29	8.05384
27	75	-8.05376
31	71	-8.05346
19	49	8.05201
17	29	-8.05201
19	33	-8.05176
23	65	8.05165
21	59	8.05128
47	63	8.0509
63	97	-8.05052
89	91	8.04946
17	95	-8.04926
79	91	8.04884
49	73	8.04837
81	97	-8.04718
7	61	-8.04704
11	31	-8.04699
11	27	-8.04608
7	55	-8.04578
13	83	-8.04552
1	9	8.04495
29	75	-8.04481
39	55	-8.04352
15	57	8.04278
19	83	8.04259
1	43	8.04211
11	29	-8.04202
43	53	-8.03993
65	71	8.03927
45	55	-8.0392
1	19	-8.03702
17	73	8.03692
29	71	-8.03683
23	31	-8.03511
41	99	-8.0334
13	49	-8.03299
37	99	8.0328
91	93	8.0323
15	21	-8.03221
11	13	-8.03125
43	75	-8.03054
67	99	8.03021
17	65	8.0294
21	35	8.02936
67	93	8.02919
41	93	-8.02876
59	85	8.02748
23	27	-8.0253
33	99	8.02524
5	39	8.02516
1	95	8.0251
27	71	-8.02375
37	79	8.02354
77	87	-8.02089
35	81	8.02036
9	17	-8.0201
91	99	8.01957
9	53	-8.01948
5	7	8.01928
3	79	-8.0191
3	93	-8.01869
29	69	8.01865
1	73	-8.01828
13	17	-8.01797
11	43	-8.01732
65	75	8.01716
13	75	-8.01654
77	81	-8.01355
19	53	8.01164
45	61	-8.01094
35	57	-8.01012
15	63	-8.00844
37	93	8.00676
1	13	8.00619
25	85	8.00526
3	99	-8.00495
11	65	8.00488
27	69	8.00444
47	51	8.00295
53	95	-8.00221
15	81	-8.00173
21	97	-8.00157
35	63	8.00107
5	45	8.00091
17	43	-8.00084
54	55	6
50	51	6
92	93	6
48	49	6
86	87	6
46	47	6
94	95	6
96	97	6
52	53	6
56	57	6
28	29	6
84	85	6
26	27	6
88	89	6
90	91	6
70	71	6
14	15	6
22	23	6
68	69	6
36	37	6
38	39	6
72	73	6
16	17	6
40	41	6
74	75	6
66	67	6
76	77	6
34	35	6
42	43	6
64	65	6
62	63	6
78	79	6
24	25	6
60	61	6
32	33	6
80	81	6
44	45	6
20	21	6
82	83	6
30	31	6
18	19	6
58	59	6
0	1	6
98	99	6
8	9	6
4	5	6
10	11	6
2	3	6
6	7	6
12	13	6
49	82	5.99519
48	83	5.99519
10	17	5.99015
11	16	5.99015
27	28	5.9895
26	29	5.9895
9	42	5.98813
8	43	5.98813
33	90	5.98783
32	91	5.98783
78	93	5.984
79	92	5.984
9	94	5.97735
8	95	5.97735
23	70	5.97718
22	71	5.97718
63	80	5.97659
62	81	5.97659
11	74	5.97644
10	75	5.97644
7	44	5.97538
6	45	5.97538
16	75	5.96929
17	74	5.96929
79	98	5.96301
78	99	5.96301
14	77	5.9625
15	76	5.9625
93	98	5.95816
92	99	5.95816
37	66	5.95816
36	67	5.95816
42	95	5.95759
43	94	5.95759
41	82	5.95666
40	83	5.95666
6	39	5.94384
7	38	5.94384
24	59	5.9396
25	58	5.9396
31	64	-5.93925
30	65	-5.93925
14	97	5.93738
15	96	5.93738
54	61	5.93235
55	60	5.93235
12	95	5.9316
13	94	5.9316
38	51	-5.92717
39	50	-5.92717
86	89	5.92672
87	88	5.92672
40	49	5.92387
41	48	5.92387
6	23	5.92209
7	22	5.92209
50	57	-5.92
51	56	-5.92
16	53	5.91997
17	52	5.91997
78	85	5.91741
79	84	5.91741
13	42	5.9155
12	43	5.9155
53	82	5.91326
52	83	5.91326
38	45	5.90796
39	44	5.90796
27	30	5.90717
26	31	5.90717
35	46	5.90503
34	47	5.90503
18	73	5.90393
19	72	5.90393
44	57	5.90129
45	56	5.90129
48	53	5.89727
49	52	5.89727
28	73	-5.89535
29	72	-5.89535
53	74	5.89003
52	75	5.89003
41	52	5.88976
40	53	5.88976
9	12	5.88762
8	13	5.88762
48	71	5.88738
49	70	5.88738
70	75	5.88563
71	74	5.88563
24	37	5.88512
25	36	5.88512
85	92	5.88167
84	93	5.88167
33	66	5.8809
32	67	5.8809
27	72	-5.8797
26	73	-5.8797
81	86	5.87518
80	87	5.87518
30	55	5.87442
31	54	5.87442
21	62	5.87405
20	63	5.87405
10	53	5.86324
11	52	5.86324
7	70	5.86212
6	71	5.86212
30	73	-5.86178
31	72	-5.86178
1	32	5.86147
0	33	5.86147
77	96	5.85615
76	97	5.85615
3	40	5.85346
2	41	5.85346
29	30	5.8532
28	31	5.8532
66	91	5.84977
67	90	5.84977
49	74	5.84886
48	75	5.84886
22	39	5.84436
23	38	5.84436
20	81	5.84302
21	80	5.84302
72	99	-5.84098
73	98	-5.84098
70	83	5.83872
71	82	5.83872
44	51	-5.83817
45	50	-5.83817
38	71	5.83794
39	70	5.83794
0	67	5.82915
1	66	5.82915
65	72	5.82803
64	73	5.82803
18	65	5.82803
19	64	5.82803
39	56	5.82646
38	57	5.82646
75	82	5.82211
74	83	5.82211
80	89	5.8217
81	88	5.8217
22	45	5.81952
23	44	5.81952
7	50	-5.81204
6	51	-5.81204
6	57	5.81022
7	56	5.81022
23	48	5.80873
22	49	5.80873
37	58	5.79506
36	59	5.79506
24	67	5.79473
25	66	5.79473
3	82	5.78968
2	83	5.78968
58	67	5.78149
59	66	5.78149
85	98	5.77768
84	99	5.77768
5	14	5.77632
4	15	5.77632
16	49	5.77622
17	48	5.77622
55	64	-5.77314
54	65	-5.77314
1	90	5.77314
0	91	5.77314
22	75	5.77273
23	74	5.77273
11	70	5.77119
10	71	5.77119
30	61	5.76984
31	60	5.76984
17	82	5.76578
16	83	5.76578
3	48	5.75825
2	49	5.75825
63	86	5.75479
62	87	5.75479
21	84	5.75051
20	85	5.75051
17	70	5.7505
16	71	5.7505
23	82	5.74816
22	83	5.74816
39	74	5.74677
38	75	5.74677
29	98	5.74406
28	99	5.74406
11	48	5.73751
10	49	5.73751
27	64	-5.73714
26	65	-5.73714
26	61	5.73021
27	60	5.73021
45	70	5.73021
44	71	5.73021
88	95	5.72633
89	94	5.72633
35	58	5.72606
34	59	5.72606
53	70	5.72484
52	71	5.72484
19	30	-5.72128
18	31	-5.72128
10	69	-5.71901
11	68	-5.71901
10	83	5.71552
11	82	5.71552
27	54	5.71551
26	55	5.71551
32	37	5.7142
33	36	5.7142
19	98	-5.71129
18	99	-5.71129
59	90	5.70801
58	91	5.70801
12	29	5.69818
13	28	5.69818
62	89	5.6923
63	88	5.6923
17	68	-5.69068
16	69	-5.69068
8	89	5.68607
9	88	5.68607
0	37	5.68471
1	36	5.68471
36	91	5.68237
37	90	5.68237
11	38	5.68121
10	39	5.68121
28	65	-5.67914
29	64	-5.67914
73	92	-5.67766
72	93	-5.67766
41	74	5.67438
40	75	5.67438
20	89	5.67129
21	88	5.67129
72	79	-5.66755
73	78	-5.66755
34	61	5.66121
35	60	5.66121
17	40	5.66009
16	41	5.66009
27	98	5.65566
26	99	5.65566
32	59	5.64993
33	58	5.64993
29	92	5.64706
28	93	5.64706
40	71	5.6452
41	70	5.6452
5	96	5.63966
4	97	5.63966
7	74	5.63887
6	75	5.63887
4	77	5.63849
5	76	5.63849
12	27	5.63276
13	26	5.63276
10	23	5.63226
11	22	5.63226
29	60	5.63214
28	61	5.63214
18	29	-5.6279
19	28	-5.6279
19	26	-5.61879
18	27	-5.61879
29	54	5.60997
28	55	5.60997
17	22	5.60058
16	23	5.60058
17	38	5.59498
16	39	5.59498
22	51	-5.59486
23	50	-5.59486
51	84	5.59262
50	85	5.59262
56	85	-5.58816
57	84	-5.58816
58	61	5.58429
59	60	5.58429
12	93	5.57875
13	92	5.57875
10	41	5.57777
11	40	5.57777
51	70	-5.57708
50	71	-5.57708
23	52	5.57477
22	53	5.57477
43	88	5.5683
42	89	5.5683
21	86	5.56819
20	87	5.56819
29	78	5.56754
28	79	5.56754
60	65	-5.56702
61	64	-5.56702
24	91	5.55941
25	90	5.55941
69	74	-5.55806
68	75	-5.55806
92	95	5.54588
93	94	5.54588
2	53	5.54426
3	52	5.54426
18	79	-5.54079
19	78	-5.54079
6	49	5.53927
7	48	5.53927
27	92	5.53557
26	93	5.53557
24	33	5.53407
25	32	5.53407
22	41	5.53046
23	40	5.53046
23	56	5.52593
22	57	5.52593
6	11	5.51877
7	10	5.51877
50	75	-5.51648
51	74	-5.51648
39	48	5.51243
38	49	5.51243
55	72	-5.51203
54	73	-5.51203
46	61	5.51172
47	60	5.51172
34	91	5.50561
35	90	5.50561
12	99	5.49109
13	98	5.49109
19	92	-5.48939
18	93	-5.48939
10	51	-5.48856
11	50	-5.48856
25	60	5.48241
24	61	5.48241
45	74	5.47812
44	75	5.47812
31	98	5.47737
30	99	5.47737
87	94	5.47708
86	95	5.47708
21	78	5.47414
20	79	5.47414
9	86	5.47146
8	87	5.47146
24	35	5.47056
25	34	5.47056
21	92	5.47023
20	93	5.47023
20	51	5.4648
21	50	5.4648
2	71	5.46164
3	70	5.46164
6	83	5.45575
7	82	5.45575
12	89	5.45556
13	88	5.45556
27	78	5.45426
26	79	5.45426
55	58	5.44797
54	59	5.44797
29	94	5.44782
28	95	5.44782
6	17	5.44583
7	16	5.44583
57	70	5.44094
56	71	5.44094
41	96	5.43834
40	97	5.43834
25	54	5.43395
24	55	5.43395
12	79	5.43324
13	78	5.43324
38	83	5.4326
39	82	5.4326
56	79	-5.43165
57	78	-5.43165
52	69	-5.42174
53	68	-5.42174
84	89	5.41616
85	88	5.41616
2	23	5.41357
3	22	5.41357
64	99	-5.41262
65	98	-5.41262
61	72	-5.40707
60	73	-5.40707
78	95	5.40018
79	94	5.40018
88	93	5.3948
89	92	5.3948
41	76	5.3903
40	77	5.3903
38	53	5.38576
39	52	5.38576
46	59	5.38443
47	58	5.38443
13	72	-5.38396
12	73	-5.38396
35	54	5.38159
34	55	5.38159
94	99	5.38087
95	98	5.38087
33	34	5.37345
32	35	5.37345
53	76	5.37199
52	77	5.37199
17	50	-5.37072
16	51	-5.37072
8	93	5.36687
9	92	5.36687
63	84	5.36664
62	85	5.36664
28	43	5.36622
29	42	5.36622
81	84	5.36279
80	85	5.36279
11	44	5.36259
10	45	5.36259
26	95	5.3561
27	94	5.3561
45	48	5.345
44	49	5.345
0	59	5.33639
1	58	5.33639
42	87	5.33535
43	86	5.33535
0	25	5.33006
1	24	5.33006
72	85	-5.33004
73	84	-5.33004
18	55	-5.32904
19	54	-5.32904
13	46	5.32848
12	47	5.32848
42	93	5.32764
43	92	5.32764
3	74	5.32525
2	75	5.32525
51	78	5.32399
50	79	5.32399
8	29	5.31362
9	28	5.31362
7	52	5.31116
6	53	5.31116
2	97	5.31033
3	96	5.31033
84	95	5.30284
85	94	5.30284
14	41	5.29908
15	40	5.29908
34	67	5.29506
35	66	5.29506
26	43	5.29356
27	42	5.29356
43	46	5.29173
42	47	5.29173
78	89	5.28871
79	88	5.28871
31	92	5.28248
30	93	5.28248
57	92	-5.28187
56	93	-5.28187
62	69	5.27861
63	68	5.27861
17	44	5.27494
16	45	5.27494
57	98	-5.27398
56	99	-5.27398
13	30	5.2702
12	31	5.2702
39	84	-5.25928
38	85	-5.25928
57	74	5.2554
56	75	5.2554
44	83	5.25388
45	82	5.25388
13	60	5.25371
12	61	5.25371
2	17	5.25075
3	16	5.25075
39	68	-5.24639
38	69	-5.24639
20	99	5.24572
21	98	5.24572
21	56	-5.2455
20	57	-5.2455
52	97	5.23717
53	96	5.23717
31	78	5.23427
30	79	5.23427
8	27	5.23064
9	26	5.23064
19	84	-5.22964
18	85	-5.22964
12	85	5.22715
13	84	5.22715
81	94	5.22715
80	95	5.22715
34	37	5.22705
35	36	5.22705
29	84	5.22028
28	85	5.22028
44	85	-5.21983
45	84	-5.21983
26	47	5.21979
27	46	5.21979
9	78	5.2135
8	79	5.2135
51	68	5.21144
50	69	5.21144
21	68	5.20351
20	69	5.20351
15	52	5.19704
14	53	5.19704
8	99	5.19543
9	98	5.19543
21	94	5.19077
20	95	5.19077
50	93	5.18966
51	92	5.18966
21	38	-5.18939
20	39	-5.18939
46	55	5.18912
47	54	5.18912
10	57	5.18877
11	56	5.18877
46	91	5.18837
47	90	5.18837
7	40	5.1841
6	41	5.1841
65	92	-5.18097
64	93	-5.18097
43	98	5.18086
42	99	5.18086
2	11	5.17641
3	10	5.17641
26	35	5.17299
27	34	5.17299
64	79	-5.17276
65	78	-5.17276
48	51	-5.17276
49	50	-5.17276
77	82	5.17234
76	83	5.17234
42	79	5.17114
43	78	5.17114
83	96	5.17063
82	97	5.17063
28	47	5.16721
29	46	5.16721
39	40	5.16177
38	41	5.16177
69	70	-5.1605
68	71	-5.1605
80	93	5.15631
81	92	5.15631
13	86	5.15609
12	87	5.15609
8	81	5.15608
9	80	5.15608
9	46	5.14524
8	47	5.14524
72	95	-5.14509
73	94	-5.14509
89	98	5.14397
88	99	5.14397
85	86	5.13732
84	87	5.13732
19	60	-5.13524
18	61	-5.13524
9	84	5.12376
8	85	5.12376
49	68	-5.11694
48	69	-5.11694
44	53	5.10944
45	52	5.10944
50	99	5.10914
51	98	5.10914
78	81	5.10743
79	80	5.10743
69	82	-5.10641
68	83	-5.10641
16	77	5.10345
17	76	5.10345
62	93	5.09869
63	92	5.09869
24	47	5.09758
25	46	5.09758
31	34	5.09707
30	35	5.09707
7	84	-5.09359
6	85	-5.09359
49	76	5.08906
48	77	5.08906
27	84	5.08796
26	85	5.08796
51	62	5.08701
50	63	5.08701
50	83	-5.08661
51	82	-5.08661
28	35	5.08167
29	34	5.08167
3	76	5.08109
2	77	5.08109
50	53	-5.08004
51	52	-5.08004
49	96	5.07714
48	97	5.07714
63	78	5.07539
62	79	5.07539
69	80	5.07507
68	81	5.07507
13	54	5.075
12	55	5.075
46	95	5.07459
47	94	5.07459
2	15	5.07342
3	14	5.07342
17	56	5.07161
16	57	5.07161
86	93	5.06791
87	92	5.06791
8	21	5.05797
9	20	5.05797
63	94	5.04933
62	95	5.04933
12	35	5.04826
13	34	5.04826
14	83	5.04808
15	82	5.04808
37	60	5.04386
36	61	5.04386
42	85	5.04314
43	84	5.04314
3	6	5.04185
2	7	5.04185
32	47	5.04144
33	46	5.04144
30	47	5.03124
31	46	5.03124
55	98	5.02446
54	99	5.02446
44	79	-5.02308
45	78	-5.02308
18	57	5.01187
19	56	5.01187
43	72	-5.01066
42	73	-5.01066
41	68	-5.01017
40	69	-5.01017
43	80	5.0079
42	81	5.0079
12	19	-5.0002
13	18	-5.0002
23	68	-4.99528
22	69	-4.99528
12	65	-4.99229
13	64	-4.99229
30	59	4.9917
31	58	4.9917
43	60	4.99028
42	61	4.99028
48	57	4.98863
49	56	4.98863
9	72	-4.97892
8	73	-4.97892
51	80	4.97724
50	81	4.97724
31	94	4.9768
30	95	4.9768
7	68	-4.97568
6	69	-4.97568
61	98	4.97476
60	99	4.97476
37	54	4.97244
36	55	4.97244
41	44	4.97194
40	45	4.97194
38	79	-4.96996
39	78	-4.96996
11	76	4.96984
10	77	4.96984
78	87	4.96853
79	86	4.96853
21	44	-4.96619
20	45	-4.96619
8	63	4.96486
9	62	4.96486
10	21	-4.96412
11	20	-4.96412
61	66	4.9622
60	67	4.9622
15	48	4.95895
14	49	4.95895
13	20	4.9557
12	21	4.9557
25	30	4.95143
24	31	4.95143
34	43	4.94746
35	42	4.94746
60	91	4.94576
61	90	4.94576
28	89	4.94388
29	88	4.94388
74	77	4.94382
75	76	4.94382
7	20	-4.93526
6	21	-4.93526
60	95	4.93306
61	94	4.93306
2	39	4.92934
3	38	4.92934
21	42	4.92683
20	43	4.92683
46	67	4.92353
47	66	4.92353
12	81	4.92207
13	80	4.92207
81	98	4.91758
80	99	4.91758
37	48	-4.91258
36	49	-4.91258
10	33	-4.91236
11	32	-4.91236
31	42	4.91147
30	43	4.91147
17	32	-4.91031
16	33	-4.91031
36	83	-4.90413
37	82	-4.90413
1	74	-4.90294
0	75	-4.90294
66	75	-4.9021
67	74	-4.9021
0	11	-4.89959
1	10	-4.89959
56	83	4.89624
57	82	4.89624
17	90	-4.89538
16	91	-4.89538
1	38	-4.89223
0	39	-4.89223
49	66	-4.89137
48	67	-4.89137
15	16	4.89117
14	17	4.89117
9	60	4.89031
8	61	4.89031
16	97	4.88963
17	96	4.88963
1	34	4.88945
0	35	4.88945
10	91	-4.888
11	90	-4.888
24	41	-4.88727
25	40	-4.88727
27	58	4.88601
26	59	4.88601
67	82	-4.88186
66	83	-4.88186
66	71	-4.87951
67	70	-4.87951
33	74	-4.87936
32	75	-4.87936
53	66	-4.87784
52	67	-4.87784
36	71	-4.8778
37	70	-4.8778
21	74	-4.87737
20	75	-4.87737
45	68	-4.87587
44	69	-4.87587
57	68	-4.87408
56	69	-4.87408
45	92	-4.87323
44	93	-4.87323
16	67	-4.87238
17	66	-4.87238
62	99	4.87211
63	98	4.87211
24	83	-4.87065
25	82	-4.87065
0	17	-4.87057
1	16	-4.87057
39	62	-4.86761
38	63	-4.86761
56	73	4.86648
57	72	4.86648
11	66	-4.86638
10	67	-4.86638
40	59	-4.86066
41	58	-4.86066
44	99	-4.86034
45	98	-4.86034
7	78	-4.85867
6	79	-4.85867
37	46	4.85845
36	47	4.85845
10	63	-4.85689
11	62	-4.85689
24	49	-4.85572
25	48	-4.85572
52	59	-4.85519
53	58	-4.85519
37	40	-4.85466
36	41	-4.85466
8	31	4.85385
9	30	4.85385
31	84	4.85343
30	85	4.85343
0	71	-4.85182
1	70	-4.85182
3	24	-4.84837
2	25	-4.84837
34	65	-4.84778
35	64	-4.84778
54	93	4.8475
55	92	4.8475
74	91	-4.84708
75	90	-4.84708
22	37	-4.84677
23	36	-4.84677
2	45	4.84662
3	44	4.84662
55	66	4.84353
54	67	4.84353
16	21	-4.84089
17	20	-4.84089
27	88	4.83927
26	89	4.83927
60	93	4.8367
61	92	4.8367
32	53	-4.83434
33	52	-4.83434
38	93	-4.83168
39	92	-4.83168
32	61	4.8314
33	60	4.8314
53	90	-4.83132
52	91	-4.83132
37	74	-4.83018
36	75	-4.83018
37	52	-4.82895
36	53	-4.82895
59	82	-4.82867
58	83	-4.82867
1	50	4.8286
0	51	4.8286
23	66	-4.82727
22	67	-4.82727
32	69	4.8269
33	68	4.8269
87	98	4.82677
86	99	4.82677
68	91	4.82635
69	90	4.82635
41	66	-4.82435
40	67	-4.82435
60	97	-4.82411
61	96	-4.82411
52	57	4.82197
53	56	4.82197
24	65	-4.82011
25	64	-4.82011
42	63	4.81943
43	62	4.81943
56	63	-4.81898
57	62	-4.81898
59	64	-4.81442
58	65	-4.81442
65	84	-4.81437
64	85	-4.81437
1	6	-4.81262
0	7	-4.81262
41	50	-4.812
40	51	-4.812
0	23	-4.80886
1	22	-4.80886
25	52	-4.80721
24	53	-4.80721
49	58	-4.80633
48	59	-4.80633
8	35	4.80582
9	34	4.80582
35	76	-4.80025
34	77	-4.80025
50	89	4.79795
51	88	4.79795
46	73	-4.79662
47	72	-4.79662
2	37	-4.79261
3	36	-4.79261
69	76	-4.79118
68	77	-4.79118
42	55	4.78941
43	54	4.78941
54	95	4.78521
55	94	4.78521
75	96	4.78445
74	97	4.78445
18	95	-4.783
19	94	-4.783
24	27	4.78171
25	26	4.78171
73	88	-4.78139
72	89	-4.78139
14	61	-4.7801
15	60	-4.7801
0	53	-4.77878
1	52	-4.77878
55	78	4.77647
54	79	4.77647
16	37	-4.77484
17	36	-4.77484
54	97	-4.7682
55	96	-4.7682
22	85	-4.76647
23	84	-4.76647
46	65	-4.76632
47	64	-4.76632
20	71	-4.76562
21	70	-4.76562
38	99	-4.76444
39	98	-4.76444
11	36	-4.76231
10	37	-4.76231
29	58	4.76179
28	59	4.76179
17	62	-4.75974
16	63	-4.75974
10	15	4.75966
11	14	4.75966
20	73	-4.75953
21	72	-4.75953
13	62	4.75944
12	63	4.75944
11	96	4.75906
10	97	4.75906
35	94	4.75885
34	95	4.75885
1	44	-4.75748
0	45	-4.75748
55	90	4.75626
54	91	4.75626
1	48	-4.75588
0	49	-4.75588
39	80	-4.75415
38	81	-4.75415
14	75	4.75252
15	74	4.75252
61	76	-4.75218
60	77	-4.75218
16	59	-4.74967
17	58	-4.74967
62	75	-4.74427
63	74	-4.74427
56	81	-4.74122
57	80	-4.74122
39	66	-4.74113
38	67	-4.74113
35	72	-4.74101
34	73	-4.74101
20	23	-4.74019
21	22	-4.74019
61	78	4.73968
60	79	4.73968
64	95	-4.73397
65	94	-4.73397
18	51	-4.73306
19	50	-4.73306
0	83	-4.73277
1	82	-4.73277
46	77	-4.73206
47	76	-4.73206
32	71	-4.73205
33	70	-4.73205
68	85	4.73201
69	84	4.73201
5	28	-4.7256
4	29	-4.7256
71	84	-4.72491
70	85	-4.72491
32	49	-4.72439
33	48	-4.72439
59	74	-4.7236
58	75	-4.7236
14	35	-4.72177
15	34	-4.72177
2	59	-4.72169
3	58	-4.72169
4	13	-4.72139
5	12	-4.72139
1	68	4.72106
0	69	4.72106
8	55	4.72027
9	54	4.72027
6	93	-4.71836
7	92	-4.71836
32	83	-4.71745
33	82	-4.71745
11	84	-4.7174
10	85	-4.7174
6	67	-4.71687
7	66	-4.71687
21	28	4.71655
20	29	4.71655
5	26	-4.70992
4	27	-4.70992
24	71	-4.70744
25	70	-4.70744
26	97	-4.70699
27	96	-4.70699
6	37	-4.70592
7	36	-4.70592
30	97	-4.70428
31	96	-4.70428
24	75	-4.70078
25	74	-4.70078
71	76	4.70035
70	77	4.70035
11	58	-4.69932
10	59	-4.69932
49	90	-4.69915
48	91	-4.69915
82	91	-4.69771
83	90	-4.69771
74	85	-4.69567
75	84	-4.69567
1	56	-4.69211
0	57	-4.69211
11	80	-4.68933
10	81	-4.68933
15	26	-4.68894
14	27	-4.68894
4	41	4.68791
5	40	4.68791
33	38	-4.68559
32	39	-4.68559
7	98	-4.68503
6	99	-4.68503
37	38	-4.68263
36	39	-4.68263
16	25	-4.68206
17	24	-4.68206
56	89	-4.68067
57	88	-4.68067
29	86	4.68006
28	87	4.68006
71	90	-4.68001
70	91	-4.68001
3	66	-4.67731
2	67	-4.67731
58	97	-4.67182
59	96	-4.67182
58	77	-4.66953
59	76	-4.66953
19	44	4.66804
18	45	4.66804
19	20	-4.66696
18	21	-4.66696
33	54	4.66244
32	55	4.66244
33	40	-4.66211
32	41	-4.66211
29	96	-4.66016
28	97	-4.66016
14	29	-4.65688
15	28	-4.65688
24	29	4.65628
25	28	4.65628
14	55	-4.65623
15	54	-4.65623
41	90	-4.65606
40	91	-4.65606
18	43	-4.65461
19	42	-4.65461
51	86	4.65426
50	87	4.65426
22	25	-4.65206
23	24	-4.65206
23	32	-4.65027
22	33	-4.65027
14	47	-4.64849
15	46	-4.64849
43	64	-4.64653
42	65	-4.64653
51	72	-4.64613
50	73	-4.64613
0	41	-4.64537
1	40	-4.64537
34	53	-4.64347
35	52	-4.64347
59	70	-4.64304
58	71	-4.64304
11	24	-4.64037
10	25	-4.64037
70	97	4.63678
71	96	4.63678
68	87	4.63504
69	86	4.63504
14	59	-4.63148
15	58	-4.63148
35	96	-4.63076
34	97	-4.63076
9	18	-4.6293
8	19	-4.6293
2	69	-4.62717
3	68	-4.62717
41	56	4.62443
40	57	4.62443
6	63	-4.62413
7	62	-4.62413
45	66	-4.61575
44	67	-4.61575
44	63	-4.61221
45	62	-4.61221
24	97	-4.61192
25	96	-4.61192
39	90	-4.60958
38	91	-4.60958
15	30	-4.60893
14	31	-4.60893
26	87	4.60848
27	86	4.60848
9	64	-4.60837
8	65	-4.60837
4	61	-4.60111
5	60	-4.60111
37	44	-4.60036
36	45	-4.60036
75	80	-4.59993
74	81	-4.59993
55	76	-4.59924
54	77	-4.59924
5	94	-4.59868
4	95	-4.59868
21	26	4.59822
20	27	4.59822
17	80	-4.59749
16	81	-4.59749
40	61	-4.59626
41	60	-4.59626
29	56	-4.5954
28	57	-4.5954
3	54	-4.59474
2	55	-4.59474
3	50	-4.59385
2	51	-4.59385
16	85	-4.59263
17	84	-4.59263
27	76	-4.59248
26	77	-4.59248
23	90	-4.59188
22	91	-4.59188
66	69	4.59066
67	68	4.59066
30	89	4.58919
31	88	4.58919
29	80	4.58916
28	81	4.58916
6	33	-4.58822
7	32	-4.58822
76	91	-4.58694
77	90	-4.58694
62	71	-4.58628
63	70	-4.58628
2	5	4.58356
3	4	4.58356
32	51	4.58173
33	50	4.58173
51	66	4.57774
50	67	4.57774
72	81	-4.57739
73	80	-4.57739
46	99	4.57679
47	98	4.57679
1	4	-4.57494
0	5	-4.57494
1	46	4.57451
0	47	4.57451
64	97	4.57329
65	96	4.57329
5	52	4.57289
4	53	4.57289
2	87	-4.57271
3	86	-4.57271
4	35	-4.56967
5	34	-4.56967
4	43	-4.56923
5	42	-4.56923
35	40	-4.5681
34	41	-4.5681
38	89	-4.56594
39	88	-4.56594
14	69	-4.56507
15	68	-4.56507
5	46	-4.56434
4	47	-4.56434
40	55	-4.56342
41	54	-4.56342
22	59	-4.56117
23	58	-4.56117
5	92	-4.56111
4	93	-4.56111
17	34	-4.56071
16	35	-4.56071
22	77	4.56004
23	76	4.56004
5	72	4.55932
4	73	4.55932
57	94	-4.55837
56	95	-4.55837
32	77	-4.55798
33	76	-4.55798
72	87	-4.5575
73	86	-4.5575
14	71	4.55645
15	70	4.55645
5	98	-4.55574
4	99	-4.55574
29	76	-4.55446
28	77	-4.55446
19	46	-4.5512
18	47	-4.5512
7	80	-4.54999
6	81	-4.54999
69	88	4.54953
68	89	4.54953
13	58	4.54732
12	59	4.54732
46	93	4.5456
47	92	4.5456
45	80	-4.54378
44	81	-4.54378
2	61	-4.54232
3	60	-4.54232
12	15	-4.54221
13	14	-4.54221
73	96	4.5418
72	97	4.5418
19	88	-4.53923
18	89	-4.53923
23	62	-4.5384
22	63	-4.5384
4	9	-4.53718
5	8	-4.53718
5	30	-4.53674
4	31	-4.53674
63	72	-4.52783
62	73	-4.52783
67	96	-4.52692
66	97	-4.52692
59	72	-4.52603
58	73	-4.52603
15	90	-4.52478
14	91	-4.52478
25	76	-4.52416
24	77	-4.52416
50	95	4.52297
51	94	4.52297
22	79	-4.52247
23	78	-4.52247
7	90	-4.51522
6	91	-4.51522
23	96	4.514
22	97	4.514
14	25	-4.51249
15	24	-4.51249
36	97	-4.5124
37	96	-4.5124
5	32	-4.51214
4	33	-4.51214
31	76	-4.51203
30	77	-4.51203
20	53	-4.5116
21	52	-4.5116
14	33	-4.51094
15	32	-4.51094
1	20	4.508
0	21	4.508
31	36	4.50624
30	37	4.50624
27	80	4.5053
26	81	4.5053
46	97	-4.50516
47	96	-4.50516
19	34	-4.5049
18	35	-4.5049
32	45	-4.50398
33	44	-4.50398
71	80	-4.50146
70	81	-4.50146
44	73	4.50099
45	72	4.50099
56	87	-4.49978
57	86	-4.49978
34	83	-4.49945
35	82	-4.49945
26	57	-4.49869
27	56	-4.49869
66	77	-4.49807
67	76	-4.49807
5	90	-4.49802
4	91	-4.49802
50	91	4.49788
51	90	4.49788
10	35	-4.49717
11	34	-4.49717
45	88	-4.49628
44	89	-4.49628
64	89	-4.49583
65	88	-4.49583
68	97	-4.49574
69	96	-4.49574
37	50	4.49493
36	51	4.49493
13	56	-4.49442
12	57	-4.49442
20	49	-4.49382
21	48	-4.49382
5	78	-4.49361
4	79	-4.49361
38	87	-4.49361
39	86	-4.49361
12	77	-4.49337
13	76	-4.49337
29	62	4.49336
28	63	4.49336
0	97	-4.48995
1	96	-4.48995
1	14	-4.48815
0	15	-4.48815
53	60	-4.48724
52	61	-4.48724
31	86	4.48715
30	87	4.48715
19	80	-4.4854
18	81	-4.4854
19	62	-4.48407
18	63	-4.48407
6	19	4.48314
7	18	4.48314
15	72	4.48221
14	73	4.48221
15	66	-4.48158
14	67	-4.48158
18	39	4.47855
19	38	4.47855
23	80	-4.47784
22	81	-4.47784
57	64	4.47765
56	65	4.47765
2	57	4.4768
3	56	4.4768
52	63	-4.47569
53	62	-4.47569
25	72	-4.47407
24	73	-4.47407
0	77	-4.47312
1	76	-4.47312
91	96	-4.47266
90	97	-4.47266
5	54	-4.47143
4	55	-4.47143
33	96	-4.47012
32	97	-4.47012
6	89	-4.46813
7	88	-4.46813
64	87	-4.46677
65	86	-4.46677
34	49	-4.46676
35	48	-4.46676
4	83	4.46547
5	82	4.46547
8	57	-4.46388
9	56	-4.46388
58	69	4.4637
59	68	4.4637
70	79	-4.46235
71	78	-4.46235
34	75	-4.46201
35	74	-4.46201
43	58	4.46165
42	59	4.46165
60	83	-4.45745
61	82	-4.45745
65	80	-4.4554
64	81	-4.4554
1	60	4.45505
0	61	4.45505
6	25	-4.45483
7	24	-4.45483
55	86	4.45268
54	87	4.45268
1	2	-4.45262
0	3	-4.45262
56	67	-4.44753
57	66	-4.44753
34	69	4.44687
35	68	4.44687
15	64	4.44427
14	65	4.44427
49	62	-4.44382
48	63	-4.44382
21	82	-4.44348
20	83	-4.44348
54	85	4.44113
55	84	4.44113
28	51	4.44107
29	50	4.44107
55	88	4.43991
54	89	4.43991
2	81	-4.43924
3	80	-4.43924
35	98	4.43874
34	99	4.43874
37	68	4.43477
36	69	4.43477
14	23	4.43385
15	22	4.43385
25	38	-4.43347
24	39	-4.43347
61	88	4.43212
60	89	4.43212
46	79	4.43173
47	78	4.43173
5	58	-4.42912
4	59	-4.42912
47	52	-4.42853
46	53	-4.42853
45	90	-4.4285
44	91	-4.4285
12	97	-4.4283
13	96	-4.4283
12	25	4.42779
13	24	4.42779
37	76	-4.42714
36	77	-4.42714
0	63	4.42424
1	62	4.42424
14	37	-4.42381
15	36	-4.42381
63	64	-4.42308
62	65	-4.42308
3	32	-4.42205
2	33	-4.42205
54	83	-4.42139
55	82	-4.42139
21	64	-4.41946
20	65	-4.41946
9	50	4.41877
8	51	4.41877
2	63	-4.41849
3	62	-4.41849
20	31	4.41622
21	30	4.41622
12	51	4.41553
13	50	4.41553
62	83	-4.41509
63	82	-4.41509
43	56	-4.41479
42	57	-4.41479
30	81	4.41437
31	80	4.41437
23	86	-4.41387
22	87	-4.41387
27	62	4.41357
26	63	4.41357
6	87	-4.41306
7	86	-4.41306
1	84	4.41267
0	85	4.41267
60	85	4.41224
61	84	4.41224
23	92	-4.41158
22	93	-4.41158
4	67	-4.4099
5	66	-4.4099
68	79	4.40942
69	78	4.40942
46	89	4.40909
47	88	4.40909
31	56	-4.40903
30	57	-4.40903
3	90	-4.40852
2	91	-4.40852
48	61	-4.40843
49	60	-4.40843
32	57	-4.40773
33	56	-4.40773
31	66	4.40659
30	67	4.40659
10	79	-4.40599
11	78	-4.40599
37	64	-4.40377
36	65	-4.40377
74	79	-4.40037
75	78	-4.40037
45	86	-4.40014
44	87	-4.40014
37	56	-4.39804
36	57	-4.39804
53	54	-4.39743
52	55	-4.39743
5	48	4.39725
4	49	4.39725
14	43	-4.39433
15	42	-4.39433
38	59	-4.39405
39	58	-4.39405
25	42	4.38942
24	43	4.38942
18	87	-4.38816
19	86	-4.38816
22	89	-4.38692
23	88	-4.38692
70	87	-4.38553
71	86	-4.38553
18	97	4.38459
19	96	4.38459
34	93	4.3801
35	92	4.3801
43	76	-4.37945
42	77	-4.37945
30	91	4.37892
31	90	4.37892
7	58	-4.37798
6	59	-4.37798
27	36	4.37748
26	37	4.37748
9	58	4.3765
8	59	4.3765
49	80	-4.37515
48	81	-4.37515
2	89	-4.37446
3	88	-4.37446
49	54	-4.37388
48	55	-4.37388
38	73	4.37319
39	72	4.37319
11	86	-4.37167
10	87	-4.37167
15	94	-4.3699
14	95	-4.3699
60	87	4.36936
61	86	4.36936
4	65	4.36822
5	64	4.36822
22	99	-4.36776
23	98	-4.36776
3	34	-4.36721
2	35	-4.36721
44	95	-4.36694
45	94	-4.36694
49	84	-4.36314
48	85	-4.36314
73	76	4.36193
72	77	4.36193
17	46	-4.35952
16	47	-4.35952
70	93	-4.35797
71	92	-4.35797
52	81	-4.3568
53	80	-4.3568
40	47	-4.3547
41	46	-4.3547
24	69	4.35293
25	68	4.35293
30	63	4.35244
31	62	4.35244
5	84	-4.35171
4	85	-4.35171
1	54	4.35146
0	55	4.35146
5	18	4.34966
4	19	4.34966
64	77	4.34952
65	76	4.34952
0	81	4.34913
1	80	4.34913
42	51	4.34892
43	50	4.34892
81	82	-4.3485
80	83	-4.3485
3	30	-4.34822
2	31	-4.34822
26	51	4.34819
27	50	4.34819
25	86	4.3476
24	87	4.3476
68	93	4.34738
69	92	4.34738
18	59	-4.34675
19	58	-4.34675
71	88	-4.34624
70	89	-4.34624
9	44	-4.34504
8	45	-4.34504
75	86	-4.34429
74	87	-4.34429
7	72	4.34318
6	73	4.34318
39	76	4.34112
38	77	4.34112
4	17	4.3401
5	16	4.3401
8	15	-4.33927
9	14	-4.33927
25	44	-4.3392
24	45	-4.3392
9	24	4.33889
8	25	4.33889
96	99	-4.33848
97	98	-4.33848
21	32	4.33808
20	33	4.33808
58	95	4.33621
59	94	4.33621
11	88	-4.33548
10	89	-4.33548
14	99	-4.33354
15	98	-4.33354
33	62	4.32931
32	63	4.32931
27	90	4.3293
26	91	4.3293
57	90	-4.32737
56	91	-4.32737
19	24	-4.3267
18	25	-4.3267
77	94	-4.32622
76	95	-4.32622
48	87	-4.32566
49	86	-4.32566
46	69	4.32491
47	68	4.32491
2	65	4.3229
3	64	4.3229
10	93	-4.32227
11	92	-4.32227
52	85	-4.32081
53	84	-4.32081
41	62	-4.32029
40	63	-4.32029
4	37	-4.31634
5	36	-4.31634
8	77	-4.31614
9	76	-4.31614
5	88	-4.31401
4	89	-4.31401
7	76	4.31383
6	77	4.31383
36	87	4.31373
37	86	4.31373
4	25	-4.31346
5	24	-4.31346
27	66	4.31311
26	67	4.31311
30	41	-4.3116
31	40	-4.3116
74	93	-4.31113
75	92	-4.31113
16	87	-4.30866
17	86	-4.30866
17	78	-4.30826
16	79	-4.30826
71	98	-4.30746
70	99	-4.30746
83	86	-4.3066
82	87	-4.3066
42	45	-4.30656
43	44	-4.30656
75	88	-4.30517
74	89	-4.30517
17	60	-4.30498
16	61	-4.30498
54	81	4.30363
55	80	4.30363
83	84	-4.30362
82	85	-4.30362
38	95	-4.30306
39	94	-4.30306
35	70	-4.30292
34	71	-4.30292
11	46	-4.30209
10	47	-4.30209
65	66	-4.30102
64	67	-4.30102
14	19	4.29837
15	18	4.29837
30	33	4.29673
31	32	4.29673
7	94	-4.2933
6	95	-4.2933
15	92	-4.29298
14	93	-4.29298
47	82	-4.29197
46	83	-4.29197
21	40	-4.28968
20	41	-4.28968
35	78	4.28791
34	79	4.28791
25	94	4.28753
24	95	4.28753
6	9	-4.28531
7	8	-4.28531
29	36	4.28511
28	37	4.28511
50	65	-4.28382
51	64	-4.28382
63	90	4.28184
62	91	4.28184
64	91	-4.28033
65	90	-4.28033
28	45	-4.2797
29	44	-4.2797
3	20	-4.27673
2	21	-4.27673
20	91	4.27578
21	90	4.27578
13	44	-4.27469
12	45	-4.27469
93	96	-4.26921
92	97	-4.26921
40	81	-4.26813
41	80	-4.26813
43	96	-4.2674
42	97	-4.2674
44	59	-4.26708
45	58	-4.26708
46	49	-4.26568
47	48	-4.26568
46	75	-4.2619
47	74	-4.2619
94	97	-4.26166
95	96	-4.26166
17	88	-4.26084
16	89	-4.26084
40	87	-4.26062
41	86	-4.26062
60	75	-4.25431
61	74	-4.25431
5	10	4.25313
4	11	4.25313
39	96	4.25198
38	97	4.25198
28	91	4.25195
29	90	4.25195
8	39	-4.25157
9	38	-4.25157
6	97	4.25022
7	96	4.25022
47	86	4.24976
46	87	4.24976
69	98	4.24851
68	99	4.24851
24	51	4.24673
25	50	4.24673
30	51	4.24609
31	50	4.24609
7	42	-4.24455
6	43	-4.24455
26	33	4.24412
27	32	4.24412
75	98	-4.24295
74	99	-4.24295
5	74	4.24243
4	75	4.24243
11	98	-4.24221
10	99	-4.24221
2	9	-4.242
3	8	-4.242
40	65	4.24054
41	64	4.24054
11	60	-4.23931
10	61	-4.23931
32	81	4.23921
33	80	4.23921
55	62	4.23879
54	63	4.23879
14	79	-4.23595
15	78	-4.23595
17	92	-4.23533
16	93	-4.23533
28	67	4.23071
29	66	4.23071
23	34	-4.2305
22	35	-4.2305
36	43	4.23039
37	42	4.23039
0	87	4.22908
1	86	4.22908
27	40	-4.22812
26	41	-4.22812
79	96	-4.22639
78	97	-4.22639
0	79	4.22623
1	78	4.22623
8	97	-4.22535
9	96	-4.22535
50	59	4.22444
51	58	4.22444
44	65	4.22161
45	64	4.22161
8	23	-4.22104
9	22	-4.22104
49	88	-4.22079
48	89	-4.22079
3	26	-4.2205
2	27	-4.2205
46	85	4.21932
47	84	4.21932
14	39	4.21901
15	38	4.21901
62	67	4.21885
63	66	4.21885
77	98	-4.21878
76	99	-4.21878
20	67	4.21757
21	66	4.21757
18	23	4.21533
19	22	4.21533
2	43	-4.21477
3	42	-4.21477
16	55	-4.21465
17	54	-4.21465
32	65	-4.21383
33	64	-4.21383
27	44	-4.21159
26	45	-4.21159
2	47	-4.2071
3	46	-4.2071
6	15	4.20505
7	14	4.20505
9	36	4.20406
8	37	4.20406
29	38	-4.20392
28	39	-4.20392
34	89	4.20277
35	88	4.20277
67	86	4.20226
66	87	4.20226
59	98	4.20169
58	99	4.20169
12	39	-4.19995
13	38	-4.19995
19	76	4.19815
18	77	4.19815
60	81	4.19793
61	80	4.19793
38	43	-4.19783
39	42	-4.19783
53	86	-4.19624
52	87	-4.19624
45	76	4.19601
44	77	4.19601
82	89	-4.19485
83	88	-4.19485
37	62	4.19445
36	63	4.19445
36	81	4.1935
37	80	4.1935
81	90	4.19316
80	91	4.19316
22	95	-4.19201
23	94	-4.19201
12	91	4.19127
13	90	4.19127
77	92	-4.18995
76	93	-4.18995
7	12	-4.18977
6	13	-4.18977
24	89	4.18732
25	88	4.18732
59	86	4.18731
58	87	4.18731
22	43	-4.18605
23	42	-4.18605
54	75	-4.18588
55	74	-4.18588
2	95	-4.1853
3	94	-4.1853
13	36	4.18525
12	37	4.18525
18	69	-4.1823
19	68	-4.1823
61	70	-4.18221
60	71	-4.18221
33	84	4.18166
32	85	4.18166
5	68	-4.18097
4	69	-4.18097
21	54	4.18009
20	55	4.18009
66	81	4.17988
67	80	4.17988
31	82	-4.17984
30	83	-4.17984
25	80	4.1776
24	81	4.1776
28	33	4.17661
29	32	4.17661
0	89	4.1735
1	88	4.1735
4	21	-4.17302
5	20	-4.17302
31	52	-4.17272
30	53	-4.17272
0	93	4.16936
1	92	4.16936
28	41	-4.16855
29	40	-4.16855
16	99	-4.16839
17	98	-4.16839
4	87	-4.16677
5	86	-4.16677
6	29	-4.16673
7	28	-4.16673
43	90	4.16524
42	91	4.16524
48	79	-4.16472
49	78	-4.16472
3	28	-4.16331
2	29	-4.16331
50	77	-4.16117
51	76	-4.16117
30	45	-4.16083
31	44	-4.16083
11	54	-4.1595
10	55	-4.1595
24	57	-4.15941
25	56	-4.15941
42	67	4.15753
43	66	4.15753
37	72	-4.15723
36	73	-4.15723
37	88	4.15658
36	89	4.15658
25	62	4.15428
24	63	4.15428
55	70	-4.1541
54	71	-4.1541
24	99	4.15403
25	98	4.15403
18	71	4.15299
19	70	4.15299
47	70	-4.15006
46	71	-4.15006
20	37	4.14864
21	36	4.14864
40	85	-4.14759
41	84	-4.14759
26	39	-4.14334
27	38	-4.14334
31	48	-4.14263
30	49	-4.14263
8	71	-4.14198
9	70	-4.14198
12	67	4.14041
13	66	4.14041
45	96	4.14037
44	97	4.14037
5	70	4.13944
4	71	4.13944
77	78	-4.13774
76	79	-4.13774
20	61	4.13752
21	60	4.13752
27	52	-4.13748
26	53	-4.13748
58	93	4.13705
59	92	4.13705
40	89	-4.13514
41	88	-4.13514
37	94	4.13492
36	95	4.13492
34	39	-4.13402
35	38	-4.13402
60	63	4.12936
61	62	4.12936
67	84	4.12907
66	85	4.12907
53	78	-4.12733
52	79	-4.12733
64	83	4.12715
65	82	4.12715
71	94	-4.12569
70	95	-4.12569
2	13	-4.12568
3	12	-4.12568
22	61	-4.12395
23	60	-4.12395
22	47	-4.12382
23	46	-4.12382
85	90	4.12372
84	91	4.12372
79	82	-4.12372
78	83	-4.12372
0	99	4.12342
1	98	4.12342
9	66	4.12215
8	67	4.12215
23	72	4.1217
22	73	4.1217
52	89	-4.12124
53	88	-4.12124
13	32	4.12055
12	33	4.12055
68	95	4.12041
69	94	4.12041
38	65	4.11997
39	64	4.11997
34	87	4.11992
35	86	4.11992
56	59	-4.1196
57	58	-4.1196
60	69	4.11924
61	68	4.11924
5	80	-4.11879
4	81	-4.11879
6	65	4.11862
7	64	4.11862
6	35	-4.11678
7	34	-4.11678
32	87	4.11661
33	86	4.11661
55	56	-4.11383
54	57	-4.11383
6	27	-4.1138
7	26	-4.1138
2	73	4.11313
3	72	4.11313
26	83	-4.112
27	82	-4.112
42	71	-4.10989
43	70	-4.10989
15	44	4.10898
14	45	4.10898
22	55	-4.10866
23	54	-4.10866
64	69	-4.10806
65	68	-4.10806
34	85	4.10731
35	84	4.10731
49	92	-4.1057
48	93	-4.1057
67	72	-4.1056
66	73	-4.1056
72	91	-4.10466
73	90	-4.10466
33	42	4.10436
32	43	4.10436
15	84	-4.10292
14	85	-4.10292
9	90	4.10149
8	91	4.10149
52	65	4.10107
53	64	4.10107
59	88	4.10061
58	89	4.10061
48	65	4.09748
49	64	4.09748
40	73	4.09706
41	72	4.09706
50	97	-4.09671
51	96	-4.09671
28	53	-4.095
29	52	-4.095
59	78	4.09279
58	79	4.09279
25	92	4.09254
24	93	4.09254
4	23	4.09105
5	22	4.09105
31	38	-4.09038
30	39	-4.09038
3	84	-4.09035
2	85	-4.09035
14	89	-4.08832
15	88	-4.08832
66	89	4.08688
67	88	4.08688
12	23	-4.08681
13	22	-4.08681
84	97	-4.08564
85	96	-4.08564
54	69	4.085
55	68	4.085
70	73	4.08495
71	72	4.08495
0	31	4.08351
1	30	4.08351
59	62	4.08256
58	63	4.08256
14	51	-4.08234
15	50	-4.08234
86	91	4.08216
87	90	4.08216
9	48	-4.08213
8	49	-4.08213
53	92	-4.0817
52	93	-4.0817
8	69	4.08117
9	68	4.08117
26	49	-4.08111
27	48	-4.08111
2	19	4.08017
3	18	4.08017
58	81	4.07961
59	80	4.07961
19	74	4.07919
18	75	4.07919
7	30	-4.078
6	31	-4.078
4	63	-4.07741
5	62	-4.07741
48	99	-4.0769
49	98	-4.0769
19	36	-4.0764
18	37	-4.0764
69	72	-4.07513
68	73	-4.07513
82	93	-4.07385
83	92	-4.07385
11	18	4.07383
10	19	4.07383
41	42	-4.07364
40	43	-4.07364
46	81	4.07358
47	80	4.07358
37	84	4.07331
36	85	4.07331
9	82	-4.07265
8	83	-4.07265
21	46	4.07248
20	47	4.07248
57	60	-4.07131
56	61	-4.07131
67	94	4.07089
66	95	4.07089
28	83	-4.06944
29	82	-4.06944
91	94	4.06924
90	95	4.06924
43	48	-4.06908
42	49	-4.06908
8	41	-4.06906
9	40	-4.06906
6	47	-4.06732
7	46	-4.06732
12	41	-4.0665
13	40	-4.0665
34	45	-4.06526
35	44	-4.06526
42	83	-4.0644
43	82	-4.0644
45	46	-4.06318
44	47	-4.06318
56	77	4.06074
57	76	4.06074
86	97	-4.06051
87	96	-4.06051
89	96	-4.0601
88	97	-4.0601
25	78	4.05931
24	79	4.05931
32	73	-4.05926
33	72	-4.05926
9	32	4.05723
8	33	4.05723
19	90	-4.05622
18	91	-4.05622
10	95	-4.05456
11	94	-4.05456
53	98	-4.05392
52	99	-4.05392
77	88	-4.05276
76	89	-4.05276
33	88	4.05192
32	89	4.05192
33	78	4.05189
32	79	4.05189
83	98	-4.05181
82	99	-4.05181
1	26	4.05159
0	27	4.05159
74	95	-4.05075
75	94	-4.05075
16	31	-4.04968
17	30	-4.04968
48	95	-4.04964
49	94	-4.04964
4	57	4.04903
5	56	4.04903
19	40	4.04736
18	41	4.04736
77	84	-4.04727
76	85	-4.04727
72	75	4.04641
73	74	4.04641
21	24	4.04634
20	25	4.04634
34	51	4.04586
35	50	4.04586
28	49	-4.04559
29	48	-4.04559
43	68	4.04472
42	69	4.04472
1	64	-4.04356
0	65	-4.04356
51	54	4.04211
50	55	4.04211
13	68	4.04185
12	69	4.04185
41	94	-4.04088
40	95	-4.04088
13	70	-4.04073
12	71	-4.04073
83	94	-4.04072
82	95	-4.04072
16	27	-4.04058
17	26	-4.04058
38	47	-4.04026
39	46	-4.04026
11	72	4.03999
10	73	4.03999
57	96	4.03956
56	97	4.03956
17	18	4.03809
16	19	4.03809
9	74	-4.0371
8	75	-4.0371
19	66	-4.03707
18	67	-4.03707
41	78	-4.03673
40	79	-4.03673
31	74	-4.03558
30	75	-4.03558
62	77	-4.03503
63	76	-4.03503
31	68	4.03438
30	69	4.03438
67	78	4.03353
66	79	4.03353
72	83	4.03314
73	82	4.03314
46	57	-4.03275
47	56	-4.03275
52	73	4.03269
53	72	4.03269
12	53	-4.03228
13	52	-4.03228
15	86	-4.03172
14	87	-4.03172
4	51	-4.03165
5	50	-4.03165
33	92	4.03107
32	93	4.03107
33	94	4.03104
32	95	4.03104
39	60	-4.03073
38	61	-4.03073
23	28	-4.03036
22	29	-4.03036
20	77	-4.03004
21	76	-4.03004
8	11	-4.02983
9	10	-4.02983
51	60	4.02936
50	61	4.02936
0	29	4.02692
1	28	4.02692
27	74	-4.02688
26	75	-4.02688
31	70	-4.02673
30	71	-4.02673
19	48	4.02601
18	49	4.02601
17	28	-4.02601
16	29	-4.02601
19	32	-4.02588
18	33	-4.02588
22	65	4.02583
23	64	4.02583
21	58	4.02564
20	59	4.02564
47	62	4.02545
46	63	4.02545
63	96	-4.02526
62	97	-4.02526
89	90	4.02473
88	91	4.02473
16	95	-4.02463
17	94	-4.02463
78	91	4.02442
79	90	4.02442
49	72	4.02419
48	73	4.02419
81	96	-4.02359
80	97	-4.02359
6	61	-4.02352
7	60	-4.02352
10	31	-4.0235
11	30	-4.0235
11	26	-4.02304
10	27	-4.02304
6	55	-4.02289
7	54	-4.02289
13	82	-4.02276
12	83	-4.02276
1	8	4.02247
0	9	4.02247
28	75	-4.0224
29	74	-4.0224
39	54	-4.02176
38	55	-4.02176
15	56	4.02139
14	57	4.02139
19	82	4.0213
18	83	4.0213
0	43	4.02106
1	42	4.02106
10	29	-4.02101
11	28	-4.02101
42	53	-4.01996
43	52	-4.01996
65	70	4.01963
64	71	4.01963
45	54	-4.0196
44	55	-4.0196
0	19	-4.01851
1	18	-4.01851
16	73	4.01846
17	72	4.01846
29	70	-4.01841
28	71	-4.01841
22	31	-4.01755
23	30	-4.01755
40	99	-4.0167
41	98	-4.0167
13	48	-4.01649
12	49	-4.01649
37	98	4.0164
36	99	4.0164
91	92	4.01615
90	93	4.01615
14	21	-4.0161
15	20	-4.0161
10	13	-4.01563
11	12	-4.01563
42	75	-4.01527
43	74	-4.01527
67	98	4.01511
66	99	4.01511
16	65	4.0147
17	64	4.0147
21	34	4.01468
20	35	4.01468
66	93	4.0146
67	92	4.0146
41	92	-4.01438
40	93	-4.01438
59	84	4.01374
58	85	4.01374
23	26	-4.01265
22	27	-4.01265
32	99	4.01262
33	98	4.01262
5	38	4.01258
4	39	4.01258
1	94	4.01255
0	95	4.01255
26	71	-4.01187
27	70	-4.01187
37	78	4.01177
36	79	4.01177
77	86	-4.01044
76	87	-4.01044
35	80	4.01018
34	81	4.01018
8	17	-4.01005
9	16	-4.01005
91	98	4.00978
90	99	4.00978
9	52	-4.00974
8	53	-4.00974
4	7	4.00964
5	6	4.00964
2	79	-4.00955
3	78	-4.00955
2	93	-4.00934
3	92	-4.00934
29	68	4.00932
28	69	4.00932
1	72	-4.00914
0	73	-4.00914
12	17	-4.00898
13	16	-4.00898
11	42	-4.00866
10	43	-4.00866
64	75	4.00858
65	74	4.00858
12	75	-4.00827
13	74	-4.00827
76	81	-4.00677
77	80	-4.00677
19	52	4.00582
18	53	4.00582
45	60	-4.00547
44	61	-4.00547
34	57	-4.00506
35	56	-4.00506
15	62	-4.00422
14	63	-4.00422
37	92	4.00338
36	93	4.00338
1	12	4.00309
0	13	4.00309
24	85	4.00263
25	84	4.00263
2	99	-4.00248
3	98	-4.00248
10	65	4.00244
11	64	4.00244
27	68	4.00222
26	69	4.00222
46	51	4.00148
47	50	4.00148
52	95	-4.00111
53	94	-4.00111
15	80	-4.00086
14	81	-4.00086
21	96	-4.00078
20	97	-4.00078
35	62	4.00054
34	63	4.00054
4	45	4.00045
5	44	4.00045
17	42	-4.00042
16	43	-4.00042
48	82	2.9976
10	16	2.99508
26	28	2.99475
8	42	2.99406
32	90	2.99391
78	92	2.992
8	94	2.98867
22	70	2.98859
62	80	2.98829
10	74	2.98822
6	44	2.98769
16	74	2.98464
78	98	2.98151
14	76	2.98125
92	98	2.97908
36	66	2.97908
42	94	2.9788
40	82	2.97833
6	38	2.97192
24	58	2.9698
30	64	-2.96963
14	96	2.96869
54	60	2.96618
12	94	2.9658
38	50	-2.96358
86	88	2.96336
40	48	2.96193
6	22	2.96104
50	56	-2.96
16	52	2.95998
78	84	2.9587
12	42	2.95775
52	82	2.95663
38	44	2.95398
26	30	2.95358
34	46	2.95251
18	72	2.95197
44	56	2.95065
48	52	2.94864
28	72	-2.94768
52	74	2.94502
40	52	2.94488
8	12	2.94381
48	70	2.94369
70	74	2.94282
24	36	2.94256
84	92	2.94084
32	66	2.94045
26	72	-2.93985
80	86	2.93759
30	54	2.93721
20	62	2.93702
10	52	2.93162
6	70	2.93106
30	72	-2.93089
0	32	2.93073
76	96	2.92808
2	40	2.92673
28	30	2.9266
66	90	2.92489
48	74	2.92443
22	38	2.92218
20	80	2.92151
72	98	-2.92049
70	82	2.91936
44	50	-2.91908
38	70	2.91897
0	66	2.91458
64	72	2.91402
18	64	2.91401
38	56	2.91323
74	82	2.91106
80	88	2.91085
22	44	2.90976
6	50	-2.90602
6	56	2.90511
22	48	2.90436
36	58	2.89753
24	66	2.89737
2	82	2.89484
58	66	2.89075
84	98	2.88884
4	14	2.88816
16	48	2.88811
54	64	-2.88657
0	90	2.88657
22	74	2.88636
10	70	2.88559
30	60	2.88492
16	82	2.88289
2	48	2.87913
62	86	2.8774
20	84	2.87526
16	70	2.87525
22	82	2.87408
38	74	2.87339
28	98	2.87203
10	48	2.86876
26	64	-2.86857
26	60	2.86511
44	70	2.8651
88	94	2.86317
34	58	2.86303
52	70	2.86242
18	30	-2.86064
10	68	-2.85951
10	82	2.85776
26	54	2.85776
32	36	2.8571
18	98	-2.85565
58	90	2.854
12	28	2.84909
62	88	2.84615
16	68	-2.84534
8	88	2.84303
0	36	2.84235
36	90	2.84119
10	38	2.8406
28	64	-2.83957
72	92	-2.83883
40	74	2.83719
20	88	2.83564
72	78	-2.83378
34	60	2.83061
16	40	2.83005
26	98	2.82783
32	58	2.82497
28	92	2.82353
40	70	2.8226
4	96	2.81983
6	74	2.81944
4	76	2.81924
12	26	2.81638
10	22	2.81613
28	60	2.81607
18	28	-2.81395
18	26	-2.8094
28	54	2.80498
16	22	2.80029
16	38	2.79749
22	50	-2.79743
50	84	2.79631
56	84	-2.79408
58	60	2.79214
12	92	2.78937
10	40	2.78889
50	70	-2.78854
22	52	2.78738
42	88	2.78415
20	86	2.78409
28	78	2.78377
60	64	-2.78351
24	90	2.77971
68	74	-2.77903
92	94	2.77294
2	52	2.77213
18	78	-2.77039
6	48	2.76964
26	92	2.76778
24	32	2.76704
22	40	2.76523
22	56	2.76296
6	10	2.75939
50	74	-2.75824
38	48	2.75622
54	72	-2.75602
46	60	2.75586
34	90	2.75281
12	98	2.74554
18	92	-2.7447
10	50	-2.74428
24	60	2.74121
44	74	2.73906
30	98	2.73869
86	94	2.73854
20	78	2.73707
8	86	2.73573
24	34	2.73528
20	92	2.73512
20	50	2.7324
2	70	2.73082
6	82	2.72787
12	88	2.72778
26	78	2.72713
54	58	2.72399
28	94	2.72391
6	16	2.72292
56	70	2.72047
40	96	2.71917
24	54	2.71697
12	78	2.71662
38	82	2.7163
56	78	-2.71583
52	68	-2.71087
84	88	2.70808
2	22	2.70678
64	98	-2.70631
60	72	-2.70353
78	94	2.70009
88	92	2.6974
40	76	2.69515
38	52	2.69288
46	58	2.69221
12	72	-2.69198
34	54	2.6908
94	98	2.69044
32	34	2.68672
52	76	2.68599
16	50	-2.68536
8	92	2.68344
62	84	2.68332
28	42	2.68311
80	84	2.6814
10	44	2.6813
26	94	2.67805
44	48	2.6725
0	58	2.66819
42	86	2.66767
0	24	2.66503
72	84	-2.66502
18	54	-2.66452
12	46	2.66424
42	92	2.66382
2	74	2.66262
50	78	2.66199
8	28	2.65681
6	52	2.65558
2	96	2.65516
84	94	2.65142
14	40	2.64954
34	66	2.64753
26	42	2.64678
42	46	2.64587
78	88	2.64436
30	92	2.64124
56	92	-2.64094
62	68	2.63931
16	44	2.63747
56	98	-2.63699
12	30	2.6351
38	84	-2.62964
56	74	2.6277
44	82	2.62694
12	60	2.62686
2	16	2.62537
38	68	-2.6232
20	98	2.62286
20	56	-2.62275
52	96	2.61858
30	78	2.61714
8	26	2.61532
18	84	-2.61482
12	84	2.61358
80	94	2.61357
34	36	2.61352
28	84	2.61014
44	84	-2.60991
26	46	2.6099
8	78	2.60675
50	68	2.60572
20	68	2.60176
14	52	2.59852
8	98	2.59771
20	94	2.59538
50	92	2.59483
20	38	-2.59469
46	54	2.59456
10	56	2.59439
46	90	2.59418
6	40	2.59205
64	92	-2.59048
42	98	2.59043
2	10	2.5882
26	34	2.58649
64	78	-2.58638
48	50	-2.58638
76	82	2.58617
42	78	2.58557
82	96	2.58531
28	46	2.5836
38	40	2.58088
68	70	-2.58025
80	92	2.57815
12	86	2.57805
8	80	2.57804
8	46	2.57262
72	94	-2.57254
88	98	2.57198
84	86	2.56866
18	60	-2.56762
8	84	2.56188
48	68	-2.55847
44	52	2.55472
50	98	2.55457
78	80	2.55371
68	82	-2.5532
16	76	2.55173
62	92	2.54935
24	46	2.54879
30	34	2.54853
6	84	-2.54679
48	76	2.54453
26	84	2.54398
50	62	2.5435
50	82	-2.54331
28	34	2.54084
2	76	2.54055
50	52	-2.54002
48	96	2.53857
62	78	2.5377
68	80	2.53754
12	54	2.5375
46	94	2.5373
2	14	2.53671
16	56	2.53581
86	92	2.53395
8	20	2.52899
62	94	2.52467
12	34	2.52413
14	82	2.52404
36	60	2.52193
42	84	2.52157
2	6	2.52092
32	46	2.52072
30	46	2.51562
54	98	2.51223
44	78	-2.51154
18	56	2.50593
42	72	-2.50533
40	68	-2.50509
42	80	2.50395
12	18	-2.5001
22	68	-2.49764
12	64	-2.49615
30	58	2.49585
42	60	2.49514
48	56	2.49432
8	72	-2.48946
50	80	2.48862
30	94	2.4884
6	68	-2.48784
60	98	2.48738
36	54	2.48622
40	44	2.48597
38	78	-2.48498
10	76	2.48492
78	86	2.48426
20	44	-2.48309
8	62	2.48243
10	20	-2.48206
60	66	2.4811
14	48	2.47948
12	20	2.47785
24	30	2.47572
34	42	2.47373
60	90	2.47288
28	88	2.47194
74	76	2.47191
6	20	-2.46763
60	94	2.46653
2	38	2.46467
20	42	2.46342
46	66	2.46176
12	80	2.46103
80	98	2.45879
36	48	-2.45629
10	32	-2.45618
30	42	2.45574
16	32	-2.45515
36	82	-2.45206
0	74	-2.45147
66	74	-2.45105
0	10	-2.44979
56	82	2.44812
16	90	-2.44769
0	38	-2.44612
48	66	-2.44569
14	16	2.44558
8	60	2.44516
16	96	2.44481
0	34	2.44473
10	90	-2.444
24	40	-2.44363
26	58	2.44301
66	82	-2.44093
66	70	-2.43975
32	74	-2.43968
52	66	-2.43892
36	70	-2.4389
20	74	-2.43869
44	68	-2.43794
56	68	-2.43704
44	92	-2.43662
16	66	-2.43619
62	98	2.43606
24	82	-2.43533
0	16	-2.43528
38	62	-2.43381
56	72	2.43324
10	66	-2.43319
40	58	-2.43033
44	98	-2.43017
6	78	-2.42934
36	46	2.42922
10	62	-2.42844
24	48	-2.42786
52	58	-2.4276
36	40	-2.42733
8	30	2.42693
30	84	2.42672
0	70	-2.42591
2	24	-2.42418
34	64	-2.42389
54	92	2.42375
74	90	-2.42354
22	36	-2.42339
2	44	2.42331
54	66	2.42176
16	20	-2.42044
26	88	2.41964
60	92	2.41835
32	52	-2.41717
38	92	-2.41584
32	60	2.4157
52	90	-2.41566
36	74	-2.41509
36	52	-2.41447
58	82	-2.41433
0	50	2.4143
22	66	-2.41364
32	68	2.41345
86	98	2.41338
68	90	2.41317
40	66	-2.41217
60	96	-2.41206
52	56	2.41099
24	64	-2.41006
42	62	2.40971
56	62	-2.40949
58	64	-2.40721
64	84	-2.40719
0	6	-2.40631
40	50	-2.406
0	22	-2.40443
24	52	-2.4036
48	58	-2.40317
8	34	2.40291
34	76	-2.40013
50	88	2.39897
46	72	-2.39831
2	36	-2.3963
68	76	-2.39559
42	54	2.39471
54	94	2.39261
74	96	2.39222
18	94	-2.3915
24	26	2.39086
72	88	-2.3907
14	60	-2.39005
0	52	-2.38939
54	78	2.38823
16	36	-2.38742
54	96	-2.3841
22	84	-2.38323
46	64	-2.38316
20	70	-2.38281
38	98	-2.38222
10	36	-2.38116
28	58	2.38089
16	62	-2.37987
10	14	2.37983
20	72	-2.37976
12	62	2.37972
10	96	2.37953
34	94	2.37942
0	44	-2.37874
54	90	2.37813
0	48	-2.37794
38	80	-2.37707
14	74	2.37626
60	76	-2.37609
16	58	-2.37483
62	74	-2.37213
56	80	-2.37061
38	66	-2.37057
34	72	-2.3705
20	22	-2.3701
60	78	2.36984
64	94	-2.36698
18	50	-2.36653
0	82	-2.36638
46	76	-2.36603
32	70	-2.36602
68	84	2.36601
4	28	-2.3628
70	84	-2.36245
32	48	-2.36219
58	74	-2.3618
14	34	-2.36089
2	58	-2.36085
4	12	-2.36069
0	68	2.36053
8	54	2.36014
6	92	-2.35918
32	82	-2.35872
10	84	-2.3587
6	66	-2.35843
20	28	2.35827
4	26	-2.35496
24	70	-2.35372
26	96	-2.35349
6	36	-2.35296
30	96	-2.35214
24	74	-2.35039
70	76	2.35017
10	58	-2.34966
48	90	-2.34957
82	90	-2.34886
74	84	-2.34783
0	56	-2.34606
10	80	-2.34466
14	26	-2.34447
4	40	2.34396
32	38	-2.34279
6	98	-2.34251
36	38	-2.34131
16	24	-2.34103
56	88	-2.34034
28	86	2.34003
70	90	-2.34
2	66	-2.33865
58	96	-2.33591
58	76	-2.33476
18	44	2.33402
18	20	-2.33348
32	54	2.33122
32	40	-2.33105
28	96	-2.33008
14	28	-2.32844
24	28	2.32814
14	54	-2.32811
40	90	-2.32803
18	42	-2.32731
50	86	2.32713
22	24	-2.32603
22	32	-2.32513
14	46	-2.32424
42	64	-2.32326
50	72	-2.32307
0	40	-2.32268
34	52	-2.32174
58	70	-2.32152
10	24	-2.32018
70	96	2.31839
68	86	2.31752
14	58	-2.31574
34	96	-2.31538
8	18	-2.31465
2	68	-2.31358
40	56	2.31221
6	62	-2.31206
44	66	-2.30787
44	62	-2.3061
24	96	-2.30596
38	90	-2.30479
14	30	-2.30446
26	86	2.30424
8	64	-2.30418
4	60	-2.30056
36	44	-2.30018
74	80	-2.29997
54	76	-2.29962
4	94	-2.29934
20	26	2.29911
16	80	-2.29875
40	60	-2.29813
28	56	-2.2977
2	54	-2.29737
2	50	-2.29692
16	84	-2.29631
26	76	-2.29624
22	90	-2.29594
66	68	2.29533
30	88	2.29459
28	80	2.29458
6	32	-2.29411
76	90	-2.29347
62	70	-2.29314
2	4	2.29178
32	50	2.29086
50	66	2.28887
72	80	-2.28869
46	98	2.2884
0	4	-2.28747
0	46	2.28726
64	96	2.28664
4	52	2.28644
2	86	-2.28635
4	34	-2.28484
4	42	-2.28461
34	40	-2.28405
38	88	-2.28297
14	68	-2.28254
4	46	-2.28217
40	54	-2.28171
22	58	-2.28059
4	92	-2.28056
16	34	-2.28035
22	76	2.28002
4	72	2.27966
56	94	-2.27918
32	76	-2.27899
72	86	-2.27875
14	70	2.27823
4	98	-2.27787
28	76	-2.27723
18	46	-2.2756
6	80	-2.275
68	88	2.27477
12	58	2.27366
46	92	2.2728
44	80	-2.27189
2	60	-2.27116
12	14	-2.2711
72	96	2.2709
18	88	-2.26961
22	62	-2.2692
4	8	-2.26859
4	30	-2.26837
62	72	-2.26392
66	96	-2.26346
58	72	-2.26302
14	90	-2.26239
24	76	-2.26208
50	94	2.26149
22	78	-2.26123
6	90	-2.25761
22	96	2.257
14	24	-2.25624
36	96	-2.2562
4	32	-2.25607
30	76	-2.25601
20	52	-2.2558
14	32	-2.25547
0	20	2.254
30	36	2.25312
26	80	2.25265
46	96	-2.25258
18	34	-2.25245
32	44	-2.25199
70	80	-2.25073
44	72	2.25049
56	86	-2.24989
34	82	-2.24973
26	56	-2.24934
66	76	-2.24903
4	90	-2.24901
50	90	2.24894
10	34	-2.24858
44	88	-2.24814
64	88	-2.24791
68	96	-2.24787
36	50	2.24747
12	56	-2.24721
20	48	-2.24691
4	78	-2.24681
38	86	-2.24681
12	76	-2.24668
28	62	2.24668
0	96	-2.24497
0	14	-2.24407
52	60	-2.24362
30	86	2.24357
18	80	-2.2427
18	62	-2.24204
6	18	2.24157
14	72	2.2411
14	66	-2.24079
18	38	2.23927
22	80	-2.23892
56	64	2.23882
2	56	2.2384
52	62	-2.23784
24	72	-2.23703
0	76	-2.23656
90	96	-2.23633
4	54	-2.23572
32	96	-2.23506
6	88	-2.23407
64	86	-2.23338
34	48	-2.23338
4	82	2.23274
8	56	-2.23194
58	68	2.23185
70	78	-2.23117
34	74	-2.23101
42	58	2.23082
60	82	-2.22873
64	80	-2.2277
0	60	2.22752
6	24	-2.22742
54	86	2.22634
0	2	-2.22631
56	66	-2.22376
34	68	2.22344
14	64	2.22214
48	62	-2.22191
20	82	-2.22174
54	84	2.22057
28	50	2.22053
54	88	2.21995
2	80	-2.21962
34	98	2.21937
36	68	2.21739
14	22	2.21692
24	38	-2.21673
60	88	2.21606
46	78	2.21586
4	58	-2.21456
46	52	-2.21426
44	90	-2.21425
12	96	-2.21415
12	24	2.21389
36	76	-2.21357
0	62	2.21212
14	36	-2.21191
62	64	-2.21154
2	32	-2.21102
54	82	-2.2107
20	64	-2.20973
8	50	2.20939
2	62	-2.20925
20	30	2.20811
12	50	2.20776
62	82	-2.20754
42	56	-2.2074
30	80	2.20718
22	86	-2.20694
26	62	2.20678
6	86	-2.20653
0	84	2.20633
60	84	2.20612
22	92	-2.20579
4	66	-2.20495
68	78	2.20471
46	88	2.20454
30	56	-2.20451
2	90	-2.20426
48	60	-2.20422
32	56	-2.20387
30	66	2.2033
10	78	-2.20299
36	64	-2.20188
74	78	-2.20019
44	86	-2.20007
36	56	-2.19902
52	54	-2.19872
4	48	2.19862
14	42	-2.19716
38	58	-2.19703
24	42	2.19471
18	86	-2.19408
22	88	-2.19346
70	86	-2.19276
18	96	2.19229
34	92	2.19005
42	76	-2.18973
30	90	2.18946
6	58	-2.18899
26	36	2.18874
8	58	2.18825
48	80	-2.18757
2	88	-2.18723
48	54	-2.18694
38	72	2.1866
10	86	-2.18583
14	94	-2.18495
60	86	2.18468
4	64	2.18411
22	98	-2.18388
2	34	-2.1836
44	94	-2.18347
48	84	-2.18157
72	76	2.18097
16	46	-2.17976
70	92	-2.17899
52	80	-2.1784
40	46	-2.17735
24	68	2.17646
30	62	2.17622
4	84	-2.17585
0	54	2.17573
4	18	2.17483
64	76	2.17476
0	80	2.17456
42	50	2.17446
80	82	-2.17425
2	30	-2.17411
26	50	2.1741
24	86	2.1738
68	92	2.17369
18	58	-2.17337
70	88	-2.17312
8	44	-2.17252
74	86	-2.17214
6	72	2.17159
38	76	2.17056
4	16	2.17005
8	14	-2.16963
24	44	-2.1696
8	24	2.16944
96	98	-2.16924
20	32	2.16904
58	94	2.16811
10	88	-2.16774
14	98	-2.16677
32	62	2.16466
26	90	2.16465
56	90	-2.16369
18	24	-2.16335
76	94	-2.16311
48	86	-2.16283
46	68	2.16246
2	64	2.16145
10	92	-2.16114
52	84	-2.16041
40	62	-2.16015
4	36	-2.15817
8	76	-2.15807
4	88	-2.157
6	76	2.15692
36	86	2.15687
4	24	-2.15673
26	66	2.15655
30	40	-2.1558
74	92	-2.15557
16	86	-2.15433
16	78	-2.15413
70	98	-2.15373
82	86	-2.1533
42	44	-2.15328
74	88	-2.15258
16	60	-2.15249
54	80	2.15181
82	84	-2.15181
38	94	-2.15153
34	70	-2.15146
10	46	-2.15104
64	66	-2.15051
14	18	2.14918
30	32	2.14837
6	94	-2.14665
14	92	-2.14649
46	82	-2.14599
20	40	-2.14484
34	78	2.14396
24	94	2.14376
6	8	-2.14265
28	36	2.14255
50	64	-2.14191
62	90	2.14092
64	90	-2.14017
28	44	-2.13985
2	20	-2.13837
20	90	2.13789
12	44	-2.13735
92	96	-2.13461
40	80	-2.13407
42	96	-2.1337
44	58	-2.13354
46	48	-2.13284
46	74	-2.13095
94	96	-2.13083
16	88	-2.13042
40	86	-2.13031
60	74	-2.12715
4	10	2.12656
38	96	2.12599
28	90	2.12597
8	38	-2.12578
6	96	2.12511
46	86	2.12488
68	98	2.12425
24	50	2.12336
30	50	2.12305
6	42	-2.12227
26	32	2.12206
74	98	-2.12147
4	74	2.12121
10	98	-2.12111
2	8	-2.121
40	64	2.12027
10	60	-2.11966
32	80	2.1196
54	62	2.1194
14	78	-2.11798
16	92	-2.11766
28	66	2.11535
22	34	-2.11525
36	42	2.11519
0	86	2.11454
26	40	-2.11406
78	96	-2.1132
0	78	2.11311
8	96	-2.11267
50	58	2.11222
44	64	2.1108
8	22	-2.11052
48	88	-2.11039
2	26	-2.11025
46	84	2.10966
14	38	2.1095
62	66	2.10943
76	98	-2.10939
20	66	2.10878
18	22	2.10766
2	42	-2.10738
16	54	-2.10733
32	64	-2.10692
26	44	-2.1058
2	46	-2.10355
6	14	2.10253
8	36	2.10203
28	38	-2.10196
34	88	2.10138
66	86	2.10113
58	98	2.10085
12	38	-2.09998
18	76	2.09907
60	80	2.09896
38	42	-2.09891
52	86	-2.09812
44	76	2.098
82	88	-2.09742
36	62	2.09722
36	80	2.09675
80	90	2.09658
22	94	-2.09601
12	90	2.09564
76	92	-2.09497
6	12	-2.09489
24	88	2.09366
58	86	2.09366
22	42	-2.09303
54	74	-2.09294
2	94	-2.09265
12	36	2.09263
18	68	-2.09115
60	70	-2.0911
32	84	2.09083
4	68	-2.09049
20	54	2.09004
66	80	2.08994
30	82	-2.08992
24	80	2.0888
28	32	2.0883
0	88	2.08675
4	20	-2.08651
30	52	-2.08636
0	92	2.08468
28	40	-2.08427
16	98	-2.0842
4	86	-2.08338
6	28	-2.08337
42	90	2.08262
48	78	-2.08236
2	28	-2.08165
50	76	-2.08059
30	44	-2.08041
10	54	-2.07975
24	56	-2.07971
42	66	2.07877
36	72	-2.07862
36	88	2.07829
24	62	2.07714
54	70	-2.07705
24	98	2.07702
18	70	2.0765
46	70	-2.07503
20	36	2.07432
40	84	-2.0738
26	38	-2.07167
30	48	-2.07131
8	70	-2.07099
12	66	2.07021
44	96	2.07018
4	70	2.06972
76	78	-2.06887
20	60	2.06876
26	52	-2.06874
58	92	2.06853
40	88	-2.06757
36	94	2.06746
34	38	-2.06701
60	62	2.06468
66	84	2.06453
52	78	-2.06366
64	82	2.06357
70	94	-2.06285
2	12	-2.06284
22	60	-2.06197
22	46	-2.06191
84	90	2.06186
78	82	-2.06186
0	98	2.06171
8	66	2.06108
22	72	2.06085
52	88	-2.06062
12	32	2.06027
68	94	2.06021
38	64	2.05998
34	86	2.05996
56	58	-2.0598
60	68	2.05962
4	80	-2.05939
6	64	2.05931
6	34	-2.05839
32	86	2.05831
54	56	-2.05692
6	26	-2.0569
2	72	2.05657
26	82	-2.056
42	70	-2.05494
14	44	2.05449
22	54	-2.05433
64	68	-2.05403
34	84	2.05366
48	92	-2.05285
66	72	-2.0528
72	90	-2.05233
32	42	2.05218
14	84	-2.05146
8	90	2.05074
52	64	2.05054
58	88	2.0503
48	64	2.04874
40	72	2.04853
50	96	-2.04836
28	52	-2.0475
58	78	2.0464
24	92	2.04627
4	22	2.04553
30	38	-2.04519
2	84	-2.04517
14	88	-2.04416
66	88	2.04344
12	22	-2.04341
84	96	-2.04282
54	68	2.0425
70	72	2.04248
0	30	2.04175
58	62	2.04128
14	50	-2.04117
86	90	2.04108
8	48	-2.04107
52	92	-2.04085
8	68	2.04058
26	48	-2.04056
2	18	2.04008
58	80	2.03981
18	74	2.03959
6	30	-2.039
4	62	-2.03871
48	98	-2.03845
18	36	-2.0382
68	72	-2.03756
82	92	-2.03692
10	18	2.03692
40	42	-2.03682
46	80	2.03679
36	84	2.03666
8	82	-2.03632
20	46	2.03624
56	60	-2.03566
66	94	2.03545
28	82	-2.03472
90	94	2.03462
42	48	-2.03454
8	40	-2.03453
6	46	-2.03366
12	40	-2.03325
34	44	-2.03263
42	82	-2.0322
44	46	-2.03159
56	76	2.03037
86	96	-2.03026
88	96	-2.03005
24	78	2.02966
32	72	-2.02963
8	32	2.02861
18	90	-2.02811
10	94	-2.02728
52	98	-2.02696
76	88	-2.02638
32	88	2.02596
32	78	2.02595
82	98	-2.0259
0	26	2.02579
74	94	-2.02537
16	30	-2.02484
48	94	-2.02482
4	56	2.02451
18	40	2.02368
76	84	-2.02364
72	74	2.02321
20	24	2.02317
34	50	2.02293
28	48	-2.0228
42	68	2.02236
0	64	-2.02178
50	54	2.02105
12	68	2.02093
40	94	-2.02044
12	70	-2.02037
82	94	-2.02036
16	26	-2.02029
38	46	-2.02013
10	72	2.01999
56	96	2.01978
16	18	2.01905
8	74	-2.01855
18	66	-2.01854
40	78	-2.01837
30	74	-2.01779
62	76	-2.01751
30	68	2.01719
66	78	2.01677
72	82	2.01657
46	56	-2.01638
52	72	2.01634
12	52	-2.01614
14	86	-2.01586
4	50	-2.01583
32	92	2.01554
32	94	2.01552
38	60	-2.01536
22	28	-2.01518
20	76	-2.01502
8	10	-2.01491
50	60	2.01468
0	28	2.01346
26	74	-2.01344
30	70	-2.01337
18	48	2.013
16	28	-2.013
18	32	-2.01294
22	64	2.01291
20	58	2.01282
46	62	2.01272
62	96	-2.01263
88	90	2.01236
16	94	-2.01231
78	90	2.01221
48	72	2.01209
80	96	-2.01179
6	60	-2.01176
10	30	-2.01175
10	26	-2.01152
6	54	-2.01144
12	82	-2.01138
0	8	2.01124
28	74	-2.0112
38	54	-2.01088
14	56	2.0107
18	82	2.01065
0	42	2.01053
10	28	-2.0105
42	52	-2.00998
64	70	2.00982
44	54	-2.0098
0	18	-2.00925
16	72	2.00923
28	70	-2.00921
22	30	-2.00878
40	98	-2.00835
12	48	-2.00825
36	98	2.0082
90	92	2.00808
14	20	-2.00805
10	12	-2.00781
42	74	-2.00764
66	98	2.00755
16	64	2.00735
20	34	2.00734
66	92	2.0073
40	92	-2.00719
58	84	2.00687
22	26	-2.00633
32	98	2.00631
4	38	2.00629
0	94	2.00627
26	70	-2.00594
36	78	2.00589
76	86	-2.00522
34	80	2.00509
8	16	-2.00502
90	98	2.00489
8	52	-2.00487
4	6	2.00482
2	78	-2.00478
2	92	-2.00467
28	68	2.00466
0	72	-2.00457
12	16	-2.00449
10	42	-2.00433
64	74	2.00429
12	74	-2.00413
76	80	-2.00339
18	52	2.00291
44	60	-2.00273
34	56	-2.00253
14	62	-2.00211
36	92	2.00169
0	12	2.00155
24	84	2.00131
2	98	-2.00124
10	64	2.00122
26	68	2.00111
46	50	2.00074
52	94	-2.00055
14	80	-2.00043
20	96	-2.00039
34	62	2.00027
4	44	2.00023
16	42	-2.00021
