19	89	199.862
7	97	199.779
51	63	199.733
33	99	199.6
29	73	199.249
1	75	-199.236
61	65	199.174
17	35	199.12
35	91	198.919
37	43	198.89
31	59	198.837
27	59	198.825
63	95	198.739
43	63	198.696
55	99	198.689
33	55	198.641
7	19	198.516
7	89	198.312
21	29	198.195
9	81	198.109
67	93	198.034
43	51	197.955
51	95	197.806
85	89	197.798
11	75	-197.471
45	77	197.469
1	37	-197.46
3	45	197.37
19	97	197.244
47	79	197.2
7	85	197.186
89	97	197.138
85	97	197.117
17	91	197.048
17	43	196.943
19	85	196.795
27	31	196.267
43	95	196.183
1	43	-195.952
17	37	195.489
37	75	195.456
37	63	195.378
21	73	195.311
3	77	195.301
17	95	195.05
11	77	194.801
17	63	194.781
37	51	194.564
5	15	194.458
23	41	194.442
1	11	194.092
49	71	194.059
1	51	-193.989
7	73	193.738
23	69	193.738
29	35	193.688
35	43	193.369
21	35	193.357
73	97	193.308
1	63	-193.253
69	83	192.733
35	37	192.73
21	37	192.73
17	51	192.381
43	75	192.344
29	91	191.455
17	21	191.397
37	95	191.256
7	29	191.177
19	73	190.839
35	73	190.819
35	95	190.657
15	57	190.65
39	53	190.315
23	25	-190.284
29	97	190.055
59	69	189.989
59	83	189.929
31	69	189.922
35	63	189.894
73	91	189.787
19	29	189.78
75	77	-189.763
17	29	189.723
25	31	-189.696
51	75	189.262
55	71	189.05
5	87	-188.963
73	89	188.958
21	91	188.843
15	65	188.815
43	91	188.448
91	95	188.423
41	85	-188.413
63	75	188.344
21	43	188.297
13	93	188.29
19	21	188.035
29	89	187.551
27	83	187.545
11	37	-187.536
1	17	-187.481
23	31	187.409
41	69	187.294
1	95	-186.827
35	51	186.787
13	69	186.75
37	91	186.73
7	21	186.706
29	37	186.46
71	99	185.932
1	77	185.919
13	67	185.88
11	45	185.735
63	91	185.682
21	89	185.544
17	73	185.53
13	41	185.044
57	65	185.024
1	21	-184.953
31	83	184.851
21	75	184.554
21	97	184.533
41	89	-184.519
15	61	184.468
3	11	184.065
27	69	183.445
73	85	183.359
17	75	182.972
61	71	182.767
1	35	-182.744
23	59	182.725
33	71	182.67
29	43	182.561
55	61	182.488
25	59	-182.424
11	43	-182.211
51	91	182.003
19	41	-181.943
9	79	181.787
5	65	181.406
79	81	181.041
75	95	180.687
21	63	180.408
37	73	180.312
47	49	-180.02
29	85	179.867
5	61	179.746
45	75	-179.707
13	83	179.649
25	69	-178.565
35	75	178.538
11	21	-178.363
11	51	-178.219
9	25	178.166
55	65	178.163
57	61	178.072
21	51	177.734
7	41	-177.344
13	23	177.121
21	95	176.888
11	63	-176.8
25	27	-176.396
43	73	176.305
41	97	-176.235
1	45	175.905
23	83	175.753
1	29	-175.728
65	71	175.584
21	85	175.303
1	91	-174.943
11	67	174.7
49	61	174.689
29	63	174.548
29	75	174.548
25	41	-174.345
3	75	-174.289
23	27	174.238
37	77	-174.238
33	61	173.942
5	57	173.485
61	99	173.45
29	95	172.872
7	35	172.555
23	85	-172.385
9	47	171.673
15	87	-171.436
35	97	171.245
11	17	-171.085
29	51	171.012
19	35	170.643
49	55	170.551
7	91	170.444
13	89	-170.434
49	79	-170.308
51	77	-170.109
43	77	-170.096
75	91	169.965
91	97	169.792
33	65	169.753
31	41	169.668
13	19	-168.963
3	67	168.915
1	3	168.612
65	99	168.454
47	81	168.401
1	73	-168.386
63	73	167.987
11	95	-167.534
67	77	167.439
35	89	167.366
25	81	167.326
73	75	167.202
11	29	-167.103
63	77	-167.073
73	95	167.031
49	65	166.966
11	35	-166.899
19	91	166.857
19	37	166.852
41	83	166.591
13	85	-166.414
49	99	166.073
7	17	165.759
41	59	165.419
23	89	-165.05
17	19	164.898
49	87	-164.886
47	87	164.825
7	37	164.212
51	73	164.092
17	97	164.029
89	91	163.677
37	89	163.465
61	87	-163.421
67	75	-162.458
11	93	162.438
37	45	-162.328
83	93	162.261
33	49	161.893
25	83	-161.802
9	23	-161.734
19	23	-161.699
65	87	-161.472
17	89	161.421
37	97	161.371
45	51	-161.122
69	93	160.917
27	99	160.874
13	59	160.607
19	75	160.443
11	73	-159.9
11	19	-159.621
21	77	-159.467
3	93	159.422
69	85	-159.296
13	31	159.292
53	95	159.242
43	45	-159.077
7	13	-158.97
47	71	-158.953
19	43	158.791
1	19	-157.883
45	67	157.86
7	23	-157.644
11	91	-157.483
45	63	-157.422
75	89	157.373
19	67	-157.318
67	89	-157.208
7	43	157.193
23	97	-157.182
41	93	157.14
51	53	157.119
35	85	157.105
25	49	-157.099
11	89	-157.067
41	67	157.054
77	95	-157.037
27	33	156.438
69	89	-156.001
41	73	-155.888
9	49	-155.885
27	41	155.721
13	97	-155.715
77	93	155.671
17	77	-155.585
5	49	155.534
25	71	-155.446
3	37	-155.253
43	89	155.236
7	75	155.032
53	63	154.957
1	67	154.844
85	91	154.742
43	97	154.664
1	89	-154.595
67	69	154.165
1	7	-153.55
21	67	-153.401
29	41	-153.304
59	99	153.18
19	69	-153.18
23	81	-153.085
31	99	153.024
9	41	-152.754
7	11	-152.502
13	27	152.437
71	87	-152.017
67	83	151.917
5	71	151.825
31	71	151.679
21	41	-151.652
75	97	151.581
27	71	151.521
27	55	151.119
25	85	150.617
25	79	150.612
3	51	-150.481
3	43	-150.344
1	97	-150.336
37	85	150.281
89	93	-150.144
35	77	-150.115
17	85	150.093
13	21	-150.03
37	67	-149.919
75	93	-149.873
19	93	-149.776
71	79	-149.644
13	25	-149.463
79	87	149.312
9	31	-149.189
11	13	149.139
11	97	-148.822
33	59	148.386
15	71	148.347
67	85	-148.236
19	63	148.025
29	77	-148.024
15	55	147.931
31	33	147.862
55	57	147.784
59	71	147.652
41	81	-147.627
45	95	-147.614
3	63	-147.242
25	47	147.214
45	93	146.97
23	93	146.949
7	63	146.933
7	69	-146.803
49	81	-146.727
7	67	-146.427
21	45	-146.42
5	17	-146.318
5	35	-146.304
15	49	146.052
13	29	-145.935
11	57	145.808
15	37	-145.667
81	85	145.466
31	49	145.439
9	85	145.391
69	97	-145.39
5	91	-145.356
57	87	-145.183
15	21	-145.005
19	51	144.973
63	97	144.638
13	73	-144.599
31	55	144.579
63	89	144.468
65	75	-144.452
7	95	144.353
17	45	-144.28
1	65	144.235
19	95	144.163
29	67	-144.076
43	53	144.028
5	43	-144.009
1	15	144
25	99	-143.925
55	59	143.905
15	75	-143.822
15	43	-143.766
11	85	-143.735
75	85	143.619
5	55	143.593
5	37	-143.522
3	21	-143.451
7	51	143.451
11	65	143.179
1	61	143.172
21	93	-143.084
9	71	-143.078
23	67	143.078
5	95	-142.935
85	93	-142.736
5	21	-142.697
61	75	-142.674
57	75	-142.655
1	93	142.652
5	63	-142.58
67	97	-142.558
95	97	142.507
43	85	142.464
15	17	-142.335
65	77	142.147
47	61	-142.115
5	29	-142.104
15	29	-141.804
43	67	-141.745
15	35	-141.731
87	91	141.662
27	49	141.634
57	77	141.496
51	89	141.47
73	77	-141.438
9	69	-141.43
77	91	-141.241
5	51	-141.16
33	57	141.085
51	97	141.071
1	85	-140.984
11	15	140.919
15	63	-140.79
89	95	140.647
37	65	-140.552
57	67	140.512
51	61	-140.475
11	61	140.38
15	51	-140.323
61	77	140.289
31	85	-140.262
13	75	-140.234
19	77	-140.136
49	59	140.125
5	47	-140.032
5	73	-139.993
15	33	139.835
1	57	139.793
9	59	-139.713
25	89	139.704
39	95	139.666
43	65	-139.566
51	65	-139.551
67	73	-139.499
37	61	-139.375
43	61	-139.354
61	63	-139.245
35	87	139.228
17	87	139.136
7	93	-139.058
35	45	-139.015
87	95	138.987
39	79	138.936
15	73	-138.878
45	55	138.783
37	93	-138.765
25	33	-138.682
45	65	138.651
25	55	-138.644
1	5	138.613
63	65	-138.461
57	71	138.363
83	85	-138.245
15	91	-138.227
15	99	138.122
15	95	-138.03
49	53	-138.019
39	47	137.978
17	53	137.978
31	81	-137.961
77	89	-137.86
57	99	137.725
3	95	-137.691
1	53	-137.641
9	39	137.62
45	61	137.49
83	89	-137.38
33	45	137.16
3	57	136.976
37	57	-136.736
47	65	-136.664
3	17	-136.652
29	45	-136.612
81	97	136.446
5	75	-136.355
19	25	136.261
59	85	-136.256
45	57	136.15
39	81	136.054
21	57	-135.959
5	33	135.764
17	67	-135.718
25	97	135.664
93	97	-135.482
5	99	135.433
19	83	-135.418
61	95	-135.383
13	37	-135.382
39	51	135.349
45	99	135.263
3	65	135.168
23	73	-135.141
13	77	135.111
29	93	-135.102
37	53	135.031
7	25	134.934
59	93	134.871
63	87	134.851
57	93	134.843
51	67	-134.776
35	67	-134.775
63	67	-134.632
71	81	-134.539
9	97	134.531
55	77	134.482
7	77	-134.467
65	95	-134.115
15	19	-134.11
1	13	134.085
39	63	134.069
55	87	-133.971
3	29	-133.833
7	81	133.816
43	87	133.732
9	27	-133.674
79	93	-133.621
3	13	133.46
47	53	133.415
49	51	-133.255
17	65	-133.254
31	89	-133.208
3	55	133.14
69	81	-133.08
3	61	133.037
17	61	-132.871
49	95	-132.839
51	87	132.825
81	89	132.666
43	57	-132.538
15	77	132.531
3	35	-132.419
63	85	132.399
15	89	-132.394
9	89	132.342
7	9	132.264
7	15	-132.173
3	33	132.107
11	41	132.024
23	29	-132.007
49	63	-131.99
31	93	131.962
51	71	-131.923
61	79	-131.808
3	19	-131.773
77	97	-131.764
43	93	-131.757
21	65	-131.746
53	75	131.504
45	73	-131.495
45	91	-131.49
33	77	131.39
73	93	-131.306
49	57	131.178
47	55	-130.91
53	79	130.889
35	53	130.877
19	57	-130.859
9	53	130.729
35	41	-130.674
59	89	-130.534
37	87	130.521
53	91	130.503
15	97	-130.499
13	35	-130.461
23	79	-130.421
29	57	-130.343
3	89	-130.338
19	31	-130.298
5	11	130.295
35	65	-130.235
19	81	130.057
7	83	-130.013
63	71	-129.864
57	89	-129.81
21	23	-129.787
77	99	129.642
29	87	129.585
31	47	-129.575
85	95	129.529
9	19	129.465
51	85	129.449
53	71	-129.437
35	61	-129.413
3	99	129.409
3	73	-129.356
59	81	-129.343
51	57	-129.297
5	7	-129.195
37	41	-129.179
69	73	-129.17
19	45	-129.011
31	79	-128.958
27	93	128.911
21	61	-128.894
27	85	-128.848
87	99	-128.815
83	97	-128.773
67	95	-128.722
5	19	-128.717
57	63	-128.61
67	91	-128.5
73	87	128.333
47	93	-128.331
13	57	128.244
5	97	-128.217
71	95	-128.206
21	87	128.103
45	53	-128.024
41	91	-128.011
19	59	-127.941
23	49	127.927
41	75	-127.925
13	17	-127.894
17	93	-127.773
23	71	127.716
39	49	-127.699
83	99	127.636
31	97	-127.518
7	31	-127.469
3	7	-127.467
17	57	-127.415
29	69	-127.403
65	79	-127.363
13	43	-127.327
53	77	-127.326
1	71	127.309
33	87	-127.26
35	93	-127.243
57	73	-127.135
13	91	-127.116
77	85	-127.104
45	89	-127.097
9	13	-127.082
45	71	127.055
43	49	-126.838
59	67	126.821
47	99	-126.785
5	89	-126.783
21	69	-126.765
15	47	-126.694
3	81	-126.635
9	99	-126.606
25	53	126.544
35	57	-126.295
7	57	-126.244
81	93	-126.229
67	79	-126.076
29	65	-126.067
65	91	-125.996
63	93	-125.947
5	79	-125.896
3	97	-125.872
43	71	-125.839
51	93	-125.744
9	55	-125.686
53	81	125.685
55	79	-125.676
11	55	125.64
55	75	-125.613
1	55	125.593
61	91	-125.539
15	45	125.525
17	41	-125.52
7	45	-125.497
15	67	125.485
47	59	-125.454
71	77	125.445
39	87	125.283
23	47	-125.186
7	59	-125.181
59	97	-125.169
3	91	-125.057
15	85	-125.028
39	43	124.991
5	53	-124.861
71	75	-124.843
31	67	124.819
9	83	-124.802
13	81	-124.547
13	45	124.532
9	33	-124.479
47	83	-124.431
53	87	124.409
1	87	-124.243
57	97	-124.153
1	49	124.15
33	83	124.111
69	99	124.102
27	81	-124.022
25	93	-123.913
1	41	123.91
45	97	-123.905
33	47	-123.864
59	79	-123.734
27	47	-123.729
23	99	123.585
27	89	-123.517
81	99	-123.499
67	81	-123.455
3	85	-123.446
29	61	-123.414
57	95	-123.391
3	15	123.363
3	39	-123.362
11	53	-123.213
9	93	-123.206
51	55	-123.05
55	81	-123.011
91	93	-122.969
33	81	-122.943
69	79	-122.934
69	71	122.914
79	83	-122.809
57	85	-122.755
37	71	-122.624
47	95	122.561
79	99	-122.311
93	95	-122.293
17	49	-122.26
37	49	-122.229
65	73	-122.081
71	83	122.048
25	39	121.92
17	39	121.834
39	93	-121.82
83	87	-121.71
65	67	121.612
41	43	-121.563
39	45	-121.527
5	77	121.399
57	91	-121.364
19	27	-121.322
11	33	121.309
3	53	-121.203
3	79	-121.17
73	83	-121.058
15	53	-121.044
49	69	121.024
27	67	120.932
55	63	-120.865
75	87	120.783
41	79	-120.671
47	69	-120.652
11	71	120.648
27	79	-120.596
49	75	-120.572
33	75	-120.455
47	67	-120.448
5	85	-120.434
49	83	120.354
33	79	-120.32
33	69	120.231
3	71	120.215
27	97	-120.179
15	93	120.149
1	39	-120.135
1	33	120.109
11	99	119.906
39	77	-119.868
1	99	119.867
7	27	-119.821
75	99	-119.789
29	83	-119.703
53	61	-119.689
13	63	-119.665
23	33	119.581
5	39	-119.574
9	67	-119.526
43	55	-119.437
61	73	-119.436
55	83	119.404
45	85	-119.336
17	71	-119.13
25	67	-119.042
13	79	-118.943
37	55	-118.758
27	61	118.595
21	83	-118.473
13	51	-118.432
27	87	-118.351
47	63	118.338
3	9	-118.321
47	57	-118.197
39	67	-118.19
47	51	118.184
51	99	-118.107
37	39	118.106
39	91	117.921
81	83	-117.896
35	49	-117.825
41	57	117.785
11	69	117.717
23	55	117.68
45	81	-117.401
13	15	117.4
41	77	117.352
25	61	-117.301
53	65	-117.294
83	91	-117.283
55	95	-117.244
45	49	117.222
33	51	-117.215
49	77	117.129
55	69	117.106
61	67	116.992
73	81	116.921
35	39	116.848
39	75	116.809
19	65	-116.677
49	91	-116.673
15	79	-116.544
13	95	-116.51
63	99	-116.073
31	61	115.857
9	87	115.765
21	53	115.7
39	71	-115.672
3	41	115.442
65	93	115.422
7	87	115.414
25	73	115.335
33	63	-115.269
57	79	-115.245
9	61	-115.166
87	97	115.155
87	93	-115.095
5	45	115.054
65	89	-115.01
11	49	115.006
5	67	114.911
11	23	114.88
35	71	-114.85
13	47	-114.79
3	47	-114.716
9	73	114.675
31	53	-114.649
11	39	-114.59
79	95	114.531
43	99	-114.468
11	87	-114.463
59	87	-114.451
7	65	-114.324
59	61	114.232
33	43	-114.168
41	47	-114.127
35	83	-113.988
17	47	113.796
69	91	-113.774
41	63	-113.743
23	35	-113.737
33	37	-113.707
43	47	113.7
37	99	-113.571
19	87	113.559
35	69	-113.526
15	41	113.507
59	73	-113.381
27	65	113.228
95	99	-113.171
71	91	-113.061
31	73	-113.057
3	49	112.97
17	55	-112.946
61	81	-112.942
45	79	-112.938
19	61	-112.867
65	97	-112.82
23	91	-112.74
69	75	-112.694
11	83	112.652
29	53	112.627
15	39	-112.611
5	93	112.576
29	81	112.539
47	91	112.458
81	87	112.402
3	5	112.376
23	53	-112.365
25	29	112.248
33	95	-112.17
41	51	-112.146
77	81	-112.083
23	37	-112.007
41	49	111.999
87	89	111.958
79	85	111.889
53	55	-111.874
53	57	-111.873
23	39	-111.801
37	69	-111.763
31	87	-111.647
25	65	-111.542
23	75	-111.507
27	73	-111.448
61	93	111.428
61	89	-111.263
35	47	111.215
51	79	111.075
41	71	111.067
9	45	-111.066
17	83	-111.026
63	79	110.99
7	61	-110.983
41	95	-110.975
67	87	-110.95
9	65	-110.909
29	59	-110.801
53	59	-110.781
9	29	110.756
77	79	-110.652
31	65	110.587
29	31	-110.466
35	55	-110.458
17	69	-110.171
65	81	-110.136
25	87	110.023
53	99	-109.971
17	23	-109.899
21	25	109.862
41	45	109.801
21	49	-109.739
5	13	109.708
61	97	-109.675
37	47	109.522
21	71	-109.505
53	73	109.418
17	99	-109.404
1	69	109.375
59	65	109.356
55	91	-109.32
27	53	-109.288
17	33	-109.279
45	47	-109.266
57	69	109.139
27	91	-109.011
1	47	-108.941
31	39	-108.926
1	23	108.796
41	99	108.753
27	29	-108.729
39	83	-108.548
21	55	-108.539
77	87	-108.491
47	77	-108.49
21	81	108.474
65	85	-108.445
21	59	-108.342
21	31	-108.332
37	83	-108.278
13	39	-108.247
69	77	108.229
53	93	-108.089
75	83	-108.077
33	91	-108.071
39	61	-108.042
33	35	-107.929
91	99	-107.918
13	87	-107.899
85	87	107.845
35	99	-107.78
33	53	-107.668
59	91	-107.592
39	69	-107.517
13	65	107.455
23	57	107.416
5	83	107.397
3	69	107.316
5	41	107.293
43	69	-107.194
23	43	-107.177
39	41	-107.142
9	21	107.139
43	79	107.091
53	67	-107.06
5	27	107.047
29	49	-107.04
69	87	-106.967
47	75	106.958
9	77	-106.825
17	79	106.784
53	69	-106.676
57	81	-106.562
11	81	-106.525
33	41	106.491
39	65	-106.478
3	83	106.467
83	95	-106.432
39	59	-106.286
11	79	-106.217
77	83	106.138
11	47	-106.121
29	71	-106.117
43	83	-106.115
79	97	106.045
29	55	-106.016
21	33	-105.834
57	83	105.805
79	91	105.803
1	83	105.745
55	67	105.713
21	27	-105.71
79	89	105.699
21	39	105.516
23	77	105.51
61	85	-105.463
47	85	105.405
3	23	105.311
27	35	-105.288
33	73	-105.259
53	83	-105.194
41	53	-105.157
21	99	-105.149
7	79	105.104
49	93	105.049
41	55	105.033
55	73	-105.031
29	33	-104.978
35	79	104.844
31	91	-104.827
35	59	-104.79
45	87	-104.757
1	79	-104.718
49	73	-104.615
27	39	-104.524
19	79	104.466
33	67	104.371
73	99	-104.348
5	9	-104.255
63	83	-104.206
29	99	-104.202
37	79	104.159
75	79	104.155
13	61	104.151
3	87	-104.084
29	39	103.999
27	45	103.984
5	59	103.946
39	57	-103.884
15	23	103.813
71	73	-103.798
33	97	-103.733
15	69	103.571
13	49	103.467
13	99	103.448
15	83	103.344
63	69	-103.337
45	69	103.323
17	27	-103.185
9	95	103.184
39	85	103.165
23	63	-103.091
31	35	-103.047
9	11	-103.039
81	91	103.027
9	57	-103.011
5	25	-102.989
67	99	102.986
51	83	-102.984
97	99	-102.973
49	67	102.967
21	47	102.959
69	95	-102.947
23	61	102.818
45	83	102.787
5	31	102.786
49	85	-102.763
35	81	102.755
11	59	102.752
7	33	-102.693
13	71	102.659
11	31	102.644
41	65	102.627
17	59	-102.615
27	95	-102.61
39	73	102.574
51	69	-102.53
25	51	102.525
85	99	-102.492
29	47	102.488
33	85	-102.483
23	51	-102.478
5	81	-102.317
61	83	102.302
13	33	102.268
9	51	102.24
39	55	-102.224
75	81	102.208
55	93	102.206
9	91	102.068
9	35	102.037
15	27	102.028
7	99	-102.024
45	59	101.991
25	35	101.941
55	97	-101.928
7	53	101.926
9	63	101.891
23	95	-101.877
53	97	101.803
25	95	101.803
25	63	101.791
47	97	101.761
53	85	101.754
31	45	101.745
23	45	101.735
27	77	101.714
25	91	101.704
47	73	101.663
11	25	-101.654
19	53	101.629
5	69	101.629
23	87	-101.605
67	71	101.602
25	37	101.581
33	93	101.575
81	95	101.533
47	89	101.532
71	85	-101.517
61	69	101.501
7	55	-101.461
3	25	-101.454
39	99	-101.402
13	55	101.397
59	95	-101.388
13	53	-101.375
27	51	-101.374
31	75	-101.324
15	25	-101.308
7	47	101.287
17	31	-101.268
25	75	101.251
9	15	-101.251
53	89	101.236
27	63	-101.234
11	27	101.23
15	81	-101.215
3	27	101.193
41	61	101.187
23	65	101.182
25	45	-101.152
17	81	101.135
59	77	101.132
59	75	-101.128
1	25	-101.127
9	17	101.045
39	97	101.02
49	89	-100.98
19	49	-100.944
25	43	100.938
37	59	-100.937
31	77	100.921
19	47	100.91
19	33	-100.878
41	87	-100.873
31	37	-100.843
1	81	-100.835
71	93	100.821
55	85	-100.816
93	99	100.795
31	51	-100.79
5	23	100.787
17	25	100.783
31	95	-100.782
19	55	-100.778
7	49	-100.769
33	89	-100.765
37	81	100.758
51	81	100.747
1	31	100.693
65	83	100.69
31	57	100.682
49	97	-100.663
7	39	100.615
33	39	-100.59
63	81	100.565
19	71	-100.562
9	75	100.508
39	89	100.507
27	43	-100.502
73	79	100.499
89	99	-100.493
15	59	100.491
51	59	-100.49
71	89	-100.487
19	99	-100.478
57	59	100.475
9	43	100.474
65	69	100.467
15	31	100.462
55	89	-100.434
3	59	100.429
1	59	100.409
59	63	-100.382
9	37	100.367
31	63	-100.359
25	57	-100.354
27	37	-100.344
27	75	-100.308
27	57	100.278
29	79	100.262
21	79	100.26
43	59	-100.253
19	39	100.196
7	71	-100.136
1	27	100.117
3	31	100.111
43	81	100.086
31	43	-100.046
1	9	-100.04
25	77	-100.024
71	97	-100.021
74	75	20
16	17	20
76	77	20
32	33	20
78	79	20
38	39	20
80	81	20
82	83	20
84	85	20
54	55	20
86	87	20
88	89	20
90	91	20
92	93	20
36	37	20
94	95	20
96	97	20
24	25	20
22	23	20
66	67	20
72	73	20
64	65	20
48	49	20
18	19	20
26	27	20
68	69	20
30	31	20
62	63	20
52	53	20
34	35	20
44	45	20
70	71	20
28	29	20
60	61	20
20	21	20
42	43	20
58	59	20
14	15	20
46	47	20
56	57	20
50	51	20
40	41	20
0	1	20
98	99	20
2	3	20
10	11	20
4	5	20
12	13	20
8	9	20
6	7	20
18	89	19.9862
19	88	19.9862
6	97	19.9779
7	96	19.9779
50	63	19.9733
51	62	19.9733
33	98	19.96
32	99	19.96
29	72	19.9249
28	73	19.9249
0	75	-19.9236
1	74	-19.9236
60	65	19.9174
61	64	19.9174
16	35	19.912
17	34	19.912
34	91	19.8919
35	90	19.8919
36	43	19.889
37	42	19.889
31	58	19.8837
30	59	19.8837
26	59	19.8825
27	58	19.8825
62	95	19.8739
63	94	19.8739
43	62	19.8696
42	63	19.8696
54	99	19.8689
55	98	19.8689
33	54	19.8641
32	55	19.8641
7	18	19.8516
6	19	19.8516
6	89	19.8312
7	88	19.8312
20	29	19.8195
21	28	19.8195
9	80	19.8109
8	81	19.8109
67	92	19.8034
66	93	19.8034
43	50	19.7955
42	51	19.7955
50	95	19.7806
51	94	19.7806
85	88	19.7798
84	89	19.7798
10	75	-19.7471
11	74	-19.7471
44	77	19.7469
45	76	19.7469
1	36	-19.746
0	37	-19.746
3	44	19.737
2	45	19.737
19	96	19.7244
18	97	19.7244
46	79	19.72
47	78	19.72
7	84	19.7186
6	85	19.7186
89	96	19.7138
88	97	19.7138
85	96	19.7117
84	97	19.7117
16	91	19.7048
17	90	19.7048
16	43	19.6943
17	42	19.6943
19	84	19.6795
18	85	19.6795
27	30	19.6267
26	31	19.6267
42	95	19.6183
43	94	19.6183
1	42	-19.5952
0	43	-19.5952
17	36	19.5489
16	37	19.5489
37	74	19.5456
36	75	19.5456
37	62	19.5378
36	63	19.5378
20	73	19.5311
21	72	19.5311
3	76	19.5301
2	77	19.5301
16	95	19.505
17	94	19.505
11	76	19.4801
10	77	19.4801
16	63	19.4781
17	62	19.4781
37	50	19.4564
36	51	19.4564
5	14	19.4458
4	15	19.4458
23	40	19.4442
22	41	19.4442
1	10	19.4092
0	11	19.4092
49	70	19.4059
48	71	19.4059
0	51	-19.3989
1	50	-19.3989
7	72	19.3738
6	73	19.3738
23	68	19.3738
22	69	19.3738
29	34	19.3688
28	35	19.3688
34	43	19.3369
35	42	19.3369
20	35	19.3357
21	34	19.3357
72	97	19.3308
73	96	19.3308
1	62	-19.3253
0	63	-19.3253
68	83	19.2733
69	82	19.2733
34	37	19.273
35	36	19.273
21	36	19.273
20	37	19.273
17	50	19.2381
16	51	19.2381
42	75	19.2344
43	74	19.2344
28	91	19.1455
29	90	19.1455
16	21	19.1397
17	20	19.1397
36	95	19.1256
37	94	19.1256
6	29	19.1177
7	28	19.1177
18	73	19.0839
19	72	19.0839
35	72	19.0819
34	73	19.0819
34	95	19.0657
35	94	19.0657
14	57	19.065
15	56	19.065
38	53	19.0315
39	52	19.0315
22	25	-19.0284
23	24	-19.0284
29	96	19.0055
28	97	19.0055
58	69	18.9989
59	68	18.9989
59	82	18.9929
58	83	18.9929
31	68	18.9922
30	69	18.9922
34	63	18.9894
35	62	18.9894
73	90	18.9787
72	91	18.9787
19	28	18.978
18	29	18.978
74	77	-18.9763
75	76	-18.9763
17	28	18.9723
16	29	18.9723
25	30	-18.9696
24	31	-18.9696
50	75	18.9262
51	74	18.9262
54	71	18.905
55	70	18.905
5	86	-18.8963
4	87	-18.8963
72	89	18.8958
73	88	18.8958
21	90	18.8843
20	91	18.8843
14	65	18.8815
15	64	18.8815
42	91	18.8448
43	90	18.8448
91	94	18.8423
90	95	18.8423
40	85	-18.8413
41	84	-18.8413
62	75	18.8344
63	74	18.8344
20	43	18.8297
21	42	18.8297
12	93	18.829
13	92	18.829
18	21	18.8035
19	20	18.8035
28	89	18.7551
29	88	18.7551
27	82	18.7545
26	83	18.7545
10	37	-18.7536
11	36	-18.7536
0	17	-18.7481
1	16	-18.7481
23	30	18.7409
22	31	18.7409
41	68	18.7294
40	69	18.7294
0	95	-18.6827
1	94	-18.6827
34	51	18.6787
35	50	18.6787
12	69	18.675
13	68	18.675
36	91	18.673
37	90	18.673
6	21	18.6706
7	20	18.6706
28	37	18.646
29	36	18.646
70	99	18.5932
71	98	18.5932
1	76	18.5919
0	77	18.5919
12	67	18.588
13	66	18.588
11	44	18.5735
10	45	18.5735
62	91	18.5682
63	90	18.5682
21	88	18.5544
20	89	18.5544
17	72	18.553
16	73	18.553
12	41	18.5044
13	40	18.5044
56	65	18.5024
57	64	18.5024
1	20	-18.4953
0	21	-18.4953
30	83	18.4851
31	82	18.4851
21	74	18.4554
20	75	18.4554
20	97	18.4533
21	96	18.4533
41	88	-18.4519
40	89	-18.4519
14	61	18.4468
15	60	18.4468
3	10	18.4065
2	11	18.4065
27	68	18.3445
26	69	18.3445
72	85	18.3359
73	84	18.3359
17	74	18.2972
16	75	18.2972
60	71	18.2767
61	70	18.2767
1	34	-18.2744
0	35	-18.2744
22	59	18.2725
23	58	18.2725
33	70	18.267
32	71	18.267
29	42	18.2561
28	43	18.2561
54	61	18.2488
55	60	18.2488
25	58	-18.2424
24	59	-18.2424
11	42	-18.2211
10	43	-18.2211
51	90	18.2003
50	91	18.2003
19	40	-18.1943
18	41	-18.1943
8	79	18.1787
9	78	18.1787
5	64	18.1406
4	65	18.1406
78	81	18.1041
79	80	18.1041
75	94	18.0687
74	95	18.0687
20	63	18.0408
21	62	18.0408
37	72	18.0312
36	73	18.0312
47	48	-18.002
46	49	-18.002
28	85	17.9867
29	84	17.9867
4	61	17.9746
5	60	17.9746
45	74	-17.9707
44	75	-17.9707
13	82	17.9649
12	83	17.9649
25	68	-17.8565
24	69	-17.8565
34	75	17.8538
35	74	17.8538
11	20	-17.8363
10	21	-17.8363
11	50	-17.8219
10	51	-17.8219
9	24	17.8166
8	25	17.8166
54	65	17.8163
55	64	17.8163
57	60	17.8072
56	61	17.8072
21	50	17.7734
20	51	17.7734
6	41	-17.7344
7	40	-17.7344
13	22	17.7121
12	23	17.7121
21	94	17.6888
20	95	17.6888
10	63	-17.68
11	62	-17.68
25	26	-17.6396
24	27	-17.6396
43	72	17.6305
42	73	17.6305
40	97	-17.6235
41	96	-17.6235
1	44	17.5905
0	45	17.5905
22	83	17.5753
23	82	17.5753
0	29	-17.5728
1	28	-17.5728
64	71	17.5584
65	70	17.5584
21	84	17.5303
20	85	17.5303
0	91	-17.4943
1	90	-17.4943
10	67	17.47
11	66	17.47
49	60	17.4689
48	61	17.4689
28	63	17.4548
29	62	17.4548
29	74	17.4548
28	75	17.4548
24	41	-17.4345
25	40	-17.4345
3	74	-17.4289
2	75	-17.4289
23	26	17.4238
22	27	17.4238
36	77	-17.4238
37	76	-17.4238
33	60	17.3942
32	61	17.3942
4	57	17.3485
5	56	17.3485
61	98	17.345
60	99	17.345
28	95	17.2872
29	94	17.2872
7	34	17.2555
6	35	17.2555
22	85	-17.2385
23	84	-17.2385
8	47	17.1673
9	46	17.1673
15	86	-17.1436
14	87	-17.1436
34	97	17.1245
35	96	17.1245
10	17	-17.1085
11	16	-17.1085
29	50	17.1012
28	51	17.1012
18	35	17.0643
19	34	17.0643
48	55	17.0551
49	54	17.0551
6	91	17.0444
7	90	17.0444
13	88	-17.0434
12	89	-17.0434
49	78	-17.0308
48	79	-17.0308
51	76	-17.0109
50	77	-17.0109
43	76	-17.0096
42	77	-17.0096
75	90	16.9965
74	91	16.9965
90	97	16.9792
91	96	16.9792
32	65	16.9753
33	64	16.9753
30	41	16.9668
31	40	16.9668
13	18	-16.8963
12	19	-16.8963
3	66	16.8915
2	67	16.8915
0	3	16.8612
1	2	16.8612
65	98	16.8454
64	99	16.8454
47	80	16.8401
46	81	16.8401
1	72	-16.8386
0	73	-16.8386
63	72	16.7987
62	73	16.7987
11	94	-16.7534
10	95	-16.7534
66	77	16.7439
67	76	16.7439
35	88	16.7366
34	89	16.7366
25	80	16.7326
24	81	16.7326
72	75	16.7202
73	74	16.7202
10	29	-16.7103
11	28	-16.7103
62	77	-16.7073
63	76	-16.7073
72	95	16.7031
73	94	16.7031
48	65	16.6966
49	64	16.6966
10	35	-16.6899
11	34	-16.6899
18	91	16.6857
19	90	16.6857
18	37	16.6852
19	36	16.6852
40	83	16.6591
41	82	16.6591
12	85	-16.6414
13	84	-16.6414
48	99	16.6073
49	98	16.6073
7	16	16.5759
6	17	16.5759
40	59	16.5419
41	58	16.5419
22	89	-16.505
23	88	-16.505
16	19	16.4898
17	18	16.4898
48	87	-16.4886
49	86	-16.4886
46	87	16.4825
47	86	16.4825
6	37	16.4212
7	36	16.4212
51	72	16.4092
50	73	16.4092
17	96	16.4029
16	97	16.4029
89	90	16.3677
88	91	16.3677
37	88	16.3465
36	89	16.3465
60	87	-16.3421
61	86	-16.3421
67	74	-16.2458
66	75	-16.2458
11	92	16.2438
10	93	16.2438
36	45	-16.2328
37	44	-16.2328
83	92	16.2261
82	93	16.2261
32	49	16.1893
33	48	16.1893
24	83	-16.1802
25	82	-16.1802
9	22	-16.1734
8	23	-16.1734
19	22	-16.1699
18	23	-16.1699
64	87	-16.1472
65	86	-16.1472
16	89	16.1421
17	88	16.1421
37	96	16.1371
36	97	16.1371
44	51	-16.1122
45	50	-16.1122
68	93	16.0917
69	92	16.0917
27	98	16.0874
26	99	16.0874
12	59	16.0607
13	58	16.0607
18	75	16.0443
19	74	16.0443
10	73	-15.99
11	72	-15.99
11	18	-15.9621
10	19	-15.9621
20	77	-15.9467
21	76	-15.9467
2	93	15.9422
3	92	15.9422
69	84	-15.9296
68	85	-15.9296
13	30	15.9292
12	31	15.9292
52	95	15.9242
53	94	15.9242
43	44	-15.9077
42	45	-15.9077
6	13	-15.897
7	12	-15.897
46	71	-15.8953
47	70	-15.8953
19	42	15.8791
18	43	15.8791
1	18	-15.7883
0	19	-15.7883
44	67	15.786
45	66	15.786
7	22	-15.7644
6	23	-15.7644
10	91	-15.7483
11	90	-15.7483
45	62	-15.7422
44	63	-15.7422
74	89	15.7373
75	88	15.7373
18	67	-15.7318
19	66	-15.7318
66	89	-15.7208
67	88	-15.7208
6	43	15.7193
7	42	15.7193
23	96	-15.7182
22	97	-15.7182
41	92	15.714
40	93	15.714
51	52	15.7119
50	53	15.7119
34	85	15.7105
35	84	15.7105
25	48	-15.7099
24	49	-15.7099
11	88	-15.7067
10	89	-15.7067
40	67	15.7054
41	66	15.7054
77	94	-15.7037
76	95	-15.7037
27	32	15.6438
26	33	15.6438
68	89	-15.6001
69	88	-15.6001
40	73	-15.5888
41	72	-15.5888
8	49	-15.5885
9	48	-15.5885
26	41	15.5721
27	40	15.5721
12	97	-15.5715
13	96	-15.5715
77	92	15.5671
76	93	15.5671
16	77	-15.5585
17	76	-15.5585
4	49	15.5534
5	48	15.5534
24	71	-15.5446
25	70	-15.5446
2	37	-15.5253
3	36	-15.5253
42	89	15.5236
43	88	15.5236
6	75	15.5032
7	74	15.5032
52	63	15.4957
53	62	15.4957
0	67	15.4844
1	66	15.4844
85	90	15.4742
84	91	15.4742
42	97	15.4664
43	96	15.4664
0	89	-15.4595
1	88	-15.4595
66	69	15.4165
67	68	15.4165
1	6	-15.355
0	7	-15.355
21	66	-15.3401
20	67	-15.3401
28	41	-15.3304
29	40	-15.3304
58	99	15.318
59	98	15.318
18	69	-15.318
19	68	-15.318
22	81	-15.3085
23	80	-15.3085
31	98	15.3024
30	99	15.3024
8	41	-15.2754
9	40	-15.2754
7	10	-15.2502
6	11	-15.2502
12	27	15.2437
13	26	15.2437
71	86	-15.2017
70	87	-15.2017
67	82	15.1917
66	83	15.1917
4	71	15.1825
5	70	15.1825
31	70	15.1679
30	71	15.1679
20	41	-15.1652
21	40	-15.1652
74	97	15.1581
75	96	15.1581
27	70	15.1521
26	71	15.1521
26	55	15.1119
27	54	15.1119
24	85	15.0617
25	84	15.0617
24	79	15.0612
25	78	15.0612
2	51	-15.0481
3	50	-15.0481
3	42	-15.0344
2	43	-15.0344
0	97	-15.0336
1	96	-15.0336
37	84	15.0281
36	85	15.0281
89	92	-15.0144
88	93	-15.0144
34	77	-15.0115
35	76	-15.0115
16	85	15.0093
17	84	15.0093
12	21	-15.003
13	20	-15.003
36	67	-14.9919
37	66	-14.9919
74	93	-14.9873
75	92	-14.9873
19	92	-14.9776
18	93	-14.9776
71	78	-14.9644
70	79	-14.9644
12	25	-14.9463
13	24	-14.9463
79	86	14.9312
78	87	14.9312
9	30	-14.9189
8	31	-14.9189
10	13	14.9139
11	12	14.9139
11	96	-14.8822
10	97	-14.8822
32	59	14.8386
33	58	14.8386
15	70	14.8347
14	71	14.8347
67	84	-14.8236
66	85	-14.8236
19	62	14.8025
18	63	14.8025
28	77	-14.8024
29	76	-14.8024
14	55	14.7931
15	54	14.7931
31	32	14.7862
30	33	14.7862
55	56	14.7784
54	57	14.7784
58	71	14.7652
59	70	14.7652
40	81	-14.7627
41	80	-14.7627
45	94	-14.7614
44	95	-14.7614
2	63	-14.7242
3	62	-14.7242
25	46	14.7214
24	47	14.7214
45	92	14.697
44	93	14.697
22	93	14.6949
23	92	14.6949
7	62	14.6933
6	63	14.6933
7	68	-14.6803
6	69	-14.6803
49	80	-14.6727
48	81	-14.6727
7	66	-14.6427
6	67	-14.6427
21	44	-14.642
20	45	-14.642
5	16	-14.6318
4	17	-14.6318
4	35	-14.6304
5	34	-14.6304
15	48	14.6052
14	49	14.6052
12	29	-14.5935
13	28	-14.5935
11	56	14.5808
10	57	14.5808
15	36	-14.5667
14	37	-14.5667
81	84	14.5466
80	85	14.5466
30	49	14.5439
31	48	14.5439
9	84	14.5391
8	85	14.5391
68	97	-14.539
69	96	-14.539
5	90	-14.5356
4	91	-14.5356
57	86	-14.5183
56	87	-14.5183
14	21	-14.5005
15	20	-14.5005
19	50	14.4973
18	51	14.4973
62	97	14.4638
63	96	14.4638
13	72	-14.4599
12	73	-14.4599
31	54	14.4579
30	55	14.4579
63	88	14.4468
62	89	14.4468
64	75	-14.4452
65	74	-14.4452
7	94	14.4353
6	95	14.4353
17	44	-14.428
16	45	-14.428
0	65	14.4235
1	64	14.4235
18	95	14.4163
19	94	14.4163
28	67	-14.4076
29	66	-14.4076
43	52	14.4028
42	53	14.4028
5	42	-14.4009
4	43	-14.4009
0	15	14.4
1	14	14.4
24	99	-14.3925
25	98	-14.3925
54	59	14.3905
55	58	14.3905
15	74	-14.3822
14	75	-14.3822
14	43	-14.3766
15	42	-14.3766
10	85	-14.3735
11	84	-14.3735
74	85	14.3619
75	84	14.3619
5	54	14.3593
4	55	14.3593
4	37	-14.3522
5	36	-14.3522
2	21	-14.3451
3	20	-14.3451
7	50	14.3451
6	51	14.3451
10	65	14.3179
11	64	14.3179
0	61	14.3172
1	60	14.3172
21	92	-14.3084
20	93	-14.3084
9	70	-14.3078
8	71	-14.3078
23	66	14.3078
22	67	14.3078
4	95	-14.2935
5	94	-14.2935
85	92	-14.2736
84	93	-14.2736
5	20	-14.2697
4	21	-14.2697
61	74	-14.2674
60	75	-14.2674
57	74	-14.2655
56	75	-14.2655
0	93	14.2652
1	92	14.2652
4	63	-14.258
5	62	-14.258
67	96	-14.2558
66	97	-14.2558
94	97	14.2507
95	96	14.2507
43	84	14.2464
42	85	14.2464
15	16	-14.2335
14	17	-14.2335
65	76	14.2147
64	77	14.2147
46	61	-14.2115
47	60	-14.2115
4	29	-14.2104
5	28	-14.2104
15	28	-14.1804
14	29	-14.1804
43	66	-14.1745
42	67	-14.1745
15	34	-14.1731
14	35	-14.1731
86	91	14.1662
87	90	14.1662
27	48	14.1634
26	49	14.1634
56	77	14.1496
57	76	14.1496
50	89	14.147
51	88	14.147
72	77	-14.1438
73	76	-14.1438
8	69	-14.143
9	68	-14.143
76	91	-14.1241
77	90	-14.1241
5	50	-14.116
4	51	-14.116
33	56	14.1085
32	57	14.1085
50	97	14.1071
51	96	14.1071
0	85	-14.0984
1	84	-14.0984
10	15	14.0919
11	14	14.0919
15	62	-14.079
14	63	-14.079
89	94	14.0647
88	95	14.0647
36	65	-14.0552
37	64	-14.0552
56	67	14.0512
57	66	14.0512
50	61	-14.0475
51	60	-14.0475
11	60	14.038
10	61	14.038
15	50	-14.0323
14	51	-14.0323
60	77	14.0289
61	76	14.0289
30	85	-14.0262
31	84	-14.0262
12	75	-14.0234
13	74	-14.0234
18	77	-14.0136
19	76	-14.0136
49	58	14.0125
48	59	14.0125
4	47	-14.0032
5	46	-14.0032
5	72	-13.9993
4	73	-13.9993
15	32	13.9835
14	33	13.9835
1	56	13.9793
0	57	13.9793
9	58	-13.9713
8	59	-13.9713
24	89	13.9704
25	88	13.9704
38	95	13.9666
39	94	13.9666
42	65	-13.9566
43	64	-13.9566
50	65	-13.9551
51	64	-13.9551
66	73	-13.9499
67	72	-13.9499
36	61	-13.9375
37	60	-13.9375
43	60	-13.9354
42	61	-13.9354
60	63	-13.9245
61	62	-13.9245
34	87	13.9228
35	86	13.9228
16	87	13.9136
17	86	13.9136
7	92	-13.9058
6	93	-13.9058
35	44	-13.9015
34	45	-13.9015
86	95	13.8987
87	94	13.8987
39	78	13.8936
38	79	13.8936
15	72	-13.8878
14	73	-13.8878
45	54	13.8783
44	55	13.8783
36	93	-13.8765
37	92	-13.8765
25	32	-13.8682
24	33	-13.8682
45	64	13.8651
44	65	13.8651
25	54	-13.8644
24	55	-13.8644
1	4	13.8613
0	5	13.8613
63	64	-13.8461
62	65	-13.8461
57	70	13.8363
56	71	13.8363
82	85	-13.8245
83	84	-13.8245
14	91	-13.8227
15	90	-13.8227
15	98	13.8122
14	99	13.8122
14	95	-13.803
15	94	-13.803
49	52	-13.8019
48	53	-13.8019
38	47	13.7978
39	46	13.7978
17	52	13.7978
16	53	13.7978
30	81	-13.7961
31	80	-13.7961
76	89	-13.786
77	88	-13.786
57	98	13.7725
56	99	13.7725
3	94	-13.7691
2	95	-13.7691
1	52	-13.7641
0	53	-13.7641
9	38	13.762
8	39	13.762
45	60	13.749
44	61	13.749
82	89	-13.738
83	88	-13.738
32	45	13.716
33	44	13.716
2	57	13.6976
3	56	13.6976
36	57	-13.6736
37	56	-13.6736
46	65	-13.6664
47	64	-13.6664
3	16	-13.6652
2	17	-13.6652
29	44	-13.6612
28	45	-13.6612
80	97	13.6446
81	96	13.6446
5	74	-13.6355
4	75	-13.6355
18	25	13.6261
19	24	13.6261
58	85	-13.6256
59	84	-13.6256
44	57	13.615
45	56	13.615
39	80	13.6054
38	81	13.6054
20	57	-13.5959
21	56	-13.5959
5	32	13.5764
4	33	13.5764
16	67	-13.5718
17	66	-13.5718
24	97	13.5664
25	96	13.5664
92	97	-13.5482
93	96	-13.5482
5	98	13.5433
4	99	13.5433
18	83	-13.5418
19	82	-13.5418
61	94	-13.5383
60	95	-13.5383
12	37	-13.5382
13	36	-13.5382
38	51	13.5349
39	50	13.5349
45	98	13.5263
44	99	13.5263
3	64	13.5168
2	65	13.5168
22	73	-13.5141
23	72	-13.5141
13	76	13.5111
12	77	13.5111
28	93	-13.5102
29	92	-13.5102
36	53	13.5031
37	52	13.5031
7	24	13.4934
6	25	13.4934
59	92	13.4871
58	93	13.4871
62	87	13.4851
63	86	13.4851
57	92	13.4843
56	93	13.4843
51	66	-13.4776
50	67	-13.4776
35	66	-13.4775
34	67	-13.4775
63	66	-13.4632
62	67	-13.4632
71	80	-13.4539
70	81	-13.4539
9	96	13.4531
8	97	13.4531
55	76	13.4482
54	77	13.4482
6	77	-13.4467
7	76	-13.4467
65	94	-13.4115
64	95	-13.4115
14	19	-13.411
15	18	-13.411
1	12	13.4085
0	13	13.4085
38	63	13.4069
39	62	13.4069
54	87	-13.3971
55	86	-13.3971
3	28	-13.3833
2	29	-13.3833
6	81	13.3816
7	80	13.3816
43	86	13.3732
42	87	13.3732
9	26	-13.3674
8	27	-13.3674
78	93	-13.3621
79	92	-13.3621
2	13	13.346
3	12	13.346
46	53	13.3415
47	52	13.3415
48	51	-13.3255
49	50	-13.3255
16	65	-13.3254
17	64	-13.3254
30	89	-13.3208
31	88	-13.3208
3	54	13.314
2	55	13.314
69	80	-13.308
68	81	-13.308
2	61	13.3037
3	60	13.3037
17	60	-13.2871
16	61	-13.2871
48	95	-13.2839
49	94	-13.2839
50	87	13.2825
51	86	13.2825
81	88	13.2666
80	89	13.2666
42	57	-13.2538
43	56	-13.2538
14	77	13.2531
15	76	13.2531
3	34	-13.2419
2	35	-13.2419
63	84	13.2399
62	85	13.2399
14	89	-13.2394
15	88	-13.2394
9	88	13.2342
8	89	13.2342
7	8	13.2264
6	9	13.2264
6	15	-13.2173
7	14	-13.2173
2	33	13.2107
3	32	13.2107
11	40	13.2024
10	41	13.2024
22	29	-13.2007
23	28	-13.2007
49	62	-13.199
48	63	-13.199
31	92	13.1962
30	93	13.1962
50	71	-13.1923
51	70	-13.1923
61	78	-13.1808
60	79	-13.1808
2	19	-13.1773
3	18	-13.1773
76	97	-13.1764
77	96	-13.1764
42	93	-13.1757
43	92	-13.1757
21	64	-13.1746
20	65	-13.1746
53	74	13.1504
52	75	13.1504
44	73	-13.1495
45	72	-13.1495
45	90	-13.149
44	91	-13.149
33	76	13.139
32	77	13.139
72	93	-13.1306
73	92	-13.1306
49	56	13.1178
48	57	13.1178
47	54	-13.091
46	55	-13.091
52	79	13.0889
53	78	13.0889
34	53	13.0877
35	52	13.0877
18	57	-13.0859
19	56	-13.0859
8	53	13.0729
9	52	13.0729
34	41	-13.0674
35	40	-13.0674
59	88	-13.0534
58	89	-13.0534
36	87	13.0521
37	86	13.0521
52	91	13.0503
53	90	13.0503
14	97	-13.0499
15	96	-13.0499
12	35	-13.0461
13	34	-13.0461
22	79	-13.0421
23	78	-13.0421
28	57	-13.0343
29	56	-13.0343
2	89	-13.0338
3	88	-13.0338
18	31	-13.0298
19	30	-13.0298
5	10	13.0295
4	11	13.0295
34	65	-13.0235
35	64	-13.0235
19	80	13.0057
18	81	13.0057
6	83	-13.0013
7	82	-13.0013
62	71	-12.9864
63	70	-12.9864
56	89	-12.981
57	88	-12.981
20	23	-12.9787
21	22	-12.9787
76	99	12.9642
77	98	12.9642
29	86	12.9585
28	87	12.9585
30	47	-12.9575
31	46	-12.9575
85	94	12.9529
84	95	12.9529
8	19	12.9465
9	18	12.9465
51	84	12.9449
50	85	12.9449
52	71	-12.9437
53	70	-12.9437
35	60	-12.9413
34	61	-12.9413
3	98	12.9409
2	99	12.9409
3	72	-12.9356
2	73	-12.9356
59	80	-12.9343
58	81	-12.9343
50	57	-12.9297
51	56	-12.9297
4	7	-12.9195
5	6	-12.9195
37	40	-12.9179
36	41	-12.9179
68	73	-12.917
69	72	-12.917
18	45	-12.9011
19	44	-12.9011
30	79	-12.8958
31	78	-12.8958
26	93	12.8911
27	92	12.8911
20	61	-12.8894
21	60	-12.8894
27	84	-12.8848
26	85	-12.8848
87	98	-12.8815
86	99	-12.8815
82	97	-12.8773
83	96	-12.8773
66	95	-12.8722
67	94	-12.8722
4	19	-12.8717
5	18	-12.8717
57	62	-12.861
56	63	-12.861
67	90	-12.85
66	91	-12.85
72	87	12.8333
73	86	12.8333
46	93	-12.8331
47	92	-12.8331
12	57	12.8244
13	56	12.8244
4	97	-12.8217
5	96	-12.8217
70	95	-12.8206
71	94	-12.8206
20	87	12.8103
21	86	12.8103
45	52	-12.8024
44	53	-12.8024
41	90	-12.8011
40	91	-12.8011
18	59	-12.7941
19	58	-12.7941
23	48	12.7927
22	49	12.7927
40	75	-12.7925
41	74	-12.7925
12	17	-12.7894
13	16	-12.7894
17	92	-12.7773
16	93	-12.7773
22	71	12.7716
23	70	12.7716
39	48	-12.7699
38	49	-12.7699
83	98	12.7636
82	99	12.7636
31	96	-12.7518
30	97	-12.7518
6	31	-12.7469
7	30	-12.7469
2	7	-12.7467
3	6	-12.7467
17	56	-12.7415
16	57	-12.7415
28	69	-12.7403
29	68	-12.7403
65	78	-12.7363
64	79	-12.7363
13	42	-12.7327
12	43	-12.7327
52	77	-12.7326
53	76	-12.7326
1	70	12.7309
0	71	12.7309
33	86	-12.726
32	87	-12.726
35	92	-12.7243
34	93	-12.7243
57	72	-12.7135
56	73	-12.7135
13	90	-12.7116
12	91	-12.7116
77	84	-12.7104
76	85	-12.7104
45	88	-12.7097
44	89	-12.7097
8	13	-12.7082
9	12	-12.7082
44	71	12.7055
45	70	12.7055
42	49	-12.6838
43	48	-12.6838
58	67	12.6821
59	66	12.6821
46	99	-12.6785
47	98	-12.6785
4	89	-12.6783
5	88	-12.6783
21	68	-12.6765
20	69	-12.6765
14	47	-12.6694
15	46	-12.6694
2	81	-12.6635
3	80	-12.6635
9	98	-12.6606
8	99	-12.6606
25	52	12.6544
24	53	12.6544
34	57	-12.6295
35	56	-12.6295
7	56	-12.6244
6	57	-12.6244
80	93	-12.6229
81	92	-12.6229
67	78	-12.6076
66	79	-12.6076
28	65	-12.6067
29	64	-12.6067
65	90	-12.5996
64	91	-12.5996
63	92	-12.5947
62	93	-12.5947
4	79	-12.5896
5	78	-12.5896
2	97	-12.5872
3	96	-12.5872
42	71	-12.5839
43	70	-12.5839
51	92	-12.5744
50	93	-12.5744
9	54	-12.5686
8	55	-12.5686
52	81	12.5685
53	80	12.5685
55	78	-12.5676
54	79	-12.5676
11	54	12.564
10	55	12.564
54	75	-12.5613
55	74	-12.5613
1	54	12.5593
0	55	12.5593
61	90	-12.5539
60	91	-12.5539
15	44	12.5525
14	45	12.5525
16	41	-12.552
17	40	-12.552
6	45	-12.5497
7	44	-12.5497
15	66	12.5485
14	67	12.5485
46	59	-12.5454
47	58	-12.5454
70	77	12.5445
71	76	12.5445
38	87	12.5283
39	86	12.5283
22	47	-12.5186
23	46	-12.5186
6	59	-12.5181
7	58	-12.5181
58	97	-12.5169
59	96	-12.5169
3	90	-12.5057
2	91	-12.5057
15	84	-12.5028
14	85	-12.5028
39	42	12.4991
38	43	12.4991
5	52	-12.4861
4	53	-12.4861
71	74	-12.4843
70	75	-12.4843
31	66	12.4819
30	67	12.4819
8	83	-12.4802
9	82	-12.4802
12	81	-12.4547
13	80	-12.4547
13	44	12.4532
12	45	12.4532
9	32	-12.4479
8	33	-12.4479
46	83	-12.4431
47	82	-12.4431
53	86	12.4409
52	87	12.4409
1	86	-12.4243
0	87	-12.4243
56	97	-12.4153
57	96	-12.4153
0	49	12.415
1	48	12.415
33	82	12.4111
32	83	12.4111
68	99	12.4102
69	98	12.4102
27	80	-12.4022
26	81	-12.4022
25	92	-12.3913
24	93	-12.3913
1	40	12.391
0	41	12.391
44	97	-12.3905
45	96	-12.3905
32	47	-12.3864
33	46	-12.3864
58	79	-12.3734
59	78	-12.3734
26	47	-12.3729
27	46	-12.3729
23	98	12.3585
22	99	12.3585
27	88	-12.3517
26	89	-12.3517
81	98	-12.3499
80	99	-12.3499
66	81	-12.3455
67	80	-12.3455
3	84	-12.3446
2	85	-12.3446
28	61	-12.3414
29	60	-12.3414
56	95	-12.3391
57	94	-12.3391
3	14	12.3363
2	15	12.3363
3	38	-12.3362
2	39	-12.3362
11	52	-12.3213
10	53	-12.3213
9	92	-12.3206
8	93	-12.3206
50	55	-12.305
51	54	-12.305
55	80	-12.3011
54	81	-12.3011
91	92	-12.2969
90	93	-12.2969
33	80	-12.2943
32	81	-12.2943
68	79	-12.2934
69	78	-12.2934
69	70	12.2914
68	71	12.2914
79	82	-12.2809
78	83	-12.2809
57	84	-12.2755
56	85	-12.2755
37	70	-12.2624
36	71	-12.2624
47	94	12.2561
46	95	12.2561
79	98	-12.2311
78	99	-12.2311
92	95	-12.2293
93	94	-12.2293
16	49	-12.226
17	48	-12.226
37	48	-12.2229
36	49	-12.2229
65	72	-12.2081
64	73	-12.2081
71	82	12.2048
70	83	12.2048
24	39	12.192
25	38	12.192
16	39	12.1834
17	38	12.1834
38	93	-12.182
39	92	-12.182
83	86	-12.171
82	87	-12.171
65	66	12.1612
64	67	12.1612
40	43	-12.1563
41	42	-12.1563
38	45	-12.1527
39	44	-12.1527
4	77	12.1399
5	76	12.1399
56	91	-12.1364
57	90	-12.1364
18	27	-12.1322
19	26	-12.1322
10	33	12.1309
11	32	12.1309
2	53	-12.1203
3	52	-12.1203
3	78	-12.117
2	79	-12.117
73	82	-12.1058
72	83	-12.1058
15	52	-12.1044
14	53	-12.1044
49	68	12.1024
48	69	12.1024
27	66	12.0932
26	67	12.0932
54	63	-12.0865
55	62	-12.0865
74	87	12.0783
75	86	12.0783
40	79	-12.0671
41	78	-12.0671
46	69	-12.0652
47	68	-12.0652
10	71	12.0648
11	70	12.0648
27	78	-12.0596
26	79	-12.0596
49	74	-12.0572
48	75	-12.0572
33	74	-12.0455
32	75	-12.0455
47	66	-12.0448
46	67	-12.0448
5	84	-12.0434
4	85	-12.0434
49	82	12.0354
48	83	12.0354
32	79	-12.032
33	78	-12.032
33	68	12.0231
32	69	12.0231
3	70	12.0215
2	71	12.0215
27	96	-12.0179
26	97	-12.0179
14	93	12.0149
15	92	12.0149
1	38	-12.0135
0	39	-12.0135
1	32	12.0109
0	33	12.0109
10	99	11.9906
11	98	11.9906
39	76	-11.9868
38	77	-11.9868
1	98	11.9867
0	99	11.9867
6	27	-11.9821
7	26	-11.9821
74	99	-11.9789
75	98	-11.9789
29	82	-11.9703
28	83	-11.9703
52	61	-11.9689
53	60	-11.9689
13	62	-11.9665
12	63	-11.9665
23	32	11.9581
22	33	11.9581
5	38	-11.9574
4	39	-11.9574
8	67	-11.9526
9	66	-11.9526
42	55	-11.9437
43	54	-11.9437
60	73	-11.9436
61	72	-11.9436
55	82	11.9404
54	83	11.9404
44	85	-11.9336
45	84	-11.9336
17	70	-11.913
16	71	-11.913
25	66	-11.9042
24	67	-11.9042
13	78	-11.8943
12	79	-11.8943
37	54	-11.8758
36	55	-11.8758
26	61	11.8595
27	60	11.8595
20	83	-11.8473
21	82	-11.8473
12	51	-11.8432
13	50	-11.8432
27	86	-11.8351
26	87	-11.8351
47	62	11.8338
46	63	11.8338
2	9	-11.8321
3	8	-11.8321
47	56	-11.8197
46	57	-11.8197
39	66	-11.819
38	67	-11.819
47	50	11.8184
46	51	11.8184
50	99	-11.8107
51	98	-11.8107
37	38	11.8106
36	39	11.8106
38	91	11.7921
39	90	11.7921
80	83	-11.7896
81	82	-11.7896
34	49	-11.7825
35	48	-11.7825
41	56	11.7785
40	57	11.7785
10	69	11.7717
11	68	11.7717
23	54	11.768
22	55	11.768
44	81	-11.7401
45	80	-11.7401
13	14	11.74
12	15	11.74
40	77	11.7352
41	76	11.7352
24	61	-11.7301
25	60	-11.7301
52	65	-11.7294
53	64	-11.7294
82	91	-11.7283
83	90	-11.7283
55	94	-11.7244
54	95	-11.7244
45	48	11.7222
44	49	11.7222
33	50	-11.7215
32	51	-11.7215
49	76	11.7129
48	77	11.7129
54	69	11.7106
55	68	11.7106
61	66	11.6992
60	67	11.6992
72	81	11.6921
73	80	11.6921
35	38	11.6848
34	39	11.6848
39	74	11.6809
38	75	11.6809
18	65	-11.6677
19	64	-11.6677
49	90	-11.6673
48	91	-11.6673
15	78	-11.6544
14	79	-11.6544
12	95	-11.651
13	94	-11.651
63	98	-11.6073
62	99	-11.6073
31	60	11.5857
30	61	11.5857
8	87	11.5765
9	86	11.5765
20	53	11.57
21	52	11.57
38	71	-11.5672
39	70	-11.5672
2	41	11.5442
3	40	11.5442
64	93	11.5422
65	92	11.5422
6	87	11.5414
7	86	11.5414
24	73	11.5335
25	72	11.5335
32	63	-11.5269
33	62	-11.5269
56	79	-11.5245
57	78	-11.5245
8	61	-11.5166
9	60	-11.5166
87	96	11.5155
86	97	11.5155
87	92	-11.5095
86	93	-11.5095
5	44	11.5054
4	45	11.5054
64	89	-11.501
65	88	-11.501
10	49	11.5006
11	48	11.5006
4	67	11.4911
5	66	11.4911
11	22	11.488
10	23	11.488
35	70	-11.485
34	71	-11.485
12	47	-11.479
13	46	-11.479
3	46	-11.4716
2	47	-11.4716
9	72	11.4675
8	73	11.4675
31	52	-11.4649
30	53	-11.4649
10	39	-11.459
11	38	-11.459
79	94	11.4531
78	95	11.4531
43	98	-11.4468
42	99	-11.4468
10	87	-11.4463
11	86	-11.4463
59	86	-11.4451
58	87	-11.4451
7	64	-11.4324
6	65	-11.4324
58	61	11.4232
59	60	11.4232
32	43	-11.4168
33	42	-11.4168
40	47	-11.4127
41	46	-11.4127
34	83	-11.3988
35	82	-11.3988
17	46	11.3796
16	47	11.3796
68	91	-11.3774
69	90	-11.3774
40	63	-11.3743
41	62	-11.3743
22	35	-11.3737
23	34	-11.3737
33	36	-11.3707
32	37	-11.3707
43	46	11.37
42	47	11.37
36	99	-11.3571
37	98	-11.3571
18	87	11.3559
19	86	11.3559
35	68	-11.3526
34	69	-11.3526
15	40	11.3507
14	41	11.3507
59	72	-11.3381
58	73	-11.3381
27	64	11.3228
26	65	11.3228
95	98	-11.3171
94	99	-11.3171
71	90	-11.3061
70	91	-11.3061
31	72	-11.3057
30	73	-11.3057
3	48	11.297
2	49	11.297
16	55	-11.2946
17	54	-11.2946
60	81	-11.2942
61	80	-11.2942
44	79	-11.2938
45	78	-11.2938
19	60	-11.2867
18	61	-11.2867
65	96	-11.282
64	97	-11.282
23	90	-11.274
22	91	-11.274
69	74	-11.2694
68	75	-11.2694
10	83	11.2652
11	82	11.2652
28	53	11.2627
29	52	11.2627
15	38	-11.2611
14	39	-11.2611
4	93	11.2576
5	92	11.2576
28	81	11.2539
29	80	11.2539
46	91	11.2458
47	90	11.2458
81	86	11.2402
80	87	11.2402
3	4	11.2376
2	5	11.2376
22	53	-11.2365
23	52	-11.2365
24	29	11.2248
25	28	11.2248
33	94	-11.217
32	95	-11.217
41	50	-11.2146
40	51	-11.2146
77	80	-11.2083
76	81	-11.2083
22	37	-11.2007
23	36	-11.2007
41	48	11.1999
40	49	11.1999
86	89	11.1958
87	88	11.1958
79	84	11.1889
78	85	11.1889
53	54	-11.1874
52	55	-11.1874
52	57	-11.1873
53	56	-11.1873
23	38	-11.1801
22	39	-11.1801
36	69	-11.1763
37	68	-11.1763
31	86	-11.1647
30	87	-11.1647
24	65	-11.1542
25	64	-11.1542
22	75	-11.1507
23	74	-11.1507
27	72	-11.1448
26	73	-11.1448
60	93	11.1428
61	92	11.1428
60	89	-11.1263
61	88	-11.1263
35	46	11.1215
34	47	11.1215
51	78	11.1075
50	79	11.1075
40	71	11.1067
41	70	11.1067
9	44	-11.1066
8	45	-11.1066
16	83	-11.1026
17	82	-11.1026
63	78	11.099
62	79	11.099
6	61	-11.0983
7	60	-11.0983
40	95	-11.0975
41	94	-11.0975
67	86	-11.095
66	87	-11.095
8	65	-11.0909
9	64	-11.0909
29	58	-11.0801
28	59	-11.0801
52	59	-11.0781
53	58	-11.0781
9	28	11.0756
8	29	11.0756
76	79	-11.0652
77	78	-11.0652
31	64	11.0587
30	65	11.0587
28	31	-11.0466
29	30	-11.0466
35	54	-11.0458
34	55	-11.0458
16	69	-11.0171
17	68	-11.0171
64	81	-11.0136
65	80	-11.0136
24	87	11.0023
25	86	11.0023
53	98	-10.9971
52	99	-10.9971
16	23	-10.9899
17	22	-10.9899
21	24	10.9862
20	25	10.9862
41	44	10.9801
40	45	10.9801
20	49	-10.9739
21	48	-10.9739
5	12	10.9708
4	13	10.9708
61	96	-10.9675
60	97	-10.9675
37	46	10.9522
36	47	10.9522
21	70	-10.9505
20	71	-10.9505
53	72	10.9418
52	73	10.9418
17	98	-10.9404
16	99	-10.9404
0	69	10.9375
1	68	10.9375
58	65	10.9356
59	64	10.9356
54	91	-10.932
55	90	-10.932
26	53	-10.9288
27	52	-10.9288
16	33	-10.9279
17	32	-10.9279
44	47	-10.9266
45	46	-10.9266
56	69	10.9139
57	68	10.9139
27	90	-10.9011
26	91	-10.9011
0	47	-10.8941
1	46	-10.8941
30	39	-10.8926
31	38	-10.8926
1	22	10.8796
0	23	10.8796
41	98	10.8753
40	99	10.8753
26	29	-10.8729
27	28	-10.8729
39	82	-10.8548
38	83	-10.8548
20	55	-10.8539
21	54	-10.8539
77	86	-10.8491
76	87	-10.8491
46	77	-10.849
47	76	-10.849
20	81	10.8474
21	80	10.8474
64	85	-10.8445
65	84	-10.8445
20	59	-10.8342
21	58	-10.8342
20	31	-10.8332
21	30	-10.8332
36	83	-10.8278
37	82	-10.8278
12	39	-10.8247
13	38	-10.8247
69	76	10.8229
68	77	10.8229
53	92	-10.8089
52	93	-10.8089
74	83	-10.8077
75	82	-10.8077
33	90	-10.8071
32	91	-10.8071
39	60	-10.8042
38	61	-10.8042
32	35	-10.7929
33	34	-10.7929
91	98	-10.7918
90	99	-10.7918
12	87	-10.7899
13	86	-10.7899
85	86	10.7845
84	87	10.7845
34	99	-10.778
35	98	-10.778
32	53	-10.7668
33	52	-10.7668
59	90	-10.7592
58	91	-10.7592
39	68	-10.7517
38	69	-10.7517
13	64	10.7455
12	65	10.7455
23	56	10.7416
22	57	10.7416
4	83	10.7397
5	82	10.7397
3	68	10.7316
2	69	10.7316
5	40	10.7293
4	41	10.7293
43	68	-10.7194
42	69	-10.7194
23	42	-10.7177
22	43	-10.7177
39	40	-10.7142
38	41	-10.7142
9	20	10.7139
8	21	10.7139
42	79	10.7091
43	78	10.7091
53	66	-10.706
52	67	-10.706
4	27	10.7047
5	26	10.7047
29	48	-10.704
28	49	-10.704
68	87	-10.6967
69	86	-10.6967
46	75	10.6958
47	74	10.6958
9	76	-10.6825
8	77	-10.6825
16	79	10.6784
17	78	10.6784
53	68	-10.6676
52	69	-10.6676
57	80	-10.6562
56	81	-10.6562
11	80	-10.6525
10	81	-10.6525
33	40	10.6491
32	41	10.6491
39	64	-10.6478
38	65	-10.6478
2	83	10.6467
3	82	10.6467
82	95	-10.6432
83	94	-10.6432
39	58	-10.6286
38	59	-10.6286
11	78	-10.6217
10	79	-10.6217
76	83	10.6138
77	82	10.6138
10	47	-10.6121
11	46	-10.6121
29	70	-10.6117
28	71	-10.6117
43	82	-10.6115
42	83	-10.6115
78	97	10.6045
79	96	10.6045
29	54	-10.6016
28	55	-10.6016
20	33	-10.5834
21	32	-10.5834
57	82	10.5805
56	83	10.5805
78	91	10.5803
79	90	10.5803
1	82	10.5745
0	83	10.5745
55	66	10.5713
54	67	10.5713
21	26	-10.571
20	27	-10.571
78	89	10.5699
79	88	10.5699
20	39	10.5516
21	38	10.5516
22	77	10.551
23	76	10.551
60	85	-10.5463
61	84	-10.5463
46	85	10.5405
47	84	10.5405
3	22	10.5311
2	23	10.5311
27	34	-10.5288
26	35	-10.5288
33	72	-10.5259
32	73	-10.5259
53	82	-10.5194
52	83	-10.5194
40	53	-10.5157
41	52	-10.5157
20	99	-10.5149
21	98	-10.5149
7	78	10.5104
6	79	10.5104
48	93	10.5049
49	92	10.5049
40	55	10.5033
41	54	10.5033
55	72	-10.5031
54	73	-10.5031
29	32	-10.4978
28	33	-10.4978
35	78	10.4844
34	79	10.4844
31	90	-10.4827
30	91	-10.4827
35	58	-10.479
34	59	-10.479
45	86	-10.4757
44	87	-10.4757
0	79	-10.4718
1	78	-10.4718
49	72	-10.4615
48	73	-10.4615
26	39	-10.4524
27	38	-10.4524
18	79	10.4466
19	78	10.4466
33	66	10.4371
32	67	10.4371
73	98	-10.4348
72	99	-10.4348
4	9	-10.4255
5	8	-10.4255
62	83	-10.4206
63	82	-10.4206
29	98	-10.4202
28	99	-10.4202
36	79	10.4159
37	78	10.4159
75	78	10.4155
74	79	10.4155
12	61	10.4151
13	60	10.4151
3	86	-10.4084
2	87	-10.4084
28	39	10.3999
29	38	10.3999
26	45	10.3984
27	44	10.3984
4	59	10.3946
5	58	10.3946
38	57	-10.3884
39	56	-10.3884
14	23	10.3813
15	22	10.3813
70	73	-10.3798
71	72	-10.3798
32	97	-10.3733
33	96	-10.3733
15	68	10.3571
14	69	10.3571
13	48	10.3467
12	49	10.3467
13	98	10.3448
12	99	10.3448
15	82	10.3344
14	83	10.3344
62	69	-10.3337
63	68	-10.3337
44	69	10.3323
45	68	10.3323
16	27	-10.3185
17	26	-10.3185
8	95	10.3184
9	94	10.3184
38	85	10.3165
39	84	10.3165
23	62	-10.3091
22	63	-10.3091
30	35	-10.3047
31	34	-10.3047
9	10	-10.3039
8	11	-10.3039
81	90	10.3027
80	91	10.3027
8	57	-10.3011
9	56	-10.3011
5	24	-10.2989
4	25	-10.2989
66	99	10.2986
67	98	10.2986
50	83	-10.2984
51	82	-10.2984
96	99	-10.2973
97	98	-10.2973
48	67	10.2967
49	66	10.2967
21	46	10.2959
20	47	10.2959
69	94	-10.2947
68	95	-10.2947
23	60	10.2818
22	61	10.2818
44	83	10.2787
45	82	10.2787
4	31	10.2786
5	30	10.2786
49	84	-10.2763
48	85	-10.2763
35	80	10.2755
34	81	10.2755
10	59	10.2752
11	58	10.2752
6	33	-10.2693
7	32	-10.2693
13	70	10.2659
12	71	10.2659
11	30	10.2644
10	31	10.2644
41	64	10.2627
40	65	10.2627
16	59	-10.2615
17	58	-10.2615
27	94	-10.261
26	95	-10.261
38	73	10.2574
39	72	10.2574
51	68	-10.253
50	69	-10.253
25	50	10.2525
24	51	10.2525
85	98	-10.2492
84	99	-10.2492
29	46	10.2488
28	47	10.2488
33	84	-10.2483
32	85	-10.2483
23	50	-10.2478
22	51	-10.2478
5	80	-10.2317
4	81	-10.2317
60	83	10.2302
61	82	10.2302
13	32	10.2268
12	33	10.2268
8	51	10.224
9	50	10.224
39	54	-10.2224
38	55	-10.2224
74	81	10.2208
75	80	10.2208
55	92	10.2206
54	93	10.2206
9	90	10.2068
8	91	10.2068
8	35	10.2037
9	34	10.2037
15	26	10.2028
14	27	10.2028
6	99	-10.2024
7	98	-10.2024
44	59	10.1991
45	58	10.1991
24	35	10.1941
25	34	10.1941
55	96	-10.1928
54	97	-10.1928
6	53	10.1926
7	52	10.1926
8	63	10.1891
9	62	10.1891
23	94	-10.1877
22	95	-10.1877
53	96	10.1803
52	97	10.1803
24	95	10.1803
25	94	10.1803
25	62	10.1791
24	63	10.1791
47	96	10.1761
46	97	10.1761
52	85	10.1754
53	84	10.1754
31	44	10.1745
30	45	10.1745
23	44	10.1735
22	45	10.1735
27	76	10.1714
26	77	10.1714
24	91	10.1704
25	90	10.1704
47	72	10.1663
46	73	10.1663
10	25	-10.1654
11	24	-10.1654
19	52	10.1629
18	53	10.1629
4	69	10.1629
5	68	10.1629
23	86	-10.1605
22	87	-10.1605
66	71	10.1602
67	70	10.1602
24	37	10.1581
25	36	10.1581
32	93	10.1575
33	92	10.1575
81	94	10.1533
80	95	10.1533
46	89	10.1532
47	88	10.1532
70	85	-10.1517
71	84	-10.1517
61	68	10.1501
60	69	10.1501
7	54	-10.1461
6	55	-10.1461
3	24	-10.1454
2	25	-10.1454
38	99	-10.1402
39	98	-10.1402
13	54	10.1397
12	55	10.1397
59	94	-10.1388
58	95	-10.1388
13	52	-10.1375
12	53	-10.1375
27	50	-10.1374
26	51	-10.1374
31	74	-10.1324
30	75	-10.1324
14	25	-10.1308
15	24	-10.1308
6	47	10.1287
7	46	10.1287
17	30	-10.1268
16	31	-10.1268
25	74	10.1251
24	75	10.1251
8	15	-10.1251
9	14	-10.1251
52	89	10.1236
53	88	10.1236
27	62	-10.1234
26	63	-10.1234
11	26	10.123
10	27	10.123
15	80	-10.1215
14	81	-10.1215
2	27	10.1193
3	26	10.1193
40	61	10.1187
41	60	10.1187
22	65	10.1182
23	64	10.1182
25	44	-10.1152
24	45	-10.1152
16	81	10.1135
17	80	10.1135
58	77	10.1132
59	76	10.1132
59	74	-10.1128
58	75	-10.1128
0	25	-10.1127
1	24	-10.1127
9	16	10.1045
8	17	10.1045
38	97	10.102
39	96	10.102
49	88	-10.098
48	89	-10.098
19	48	-10.0944
18	49	-10.0944
24	43	10.0938
25	42	10.0938
36	59	-10.0937
37	58	-10.0937
30	77	10.0921
31	76	10.0921
18	47	10.091
19	46	10.091
19	32	-10.0878
18	33	-10.0878
41	86	-10.0873
40	87	-10.0873
31	36	-10.0843
30	37	-10.0843
1	80	-10.0835
0	81	-10.0835
71	92	10.0821
70	93	10.0821
55	84	-10.0816
54	85	-10.0816
93	98	10.0795
92	99	10.0795
30	51	-10.079
31	50	-10.079
5	22	10.0787
4	23	10.0787
17	24	10.0783
16	25	10.0783
31	94	-10.0782
30	95	-10.0782
19	54	-10.0778
18	55	-10.0778
6	49	-10.0769
7	48	-10.0769
33	88	-10.0765
32	89	-10.0765
37	80	10.0758
36	81	10.0758
51	80	10.0747
50	81	10.0747
1	30	10.0693
0	31	10.0693
64	83	10.069
65	82	10.069
31	56	10.0682
30	57	10.0682
48	97	-10.0663
49	96	-10.0663
7	38	10.0615
6	39	10.0615
32	39	-10.059
33	38	-10.059
62	81	10.0565
63	80	10.0565
18	71	-10.0562
19	70	-10.0562
8	75	10.0508
9	74	10.0508
38	89	10.0507
39	88	10.0507
27	42	-10.0502
26	43	-10.0502
73	78	10.0499
72	79	10.0499
89	98	-10.0493
88	99	-10.0493
14	59	10.0491
15	58	10.0491
50	59	-10.049
51	58	-10.049
70	89	-10.0487
71	88	-10.0487
18	99	-10.0478
19	98	-10.0478
56	59	10.0475
57	58	10.0475
8	43	10.0474
9	42	10.0474
64	69	10.0467
65	68	10.0467
15	30	10.0462
14	31	10.0462
55	88	-10.0434
54	89	-10.0434
3	58	10.0429
2	59	10.0429
1	58	10.0409
0	59	10.0409
58	63	-10.0382
59	62	-10.0382
8	37	10.0367
9	36	10.0367
30	63	-10.0359
31	62	-10.0359
25	56	-10.0354
24	57	-10.0354
26	37	-10.0344
27	36	-10.0344
26	75	-10.0308
27	74	-10.0308
26	57	10.0278
27	56	10.0278
28	79	10.0262
29	78	10.0262
20	79	10.026
21	78	10.026
42	59	-10.0253
43	58	-10.0253
18	39	10.0196
19	38	10.0196
6	71	-10.0136
7	70	-10.0136
1	26	10.0117
0	27	10.0117
2	31	10.0111
3	30	10.0111
43	80	10.0086
42	81	10.0086
30	43	-10.0046
31	42	-10.0046
1	8	-10.004
0	9	-10.004
25	76	-10.0024
24	77	-10.0024
71	96	-10.0021
70	97	-10.0021
18	88	1.99862
6	96	1.99779
50	62	1.99733
32	98	1.996
28	72	1.99249
0	74	-1.99236
60	64	1.99174
16	34	1.9912
34	90	1.98919
36	42	1.9889
30	58	1.98837
26	58	1.98825
62	94	1.98739
42	62	1.98696
54	98	1.98689
32	54	1.98641
6	18	1.98516
6	88	1.98312
20	28	1.98195
8	80	1.98109
66	92	1.98034
42	50	1.97955
50	94	1.97806
84	88	1.97798
10	74	-1.97471
44	76	1.97469
0	36	-1.9746
2	44	1.9737
18	96	1.97244
46	78	1.972
6	84	1.97186
88	96	1.97138
84	96	1.97117
16	90	1.97048
16	42	1.96943
18	84	1.96795
26	30	1.96267
42	94	1.96183
0	42	-1.95952
16	36	1.95489
36	74	1.95456
36	62	1.95378
20	72	1.95311
2	76	1.95301
16	94	1.9505
10	76	1.94801
16	62	1.94781
36	50	1.94564
4	14	1.94458
22	40	1.94442
0	10	1.94092
48	70	1.94059
0	50	-1.93989
6	72	1.93738
22	68	1.93738
28	34	1.93688
34	42	1.93369
20	34	1.93357
72	96	1.93308
0	62	-1.93253
68	82	1.92733
34	36	1.9273
20	36	1.9273
16	50	1.92381
42	74	1.92344
28	90	1.91455
16	20	1.91397
36	94	1.91256
6	28	1.91177
18	72	1.90839
34	72	1.90819
34	94	1.90657
14	56	1.9065
38	52	1.90315
22	24	-1.90284
28	96	1.90055
58	68	1.89989
58	82	1.89929
30	68	1.89922
34	62	1.89894
72	90	1.89787
18	28	1.8978
74	76	-1.89763
16	28	1.89723
24	30	-1.89696
50	74	1.89262
54	70	1.8905
4	86	-1.88963
72	88	1.88958
20	90	1.88843
14	64	1.88815
42	90	1.88448
90	94	1.88423
40	84	-1.88413
62	74	1.88344
20	42	1.88297
12	92	1.8829
18	20	1.88035
28	88	1.87551
26	82	1.87545
10	36	-1.87536
0	16	-1.87481
22	30	1.87409
40	68	1.87294
0	94	-1.86827
34	50	1.86787
12	68	1.8675
36	90	1.8673
6	20	1.86706
28	36	1.8646
70	98	1.85932
0	76	1.85919
12	66	1.8588
10	44	1.85735
62	90	1.85682
20	88	1.85544
16	72	1.8553
12	40	1.85044
56	64	1.85024
0	20	-1.84953
30	82	1.84851
20	74	1.84554
20	96	1.84533
40	88	-1.84519
14	60	1.84468
2	10	1.84065
26	68	1.83445
72	84	1.83359
16	74	1.82972
60	70	1.82767
0	34	-1.82744
22	58	1.82725
32	70	1.8267
28	42	1.82561
54	60	1.82488
24	58	-1.82424
10	42	-1.82211
50	90	1.82003
18	40	-1.81943
8	78	1.81787
4	64	1.81406
78	80	1.81041
74	94	1.80687
20	62	1.80408
36	72	1.80312
46	48	-1.8002
28	84	1.79867
4	60	1.79746
44	74	-1.79707
12	82	1.79649
24	68	-1.78565
34	74	1.78538
10	20	-1.78363
10	50	-1.78219
8	24	1.78166
54	64	1.78163
56	60	1.78072
20	50	1.77734
6	40	-1.77344
12	22	1.77121
20	94	1.76888
10	62	-1.768
24	26	-1.76396
42	72	1.76305
40	96	-1.76235
0	44	1.75905
22	82	1.75753
0	28	-1.75728
64	70	1.75584
20	84	1.75303
0	90	-1.74943
10	66	1.747
48	60	1.74689
28	62	1.74548
28	74	1.74548
24	40	-1.74345
2	74	-1.74289
22	26	1.74238
36	76	-1.74238
32	60	1.73942
4	56	1.73485
60	98	1.7345
28	94	1.72872
6	34	1.72555
22	84	-1.72385
8	46	1.71673
14	86	-1.71436
34	96	1.71245
10	16	-1.71085
28	50	1.71012
18	34	1.70643
48	54	1.70551
6	90	1.70444
12	88	-1.70434
48	78	-1.70308
50	76	-1.70109
42	76	-1.70096
74	90	1.69965
90	96	1.69792
32	64	1.69753
30	40	1.69668
12	18	-1.68963
2	66	1.68915
0	2	1.68612
64	98	1.68454
46	80	1.68401
0	72	-1.68386
62	72	1.67987
10	94	-1.67534
66	76	1.67439
34	88	1.67366
24	80	1.67326
72	74	1.67202
10	28	-1.67103
62	76	-1.67073
72	94	1.67031
48	64	1.66966
10	34	-1.66899
18	90	1.66857
18	36	1.66852
40	82	1.66591
12	84	-1.66414
48	98	1.66073
6	16	1.65759
40	58	1.65419
22	88	-1.6505
16	18	1.64898
48	86	-1.64886
46	86	1.64825
6	36	1.64212
50	72	1.64092
16	96	1.64029
88	90	1.63677
36	88	1.63465
60	86	-1.63421
66	74	-1.62458
10	92	1.62438
36	44	-1.62328
82	92	1.62261
32	48	1.61893
24	82	-1.61802
8	22	-1.61734
18	22	-1.61699
64	86	-1.61472
16	88	1.61421
36	96	1.61371
44	50	-1.61122
68	92	1.60917
26	98	1.60874
12	58	1.60607
18	74	1.60443
10	72	-1.599
10	18	-1.59621
20	76	-1.59467
2	92	1.59422
68	84	-1.59296
12	30	1.59292
52	94	1.59242
42	44	-1.59077
6	12	-1.5897
46	70	-1.58953
18	42	1.58791
0	18	-1.57883
44	66	1.5786
6	22	-1.57644
10	90	-1.57483
44	62	-1.57422
74	88	1.57373
18	66	-1.57318
66	88	-1.57208
6	42	1.57193
22	96	-1.57182
40	92	1.5714
50	52	1.57119
34	84	1.57105
24	48	-1.57099
10	88	-1.57067
40	66	1.57054
76	94	-1.57037
26	32	1.56438
68	88	-1.56001
40	72	-1.55888
8	48	-1.55885
26	40	1.55721
12	96	-1.55715
76	92	1.55671
16	76	-1.55585
4	48	1.55534
24	70	-1.55446
2	36	-1.55253
42	88	1.55236
6	74	1.55032
52	62	1.54957
0	66	1.54844
84	90	1.54742
42	96	1.54664
0	88	-1.54595
66	68	1.54165
0	6	-1.5355
20	66	-1.53401
28	40	-1.53304
58	98	1.5318
18	68	-1.5318
22	80	-1.53085
30	98	1.53024
8	40	-1.52754
6	10	-1.52502
12	26	1.52437
70	86	-1.52017
66	82	1.51917
4	70	1.51825
30	70	1.51679
20	40	-1.51652
74	96	1.51581
26	70	1.51521
26	54	1.51119
24	84	1.50617
24	78	1.50612
2	50	-1.50481
2	42	-1.50344
0	96	-1.50336
36	84	1.50281
88	92	-1.50144
34	76	-1.50115
16	84	1.50093
12	20	-1.5003
36	66	-1.49919
74	92	-1.49873
18	92	-1.49776
70	78	-1.49644
12	24	-1.49463
78	86	1.49312
8	30	-1.49189
10	12	1.49139
10	96	-1.48822
32	58	1.48386
14	70	1.48347
66	84	-1.48236
18	62	1.48025
28	76	-1.48024
14	54	1.47931
30	32	1.47862
54	56	1.47784
58	70	1.47652
40	80	-1.47627
44	94	-1.47614
2	62	-1.47242
24	46	1.47214
44	92	1.4697
22	92	1.46949
6	62	1.46933
6	68	-1.46803
48	80	-1.46727
6	66	-1.46427
20	44	-1.4642
4	16	-1.46318
4	34	-1.46304
14	48	1.46052
12	28	-1.45935
10	56	1.45808
14	36	-1.45667
80	84	1.45466
30	48	1.45439
8	84	1.45391
68	96	-1.4539
4	90	-1.45356
56	86	-1.45183
14	20	-1.45005
18	50	1.44973
62	96	1.44638
12	72	-1.44599
30	54	1.44579
62	88	1.44468
64	74	-1.44452
6	94	1.44353
16	44	-1.4428
0	64	1.44235
18	94	1.44163
28	66	-1.44076
42	52	1.44028
4	42	-1.44009
0	14	1.44
24	98	-1.43925
54	58	1.43905
14	74	-1.43822
14	42	-1.43766
10	84	-1.43735
74	84	1.43619
4	54	1.43593
4	36	-1.43522
2	20	-1.43451
6	50	1.43451
10	64	1.43179
0	60	1.43172
20	92	-1.43084
8	70	-1.43078
22	66	1.43078
4	94	-1.42935
84	92	-1.42736
4	20	-1.42697
60	74	-1.42674
56	74	-1.42655
0	92	1.42652
4	62	-1.4258
66	96	-1.42558
94	96	1.42507
42	84	1.42464
14	16	-1.42335
64	76	1.42147
46	60	-1.42115
4	28	-1.42104
14	28	-1.41804
42	66	-1.41745
14	34	-1.41731
86	90	1.41662
26	48	1.41634
56	76	1.41496
50	88	1.4147
72	76	-1.41438
8	68	-1.4143
76	90	-1.41241
4	50	-1.4116
32	56	1.41085
50	96	1.41071
0	84	-1.40984
10	14	1.40919
14	62	-1.4079
88	94	1.40647
36	64	-1.40552
56	66	1.40512
50	60	-1.40475
10	60	1.4038
14	50	-1.40323
60	76	1.40289
30	84	-1.40262
12	74	-1.40234
18	76	-1.40136
48	58	1.40125
4	46	-1.40032
4	72	-1.39993
14	32	1.39835
0	56	1.39793
8	58	-1.39713
24	88	1.39704
38	94	1.39666
42	64	-1.39566
50	64	-1.39551
66	72	-1.39499
36	60	-1.39375
42	60	-1.39354
60	62	-1.39245
34	86	1.39228
16	86	1.39136
6	92	-1.39058
34	44	-1.39015
86	94	1.38987
38	78	1.38936
14	72	-1.38878
44	54	1.38783
36	92	-1.38765
24	32	-1.38682
44	64	1.38651
24	54	-1.38644
0	4	1.38613
62	64	-1.38461
56	70	1.38363
82	84	-1.38245
14	90	-1.38227
14	98	1.38122
14	94	-1.3803
48	52	-1.38019
38	46	1.37978
16	52	1.37978
30	80	-1.37961
76	88	-1.3786
56	98	1.37725
2	94	-1.37691
0	52	-1.37641
8	38	1.3762
44	60	1.3749
82	88	-1.3738
32	44	1.3716
2	56	1.36976
36	56	-1.36736
46	64	-1.36664
2	16	-1.36652
28	44	-1.36612
80	96	1.36446
4	74	-1.36355
18	24	1.36261
58	84	-1.36256
44	56	1.3615
38	80	1.36054
20	56	-1.35959
4	32	1.35764
16	66	-1.35718
24	96	1.35664
92	96	-1.35482
4	98	1.35433
18	82	-1.35418
60	94	-1.35383
12	36	-1.35382
38	50	1.35349
44	98	1.35263
2	64	1.35168
22	72	-1.35141
12	76	1.35111
28	92	-1.35102
36	52	1.35031
6	24	1.34934
58	92	1.34871
62	86	1.34851
56	92	1.34843
50	66	-1.34776
34	66	-1.34775
62	66	-1.34632
70	80	-1.34539
8	96	1.34531
54	76	1.34482
6	76	-1.34467
64	94	-1.34115
14	18	-1.3411
0	12	1.34085
38	62	1.34069
54	86	-1.33971
2	28	-1.33833
6	80	1.33816
42	86	1.33732
8	26	-1.33674
78	92	-1.33621
2	12	1.3346
46	52	1.33415
48	50	-1.33255
16	64	-1.33254
30	88	-1.33208
2	54	1.3314
68	80	-1.3308
2	60	1.33037
16	60	-1.32871
48	94	-1.32839
50	86	1.32825
80	88	1.32666
42	56	-1.32538
14	76	1.32531
2	34	-1.32419
62	84	1.32399
14	88	-1.32394
8	88	1.32342
6	8	1.32264
6	14	-1.32173
2	32	1.32107
10	40	1.32024
22	28	-1.32007
48	62	-1.3199
30	92	1.31962
50	70	-1.31923
60	78	-1.31808
2	18	-1.31773
76	96	-1.31764
42	92	-1.31757
20	64	-1.31746
52	74	1.31504
44	72	-1.31495
44	90	-1.3149
32	76	1.3139
72	92	-1.31306
48	56	1.31178
46	54	-1.3091
52	78	1.30889
34	52	1.30877
18	56	-1.30859
8	52	1.30729
34	40	-1.30674
58	88	-1.30534
36	86	1.30521
52	90	1.30503
14	96	-1.30499
12	34	-1.30461
22	78	-1.30421
28	56	-1.30343
2	88	-1.30338
18	30	-1.30298
4	10	1.30295
34	64	-1.30235
18	80	1.30057
6	82	-1.30013
62	70	-1.29864
56	88	-1.2981
20	22	-1.29787
76	98	1.29642
28	86	1.29585
30	46	-1.29575
84	94	1.29529
8	18	1.29465
50	84	1.29449
52	70	-1.29437
34	60	-1.29413
2	98	1.29409
2	72	-1.29356
58	80	-1.29343
50	56	-1.29297
4	6	-1.29195
36	40	-1.29179
68	72	-1.2917
18	44	-1.29011
30	78	-1.28958
26	92	1.28911
20	60	-1.28894
26	84	-1.28848
86	98	-1.28815
82	96	-1.28773
66	94	-1.28722
4	18	-1.28717
56	62	-1.2861
66	90	-1.285
72	86	1.28333
46	92	-1.28331
12	56	1.28244
4	96	-1.28217
70	94	-1.28206
20	86	1.28103
44	52	-1.28024
40	90	-1.28011
18	58	-1.27941
22	48	1.27927
40	74	-1.27925
12	16	-1.27894
16	92	-1.27773
22	70	1.27716
38	48	-1.27699
82	98	1.27636
30	96	-1.27518
6	30	-1.27469
2	6	-1.27467
16	56	-1.27415
28	68	-1.27403
64	78	-1.27363
12	42	-1.27327
52	76	-1.27326
0	70	1.27309
32	86	-1.2726
34	92	-1.27243
56	72	-1.27135
12	90	-1.27116
76	84	-1.27104
44	88	-1.27097
8	12	-1.27082
44	70	1.27055
42	48	-1.26838
58	66	1.26821
46	98	-1.26785
4	88	-1.26783
20	68	-1.26765
14	46	-1.26694
2	80	-1.26635
8	98	-1.26606
24	52	1.26544
34	56	-1.26295
6	56	-1.26244
80	92	-1.26229
66	78	-1.26076
28	64	-1.26067
64	90	-1.25996
62	92	-1.25947
4	78	-1.25896
2	96	-1.25872
42	70	-1.25839
50	92	-1.25744
8	54	-1.25686
52	80	1.25685
54	78	-1.25676
10	54	1.2564
54	74	-1.25613
0	54	1.25593
60	90	-1.25539
14	44	1.25525
16	40	-1.2552
6	44	-1.25497
14	66	1.25485
46	58	-1.25454
70	76	1.25445
38	86	1.25283
22	46	-1.25186
6	58	-1.25181
58	96	-1.25169
2	90	-1.25057
14	84	-1.25028
38	42	1.24991
4	52	-1.24861
70	74	-1.24843
30	66	1.24819
8	82	-1.24802
12	80	-1.24547
12	44	1.24532
8	32	-1.24479
46	82	-1.24431
52	86	1.24409
0	86	-1.24243
56	96	-1.24153
0	48	1.2415
32	82	1.24111
68	98	1.24102
26	80	-1.24022
24	92	-1.23913
0	40	1.2391
44	96	-1.23905
32	46	-1.23864
58	78	-1.23734
26	46	-1.23729
22	98	1.23585
26	88	-1.23517
80	98	-1.23499
66	80	-1.23455
2	84	-1.23446
28	60	-1.23414
56	94	-1.23391
2	14	1.23363
2	38	-1.23362
10	52	-1.23213
8	92	-1.23206
50	54	-1.2305
54	80	-1.23011
90	92	-1.22969
32	80	-1.22943
68	78	-1.22934
68	70	1.22914
78	82	-1.22809
56	84	-1.22755
36	70	-1.22624
46	94	1.22561
78	98	-1.22311
92	94	-1.22293
16	48	-1.2226
36	48	-1.22229
64	72	-1.22081
70	82	1.22048
24	38	1.2192
16	38	1.21834
38	92	-1.2182
82	86	-1.2171
64	66	1.21612
40	42	-1.21563
38	44	-1.21527
4	76	1.21399
56	90	-1.21364
18	26	-1.21322
10	32	1.21309
2	52	-1.21203
2	78	-1.2117
72	82	-1.21058
14	52	-1.21044
48	68	1.21024
26	66	1.20932
54	62	-1.20865
74	86	1.20783
40	78	-1.20671
46	68	-1.20652
10	70	1.20648
26	78	-1.20596
48	74	-1.20572
32	74	-1.20455
46	66	-1.20448
4	84	-1.20434
48	82	1.20354
32	78	-1.2032
32	68	1.20231
2	70	1.20215
26	96	-1.20179
14	92	1.20149
0	38	-1.20135
0	32	1.20109
10	98	1.19906
38	76	-1.19868
0	98	1.19867
6	26	-1.19821
74	98	-1.19789
28	82	-1.19703
52	60	-1.19689
12	62	-1.19665
22	32	1.19581
4	38	-1.19574
8	66	-1.19526
42	54	-1.19437
60	72	-1.19436
54	82	1.19404
44	84	-1.19336
16	70	-1.1913
24	66	-1.19042
12	78	-1.18943
36	54	-1.18758
26	60	1.18595
20	82	-1.18473
12	50	-1.18432
26	86	-1.18351
46	62	1.18338
2	8	-1.18321
46	56	-1.18197
38	66	-1.1819
46	50	1.18184
50	98	-1.18107
36	38	1.18106
38	90	1.17921
80	82	-1.17896
34	48	-1.17825
40	56	1.17785
10	68	1.17717
22	54	1.1768
44	80	-1.17401
12	14	1.174
40	76	1.17352
24	60	-1.17301
52	64	-1.17294
82	90	-1.17283
54	94	-1.17244
44	48	1.17222
32	50	-1.17215
48	76	1.17129
54	68	1.17106
60	66	1.16992
72	80	1.16921
34	38	1.16848
38	74	1.16809
18	64	-1.16677
48	90	-1.16673
14	78	-1.16544
12	94	-1.1651
62	98	-1.16073
30	60	1.15857
8	86	1.15765
20	52	1.157
38	70	-1.15672
2	40	1.15442
64	92	1.15422
6	86	1.15414
24	72	1.15335
32	62	-1.15269
56	78	-1.15245
8	60	-1.15166
86	96	1.15155
86	92	-1.15095
4	44	1.15054
64	88	-1.1501
10	48	1.15006
4	66	1.14911
10	22	1.1488
34	70	-1.1485
12	46	-1.1479
2	46	-1.14716
8	72	1.14675
30	52	-1.14649
10	38	-1.1459
78	94	1.14531
42	98	-1.14468
10	86	-1.14463
58	86	-1.14451
6	64	-1.14324
58	60	1.14232
32	42	-1.14168
40	46	-1.14127
34	82	-1.13988
16	46	1.13796
68	90	-1.13774
40	62	-1.13743
22	34	-1.13737
32	36	-1.13707
42	46	1.137
36	98	-1.13571
18	86	1.13559
34	68	-1.13526
14	40	1.13507
58	72	-1.13381
26	64	1.13228
94	98	-1.13171
70	90	-1.13061
30	72	-1.13057
2	48	1.1297
16	54	-1.12946
60	80	-1.12942
44	78	-1.12938
18	60	-1.12867
64	96	-1.1282
22	90	-1.1274
68	74	-1.12694
10	82	1.12652
28	52	1.12627
14	38	-1.12611
4	92	1.12576
28	80	1.12539
46	90	1.12458
80	86	1.12402
2	4	1.12376
22	52	-1.12365
24	28	1.12248
32	94	-1.1217
40	50	-1.12146
76	80	-1.12083
22	36	-1.12007
40	48	1.11999
86	88	1.11958
78	84	1.11889
52	54	-1.11874
52	56	-1.11873
22	38	-1.11801
36	68	-1.11763
30	86	-1.11647
24	64	-1.11542
22	74	-1.11507
26	72	-1.11448
60	92	1.11428
60	88	-1.11263
34	46	1.11215
50	78	1.11075
40	70	1.11067
8	44	-1.11066
16	82	-1.11026
62	78	1.1099
6	60	-1.10983
40	94	-1.10975
66	86	-1.1095
8	64	-1.10909
28	58	-1.10801
52	58	-1.10781
8	28	1.10756
76	78	-1.10652
30	64	1.10587
28	30	-1.10466
34	54	-1.10458
16	68	-1.10171
64	80	-1.10136
24	86	1.10023
52	98	-1.09971
16	22	-1.09899
20	24	1.09862
40	44	1.09801
20	48	-1.09739
4	12	1.09708
60	96	-1.09675
36	46	1.09522
20	70	-1.09505
52	72	1.09418
16	98	-1.09404
0	68	1.09375
58	64	1.09356
54	90	-1.0932
26	52	-1.09288
16	32	-1.09279
44	46	-1.09266
56	68	1.09139
26	90	-1.09011
0	46	-1.08941
30	38	-1.08926
0	22	1.08796
40	98	1.08753
26	28	-1.08729
38	82	-1.08548
20	54	-1.08539
76	86	-1.08491
46	76	-1.0849
20	80	1.08474
64	84	-1.08445
20	58	-1.08342
20	30	-1.08332
36	82	-1.08278
12	38	-1.08247
68	76	1.08229
52	92	-1.08089
74	82	-1.08077
32	90	-1.08071
38	60	-1.08042
32	34	-1.07929
90	98	-1.07918
12	86	-1.07899
84	86	1.07845
34	98	-1.0778
32	52	-1.07668
58	90	-1.07592
38	68	-1.07517
12	64	1.07455
22	56	1.07416
4	82	1.07397
2	68	1.07316
4	40	1.07293
42	68	-1.07194
22	42	-1.07177
38	40	-1.07142
8	20	1.07139
42	78	1.07091
52	66	-1.0706
4	26	1.07047
28	48	-1.0704
68	86	-1.06967
46	74	1.06958
8	76	-1.06825
16	78	1.06784
52	68	-1.06676
56	80	-1.06562
10	80	-1.06525
32	40	1.06491
38	64	-1.06478
2	82	1.06467
82	94	-1.06432
38	58	-1.06286
10	78	-1.06217
76	82	1.06138
10	46	-1.06121
28	70	-1.06117
42	82	-1.06115
78	96	1.06045
28	54	-1.06016
20	32	-1.05834
56	82	1.05805
78	90	1.05803
0	82	1.05745
54	66	1.05713
20	26	-1.0571
78	88	1.05699
20	38	1.05516
22	76	1.0551
60	84	-1.05463
46	84	1.05405
2	22	1.05311
26	34	-1.05288
32	72	-1.05259
52	82	-1.05194
40	52	-1.05157
20	98	-1.05149
6	78	1.05104
48	92	1.05049
40	54	1.05033
54	72	-1.05031
28	32	-1.04978
34	78	1.04844
30	90	-1.04827
34	58	-1.0479
44	86	-1.04757
0	78	-1.04718
48	72	-1.04615
26	38	-1.04524
18	78	1.04466
32	66	1.04371
72	98	-1.04348
4	8	-1.04255
62	82	-1.04206
28	98	-1.04202
36	78	1.04159
74	78	1.04155
12	60	1.04151
2	86	-1.04084
28	38	1.03999
26	44	1.03984
4	58	1.03946
38	56	-1.03884
14	22	1.03813
70	72	-1.03798
32	96	-1.03733
14	68	1.03571
12	48	1.03467
12	98	1.03448
14	82	1.03344
62	68	-1.03337
44	68	1.03323
16	26	-1.03185
8	94	1.03184
38	84	1.03165
22	62	-1.03091
30	34	-1.03047
8	10	-1.03039
80	90	1.03027
8	56	-1.03011
4	24	-1.02989
66	98	1.02986
50	82	-1.02984
96	98	-1.02973
48	66	1.02967
20	46	1.02959
68	94	-1.02947
22	60	1.02818
44	82	1.02787
4	30	1.02786
48	84	-1.02763
34	80	1.02755
10	58	1.02752
6	32	-1.02693
12	70	1.02659
10	30	1.02644
40	64	1.02627
16	58	-1.02615
26	94	-1.0261
38	72	1.02574
50	68	-1.0253
24	50	1.02525
84	98	-1.02492
28	46	1.02488
32	84	-1.02483
22	50	-1.02478
4	80	-1.02317
60	82	1.02302
12	32	1.02268
8	50	1.0224
38	54	-1.02224
74	80	1.02208
54	92	1.02206
8	90	1.02068
8	34	1.02037
14	26	1.02028
6	98	-1.02024
44	58	1.01991
24	34	1.01941
54	96	-1.01928
6	52	1.01926
8	62	1.01891
22	94	-1.01877
52	96	1.01803
24	94	1.01803
24	62	1.01791
46	96	1.01761
52	84	1.01754
30	44	1.01745
22	44	1.01735
26	76	1.01714
24	90	1.01704
46	72	1.01663
10	24	-1.01654
18	52	1.01629
4	68	1.01629
22	86	-1.01605
66	70	1.01602
24	36	1.01581
32	92	1.01575
80	94	1.01533
46	88	1.01532
70	84	-1.01517
60	68	1.01501
6	54	-1.01461
2	24	-1.01454
38	98	-1.01402
12	54	1.01397
58	94	-1.01388
12	52	-1.01375
26	50	-1.01374
30	74	-1.01324
14	24	-1.01308
6	46	1.01287
16	30	-1.01268
24	74	1.01251
8	14	-1.01251
52	88	1.01236
26	62	-1.01234
10	26	1.0123
14	80	-1.01215
2	26	1.01193
40	60	1.01187
22	64	1.01182
24	44	-1.01152
16	80	1.01135
58	76	1.01132
58	74	-1.01128
0	24	-1.01127
8	16	1.01045
38	96	1.0102
48	88	-1.0098
18	48	-1.00944
24	42	1.00938
36	58	-1.00937
30	76	1.00921
18	46	1.0091
18	32	-1.00878
40	86	-1.00873
30	36	-1.00843
0	80	-1.00835
70	92	1.00821
54	84	-1.00816
92	98	1.00795
30	50	-1.0079
4	22	1.00787
16	24	1.00783
30	94	-1.00782
18	54	-1.00778
6	48	-1.00769
32	88	-1.00765
36	80	1.00758
50	80	1.00747
0	30	1.00693
64	82	1.0069
30	56	1.00682
48	96	-1.00663
6	38	1.00615
32	38	-1.0059
62	80	1.00565
18	70	-1.00562
8	74	1.00508
38	88	1.00507
26	42	-1.00502
72	78	1.00499
88	98	-1.00493
14	58	1.00491
50	58	-1.0049
70	88	-1.00487
18	98	-1.00478
56	58	1.00475
8	42	1.00474
64	68	1.00467
14	30	1.00462
54	88	-1.00434
2	58	1.00429
0	58	1.00409
58	62	-1.00382
8	36	1.00367
30	62	-1.00359
24	56	-1.00354
26	36	-1.00344
26	74	-1.00308
26	56	1.00278
28	78	1.00262
20	78	1.0026
42	58	-1.00253
18	38	1.00196
6	70	-1.00136
0	26	1.00117
2	30	1.00111
42	80	1.00086
30	42	-1.00046
0	8	-1.0004
24	76	-1.00024
70	96	-1.00021
