37	49	199.781
49	95	199.733
21	93	199.729
37	95	199.638
1	97	199.595
63	65	199.586
45	91	199.41
31	69	199.249
31	81	198.997
69	81	198.522
27	35	198.488
1	11	198.369
59	67	197.994
41	89	197.811
19	23	197.483
59	73	197.426
25	99	197.37
3	95	197.173
73	77	197.145
3	49	196.918
11	97	196.727
21	29	196.608
19	67	196.51
67	73	196.241
9	79	196.045
23	93	195.936
81	83	195.801
13	63	195.593
47	79	195.589
3	37	195.339
25	39	195.327
33	47	195.259
71	97	195.166
15	79	195.14
29	93	195.036
43	85	-194.978
47	85	194.676
9	15	194.488
21	69	194.473
55	89	194.121
43	61	194.059
21	23	194.035
7	87	193.859
35	45	193.85
13	51	193.81
1	71	193.409
69	93	193.308
15	75	193.291
41	55	193.169
27	31	192.929
5	45	192.67
13	65	192.615
9	33	192.6
19	59	192.533
41	53	192.348
5	91	192.301
21	31	192.032
11	71	191.486
31	83	191.455
23	67	191.394
27	81	191.393
59	77	191.335
35	91	191.256
19	93	190.485
33	79	190.212
9	47	190.139
31	93	190.055
69	83	189.787
15	77	189.779
3	87	189.641
75	77	189.048
19	21	188.822
23	29	188.599
83	91	188.423
43	47	-188.35
27	83	188.249
29	69	188.138
27	69	187.944
11	63	187.922
27	45	187.844
53	89	187.776
21	81	187.757
19	29	187.739
29	31	187.699
23	57	187.658
11	65	187.588
67	77	187.314
39	99	186.794
35	83	186.73
9	75	186.618
27	51	-186.574
31	35	186.46
19	73	186.225
81	93	186.037
35	81	186.029
45	83	186.028
57	93	185.847
73	75	185.696
27	91	185.475
79	85	184.605
11	13	184.273
43	79	-184.245
33	85	183.904
23	59	183.618
29	51	-183.613
65	71	183.32
21	57	182.612
15	47	182.504
51	63	182.349
5	17	182.274
39	55	182.264
35	51	-182.061
11	51	181.733
61	85	-181.6
29	81	180.979
25	55	180.646
23	69	180.592
35	69	180.312
63	71	180.309
1	65	180.084
75	79	179.889
1	63	179.663
15	73	179.652
57	69	179.476
11	35	-178.629
15	33	178.465
67	93	178.11
23	73	178.082
65	97	177.985
51	65	177.786
1	35	-177.69
87	95	177.474
27	29	177.354
31	51	-177.329
81	91	177.26
49	87	177.115
63	97	176.92
5	35	176.78
19	57	176.57
3	7	176.487
45	81	176.435
21	27	176.26
53	61	175.584
77	79	175.58
7	13	175.427
21	67	175.295
67	75	175.283
23	31	175.243
11	27	-174.477
1	13	174.088
7	29	-173.787
53	55	173.652
29	67	173.511
35	97	-173.495
59	75	173.433
37	87	173.425
9	85	173.225
31	45	173.106
57	81	173.038
7	51	172.993
19	77	172.981
31	91	172.872
1	51	172.665
21	51	-172.596
9	77	172.539
31	57	172.402
27	93	172.391
39	41	172.238
51	69	-171.988
21	83	171.833
33	43	-171.715
1	45	-171.377
1	27	-171.359
19	69	170.678
57	67	170.491
55	99	170.448
23	81	170.399
15	43	-170.372
51	81	-170.225
83	93	169.792
13	97	169.516
47	61	-169.341
59	93	169.284
9	43	-169
13	27	-168.717
45	97	-168.688
29	59	168.325
51	93	-168.242
29	57	167.875
11	45	-167.853
51	97	167.086
13	71	167.079
1	5	-167.06
69	91	167.031
15	59	166.983
43	53	166.966
13	29	-166.964
21	59	166.864
59	95	-166.763
45	69	166.697
5	97	-166.655
29	35	166.65
61	79	-166.571
15	85	166.464
27	97	-166.451
5	27	166.421
5	83	166.29
13	35	-165.918
3	59	-165.85
19	31	165.839
21	35	165.482
39	89	165.431
53	85	-164.866
1	91	-164.617
7	19	-163.948
29	83	163.84
33	75	163.812
15	67	163.357
23	77	162.959
37	59	-162.852
77	95	-162.703
25	41	162.688
47	75	162.506
7	95	162.424
49	59	-162.23
85	89	-162.097
91	97	-161.902
35	93	161.371
7	59	-161.325
45	51	-161.294
57	83	161.228
73	79	161.168
11	91	-161.04
9	73	160.736
37	77	-160.613
7	49	160.607
73	93	160.578
7	63	160.405
73	95	-160.072
19	75	159.791
5	11	-159.448
25	89	159.342
19	81	159.332
51	83	-159.307
17	91	158.512
49	77	-158.282
7	21	-158.253
57	59	158.24
17	45	158.144
51	71	157.869
21	73	157.29
7	37	157.011
37	73	-156.995
57	73	156.874
13	87	156.851
47	77	156.575
27	63	-156.573
35	63	-156.568
51	91	-156.533
29	73	156.182
3	73	-156.144
7	67	-155.888
3	77	-155.828
7	93	-155.715
35	71	-155.573
49	73	-155.463
23	75	155.257
59	87	-155.168
7	65	155.128
13	31	-155.124
15	61	-154.918
41	85	-154.85
23	51	-154.714
67	95	-154.541
3	67	-154.262
67	69	154.168
19	51	-154.1
7	23	-153.856
29	87	-153.819
23	27	153.78
43	89	153.35
35	65	-153.054
61	89	153.021
43	77	-152.943
41	61	152.883
11	31	-152.781
13	21	-152.549
27	65	-152.413
3	19	-152.099
23	83	151.954
37	61	151.87
5	81	151.755
39	53	150.979
51	87	150.88
37	67	-150.645
19	87	-150.156
49	67	-150.124
27	71	-149.961
33	77	149.688
33	61	-149.591
13	69	-149.417
9	61	-149.392
41	43	149.305
19	99	-149.28
29	63	-149.153
41	99	148.887
25	29	-148.777
11	81	-148.729
27	57	148.718
19	95	-148.643
45	71	-148.633
31	67	148.487
1	31	-148.47
13	93	-148.419
59	79	148.132
5	71	-147.926
7	73	-147.756
23	99	-147.675
49	61	147.652
13	81	-147.59
61	95	147.453
5	31	147.377
29	99	-147.205
89	99	146.977
31	55	-146.825
9	59	146.764
43	75	-146.727
11	29	-146.642
13	45	-146.556
21	45	146.457
57	75	146.291
93	99	-146.281
67	87	-146.213
21	99	-146.159
19	27	146.148
27	89	-146.013
7	31	-145.935
1	81	-145.907
21	91	145.823
11	69	-145.822
35	89	-145.779
11	83	-145.767
27	55	-145.688
1	83	-145.676
27	41	-145.639
21	25	-145.562
55	69	-145.538
15	19	145.498
35	41	-145.45
55	81	-145.41
39	51	145.229
47	53	-145.082
67	99	-145.041
29	39	-144.905
25	93	-144.837
29	45	144.742
19	49	-144.672
19	25	-144.664
7	69	-144.599
61	77	-144.436
59	69	144.435
9	67	144.313
29	65	-144.179
19	37	-144.174
77	93	144.113
63	87	144.049
37	43	143.921
7	39	143.75
31	97	-143.688
7	27	-143.659
1	53	143.569
17	97	-143.501
23	25	-143.28
11	53	143.122
59	99	-143.059
73	87	-143.052
45	93	142.871
35	55	-142.854
75	85	142.839
15	95	-142.816
29	91	142.807
67	79	142.785
57	77	142.686
91	93	142.507
53	97	142.487
67	81	142.423
45	89	-142.383
23	35	142.249
81	89	-142.168
31	89	-142.101
83	89	-142.091
77	85	142.083
15	37	-142.055
83	97	-142.033
3	29	-142.024
21	55	-141.992
71	91	-141.922
47	89	-141.825
29	55	-141.759
81	97	-141.611
1	69	-141.585
89	91	-141.584
41	51	141.56
13	91	-141.457
13	39	141.394
1	17	-141.147
5	43	-141.116
47	73	141.031
55	83	-141.002
45	63	-140.915
21	77	140.889
5	69	140.869
43	95	140.825
13	19	-140.741
17	99	-140.74
5	85	140.589
35	53	-140.552
29	77	140.533
55	93	-140.352
5	51	-140.189
43	49	140.125
31	63	-140.084
21	87	-140.068
19	83	140.055
51	55	139.877
35	57	139.851
3	23	-139.702
7	77	-139.583
31	59	139.541
65	87	139.537
41	45	-139.414
55	85	-139.384
69	89	-139.347
77	87	-139.344
15	49	-139.302
31	41	-139.212
25	51	139.195
7	25	139.055
11	21	-138.949
17	43	-138.85
23	87	-138.825
13	23	-138.788
25	69	-138.699
25	31	-138.646
45	65	-138.56
13	83	-138.483
7	81	-138.368
87	93	-138.368
69	99	-138.204
51	67	-138.181
37	79	-138.081
21	39	-138.067
25	53	137.974
11	41	137.834
1	29	-137.826
7	11	137.824
25	67	-137.812
41	81	-137.776
79	95	-137.766
27	53	-137.693
85	91	137.586
15	23	137.445
73	99	-137.354
41	91	-137.3
69	97	-137.222
31	99	-137.181
5	61	-137.16
45	53	-137.16
21	63	-136.881
43	73	-136.741
17	35	136.557
51	57	-136.509
45	55	-136.482
75	93	136.446
33	73	136.435
23	95	-136.415
39	93	-136.367
1	41	136.197
45	85	136.145
51	89	136.109
53	71	135.965
25	59	-135.946
31	65	-135.914
41	69	-135.886
41	83	-135.761
55	91	-135.692
69	73	135.593
63	91	-135.446
17	25	-135.438
7	35	-135.382
49	79	-135.364
11	93	-135.217
25	27	-135.102
3	15	-135.095
41	47	-135.01
7	99	134.938
51	59	-134.862
17	79	134.742
19	39	-134.718
63	69	-134.709
27	39	-134.668
19	35	134.656
61	75	-134.539
25	81	-134.517
57	99	-134.41
13	41	134.392
17	85	134.339
5	89	-134.231
51	53	134.201
53	91	-134.115
33	89	-133.834
41	97	133.829
17	61	-133.704
63	81	-133.699
81	99	-133.695
63	93	-133.684
31	39	-133.639
53	79	-133.511
3	93	-133.364
33	53	-133.354
39	87	133.332
23	49	-133.26
3	21	-133.22
59	81	133.151
21	65	-133.078
65	91	-133.069
75	95	-133.044
43	45	-132.912
5	53	-132.866
43	91	-132.839
29	95	-132.787
5	47	132.767
23	37	-132.717
21	75	132.649
17	71	-132.596
23	39	-132.59
29	97	-132.558
39	63	132.498
51	99	132.385
61	97	132.353
1	21	-132.308
15	17	132.254
17	47	132.202
39	69	-132.202
3	61	132.188
29	41	-131.835
31	71	-131.828
53	63	131.747
5	41	-131.633
27	99	-131.576
5	63	-131.549
11	17	-131.541
37	75	-131.491
5	13	-131.395
35	39	-131.338
53	65	131.32
25	35	-131.317
13	53	131.228
23	55	-131.168
21	89	-130.943
5	65	-130.943
65	69	-130.927
1	61	130.914
13	25	130.759
11	89	130.735
55	61	130.631
29	89	-130.604
37	47	-130.427
11	39	130.325
65	93	-130.324
31	73	130.289
57	91	130.227
43	55	130.11
61	73	-130.09
29	49	-129.962
45	61	-129.948
65	81	-129.941
3	79	-129.876
65	75	-129.829
1	89	129.749
21	41	-129.696
41	63	129.59
25	87	129.539
25	57	-129.516
39	65	129.485
71	81	-129.422
47	95	-129.415
49	75	-129.343
47	59	129.323
13	67	-129.225
13	55	129.138
37	85	-129.081
27	67	129.077
1	93	-128.952
31	87	-128.941
9	65	-128.856
89	93	-128.818
45	57	128.809
69	87	-128.774
39	81	-128.764
29	75	128.757
25	73	-128.651
77	99	-128.647
17	77	128.641
17	83	128.446
3	13	128.408
5	55	-128.338
47	49	-128.326
55	57	-128.261
9	19	128.229
35	99	-128.214
61	91	-128.206
29	37	-128.052
19	63	-128.027
3	43	127.979
21	97	-127.977
33	87	-127.87
33	41	-127.842
43	59	-127.786
3	75	-127.786
69	71	-127.763
47	91	127.747
5	79	127.733
9	95	-127.699
41	65	127.683
13	59	-127.584
93	95	-127.478
23	63	-127.428
89	97	127.317
41	93	-127.296
17	39	-127.272
3	51	127.171
71	83	-127.124
1	39	127.12
7	83	-127.116
63	83	-127.06
87	99	127.054
9	37	-127.05
5	99	-127.031
11	55	126.822
73	85	126.772
39	67	-126.771
13	89	126.766
61	71	126.756
85	95	-126.753
1	7	126.738
19	55	-126.726
57	71	-126.6
21	95	-126.561
49	85	-126.542
63	75	-126.412
17	27	126.176
19	79	126.132
31	53	-126.067
53	83	-125.996
39	59	-125.954
17	55	-125.931
9	63	-125.918
25	83	-125.906
29	71	-125.872
9	17	125.869
33	65	-125.775
83	99	-125.724
7	57	-125.671
19	65	-125.523
45	47	125.519
23	65	-125.457
53	81	-125.295
9	49	-125.288
35	85	125.238
39	97	125.226
41	71	125.203
49	93	-125.169
11	61	125.149
33	59	125.102
79	89	-125.1
83	85	125.078
73	81	125.05
53	99	125.041
93	97	-125.028
23	45	125.005
25	45	-124.891
27	87	-124.891
3	99	124.87
67	83	124.855
45	99	-124.807
15	57	124.794
23	91	124.774
9	53	-124.744
15	87	-124.643
17	89	-124.637
1	55	124.585
81	87	-124.563
7	75	-124.547
5	25	-124.301
21	49	-124.272
47	67	124.133
33	63	-123.947
37	93	-123.914
91	99	-123.899
51	73	-123.804
65	83	-123.784
3	9	-123.737
59	61	-123.644
9	87	-123.587
57	95	-123.407
11	23	-123.357
25	91	-123.318
3	47	-123.289
3	57	-123.218
21	71	-123.127
49	57	-123.108
37	57	-122.902
33	95	-122.881
21	37	-122.858
13	99	122.846
17	41	-122.825
27	59	122.791
33	37	-122.748
43	97	122.747
3	25	122.703
35	61	-122.624
5	33	122.479
9	23	122.394
5	21	122.261
7	97	122.25
3	33	-122.243
35	43	-122.229
33	49	-122.172
39	45	-122.142
53	69	-122.081
1	43	122.075
47	55	-121.98
13	57	-121.942
55	97	121.935
7	55	121.751
11	57	-121.738
71	93	-121.715
11	25	121.679
75	87	-121.641
33	67	121.63
7	15	-121.589
17	75	121.464
17	33	121.438
17	53	-121.384
63	89	121.38
79	87	-121.375
69	77	121.184
63	67	-121.146
5	29	121.14
17	73	121.055
3	39	120.908
55	63	120.876
71	75	-120.848
95	99	120.716
41	79	-120.676
75	99	-120.641
25	63	120.489
33	91	120.484
39	83	-120.459
15	93	120.442
11	87	120.415
43	67	-120.323
3	69	-120.32
65	67	-120.2
27	85	120.096
1	57	-120.073
7	71	119.953
1	25	119.788
25	77	-119.775
57	97	-119.713
11	19	-119.713
5	39	-119.71
15	53	-119.686
15	65	-119.569
39	91	-119.554
13	73	-119.553
5	93	119.517
65	89	119.484
83	87	-119.475
35	67	119.372
39	71	119.236
47	87	-119.23
7	9	-119.115
57	65	-119.001
5	9	118.931
23	79	118.917
49	99	118.854
7	33	-118.804
39	57	-118.787
79	91	118.724
57	89	-118.704
3	85	-118.642
5	15	118.552
35	87	-118.5
57	63	-118.416
59	63	-118.367
55	65	118.326
39	73	-118.218
3	31	-118.195
33	55	-118.117
25	97	118.008
23	89	-117.957
13	75	-117.924
37	99	117.921
7	45	-117.868
71	89	117.762
59	85	117.74
15	21	117.683
33	45	117.66
57	87	-117.646
1	23	-117.571
25	65	117.532
19	45	117.486
11	43	117.369
9	89	-117.352
29	53	-117.305
1	85	-117.259
59	83	117.185
23	71	-117.141
45	79	117.103
23	41	-117.067
65	79	-117.032
85	97	-116.926
59	65	-116.925
69	75	116.921
31	77	116.908
3	63	116.875
15	63	-116.86
19	91	116.815
25	95	116.78
43	83	-116.673
7	41	116.579
17	37	-116.563
13	33	-116.542
15	29	116.517
7	91	-116.51
55	67	-116.5
27	61	-116.461
43	71	116.453
17	59	116.427
9	13	-116.265
27	43	-116.181
51	95	116.128
13	95	116.091
17	95	-116.041
61	67	-116.019
41	57	-116.003
65	73	-115.998
47	83	115.816
47	65	-115.786
11	99	115.755
63	73	-115.736
17	81	115.555
3	81	-115.475
81	85	115.46
9	71	-115.254
25	49	115.157
1	99	115.077
13	49	114.979
23	97	-114.942
21	53	-114.909
9	57	114.844
9	41	-114.758
63	79	-114.695
17	49	-114.691
7	79	-114.592
49	51	114.566
11	85	-114.537
27	73	114.486
17	65	-114.478
35	59	114.149
69	95	-114.126
47	63	-114.111
35	47	113.864
25	37	113.861
97	99	113.726
3	65	113.61
19	41	-113.496
39	95	113.383
49	69	-113.381
51	77	-113.372
55	71	113.338
19	89	-113.292
1	19	-113.262
63	99	113.185
17	63	-113.157
61	83	-113.061
25	75	-112.965
33	83	112.951
77	81	112.859
53	93	-112.82
65	77	-112.721
7	89	112.556
67	85	112.541
31	75	112.539
13	37	112.537
55	87	112.496
37	51	112.461
31	85	112.408
55	59	-112.403
13	77	-112.387
17	31	112.364
15	99	-112.296
17	67	112.244
19	71	-112.225
9	91	112.207
1	87	112.107
39	49	112.037
15	71	-111.95
37	69	-111.913
63	77	-111.702
37	53	111.638
31	95	-111.557
85	87	-111.533
5	57	111.433
73	83	111.361
19	47	111.359
61	65	111.333
39	85	-111.32
3	83	-111.23
43	87	111.107
51	75	-111.079
65	85	-110.96
39	77	-110.93
71	85	-110.803
31	49	-110.801
65	99	110.677
25	71	110.572
19	97	-110.542
11	67	-110.54
37	39	110.481
9	45	110.408
7	47	-110.405
19	33	110.223
71	79	-110.218
15	89	-110.184
61	63	110.184
3	17	-110.18
63	85	-110.144
53	75	-110.136
33	71	-110.133
3	27	-110.085
75	81	109.965
13	15	-109.908
11	75	-109.868
61	87	109.807
17	51	-109.773
69	85	109.772
1	47	-109.723
33	39	-109.706
81	95	-109.703
47	97	-109.696
57	79	109.651
49	81	-109.611
27	47	109.56
9	93	109.524
67	71	-109.492
5	77	109.426
87	91	-109.412
49	53	109.356
31	37	-109.326
87	97	109.267
9	11	-109.065
55	79	-109.044
43	65	109.002
19	43	-108.952
17	69	108.945
43	81	-108.931
53	57	-108.921
39	61	108.891
15	91	108.762
53	95	108.693
75	97	-108.688
45	87	-108.679
71	87	108.631
47	71	-108.622
33	35	108.493
11	47	-108.478
11	33	-108.462
13	17	-108.437
37	81	-108.193
79	97	-108.178
9	97	-108.12
13	47	-108.12
39	75	-108.104
15	41	-108.045
51	61	107.971
43	63	107.874
1	75	-107.794
35	73	107.76
1	9	-107.736
15	45	107.693
5	23	107.673
9	21	107.627
13	79	-107.613
49	83	-107.592
1	79	-107.589
71	73	-107.456
7	53	107.455
61	81	-107.399
53	77	-107.363
63	95	107.331
5	75	107.263
9	29	107.211
55	73	-107.205
79	93	107.127
41	87	107.127
45	67	107.105
47	81	107.05
31	43	-107.04
11	59	-107.009
1	33	-106.992
51	85	-106.975
13	85	-106.858
67	91	106.762
49	63	106.736
33	97	-106.683
39	43	106.628
79	83	106.624
83	95	-106.624
23	47	106.622
71	77	-106.599
19	61	-106.559
35	79	106.53
13	61	106.474
25	85	-106.415
11	79	-106.377
71	99	106.326
37	83	-106.289
23	33	106.207
87	89	106.14
31	61	-106.117
5	37	-105.97
1	67	-105.89
15	97	-105.871
15	25	-105.816
27	77	105.799
15	69	105.767
27	33	105.753
33	51	-105.587
5	7	-105.585
21	79	105.579
17	19	105.576
41	67	-105.419
9	55	-105.362
67	89	-105.285
9	99	-105.272
23	53	-105.26
3	35	-105.249
29	79	105.21
65	95	105.201
43	51	105.148
9	39	-105.065
37	63	105.045
1	15	-104.981
59	71	-104.965
39	47	-104.933
33	81	104.896
9	51	-104.867
11	15	-104.828
5	95	-104.763
5	49	-104.731
49	65	104.713
43	69	-104.615
31	47	104.589
67	97	-104.582
57	61	-104.425
11	73	-104.312
3	55	104.263
13	43	104.241
3	11	104.207
27	95	-104.155
19	85	104.019
23	43	-103.994
5	19	103.977
37	97	103.953
45	59	103.944
61	69	-103.798
77	83	103.796
9	83	103.77
7	85	-103.756
5	73	103.75
37	71	103.672
25	61	103.643
15	51	-103.632
79	99	-103.571
15	31	103.559
27	49	-103.551
59	91	103.512
7	43	103.467
37	65	103.315
41	59	-103.312
25	33	-103.235
47	69	103.218
27	75	103.18
27	79	103.158
49	97	103.034
75	83	103.027
59	89	-102.94
1	59	-102.933
19	53	-102.895
25	43	102.826
49	71	102.818
17	87	-102.763
9	35	102.744
33	57	102.706
7	61	102.659
47	51	-102.652
31	33	102.646
17	23	102.636
1	37	102.631
95	97	102.625
15	39	-102.61
9	25	-102.56
27	37	-102.554
37	89	102.513
23	61	-102.507
3	53	102.359
5	87	-102.306
21	85	102.304
15	81	102.288
41	75	-102.263
17	21	102.175
35	77	102.173
71	95	102.172
85	99	-102.108
55	77	-101.991
49	89	101.974
1	49	101.971
3	91	-101.926
77	91	101.919
47	57	101.862
17	29	101.855
5	59	101.834
33	69	101.814
59	97	-101.812
45	77	101.762
53	73	-101.758
17	93	101.736
85	93	101.734
1	95	101.725
1	73	-101.721
75	89	-101.7
45	73	101.684
79	81	101.66
1	3	101.619
73	91	101.605
73	97	-101.567
23	85	101.547
11	77	-101.539
37	41	101.537
75	91	101.533
77	97	-101.492
3	5	-101.449
77	89	-101.447
29	85	101.445
37	91	-101.398
49	91	-101.388
15	83	101.379
89	95	101.324
5	67	101.289
9	69	101.272
3	97	101.259
11	95	101.248
39	79	-101.247
35	95	-101.219
15	55	-101.208
33	99	-101.199
11	49	101.198
47	93	101.191
49	55	101.189
11	37	101.168
53	87	101.144
51	79	-101.097
55	95	101.097
25	47	-101.067
15	35	101.038
3	45	-101.037
69	79	101.006
45	75	100.971
35	49	-100.937
31	79	100.921
29	43	-100.906
43	57	-100.902
1	77	-100.895
91	95	-100.894
29	33	100.89
37	45	-100.874
41	49	100.872
9	27	100.839
73	89	-100.834
3	89	100.824
33	93	100.815
21	43	-100.789
21	47	100.787
35	75	100.758
29	61	-100.736
41	73	-100.702
3	71	100.691
43	99	100.69
37	55	100.685
41	77	-100.681
55	75	-100.666
43	93	-100.663
45	49	-100.662
9	81	100.617
61	99	100.616
41	95	100.592
25	79	-100.581
7	17	-100.525
9	31	100.453
35	37	-100.448
45	95	-100.377
21	33	100.373
29	47	100.363
53	59	-100.342
3	41	100.295
15	27	100.249
21	61	-100.19
17	57	100.154
57	85	100.137
53	67	-100.062
47	99	-100.028
61	93	-100.021
94	95	20
52	53	20
26	27	20
54	55	20
96	97	20
92	93	20
14	15	20
60	61	20
28	29	20
38	39	20
78	79	20
20	21	20
80	81	20
40	41	20
76	77	20
82	83	20
58	59	20
42	43	20
36	37	20
84	85	20
18	19	20
62	63	20
74	75	20
44	45	20
22	23	20
56	57	20
50	51	20
88	89	20
68	69	20
30	31	20
24	25	20
48	49	20
90	91	20
66	67	20
32	33	20
72	73	20
16	17	20
46	47	20
34	35	20
64	65	20
86	87	20
70	71	20
0	1	20
98	99	20
10	11	20
8	9	20
6	7	20
4	5	20
2	3	20
12	13	20
36	49	19.9781
37	48	19.9781
48	95	19.9733
49	94	19.9733
20	93	19.9729
21	92	19.9729
36	95	19.9638
37	94	19.9638
0	97	19.9595
1	96	19.9595
62	65	19.9586
63	64	19.9586
45	90	19.941
44	91	19.941
30	69	19.9249
31	68	19.9249
30	81	19.8997
31	80	19.8997
69	80	19.8522
68	81	19.8522
26	35	19.8488
27	34	19.8488
1	10	19.8369
0	11	19.8369
58	67	19.7994
59	66	19.7994
40	89	19.7811
41	88	19.7811
18	23	19.7483
19	22	19.7483
58	73	19.7426
59	72	19.7426
24	99	19.737
25	98	19.737
2	95	19.7173
3	94	19.7173
73	76	19.7145
72	77	19.7145
2	49	19.6918
3	48	19.6918
10	97	19.6727
11	96	19.6727
21	28	19.6608
20	29	19.6608
19	66	19.651
18	67	19.651
66	73	19.6241
67	72	19.6241
9	78	19.6045
8	79	19.6045
22	93	19.5936
23	92	19.5936
81	82	19.5801
80	83	19.5801
12	63	19.5593
13	62	19.5593
46	79	19.5589
47	78	19.5589
2	37	19.5339
3	36	19.5339
25	38	19.5327
24	39	19.5327
32	47	19.5259
33	46	19.5259
71	96	19.5166
70	97	19.5166
14	79	19.514
15	78	19.514
28	93	19.5036
29	92	19.5036
43	84	-19.4978
42	85	-19.4978
46	85	19.4676
47	84	19.4676
9	14	19.4488
8	15	19.4488
21	68	19.4473
20	69	19.4473
54	89	19.4121
55	88	19.4121
43	60	19.4059
42	61	19.4059
21	22	19.4035
20	23	19.4035
6	87	19.3859
7	86	19.3859
34	45	19.385
35	44	19.385
13	50	19.381
12	51	19.381
1	70	19.3409
0	71	19.3409
69	92	19.3308
68	93	19.3308
14	75	19.3291
15	74	19.3291
41	54	19.3169
40	55	19.3169
27	30	19.2929
26	31	19.2929
4	45	19.267
5	44	19.267
12	65	19.2615
13	64	19.2615
8	33	19.26
9	32	19.26
19	58	19.2533
18	59	19.2533
40	53	19.2348
41	52	19.2348
4	91	19.2301
5	90	19.2301
21	30	19.2032
20	31	19.2032
10	71	19.1486
11	70	19.1486
31	82	19.1455
30	83	19.1455
22	67	19.1394
23	66	19.1394
27	80	19.1393
26	81	19.1393
58	77	19.1335
59	76	19.1335
34	91	19.1256
35	90	19.1256
18	93	19.0485
19	92	19.0485
33	78	19.0212
32	79	19.0212
8	47	19.0139
9	46	19.0139
30	93	19.0055
31	92	19.0055
69	82	18.9787
68	83	18.9787
14	77	18.9779
15	76	18.9779
3	86	18.9641
2	87	18.9641
74	77	18.9048
75	76	18.9048
19	20	18.8822
18	21	18.8822
23	28	18.8599
22	29	18.8599
82	91	18.8423
83	90	18.8423
42	47	-18.835
43	46	-18.835
26	83	18.8249
27	82	18.8249
29	68	18.8138
28	69	18.8138
26	69	18.7944
27	68	18.7944
11	62	18.7922
10	63	18.7922
27	44	18.7844
26	45	18.7844
52	89	18.7776
53	88	18.7776
20	81	18.7757
21	80	18.7757
18	29	18.7739
19	28	18.7739
29	30	18.7699
28	31	18.7699
22	57	18.7658
23	56	18.7658
10	65	18.7588
11	64	18.7588
67	76	18.7314
66	77	18.7314
38	99	18.6794
39	98	18.6794
34	83	18.673
35	82	18.673
9	74	18.6618
8	75	18.6618
26	51	-18.6574
27	50	-18.6574
30	35	18.646
31	34	18.646
18	73	18.6225
19	72	18.6225
80	93	18.6037
81	92	18.6037
34	81	18.6029
35	80	18.6029
45	82	18.6028
44	83	18.6028
57	92	18.5847
56	93	18.5847
72	75	18.5696
73	74	18.5696
26	91	18.5475
27	90	18.5475
78	85	18.4605
79	84	18.4605
10	13	18.4273
11	12	18.4273
43	78	-18.4245
42	79	-18.4245
32	85	18.3904
33	84	18.3904
22	59	18.3618
23	58	18.3618
29	50	-18.3613
28	51	-18.3613
65	70	18.332
64	71	18.332
21	56	18.2612
20	57	18.2612
15	46	18.2504
14	47	18.2504
51	62	18.2349
50	63	18.2349
4	17	18.2274
5	16	18.2274
39	54	18.2264
38	55	18.2264
34	51	-18.2061
35	50	-18.2061
10	51	18.1733
11	50	18.1733
61	84	-18.16
60	85	-18.16
29	80	18.0979
28	81	18.0979
25	54	18.0646
24	55	18.0646
23	68	18.0592
22	69	18.0592
35	68	18.0312
34	69	18.0312
63	70	18.0309
62	71	18.0309
0	65	18.0084
1	64	18.0084
75	78	17.9889
74	79	17.9889
1	62	17.9663
0	63	17.9663
14	73	17.9652
15	72	17.9652
57	68	17.9476
56	69	17.9476
10	35	-17.8629
11	34	-17.8629
15	32	17.8465
14	33	17.8465
67	92	17.811
66	93	17.811
22	73	17.8082
23	72	17.8082
65	96	17.7985
64	97	17.7985
50	65	17.7786
51	64	17.7786
1	34	-17.769
0	35	-17.769
87	94	17.7474
86	95	17.7474
26	29	17.7354
27	28	17.7354
30	51	-17.7329
31	50	-17.7329
80	91	17.726
81	90	17.726
49	86	17.7115
48	87	17.7115
62	97	17.692
63	96	17.692
5	34	17.678
4	35	17.678
19	56	17.657
18	57	17.657
2	7	17.6487
3	6	17.6487
44	81	17.6435
45	80	17.6435
20	27	17.626
21	26	17.626
52	61	17.5584
53	60	17.5584
76	79	17.558
77	78	17.558
6	13	17.5427
7	12	17.5427
20	67	17.5295
21	66	17.5295
67	74	17.5283
66	75	17.5283
23	30	17.5243
22	31	17.5243
11	26	-17.4477
10	27	-17.4477
0	13	17.4088
1	12	17.4088
7	28	-17.3787
6	29	-17.3787
53	54	17.3652
52	55	17.3652
29	66	17.3511
28	67	17.3511
35	96	-17.3495
34	97	-17.3495
58	75	17.3433
59	74	17.3433
37	86	17.3425
36	87	17.3425
8	85	17.3225
9	84	17.3225
31	44	17.3106
30	45	17.3106
57	80	17.3038
56	81	17.3038
7	50	17.2993
6	51	17.2993
18	77	17.2981
19	76	17.2981
31	90	17.2872
30	91	17.2872
1	50	17.2665
0	51	17.2665
20	51	-17.2596
21	50	-17.2596
9	76	17.2539
8	77	17.2539
31	56	17.2402
30	57	17.2402
27	92	17.2391
26	93	17.2391
39	40	17.2238
38	41	17.2238
51	68	-17.1988
50	69	-17.1988
20	83	17.1833
21	82	17.1833
33	42	-17.1715
32	43	-17.1715
1	44	-17.1377
0	45	-17.1377
1	26	-17.1359
0	27	-17.1359
18	69	17.0678
19	68	17.0678
56	67	17.0491
57	66	17.0491
54	99	17.0448
55	98	17.0448
23	80	17.0399
22	81	17.0399
15	42	-17.0372
14	43	-17.0372
50	81	-17.0225
51	80	-17.0225
82	93	16.9792
83	92	16.9792
13	96	16.9516
12	97	16.9516
47	60	-16.9341
46	61	-16.9341
58	93	16.9284
59	92	16.9284
8	43	-16.9
9	42	-16.9
12	27	-16.8717
13	26	-16.8717
44	97	-16.8688
45	96	-16.8688
29	58	16.8325
28	59	16.8325
50	93	-16.8242
51	92	-16.8242
29	56	16.7875
28	57	16.7875
11	44	-16.7853
10	45	-16.7853
51	96	16.7086
50	97	16.7086
13	70	16.7079
12	71	16.7079
1	4	-16.706
0	5	-16.706
68	91	16.7031
69	90	16.7031
14	59	16.6983
15	58	16.6983
43	52	16.6966
42	53	16.6966
12	29	-16.6964
13	28	-16.6964
21	58	16.6864
20	59	16.6864
59	94	-16.6763
58	95	-16.6763
44	69	16.6697
45	68	16.6697
4	97	-16.6655
5	96	-16.6655
28	35	16.665
29	34	16.665
60	79	-16.6571
61	78	-16.6571
15	84	16.6464
14	85	16.6464
27	96	-16.6451
26	97	-16.6451
4	27	16.6421
5	26	16.6421
4	83	16.629
5	82	16.629
12	35	-16.5918
13	34	-16.5918
2	59	-16.585
3	58	-16.585
19	30	16.5839
18	31	16.5839
20	35	16.5482
21	34	16.5482
39	88	16.5431
38	89	16.5431
53	84	-16.4866
52	85	-16.4866
0	91	-16.4617
1	90	-16.4617
6	19	-16.3948
7	18	-16.3948
29	82	16.384
28	83	16.384
33	74	16.3812
32	75	16.3812
15	66	16.3357
14	67	16.3357
22	77	16.2959
23	76	16.2959
37	58	-16.2852
36	59	-16.2852
77	94	-16.2703
76	95	-16.2703
24	41	16.2688
25	40	16.2688
47	74	16.2506
46	75	16.2506
7	94	16.2424
6	95	16.2424
48	59	-16.223
49	58	-16.223
85	88	-16.2097
84	89	-16.2097
91	96	-16.1902
90	97	-16.1902
34	93	16.1371
35	92	16.1371
7	58	-16.1325
6	59	-16.1325
45	50	-16.1294
44	51	-16.1294
56	83	16.1228
57	82	16.1228
73	78	16.1168
72	79	16.1168
10	91	-16.104
11	90	-16.104
9	72	16.0736
8	73	16.0736
37	76	-16.0613
36	77	-16.0613
7	48	16.0607
6	49	16.0607
72	93	16.0578
73	92	16.0578
6	63	16.0405
7	62	16.0405
73	94	-16.0072
72	95	-16.0072
18	75	15.9791
19	74	15.9791
4	11	-15.9448
5	10	-15.9448
24	89	15.9342
25	88	15.9342
19	80	15.9332
18	81	15.9332
51	82	-15.9307
50	83	-15.9307
16	91	15.8512
17	90	15.8512
49	76	-15.8282
48	77	-15.8282
7	20	-15.8253
6	21	-15.8253
57	58	15.824
56	59	15.824
17	44	15.8144
16	45	15.8144
51	70	15.7869
50	71	15.7869
20	73	15.729
21	72	15.729
6	37	15.7011
7	36	15.7011
37	72	-15.6995
36	73	-15.6995
57	72	15.6874
56	73	15.6874
12	87	15.6851
13	86	15.6851
46	77	15.6575
47	76	15.6575
26	63	-15.6573
27	62	-15.6573
35	62	-15.6568
34	63	-15.6568
50	91	-15.6533
51	90	-15.6533
29	72	15.6182
28	73	15.6182
2	73	-15.6144
3	72	-15.6144
7	66	-15.5888
6	67	-15.5888
2	77	-15.5828
3	76	-15.5828
6	93	-15.5715
7	92	-15.5715
35	70	-15.5573
34	71	-15.5573
48	73	-15.5463
49	72	-15.5463
22	75	15.5257
23	74	15.5257
59	86	-15.5168
58	87	-15.5168
7	64	15.5128
6	65	15.5128
12	31	-15.5124
13	30	-15.5124
14	61	-15.4918
15	60	-15.4918
40	85	-15.485
41	84	-15.485
23	50	-15.4714
22	51	-15.4714
66	95	-15.4541
67	94	-15.4541
3	66	-15.4262
2	67	-15.4262
67	68	15.4168
66	69	15.4168
18	51	-15.41
19	50	-15.41
6	23	-15.3856
7	22	-15.3856
29	86	-15.3819
28	87	-15.3819
22	27	15.378
23	26	15.378
43	88	15.335
42	89	15.335
34	65	-15.3054
35	64	-15.3054
60	89	15.3021
61	88	15.3021
42	77	-15.2943
43	76	-15.2943
41	60	15.2883
40	61	15.2883
10	31	-15.2781
11	30	-15.2781
12	21	-15.2549
13	20	-15.2549
26	65	-15.2413
27	64	-15.2413
2	19	-15.2099
3	18	-15.2099
22	83	15.1954
23	82	15.1954
36	61	15.187
37	60	15.187
4	81	15.1755
5	80	15.1755
39	52	15.0979
38	53	15.0979
50	87	15.088
51	86	15.088
36	67	-15.0645
37	66	-15.0645
19	86	-15.0156
18	87	-15.0156
49	66	-15.0124
48	67	-15.0124
26	71	-14.9961
27	70	-14.9961
33	76	14.9688
32	77	14.9688
32	61	-14.9591
33	60	-14.9591
13	68	-14.9417
12	69	-14.9417
9	60	-14.9392
8	61	-14.9392
41	42	14.9305
40	43	14.9305
18	99	-14.928
19	98	-14.928
29	62	-14.9153
28	63	-14.9153
41	98	14.8887
40	99	14.8887
25	28	-14.8777
24	29	-14.8777
11	80	-14.8729
10	81	-14.8729
27	56	14.8718
26	57	14.8718
18	95	-14.8643
19	94	-14.8643
45	70	-14.8633
44	71	-14.8633
30	67	14.8487
31	66	14.8487
0	31	-14.847
1	30	-14.847
12	93	-14.8419
13	92	-14.8419
59	78	14.8132
58	79	14.8132
4	71	-14.7926
5	70	-14.7926
7	72	-14.7756
6	73	-14.7756
23	98	-14.7675
22	99	-14.7675
49	60	14.7652
48	61	14.7652
13	80	-14.759
12	81	-14.759
60	95	14.7453
61	94	14.7453
5	30	14.7377
4	31	14.7377
28	99	-14.7205
29	98	-14.7205
88	99	14.6977
89	98	14.6977
30	55	-14.6825
31	54	-14.6825
8	59	14.6764
9	58	14.6764
43	74	-14.6727
42	75	-14.6727
10	29	-14.6642
11	28	-14.6642
13	44	-14.6556
12	45	-14.6556
20	45	14.6457
21	44	14.6457
56	75	14.6291
57	74	14.6291
92	99	-14.6281
93	98	-14.6281
67	86	-14.6213
66	87	-14.6213
20	99	-14.6159
21	98	-14.6159
19	26	14.6148
18	27	14.6148
26	89	-14.6013
27	88	-14.6013
7	30	-14.5935
6	31	-14.5935
1	80	-14.5907
0	81	-14.5907
21	90	14.5823
20	91	14.5823
10	69	-14.5822
11	68	-14.5822
34	89	-14.5779
35	88	-14.5779
10	83	-14.5767
11	82	-14.5767
27	54	-14.5688
26	55	-14.5688
1	82	-14.5676
0	83	-14.5676
27	40	-14.5639
26	41	-14.5639
21	24	-14.5562
20	25	-14.5562
54	69	-14.5538
55	68	-14.5538
14	19	14.5498
15	18	14.5498
35	40	-14.545
34	41	-14.545
55	80	-14.541
54	81	-14.541
38	51	14.5229
39	50	14.5229
46	53	-14.5082
47	52	-14.5082
66	99	-14.5041
67	98	-14.5041
28	39	-14.4905
29	38	-14.4905
25	92	-14.4837
24	93	-14.4837
28	45	14.4742
29	44	14.4742
18	49	-14.4672
19	48	-14.4672
19	24	-14.4664
18	25	-14.4664
7	68	-14.4599
6	69	-14.4599
61	76	-14.4436
60	77	-14.4436
59	68	14.4435
58	69	14.4435
8	67	14.4313
9	66	14.4313
28	65	-14.4179
29	64	-14.4179
19	36	-14.4174
18	37	-14.4174
77	92	14.4113
76	93	14.4113
63	86	14.4049
62	87	14.4049
36	43	14.3921
37	42	14.3921
6	39	14.375
7	38	14.375
31	96	-14.3688
30	97	-14.3688
6	27	-14.3659
7	26	-14.3659
1	52	14.3569
0	53	14.3569
17	96	-14.3501
16	97	-14.3501
22	25	-14.328
23	24	-14.328
11	52	14.3122
10	53	14.3122
59	98	-14.3059
58	99	-14.3059
73	86	-14.3052
72	87	-14.3052
45	92	14.2871
44	93	14.2871
35	54	-14.2854
34	55	-14.2854
75	84	14.2839
74	85	14.2839
14	95	-14.2816
15	94	-14.2816
28	91	14.2807
29	90	14.2807
66	79	14.2785
67	78	14.2785
56	77	14.2686
57	76	14.2686
90	93	14.2507
91	92	14.2507
53	96	14.2487
52	97	14.2487
67	80	14.2423
66	81	14.2423
45	88	-14.2383
44	89	-14.2383
22	35	14.2249
23	34	14.2249
81	88	-14.2168
80	89	-14.2168
31	88	-14.2101
30	89	-14.2101
82	89	-14.2091
83	88	-14.2091
77	84	14.2083
76	85	14.2083
15	36	-14.2055
14	37	-14.2055
83	96	-14.2033
82	97	-14.2033
3	28	-14.2024
2	29	-14.2024
21	54	-14.1992
20	55	-14.1992
71	90	-14.1922
70	91	-14.1922
46	89	-14.1825
47	88	-14.1825
29	54	-14.1759
28	55	-14.1759
81	96	-14.1611
80	97	-14.1611
0	69	-14.1585
1	68	-14.1585
88	91	-14.1584
89	90	-14.1584
41	50	14.156
40	51	14.156
12	91	-14.1457
13	90	-14.1457
13	38	14.1394
12	39	14.1394
0	17	-14.1147
1	16	-14.1147
4	43	-14.1116
5	42	-14.1116
46	73	14.1031
47	72	14.1031
54	83	-14.1002
55	82	-14.1002
45	62	-14.0915
44	63	-14.0915
21	76	14.0889
20	77	14.0889
4	69	14.0869
5	68	14.0869
42	95	14.0825
43	94	14.0825
13	18	-14.0741
12	19	-14.0741
17	98	-14.074
16	99	-14.074
4	85	14.0589
5	84	14.0589
35	52	-14.0552
34	53	-14.0552
28	77	14.0533
29	76	14.0533
55	92	-14.0352
54	93	-14.0352
5	50	-14.0189
4	51	-14.0189
42	49	14.0125
43	48	14.0125
31	62	-14.0084
30	63	-14.0084
20	87	-14.0068
21	86	-14.0068
18	83	14.0055
19	82	14.0055
51	54	13.9877
50	55	13.9877
34	57	13.9851
35	56	13.9851
3	22	-13.9702
2	23	-13.9702
6	77	-13.9583
7	76	-13.9583
31	58	13.9541
30	59	13.9541
64	87	13.9537
65	86	13.9537
41	44	-13.9414
40	45	-13.9414
54	85	-13.9384
55	84	-13.9384
68	89	-13.9347
69	88	-13.9347
76	87	-13.9344
77	86	-13.9344
14	49	-13.9302
15	48	-13.9302
31	40	-13.9212
30	41	-13.9212
24	51	13.9195
25	50	13.9195
6	25	13.9055
7	24	13.9055
10	21	-13.8949
11	20	-13.8949
17	42	-13.885
16	43	-13.885
22	87	-13.8825
23	86	-13.8825
13	22	-13.8788
12	23	-13.8788
24	69	-13.8699
25	68	-13.8699
25	30	-13.8646
24	31	-13.8646
45	64	-13.856
44	65	-13.856
13	82	-13.8483
12	83	-13.8483
6	81	-13.8368
7	80	-13.8368
87	92	-13.8368
86	93	-13.8368
69	98	-13.8204
68	99	-13.8204
50	67	-13.8181
51	66	-13.8181
37	78	-13.8081
36	79	-13.8081
20	39	-13.8067
21	38	-13.8067
25	52	13.7974
24	53	13.7974
10	41	13.7834
11	40	13.7834
1	28	-13.7826
0	29	-13.7826
6	11	13.7824
7	10	13.7824
25	66	-13.7812
24	67	-13.7812
41	80	-13.7776
40	81	-13.7776
79	94	-13.7766
78	95	-13.7766
26	53	-13.7693
27	52	-13.7693
84	91	13.7586
85	90	13.7586
14	23	13.7445
15	22	13.7445
72	99	-13.7354
73	98	-13.7354
40	91	-13.73
41	90	-13.73
68	97	-13.7222
69	96	-13.7222
31	98	-13.7181
30	99	-13.7181
4	61	-13.716
5	60	-13.716
45	52	-13.716
44	53	-13.716
21	62	-13.6881
20	63	-13.6881
42	73	-13.6741
43	72	-13.6741
17	34	13.6557
16	35	13.6557
51	56	-13.6509
50	57	-13.6509
44	55	-13.6482
45	54	-13.6482
74	93	13.6446
75	92	13.6446
33	72	13.6435
32	73	13.6435
23	94	-13.6415
22	95	-13.6415
38	93	-13.6367
39	92	-13.6367
0	41	13.6197
1	40	13.6197
44	85	13.6145
45	84	13.6145
51	88	13.6109
50	89	13.6109
52	71	13.5965
53	70	13.5965
24	59	-13.5946
25	58	-13.5946
30	65	-13.5914
31	64	-13.5914
40	69	-13.5886
41	68	-13.5886
41	82	-13.5761
40	83	-13.5761
54	91	-13.5692
55	90	-13.5692
68	73	13.5593
69	72	13.5593
63	90	-13.5446
62	91	-13.5446
16	25	-13.5438
17	24	-13.5438
6	35	-13.5382
7	34	-13.5382
48	79	-13.5364
49	78	-13.5364
11	92	-13.5217
10	93	-13.5217
24	27	-13.5102
25	26	-13.5102
3	14	-13.5095
2	15	-13.5095
40	47	-13.501
41	46	-13.501
6	99	13.4938
7	98	13.4938
51	58	-13.4862
50	59	-13.4862
17	78	13.4742
16	79	13.4742
19	38	-13.4718
18	39	-13.4718
62	69	-13.4709
63	68	-13.4709
26	39	-13.4668
27	38	-13.4668
19	34	13.4656
18	35	13.4656
60	75	-13.4539
61	74	-13.4539
25	80	-13.4517
24	81	-13.4517
56	99	-13.441
57	98	-13.441
13	40	13.4392
12	41	13.4392
17	84	13.4339
16	85	13.4339
5	88	-13.4231
4	89	-13.4231
51	52	13.4201
50	53	13.4201
53	90	-13.4115
52	91	-13.4115
32	89	-13.3834
33	88	-13.3834
40	97	13.3829
41	96	13.3829
16	61	-13.3704
17	60	-13.3704
62	81	-13.3699
63	80	-13.3699
81	98	-13.3695
80	99	-13.3695
63	92	-13.3684
62	93	-13.3684
30	39	-13.3639
31	38	-13.3639
52	79	-13.3511
53	78	-13.3511
2	93	-13.3364
3	92	-13.3364
33	52	-13.3354
32	53	-13.3354
39	86	13.3332
38	87	13.3332
22	49	-13.326
23	48	-13.326
2	21	-13.322
3	20	-13.322
58	81	13.3151
59	80	13.3151
21	64	-13.3078
20	65	-13.3078
65	90	-13.3069
64	91	-13.3069
74	95	-13.3044
75	94	-13.3044
42	45	-13.2912
43	44	-13.2912
4	53	-13.2866
5	52	-13.2866
43	90	-13.2839
42	91	-13.2839
28	95	-13.2787
29	94	-13.2787
4	47	13.2767
5	46	13.2767
23	36	-13.2717
22	37	-13.2717
21	74	13.2649
20	75	13.2649
17	70	-13.2596
16	71	-13.2596
23	38	-13.259
22	39	-13.259
28	97	-13.2558
29	96	-13.2558
39	62	13.2498
38	63	13.2498
51	98	13.2385
50	99	13.2385
60	97	13.2353
61	96	13.2353
0	21	-13.2308
1	20	-13.2308
14	17	13.2254
15	16	13.2254
16	47	13.2202
17	46	13.2202
39	68	-13.2202
38	69	-13.2202
2	61	13.2188
3	60	13.2188
28	41	-13.1835
29	40	-13.1835
30	71	-13.1828
31	70	-13.1828
53	62	13.1747
52	63	13.1747
5	40	-13.1633
4	41	-13.1633
26	99	-13.1576
27	98	-13.1576
4	63	-13.1549
5	62	-13.1549
11	16	-13.1541
10	17	-13.1541
36	75	-13.1491
37	74	-13.1491
5	12	-13.1395
4	13	-13.1395
34	39	-13.1338
35	38	-13.1338
52	65	13.132
53	64	13.132
24	35	-13.1317
25	34	-13.1317
12	53	13.1228
13	52	13.1228
23	54	-13.1168
22	55	-13.1168
20	89	-13.0943
21	88	-13.0943
5	64	-13.0943
4	65	-13.0943
64	69	-13.0927
65	68	-13.0927
1	60	13.0914
0	61	13.0914
13	24	13.0759
12	25	13.0759
11	88	13.0735
10	89	13.0735
55	60	13.0631
54	61	13.0631
28	89	-13.0604
29	88	-13.0604
37	46	-13.0427
36	47	-13.0427
10	39	13.0325
11	38	13.0325
64	93	-13.0324
65	92	-13.0324
31	72	13.0289
30	73	13.0289
57	90	13.0227
56	91	13.0227
42	55	13.011
43	54	13.011
61	72	-13.009
60	73	-13.009
28	49	-12.9962
29	48	-12.9962
45	60	-12.9948
44	61	-12.9948
64	81	-12.9941
65	80	-12.9941
2	79	-12.9876
3	78	-12.9876
64	75	-12.9829
65	74	-12.9829
0	89	12.9749
1	88	12.9749
20	41	-12.9696
21	40	-12.9696
40	63	12.959
41	62	12.959
24	87	12.9539
25	86	12.9539
24	57	-12.9516
25	56	-12.9516
39	64	12.9485
38	65	12.9485
70	81	-12.9422
71	80	-12.9422
47	94	-12.9415
46	95	-12.9415
49	74	-12.9343
48	75	-12.9343
46	59	12.9323
47	58	12.9323
12	67	-12.9225
13	66	-12.9225
13	54	12.9138
12	55	12.9138
37	84	-12.9081
36	85	-12.9081
27	66	12.9077
26	67	12.9077
1	92	-12.8952
0	93	-12.8952
30	87	-12.8941
31	86	-12.8941
8	65	-12.8856
9	64	-12.8856
89	92	-12.8818
88	93	-12.8818
45	56	12.8809
44	57	12.8809
69	86	-12.8774
68	87	-12.8774
38	81	-12.8764
39	80	-12.8764
28	75	12.8757
29	74	12.8757
25	72	-12.8651
24	73	-12.8651
77	98	-12.8647
76	99	-12.8647
17	76	12.8641
16	77	12.8641
16	83	12.8446
17	82	12.8446
2	13	12.8408
3	12	12.8408
5	54	-12.8338
4	55	-12.8338
46	49	-12.8326
47	48	-12.8326
55	56	-12.8261
54	57	-12.8261
8	19	12.8229
9	18	12.8229
34	99	-12.8214
35	98	-12.8214
60	91	-12.8206
61	90	-12.8206
29	36	-12.8052
28	37	-12.8052
18	63	-12.8027
19	62	-12.8027
3	42	12.7979
2	43	12.7979
20	97	-12.7977
21	96	-12.7977
32	87	-12.787
33	86	-12.787
33	40	-12.7842
32	41	-12.7842
42	59	-12.7786
43	58	-12.7786
3	74	-12.7786
2	75	-12.7786
68	71	-12.7763
69	70	-12.7763
46	91	12.7747
47	90	12.7747
5	78	12.7733
4	79	12.7733
9	94	-12.7699
8	95	-12.7699
40	65	12.7683
41	64	12.7683
12	59	-12.7584
13	58	-12.7584
93	94	-12.7478
92	95	-12.7478
23	62	-12.7428
22	63	-12.7428
88	97	12.7317
89	96	12.7317
41	92	-12.7296
40	93	-12.7296
16	39	-12.7272
17	38	-12.7272
3	50	12.7171
2	51	12.7171
71	82	-12.7124
70	83	-12.7124
1	38	12.712
0	39	12.712
6	83	-12.7116
7	82	-12.7116
63	82	-12.706
62	83	-12.706
86	99	12.7054
87	98	12.7054
8	37	-12.705
9	36	-12.705
5	98	-12.7031
4	99	-12.7031
11	54	12.6822
10	55	12.6822
73	84	12.6772
72	85	12.6772
38	67	-12.6771
39	66	-12.6771
13	88	12.6766
12	89	12.6766
61	70	12.6756
60	71	12.6756
85	94	-12.6753
84	95	-12.6753
1	6	12.6738
0	7	12.6738
18	55	-12.6726
19	54	-12.6726
57	70	-12.66
56	71	-12.66
21	94	-12.6561
20	95	-12.6561
48	85	-12.6542
49	84	-12.6542
63	74	-12.6412
62	75	-12.6412
16	27	12.6176
17	26	12.6176
18	79	12.6132
19	78	12.6132
31	52	-12.6067
30	53	-12.6067
53	82	-12.5996
52	83	-12.5996
39	58	-12.5954
38	59	-12.5954
17	54	-12.5931
16	55	-12.5931
8	63	-12.5918
9	62	-12.5918
25	82	-12.5906
24	83	-12.5906
29	70	-12.5872
28	71	-12.5872
9	16	12.5869
8	17	12.5869
32	65	-12.5775
33	64	-12.5775
82	99	-12.5724
83	98	-12.5724
6	57	-12.5671
7	56	-12.5671
18	65	-12.5523
19	64	-12.5523
44	47	12.5519
45	46	12.5519
23	64	-12.5457
22	65	-12.5457
53	80	-12.5295
52	81	-12.5295
9	48	-12.5288
8	49	-12.5288
35	84	12.5238
34	85	12.5238
39	96	12.5226
38	97	12.5226
41	70	12.5203
40	71	12.5203
49	92	-12.5169
48	93	-12.5169
10	61	12.5149
11	60	12.5149
33	58	12.5102
32	59	12.5102
79	88	-12.51
78	89	-12.51
82	85	12.5078
83	84	12.5078
72	81	12.505
73	80	12.505
52	99	12.5041
53	98	12.5041
93	96	-12.5028
92	97	-12.5028
23	44	12.5005
22	45	12.5005
25	44	-12.4891
24	45	-12.4891
27	86	-12.4891
26	87	-12.4891
3	98	12.487
2	99	12.487
67	82	12.4855
66	83	12.4855
45	98	-12.4807
44	99	-12.4807
14	57	12.4794
15	56	12.4794
22	91	12.4774
23	90	12.4774
8	53	-12.4744
9	52	-12.4744
15	86	-12.4643
14	87	-12.4643
16	89	-12.4637
17	88	-12.4637
1	54	12.4585
0	55	12.4585
81	86	-12.4563
80	87	-12.4563
6	75	-12.4547
7	74	-12.4547
5	24	-12.4301
4	25	-12.4301
20	49	-12.4272
21	48	-12.4272
47	66	12.4133
46	67	12.4133
32	63	-12.3947
33	62	-12.3947
36	93	-12.3914
37	92	-12.3914
90	99	-12.3899
91	98	-12.3899
51	72	-12.3804
50	73	-12.3804
64	83	-12.3784
65	82	-12.3784
3	8	-12.3737
2	9	-12.3737
59	60	-12.3644
58	61	-12.3644
9	86	-12.3587
8	87	-12.3587
56	95	-12.3407
57	94	-12.3407
10	23	-12.3357
11	22	-12.3357
25	90	-12.3318
24	91	-12.3318
3	46	-12.3289
2	47	-12.3289
2	57	-12.3218
3	56	-12.3218
20	71	-12.3127
21	70	-12.3127
49	56	-12.3108
48	57	-12.3108
36	57	-12.2902
37	56	-12.2902
32	95	-12.2881
33	94	-12.2881
21	36	-12.2858
20	37	-12.2858
13	98	12.2846
12	99	12.2846
17	40	-12.2825
16	41	-12.2825
27	58	12.2791
26	59	12.2791
33	36	-12.2748
32	37	-12.2748
42	97	12.2747
43	96	12.2747
2	25	12.2703
3	24	12.2703
34	61	-12.2624
35	60	-12.2624
5	32	12.2479
4	33	12.2479
8	23	12.2394
9	22	12.2394
5	20	12.2261
4	21	12.2261
6	97	12.225
7	96	12.225
2	33	-12.2243
3	32	-12.2243
35	42	-12.2229
34	43	-12.2229
33	48	-12.2172
32	49	-12.2172
38	45	-12.2142
39	44	-12.2142
53	68	-12.2081
52	69	-12.2081
0	43	12.2075
1	42	12.2075
47	54	-12.198
46	55	-12.198
13	56	-12.1942
12	57	-12.1942
54	97	12.1935
55	96	12.1935
7	54	12.1751
6	55	12.1751
10	57	-12.1738
11	56	-12.1738
70	93	-12.1715
71	92	-12.1715
11	24	12.1679
10	25	12.1679
74	87	-12.1641
75	86	-12.1641
33	66	12.163
32	67	12.163
7	14	-12.1589
6	15	-12.1589
17	74	12.1464
16	75	12.1464
17	32	12.1438
16	33	12.1438
16	53	-12.1384
17	52	-12.1384
63	88	12.138
62	89	12.138
79	86	-12.1375
78	87	-12.1375
68	77	12.1184
69	76	12.1184
63	66	-12.1146
62	67	-12.1146
4	29	12.114
5	28	12.114
16	73	12.1055
17	72	12.1055
3	38	12.0908
2	39	12.0908
55	62	12.0876
54	63	12.0876
70	75	-12.0848
71	74	-12.0848
94	99	12.0716
95	98	12.0716
40	79	-12.0676
41	78	-12.0676
75	98	-12.0641
74	99	-12.0641
25	62	12.0489
24	63	12.0489
32	91	12.0484
33	90	12.0484
38	83	-12.0459
39	82	-12.0459
15	92	12.0442
14	93	12.0442
10	87	12.0415
11	86	12.0415
43	66	-12.0323
42	67	-12.0323
3	68	-12.032
2	69	-12.032
64	67	-12.02
65	66	-12.02
26	85	12.0096
27	84	12.0096
1	56	-12.0073
0	57	-12.0073
7	70	11.9953
6	71	11.9953
1	24	11.9788
0	25	11.9788
24	77	-11.9775
25	76	-11.9775
57	96	-11.9713
56	97	-11.9713
10	19	-11.9713
11	18	-11.9713
5	38	-11.971
4	39	-11.971
15	52	-11.9686
14	53	-11.9686
14	65	-11.9569
15	64	-11.9569
38	91	-11.9554
39	90	-11.9554
12	73	-11.9553
13	72	-11.9553
4	93	11.9517
5	92	11.9517
65	88	11.9484
64	89	11.9484
82	87	-11.9475
83	86	-11.9475
35	66	11.9372
34	67	11.9372
38	71	11.9236
39	70	11.9236
47	86	-11.923
46	87	-11.923
7	8	-11.9115
6	9	-11.9115
57	64	-11.9001
56	65	-11.9001
4	9	11.8931
5	8	11.8931
22	79	11.8917
23	78	11.8917
48	99	11.8854
49	98	11.8854
7	32	-11.8804
6	33	-11.8804
39	56	-11.8787
38	57	-11.8787
78	91	11.8724
79	90	11.8724
56	89	-11.8704
57	88	-11.8704
3	84	-11.8642
2	85	-11.8642
5	14	11.8552
4	15	11.8552
34	87	-11.85
35	86	-11.85
56	63	-11.8416
57	62	-11.8416
59	62	-11.8367
58	63	-11.8367
54	65	11.8326
55	64	11.8326
39	72	-11.8218
38	73	-11.8218
3	30	-11.8195
2	31	-11.8195
32	55	-11.8117
33	54	-11.8117
24	97	11.8008
25	96	11.8008
23	88	-11.7957
22	89	-11.7957
12	75	-11.7924
13	74	-11.7924
36	99	11.7921
37	98	11.7921
6	45	-11.7868
7	44	-11.7868
70	89	11.7762
71	88	11.7762
58	85	11.774
59	84	11.774
15	20	11.7683
14	21	11.7683
32	45	11.766
33	44	11.766
56	87	-11.7646
57	86	-11.7646
0	23	-11.7571
1	22	-11.7571
25	64	11.7532
24	65	11.7532
18	45	11.7486
19	44	11.7486
11	42	11.7369
10	43	11.7369
8	89	-11.7352
9	88	-11.7352
29	52	-11.7305
28	53	-11.7305
0	85	-11.7259
1	84	-11.7259
59	82	11.7185
58	83	11.7185
22	71	-11.7141
23	70	-11.7141
44	79	11.7103
45	78	11.7103
23	40	-11.7067
22	41	-11.7067
65	78	-11.7032
64	79	-11.7032
84	97	-11.6926
85	96	-11.6926
59	64	-11.6925
58	65	-11.6925
68	75	11.6921
69	74	11.6921
30	77	11.6908
31	76	11.6908
2	63	11.6875
3	62	11.6875
14	63	-11.686
15	62	-11.686
18	91	11.6815
19	90	11.6815
24	95	11.678
25	94	11.678
43	82	-11.6673
42	83	-11.6673
7	40	11.6579
6	41	11.6579
16	37	-11.6563
17	36	-11.6563
13	32	-11.6542
12	33	-11.6542
14	29	11.6517
15	28	11.6517
7	90	-11.651
6	91	-11.651
54	67	-11.65
55	66	-11.65
26	61	-11.6461
27	60	-11.6461
42	71	11.6453
43	70	11.6453
17	58	11.6427
16	59	11.6427
8	13	-11.6265
9	12	-11.6265
27	42	-11.6181
26	43	-11.6181
50	95	11.6128
51	94	11.6128
13	94	11.6091
12	95	11.6091
16	95	-11.6041
17	94	-11.6041
61	66	-11.6019
60	67	-11.6019
41	56	-11.6003
40	57	-11.6003
65	72	-11.5998
64	73	-11.5998
47	82	11.5816
46	83	11.5816
47	64	-11.5786
46	65	-11.5786
10	99	11.5755
11	98	11.5755
63	72	-11.5736
62	73	-11.5736
17	80	11.5555
16	81	11.5555
3	80	-11.5475
2	81	-11.5475
81	84	11.546
80	85	11.546
9	70	-11.5254
8	71	-11.5254
25	48	11.5157
24	49	11.5157
1	98	11.5077
0	99	11.5077
12	49	11.4979
13	48	11.4979
23	96	-11.4942
22	97	-11.4942
20	53	-11.4909
21	52	-11.4909
8	57	11.4844
9	56	11.4844
8	41	-11.4758
9	40	-11.4758
62	79	-11.4695
63	78	-11.4695
16	49	-11.4691
17	48	-11.4691
6	79	-11.4592
7	78	-11.4592
49	50	11.4566
48	51	11.4566
11	84	-11.4537
10	85	-11.4537
26	73	11.4486
27	72	11.4486
17	64	-11.4478
16	65	-11.4478
35	58	11.4149
34	59	11.4149
68	95	-11.4126
69	94	-11.4126
47	62	-11.4111
46	63	-11.4111
35	46	11.3864
34	47	11.3864
25	36	11.3861
24	37	11.3861
97	98	11.3726
96	99	11.3726
3	64	11.361
2	65	11.361
18	41	-11.3496
19	40	-11.3496
38	95	11.3383
39	94	11.3383
48	69	-11.3381
49	68	-11.3381
51	76	-11.3372
50	77	-11.3372
54	71	11.3338
55	70	11.3338
18	89	-11.3292
19	88	-11.3292
1	18	-11.3262
0	19	-11.3262
62	99	11.3185
63	98	11.3185
16	63	-11.3157
17	62	-11.3157
61	82	-11.3061
60	83	-11.3061
25	74	-11.2965
24	75	-11.2965
33	82	11.2951
32	83	11.2951
77	80	11.2859
76	81	11.2859
53	92	-11.282
52	93	-11.282
64	77	-11.2721
65	76	-11.2721
6	89	11.2556
7	88	11.2556
66	85	11.2541
67	84	11.2541
30	75	11.2539
31	74	11.2539
12	37	11.2537
13	36	11.2537
54	87	11.2496
55	86	11.2496
36	51	11.2461
37	50	11.2461
30	85	11.2408
31	84	11.2408
54	59	-11.2403
55	58	-11.2403
13	76	-11.2387
12	77	-11.2387
17	30	11.2364
16	31	11.2364
14	99	-11.2296
15	98	-11.2296
17	66	11.2244
16	67	11.2244
18	71	-11.2225
19	70	-11.2225
8	91	11.2207
9	90	11.2207
1	86	11.2107
0	87	11.2107
38	49	11.2037
39	48	11.2037
15	70	-11.195
14	71	-11.195
37	68	-11.1913
36	69	-11.1913
63	76	-11.1702
62	77	-11.1702
36	53	11.1638
37	52	11.1638
31	94	-11.1557
30	95	-11.1557
84	87	-11.1533
85	86	-11.1533
4	57	11.1433
5	56	11.1433
73	82	11.1361
72	83	11.1361
18	47	11.1359
19	46	11.1359
60	65	11.1333
61	64	11.1333
38	85	-11.132
39	84	-11.132
2	83	-11.123
3	82	-11.123
43	86	11.1107
42	87	11.1107
50	75	-11.1079
51	74	-11.1079
65	84	-11.096
64	85	-11.096
39	76	-11.093
38	77	-11.093
71	84	-11.0803
70	85	-11.0803
31	48	-11.0801
30	49	-11.0801
64	99	11.0677
65	98	11.0677
25	70	11.0572
24	71	11.0572
19	96	-11.0542
18	97	-11.0542
10	67	-11.054
11	66	-11.054
36	39	11.0481
37	38	11.0481
9	44	11.0408
8	45	11.0408
7	46	-11.0405
6	47	-11.0405
18	33	11.0223
19	32	11.0223
71	78	-11.0218
70	79	-11.0218
15	88	-11.0184
14	89	-11.0184
61	62	11.0184
60	63	11.0184
2	17	-11.018
3	16	-11.018
62	85	-11.0144
63	84	-11.0144
52	75	-11.0136
53	74	-11.0136
32	71	-11.0133
33	70	-11.0133
3	26	-11.0085
2	27	-11.0085
74	81	10.9965
75	80	10.9965
12	15	-10.9908
13	14	-10.9908
11	74	-10.9868
10	75	-10.9868
60	87	10.9807
61	86	10.9807
17	50	-10.9773
16	51	-10.9773
69	84	10.9772
68	85	10.9772
0	47	-10.9723
1	46	-10.9723
33	38	-10.9706
32	39	-10.9706
81	94	-10.9703
80	95	-10.9703
46	97	-10.9696
47	96	-10.9696
57	78	10.9651
56	79	10.9651
49	80	-10.9611
48	81	-10.9611
26	47	10.956
27	46	10.956
9	92	10.9524
8	93	10.9524
67	70	-10.9492
66	71	-10.9492
5	76	10.9426
4	77	10.9426
87	90	-10.9412
86	91	-10.9412
48	53	10.9356
49	52	10.9356
30	37	-10.9326
31	36	-10.9326
86	97	10.9267
87	96	10.9267
8	11	-10.9065
9	10	-10.9065
55	78	-10.9044
54	79	-10.9044
43	64	10.9002
42	65	10.9002
19	42	-10.8952
18	43	-10.8952
16	69	10.8945
17	68	10.8945
42	81	-10.8931
43	80	-10.8931
52	57	-10.8921
53	56	-10.8921
38	61	10.8891
39	60	10.8891
15	90	10.8762
14	91	10.8762
53	94	10.8693
52	95	10.8693
75	96	-10.8688
74	97	-10.8688
45	86	-10.8679
44	87	-10.8679
71	86	10.8631
70	87	10.8631
46	71	-10.8622
47	70	-10.8622
33	34	10.8493
32	35	10.8493
11	46	-10.8478
10	47	-10.8478
10	33	-10.8462
11	32	-10.8462
13	16	-10.8437
12	17	-10.8437
36	81	-10.8193
37	80	-10.8193
79	96	-10.8178
78	97	-10.8178
9	96	-10.812
8	97	-10.812
13	46	-10.812
12	47	-10.812
38	75	-10.8104
39	74	-10.8104
14	41	-10.8045
15	40	-10.8045
50	61	10.7971
51	60	10.7971
42	63	10.7874
43	62	10.7874
1	74	-10.7794
0	75	-10.7794
35	72	10.776
34	73	10.776
1	8	-10.7736
0	9	-10.7736
15	44	10.7693
14	45	10.7693
5	22	10.7673
4	23	10.7673
9	20	10.7627
8	21	10.7627
12	79	-10.7613
13	78	-10.7613
49	82	-10.7592
48	83	-10.7592
1	78	-10.7589
0	79	-10.7589
70	73	-10.7456
71	72	-10.7456
7	52	10.7455
6	53	10.7455
61	80	-10.7399
60	81	-10.7399
52	77	-10.7363
53	76	-10.7363
62	95	10.7331
63	94	10.7331
5	74	10.7263
4	75	10.7263
8	29	10.7211
9	28	10.7211
54	73	-10.7205
55	72	-10.7205
78	93	10.7127
79	92	10.7127
41	86	10.7127
40	87	10.7127
44	67	10.7105
45	66	10.7105
47	80	10.705
46	81	10.705
31	42	-10.704
30	43	-10.704
10	59	-10.7009
11	58	-10.7009
0	33	-10.6992
1	32	-10.6992
50	85	-10.6975
51	84	-10.6975
13	84	-10.6858
12	85	-10.6858
67	90	10.6762
66	91	10.6762
48	63	10.6736
49	62	10.6736
32	97	-10.6683
33	96	-10.6683
39	42	10.6628
38	43	10.6628
78	83	10.6624
79	82	10.6624
83	94	-10.6624
82	95	-10.6624
23	46	10.6622
22	47	10.6622
71	76	-10.6599
70	77	-10.6599
19	60	-10.6559
18	61	-10.6559
35	78	10.653
34	79	10.653
12	61	10.6474
13	60	10.6474
25	84	-10.6415
24	85	-10.6415
10	79	-10.6377
11	78	-10.6377
71	98	10.6326
70	99	10.6326
37	82	-10.6289
36	83	-10.6289
22	33	10.6207
23	32	10.6207
87	88	10.614
86	89	10.614
30	61	-10.6117
31	60	-10.6117
5	36	-10.597
4	37	-10.597
1	66	-10.589
0	67	-10.589
15	96	-10.5871
14	97	-10.5871
15	24	-10.5816
14	25	-10.5816
26	77	10.5799
27	76	10.5799
15	68	10.5767
14	69	10.5767
26	33	10.5753
27	32	10.5753
32	51	-10.5587
33	50	-10.5587
4	7	-10.5585
5	6	-10.5585
20	79	10.5579
21	78	10.5579
16	19	10.5576
17	18	10.5576
40	67	-10.5419
41	66	-10.5419
8	55	-10.5362
9	54	-10.5362
66	89	-10.5285
67	88	-10.5285
8	99	-10.5272
9	98	-10.5272
23	52	-10.526
22	53	-10.526
3	34	-10.5249
2	35	-10.5249
28	79	10.521
29	78	10.521
65	94	10.5201
64	95	10.5201
43	50	10.5148
42	51	10.5148
8	39	-10.5065
9	38	-10.5065
36	63	10.5045
37	62	10.5045
0	15	-10.4981
1	14	-10.4981
58	71	-10.4965
59	70	-10.4965
39	46	-10.4933
38	47	-10.4933
32	81	10.4896
33	80	10.4896
8	51	-10.4867
9	50	-10.4867
10	15	-10.4828
11	14	-10.4828
5	94	-10.4763
4	95	-10.4763
5	48	-10.4731
4	49	-10.4731
48	65	10.4713
49	64	10.4713
42	69	-10.4615
43	68	-10.4615
31	46	10.4589
30	47	10.4589
67	96	-10.4582
66	97	-10.4582
56	61	-10.4425
57	60	-10.4425
11	72	-10.4312
10	73	-10.4312
3	54	10.4263
2	55	10.4263
13	42	10.4241
12	43	10.4241
3	10	10.4207
2	11	10.4207
27	94	-10.4155
26	95	-10.4155
19	84	10.4019
18	85	10.4019
22	43	-10.3994
23	42	-10.3994
5	18	10.3977
4	19	10.3977
36	97	10.3953
37	96	10.3953
45	58	10.3944
44	59	10.3944
61	68	-10.3798
60	69	-10.3798
77	82	10.3796
76	83	10.3796
8	83	10.377
9	82	10.377
6	85	-10.3756
7	84	-10.3756
4	73	10.375
5	72	10.375
36	71	10.3672
37	70	10.3672
24	61	10.3643
25	60	10.3643
14	51	-10.3632
15	50	-10.3632
78	99	-10.3571
79	98	-10.3571
14	31	10.3559
15	30	10.3559
26	49	-10.3551
27	48	-10.3551
58	91	10.3512
59	90	10.3512
6	43	10.3467
7	42	10.3467
36	65	10.3315
37	64	10.3315
41	58	-10.3312
40	59	-10.3312
25	32	-10.3235
24	33	-10.3235
47	68	10.3218
46	69	10.3218
26	75	10.318
27	74	10.318
27	78	10.3158
26	79	10.3158
49	96	10.3034
48	97	10.3034
75	82	10.3027
74	83	10.3027
59	88	-10.294
58	89	-10.294
0	59	-10.2933
1	58	-10.2933
18	53	-10.2895
19	52	-10.2895
25	42	10.2826
24	43	10.2826
48	71	10.2818
49	70	10.2818
16	87	-10.2763
17	86	-10.2763
8	35	10.2744
9	34	10.2744
33	56	10.2706
32	57	10.2706
6	61	10.2659
7	60	10.2659
46	51	-10.2652
47	50	-10.2652
31	32	10.2646
30	33	10.2646
17	22	10.2636
16	23	10.2636
1	36	10.2631
0	37	10.2631
94	97	10.2625
95	96	10.2625
15	38	-10.261
14	39	-10.261
9	24	-10.256
8	25	-10.256
27	36	-10.2554
26	37	-10.2554
36	89	10.2513
37	88	10.2513
22	61	-10.2507
23	60	-10.2507
3	52	10.2359
2	53	10.2359
5	86	-10.2306
4	87	-10.2306
20	85	10.2304
21	84	10.2304
15	80	10.2288
14	81	10.2288
41	74	-10.2263
40	75	-10.2263
16	21	10.2175
17	20	10.2175
35	76	10.2173
34	77	10.2173
71	94	10.2172
70	95	10.2172
85	98	-10.2108
84	99	-10.2108
54	77	-10.1991
55	76	-10.1991
48	89	10.1974
49	88	10.1974
1	48	10.1971
0	49	10.1971
2	91	-10.1926
3	90	-10.1926
77	90	10.1919
76	91	10.1919
46	57	10.1862
47	56	10.1862
17	28	10.1855
16	29	10.1855
5	58	10.1834
4	59	10.1834
32	69	10.1814
33	68	10.1814
58	97	-10.1812
59	96	-10.1812
45	76	10.1762
44	77	10.1762
53	72	-10.1758
52	73	-10.1758
17	92	10.1736
16	93	10.1736
84	93	10.1734
85	92	10.1734
0	95	10.1725
1	94	10.1725
0	73	-10.1721
1	72	-10.1721
75	88	-10.17
74	89	-10.17
44	73	10.1684
45	72	10.1684
78	81	10.166
79	80	10.166
1	2	10.1619
0	3	10.1619
72	91	10.1605
73	90	10.1605
73	96	-10.1567
72	97	-10.1567
23	84	10.1547
22	85	10.1547
10	77	-10.1539
11	76	-10.1539
36	41	10.1537
37	40	10.1537
75	90	10.1533
74	91	10.1533
76	97	-10.1492
77	96	-10.1492
2	5	-10.1449
3	4	-10.1449
76	89	-10.1447
77	88	-10.1447
28	85	10.1445
29	84	10.1445
36	91	-10.1398
37	90	-10.1398
48	91	-10.1388
49	90	-10.1388
15	82	10.1379
14	83	10.1379
88	95	10.1324
89	94	10.1324
5	66	10.1289
4	67	10.1289
9	68	10.1272
8	69	10.1272
2	97	10.1259
3	96	10.1259
10	95	10.1248
11	94	10.1248
38	79	-10.1247
39	78	-10.1247
35	94	-10.1219
34	95	-10.1219
15	54	-10.1208
14	55	-10.1208
32	99	-10.1199
33	98	-10.1199
10	49	10.1198
11	48	10.1198
46	93	10.1191
47	92	10.1191
49	54	10.1189
48	55	10.1189
11	36	10.1168
10	37	10.1168
52	87	10.1144
53	86	10.1144
50	79	-10.1097
51	78	-10.1097
55	94	10.1097
54	95	10.1097
25	46	-10.1067
24	47	-10.1067
14	35	10.1038
15	34	10.1038
2	45	-10.1037
3	44	-10.1037
69	78	10.1006
68	79	10.1006
45	74	10.0971
44	75	10.0971
35	48	-10.0937
34	49	-10.0937
31	78	10.0921
30	79	10.0921
28	43	-10.0906
29	42	-10.0906
43	56	-10.0902
42	57	-10.0902
0	77	-10.0895
1	76	-10.0895
91	94	-10.0894
90	95	-10.0894
29	32	10.089
28	33	10.089
36	45	-10.0874
37	44	-10.0874
40	49	10.0872
41	48	10.0872
8	27	10.0839
9	26	10.0839
72	89	-10.0834
73	88	-10.0834
3	88	10.0824
2	89	10.0824
32	93	10.0815
33	92	10.0815
21	42	-10.0789
20	43	-10.0789
21	46	10.0787
20	47	10.0787
34	75	10.0758
35	74	10.0758
28	61	-10.0736
29	60	-10.0736
40	73	-10.0702
41	72	-10.0702
3	70	10.0691
2	71	10.0691
43	98	10.069
42	99	10.069
37	54	10.0685
36	55	10.0685
40	77	-10.0681
41	76	-10.0681
55	74	-10.0666
54	75	-10.0666
43	92	-10.0663
42	93	-10.0663
45	48	-10.0662
44	49	-10.0662
8	81	10.0617
9	80	10.0617
61	98	10.0616
60	99	10.0616
41	94	10.0592
40	95	10.0592
25	78	-10.0581
24	79	-10.0581
7	16	-10.0525
6	17	-10.0525
9	30	10.0453
8	31	10.0453
34	37	-10.0448
35	36	-10.0448
45	94	-10.0377
44	95	-10.0377
21	32	10.0373
20	33	10.0373
28	47	10.0363
29	46	10.0363
52	59	-10.0342
53	58	-10.0342
3	40	10.0295
2	41	10.0295
14	27	10.0249
15	26	10.0249
21	60	-10.019
20	61	-10.019
17	56	10.0154
16	57	10.0154
56	85	10.0137
57	84	10.0137
52	67	-10.0062
53	66	-10.0062
46	99	-10.0028
47	98	-10.0028
60	93	-10.0021
61	92	-10.0021
36	48	1.99781
48	94	1.99733
20	92	1.99729
36	94	1.99638
0	96	1.99595
62	64	1.99586
44	90	1.9941
30	68	1.99249
30	80	1.98997
68	80	1.98522
26	34	1.98488
0	10	1.98369
58	66	1.97994
40	88	1.97811
18	22	1.97483
58	72	1.97426
24	98	1.9737
2	94	1.97173
72	76	1.97145
2	48	1.96918
10	96	1.96727
20	28	1.96608
18	66	1.9651
66	72	1.96241
8	78	1.96045
22	92	1.95936
80	82	1.95801
12	62	1.95593
46	78	1.95589
2	36	1.95339
24	38	1.95327
32	46	1.95259
70	96	1.95166
14	78	1.9514
28	92	1.95036
42	84	-1.94978
46	84	1.94676
8	14	1.94488
20	68	1.94473
54	88	1.94121
42	60	1.94059
20	22	1.94035
6	86	1.93859
34	44	1.9385
12	50	1.9381
0	70	1.93409
68	92	1.93308
14	74	1.93291
40	54	1.93169
26	30	1.92929
4	44	1.9267
12	64	1.92615
8	32	1.926
18	58	1.92533
40	52	1.92348
4	90	1.92301
20	30	1.92032
10	70	1.91486
30	82	1.91455
22	66	1.91394
26	80	1.91393
58	76	1.91335
34	90	1.91256
18	92	1.90485
32	78	1.90212
8	46	1.90139
30	92	1.90055
68	82	1.89787
14	76	1.89779
2	86	1.89641
74	76	1.89048
18	20	1.88822
22	28	1.88599
82	90	1.88423
42	46	-1.8835
26	82	1.88249
28	68	1.88138
26	68	1.87944
10	62	1.87922
26	44	1.87844
52	88	1.87776
20	80	1.87757
18	28	1.87739
28	30	1.87699
22	56	1.87658
10	64	1.87588
66	76	1.87314
38	98	1.86794
34	82	1.8673
8	74	1.86618
26	50	-1.86574
30	34	1.8646
18	72	1.86225
80	92	1.86037
34	80	1.86029
44	82	1.86028
56	92	1.85847
72	74	1.85696
26	90	1.85475
78	84	1.84605
10	12	1.84273
42	78	-1.84245
32	84	1.83904
22	58	1.83618
28	50	-1.83613
64	70	1.8332
20	56	1.82612
14	46	1.82504
50	62	1.82349
4	16	1.82274
38	54	1.82264
34	50	-1.82061
10	50	1.81733
60	84	-1.816
28	80	1.80979
24	54	1.80646
22	68	1.80592
34	68	1.80312
62	70	1.80309
0	64	1.80084
74	78	1.79889
0	62	1.79663
14	72	1.79652
56	68	1.79476
10	34	-1.78629
14	32	1.78465
66	92	1.7811
22	72	1.78082
64	96	1.77985
50	64	1.77786
0	34	-1.7769
86	94	1.77474
26	28	1.77354
30	50	-1.77329
80	90	1.7726
48	86	1.77115
62	96	1.7692
4	34	1.7678
18	56	1.7657
2	6	1.76487
44	80	1.76435
20	26	1.7626
52	60	1.75584
76	78	1.7558
6	12	1.75427
20	66	1.75295
66	74	1.75283
22	30	1.75243
10	26	-1.74477
0	12	1.74088
6	28	-1.73787
52	54	1.73652
28	66	1.73511
34	96	-1.73495
58	74	1.73433
36	86	1.73425
8	84	1.73225
30	44	1.73106
56	80	1.73038
6	50	1.72993
18	76	1.72981
30	90	1.72872
0	50	1.72665
20	50	-1.72596
8	76	1.72539
30	56	1.72402
26	92	1.72391
38	40	1.72238
50	68	-1.71988
20	82	1.71833
32	42	-1.71715
0	44	-1.71377
0	26	-1.71359
18	68	1.70678
56	66	1.70491
54	98	1.70448
22	80	1.70399
14	42	-1.70372
50	80	-1.70225
82	92	1.69792
12	96	1.69516
46	60	-1.69341
58	92	1.69284
8	42	-1.69
12	26	-1.68717
44	96	-1.68688
28	58	1.68325
50	92	-1.68242
28	56	1.67875
10	44	-1.67853
50	96	1.67086
12	70	1.67079
0	4	-1.6706
68	90	1.67031
14	58	1.66983
42	52	1.66966
12	28	-1.66964
20	58	1.66864
58	94	-1.66763
44	68	1.66697
4	96	-1.66655
28	34	1.6665
60	78	-1.66571
14	84	1.66464
26	96	-1.66451
4	26	1.66421
4	82	1.6629
12	34	-1.65918
2	58	-1.6585
18	30	1.65839
20	34	1.65482
38	88	1.65431
52	84	-1.64866
0	90	-1.64617
6	18	-1.63948
28	82	1.6384
32	74	1.63812
14	66	1.63357
22	76	1.62959
36	58	-1.62852
76	94	-1.62703
24	40	1.62688
46	74	1.62506
6	94	1.62424
48	58	-1.6223
84	88	-1.62097
90	96	-1.61902
34	92	1.61371
6	58	-1.61325
44	50	-1.61294
56	82	1.61228
72	78	1.61168
10	90	-1.6104
8	72	1.60736
36	76	-1.60613
6	48	1.60607
72	92	1.60578
6	62	1.60405
72	94	-1.60072
18	74	1.59791
4	10	-1.59448
24	88	1.59342
18	80	1.59332
50	82	-1.59307
16	90	1.58512
48	76	-1.58282
6	20	-1.58253
56	58	1.5824
16	44	1.58144
50	70	1.57869
20	72	1.5729
6	36	1.57011
36	72	-1.56995
56	72	1.56874
12	86	1.56851
46	76	1.56575
26	62	-1.56573
34	62	-1.56568
50	90	-1.56533
28	72	1.56182
2	72	-1.56144
6	66	-1.55888
2	76	-1.55828
6	92	-1.55715
34	70	-1.55573
48	72	-1.55463
22	74	1.55257
58	86	-1.55168
6	64	1.55128
12	30	-1.55124
14	60	-1.54918
40	84	-1.5485
22	50	-1.54714
66	94	-1.54541
2	66	-1.54262
66	68	1.54168
18	50	-1.541
6	22	-1.53856
28	86	-1.53819
22	26	1.5378
42	88	1.5335
34	64	-1.53054
60	88	1.53021
42	76	-1.52943
40	60	1.52883
10	30	-1.52781
12	20	-1.52549
26	64	-1.52413
2	18	-1.52099
22	82	1.51954
36	60	1.5187
4	80	1.51755
38	52	1.50979
50	86	1.5088
36	66	-1.50645
18	86	-1.50156
48	66	-1.50124
26	70	-1.49961
32	76	1.49688
32	60	-1.49591
12	68	-1.49417
8	60	-1.49392
40	42	1.49305
18	98	-1.4928
28	62	-1.49153
40	98	1.48887
24	28	-1.48777
10	80	-1.48729
26	56	1.48718
18	94	-1.48643
44	70	-1.48633
30	66	1.48487
0	30	-1.4847
12	92	-1.48419
58	78	1.48132
4	70	-1.47926
6	72	-1.47756
22	98	-1.47675
48	60	1.47652
12	80	-1.4759
60	94	1.47453
4	30	1.47377
28	98	-1.47205
88	98	1.46977
30	54	-1.46825
8	58	1.46764
42	74	-1.46727
10	28	-1.46642
12	44	-1.46556
20	44	1.46457
56	74	1.46291
92	98	-1.46281
66	86	-1.46213
20	98	-1.46159
18	26	1.46148
26	88	-1.46013
6	30	-1.45935
0	80	-1.45907
20	90	1.45823
10	68	-1.45822
34	88	-1.45779
10	82	-1.45767
26	54	-1.45688
0	82	-1.45676
26	40	-1.45639
20	24	-1.45562
54	68	-1.45538
14	18	1.45498
34	40	-1.4545
54	80	-1.4541
38	50	1.45229
46	52	-1.45082
66	98	-1.45041
28	38	-1.44905
24	92	-1.44837
28	44	1.44742
18	48	-1.44672
18	24	-1.44664
6	68	-1.44599
60	76	-1.44436
58	68	1.44435
8	66	1.44313
28	64	-1.44179
18	36	-1.44174
76	92	1.44113
62	86	1.44049
36	42	1.43921
6	38	1.4375
30	96	-1.43688
6	26	-1.43659
0	52	1.43569
16	96	-1.43501
22	24	-1.4328
10	52	1.43122
58	98	-1.43059
72	86	-1.43052
44	92	1.42871
34	54	-1.42854
74	84	1.42839
14	94	-1.42816
28	90	1.42807
66	78	1.42785
56	76	1.42686
90	92	1.42507
52	96	1.42487
66	80	1.42423
44	88	-1.42383
22	34	1.42249
80	88	-1.42168
30	88	-1.42101
82	88	-1.42091
76	84	1.42083
14	36	-1.42055
82	96	-1.42033
2	28	-1.42024
20	54	-1.41992
70	90	-1.41922
46	88	-1.41825
28	54	-1.41759
80	96	-1.41611
0	68	-1.41585
88	90	-1.41584
40	50	1.4156
12	90	-1.41457
12	38	1.41394
0	16	-1.41147
4	42	-1.41116
46	72	1.41031
54	82	-1.41002
44	62	-1.40915
20	76	1.40889
4	68	1.40869
42	94	1.40825
12	18	-1.40741
16	98	-1.4074
4	84	1.40589
34	52	-1.40552
28	76	1.40533
54	92	-1.40352
4	50	-1.40189
42	48	1.40125
30	62	-1.40084
20	86	-1.40068
18	82	1.40055
50	54	1.39877
34	56	1.39851
2	22	-1.39702
6	76	-1.39583
30	58	1.39541
64	86	1.39537
40	44	-1.39414
54	84	-1.39384
68	88	-1.39347
76	86	-1.39344
14	48	-1.39302
30	40	-1.39212
24	50	1.39195
6	24	1.39055
10	20	-1.38949
16	42	-1.3885
22	86	-1.38825
12	22	-1.38788
24	68	-1.38699
24	30	-1.38646
44	64	-1.3856
12	82	-1.38483
6	80	-1.38368
86	92	-1.38368
68	98	-1.38204
50	66	-1.38181
36	78	-1.38081
20	38	-1.38067
24	52	1.37974
10	40	1.37834
0	28	-1.37826
6	10	1.37824
24	66	-1.37812
40	80	-1.37776
78	94	-1.37766
26	52	-1.37693
84	90	1.37586
14	22	1.37445
72	98	-1.37354
40	90	-1.373
68	96	-1.37222
30	98	-1.37181
4	60	-1.3716
44	52	-1.3716
20	62	-1.36881
42	72	-1.36741
16	34	1.36557
50	56	-1.36509
44	54	-1.36482
74	92	1.36446
32	72	1.36435
22	94	-1.36415
38	92	-1.36367
0	40	1.36197
44	84	1.36145
50	88	1.36109
52	70	1.35965
24	58	-1.35946
30	64	-1.35914
40	68	-1.35886
40	82	-1.35761
54	90	-1.35692
68	72	1.35593
62	90	-1.35446
16	24	-1.35438
6	34	-1.35382
48	78	-1.35364
10	92	-1.35217
24	26	-1.35102
2	14	-1.35095
40	46	-1.3501
6	98	1.34938
50	58	-1.34862
16	78	1.34742
18	38	-1.34718
62	68	-1.34709
26	38	-1.34668
18	34	1.34656
60	74	-1.34539
24	80	-1.34517
56	98	-1.3441
12	40	1.34392
16	84	1.34339
4	88	-1.34231
50	52	1.34201
52	90	-1.34115
32	88	-1.33834
40	96	1.33829
16	60	-1.33704
62	80	-1.33699
80	98	-1.33695
62	92	-1.33684
30	38	-1.33639
52	78	-1.33511
2	92	-1.33364
32	52	-1.33354
38	86	1.33332
22	48	-1.3326
2	20	-1.3322
58	80	1.33151
20	64	-1.33078
64	90	-1.33069
74	94	-1.33044
42	44	-1.32912
4	52	-1.32866
42	90	-1.32839
28	94	-1.32787
4	46	1.32767
22	36	-1.32717
20	74	1.32649
16	70	-1.32596
22	38	-1.3259
28	96	-1.32558
38	62	1.32498
50	98	1.32385
60	96	1.32353
0	20	-1.32308
14	16	1.32254
16	46	1.32202
38	68	-1.32202
2	60	1.32188
28	40	-1.31835
30	70	-1.31828
52	62	1.31747
4	40	-1.31633
26	98	-1.31576
4	62	-1.31549
10	16	-1.31541
36	74	-1.31491
4	12	-1.31395
34	38	-1.31338
52	64	1.3132
24	34	-1.31317
12	52	1.31228
22	54	-1.31168
20	88	-1.30943
4	64	-1.30943
64	68	-1.30927
0	60	1.30914
12	24	1.30759
10	88	1.30735
54	60	1.30631
28	88	-1.30604
36	46	-1.30427
10	38	1.30325
64	92	-1.30324
30	72	1.30289
56	90	1.30227
42	54	1.3011
60	72	-1.3009
28	48	-1.29962
44	60	-1.29948
64	80	-1.29941
2	78	-1.29876
64	74	-1.29829
0	88	1.29749
20	40	-1.29696
40	62	1.2959
24	86	1.29539
24	56	-1.29516
38	64	1.29485
70	80	-1.29422
46	94	-1.29415
48	74	-1.29343
46	58	1.29323
12	66	-1.29225
12	54	1.29138
36	84	-1.29081
26	66	1.29077
0	92	-1.28952
30	86	-1.28941
8	64	-1.28856
88	92	-1.28818
44	56	1.28809
68	86	-1.28774
38	80	-1.28764
28	74	1.28757
24	72	-1.28651
76	98	-1.28647
16	76	1.28641
16	82	1.28446
2	12	1.28408
4	54	-1.28338
46	48	-1.28326
54	56	-1.28261
8	18	1.28229
34	98	-1.28214
60	90	-1.28206
28	36	-1.28052
18	62	-1.28027
2	42	1.27979
20	96	-1.27977
32	86	-1.2787
32	40	-1.27842
42	58	-1.27786
2	74	-1.27786
68	70	-1.27763
46	90	1.27747
4	78	1.27733
8	94	-1.27699
40	64	1.27683
12	58	-1.27584
92	94	-1.27478
22	62	-1.27428
88	96	1.27317
40	92	-1.27296
16	38	-1.27272
2	50	1.27171
70	82	-1.27124
0	38	1.2712
6	82	-1.27116
62	82	-1.2706
86	98	1.27054
8	36	-1.2705
4	98	-1.27031
10	54	1.26822
72	84	1.26772
38	66	-1.26771
12	88	1.26766
60	70	1.26756
84	94	-1.26753
0	6	1.26738
18	54	-1.26726
56	70	-1.266
20	94	-1.26561
48	84	-1.26542
62	74	-1.26412
16	26	1.26176
18	78	1.26132
30	52	-1.26067
52	82	-1.25996
38	58	-1.25954
16	54	-1.25931
8	62	-1.25918
24	82	-1.25906
28	70	-1.25872
8	16	1.25869
32	64	-1.25775
82	98	-1.25724
6	56	-1.25671
18	64	-1.25523
44	46	1.25519
22	64	-1.25457
52	80	-1.25295
8	48	-1.25288
34	84	1.25238
38	96	1.25226
40	70	1.25203
48	92	-1.25169
10	60	1.25149
32	58	1.25102
78	88	-1.251
82	84	1.25078
72	80	1.2505
52	98	1.25041
92	96	-1.25028
22	44	1.25005
24	44	-1.24891
26	86	-1.24891
2	98	1.2487
66	82	1.24855
44	98	-1.24807
14	56	1.24794
22	90	1.24774
8	52	-1.24744
14	86	-1.24643
16	88	-1.24637
0	54	1.24585
80	86	-1.24563
6	74	-1.24547
4	24	-1.24301
20	48	-1.24272
46	66	1.24133
32	62	-1.23947
36	92	-1.23914
90	98	-1.23899
50	72	-1.23804
64	82	-1.23784
2	8	-1.23737
58	60	-1.23644
8	86	-1.23587
56	94	-1.23407
10	22	-1.23357
24	90	-1.23318
2	46	-1.23289
2	56	-1.23218
20	70	-1.23127
48	56	-1.23108
36	56	-1.22902
32	94	-1.22881
20	36	-1.22858
12	98	1.22846
16	40	-1.22825
26	58	1.22791
32	36	-1.22748
42	96	1.22747
2	24	1.22703
34	60	-1.22624
4	32	1.22479
8	22	1.22394
4	20	1.22261
6	96	1.2225
2	32	-1.22243
34	42	-1.22229
32	48	-1.22172
38	44	-1.22142
52	68	-1.22081
0	42	1.22075
46	54	-1.2198
12	56	-1.21942
54	96	1.21935
6	54	1.21751
10	56	-1.21738
70	92	-1.21715
10	24	1.21679
74	86	-1.21641
32	66	1.2163
6	14	-1.21589
16	74	1.21464
16	32	1.21438
16	52	-1.21384
62	88	1.2138
78	86	-1.21375
68	76	1.21184
62	66	-1.21146
4	28	1.2114
16	72	1.21055
2	38	1.20908
54	62	1.20876
70	74	-1.20848
94	98	1.20716
40	78	-1.20676
74	98	-1.20641
24	62	1.20489
32	90	1.20484
38	82	-1.20459
14	92	1.20442
10	86	1.20415
42	66	-1.20323
2	68	-1.2032
64	66	-1.202
26	84	1.20096
0	56	-1.20073
6	70	1.19953
0	24	1.19788
24	76	-1.19775
56	96	-1.19713
10	18	-1.19713
4	38	-1.1971
14	52	-1.19686
14	64	-1.19569
38	90	-1.19554
12	72	-1.19553
4	92	1.19517
64	88	1.19484
82	86	-1.19475
34	66	1.19372
38	70	1.19236
46	86	-1.1923
6	8	-1.19115
56	64	-1.19001
4	8	1.18931
22	78	1.18917
48	98	1.18854
6	32	-1.18804
38	56	-1.18787
78	90	1.18724
56	88	-1.18704
2	84	-1.18642
4	14	1.18552
34	86	-1.185
56	62	-1.18416
58	62	-1.18367
54	64	1.18326
38	72	-1.18218
2	30	-1.18195
32	54	-1.18117
24	96	1.18008
22	88	-1.17957
12	74	-1.17924
36	98	1.17921
6	44	-1.17868
70	88	1.17762
58	84	1.1774
14	20	1.17683
32	44	1.1766
56	86	-1.17646
0	22	-1.17571
24	64	1.17532
18	44	1.17486
10	42	1.17369
8	88	-1.17352
28	52	-1.17305
0	84	-1.17259
58	82	1.17185
22	70	-1.17141
44	78	1.17103
22	40	-1.17067
64	78	-1.17032
84	96	-1.16926
58	64	-1.16925
68	74	1.16921
30	76	1.16908
2	62	1.16875
14	62	-1.1686
18	90	1.16815
24	94	1.1678
42	82	-1.16673
6	40	1.16579
16	36	-1.16563
12	32	-1.16542
14	28	1.16517
6	90	-1.1651
54	66	-1.165
26	60	-1.16461
42	70	1.16453
16	58	1.16427
8	12	-1.16265
26	42	-1.16181
50	94	1.16128
12	94	1.16091
16	94	-1.16041
60	66	-1.16019
40	56	-1.16003
64	72	-1.15998
46	82	1.15816
46	64	-1.15786
10	98	1.15755
62	72	-1.15736
16	80	1.15555
2	80	-1.15475
80	84	1.1546
8	70	-1.15254
24	48	1.15157
0	98	1.15077
12	48	1.14979
22	96	-1.14942
20	52	-1.14909
8	56	1.14844
8	40	-1.14758
62	78	-1.14695
16	48	-1.14691
6	78	-1.14592
48	50	1.14566
10	84	-1.14537
26	72	1.14486
16	64	-1.14478
34	58	1.14149
68	94	-1.14126
46	62	-1.14111
34	46	1.13864
24	36	1.13861
96	98	1.13726
2	64	1.1361
18	40	-1.13496
38	94	1.13383
48	68	-1.13381
50	76	-1.13372
54	70	1.13338
18	88	-1.13292
0	18	-1.13262
62	98	1.13185
16	62	-1.13157
60	82	-1.13061
24	74	-1.12965
32	82	1.12951
76	80	1.12859
52	92	-1.1282
64	76	-1.12721
6	88	1.12556
66	84	1.12541
30	74	1.12539
12	36	1.12537
54	86	1.12496
36	50	1.12461
30	84	1.12408
54	58	-1.12403
12	76	-1.12387
16	30	1.12364
14	98	-1.12296
16	66	1.12244
18	70	-1.12225
8	90	1.12207
0	86	1.12107
38	48	1.12037
14	70	-1.1195
36	68	-1.11913
62	76	-1.11702
36	52	1.11638
30	94	-1.11557
84	86	-1.11533
4	56	1.11433
72	82	1.11361
18	46	1.11359
60	64	1.11333
38	84	-1.1132
2	82	-1.1123
42	86	1.11107
50	74	-1.11079
64	84	-1.1096
38	76	-1.1093
70	84	-1.10803
30	48	-1.10801
64	98	1.10677
24	70	1.10572
18	96	-1.10542
10	66	-1.1054
36	38	1.10481
8	44	1.10408
6	46	-1.10405
18	32	1.10223
70	78	-1.10218
14	88	-1.10184
60	62	1.10184
2	16	-1.1018
62	84	-1.10144
52	74	-1.10136
32	70	-1.10133
2	26	-1.10085
74	80	1.09965
12	14	-1.09908
10	74	-1.09868
60	86	1.09807
16	50	-1.09773
68	84	1.09772
0	46	-1.09723
32	38	-1.09706
80	94	-1.09703
46	96	-1.09696
56	78	1.09651
48	80	-1.09611
26	46	1.0956
8	92	1.09524
66	70	-1.09492
4	76	1.09426
86	90	-1.09412
48	52	1.09356
30	36	-1.09326
86	96	1.09267
8	10	-1.09065
54	78	-1.09044
42	64	1.09002
18	42	-1.08952
16	68	1.08945
42	80	-1.08931
52	56	-1.08921
38	60	1.08891
14	90	1.08762
52	94	1.08693
74	96	-1.08688
44	86	-1.08679
70	86	1.08631
46	70	-1.08622
32	34	1.08493
10	46	-1.08478
10	32	-1.08462
12	16	-1.08437
36	80	-1.08193
78	96	-1.08178
8	96	-1.0812
12	46	-1.0812
38	74	-1.08104
14	40	-1.08045
50	60	1.07971
42	62	1.07874
0	74	-1.07794
34	72	1.0776
0	8	-1.07736
14	44	1.07693
4	22	1.07673
8	20	1.07627
12	78	-1.07613
48	82	-1.07592
0	78	-1.07589
70	72	-1.07456
6	52	1.07455
60	80	-1.07399
52	76	-1.07363
62	94	1.07331
4	74	1.07263
8	28	1.07211
54	72	-1.07205
78	92	1.07127
40	86	1.07127
44	66	1.07105
46	80	1.0705
30	42	-1.0704
10	58	-1.07009
0	32	-1.06992
50	84	-1.06975
12	84	-1.06858
66	90	1.06762
48	62	1.06736
32	96	-1.06683
38	42	1.06628
78	82	1.06624
82	94	-1.06624
22	46	1.06622
70	76	-1.06599
18	60	-1.06559
34	78	1.0653
12	60	1.06474
24	84	-1.06415
10	78	-1.06377
70	98	1.06326
36	82	-1.06289
22	32	1.06207
86	88	1.0614
30	60	-1.06117
4	36	-1.0597
0	66	-1.0589
14	96	-1.05871
14	24	-1.05816
26	76	1.05799
14	68	1.05767
26	32	1.05753
32	50	-1.05587
4	6	-1.05585
20	78	1.05579
16	18	1.05576
40	66	-1.05419
8	54	-1.05362
66	88	-1.05285
8	98	-1.05272
22	52	-1.0526
2	34	-1.05249
28	78	1.0521
64	94	1.05201
42	50	1.05148
8	38	-1.05065
36	62	1.05045
0	14	-1.04981
58	70	-1.04965
38	46	-1.04933
32	80	1.04896
8	50	-1.04867
10	14	-1.04828
4	94	-1.04763
4	48	-1.04731
48	64	1.04713
42	68	-1.04615
30	46	1.04589
66	96	-1.04582
56	60	-1.04425
10	72	-1.04312
2	54	1.04263
12	42	1.04241
2	10	1.04207
26	94	-1.04155
18	84	1.04019
22	42	-1.03994
4	18	1.03977
36	96	1.03953
44	58	1.03944
60	68	-1.03798
76	82	1.03796
8	82	1.0377
6	84	-1.03756
4	72	1.0375
36	70	1.03672
24	60	1.03643
14	50	-1.03632
78	98	-1.03571
14	30	1.03559
26	48	-1.03551
58	90	1.03512
6	42	1.03467
36	64	1.03315
40	58	-1.03312
24	32	-1.03235
46	68	1.03218
26	74	1.0318
26	78	1.03158
48	96	1.03034
74	82	1.03027
58	88	-1.0294
0	58	-1.02933
18	52	-1.02895
24	42	1.02826
48	70	1.02818
16	86	-1.02763
8	34	1.02744
32	56	1.02706
6	60	1.02659
46	50	-1.02652
30	32	1.02646
16	22	1.02636
0	36	1.02631
94	96	1.02625
14	38	-1.0261
8	24	-1.0256
26	36	-1.02554
36	88	1.02513
22	60	-1.02507
2	52	1.02359
4	86	-1.02306
20	84	1.02304
14	80	1.02288
40	74	-1.02263
16	20	1.02175
34	76	1.02173
70	94	1.02172
84	98	-1.02108
54	76	-1.01991
48	88	1.01974
0	48	1.01971
2	90	-1.01926
76	90	1.01919
46	56	1.01862
16	28	1.01855
4	58	1.01834
32	68	1.01814
58	96	-1.01812
44	76	1.01762
52	72	-1.01758
16	92	1.01736
84	92	1.01734
0	94	1.01725
0	72	-1.01721
74	88	-1.017
44	72	1.01684
78	80	1.0166
0	2	1.01619
72	90	1.01605
72	96	-1.01567
22	84	1.01547
10	76	-1.01539
36	40	1.01537
74	90	1.01533
76	96	-1.01492
2	4	-1.01449
76	88	-1.01447
28	84	1.01445
36	90	-1.01398
48	90	-1.01388
14	82	1.01379
88	94	1.01324
4	66	1.01289
8	68	1.01272
2	96	1.01259
10	94	1.01248
38	78	-1.01247
34	94	-1.01219
14	54	-1.01208
32	98	-1.01199
10	48	1.01198
46	92	1.01191
48	54	1.01189
10	36	1.01168
52	86	1.01144
50	78	-1.01097
54	94	1.01097
24	46	-1.01067
14	34	1.01038
2	44	-1.01037
68	78	1.01006
44	74	1.00971
34	48	-1.00937
30	78	1.00921
28	42	-1.00906
42	56	-1.00902
0	76	-1.00895
90	94	-1.00894
28	32	1.0089
36	44	-1.00874
40	48	1.00872
8	26	1.00839
72	88	-1.00834
2	88	1.00824
32	92	1.00815
20	42	-1.00789
20	46	1.00787
34	74	1.00758
28	60	-1.00736
40	72	-1.00702
2	70	1.00691
42	98	1.0069
36	54	1.00685
40	76	-1.00681
54	74	-1.00666
42	92	-1.00663
44	48	-1.00662
8	80	1.00617
60	98	1.00616
40	94	1.00592
24	78	-1.00581
6	16	-1.00525
8	30	1.00453
34	36	-1.00448
44	94	-1.00377
20	32	1.00373
28	46	1.00363
52	58	-1.00342
2	40	1.00295
14	26	1.00249
20	60	-1.0019
16	56	1.00154
56	84	1.00137
52	66	-1.00062
46	98	-1.00028
60	92	-1.00021
