9	21	199.975
61	97	199.952
31	51	199.902
9	17	199.735
17	21	199.697
39	99	199.6
69	89	199.471
3	69	199.47
61	95	199.403
95	97	199.342
37	45	199.285
19	75	199.196
23	83	199.07
3	53	198.911
21	63	198.778
3	89	198.628
65	79	198.444
9	63	198.424
17	63	198.388
69	85	198.148
59	93	198.073
53	69	198.025
53	85	197.913
43	51	197.892
5	77	197.593
7	65	197.549
7	37	197.541
31	43	197.362
1	75	197.305
5	73	197.245
17	43	197.034
3	85	196.993
1	99	196.986
9	43	196.968
49	81	196.864
9	29	196.759
21	29	196.608
1	39	196.549
21	43	196.409
11	55	196.324
85	89	196.068
27	93	195.914
37	93	195.894
3	63	195.881
7	45	195.728
53	89	195.718
1	19	195.624
25	81	-195.464
13	15	195.138
17	29	194.793
29	43	194.606
45	65	194.05
73	77	193.914
37	65	193.888
27	59	193.738
63	89	193.735
45	93	193.534
15	47	193.475
63	69	193.295
29	63	193.18
49	67	192.979
25	49	-192.945
7	79	192.903
53	63	192.831
59	87	192.733
45	79	192.612
27	61	-192.491
3	21	191.871
13	47	191.792
29	31	191.763
51	97	191.741
43	63	191.508
19	81	191.486
27	97	-191.458
19	67	191.31
31	97	191.26
29	51	191.24
51	61	191.121
3	9	191.024
31	61	190.735
9	51	190.663
37	79	190.508
17	51	190.322
19	49	190.226
9	31	190.158
7	93	190.126
27	95	-190.124
55	71	190
37	59	189.922
3	17	189.824
21	51	189.742
21	53	189.627
17	31	189.533
29	53	189.405
75	99	189.376
21	31	189.232
9	53	188.808
87	93	188.717
85	91	188.583
75	81	188.321
3	29	188.266
39	75	188.247
45	59	188.023
19	99	187.947
21	69	187.892
21	89	187.757
27	37	187.409
25	35	187.363
45	87	186.995
9	69	186.868
51	95	186.846
9	89	186.716
17	53	186.693
41	87	186.66
63	85	186.429
17	89	186.271
31	95	186.206
67	75	186.109
65	67	185.918
19	39	185.822
17	69	185.782
49	75	184.962
67	81	184.876
37	87	184.851
41	57	184.617
27	31	-184.571
43	97	184.089
33	57	184.086
1	67	183.987
7	27	183.8
27	51	-183.487
35	49	-183.351
29	69	183.296
67	79	183.132
43	61	182.987
41	59	182.625
51	63	182.318
27	45	182.306
31	63	181.624
65	93	181.299
79	99	181.168
67	99	181.068
15	77	181.015
29	89	180.979
23	95	180.847
7	59	180.788
21	85	180.695
11	71	180.195
69	91	179.952
9	85	179.547
7	67	179.519
61	93	-179.5
83	95	179.169
29	85	179.075
53	91	178.973
3	43	178.922
11	91	178.877
55	91	178.627
23	35	178.289
43	95	178.281
93	97	-177.887
17	85	177.513
13	75	177.412
93	95	-177.098
1	81	177.035
39	79	176.863
19	25	-176.769
43	53	176.757
89	91	176.729
5	15	176.703
39	67	176.456
35	81	-176.331
47	81	176.304
27	87	175.753
79	93	175.736
1	49	175.732
3	91	175.712
59	61	-175.125
23	97	175.082
23	61	174.84
65	99	174.578
25	67	-174.452
83	97	174.01
59	97	-173.619
61	83	173.433
43	69	173.212
43	89	173.11
47	75	172.733
35	83	172.728
7	87	172.631
7	95	-172.546
25	75	-172.018
27	43	-171.895
31	59	-171.829
1	79	171.678
41	93	171.638
27	65	171.361
59	95	-171.261
7	61	-171.159
13	19	171.035
1	13	170.959
59	65	170.795
17	97	170.382
37	61	-170.064
31	93	-169.828
51	59	-169.731
9	97	169.654
37	95	-169.56
39	65	169.483
7	97	-169.337
25	47	-169.251
29	97	169.218
19	47	169.17
17	61	168.934
29	61	168.325
9	61	168.304
21	97	168.231
37	97	-168.193
51	93	-168.181
35	67	-168.011
3	51	167.984
19	79	167.873
3	31	167.801
65	87	167.508
37	67	167.171
31	53	167.17
79	87	167.137
51	53	166.902
21	61	166.864
1	65	166.751
19	65	166.414
45	67	166.138
49	99	166.073
13	81	166.022
13	77	165.837
59	79	165.811
27	41	165.303
49	65	164.99
43	85	164.637
81	99	164.516
27	29	-163.84
17	95	163.72
75	79	163.654
27	79	162.937
45	61	-162.852
9	95	162.695
29	57	-162.517
45	95	-162.164
15	73	162.072
39	49	161.893
29	95	161.737
51	69	161.42
39	81	161.413
21	95	161.218
31	69	161.175
1	47	161.047
49	79	160.984
45	97	-160.945
65	75	160.85
51	89	160.743
7	99	160.64
31	89	160.224
47	49	160.189
47	77	160.125
15	75	159.951
13	39	159.69
65	95	-159.461
7	49	159.14
63	97	158.563
1	25	-158.309
5	13	158.291
43	59	-157.93
41	45	157.832
5	47	157.792
37	41	157.728
9	27	-157.644
61	65	-157.459
13	99	157.154
63	91	157.15
61	63	157.065
23	27	-156.972
19	35	-156.732
17	27	-156.7
45	99	156.67
29	59	-156.657
21	27	-156.243
65	97	-155.605
43	93	-155.508
15	81	155.159
7	39	155.127
7	19	154.826
23	49	-154.786
11	85	154.74
53	57	-154.47
7	23	-154.41
57	59	154.165
15	19	153.758
31	37	-153.706
23	67	-153.696
31	85	153.568
51	85	153.393
51	83	153.323
31	41	-153.212
27	83	-153.085
37	99	153.024
1	7	152.987
13	25	-152.882
29	41	-152.862
33	41	152.685
37	51	-152.442
65	81	152.066
23	51	151.942
57	87	151.917
39	45	151.749
13	49	151.719
63	95	151.494
31	83	151.464
1	15	151.203
61	87	-150.956
31	57	-150.778
71	91	150.774
67	93	150.461
41	51	-150.393
23	31	150.33
79	81	150.258
29	93	-150.044
35	75	-149.97
21	91	149.437
29	91	149.363
7	31	-149.315
87	97	-149.269
79	95	-149.137
55	85	149.075
31	87	-148.861
7	51	-148.547
5	29	-148.409
51	57	-148.399
7	75	148.288
9	91	148.05
37	39	147.862
57	85	-147.81
31	73	-147.673
43	83	147.672
31	45	-147.635
61	79	-147.497
11	69	147.462
87	95	-147.336
7	83	-147.291
11	89	147.1
23	25	146.949
51	73	-146.931
39	47	146.867
9	59	-146.803
49	83	-146.727
51	87	-146.572
29	73	-146.446
9	57	-146.427
45	51	-146.325
21	57	-146.235
15	25	-146.183
27	63	-146.164
23	65	-146.134
47	99	146.097
3	57	-145.931
25	99	-145.795
67	83	-145.764
79	97	-145.733
21	59	-145.683
17	91	145.669
43	57	-145.58
1	45	145.479
37	49	145.439
7	35	-145.063
41	61	-145.043
23	93	-145.007
5	31	-145.006
17	59	-144.906
23	43	144.781
67	95	-144.69
43	73	-144.672
29	77	-144.55
27	67	144.526
5	43	-144.525
47	91	-144.381
5	51	-144.358
5	9	-144.343
23	37	-144.272
7	41	144.163
47	85	-144.152
5	21	-144.129
7	81	144.124
47	67	144.033
41	97	-143.964
45	49	143.921
35	95	143.667
11	25	143.591
19	45	143.489
35	65	-143.368
13	73	143.259
27	57	143.078
1	37	142.995
15	53	-142.904
5	17	-142.811
13	67	142.663
19	37	142.583
9	93	-142.479
25	39	-142.413
25	65	-142.377
15	85	-142.324
41	43	-142.302
57	69	-142.252
49	55	-142.23
17	57	-142.092
55	81	-141.953
9	73	-141.751
57	63	-141.657
47	73	141.647
57	77	141.467
17	93	-141.336
21	73	-141.321
57	93	141.32
21	93	-141.248
5	63	-141.144
47	53	-141.011
11	53	140.989
3	11	140.857
5	53	-140.812
3	97	140.752
27	73	140.75
47	69	-140.666
11	81	-140.57
25	55	140.433
41	95	-140.317
17	73	-140.298
23	81	-140.003
37	43	-139.978
55	69	139.941
83	93	-139.865
25	83	139.837
15	39	139.717
61	67	-139.701
1	35	-139.612
3	15	-139.573
3	61	139.443
73	97	-139.367
11	49	-139.349
61	73	-139.299
3	47	-139.244
31	77	-139.219
65	83	-139.153
53	97	139.064
25	79	-139.059
15	69	-139.006
3	5	-138.902
47	89	-138.849
15	49	138.778
29	87	-138.7
33	83	-138.648
15	91	-138.534
55	89	138.47
81	91	-138.324
57	91	-138.303
59	73	138.233
67	97	-138.222
45	75	138.206
9	41	-138.143
51	77	-138.131
71	73	-138.108
49	71	-138.058
37	83	-137.961
53	61	137.918
33	91	-137.905
59	67	137.781
9	77	-137.711
21	41	-137.596
7	25	-137.549
23	45	-137.528
43	77	-137.523
21	77	-137.522
13	91	-137.447
33	53	-137.343
53	77	-137.335
15	99	137.268
59	63	-137.235
23	59	-137.211
29	33	-137.133
63	73	-137.085
35	61	136.908
43	87	-136.816
37	75	136.8
11	35	136.741
57	89	-136.681
67	71	-136.584
35	97	136.359
17	83	136.353
23	79	-136.263
35	47	-136.225
41	77	136.184
15	89	-136.168
5	69	-136.047
7	43	-135.973
15	29	-135.778
41	53	-135.751
35	79	-135.727
73	95	-135.676
53	55	135.646
5	85	-135.589
17	77	-135.549
53	73	-135.545
13	85	-135.448
31	65	-135.368
55	67	-135.227
41	65	135.137
43	45	-134.771
51	65	-134.751
33	85	-134.743
17	41	-134.674
89	97	134.506
73	93	134.502
69	97	134.429
63	77	-134.346
13	53	-134.268
35	37	-134.244
71	81	-134.207
5	71	-134.161
19	55	-134.058
41	73	134.028
3	55	134.009
5	89	-133.957
67	87	133.948
3	77	-133.873
75	91	-133.863
9	83	133.816
93	99	133.797
3	95	133.703
57	61	-133.569
25	91	133.524
3	73	-133.515
57	97	-133.473
15	63	-133.463
5	57	133.43
49	95	-133.404
19	91	-133.367
23	33	-133.337
35	55	133.194
61	89	133.151
61	69	133.15
13	33	133.094
59	83	-133.08
19	23	-132.998
81	83	-132.876
27	53	-132.775
21	83	132.649
63	93	-132.626
41	79	132.625
5	97	-132.58
17	23	132.495
57	73	132.486
43	91	132.375
15	57	132.306
3	27	-132.289
29	37	-132.275
5	61	-132.256
5	27	132.18
15	21	-132.143
77	85	-132.139
41	63	-131.948
53	95	131.908
37	81	131.708
25	71	131.691
9	15	-131.676
45	83	-131.491
45	81	131.412
49	93	131.183
3	41	-131.146
35	99	-131.08
49	91	-131.031
69	77	-130.968
35	45	-130.904
55	75	-130.879
47	55	-130.548
69	73	-130.435
47	63	-130.353
5	41	130.343
35	71	130.341
79	83	-130.331
13	57	130.312
9	23	130.299
13	69	-130.125
73	85	-130.121
27	35	-130.024
3	13	-130.018
9	87	-130.013
59	77	129.961
5	59	129.951
11	47	-129.848
15	17	-129.66
3	33	-129.503
19	71	-129.454
21	87	-129.359
53	59	-129.288
39	93	129.198
21	23	129.103
57	95	-128.949
27	77	128.895
29	83	128.757
35	93	-128.592
17	87	-128.464
71	77	-128.455
41	85	-128.383
73	89	-128.326
5	95	-128.24
73	87	128.191
11	67	-128.13
77	89	-128.1
29	45	-128.052
89	95	128.035
31	79	-128.015
27	49	127.927
41	69	-127.896
35	39	-127.812
3	59	-127.811
69	95	127.792
49	61	-127.786
11	19	-127.76
87	99	127.636
9	33	-127.538
21	33	-127.496
9	37	-127.469
51	79	-127.461
19	83	-127.442
23	75	-127.377
33	69	-127.346
7	71	-127.276
17	37	-127.203
5	91	-127.073
25	37	-127
13	89	-126.993
29	47	-126.865
15	33	126.812
15	67	126.704
49	97	-126.698
31	33	-126.638
85	97	126.592
13	35	-126.581
21	47	-126.522
25	45	-126.48
23	71	126.443
27	69	-126.424
21	37	-126.394
33	43	-126.383
23	29	126.34
33	35	-126.25
65	71	-126.235
63	83	126.109
1	91	-126.093
77	97	-126.04
1	23	-125.94
33	51	-125.895
61	77	-125.892
55	73	-125.834
71	75	-125.832
7	29	-125.818
9	47	-125.779
27	89	-125.61
61	85	125.533
41	89	-125.481
33	77	125.475
23	99	-125.449
17	33	-125.377
19	93	125.327
5	93	125.211
33	63	-125.132
77	91	-125.077
1	93	124.885
37	57	124.819
15	43	-124.77
63	87	-124.684
35	41	-124.607
11	75	-124.549
47	71	-124.506
11	63	124.419
13	29	-124.338
17	47	-124.315
73	91	-124.224
39	87	124.111
59	99	124.102
43	65	-123.999
81	85	-123.875
77	93	123.833
23	39	-123.804
9	45	-123.782
17	45	-123.658
27	99	123.585
5	55	-123.554
83	99	-123.499
45	57	123.496
37	73	123.462
57	83	-123.455
35	87	-123.397
31	91	123.357
1	83	-123.144
1	55	-123.124
59	69	-123.112
75	83	-123.083
51	91	123.014
39	83	-122.943
23	41	-122.939
21	45	-122.858
7	17	-122.756
77	87	122.75
35	59	-122.692
7	9	-122.599
15	55	-122.565
33	89	-122.528
23	63	122.341
53	93	-122.307
59	89	-122.302
13	63	-122.225
67	91	-122.129
15	71	-122.02
71	83	121.954
23	87	-121.897
77	95	-121.838
3	93	-121.736
41	83	-121.702
7	21	-121.501
25	85	121.457
13	55	-121.411
71	85	121.264
5	87	121.161
71	79	-121.118
33	55	-121.052
27	85	-121.034
15	31	-121.025
49	59	121.024
23	57	-120.954
71	95	120.931
45	73	120.685
85	95	120.447
13	21	-120.436
15	51	-120.412
49	87	120.354
95	99	-120.249
39	59	120.231
75	93	120.151
1	33	120.136
75	77	120.076
37	71	-120.06
53	87	-120.019
1	71	-119.947
9	13	-119.934
11	33	-119.796
13	79	119.74
75	85	-119.735
3	87	-119.734
25	95	119.726
47	57	119.705
37	63	-119.665
27	39	119.581
33	59	119.569
33	39	119.484
19	95	-119.343
33	87	119.288
59	85	-119.236
11	15	-119.148
19	27	119.134
33	75	118.957
15	35	-118.884
33	97	-118.793
81	95	-118.715
55	77	-118.67
43	79	-118.635
7	73	118.631
69	81	-118.506
55	65	-118.365
87	89	-118.34
81	93	118.324
33	61	-118.186
55	63	118.179
13	71	-118.114
13	17	-118.09
61	71	117.921
83	87	-117.896
19	85	-117.886
33	95	-117.852
25	87	-117.775
33	47	117.673
23	55	117.664
25	69	117.655
11	73	-117.641
69	87	-117.616
91	99	-117.515
47	79	117.473
45	71	-117.455
25	89	117.455
39	95	-117.4
35	57	-117.392
81	89	-117.381
61	99	-117.356
71	97	117.331
1	87	117.311
45	63	-117.308
69	93	-117.306
11	13	-117.105
5	11	-117.073
89	93	-117.04
1	27	117.039
11	21	117.003
11	57	-116.958
43	47	-116.893
25	93	-116.883
39	91	-116.868
5	33	116.797
11	23	116.663
53	81	-116.643
15	41	116.626
13	65	116.563
33	99	116.538
97	99	-116.527
7	55	-116.391
27	71	-116.368
55	99	-116.353
1	11	-116.212
77	81	116.133
35	91	116.094
9	11	115.952
19	87	115.882
1	59	115.76
1	95	-115.728
41	91	-115.659
19	59	115.626
51	67	-115.533
31	67	-115.523
55	79	-115.507
19	61	-115.455
7	57	115.385
71	93	-115.385
73	83	-115.375
3	81	-115.361
47	65	115.319
1	77	115.246
27	33	115.205
5	75	115.185
19	33	115.163
11	17	115.155
29	65	-115.128
71	99	-115.088
19	77	115.054
25	61	114.919
7	63	-114.892
27	81	114.736
33	73	114.709
39	61	-114.645
49	85	-114.596
69	71	114.488
19	97	-114.479
11	29	114.453
35	51	114.417
53	75	-114.412
23	73	-114.329
61	81	-114.304
25	97	114.241
5	37	114.228
85	87	-114.219
25	53	114.216
3	25	114.192
27	75	114.153
75	95	-114.101
39	97	-114.005
39	55	-113.986
69	75	-113.838
31	35	113.836
25	27	-113.813
17	65	-113.813
33	71	-113.797
25	41	-113.763
55	83	113.545
71	89	113.506
81	97	-113.49
5	81	113.427
1	85	-113.386
13	43	-113.337
81	87	113.332
9	65	-113.329
25	33	-113.294
85	93	-113.074
11	83	113.053
25	77	-112.902
55	57	-112.897
37	77	112.682
11	41	-112.618
1	61	-112.562
21	65	-112.52
39	71	-112.393
75	87	112.264
21	55	112.221
75	89	-112.199
19	53	-112.169
3	83	112.14
33	81	112.135
19	69	-112.127
53	71	112
5	45	111.987
3	75	-111.856
11	65	-111.836
11	77	-111.829
1	97	-111.78
31	47	-111.685
59	75	111.578
33	93	111.521
47	51	-111.441
25	59	-111.434
9	55	111.362
17	79	-111.098
5	19	111.07
29	55	110.989
13	41	110.96
41	67	110.933
65	73	110.928
29	79	-110.912
3	71	110.803
45	77	110.785
61	75	-110.771
59	81	110.691
19	89	-110.683
5	25	-110.681
33	49	110.676
1	5	110.565
17	55	110.427
3	37	-110.383
5	83	-110.316
9	79	-110.309
7	11	-110.233
13	31	-110.223
53	83	110.092
11	99	-110.041
75	97	-109.973
83	89	109.965
37	53	-109.962
3	19	-109.961
11	79	-109.887
5	7	109.879
37	55	-109.868
49	69	-109.809
39	77	109.8
59	71	-109.742
21	79	-109.715
13	51	-109.692
3	23	109.458
1	53	-109.278
3	45	-109.121
69	83	108.974
45	55	-108.962
49	89	-108.931
1	69	-108.862
35	43	108.757
5	23	-108.653
25	57	-108.604
7	13	108.576
11	87	-108.548
37	89	-108.333
7	47	108.314
45	53	-108.304
41	47	108.297
49	53	-108.286
57	65	108.272
77	83	-108.233
45	89	-108.193
43	67	-108.182
11	39	-108.173
63	65	-108.158
41	49	108.006
1	89	-107.974
7	77	107.869
39	85	-107.786
23	53	107.75
77	99	107.715
37	69	-107.651
73	79	107.624
15	79	107.605
49	51	-107.461
1	3	-107.393
23	89	107.351
85	99	-107.329
13	83	-107.297
31	49	-107.282
3	49	-107.256
55	95	107.248
57	75	107.115
45	69	-107.033
63	79	-106.984
13	23	-106.875
23	69	106.617
5	39	106.554
15	97	-106.546
11	43	106.437
63	81	-106.425
23	77	-106.388
39	89	-106.387
67	85	-106.386
49	77	106.384
33	67	106.319
57	79	106.315
15	59	106.295
73	75	106.221
15	61	-106.207
25	63	106.121
15	27	106.104
11	45	-106.102
1	57	106.087
11	37	-106.076
3	7	-106.03
39	69	-105.878
79	91	-105.876
91	97	105.754
15	65	105.73
89	99	-105.678
7	53	-105.667
23	47	-105.624
71	87	-105.623
51	71	105.561
65	91	-105.545
31	71	105.391
41	81	105.37
57	81	105.328
61	91	105.312
35	85	105.273
69	99	-105.221
39	53	-105.129
55	61	105.012
73	81	104.924
41	55	-104.903
3	39	-104.861
5	99	104.809
51	99	-104.767
55	93	-104.69
55	97	104.689
63	75	-104.633
5	49	104.532
31	99	-104.502
83	85	104.491
53	99	-104.401
39	57	104.371
13	45	104.339
19	57	104.328
45	47	104.305
41	99	104.279
37	85	-104.258
39	63	-104.225
7	89	-104.205
5	65	104.103
3	99	-104.101
27	55	-104.052
43	55	104.04
59	91	-103.97
15	87	103.896
27	91	-103.895
17	39	-103.88
39	51	-103.869
11	95	103.855
15	95	-103.783
7	69	-103.751
13	37	103.691
19	73	103.689
87	91	-103.676
35	77	-103.645
47	83	-103.643
45	85	-103.613
21	81	-103.576
25	73	-103.566
31	39	-103.497
35	89	103.487
1	73	103.487
37	47	103.432
57	71	-103.399
35	69	103.345
29	81	-103.334
55	87	-103.326
33	37	103.299
63	99	-103.281
91	95	103.244
63	71	103.237
39	43	-103.186
9	81	-103.183
29	75	-103.167
79	89	-103.15
43	99	-103.134
21	25	103.121
17	35	103.114
17	99	-103.097
19	63	-103.09
43	49	-103.052
1	63	-103.021
57	99	102.986
49	57	102.967
65	77	102.959
39	41	102.959
23	85	102.93
47	87	102.868
67	69	-102.817
21	39	-102.772
15	93	102.763
11	93	-102.763
9	25	102.751
43	71	102.716
9	39	-102.693
17	81	-102.621
33	45	102.569
29	67	-102.54
9	35	102.529
7	91	-102.526
53	67	-102.5
21	75	-102.488
17	25	102.478
11	59	-102.306
15	83	-102.293
11	51	102.293
11	31	102.254
67	89	-102.237
17	67	-102.192
21	35	102.19
9	75	-102.169
5	79	102.16
11	61	102.1
3	65	-102.092
41	71	-102.083
19	31	-102.074
21	99	-102.063
19	51	-102.055
25	29	102.035
9	99	-102.024
65	89	-102.004
3	79	-101.978
11	97	101.959
67	77	101.954
9	67	-101.948
29	35	101.947
25	51	101.881
19	29	-101.858
21	71	101.815
7	15	101.79
51	81	-101.785
3	35	101.757
17	75	-101.746
31	81	-101.719
55	59	-101.715
25	31	101.71
69	79	-101.707
9	71	101.702
13	59	101.633
51	55	101.627
21	67	-101.609
15	23	-101.607
47	97	-101.602
29	71	101.6
39	73	101.596
31	55	101.591
3	67	-101.56
49	63	-101.553
35	53	101.552
17	71	101.532
1	51	-101.519
53	65	-101.517
7	85	-101.479
47	61	-101.441
1	17	-101.43
1	31	-101.414
7	33	101.413
1	21	-101.387
35	73	-101.365
77	79	101.364
67	73	101.325
13	27	101.322
19	41	101.3
11	27	-101.299
19	21	-101.291
1	9	-101.199
91	93	-101.185
65	69	-101.167
23	91	101.157
1	29	-101.153
9	19	-101.053
5	35	-101.025
5	67	101
35	63	100.941
13	97	-100.928
1	41	100.914
29	49	-100.906
53	79	-100.856
25	43	100.814
27	47	100.81
13	61	-100.802
43	81	-100.796
21	49	-100.789
9	49	-100.769
17	19	-100.72
73	99	100.718
47	95	-100.709
31	75	-100.706
51	75	-100.673
17	49	-100.64
13	93	100.64
49	73	100.638
47	59	100.592
1	43	-100.521
33	79	100.51
29	39	-100.431
45	91	-100.393
13	87	100.388
79	85	-100.353
37	91	-100.313
41	75	100.269
57	67	100.246
83	91	100.232
15	37	100.229
33	65	100.209
63	67	-100.209
15	45	100.187
19	43	-100.179
29	99	-100.146
13	95	-100.106
47	93	100.049
43	75	-100.037
65	85	-100.031
92	93	20
34	35	20
86	87	20
96	97	20
54	55	20
88	89	20
28	29	20
64	65	20
90	91	20
22	23	20
42	43	20
74	75	20
58	59	20
62	63	20
20	21	20
40	41	20
32	33	20
94	95	20
56	57	20
44	45	20
72	73	20
16	17	20
80	81	20
26	27	20
38	39	20
78	79	20
60	61	20
36	37	20
46	47	20
82	83	20
70	71	20
48	49	20
24	25	20
68	69	20
84	85	20
18	19	20
76	77	20
50	51	20
30	31	20
52	53	20
66	67	20
14	15	20
0	1	20
98	99	20
6	7	20
2	3	20
12	13	20
10	11	20
8	9	20
4	5	20
8	21	19.9975
9	20	19.9975
61	96	19.9952
60	97	19.9952
31	50	19.9902
30	51	19.9902
8	17	19.9735
9	16	19.9735
16	21	19.9697
17	20	19.9697
38	99	19.96
39	98	19.96
68	89	19.9471
69	88	19.9471
3	68	19.947
2	69	19.947
60	95	19.9403
61	94	19.9403
95	96	19.9342
94	97	19.9342
36	45	19.9285
37	44	19.9285
18	75	19.9196
19	74	19.9196
22	83	19.907
23	82	19.907
2	53	19.8911
3	52	19.8911
21	62	19.8778
20	63	19.8778
3	88	19.8628
2	89	19.8628
64	79	19.8444
65	78	19.8444
9	62	19.8424
8	63	19.8424
17	62	19.8388
16	63	19.8388
68	85	19.8148
69	84	19.8148
59	92	19.8073
58	93	19.8073
52	69	19.8025
53	68	19.8025
53	84	19.7913
52	85	19.7913
42	51	19.7892
43	50	19.7892
5	76	19.7593
4	77	19.7593
6	65	19.7549
7	64	19.7549
7	36	19.7541
6	37	19.7541
30	43	19.7362
31	42	19.7362
1	74	19.7305
0	75	19.7305
4	73	19.7245
5	72	19.7245
17	42	19.7034
16	43	19.7034
2	85	19.6993
3	84	19.6993
0	99	19.6986
1	98	19.6986
8	43	19.6968
9	42	19.6968
49	80	19.6864
48	81	19.6864
8	29	19.6759
9	28	19.6759
20	29	19.6608
21	28	19.6608
0	39	19.6549
1	38	19.6549
20	43	19.6409
21	42	19.6409
11	54	19.6324
10	55	19.6324
85	88	19.6068
84	89	19.6068
27	92	19.5914
26	93	19.5914
36	93	19.5894
37	92	19.5894
3	62	19.5881
2	63	19.5881
6	45	19.5728
7	44	19.5728
53	88	19.5718
52	89	19.5718
0	19	19.5624
1	18	19.5624
25	80	-19.5464
24	81	-19.5464
13	14	19.5138
12	15	19.5138
16	29	19.4793
17	28	19.4793
28	43	19.4606
29	42	19.4606
45	64	19.405
44	65	19.405
72	77	19.3914
73	76	19.3914
37	64	19.3888
36	65	19.3888
26	59	19.3738
27	58	19.3738
63	88	19.3735
62	89	19.3735
45	92	19.3534
44	93	19.3534
15	46	19.3475
14	47	19.3475
62	69	19.3295
63	68	19.3295
29	62	19.318
28	63	19.318
48	67	19.2979
49	66	19.2979
24	49	-19.2945
25	48	-19.2945
7	78	19.2903
6	79	19.2903
53	62	19.2831
52	63	19.2831
58	87	19.2733
59	86	19.2733
44	79	19.2612
45	78	19.2612
26	61	-19.2491
27	60	-19.2491
2	21	19.1871
3	20	19.1871
12	47	19.1792
13	46	19.1792
29	30	19.1763
28	31	19.1763
50	97	19.1741
51	96	19.1741
42	63	19.1508
43	62	19.1508
19	80	19.1486
18	81	19.1486
26	97	-19.1458
27	96	-19.1458
18	67	19.131
19	66	19.131
31	96	19.126
30	97	19.126
29	50	19.124
28	51	19.124
50	61	19.1121
51	60	19.1121
2	9	19.1024
3	8	19.1024
30	61	19.0735
31	60	19.0735
8	51	19.0663
9	50	19.0663
37	78	19.0508
36	79	19.0508
16	51	19.0322
17	50	19.0322
19	48	19.0226
18	49	19.0226
9	30	19.0158
8	31	19.0158
6	93	19.0126
7	92	19.0126
27	94	-19.0124
26	95	-19.0124
55	70	19
54	71	19
37	58	18.9922
36	59	18.9922
3	16	18.9824
2	17	18.9824
21	50	18.9742
20	51	18.9742
21	52	18.9627
20	53	18.9627
16	31	18.9533
17	30	18.9533
28	53	18.9405
29	52	18.9405
74	99	18.9376
75	98	18.9376
21	30	18.9232
20	31	18.9232
9	52	18.8808
8	53	18.8808
87	92	18.8717
86	93	18.8717
85	90	18.8583
84	91	18.8583
74	81	18.8321
75	80	18.8321
2	29	18.8266
3	28	18.8266
38	75	18.8247
39	74	18.8247
44	59	18.8023
45	58	18.8023
18	99	18.7947
19	98	18.7947
20	69	18.7892
21	68	18.7892
21	88	18.7757
20	89	18.7757
26	37	18.7409
27	36	18.7409
25	34	18.7363
24	35	18.7363
45	86	18.6995
44	87	18.6995
9	68	18.6868
8	69	18.6868
50	95	18.6846
51	94	18.6846
8	89	18.6716
9	88	18.6716
16	53	18.6693
17	52	18.6693
40	87	18.666
41	86	18.666
63	84	18.6429
62	85	18.6429
17	88	18.6271
16	89	18.6271
30	95	18.6206
31	94	18.6206
67	74	18.6109
66	75	18.6109
64	67	18.5918
65	66	18.5918
18	39	18.5822
19	38	18.5822
16	69	18.5782
17	68	18.5782
48	75	18.4962
49	74	18.4962
66	81	18.4876
67	80	18.4876
37	86	18.4851
36	87	18.4851
41	56	18.4617
40	57	18.4617
26	31	-18.4571
27	30	-18.4571
43	96	18.4089
42	97	18.4089
33	56	18.4086
32	57	18.4086
0	67	18.3987
1	66	18.3987
6	27	18.38
7	26	18.38
26	51	-18.3487
27	50	-18.3487
35	48	-18.3351
34	49	-18.3351
29	68	18.3296
28	69	18.3296
66	79	18.3132
67	78	18.3132
42	61	18.2987
43	60	18.2987
41	58	18.2625
40	59	18.2625
50	63	18.2318
51	62	18.2318
27	44	18.2306
26	45	18.2306
31	62	18.1624
30	63	18.1624
65	92	18.1299
64	93	18.1299
78	99	18.1168
79	98	18.1168
66	99	18.1068
67	98	18.1068
14	77	18.1015
15	76	18.1015
28	89	18.0979
29	88	18.0979
22	95	18.0847
23	94	18.0847
7	58	18.0788
6	59	18.0788
21	84	18.0695
20	85	18.0695
10	71	18.0195
11	70	18.0195
68	91	17.9952
69	90	17.9952
8	85	17.9547
9	84	17.9547
7	66	17.9519
6	67	17.9519
60	93	-17.95
61	92	-17.95
83	94	17.9169
82	95	17.9169
28	85	17.9075
29	84	17.9075
53	90	17.8973
52	91	17.8973
2	43	17.8922
3	42	17.8922
10	91	17.8877
11	90	17.8877
55	90	17.8627
54	91	17.8627
22	35	17.8289
23	34	17.8289
43	94	17.8281
42	95	17.8281
93	96	-17.7887
92	97	-17.7887
17	84	17.7513
16	85	17.7513
12	75	17.7412
13	74	17.7412
93	94	-17.7098
92	95	-17.7098
0	81	17.7035
1	80	17.7035
38	79	17.6863
39	78	17.6863
19	24	-17.6769
18	25	-17.6769
43	52	17.6757
42	53	17.6757
88	91	17.6729
89	90	17.6729
5	14	17.6703
4	15	17.6703
39	66	17.6456
38	67	17.6456
34	81	-17.6331
35	80	-17.6331
47	80	17.6304
46	81	17.6304
26	87	17.5753
27	86	17.5753
78	93	17.5736
79	92	17.5736
1	48	17.5732
0	49	17.5732
2	91	17.5712
3	90	17.5712
59	60	-17.5125
58	61	-17.5125
22	97	17.5082
23	96	17.5082
22	61	17.484
23	60	17.484
65	98	17.4578
64	99	17.4578
25	66	-17.4452
24	67	-17.4452
83	96	17.401
82	97	17.401
58	97	-17.3619
59	96	-17.3619
61	82	17.3433
60	83	17.3433
42	69	17.3212
43	68	17.3212
43	88	17.311
42	89	17.311
47	74	17.2733
46	75	17.2733
34	83	17.2728
35	82	17.2728
6	87	17.2631
7	86	17.2631
7	94	-17.2546
6	95	-17.2546
24	75	-17.2018
25	74	-17.2018
26	43	-17.1895
27	42	-17.1895
30	59	-17.1829
31	58	-17.1829
0	79	17.1678
1	78	17.1678
40	93	17.1638
41	92	17.1638
26	65	17.1361
27	64	17.1361
58	95	-17.1261
59	94	-17.1261
6	61	-17.1159
7	60	-17.1159
13	18	17.1035
12	19	17.1035
0	13	17.0959
1	12	17.0959
59	64	17.0795
58	65	17.0795
17	96	17.0382
16	97	17.0382
37	60	-17.0064
36	61	-17.0064
31	92	-16.9828
30	93	-16.9828
51	58	-16.9731
50	59	-16.9731
9	96	16.9654
8	97	16.9654
37	94	-16.956
36	95	-16.956
39	64	16.9483
38	65	16.9483
6	97	-16.9337
7	96	-16.9337
25	46	-16.9251
24	47	-16.9251
28	97	16.9218
29	96	16.9218
19	46	16.917
18	47	16.917
17	60	16.8934
16	61	16.8934
29	60	16.8325
28	61	16.8325
8	61	16.8304
9	60	16.8304
20	97	16.8231
21	96	16.8231
37	96	-16.8193
36	97	-16.8193
51	92	-16.8181
50	93	-16.8181
35	66	-16.8011
34	67	-16.8011
3	50	16.7984
2	51	16.7984
19	78	16.7873
18	79	16.7873
3	30	16.7801
2	31	16.7801
64	87	16.7508
65	86	16.7508
37	66	16.7171
36	67	16.7171
30	53	16.717
31	52	16.717
78	87	16.7137
79	86	16.7137
51	52	16.6902
50	53	16.6902
20	61	16.6864
21	60	16.6864
0	65	16.6751
1	64	16.6751
18	65	16.6414
19	64	16.6414
45	66	16.6138
44	67	16.6138
49	98	16.6073
48	99	16.6073
12	81	16.6022
13	80	16.6022
12	77	16.5837
13	76	16.5837
58	79	16.5811
59	78	16.5811
26	41	16.5303
27	40	16.5303
48	65	16.499
49	64	16.499
43	84	16.4637
42	85	16.4637
81	98	16.4516
80	99	16.4516
27	28	-16.384
26	29	-16.384
17	94	16.372
16	95	16.372
75	78	16.3654
74	79	16.3654
26	79	16.2937
27	78	16.2937
45	60	-16.2852
44	61	-16.2852
9	94	16.2695
8	95	16.2695
29	56	-16.2517
28	57	-16.2517
44	95	-16.2164
45	94	-16.2164
14	73	16.2072
15	72	16.2072
38	49	16.1893
39	48	16.1893
28	95	16.1737
29	94	16.1737
50	69	16.142
51	68	16.142
39	80	16.1413
38	81	16.1413
21	94	16.1218
20	95	16.1218
31	68	16.1175
30	69	16.1175
0	47	16.1047
1	46	16.1047
49	78	16.0984
48	79	16.0984
45	96	-16.0945
44	97	-16.0945
65	74	16.085
64	75	16.085
51	88	16.0743
50	89	16.0743
7	98	16.064
6	99	16.064
31	88	16.0224
30	89	16.0224
46	49	16.0189
47	48	16.0189
47	76	16.0125
46	77	16.0125
15	74	15.9951
14	75	15.9951
13	38	15.969
12	39	15.969
65	94	-15.9461
64	95	-15.9461
7	48	15.914
6	49	15.914
62	97	15.8563
63	96	15.8563
0	25	-15.8309
1	24	-15.8309
4	13	15.8291
5	12	15.8291
42	59	-15.793
43	58	-15.793
41	44	15.7832
40	45	15.7832
5	46	15.7792
4	47	15.7792
36	41	15.7728
37	40	15.7728
9	26	-15.7644
8	27	-15.7644
60	65	-15.7459
61	64	-15.7459
12	99	15.7154
13	98	15.7154
63	90	15.715
62	91	15.715
61	62	15.7065
60	63	15.7065
23	26	-15.6972
22	27	-15.6972
18	35	-15.6732
19	34	-15.6732
17	26	-15.67
16	27	-15.67
45	98	15.667
44	99	15.667
28	59	-15.6657
29	58	-15.6657
20	27	-15.6243
21	26	-15.6243
65	96	-15.5605
64	97	-15.5605
43	92	-15.5508
42	93	-15.5508
15	80	15.5159
14	81	15.5159
7	38	15.5127
6	39	15.5127
6	19	15.4826
7	18	15.4826
23	48	-15.4786
22	49	-15.4786
10	85	15.474
11	84	15.474
52	57	-15.447
53	56	-15.447
7	22	-15.441
6	23	-15.441
56	59	15.4165
57	58	15.4165
15	18	15.3758
14	19	15.3758
30	37	-15.3706
31	36	-15.3706
23	66	-15.3696
22	67	-15.3696
30	85	15.3568
31	84	15.3568
50	85	15.3393
51	84	15.3393
50	83	15.3323
51	82	15.3323
30	41	-15.3212
31	40	-15.3212
27	82	-15.3085
26	83	-15.3085
36	99	15.3024
37	98	15.3024
0	7	15.2987
1	6	15.2987
13	24	-15.2882
12	25	-15.2882
29	40	-15.2862
28	41	-15.2862
32	41	15.2685
33	40	15.2685
36	51	-15.2442
37	50	-15.2442
64	81	15.2066
65	80	15.2066
22	51	15.1942
23	50	15.1942
56	87	15.1917
57	86	15.1917
38	45	15.1749
39	44	15.1749
13	48	15.1719
12	49	15.1719
63	94	15.1494
62	95	15.1494
31	82	15.1464
30	83	15.1464
0	15	15.1203
1	14	15.1203
60	87	-15.0956
61	86	-15.0956
30	57	-15.0778
31	56	-15.0778
71	90	15.0774
70	91	15.0774
66	93	15.0461
67	92	15.0461
40	51	-15.0393
41	50	-15.0393
22	31	15.033
23	30	15.033
79	80	15.0258
78	81	15.0258
29	92	-15.0044
28	93	-15.0044
34	75	-14.997
35	74	-14.997
20	91	14.9437
21	90	14.9437
29	90	14.9363
28	91	14.9363
6	31	-14.9315
7	30	-14.9315
86	97	-14.9269
87	96	-14.9269
79	94	-14.9137
78	95	-14.9137
55	84	14.9075
54	85	14.9075
30	87	-14.8861
31	86	-14.8861
7	50	-14.8547
6	51	-14.8547
4	29	-14.8409
5	28	-14.8409
51	56	-14.8399
50	57	-14.8399
6	75	14.8288
7	74	14.8288
9	90	14.805
8	91	14.805
36	39	14.7862
37	38	14.7862
56	85	-14.781
57	84	-14.781
31	72	-14.7673
30	73	-14.7673
43	82	14.7672
42	83	14.7672
30	45	-14.7635
31	44	-14.7635
61	78	-14.7497
60	79	-14.7497
10	69	14.7462
11	68	14.7462
87	94	-14.7336
86	95	-14.7336
6	83	-14.7291
7	82	-14.7291
11	88	14.71
10	89	14.71
22	25	14.6949
23	24	14.6949
51	72	-14.6931
50	73	-14.6931
38	47	14.6867
39	46	14.6867
8	59	-14.6803
9	58	-14.6803
49	82	-14.6727
48	83	-14.6727
50	87	-14.6572
51	86	-14.6572
29	72	-14.6446
28	73	-14.6446
8	57	-14.6427
9	56	-14.6427
45	50	-14.6325
44	51	-14.6325
21	56	-14.6235
20	57	-14.6235
14	25	-14.6183
15	24	-14.6183
26	63	-14.6164
27	62	-14.6164
23	64	-14.6134
22	65	-14.6134
47	98	14.6097
46	99	14.6097
2	57	-14.5931
3	56	-14.5931
24	99	-14.5795
25	98	-14.5795
67	82	-14.5764
66	83	-14.5764
79	96	-14.5733
78	97	-14.5733
20	59	-14.5683
21	58	-14.5683
17	90	14.5669
16	91	14.5669
42	57	-14.558
43	56	-14.558
1	44	14.5479
0	45	14.5479
36	49	14.5439
37	48	14.5439
7	34	-14.5063
6	35	-14.5063
40	61	-14.5043
41	60	-14.5043
22	93	-14.5007
23	92	-14.5007
5	30	-14.5006
4	31	-14.5006
16	59	-14.4906
17	58	-14.4906
23	42	14.4781
22	43	14.4781
66	95	-14.469
67	94	-14.469
43	72	-14.4672
42	73	-14.4672
29	76	-14.455
28	77	-14.455
27	66	14.4526
26	67	14.4526
4	43	-14.4525
5	42	-14.4525
46	91	-14.4381
47	90	-14.4381
5	50	-14.4358
4	51	-14.4358
4	9	-14.4343
5	8	-14.4343
23	36	-14.4272
22	37	-14.4272
6	41	14.4163
7	40	14.4163
47	84	-14.4152
46	85	-14.4152
5	20	-14.4129
4	21	-14.4129
7	80	14.4124
6	81	14.4124
46	67	14.4033
47	66	14.4033
40	97	-14.3964
41	96	-14.3964
44	49	14.3921
45	48	14.3921
35	94	14.3667
34	95	14.3667
10	25	14.3591
11	24	14.3591
18	45	14.3489
19	44	14.3489
35	64	-14.3368
34	65	-14.3368
12	73	14.3259
13	72	14.3259
27	56	14.3078
26	57	14.3078
0	37	14.2995
1	36	14.2995
14	53	-14.2904
15	52	-14.2904
5	16	-14.2811
4	17	-14.2811
12	67	14.2663
13	66	14.2663
19	36	14.2583
18	37	14.2583
8	93	-14.2479
9	92	-14.2479
25	38	-14.2413
24	39	-14.2413
24	65	-14.2377
25	64	-14.2377
14	85	-14.2324
15	84	-14.2324
41	42	-14.2302
40	43	-14.2302
57	68	-14.2252
56	69	-14.2252
49	54	-14.223
48	55	-14.223
17	56	-14.2092
16	57	-14.2092
54	81	-14.1953
55	80	-14.1953
9	72	-14.1751
8	73	-14.1751
56	63	-14.1657
57	62	-14.1657
47	72	14.1647
46	73	14.1647
56	77	14.1467
57	76	14.1467
17	92	-14.1336
16	93	-14.1336
21	72	-14.1321
20	73	-14.1321
56	93	14.132
57	92	14.132
21	92	-14.1248
20	93	-14.1248
5	62	-14.1144
4	63	-14.1144
46	53	-14.1011
47	52	-14.1011
10	53	14.0989
11	52	14.0989
3	10	14.0857
2	11	14.0857
4	53	-14.0812
5	52	-14.0812
3	96	14.0752
2	97	14.0752
27	72	14.075
26	73	14.075
47	68	-14.0666
46	69	-14.0666
10	81	-14.057
11	80	-14.057
25	54	14.0433
24	55	14.0433
41	94	-14.0317
40	95	-14.0317
16	73	-14.0298
17	72	-14.0298
23	80	-14.0003
22	81	-14.0003
36	43	-13.9978
37	42	-13.9978
55	68	13.9941
54	69	13.9941
83	92	-13.9865
82	93	-13.9865
25	82	13.9837
24	83	13.9837
14	39	13.9717
15	38	13.9717
60	67	-13.9701
61	66	-13.9701
1	34	-13.9612
0	35	-13.9612
3	14	-13.9573
2	15	-13.9573
2	61	13.9443
3	60	13.9443
72	97	-13.9367
73	96	-13.9367
11	48	-13.9349
10	49	-13.9349
61	72	-13.9299
60	73	-13.9299
3	46	-13.9244
2	47	-13.9244
30	77	-13.9219
31	76	-13.9219
64	83	-13.9153
65	82	-13.9153
53	96	13.9064
52	97	13.9064
25	78	-13.9059
24	79	-13.9059
14	69	-13.9006
15	68	-13.9006
2	5	-13.8902
3	4	-13.8902
46	89	-13.8849
47	88	-13.8849
15	48	13.8778
14	49	13.8778
29	86	-13.87
28	87	-13.87
32	83	-13.8648
33	82	-13.8648
14	91	-13.8534
15	90	-13.8534
54	89	13.847
55	88	13.847
80	91	-13.8324
81	90	-13.8324
56	91	-13.8303
57	90	-13.8303
59	72	13.8233
58	73	13.8233
66	97	-13.8222
67	96	-13.8222
45	74	13.8206
44	75	13.8206
9	40	-13.8143
8	41	-13.8143
50	77	-13.8131
51	76	-13.8131
71	72	-13.8108
70	73	-13.8108
49	70	-13.8058
48	71	-13.8058
37	82	-13.7961
36	83	-13.7961
53	60	13.7918
52	61	13.7918
33	90	-13.7905
32	91	-13.7905
59	66	13.7781
58	67	13.7781
8	77	-13.7711
9	76	-13.7711
21	40	-13.7596
20	41	-13.7596
7	24	-13.7549
6	25	-13.7549
23	44	-13.7528
22	45	-13.7528
42	77	-13.7523
43	76	-13.7523
21	76	-13.7522
20	77	-13.7522
12	91	-13.7447
13	90	-13.7447
32	53	-13.7343
33	52	-13.7343
53	76	-13.7335
52	77	-13.7335
14	99	13.7268
15	98	13.7268
58	63	-13.7235
59	62	-13.7235
22	59	-13.7211
23	58	-13.7211
29	32	-13.7133
28	33	-13.7133
62	73	-13.7085
63	72	-13.7085
35	60	13.6908
34	61	13.6908
42	87	-13.6816
43	86	-13.6816
36	75	13.68
37	74	13.68
11	34	13.6741
10	35	13.6741
56	89	-13.6681
57	88	-13.6681
66	71	-13.6584
67	70	-13.6584
35	96	13.6359
34	97	13.6359
17	82	13.6353
16	83	13.6353
23	78	-13.6263
22	79	-13.6263
34	47	-13.6225
35	46	-13.6225
40	77	13.6184
41	76	13.6184
15	88	-13.6168
14	89	-13.6168
5	68	-13.6047
4	69	-13.6047
7	42	-13.5973
6	43	-13.5973
14	29	-13.5778
15	28	-13.5778
40	53	-13.5751
41	52	-13.5751
34	79	-13.5727
35	78	-13.5727
72	95	-13.5676
73	94	-13.5676
52	55	13.5646
53	54	13.5646
5	84	-13.5589
4	85	-13.5589
16	77	-13.5549
17	76	-13.5549
52	73	-13.5545
53	72	-13.5545
13	84	-13.5448
12	85	-13.5448
31	64	-13.5368
30	65	-13.5368
54	67	-13.5227
55	66	-13.5227
41	64	13.5137
40	65	13.5137
42	45	-13.4771
43	44	-13.4771
51	64	-13.4751
50	65	-13.4751
32	85	-13.4743
33	84	-13.4743
16	41	-13.4674
17	40	-13.4674
88	97	13.4506
89	96	13.4506
72	93	13.4502
73	92	13.4502
68	97	13.4429
69	96	13.4429
62	77	-13.4346
63	76	-13.4346
13	52	-13.4268
12	53	-13.4268
34	37	-13.4244
35	36	-13.4244
70	81	-13.4207
71	80	-13.4207
4	71	-13.4161
5	70	-13.4161
18	55	-13.4058
19	54	-13.4058
41	72	13.4028
40	73	13.4028
3	54	13.4009
2	55	13.4009
4	89	-13.3957
5	88	-13.3957
66	87	13.3948
67	86	13.3948
3	76	-13.3873
2	77	-13.3873
74	91	-13.3863
75	90	-13.3863
8	83	13.3816
9	82	13.3816
93	98	13.3797
92	99	13.3797
2	95	13.3703
3	94	13.3703
57	60	-13.3569
56	61	-13.3569
25	90	13.3524
24	91	13.3524
2	73	-13.3515
3	72	-13.3515
57	96	-13.3473
56	97	-13.3473
15	62	-13.3463
14	63	-13.3463
4	57	13.343
5	56	13.343
49	94	-13.3404
48	95	-13.3404
18	91	-13.3367
19	90	-13.3367
22	33	-13.3337
23	32	-13.3337
35	54	13.3194
34	55	13.3194
61	88	13.3151
60	89	13.3151
61	68	13.315
60	69	13.315
12	33	13.3094
13	32	13.3094
59	82	-13.308
58	83	-13.308
18	23	-13.2998
19	22	-13.2998
81	82	-13.2876
80	83	-13.2876
27	52	-13.2775
26	53	-13.2775
20	83	13.2649
21	82	13.2649
63	92	-13.2626
62	93	-13.2626
40	79	13.2625
41	78	13.2625
5	96	-13.258
4	97	-13.258
17	22	13.2495
16	23	13.2495
57	72	13.2486
56	73	13.2486
43	90	13.2375
42	91	13.2375
15	56	13.2306
14	57	13.2306
3	26	-13.2289
2	27	-13.2289
28	37	-13.2275
29	36	-13.2275
5	60	-13.2256
4	61	-13.2256
4	27	13.218
5	26	13.218
15	20	-13.2143
14	21	-13.2143
77	84	-13.2139
76	85	-13.2139
40	63	-13.1948
41	62	-13.1948
53	94	13.1908
52	95	13.1908
36	81	13.1708
37	80	13.1708
24	71	13.1691
25	70	13.1691
8	15	-13.1676
9	14	-13.1676
45	82	-13.1491
44	83	-13.1491
45	80	13.1412
44	81	13.1412
48	93	13.1183
49	92	13.1183
3	40	-13.1146
2	41	-13.1146
34	99	-13.108
35	98	-13.108
48	91	-13.1031
49	90	-13.1031
69	76	-13.0968
68	77	-13.0968
35	44	-13.0904
34	45	-13.0904
55	74	-13.0879
54	75	-13.0879
47	54	-13.0548
46	55	-13.0548
69	72	-13.0435
68	73	-13.0435
46	63	-13.0353
47	62	-13.0353
5	40	13.0343
4	41	13.0343
34	71	13.0341
35	70	13.0341
79	82	-13.0331
78	83	-13.0331
13	56	13.0312
12	57	13.0312
9	22	13.0299
8	23	13.0299
12	69	-13.0125
13	68	-13.0125
72	85	-13.0121
73	84	-13.0121
26	35	-13.0024
27	34	-13.0024
2	13	-13.0018
3	12	-13.0018
9	86	-13.0013
8	87	-13.0013
59	76	12.9961
58	77	12.9961
5	58	12.9951
4	59	12.9951
10	47	-12.9848
11	46	-12.9848
15	16	-12.966
14	17	-12.966
3	32	-12.9503
2	33	-12.9503
18	71	-12.9454
19	70	-12.9454
21	86	-12.9359
20	87	-12.9359
52	59	-12.9288
53	58	-12.9288
39	92	12.9198
38	93	12.9198
21	22	12.9103
20	23	12.9103
57	94	-12.8949
56	95	-12.8949
26	77	12.8895
27	76	12.8895
29	82	12.8757
28	83	12.8757
35	92	-12.8592
34	93	-12.8592
17	86	-12.8464
16	87	-12.8464
70	77	-12.8455
71	76	-12.8455
40	85	-12.8383
41	84	-12.8383
73	88	-12.8326
72	89	-12.8326
4	95	-12.824
5	94	-12.824
73	86	12.8191
72	87	12.8191
10	67	-12.813
11	66	-12.813
77	88	-12.81
76	89	-12.81
29	44	-12.8052
28	45	-12.8052
89	94	12.8035
88	95	12.8035
31	78	-12.8015
30	79	-12.8015
27	48	12.7927
26	49	12.7927
41	68	-12.7896
40	69	-12.7896
34	39	-12.7812
35	38	-12.7812
3	58	-12.7811
2	59	-12.7811
68	95	12.7792
69	94	12.7792
49	60	-12.7786
48	61	-12.7786
10	19	-12.776
11	18	-12.776
86	99	12.7636
87	98	12.7636
9	32	-12.7538
8	33	-12.7538
21	32	-12.7496
20	33	-12.7496
9	36	-12.7469
8	37	-12.7469
51	78	-12.7461
50	79	-12.7461
18	83	-12.7442
19	82	-12.7442
23	74	-12.7377
22	75	-12.7377
32	69	-12.7346
33	68	-12.7346
6	71	-12.7276
7	70	-12.7276
16	37	-12.7203
17	36	-12.7203
5	90	-12.7073
4	91	-12.7073
25	36	-12.7
24	37	-12.7
13	88	-12.6993
12	89	-12.6993
28	47	-12.6865
29	46	-12.6865
14	33	12.6812
15	32	12.6812
14	67	12.6704
15	66	12.6704
49	96	-12.6698
48	97	-12.6698
31	32	-12.6638
30	33	-12.6638
84	97	12.6592
85	96	12.6592
12	35	-12.6581
13	34	-12.6581
20	47	-12.6522
21	46	-12.6522
24	45	-12.648
25	44	-12.648
23	70	12.6443
22	71	12.6443
26	69	-12.6424
27	68	-12.6424
20	37	-12.6394
21	36	-12.6394
32	43	-12.6383
33	42	-12.6383
22	29	12.634
23	28	12.634
33	34	-12.625
32	35	-12.625
65	70	-12.6235
64	71	-12.6235
62	83	12.6109
63	82	12.6109
1	90	-12.6093
0	91	-12.6093
77	96	-12.604
76	97	-12.604
0	23	-12.594
1	22	-12.594
33	50	-12.5895
32	51	-12.5895
60	77	-12.5892
61	76	-12.5892
55	72	-12.5834
54	73	-12.5834
71	74	-12.5832
70	75	-12.5832
7	28	-12.5818
6	29	-12.5818
9	46	-12.5779
8	47	-12.5779
26	89	-12.561
27	88	-12.561
61	84	12.5533
60	85	12.5533
41	88	-12.5481
40	89	-12.5481
33	76	12.5475
32	77	12.5475
23	98	-12.5449
22	99	-12.5449
16	33	-12.5377
17	32	-12.5377
19	92	12.5327
18	93	12.5327
4	93	12.5211
5	92	12.5211
32	63	-12.5132
33	62	-12.5132
77	90	-12.5077
76	91	-12.5077
1	92	12.4885
0	93	12.4885
36	57	12.4819
37	56	12.4819
15	42	-12.477
14	43	-12.477
62	87	-12.4684
63	86	-12.4684
35	40	-12.4607
34	41	-12.4607
11	74	-12.4549
10	75	-12.4549
46	71	-12.4506
47	70	-12.4506
10	63	12.4419
11	62	12.4419
12	29	-12.4338
13	28	-12.4338
16	47	-12.4315
17	46	-12.4315
73	90	-12.4224
72	91	-12.4224
38	87	12.4111
39	86	12.4111
59	98	12.4102
58	99	12.4102
42	65	-12.3999
43	64	-12.3999
80	85	-12.3875
81	84	-12.3875
77	92	12.3833
76	93	12.3833
23	38	-12.3804
22	39	-12.3804
8	45	-12.3782
9	44	-12.3782
17	44	-12.3658
16	45	-12.3658
27	98	12.3585
26	99	12.3585
4	55	-12.3554
5	54	-12.3554
82	99	-12.3499
83	98	-12.3499
45	56	12.3496
44	57	12.3496
37	72	12.3462
36	73	12.3462
56	83	-12.3455
57	82	-12.3455
34	87	-12.3397
35	86	-12.3397
31	90	12.3357
30	91	12.3357
0	83	-12.3144
1	82	-12.3144
1	54	-12.3124
0	55	-12.3124
58	69	-12.3112
59	68	-12.3112
74	83	-12.3083
75	82	-12.3083
51	90	12.3014
50	91	12.3014
38	83	-12.2943
39	82	-12.2943
22	41	-12.2939
23	40	-12.2939
20	45	-12.2858
21	44	-12.2858
6	17	-12.2756
7	16	-12.2756
77	86	12.275
76	87	12.275
34	59	-12.2692
35	58	-12.2692
6	9	-12.2599
7	8	-12.2599
15	54	-12.2565
14	55	-12.2565
33	88	-12.2528
32	89	-12.2528
23	62	12.2341
22	63	12.2341
53	92	-12.2307
52	93	-12.2307
58	89	-12.2302
59	88	-12.2302
12	63	-12.2225
13	62	-12.2225
67	90	-12.2129
66	91	-12.2129
15	70	-12.202
14	71	-12.202
71	82	12.1954
70	83	12.1954
22	87	-12.1897
23	86	-12.1897
77	94	-12.1838
76	95	-12.1838
2	93	-12.1736
3	92	-12.1736
41	82	-12.1702
40	83	-12.1702
7	20	-12.1501
6	21	-12.1501
24	85	12.1457
25	84	12.1457
13	54	-12.1411
12	55	-12.1411
71	84	12.1264
70	85	12.1264
5	86	12.1161
4	87	12.1161
71	78	-12.1118
70	79	-12.1118
33	54	-12.1052
32	55	-12.1052
27	84	-12.1034
26	85	-12.1034
15	30	-12.1025
14	31	-12.1025
48	59	12.1024
49	58	12.1024
22	57	-12.0954
23	56	-12.0954
70	95	12.0931
71	94	12.0931
44	73	12.0685
45	72	12.0685
84	95	12.0447
85	94	12.0447
13	20	-12.0436
12	21	-12.0436
15	50	-12.0412
14	51	-12.0412
49	86	12.0354
48	87	12.0354
94	99	-12.0249
95	98	-12.0249
39	58	12.0231
38	59	12.0231
75	92	12.0151
74	93	12.0151
1	32	12.0136
0	33	12.0136
74	77	12.0076
75	76	12.0076
36	71	-12.006
37	70	-12.006
52	87	-12.0019
53	86	-12.0019
1	70	-11.9947
0	71	-11.9947
8	13	-11.9934
9	12	-11.9934
11	32	-11.9796
10	33	-11.9796
12	79	11.974
13	78	11.974
74	85	-11.9735
75	84	-11.9735
3	86	-11.9734
2	87	-11.9734
25	94	11.9726
24	95	11.9726
47	56	11.9705
46	57	11.9705
36	63	-11.9665
37	62	-11.9665
26	39	11.9581
27	38	11.9581
32	59	11.9569
33	58	11.9569
32	39	11.9484
33	38	11.9484
18	95	-11.9343
19	94	-11.9343
33	86	11.9288
32	87	11.9288
59	84	-11.9236
58	85	-11.9236
10	15	-11.9148
11	14	-11.9148
19	26	11.9134
18	27	11.9134
32	75	11.8957
33	74	11.8957
15	34	-11.8884
14	35	-11.8884
33	96	-11.8793
32	97	-11.8793
81	94	-11.8715
80	95	-11.8715
55	76	-11.867
54	77	-11.867
42	79	-11.8635
43	78	-11.8635
7	72	11.8631
6	73	11.8631
68	81	-11.8506
69	80	-11.8506
54	65	-11.8365
55	64	-11.8365
87	88	-11.834
86	89	-11.834
81	92	11.8324
80	93	11.8324
33	60	-11.8186
32	61	-11.8186
54	63	11.8179
55	62	11.8179
13	70	-11.8114
12	71	-11.8114
12	17	-11.809
13	16	-11.809
61	70	11.7921
60	71	11.7921
82	87	-11.7896
83	86	-11.7896
19	84	-11.7886
18	85	-11.7886
32	95	-11.7852
33	94	-11.7852
24	87	-11.7775
25	86	-11.7775
32	47	11.7673
33	46	11.7673
22	55	11.7664
23	54	11.7664
24	69	11.7655
25	68	11.7655
11	72	-11.7641
10	73	-11.7641
68	87	-11.7616
69	86	-11.7616
90	99	-11.7515
91	98	-11.7515
46	79	11.7473
47	78	11.7473
44	71	-11.7455
45	70	-11.7455
24	89	11.7455
25	88	11.7455
38	95	-11.74
39	94	-11.74
35	56	-11.7392
34	57	-11.7392
81	88	-11.7381
80	89	-11.7381
60	99	-11.7356
61	98	-11.7356
71	96	11.7331
70	97	11.7331
1	86	11.7311
0	87	11.7311
45	62	-11.7308
44	63	-11.7308
68	93	-11.7306
69	92	-11.7306
10	13	-11.7105
11	12	-11.7105
5	10	-11.7073
4	11	-11.7073
89	92	-11.704
88	93	-11.704
0	27	11.7039
1	26	11.7039
10	21	11.7003
11	20	11.7003
11	56	-11.6958
10	57	-11.6958
42	47	-11.6893
43	46	-11.6893
24	93	-11.6883
25	92	-11.6883
39	90	-11.6868
38	91	-11.6868
5	32	11.6797
4	33	11.6797
10	23	11.6663
11	22	11.6663
53	80	-11.6643
52	81	-11.6643
15	40	11.6626
14	41	11.6626
12	65	11.6563
13	64	11.6563
32	99	11.6538
33	98	11.6538
96	99	-11.6527
97	98	-11.6527
7	54	-11.6391
6	55	-11.6391
27	70	-11.6368
26	71	-11.6368
54	99	-11.6353
55	98	-11.6353
0	11	-11.6212
1	10	-11.6212
76	81	11.6133
77	80	11.6133
35	90	11.6094
34	91	11.6094
8	11	11.5952
9	10	11.5952
18	87	11.5882
19	86	11.5882
0	59	11.576
1	58	11.576
1	94	-11.5728
0	95	-11.5728
41	90	-11.5659
40	91	-11.5659
19	58	11.5626
18	59	11.5626
50	67	-11.5533
51	66	-11.5533
31	66	-11.5523
30	67	-11.5523
55	78	-11.5507
54	79	-11.5507
18	61	-11.5455
19	60	-11.5455
6	57	11.5385
7	56	11.5385
71	92	-11.5385
70	93	-11.5385
72	83	-11.5375
73	82	-11.5375
2	81	-11.5361
3	80	-11.5361
47	64	11.5319
46	65	11.5319
0	77	11.5246
1	76	11.5246
27	32	11.5205
26	33	11.5205
4	75	11.5185
5	74	11.5185
18	33	11.5163
19	32	11.5163
11	16	11.5155
10	17	11.5155
28	65	-11.5128
29	64	-11.5128
70	99	-11.5088
71	98	-11.5088
19	76	11.5054
18	77	11.5054
25	60	11.4919
24	61	11.4919
7	62	-11.4892
6	63	-11.4892
26	81	11.4736
27	80	11.4736
32	73	11.4709
33	72	11.4709
38	61	-11.4645
39	60	-11.4645
48	85	-11.4596
49	84	-11.4596
69	70	11.4488
68	71	11.4488
18	97	-11.4479
19	96	-11.4479
10	29	11.4453
11	28	11.4453
35	50	11.4417
34	51	11.4417
53	74	-11.4412
52	75	-11.4412
23	72	-11.4329
22	73	-11.4329
60	81	-11.4304
61	80	-11.4304
25	96	11.4241
24	97	11.4241
5	36	11.4228
4	37	11.4228
85	86	-11.4219
84	87	-11.4219
24	53	11.4216
25	52	11.4216
3	24	11.4192
2	25	11.4192
26	75	11.4153
27	74	11.4153
75	94	-11.4101
74	95	-11.4101
39	96	-11.4005
38	97	-11.4005
39	54	-11.3986
38	55	-11.3986
69	74	-11.3838
68	75	-11.3838
30	35	11.3836
31	34	11.3836
25	26	-11.3813
24	27	-11.3813
16	65	-11.3813
17	64	-11.3813
33	70	-11.3797
32	71	-11.3797
24	41	-11.3763
25	40	-11.3763
55	82	11.3545
54	83	11.3545
71	88	11.3506
70	89	11.3506
80	97	-11.349
81	96	-11.349
5	80	11.3427
4	81	11.3427
0	85	-11.3386
1	84	-11.3386
12	43	-11.3337
13	42	-11.3337
81	86	11.3332
80	87	11.3332
8	65	-11.3329
9	64	-11.3329
24	33	-11.3294
25	32	-11.3294
85	92	-11.3074
84	93	-11.3074
11	82	11.3053
10	83	11.3053
24	77	-11.2902
25	76	-11.2902
55	56	-11.2897
54	57	-11.2897
36	77	11.2682
37	76	11.2682
11	40	-11.2618
10	41	-11.2618
0	61	-11.2562
1	60	-11.2562
21	64	-11.252
20	65	-11.252
38	71	-11.2393
39	70	-11.2393
75	86	11.2264
74	87	11.2264
21	54	11.2221
20	55	11.2221
74	89	-11.2199
75	88	-11.2199
18	53	-11.2169
19	52	-11.2169
2	83	11.214
3	82	11.214
33	80	11.2135
32	81	11.2135
18	69	-11.2127
19	68	-11.2127
53	70	11.2
52	71	11.2
4	45	11.1987
5	44	11.1987
2	75	-11.1856
3	74	-11.1856
11	64	-11.1836
10	65	-11.1836
10	77	-11.1829
11	76	-11.1829
1	96	-11.178
0	97	-11.178
30	47	-11.1685
31	46	-11.1685
58	75	11.1578
59	74	11.1578
32	93	11.1521
33	92	11.1521
47	50	-11.1441
46	51	-11.1441
25	58	-11.1434
24	59	-11.1434
9	54	11.1362
8	55	11.1362
17	78	-11.1098
16	79	-11.1098
5	18	11.107
4	19	11.107
29	54	11.0989
28	55	11.0989
12	41	11.096
13	40	11.096
40	67	11.0933
41	66	11.0933
64	73	11.0928
65	72	11.0928
28	79	-11.0912
29	78	-11.0912
2	71	11.0803
3	70	11.0803
45	76	11.0785
44	77	11.0785
60	75	-11.0771
61	74	-11.0771
58	81	11.0691
59	80	11.0691
18	89	-11.0683
19	88	-11.0683
4	25	-11.0681
5	24	-11.0681
32	49	11.0676
33	48	11.0676
1	4	11.0565
0	5	11.0565
17	54	11.0427
16	55	11.0427
2	37	-11.0383
3	36	-11.0383
4	83	-11.0316
5	82	-11.0316
8	79	-11.0309
9	78	-11.0309
7	10	-11.0233
6	11	-11.0233
13	30	-11.0223
12	31	-11.0223
52	83	11.0092
53	82	11.0092
11	98	-11.0041
10	99	-11.0041
74	97	-10.9973
75	96	-10.9973
83	88	10.9965
82	89	10.9965
37	52	-10.9962
36	53	-10.9962
2	19	-10.9961
3	18	-10.9961
10	79	-10.9887
11	78	-10.9887
5	6	10.9879
4	7	10.9879
36	55	-10.9868
37	54	-10.9868
48	69	-10.9809
49	68	-10.9809
39	76	10.98
38	77	10.98
58	71	-10.9742
59	70	-10.9742
21	78	-10.9715
20	79	-10.9715
13	50	-10.9692
12	51	-10.9692
3	22	10.9458
2	23	10.9458
1	52	-10.9278
0	53	-10.9278
3	44	-10.9121
2	45	-10.9121
69	82	10.8974
68	83	10.8974
44	55	-10.8962
45	54	-10.8962
48	89	-10.8931
49	88	-10.8931
0	69	-10.8862
1	68	-10.8862
35	42	10.8757
34	43	10.8757
5	22	-10.8653
4	23	-10.8653
24	57	-10.8604
25	56	-10.8604
7	12	10.8576
6	13	10.8576
10	87	-10.8548
11	86	-10.8548
37	88	-10.8333
36	89	-10.8333
6	47	10.8314
7	46	10.8314
45	52	-10.8304
44	53	-10.8304
40	47	10.8297
41	46	10.8297
48	53	-10.8286
49	52	-10.8286
57	64	10.8272
56	65	10.8272
76	83	-10.8233
77	82	-10.8233
44	89	-10.8193
45	88	-10.8193
43	66	-10.8182
42	67	-10.8182
11	38	-10.8173
10	39	-10.8173
62	65	-10.8158
63	64	-10.8158
41	48	10.8006
40	49	10.8006
0	89	-10.7974
1	88	-10.7974
7	76	10.7869
6	77	10.7869
38	85	-10.7786
39	84	-10.7786
22	53	10.775
23	52	10.775
76	99	10.7715
77	98	10.7715
36	69	-10.7651
37	68	-10.7651
72	79	10.7624
73	78	10.7624
15	78	10.7605
14	79	10.7605
48	51	-10.7461
49	50	-10.7461
1	2	-10.7393
0	3	-10.7393
22	89	10.7351
23	88	10.7351
85	98	-10.7329
84	99	-10.7329
13	82	-10.7297
12	83	-10.7297
30	49	-10.7282
31	48	-10.7282
2	49	-10.7256
3	48	-10.7256
54	95	10.7248
55	94	10.7248
56	75	10.7115
57	74	10.7115
44	69	-10.7033
45	68	-10.7033
62	79	-10.6984
63	78	-10.6984
12	23	-10.6875
13	22	-10.6875
22	69	10.6617
23	68	10.6617
5	38	10.6554
4	39	10.6554
14	97	-10.6546
15	96	-10.6546
10	43	10.6437
11	42	10.6437
62	81	-10.6425
63	80	-10.6425
22	77	-10.6388
23	76	-10.6388
38	89	-10.6387
39	88	-10.6387
67	84	-10.6386
66	85	-10.6386
48	77	10.6384
49	76	10.6384
32	67	10.6319
33	66	10.6319
56	79	10.6315
57	78	10.6315
15	58	10.6295
14	59	10.6295
73	74	10.6221
72	75	10.6221
14	61	-10.6207
15	60	-10.6207
25	62	10.6121
24	63	10.6121
14	27	10.6104
15	26	10.6104
11	44	-10.6102
10	45	-10.6102
0	57	10.6087
1	56	10.6087
11	36	-10.6076
10	37	-10.6076
2	7	-10.603
3	6	-10.603
38	69	-10.5878
39	68	-10.5878
79	90	-10.5876
78	91	-10.5876
90	97	10.5754
91	96	10.5754
15	64	10.573
14	65	10.573
89	98	-10.5678
88	99	-10.5678
7	52	-10.5667
6	53	-10.5667
22	47	-10.5624
23	46	-10.5624
70	87	-10.5623
71	86	-10.5623
51	70	10.5561
50	71	10.5561
64	91	-10.5545
65	90	-10.5545
30	71	10.5391
31	70	10.5391
41	80	10.537
40	81	10.537
57	80	10.5328
56	81	10.5328
61	90	10.5312
60	91	10.5312
34	85	10.5273
35	84	10.5273
69	98	-10.5221
68	99	-10.5221
38	53	-10.5129
39	52	-10.5129
54	61	10.5012
55	60	10.5012
72	81	10.4924
73	80	10.4924
41	54	-10.4903
40	55	-10.4903
2	39	-10.4861
3	38	-10.4861
5	98	10.4809
4	99	10.4809
50	99	-10.4767
51	98	-10.4767
55	92	-10.469
54	93	-10.469
55	96	10.4689
54	97	10.4689
62	75	-10.4633
63	74	-10.4633
5	48	10.4532
4	49	10.4532
30	99	-10.4502
31	98	-10.4502
83	84	10.4491
82	85	10.4491
52	99	-10.4401
53	98	-10.4401
38	57	10.4371
39	56	10.4371
12	45	10.4339
13	44	10.4339
19	56	10.4328
18	57	10.4328
45	46	10.4305
44	47	10.4305
40	99	10.4279
41	98	10.4279
37	84	-10.4258
36	85	-10.4258
38	63	-10.4225
39	62	-10.4225
6	89	-10.4205
7	88	-10.4205
5	64	10.4103
4	65	10.4103
3	98	-10.4101
2	99	-10.4101
27	54	-10.4052
26	55	-10.4052
43	54	10.404
42	55	10.404
58	91	-10.397
59	90	-10.397
14	87	10.3896
15	86	10.3896
26	91	-10.3895
27	90	-10.3895
17	38	-10.388
16	39	-10.388
39	50	-10.3869
38	51	-10.3869
11	94	10.3855
10	95	10.3855
14	95	-10.3783
15	94	-10.3783
6	69	-10.3751
7	68	-10.3751
12	37	10.3691
13	36	10.3691
18	73	10.3689
19	72	10.3689
86	91	-10.3676
87	90	-10.3676
35	76	-10.3645
34	77	-10.3645
47	82	-10.3643
46	83	-10.3643
44	85	-10.3613
45	84	-10.3613
21	80	-10.3576
20	81	-10.3576
25	72	-10.3566
24	73	-10.3566
30	39	-10.3497
31	38	-10.3497
34	89	10.3487
35	88	10.3487
0	73	10.3487
1	72	10.3487
37	46	10.3432
36	47	10.3432
57	70	-10.3399
56	71	-10.3399
34	69	10.3345
35	68	10.3345
29	80	-10.3334
28	81	-10.3334
55	86	-10.3326
54	87	-10.3326
32	37	10.3299
33	36	10.3299
62	99	-10.3281
63	98	-10.3281
91	94	10.3244
90	95	10.3244
62	71	10.3237
63	70	10.3237
39	42	-10.3186
38	43	-10.3186
9	80	-10.3183
8	81	-10.3183
28	75	-10.3167
29	74	-10.3167
78	89	-10.315
79	88	-10.315
43	98	-10.3134
42	99	-10.3134
21	24	10.3121
20	25	10.3121
16	35	10.3114
17	34	10.3114
17	98	-10.3097
16	99	-10.3097
19	62	-10.309
18	63	-10.309
43	48	-10.3052
42	49	-10.3052
0	63	-10.3021
1	62	-10.3021
56	99	10.2986
57	98	10.2986
48	57	10.2967
49	56	10.2967
65	76	10.2959
64	77	10.2959
38	41	10.2959
39	40	10.2959
23	84	10.293
22	85	10.293
46	87	10.2868
47	86	10.2868
67	68	-10.2817
66	69	-10.2817
21	38	-10.2772
20	39	-10.2772
15	92	10.2763
14	93	10.2763
11	92	-10.2763
10	93	-10.2763
8	25	10.2751
9	24	10.2751
42	71	10.2716
43	70	10.2716
9	38	-10.2693
8	39	-10.2693
16	81	-10.2621
17	80	-10.2621
32	45	10.2569
33	44	10.2569
28	67	-10.254
29	66	-10.254
9	34	10.2529
8	35	10.2529
7	90	-10.2526
6	91	-10.2526
52	67	-10.25
53	66	-10.25
20	75	-10.2488
21	74	-10.2488
17	24	10.2478
16	25	10.2478
10	59	-10.2306
11	58	-10.2306
15	82	-10.2293
14	83	-10.2293
11	50	10.2293
10	51	10.2293
10	31	10.2254
11	30	10.2254
66	89	-10.2237
67	88	-10.2237
16	67	-10.2192
17	66	-10.2192
20	35	10.219
21	34	10.219
9	74	-10.2169
8	75	-10.2169
5	78	10.216
4	79	10.216
10	61	10.21
11	60	10.21
2	65	-10.2092
3	64	-10.2092
40	71	-10.2083
41	70	-10.2083
18	31	-10.2074
19	30	-10.2074
21	98	-10.2063
20	99	-10.2063
19	50	-10.2055
18	51	-10.2055
25	28	10.2035
24	29	10.2035
8	99	-10.2024
9	98	-10.2024
64	89	-10.2004
65	88	-10.2004
3	78	-10.1978
2	79	-10.1978
11	96	10.1959
10	97	10.1959
66	77	10.1954
67	76	10.1954
9	66	-10.1948
8	67	-10.1948
29	34	10.1947
28	35	10.1947
25	50	10.1881
24	51	10.1881
19	28	-10.1858
18	29	-10.1858
21	70	10.1815
20	71	10.1815
6	15	10.179
7	14	10.179
51	80	-10.1785
50	81	-10.1785
2	35	10.1757
3	34	10.1757
16	75	-10.1746
17	74	-10.1746
31	80	-10.1719
30	81	-10.1719
54	59	-10.1715
55	58	-10.1715
25	30	10.171
24	31	10.171
69	78	-10.1707
68	79	-10.1707
9	70	10.1702
8	71	10.1702
12	59	10.1633
13	58	10.1633
50	55	10.1627
51	54	10.1627
20	67	-10.1609
21	66	-10.1609
14	23	-10.1607
15	22	-10.1607
47	96	-10.1602
46	97	-10.1602
29	70	10.16
28	71	10.16
38	73	10.1596
39	72	10.1596
30	55	10.1591
31	54	10.1591
3	66	-10.156
2	67	-10.156
49	62	-10.1553
48	63	-10.1553
34	53	10.1552
35	52	10.1552
17	70	10.1532
16	71	10.1532
1	50	-10.1519
0	51	-10.1519
53	64	-10.1517
52	65	-10.1517
7	84	-10.1479
6	85	-10.1479
46	61	-10.1441
47	60	-10.1441
0	17	-10.143
1	16	-10.143
1	30	-10.1414
0	31	-10.1414
7	32	10.1413
6	33	10.1413
1	20	-10.1387
0	21	-10.1387
35	72	-10.1365
34	73	-10.1365
76	79	10.1364
77	78	10.1364
66	73	10.1325
67	72	10.1325
13	26	10.1322
12	27	10.1322
18	41	10.13
19	40	10.13
11	26	-10.1299
10	27	-10.1299
18	21	-10.1291
19	20	-10.1291
1	8	-10.1199
0	9	-10.1199
91	92	-10.1185
90	93	-10.1185
65	68	-10.1167
64	69	-10.1167
23	90	10.1157
22	91	10.1157
1	28	-10.1153
0	29	-10.1153
9	18	-10.1053
8	19	-10.1053
5	34	-10.1025
4	35	-10.1025
4	67	10.1
5	66	10.1
34	63	10.0941
35	62	10.0941
13	96	-10.0928
12	97	-10.0928
1	40	10.0914
0	41	10.0914
29	48	-10.0906
28	49	-10.0906
52	79	-10.0856
53	78	-10.0856
25	42	10.0814
24	43	10.0814
27	46	10.081
26	47	10.081
12	61	-10.0802
13	60	-10.0802
42	81	-10.0796
43	80	-10.0796
21	48	-10.0789
20	49	-10.0789
9	48	-10.0769
8	49	-10.0769
17	18	-10.072
16	19	-10.072
73	98	10.0718
72	99	10.0718
46	95	-10.0709
47	94	-10.0709
31	74	-10.0706
30	75	-10.0706
50	75	-10.0673
51	74	-10.0673
16	49	-10.064
17	48	-10.064
12	93	10.064
13	92	10.064
49	72	10.0638
48	73	10.0638
46	59	10.0592
47	58	10.0592
0	43	-10.0521
1	42	-10.0521
32	79	10.051
33	78	10.051
28	39	-10.0431
29	38	-10.0431
44	91	-10.0393
45	90	-10.0393
12	87	10.0388
13	86	10.0388
79	84	-10.0353
78	85	-10.0353
36	91	-10.0313
37	90	-10.0313
41	74	10.0269
40	75	10.0269
57	66	10.0246
56	67	10.0246
82	91	10.0232
83	90	10.0232
15	36	10.0229
14	37	10.0229
33	64	10.0209
32	65	10.0209
63	66	-10.0209
62	67	-10.0209
14	45	10.0187
15	44	10.0187
18	43	-10.0179
19	42	-10.0179
28	99	-10.0146
29	98	-10.0146
13	94	-10.0106
12	95	-10.0106
47	92	10.0049
46	93	10.0049
42	75	-10.0037
43	74	-10.0037
65	84	-10.0031
64	85	-10.0031
8	20	1.99975
60	96	1.99952
30	50	1.99902
8	16	1.99735
16	20	1.99697
38	98	1.996
68	88	1.99471
2	68	1.9947
60	94	1.99403
94	96	1.99342
36	44	1.99285
18	74	1.99196
22	82	1.9907
2	52	1.98911
20	62	1.98778
2	88	1.98628
64	78	1.98444
8	62	1.98424
16	62	1.98388
68	84	1.98148
58	92	1.98073
52	68	1.98025
52	84	1.97913
42	50	1.97892
4	76	1.97593
6	64	1.97549
6	36	1.97541
30	42	1.97362
0	74	1.97305
4	72	1.97245
16	42	1.97034
2	84	1.96993
0	98	1.96986
8	42	1.96968
48	80	1.96864
8	28	1.96759
20	28	1.96608
0	38	1.96549
20	42	1.96409
10	54	1.96324
84	88	1.96068
26	92	1.95914
36	92	1.95894
2	62	1.95881
6	44	1.95728
52	88	1.95718
0	18	1.95624
24	80	-1.95464
12	14	1.95138
16	28	1.94793
28	42	1.94606
44	64	1.9405
72	76	1.93914
36	64	1.93888
26	58	1.93738
62	88	1.93735
44	92	1.93534
14	46	1.93475
62	68	1.93295
28	62	1.9318
48	66	1.92979
24	48	-1.92945
6	78	1.92903
52	62	1.92831
58	86	1.92733
44	78	1.92612
26	60	-1.92491
2	20	1.91871
12	46	1.91792
28	30	1.91763
50	96	1.91741
42	62	1.91508
18	80	1.91486
26	96	-1.91458
18	66	1.9131
30	96	1.9126
28	50	1.9124
50	60	1.91121
2	8	1.91024
30	60	1.90735
8	50	1.90663
36	78	1.90508
16	50	1.90322
18	48	1.90226
8	30	1.90158
6	92	1.90126
26	94	-1.90124
54	70	1.9
36	58	1.89922
2	16	1.89824
20	50	1.89742
20	52	1.89627
16	30	1.89533
28	52	1.89405
74	98	1.89376
20	30	1.89232
8	52	1.88808
86	92	1.88717
84	90	1.88583
74	80	1.88321
2	28	1.88266
38	74	1.88247
44	58	1.88023
18	98	1.87947
20	68	1.87892
20	88	1.87757
26	36	1.87409
24	34	1.87363
44	86	1.86995
8	68	1.86868
50	94	1.86846
8	88	1.86716
16	52	1.86693
40	86	1.8666
62	84	1.86429
16	88	1.86271
30	94	1.86206
66	74	1.86109
64	66	1.85918
18	38	1.85822
16	68	1.85782
48	74	1.84962
66	80	1.84876
36	86	1.84851
40	56	1.84617
26	30	-1.84571
42	96	1.84089
32	56	1.84086
0	66	1.83987
6	26	1.838
26	50	-1.83487
34	48	-1.83351
28	68	1.83296
66	78	1.83132
42	60	1.82987
40	58	1.82625
50	62	1.82318
26	44	1.82306
30	62	1.81624
64	92	1.81299
78	98	1.81168
66	98	1.81068
14	76	1.81015
28	88	1.80979
22	94	1.80847
6	58	1.80788
20	84	1.80695
10	70	1.80195
68	90	1.79952
8	84	1.79547
6	66	1.79519
60	92	-1.795
82	94	1.79169
28	84	1.79075
52	90	1.78973
2	42	1.78922
10	90	1.78877
54	90	1.78627
22	34	1.78289
42	94	1.78281
92	96	-1.77887
16	84	1.77513
12	74	1.77412
92	94	-1.77098
0	80	1.77035
38	78	1.76863
18	24	-1.76769
42	52	1.76757
88	90	1.76729
4	14	1.76703
38	66	1.76456
34	80	-1.76331
46	80	1.76304
26	86	1.75753
78	92	1.75736
0	48	1.75732
2	90	1.75712
58	60	-1.75125
22	96	1.75082
22	60	1.7484
64	98	1.74578
24	66	-1.74452
82	96	1.7401
58	96	-1.73619
60	82	1.73433
42	68	1.73212
42	88	1.7311
46	74	1.72733
34	82	1.72728
6	86	1.72631
6	94	-1.72546
24	74	-1.72018
26	42	-1.71895
30	58	-1.71829
0	78	1.71678
40	92	1.71638
26	64	1.71361
58	94	-1.71261
6	60	-1.71159
12	18	1.71035
0	12	1.70959
58	64	1.70795
16	96	1.70382
36	60	-1.70064
30	92	-1.69828
50	58	-1.69731
8	96	1.69654
36	94	-1.6956
38	64	1.69483
6	96	-1.69337
24	46	-1.69251
28	96	1.69218
18	46	1.6917
16	60	1.68934
28	60	1.68325
8	60	1.68304
20	96	1.68231
36	96	-1.68193
50	92	-1.68181
34	66	-1.68011
2	50	1.67984
18	78	1.67873
2	30	1.67801
64	86	1.67508
36	66	1.67171
30	52	1.6717
78	86	1.67137
50	52	1.66902
20	60	1.66864
0	64	1.66751
18	64	1.66414
44	66	1.66138
48	98	1.66073
12	80	1.66022
12	76	1.65837
58	78	1.65811
26	40	1.65303
48	64	1.6499
42	84	1.64637
80	98	1.64516
26	28	-1.6384
16	94	1.6372
74	78	1.63654
26	78	1.62937
44	60	-1.62852
8	94	1.62695
28	56	-1.62517
44	94	-1.62164
14	72	1.62072
38	48	1.61893
28	94	1.61737
50	68	1.6142
38	80	1.61413
20	94	1.61218
30	68	1.61175
0	46	1.61047
48	78	1.60984
44	96	-1.60945
64	74	1.6085
50	88	1.60743
6	98	1.6064
30	88	1.60224
46	48	1.60189
46	76	1.60125
14	74	1.59951
12	38	1.5969
64	94	-1.59461
6	48	1.5914
62	96	1.58563
0	24	-1.58309
4	12	1.58291
42	58	-1.5793
40	44	1.57832
4	46	1.57792
36	40	1.57728
8	26	-1.57644
60	64	-1.57459
12	98	1.57154
62	90	1.5715
60	62	1.57065
22	26	-1.56972
18	34	-1.56732
16	26	-1.567
44	98	1.5667
28	58	-1.56657
20	26	-1.56243
64	96	-1.55605
42	92	-1.55508
14	80	1.55159
6	38	1.55127
6	18	1.54826
22	48	-1.54786
10	84	1.5474
52	56	-1.5447
6	22	-1.5441
56	58	1.54165
14	18	1.53758
30	36	-1.53706
22	66	-1.53696
30	84	1.53568
50	84	1.53393
50	82	1.53323
30	40	-1.53212
26	82	-1.53085
36	98	1.53024
0	6	1.52987
12	24	-1.52882
28	40	-1.52862
32	40	1.52685
36	50	-1.52442
64	80	1.52066
22	50	1.51942
56	86	1.51917
38	44	1.51749
12	48	1.51719
62	94	1.51494
30	82	1.51464
0	14	1.51203
60	86	-1.50956
30	56	-1.50778
70	90	1.50774
66	92	1.50461
40	50	-1.50393
22	30	1.5033
78	80	1.50258
28	92	-1.50044
34	74	-1.4997
20	90	1.49437
28	90	1.49363
6	30	-1.49315
86	96	-1.49269
78	94	-1.49137
54	84	1.49075
30	86	-1.48861
6	50	-1.48547
4	28	-1.48409
50	56	-1.48399
6	74	1.48288
8	90	1.4805
36	38	1.47862
56	84	-1.4781
30	72	-1.47673
42	82	1.47672
30	44	-1.47635
60	78	-1.47497
10	68	1.47462
86	94	-1.47336
6	82	-1.47291
10	88	1.471
22	24	1.46949
50	72	-1.46931
38	46	1.46867
8	58	-1.46803
48	82	-1.46727
50	86	-1.46572
28	72	-1.46446
8	56	-1.46427
44	50	-1.46325
20	56	-1.46235
14	24	-1.46183
26	62	-1.46164
22	64	-1.46134
46	98	1.46097
2	56	-1.45931
24	98	-1.45795
66	82	-1.45764
78	96	-1.45733
20	58	-1.45683
16	90	1.45669
42	56	-1.4558
0	44	1.45479
36	48	1.45439
6	34	-1.45063
40	60	-1.45043
22	92	-1.45007
4	30	-1.45006
16	58	-1.44906
22	42	1.44781
66	94	-1.4469
42	72	-1.44672
28	76	-1.4455
26	66	1.44526
4	42	-1.44525
46	90	-1.44381
4	50	-1.44358
4	8	-1.44343
22	36	-1.44272
6	40	1.44163
46	84	-1.44152
4	20	-1.44129
6	80	1.44124
46	66	1.44033
40	96	-1.43964
44	48	1.43921
34	94	1.43667
10	24	1.43591
18	44	1.43489
34	64	-1.43368
12	72	1.43259
26	56	1.43078
0	36	1.42995
14	52	-1.42904
4	16	-1.42811
12	66	1.42663
18	36	1.42583
8	92	-1.42479
24	38	-1.42413
24	64	-1.42377
14	84	-1.42324
40	42	-1.42302
56	68	-1.42252
48	54	-1.4223
16	56	-1.42092
54	80	-1.41953
8	72	-1.41751
56	62	-1.41657
46	72	1.41647
56	76	1.41467
16	92	-1.41336
20	72	-1.41321
56	92	1.4132
20	92	-1.41248
4	62	-1.41144
46	52	-1.41011
10	52	1.40989
2	10	1.40857
4	52	-1.40812
2	96	1.40752
26	72	1.4075
46	68	-1.40666
10	80	-1.4057
24	54	1.40433
40	94	-1.40317
16	72	-1.40298
22	80	-1.40003
36	42	-1.39978
54	68	1.39941
82	92	-1.39865
24	82	1.39837
14	38	1.39717
60	66	-1.39701
0	34	-1.39612
2	14	-1.39573
2	60	1.39443
72	96	-1.39367
10	48	-1.39349
60	72	-1.39299
2	46	-1.39244
30	76	-1.39219
64	82	-1.39153
52	96	1.39064
24	78	-1.39059
14	68	-1.39006
2	4	-1.38902
46	88	-1.38849
14	48	1.38778
28	86	-1.387
32	82	-1.38648
14	90	-1.38534
54	88	1.3847
80	90	-1.38324
56	90	-1.38303
58	72	1.38233
66	96	-1.38222
44	74	1.38206
8	40	-1.38143
50	76	-1.38131
70	72	-1.38108
48	70	-1.38058
36	82	-1.37961
52	60	1.37918
32	90	-1.37905
58	66	1.37781
8	76	-1.37711
20	40	-1.37596
6	24	-1.37549
22	44	-1.37528
42	76	-1.37523
20	76	-1.37522
12	90	-1.37447
32	52	-1.37343
52	76	-1.37335
14	98	1.37268
58	62	-1.37235
22	58	-1.37211
28	32	-1.37133
62	72	-1.37085
34	60	1.36908
42	86	-1.36816
36	74	1.368
10	34	1.36741
56	88	-1.36681
66	70	-1.36584
34	96	1.36359
16	82	1.36353
22	78	-1.36263
34	46	-1.36225
40	76	1.36184
14	88	-1.36168
4	68	-1.36047
6	42	-1.35973
14	28	-1.35778
40	52	-1.35751
34	78	-1.35727
72	94	-1.35676
52	54	1.35646
4	84	-1.35589
16	76	-1.35549
52	72	-1.35545
12	84	-1.35448
30	64	-1.35368
54	66	-1.35227
40	64	1.35137
42	44	-1.34771
50	64	-1.34751
32	84	-1.34743
16	40	-1.34674
88	96	1.34506
72	92	1.34502
68	96	1.34429
62	76	-1.34346
12	52	-1.34268
34	36	-1.34244
70	80	-1.34207
4	70	-1.34161
18	54	-1.34058
40	72	1.34028
2	54	1.34009
4	88	-1.33957
66	86	1.33948
2	76	-1.33873
74	90	-1.33863
8	82	1.33816
92	98	1.33797
2	94	1.33703
56	60	-1.33569
24	90	1.33524
2	72	-1.33515
56	96	-1.33473
14	62	-1.33463
4	56	1.3343
48	94	-1.33404
18	90	-1.33367
22	32	-1.33337
34	54	1.33194
60	88	1.33151
60	68	1.3315
12	32	1.33094
58	82	-1.3308
18	22	-1.32998
80	82	-1.32876
26	52	-1.32775
20	82	1.32649
62	92	-1.32626
40	78	1.32625
4	96	-1.3258
16	22	1.32495
56	72	1.32486
42	90	1.32375
14	56	1.32306
2	26	-1.32289
28	36	-1.32275
4	60	-1.32256
4	26	1.3218
14	20	-1.32143
76	84	-1.32139
40	62	-1.31948
52	94	1.31908
36	80	1.31708
24	70	1.31691
8	14	-1.31676
44	82	-1.31491
44	80	1.31412
48	92	1.31183
2	40	-1.31146
34	98	-1.3108
48	90	-1.31031
68	76	-1.30968
34	44	-1.30904
54	74	-1.30879
46	54	-1.30548
68	72	-1.30435
46	62	-1.30353
4	40	1.30343
34	70	1.30341
78	82	-1.30331
12	56	1.30312
8	22	1.30299
12	68	-1.30125
72	84	-1.30121
26	34	-1.30024
2	12	-1.30018
8	86	-1.30013
58	76	1.29961
4	58	1.29951
10	46	-1.29848
14	16	-1.2966
2	32	-1.29503
18	70	-1.29454
20	86	-1.29359
52	58	-1.29288
38	92	1.29198
20	22	1.29103
56	94	-1.28949
26	76	1.28895
28	82	1.28757
34	92	-1.28592
16	86	-1.28464
70	76	-1.28455
40	84	-1.28383
72	88	-1.28326
4	94	-1.2824
72	86	1.28191
10	66	-1.2813
76	88	-1.281
28	44	-1.28052
88	94	1.28035
30	78	-1.28015
26	48	1.27927
40	68	-1.27896
34	38	-1.27812
2	58	-1.27811
68	94	1.27792
48	60	-1.27786
10	18	-1.2776
86	98	1.27636
8	32	-1.27538
20	32	-1.27496
8	36	-1.27469
50	78	-1.27461
18	82	-1.27442
22	74	-1.27377
32	68	-1.27346
6	70	-1.27276
16	36	-1.27203
4	90	-1.27073
24	36	-1.27
12	88	-1.26993
28	46	-1.26865
14	32	1.26812
14	66	1.26704
48	96	-1.26698
30	32	-1.26638
84	96	1.26592
12	34	-1.26581
20	46	-1.26522
24	44	-1.2648
22	70	1.26443
26	68	-1.26424
20	36	-1.26394
32	42	-1.26383
22	28	1.2634
32	34	-1.2625
64	70	-1.26235
62	82	1.26109
0	90	-1.26093
76	96	-1.2604
0	22	-1.2594
32	50	-1.25895
60	76	-1.25892
54	72	-1.25834
70	74	-1.25832
6	28	-1.25818
8	46	-1.25779
26	88	-1.2561
60	84	1.25533
40	88	-1.25481
32	76	1.25475
22	98	-1.25449
16	32	-1.25377
18	92	1.25327
4	92	1.25211
32	62	-1.25132
76	90	-1.25077
0	92	1.24885
36	56	1.24819
14	42	-1.2477
62	86	-1.24684
34	40	-1.24607
10	74	-1.24549
46	70	-1.24506
10	62	1.24419
12	28	-1.24338
16	46	-1.24315
72	90	-1.24224
38	86	1.24111
58	98	1.24102
42	64	-1.23999
80	84	-1.23875
76	92	1.23833
22	38	-1.23804
8	44	-1.23782
16	44	-1.23658
26	98	1.23585
4	54	-1.23554
82	98	-1.23499
44	56	1.23496
36	72	1.23462
56	82	-1.23455
34	86	-1.23397
30	90	1.23357
0	82	-1.23144
0	54	-1.23124
58	68	-1.23112
74	82	-1.23083
50	90	1.23014
38	82	-1.22943
22	40	-1.22939
20	44	-1.22858
6	16	-1.22756
76	86	1.2275
34	58	-1.22692
6	8	-1.22599
14	54	-1.22565
32	88	-1.22528
22	62	1.22341
52	92	-1.22307
58	88	-1.22302
12	62	-1.22225
66	90	-1.22129
14	70	-1.2202
70	82	1.21954
22	86	-1.21897
76	94	-1.21838
2	92	-1.21736
40	82	-1.21702
6	20	-1.21501
24	84	1.21457
12	54	-1.21411
70	84	1.21264
4	86	1.21161
70	78	-1.21118
32	54	-1.21052
26	84	-1.21034
14	30	-1.21025
48	58	1.21024
22	56	-1.20954
70	94	1.20931
44	72	1.20685
84	94	1.20447
12	20	-1.20436
14	50	-1.20412
48	86	1.20354
94	98	-1.20249
38	58	1.20231
74	92	1.20151
0	32	1.20136
74	76	1.20076
36	70	-1.2006
52	86	-1.20019
0	70	-1.19947
8	12	-1.19934
10	32	-1.19796
12	78	1.1974
74	84	-1.19735
2	86	-1.19734
24	94	1.19726
46	56	1.19705
36	62	-1.19665
26	38	1.19581
32	58	1.19569
32	38	1.19484
18	94	-1.19343
32	86	1.19288
58	84	-1.19236
10	14	-1.19148
18	26	1.19134
32	74	1.18957
14	34	-1.18884
32	96	-1.18793
80	94	-1.18715
54	76	-1.1867
42	78	-1.18635
6	72	1.18631
68	80	-1.18506
54	64	-1.18365
86	88	-1.1834
80	92	1.18324
32	60	-1.18186
54	62	1.18179
12	70	-1.18114
12	16	-1.1809
60	70	1.17921
82	86	-1.17896
18	84	-1.17886
32	94	-1.17852
24	86	-1.17775
32	46	1.17673
22	54	1.17664
24	68	1.17655
10	72	-1.17641
68	86	-1.17616
90	98	-1.17515
46	78	1.17473
44	70	-1.17455
24	88	1.17455
38	94	-1.174
34	56	-1.17392
80	88	-1.17381
60	98	-1.17356
70	96	1.17331
0	86	1.17311
44	62	-1.17308
68	92	-1.17306
10	12	-1.17105
4	10	-1.17073
88	92	-1.1704
0	26	1.17039
10	20	1.17003
10	56	-1.16958
42	46	-1.16893
24	92	-1.16883
38	90	-1.16868
4	32	1.16797
10	22	1.16663
52	80	-1.16643
14	40	1.16626
12	64	1.16563
32	98	1.16538
96	98	-1.16527
6	54	-1.16391
26	70	-1.16368
54	98	-1.16353
0	10	-1.16212
76	80	1.16133
34	90	1.16094
8	10	1.15952
18	86	1.15882
0	58	1.1576
0	94	-1.15728
40	90	-1.15659
18	58	1.15626
50	66	-1.15533
30	66	-1.15523
54	78	-1.15507
18	60	-1.15455
6	56	1.15385
70	92	-1.15385
72	82	-1.15375
2	80	-1.15361
46	64	1.15319
0	76	1.15246
26	32	1.15205
4	74	1.15185
18	32	1.15163
10	16	1.15155
28	64	-1.15128
70	98	-1.15088
18	76	1.15054
24	60	1.14919
6	62	-1.14892
26	80	1.14736
32	72	1.14709
38	60	-1.14645
48	84	-1.14596
68	70	1.14488
18	96	-1.14479
10	28	1.14453
34	50	1.14417
52	74	-1.14412
22	72	-1.14329
60	80	-1.14304
24	96	1.14241
4	36	1.14228
84	86	-1.14219
24	52	1.14216
2	24	1.14192
26	74	1.14153
74	94	-1.14101
38	96	-1.14005
38	54	-1.13986
68	74	-1.13838
30	34	1.13836
24	26	-1.13813
16	64	-1.13813
32	70	-1.13797
24	40	-1.13763
54	82	1.13545
70	88	1.13506
80	96	-1.1349
4	80	1.13427
0	84	-1.13386
12	42	-1.13337
80	86	1.13332
8	64	-1.13329
24	32	-1.13294
84	92	-1.13074
10	82	1.13053
24	76	-1.12902
54	56	-1.12897
36	76	1.12682
10	40	-1.12618
0	60	-1.12562
20	64	-1.1252
38	70	-1.12393
74	86	1.12264
20	54	1.12221
74	88	-1.12199
18	52	-1.12169
2	82	1.1214
32	80	1.12135
18	68	-1.12127
52	70	1.12
4	44	1.11987
2	74	-1.11856
10	64	-1.11836
10	76	-1.11829
0	96	-1.1178
30	46	-1.11685
58	74	1.11578
32	92	1.11521
46	50	-1.11441
24	58	-1.11434
8	54	1.11362
16	78	-1.11098
4	18	1.1107
28	54	1.10989
12	40	1.1096
40	66	1.10933
64	72	1.10928
28	78	-1.10912
2	70	1.10803
44	76	1.10785
60	74	-1.10771
58	80	1.10691
18	88	-1.10683
4	24	-1.10681
32	48	1.10676
0	4	1.10565
16	54	1.10427
2	36	-1.10383
4	82	-1.10316
8	78	-1.10309
6	10	-1.10233
12	30	-1.10223
52	82	1.10092
10	98	-1.10041
74	96	-1.09973
82	88	1.09965
36	52	-1.09962
2	18	-1.09961
10	78	-1.09887
4	6	1.09879
36	54	-1.09868
48	68	-1.09809
38	76	1.098
58	70	-1.09742
20	78	-1.09715
12	50	-1.09692
2	22	1.09458
0	52	-1.09278
2	44	-1.09121
68	82	1.08974
44	54	-1.08962
48	88	-1.08931
0	68	-1.08862
34	42	1.08757
4	22	-1.08653
24	56	-1.08604
6	12	1.08576
10	86	-1.08548
36	88	-1.08333
6	46	1.08314
44	52	-1.08304
40	46	1.08297
48	52	-1.08286
56	64	1.08272
76	82	-1.08233
44	88	-1.08193
42	66	-1.08182
10	38	-1.08173
62	64	-1.08158
40	48	1.08006
0	88	-1.07974
6	76	1.07869
38	84	-1.07786
22	52	1.0775
76	98	1.07715
36	68	-1.07651
72	78	1.07624
14	78	1.07605
48	50	-1.07461
0	2	-1.07393
22	88	1.07351
84	98	-1.07329
12	82	-1.07297
30	48	-1.07282
2	48	-1.07256
54	94	1.07248
56	74	1.07115
44	68	-1.07033
62	78	-1.06984
12	22	-1.06875
22	68	1.06617
4	38	1.06554
14	96	-1.06546
10	42	1.06437
62	80	-1.06425
22	76	-1.06388
38	88	-1.06387
66	84	-1.06386
48	76	1.06384
32	66	1.06319
56	78	1.06315
14	58	1.06295
72	74	1.06221
14	60	-1.06207
24	62	1.06121
14	26	1.06104
10	44	-1.06102
0	56	1.06087
10	36	-1.06076
2	6	-1.0603
38	68	-1.05878
78	90	-1.05876
90	96	1.05754
14	64	1.0573
88	98	-1.05678
6	52	-1.05667
22	46	-1.05624
70	86	-1.05623
50	70	1.05561
64	90	-1.05545
30	70	1.05391
40	80	1.0537
56	80	1.05328
60	90	1.05312
34	84	1.05273
68	98	-1.05221
38	52	-1.05129
54	60	1.05012
72	80	1.04924
40	54	-1.04903
2	38	-1.04861
4	98	1.04809
50	98	-1.04767
54	92	-1.0469
54	96	1.04689
62	74	-1.04633
4	48	1.04532
30	98	-1.04502
82	84	1.04491
52	98	-1.04401
38	56	1.04371
12	44	1.04339
18	56	1.04328
44	46	1.04305
40	98	1.04279
36	84	-1.04258
38	62	-1.04225
6	88	-1.04205
4	64	1.04103
2	98	-1.04101
26	54	-1.04052
42	54	1.0404
58	90	-1.0397
14	86	1.03896
26	90	-1.03895
16	38	-1.0388
38	50	-1.03869
10	94	1.03855
14	94	-1.03783
6	68	-1.03751
12	36	1.03691
18	72	1.03689
86	90	-1.03676
34	76	-1.03645
46	82	-1.03643
44	84	-1.03613
20	80	-1.03576
24	72	-1.03566
30	38	-1.03497
34	88	1.03487
0	72	1.03487
36	46	1.03432
56	70	-1.03399
34	68	1.03345
28	80	-1.03334
54	86	-1.03326
32	36	1.03299
62	98	-1.03281
90	94	1.03244
62	70	1.03237
38	42	-1.03186
8	80	-1.03183
28	74	-1.03167
78	88	-1.0315
42	98	-1.03134
20	24	1.03121
16	34	1.03114
16	98	-1.03097
18	62	-1.0309
42	48	-1.03052
0	62	-1.03021
56	98	1.02986
48	56	1.02967
64	76	1.02959
38	40	1.02959
22	84	1.0293
46	86	1.02868
66	68	-1.02817
20	38	-1.02772
14	92	1.02763
10	92	-1.02763
8	24	1.02751
42	70	1.02716
8	38	-1.02693
16	80	-1.02621
32	44	1.02569
28	66	-1.0254
8	34	1.02529
6	90	-1.02526
52	66	-1.025
20	74	-1.02488
16	24	1.02478
10	58	-1.02306
14	82	-1.02293
10	50	1.02293
10	30	1.02254
66	88	-1.02237
16	66	-1.02192
20	34	1.0219
8	74	-1.02169
4	78	1.0216
10	60	1.021
2	64	-1.02092
40	70	-1.02083
18	30	-1.02074
20	98	-1.02063
18	50	-1.02055
24	28	1.02035
8	98	-1.02024
64	88	-1.02004
2	78	-1.01978
10	96	1.01959
66	76	1.01954
8	66	-1.01948
28	34	1.01947
24	50	1.01881
18	28	-1.01858
20	70	1.01815
6	14	1.0179
50	80	-1.01785
2	34	1.01757
16	74	-1.01746
30	80	-1.01719
54	58	-1.01715
24	30	1.0171
68	78	-1.01707
8	70	1.01702
12	58	1.01633
50	54	1.01627
20	66	-1.01609
14	22	-1.01607
46	96	-1.01602
28	70	1.016
38	72	1.01596
30	54	1.01591
2	66	-1.0156
48	62	-1.01553
34	52	1.01552
16	70	1.01532
0	50	-1.01519
52	64	-1.01517
6	84	-1.01479
46	60	-1.01441
0	16	-1.0143
0	30	-1.01414
6	32	1.01413
0	20	-1.01387
34	72	-1.01365
76	78	1.01364
66	72	1.01325
12	26	1.01322
18	40	1.013
10	26	-1.01299
18	20	-1.01291
0	8	-1.01199
90	92	-1.01185
64	68	-1.01167
22	90	1.01157
0	28	-1.01153
8	18	-1.01053
4	34	-1.01025
4	66	1.01
34	62	1.00941
12	96	-1.00928
0	40	1.00914
28	48	-1.00906
52	78	-1.00856
24	42	1.00814
26	46	1.0081
12	60	-1.00802
42	80	-1.00796
20	48	-1.00789
8	48	-1.00769
16	18	-1.0072
72	98	1.00718
46	94	-1.00709
30	74	-1.00706
50	74	-1.00673
16	48	-1.0064
12	92	1.0064
48	72	1.00638
46	58	1.00592
0	42	-1.00521
32	78	1.0051
28	38	-1.00431
44	90	-1.00393
12	86	1.00388
78	84	-1.00353
36	90	-1.00313
40	74	1.00269
56	66	1.00246
82	90	1.00232
14	36	1.00229
32	64	1.00209
62	66	-1.00209
14	44	1.00187
18	42	-1.00179
28	98	-1.00146
12	94	-1.00106
46	92	1.00049
42	74	-1.00037
64	84	-1.00031
