id label data 
0 -1 0.9018658439867353 0.7616194046388332 
1 -1 0.6453983662739644 0.18697712740271913 
2 1 0.2207608891004687 0.4843919579846789 
3 1 0.09412940729653879 0.6970839330382874 
4 -1 1.2778662276640071 0.38952166833352847 
5 -1 1.3789898004564234 0.7578751623143218 
6 1 0.007440242436720898 0.6362762700812538 
7 1 0.1451603886802491 0.472243081092628 
8 -1 1.2295852254204376 0.15187079905665593 
9 1 0.22437800994506923 0.7900608390839892 
10 1 0.14990458301127055 0.5873489368431816 
11 -1 0.7990148824414607 0.6323505163005212 
12 -1 1.001325969753696 0.762890042964715 
13 -1 0.9394551434348474 0.9933377024556437 
14 1 0.3287349189155662 0.7967460050611296 
15 -1 1.1897247640828048 0.9245180428499655 
16 -1 1.1642426231263834 0.9357786352371704 
17 -1 1.184049982318927 0.3964961904157726 
18 -1 0.3882399922552298 0.6282051965623505 
19 -1 0.7443589128003927 1.2447823613537652 
20 -1 0.7245949479582777 0.7961203186934692 
21 1 0.2176206818126687 0.22709859531568372 
22 1 0.36106480513292855 0.3420420142227369 
23 1 0.07160157515854128 1.0214606780516235 
24 -1 1.1968565766136388 1.0517104296026278 
25 -1 0.9557157259854815 0.1357588463913566 
26 1 0.20340852295858197 0.4151021096626679 
27 1 0.09184729299499714 0.3694598672235679 
28 1 0.2329047201959861 0.27693778354233844 
29 1 0.16852131215052504 0.6340719254114088 
30 -1 0.9672991068205934 1.131404578715221 
31 -1 1.2548125309859093 0.2378384302803937 
32 1 0.1074094315496452 0.6760126637067766 
33 1 0.2906655823859828 0.39646887083925864 
34 -1 1.2300758225671495 0.7187749456574577 
35 -1 1.2248333723728946 0.7250920445356436 
36 1 0.2094707619252515 0.22154818487284467 
37 -1 0.528654010028473 0.9200957307800517 
38 -1 0.960856934534114 0.6505174271554781 
39 -1 1.034533001295284 1.225366826585528 
40 -1 0.91831807639597 0.6529158470186206 
41 -1 1.0196259677004529 0.5315266173751778 
42 1 0.26504046430058487 0.5588697382616158 
43 -1 0.9578166793424882 0.2809876664065836 
44 1 0.5486012657844339 0.84754608714915 
45 1 0.1502082172553732 0.6275505916973357 
46 1 0.25607938055467655 0.4214917358697789 
47 1 0.015994537514246565 0.8146065937631021 
48 -1 0.3973816655044382 0.7134595073833462 
49 -1 0.7275475126151328 0.38503522533126366 
