id label data 
0 1 0.10180029849917704 0.35534598322842753 
1 1 0.15053574727731914 0.8250411309454084 
2 -1 0.9018658439867353 0.7616194046388332 
3 1 0.3199492544772873 0.22357821092702163 
4 -1 0.622145016168142 0.29754874877930293 
5 -1 0.6453983662739644 0.18697712740271913 
6 1 0.11415064858388753 0.35919867657133486 
7 1 0.14184696075255776 0.626429113382057 
8 1 0.2207608891004687 0.4843919579846789 
9 1 0.09412940729653879 0.6970839330382874 
10 1 0.4345021119485699 0.3288618873344163 
11 -1 1.0021982790547024 0.4015413528049374 
12 -1 0.9575520774964632 0.20113670631075217 
13 1 0.12201656360340861 0.8218312045549243 
14 -1 1.2499970475383955 0.4309780519844826 
15 -1 1.2778662276640071 0.38952166833352847 
16 -1 1.5707963267948966 0.2958530039760289 
17 1 0.30884991983556814 0.21942180755881405 
18 -1 1.3789898004564234 0.7578751623143218 
19 1 0.3846481139997032 0.775284607174906 
20 -1 1.3693414976943126 0.6759411969786293 
21 1 0.42652042774433513 0.25024787018290884 
22 1 0.044634964130918345 0.5496462001072557 
23 1 0.24289963699533387 0.8838842104934704 
24 -1 1.138124375178039 1.1994591366664575 
25 1 0.007440242436720898 0.6362762700812538 
26 1 0.9018041716227262 0.08364336600588158 
27 -1 1.2275682613420276 0.950911034636836 
28 -1 1.1240961148004778 0.051077321061215764 
29 -1 0.6384178928995341 0.3747884935697103 
30 1 0.01282351716023628 0.6854130863715657 
31 1 0.035136283956924995 0.4413841581250834 
32 -1 0.7694326430544648 1.3000921442043694 
33 -1 1.2849739123099089 0.7263415369204695 
34 1 0.11212307946673604 0.6973308804561552 
35 -1 1.1802270684600373 0.4557344918618058 
36 1 0.09881841398417214 0.34570389317479316 
37 1 0.42294139727539654 0.8880919482172875 
38 -1 1.0696910090812264 1.2583007957346097 
39 1 0.1451603886802491 0.472243081092628 
40 -1 1.5245260379963128 0.3912180016358731 
41 1 0.328071128341334 0.9254624143782318 
42 -1 0.7779252716389634 0.855724142748314 
43 1 0.36862721286300554 1.0377461473902825 
44 -1 1.2295852254204376 0.15187079905665593 
45 -1 0.9182310758565763 1.1568233249693352 
46 -1 1.1320552490753737 0.007841300784547717 
47 1 0.13043518324259137 0.8374969536465641 
48 1 0.33326960284899304 0.9092805120426972 
49 1 0.22437800994506923 0.7900608390839892 
50 -1 0.7414003088121768 0.830478039659023 
51 1 0.12148656082505585 0.7435090322922503 
52 1 0.1730342887471763 0.3013269720119047 
53 1 0.7796061448992575 0.6434978419555902 
54 -1 0.9875271436341542 1.2956105764745938 
55 1 0.14990458301127055 0.5873489368431816 
56 -1 1.5153512122251485 0.3734092378560541 
57 -1 1.1043479469461224 1.218496163092012 
58 -1 1.4650164411046978 0.27311053524175005 
59 -1 1.091919175381188 0.8816255557865107 
60 1 0.19613314198193077 0.8209810206678374 
61 -1 0.47549089193276195 0.8910794132949139 
62 -1 0.7990148824414607 0.6323505163005212 
63 -1 1.001325969753696 0.762890042964715 
64 -1 0.5396332307106673 0.6666333265171542 
65 -1 0.9394551434348474 0.9933377024556437 
66 1 0.14281402540006943 0.27447687983063535 
67 -1 0.693141454008864 0.8575314958255071 
68 -1 1.0056963709846192 0.7528145744844577 
69 1 0.3287349189155662 0.7967460050611296 
70 -1 1.1274428964354408 0.9656655954742778 
71 -1 1.0474845099557764 0.6037403345562665 
72 -1 1.44996845497525 0.07461696681934066 
73 -1 1.1897247640828048 0.9245180428499655 
74 1 0.2001207531799952 0.8632219349204185 
75 -1 0.7110858096952656 0.8739943240254582 
76 -1 1.1642426231263834 0.9357786352371704 
77 -1 0.9476114298697972 1.0387268769038183 
78 1 0.003736042462249842 0.5250869989051297 
79 -1 0.7747844631639781 0.31544235496637757 
80 1 0.15056483955908298 0.36144043850325686 
81 1 0.29170106071072294 0.29872478920262946 
82 -1 0.8802078865619626 0.826648953279749 
83 -1 1.184049982318927 0.3964961904157726 
84 1 0.15149611579420108 0.3605252547739756 
85 1 0.2606094719779131 0.6402824494663732 
86 1 0.3615696885809517 0.23701945250631917 
87 -1 1.226457549657967 1.1411503199055908 
88 -1 1.1444340343409387 0.25216956744288815 
89 -1 0.9257699663352615 0.5901404866593734 
90 -1 1.1039011900303937 0.5897403857254893 
91 -1 1.114311289593126 0.35031802817512825 
92 -1 1.2376612278604078 0.23834686554327375 
93 -1 0.3882399922552298 0.6282051965623505 
94 1 0.1398940579801116 0.3186565235655808 
95 -1 1.156710003198079 1.0036424795830419 
96 -1 1.4405806776661503 0.4926599467779916 
97 -1 1.1747914153024244 0.02638705090860995 
98 1 0.5149242075100848 1.0145097593999137 
99 -1 1.2422103931194282 0.1134484278384177 
100 -1 1.1606413625734375 0.9618330019943676 
101 1 0.22867639638424198 0.8836257576572962 
102 1 0.1914306731999438 0.42320422006706737 
103 -1 0.7443589128003927 1.2447823613537652 
104 -1 0.7245949479582777 0.7961203186934692 
105 1 0.2176206818126687 0.22709859531568372 
106 1 0.41048207713242507 0.13536671249091017 
107 1 0.054165395073274045 0.664374909590176 
108 -1 1.2392225184793473 0.3959954966509707 
109 1 0.45658361935593733 0.9374361653089811 
110 1 0.15956130265933385 0.8997901563322851 
111 1 0.30529880933292114 0.582509326997522 
112 1 0.22068145509913797 0.4955687655877086 
113 1 0.36106480513292855 0.3420420142227369 
114 1 0.08289446166584187 1.0107604613780679 
115 1 0.5285320517788643 0.8817583799883816 
116 -1 0.7984822926980067 0.5691288418421756 
117 1 0.10010231535360727 0.6166474375151986 
118 -1 1.2279245166686092 0.570580981782879 
119 1 0.07160157515854128 1.0214606780516235 
120 -1 0.8195798379595717 0.9397856550180183 
121 1 0.046205265997112 0.6564318396946509 
122 1 0.33631824348113754 0.8460103412130747 
123 -1 0.8922140222298336 0.8799948001430226 
124 -1 1.1968565766136388 1.0517104296026278 
125 -1 0.6473960301939851 0.9381769242808491 
126 -1 0.9557157259854815 0.1357588463913566 
127 1 0.23346475619852275 0.39099609206085684 
128 -1 0.9943220077205475 0.9780779280248629 
129 1 0.05871507659013704 0.5749369165022608 
130 1 0.20340852295858197 0.4151021096626679 
131 -1 1.1449814061488268 0.1257552922284011 
132 -1 0.7067916982567076 0.1499726186917504 
133 -1 0.7151496328758169 0.7630805131434041 
134 1 0.21665115860939058 0.6788293859499737 
135 1 0.09184729299499714 0.3694598672235679 
136 1 0.2329047201959861 0.27693778354233844 
137 -1 1.3186287886728751 0.45775148290422574 
138 1 0.16852131215052504 0.6340719254114088 
139 -1 0.9672991068205934 1.131404578715221 
140 -1 0.6383183438197421 0.41910682315490944 
141 1 0.2609652821014302 0.8675969370822728 
142 -1 1.1755437921385503 0.04473720587254479 
143 -1 0.979204565867059 0.15138633025825438 
144 1 0.0997435534740412 0.7285197852329943 
145 -1 0.931000201840789 0.40966080052085335 
146 1 0.11858014384146623 0.25549994007333315 
147 -1 1.1279592481733132 1.3798168131430253 
148 1 0.11976028082260942 0.40319890538599185 
149 -1 0.3708987440589156 0.5625991315851766 
150 -1 1.0099830555090992 0.673423740216877 
151 1 0.1842509955651352 0.3982361800357882 
152 1 0.22702304243961788 0.47769438637977435 
153 1 0.09666724704943415 0.599818449115207 
154 -1 1.2548125309859093 0.2378384302803937 
155 1 0.7492016050165106 0.3455760095163036 
156 1 0.06931685071042125 0.6877367437493909 
157 -1 1.3459196942371563 0.5769517127675082 
158 1 0.1074094315496452 0.6760126637067766 
159 1 0.18030622984260508 0.6097500146363869 
160 1 0.2039845434380789 0.6485403831019927 
161 1 0.1597710655025326 0.692487169744345 
162 1 0.2906655823859828 0.39646887083925864 
163 1 0.2023321221768125 0.952872175715569 
164 -1 0.7723954866227816 1.1844474256382753 
165 -1 1.2300758225671495 0.7187749456574577 
166 -1 1.2248333723728946 0.7250920445356436 
167 1 0.2094707619252515 0.22154818487284467 
168 -1 0.6218431917216003 0.7628951667554964 
169 -1 1.0557137041540272 0.29802355126643565 
170 -1 1.3353247578369938 0.7443599472850284 
171 1 0.3708850314792849 1.2182227230648182 
172 -1 0.528654010028473 0.9200957307800517 
173 -1 1.3349985914956968 1.1000112400600752 
174 1 0.3122502755049941 0.4523412340329903 
175 1 0.14594191586436062 0.31643582795830044 
176 -1 0.960856934534114 0.6505174271554781 
177 1 0.4695060127958403 0.8580975627675954 
178 1 0.08517898709755553 0.5833669450363146 
179 1 0.13635933212544582 0.9556496392469414 
180 -1 0.7792130674512809 0.10683949851689285 
181 1 0.45096749869493136 0.20485860817085336 
182 -1 1.034533001295284 1.225366826585528 
183 1 0.1929163756572219 0.38833625300863583 
184 1 0.35008555552734244 0.9174579304022553 
185 -1 1.1498836679488251 0.2130790302536458 
186 1 0.1810215327508704 0.5614553985546114 
187 1 0.24819055741341972 0.7287129788297692 
188 -1 1.0292943352925419 0.9749069257549136 
189 -1 1.2871320703424556 0.1746390043905322 
190 -1 0.91831807639597 0.6529158470186206 
191 -1 0.5103664846482203 0.7867328329481224 
192 -1 0.5581162848705845 0.5792289834826424 
193 -1 0.9793252002869605 0.10604328434966251 
194 -1 0.9189474971676571 0.3145098201873915 
195 -1 1.135983709011779 1.0176263902936478 
196 1 0.21095192299680907 0.4697989548546174 
197 1 0.1563209786398113 0.5778539873557024 
198 -1 1.084797714138559 0.1395329667451033 
199 1 0.06748629642516328 0.46010873116139434 
200 1 0.10618516046574872 0.691306791782101 
201 -1 1.1458135314886342 0.3863363577297532 
202 -1 0.9404672848613405 0.22902956258708734 
203 -1 1.0196259677004529 0.5315266173751778 
204 1 0.2522378030276445 0.6582295937105697 
205 1 0.18758188325263506 0.5927647938971741 
206 1 0.014727647834271487 0.6775960237314997 
207 -1 1.3687442582366212 1.1835770644065882 
208 -1 1.1965282606143632 0.11047712104358931 
209 -1 1.08577067433351 0.04761734444560737 
210 -1 1.029360354686637 1.365635968383155 
211 -1 0.9524570386310537 0.9841577821841783 
212 1 0.26504046430058487 0.5588697382616158 
213 -1 0.7857414738221355 1.3212180559313813 
214 -1 0.5487505303865082 1.0098135723600559 
215 -1 0.7110767234530694 0.6627730630950076 
216 1 0.31521973353268373 0.7278217842115597 
217 1 0.14664324091538541 0.7754214941787355 
218 -1 0.9578166793424882 0.2809876664065836 
219 -1 0.9196430618465298 0.828330682416958 
220 1 0.5486012657844339 0.84754608714915 
221 1 0.08730362361424791 0.7544312747925604 
222 1 0.1502082172553732 0.6275505916973357 
223 1 0.18006604323436962 0.699150049105 
224 1 0.10103520410462265 0.6854583241191688 
225 1 0.22250666821636744 0.5770119244522728 
226 1 0.25607938055467655 0.4214917358697789 
227 1 0.015994537514246565 0.8146065937631021 
228 1 0.15277444749357447 0.38978408958381117 
229 -1 0.8629172408522585 0.8538361507222195 
230 -1 0.3973816655044382 0.7134595073833462 
231 1 0.145733413391056 0.7079198964786519 
232 -1 1.1599983008114199 0.47959848718730613 
233 1 0.22500670178092194 0.7998039856858496 
234 -1 0.734339893678516 0.921291544206831 
235 -1 1.452856682187907 0.5317272220754172 
236 1 0.11537039046120957 0.5072639862560517 
237 1 0.19343433768552523 0.4952722758504485 
238 -1 1.2130689771216472 0.760120210820724 
239 1 0.1802642904552017 0.29842655160593173 
240 1 0.07509184140470972 0.7360683562118332 
241 -1 0.8340928435842627 0.4181562639340852 
242 1 0.5458235398287024 0.41002575161533145 
243 -1 1.093907799505924 0.22234340301596267 
244 -1 1.0980193888875676 0.19960535543314775 
245 -1 1.0637040747177335 0.5604313047356164 
246 -1 0.8717917054898214 0.962093913590496 
247 -1 0.7275475126151328 0.38503522533126366 
248 -1 1.152906002320789 0.8254497006896793 
249 1 0.09820934622496422 0.7019736918243344 
