id label data 
0 1 0.15053574727731914 0.8250411309454084 
1 1 0.3199492544772873 0.22357821092702163 
2 1 0.11415064858388753 0.35919867657133486 
3 -1 0.9575520774964632 0.20113670631075217 
4 1 0.30884991983556814 0.21942180755881405 
5 -1 1.3693414976943126 0.6759411969786293 
6 1 0.42652042774433513 0.25024787018290884 
7 1 0.24289963699533387 0.8838842104934704 
8 1 0.01282351716023628 0.6854130863715657 
9 1 0.09881841398417214 0.34570389317479316 
10 -1 0.7779252716389634 0.855724142748314 
11 1 0.36862721286300554 1.0377461473902825 
12 -1 0.9875271436341542 1.2956105764745938 
13 -1 1.4650164411046978 0.27311053524175005 
14 1 0.19613314198193077 0.8209810206678374 
15 -1 0.47549089193276195 0.8910794132949139 
16 -1 0.5396332307106673 0.6666333265171542 
17 -1 1.44996845497525 0.07461696681934066 
18 -1 1.226457549657967 1.1411503199055908 
19 -1 1.1039011900303937 0.5897403857254893 
20 -1 1.156710003198079 1.0036424795830419 
21 1 0.22867639638424198 0.8836257576572962 
22 1 0.41048207713242507 0.13536671249091017 
23 1 0.15956130265933385 0.8997901563322851 
24 1 0.22068145509913797 0.4955687655877086 
25 1 0.10010231535360727 0.6166474375151986 
26 -1 0.8195798379595717 0.9397856550180183 
27 -1 0.9943220077205475 0.9780779280248629 
28 -1 1.1449814061488268 0.1257552922284011 
29 -1 0.3708987440589156 0.5625991315851766 
30 1 0.2023321221768125 0.952872175715569 
31 -1 1.3353247578369938 0.7443599472850284 
32 1 0.14594191586436062 0.31643582795830044 
33 -1 0.7792130674512809 0.10683949851689285 
34 1 0.45096749869493136 0.20485860817085336 
35 1 0.24819055741341972 0.7287129788297692 
36 -1 0.9189474971676571 0.3145098201873915 
37 1 0.21095192299680907 0.4697989548546174 
38 1 0.10618516046574872 0.691306791782101 
39 -1 1.3687442582366212 1.1835770644065882 
40 -1 1.08577067433351 0.04761734444560737 
41 -1 1.029360354686637 1.365635968383155 
42 1 0.14664324091538541 0.7754214941787355 
43 -1 0.9196430618465298 0.828330682416958 
44 -1 0.8629172408522585 0.8538361507222195 
45 1 0.145733413391056 0.7079198964786519 
46 -1 0.734339893678516 0.921291544206831 
47 1 0.07509184140470972 0.7360683562118332 
48 1 0.5458235398287024 0.41002575161533145 
49 -1 1.0980193888875676 0.19960535543314775 
