id label data 
0 -1 0.622145016168142 0.29754874877930293 
1 1 0.11415064858388753 0.35919867657133486 
2 1 0.14184696075255776 0.626429113382057 
3 1 0.46626712773353507 0.36801448087290356 
4 -1 0.9575520774964632 0.20113670631075217 
5 1 0.30884991983556814 0.21942180755881405 
6 -1 1.2275682613420276 0.950911034636836 
7 -1 1.0696910090812264 1.2583007957346097 
8 -1 1.2295852254204376 0.15187079905665593 
9 1 0.13043518324259137 0.8374969536465641 
10 -1 0.9875271436341542 1.2956105764745938 
11 -1 1.5153512122251485 0.3734092378560541 
12 -1 0.7990148824414607 0.6323505163005212 
13 -1 0.693141454008864 0.8575314958255071 
14 1 0.2001207531799952 0.8632219349204185 
15 -1 0.2786329493957516 0.8565477567942018 
16 -1 1.1642426231263834 0.9357786352371704 
17 1 0.3615696885809517 0.23701945250631917 
18 -1 0.9257699663352615 0.5901404866593734 
19 -1 1.4405806776661503 0.4926599467779916 
20 1 0.4055321383261505 0.38814562185650286 
21 1 0.1914306731999438 0.42320422006706737 
22 1 0.41048207713242507 0.13536671249091017 
23 1 0.36106480513292855 0.3420420142227369 
24 1 0.008238680492229143 0.5927376632503085 
25 -1 0.6473960301939851 0.9381769242808491 
26 -1 1.3178220829517342 0.6183221258884385 
27 1 0.055827137885203396 0.5865829363295543 
28 1 0.09666724704943415 0.599818449115207 
29 1 0.45277543594090414 0.34799518073007957 
30 -1 1.3459196942371563 0.5769517127675082 
31 1 0.1074094315496452 0.6760126637067766 
32 1 0.1597710655025326 0.692487169744345 
33 -1 1.3349985914956968 1.1000112400600752 
34 1 0.17180333180636856 0.926395727038216 
35 1 0.1929163756572219 0.38833625300863583 
36 1 0.08376772696913362 0.7138889195359364 
37 1 0.33450265856620864 0.6542254346275206 
38 1 0.35008555552734244 0.9174579304022553 
39 1 0.12124757242085511 0.5553825184263067 
40 -1 1.2871320703424556 0.1746390043905322 
41 -1 0.9793252002869605 0.10604328434966251 
42 -1 1.135983709011779 1.0176263902936478 
43 -1 1.084797714138559 0.1395329667451033 
44 -1 1.0192740249427443 0.5784790486572758 
45 1 0.10103520410462265 0.6854583241191688 
46 1 0.1802642904552017 0.29842655160593173 
47 -1 1.093907799505924 0.22234340301596267 
48 -1 0.7275475126151328 0.38503522533126366 
49 1 0.006626019290630433 0.8274128908910554 
