id label data 
0 1 0.14184696075255776 0.626429113382057 
1 1 0.30884991983556814 0.21942180755881405 
2 -1 1.220686785639727 0.9171527107274431 
3 1 0.007440242436720898 0.6362762700812538 
4 -1 1.1240961148004778 0.051077321061215764 
5 -1 0.9182310758565763 1.1568233249693352 
6 -1 0.7414003088121768 0.830478039659023 
7 1 0.1730342887471763 0.3013269720119047 
8 1 0.19613314198193077 0.8209810206678374 
9 -1 0.693141454008864 0.8575314958255071 
10 -1 1.44996845497525 0.07461696681934066 
11 -1 1.1642426231263834 0.9357786352371704 
12 1 0.05116214730863437 0.7105926066492894 
13 -1 1.184049982318927 0.3964961904157726 
14 -1 1.1444340343409387 0.25216956744288815 
15 -1 1.4405806776661503 0.4926599467779916 
16 -1 0.7443589128003927 1.2447823613537652 
17 1 0.15956130265933385 0.8997901563322851 
18 1 0.22068145509913797 0.4955687655877086 
19 1 0.08289446166584187 1.0107604613780679 
20 1 0.046205265997112 0.6564318396946509 
21 -1 1.3178220829517342 0.6183221258884385 
22 -1 0.931000201840789 0.40966080052085335 
23 -1 1.0099830555090992 0.673423740216877 
24 -1 1.2230437828429672 0.57714290846391 
25 1 0.7492016050165106 0.3455760095163036 
26 1 0.06931685071042125 0.6877367437493909 
27 1 0.04096534433386852 0.3630773164084078 
28 1 0.1597710655025326 0.692487169744345 
29 1 0.3708850314792849 1.2182227230648182 
30 -1 0.528654010028473 0.9200957307800517 
31 1 0.14594191586436062 0.31643582795830044 
32 1 0.45096749869493136 0.20485860817085336 
33 -1 1.034533001295284 1.225366826585528 
34 -1 1.135983709011779 1.0176263902936478 
35 1 0.1563209786398113 0.5778539873557024 
36 -1 1.084797714138559 0.1395329667451033 
37 -1 1.0196259677004529 0.5315266173751778 
38 1 0.014727647834271487 0.6775960237314997 
39 -1 0.7110767234530694 0.6627730630950076 
40 -1 1.1749277769560795 0.46323379327373704 
41 1 0.1502082172553732 0.6275505916973357 
42 1 0.25607938055467655 0.4214917358697789 
43 1 0.15277444749357447 0.38978408958381117 
44 -1 1.1599983008114199 0.47959848718730613 
45 1 0.22500670178092194 0.7998039856858496 
46 1 0.07509184140470972 0.7360683562118332 
47 1 0.5458235398287024 0.41002575161533145 
48 -1 0.7275475126151328 0.38503522533126366 
49 -1 1.152906002320789 0.8254497006896793 
