id label data 
0 1 0.4345021119485699 0.3288618873344163 
1 -1 0.6384178928995341 0.3747884935697103 
2 -1 1.0696910090812264 1.2583007957346097 
3 -1 1.1320552490753737 0.007841300784547717 
4 1 0.33326960284899304 0.9092805120426972 
5 -1 0.7414003088121768 0.830478039659023 
6 1 0.12148656082505585 0.7435090322922503 
7 -1 0.693141454008864 0.8575314958255071 
8 -1 1.0056963709846192 0.7528145744844577 
9 -1 1.1274428964354408 0.9656655954742778 
10 1 0.003736042462249842 0.5250869989051297 
11 -1 0.7747844631639781 0.31544235496637757 
12 1 0.15056483955908298 0.36144043850325686 
13 1 0.29170106071072294 0.29872478920262946 
14 1 0.3615696885809517 0.23701945250631917 
15 1 0.1398940579801116 0.3186565235655808 
16 1 0.5149242075100848 1.0145097593999137 
17 1 0.1914306731999438 0.42320422006706737 
18 1 0.054165395073274045 0.664374909590176 
19 -1 0.7984822926980067 0.5691288418421756 
20 -1 1.2279245166686092 0.570580981782879 
21 1 0.046205265997112 0.6564318396946509 
22 -1 0.8922140222298336 0.8799948001430226 
23 1 0.23346475619852275 0.39099609206085684 
24 -1 0.7067916982567076 0.1499726186917504 
25 1 0.0997435534740412 0.7285197852329943 
26 -1 0.931000201840789 0.40966080052085335 
27 1 0.11976028082260942 0.40319890538599185 
28 -1 1.0099830555090992 0.673423740216877 
29 1 0.7492016050165106 0.3455760095163036 
30 1 0.18030622984260508 0.6097500146363869 
31 1 0.1597710655025326 0.692487169744345 
32 -1 0.6218431917216003 0.7628951667554964 
33 1 0.3122502755049941 0.4523412340329903 
34 1 0.08517898709755553 0.5833669450363146 
35 -1 1.1498836679488251 0.2130790302536458 
36 -1 1.2871320703424556 0.1746390043905322 
37 -1 0.5581162848705845 0.5792289834826424 
38 -1 0.9793252002869605 0.10604328434966251 
39 1 0.06748629642516328 0.46010873116139434 
40 1 0.014727647834271487 0.6775960237314997 
41 -1 0.7110767234530694 0.6627730630950076 
42 1 0.08730362361424791 0.7544312747925604 
43 1 0.18006604323436962 0.699150049105 
44 1 0.10103520410462265 0.6854583241191688 
45 1 0.22250666821636744 0.5770119244522728 
46 1 0.15277444749357447 0.38978408958381117 
47 1 0.1802642904552017 0.29842655160593173 
48 -1 0.8717917054898214 0.962093913590496 
49 1 0.09820934622496422 0.7019736918243344 
