id label data 
0 -1 1.187182871859831 0.24668363104313978 
1 -1 1.2778662276640071 0.38952166833352847 
2 1 0.42652042774433513 0.25024787018290884 
3 -1 1.220686785639727 0.9171527107274431 
4 1 0.01282351716023628 0.6854130863715657 
5 1 0.42294139727539654 0.8880919482172875 
6 1 0.1451603886802491 0.472243081092628 
7 -1 1.1320552490753737 0.007841300784547717 
8 1 0.06705847678408187 0.556629467462119 
9 1 0.7796061448992575 0.6434978419555902 
10 -1 0.48748068434394254 0.9124078063259363 
11 -1 0.5396332307106673 0.6666333265171542 
12 1 0.15056483955908298 0.36144043850325686 
13 1 0.15149611579420108 0.3605252547739756 
14 1 0.14710366671198896 0.7720765536140995 
15 -1 1.114311289593126 0.35031802817512825 
16 1 0.5149242075100848 1.0145097593999137 
17 1 0.30529880933292114 0.582509326997522 
18 1 0.22068145509913797 0.4955687655877086 
19 -1 0.8195798379595717 0.9397856550180183 
20 1 0.046205265997112 0.6564318396946509 
21 1 0.23346475619852275 0.39099609206085684 
22 -1 0.9943220077205475 0.9780779280248629 
23 -1 1.1449814061488268 0.1257552922284011 
24 -1 0.7151496328758169 0.7630805131434041 
25 1 0.09184729299499714 0.3694598672235679 
26 -1 0.6383183438197421 0.41910682315490944 
27 -1 0.931000201840789 0.40966080052085335 
28 1 0.22702304243961788 0.47769438637977435 
29 -1 0.6470878432641499 0.7577892258679855 
30 1 0.04096534433386852 0.3630773164084078 
31 1 0.08517898709755553 0.5833669450363146 
32 -1 0.8452182600251826 1.1790610926956344 
33 1 0.13635933212544582 0.9556496392469414 
34 -1 1.1498836679488251 0.2130790302536458 
35 1 0.1810215327508704 0.5614553985546114 
36 1 0.13985876170139128 0.41596809641699645 
37 1 0.21095192299680907 0.4697989548546174 
38 1 0.1563209786398113 0.5778539873557024 
39 -1 1.3687442582366212 1.1835770644065882 
40 -1 1.1965282606143632 0.11047712104358931 
41 -1 1.029360354686637 1.365635968383155 
42 -1 0.5487505303865082 1.0098135723600559 
43 -1 0.9196430618465298 0.828330682416958 
44 1 0.25607938055467655 0.4214917358697789 
45 1 0.015994537514246565 0.8146065937631021 
46 -1 1.452856682187907 0.5317272220754172 
47 1 0.19343433768552523 0.4952722758504485 
48 -1 1.2130689771216472 0.760120210820724 
49 -1 1.2636261014566257 1.0697947200367297 
