id label data 
0 -1 0.9018658439867353 0.7616194046388332 
1 1 0.3199492544772873 0.22357821092702163 
2 1 0.11425968957997719 0.8890050242657153 
3 -1 0.622145016168142 0.29754874877930293 
4 -1 0.6453983662739644 0.18697712740271913 
5 1 0.11415064858388753 0.35919867657133486 
6 1 0.2207608891004687 0.4843919579846789 
7 1 0.09412940729653879 0.6970839330382874 
8 -1 0.7674734916190135 0.39768328506840583 
9 1 0.46626712773353507 0.36801448087290356 
10 1 0.4345021119485699 0.3288618873344163 
11 -1 1.0021982790547024 0.4015413528049374 
12 -1 0.9575520774964632 0.20113670631075217 
13 1 0.359485113151705 0.7445972674010114 
14 1 0.12201656360340861 0.8218312045549243 
15 -1 1.187182871859831 0.24668363104313978 
16 -1 1.2499970475383955 0.4309780519844826 
17 -1 1.2778662276640071 0.38952166833352847 
18 1 0.30884991983556814 0.21942180755881405 
19 -1 1.3789898004564234 0.7578751623143218 
20 1 0.3846481139997032 0.775284607174906 
21 -1 1.3693414976943126 0.6759411969786293 
22 1 0.42652042774433513 0.25024787018290884 
23 1 0.044634964130918345 0.5496462001072557 
24 1 0.26742804122427183 0.23727885071754976 
25 1 0.24289963699533387 0.8838842104934704 
26 -1 1.138124375178039 1.1994591366664575 
27 1 0.007440242436720898 0.6362762700812538 
28 1 0.9018041716227262 0.08364336600588158 
29 -1 1.2275682613420276 0.950911034636836 
30 -1 1.1240961148004778 0.051077321061215764 
31 1 0.01282351716023628 0.6854130863715657 
32 1 0.035136283956924995 0.4413841581250834 
33 -1 0.7694326430544648 1.3000921442043694 
34 -1 1.2849739123099089 0.7263415369204695 
35 1 0.11212307946673604 0.6973308804561552 
36 -1 1.1802270684600373 0.4557344918618058 
37 1 0.09881841398417214 0.34570389317479316 
38 1 0.42294139727539654 0.8880919482172875 
39 -1 1.0696910090812264 1.2583007957346097 
40 -1 1.5245260379963128 0.3912180016358731 
41 1 0.328071128341334 0.9254624143782318 
42 -1 0.7779252716389634 0.855724142748314 
43 1 0.36862721286300554 1.0377461473902825 
44 1 0.18719527418033788 0.5242292637450433 
45 -1 1.2295852254204376 0.15187079905665593 
46 -1 0.9182310758565763 1.1568233249693352 
47 -1 1.1320552490753737 0.007841300784547717 
48 1 0.13043518324259137 0.8374969536465641 
49 1 0.33326960284899304 0.9092805120426972 
50 1 0.22437800994506923 0.7900608390839892 
51 -1 0.5418269471280245 0.9396760461461094 
52 1 0.06705847678408187 0.556629467462119 
53 -1 0.7414003088121768 0.830478039659023 
54 1 0.12148656082505585 0.7435090322922503 
55 1 0.7796061448992575 0.6434978419555902 
56 -1 0.9875271436341542 1.2956105764745938 
57 1 0.14990458301127055 0.5873489368431816 
58 -1 1.5153512122251485 0.3734092378560541 
59 -1 1.1043479469461224 1.218496163092012 
60 -1 1.4650164411046978 0.27311053524175005 
61 -1 1.091919175381188 0.8816255557865107 
62 -1 1.1063759432223301 0.301808211678979 
63 1 0.19613314198193077 0.8209810206678374 
64 -1 0.47549089193276195 0.8910794132949139 
65 -1 0.48748068434394254 0.9124078063259363 
66 -1 0.7990148824414607 0.6323505163005212 
67 -1 1.001325969753696 0.762890042964715 
68 -1 0.5396332307106673 0.6666333265171542 
69 -1 0.9394551434348474 0.9933377024556437 
70 1 0.14281402540006943 0.27447687983063535 
71 1 0.35944862202965916 0.151052518652563 
72 -1 0.693141454008864 0.8575314958255071 
73 1 0.3287349189155662 0.7967460050611296 
74 -1 1.1274428964354408 0.9656655954742778 
75 -1 1.0474845099557764 0.6037403345562665 
76 -1 1.44996845497525 0.07461696681934066 
77 -1 1.1897247640828048 0.9245180428499655 
78 -1 0.8154482344625015 0.1852624945171347 
79 1 0.2001207531799952 0.8632219349204185 
80 -1 0.2786329493957516 0.8565477567942018 
81 -1 0.7110858096952656 0.8739943240254582 
82 -1 0.9476114298697972 1.0387268769038183 
83 1 0.003736042462249842 0.5250869989051297 
84 1 0.05116214730863437 0.7105926066492894 
85 -1 0.7747844631639781 0.31544235496637757 
86 1 0.15056483955908298 0.36144043850325686 
87 1 0.29170106071072294 0.29872478920262946 
88 -1 0.8802078865619626 0.826648953279749 
89 1 0.15149611579420108 0.3605252547739756 
90 1 0.2606094719779131 0.6402824494663732 
91 1 0.3615696885809517 0.23701945250631917 
92 -1 1.226457549657967 1.1411503199055908 
93 1 0.14710366671198896 0.7720765536140995 
94 -1 1.1039011900303937 0.5897403857254893 
95 -1 1.2376612278604078 0.23834686554327375 
96 -1 0.3882399922552298 0.6282051965623505 
97 1 0.1398940579801116 0.3186565235655808 
98 -1 1.156710003198079 1.0036424795830419 
99 -1 1.4405806776661503 0.4926599467779916 
100 -1 1.1747914153024244 0.02638705090860995 
101 1 0.5149242075100848 1.0145097593999137 
102 -1 1.1606413625734375 0.9618330019943676 
103 1 0.22867639638424198 0.8836257576572962 
104 1 0.4055321383261505 0.38814562185650286 
105 -1 0.6940247705090041 1.2806944961451943 
106 1 0.1914306731999438 0.42320422006706737 
107 -1 0.7443589128003927 1.2447823613537652 
108 -1 0.7245949479582777 0.7961203186934692 
109 1 0.1287980193545381 0.7143640665784075 
110 1 0.2176206818126687 0.22709859531568372 
111 1 0.41048207713242507 0.13536671249091017 
112 1 0.054165395073274045 0.664374909590176 
113 -1 1.2392225184793473 0.3959954966509707 
114 1 0.45658361935593733 0.9374361653089811 
115 1 0.15956130265933385 0.8997901563322851 
116 1 0.30529880933292114 0.582509326997522 
117 1 0.36106480513292855 0.3420420142227369 
118 1 0.08289446166584187 1.0107604613780679 
119 1 0.5285320517788643 0.8817583799883816 
120 -1 0.7984822926980067 0.5691288418421756 
121 1 0.10010231535360727 0.6166474375151986 
122 -1 1.2279245166686092 0.570580981782879 
123 1 0.07160157515854128 1.0214606780516235 
124 -1 0.8195798379595717 0.9397856550180183 
125 1 0.046205265997112 0.6564318396946509 
126 1 0.33631824348113754 0.8460103412130747 
127 1 0.4000636548313782 0.20286827941819183 
128 -1 1.1968565766136388 1.0517104296026278 
129 -1 0.6473960301939851 0.9381769242808491 
130 -1 0.9557157259854815 0.1357588463913566 
131 1 0.23346475619852275 0.39099609206085684 
132 -1 0.9943220077205475 0.9780779280248629 
133 1 0.05871507659013704 0.5749369165022608 
134 1 0.20340852295858197 0.4151021096626679 
135 -1 1.1449814061488268 0.1257552922284011 
136 -1 0.7067916982567076 0.1499726186917504 
137 -1 0.7151496328758169 0.7630805131434041 
138 1 0.21665115860939058 0.6788293859499737 
139 1 0.09184729299499714 0.3694598672235679 
140 -1 1.3841747529966226 0.9990713659778501 
141 1 0.2329047201959861 0.27693778354233844 
142 -1 1.3186287886728751 0.45775148290422574 
143 -1 1.3178220829517342 0.6183221258884385 
144 1 0.16852131215052504 0.6340719254114088 
145 -1 0.9672991068205934 1.131404578715221 
146 -1 1.090017077456738 1.1357083496416451 
147 -1 0.6383183438197421 0.41910682315490944 
148 1 0.2609652821014302 0.8675969370822728 
149 -1 1.1755437921385503 0.04473720587254479 
150 -1 0.979204565867059 0.15138633025825438 
151 1 0.0997435534740412 0.7285197852329943 
152 -1 0.931000201840789 0.40966080052085335 
153 1 0.11858014384146623 0.25549994007333315 
154 -1 1.1279592481733132 1.3798168131430253 
155 1 0.055827137885203396 0.5865829363295543 
156 -1 0.3708987440589156 0.5625991315851766 
157 -1 1.0099830555090992 0.673423740216877 
158 1 0.1842509955651352 0.3982361800357882 
159 1 0.22702304243961788 0.47769438637977435 
160 1 0.09666724704943415 0.599818449115207 
161 1 0.45277543594090414 0.34799518073007957 
162 -1 1.2230437828429672 0.57714290846391 
163 -1 1.3459196942371563 0.5769517127675082 
164 1 0.1074094315496452 0.6760126637067766 
165 1 0.04096534433386852 0.3630773164084078 
166 1 0.18030622984260508 0.6097500146363869 
167 1 0.2039845434380789 0.6485403831019927 
168 1 0.1597710655025326 0.692487169744345 
169 1 0.2906655823859828 0.39646887083925864 
170 1 0.2023321221768125 0.952872175715569 
171 -1 1.2300758225671495 0.7187749456574577 
172 -1 1.2248333723728946 0.7250920445356436 
173 1 0.2094707619252515 0.22154818487284467 
174 -1 0.6218431917216003 0.7628951667554964 
175 -1 1.0557137041540272 0.29802355126643565 
176 -1 1.3353247578369938 0.7443599472850284 
177 1 0.3708850314792849 1.2182227230648182 
178 -1 0.528654010028473 0.9200957307800517 
179 1 0.3122502755049941 0.4523412340329903 
180 1 0.17180333180636856 0.926395727038216 
181 1 0.14594191586436062 0.31643582795830044 
182 -1 0.960856934534114 0.6505174271554781 
183 1 0.4695060127958403 0.8580975627675954 
184 1 0.08517898709755553 0.5833669450363146 
185 -1 0.8452182600251826 1.1790610926956344 
186 1 0.13635933212544582 0.9556496392469414 
187 -1 0.7792130674512809 0.10683949851689285 
188 -1 1.034533001295284 1.225366826585528 
189 1 0.1929163756572219 0.38833625300863583 
190 1 0.11026559411876645 0.2036414786814468 
191 1 0.33450265856620864 0.6542254346275206 
192 1 0.35008555552734244 0.9174579304022553 
193 -1 1.1498836679488251 0.2130790302536458 
194 1 0.1810215327508704 0.5614553985546114 
195 -1 1.0292943352925419 0.9749069257549136 
196 1 0.13985876170139128 0.41596809641699645 
197 1 0.12124757242085511 0.5553825184263067 
198 -1 1.2871320703424556 0.1746390043905322 
199 -1 0.91831807639597 0.6529158470186206 
200 -1 0.5103664846482203 0.7867328329481224 
201 -1 0.5581162848705845 0.5792289834826424 
202 -1 0.9189474971676571 0.3145098201873915 
203 -1 1.135983709011779 1.0176263902936478 
204 1 0.21095192299680907 0.4697989548546174 
205 1 0.1563209786398113 0.5778539873557024 
206 -1 1.084797714138559 0.1395329667451033 
207 1 0.06748629642516328 0.46010873116139434 
208 1 0.10618516046574872 0.691306791782101 
209 -1 1.182305523477809 0.0 
210 -1 1.1458135314886342 0.3863363577297532 
211 -1 1.0196259677004529 0.5315266173751778 
212 1 0.2522378030276445 0.6582295937105697 
213 1 0.18758188325263506 0.5927647938971741 
214 -1 1.0192740249427443 0.5784790486572758 
215 1 0.20680664580365238 0.5189196257725603 
216 -1 1.1874183958537015 0.6915813949388919 
217 -1 1.3687442582366212 1.1835770644065882 
218 -1 1.1965282606143632 0.11047712104358931 
219 -1 1.08577067433351 0.04761734444560737 
220 -1 1.029360354686637 1.365635968383155 
221 -1 0.9524570386310537 0.9841577821841783 
222 -1 0.5487505303865082 1.0098135723600559 
223 -1 0.7110767234530694 0.6627730630950076 
224 1 0.14664324091538541 0.7754214941787355 
225 -1 0.9578166793424882 0.2809876664065836 
226 1 0.5486012657844339 0.84754608714915 
227 -1 1.1749277769560795 0.46323379327373704 
228 1 0.18006604323436962 0.699150049105 
229 1 0.22250666821636744 0.5770119244522728 
230 1 0.25607938055467655 0.4214917358697789 
231 1 0.015994537514246565 0.8146065937631021 
232 -1 0.8629172408522585 0.8538361507222195 
233 1 0.145733413391056 0.7079198964786519 
234 -1 1.1599983008114199 0.47959848718730613 
235 -1 0.734339893678516 0.921291544206831 
236 -1 1.452856682187907 0.5317272220754172 
237 1 0.11537039046120957 0.5072639862560517 
238 1 0.19343433768552523 0.4952722758504485 
239 -1 1.2130689771216472 0.760120210820724 
240 1 0.1802642904552017 0.29842655160593173 
241 1 0.07509184140470972 0.7360683562118332 
242 -1 0.8340928435842627 0.4181562639340852 
243 1 0.5458235398287024 0.41002575161533145 
244 -1 1.2636261014566257 1.0697947200367297 
245 -1 0.7275475126151328 0.38503522533126366 
246 -1 1.152906002320789 0.8254497006896793 
247 -1 1.38626995723044 0.3763964759828487 
248 1 0.09820934622496422 0.7019736918243344 
249 1 0.006626019290630433 0.8274128908910554 
