id label data 
0 1 0.14184696075255776 0.626429113382057 
1 -1 1.5707963267948966 0.2958530039760289 
2 1 0.3846481139997032 0.775284607174906 
3 1 0.044634964130918345 0.5496462001072557 
4 -1 1.138124375178039 1.1994591366664575 
5 1 0.9018041716227262 0.08364336600588158 
6 -1 1.1240961148004778 0.051077321061215764 
7 -1 1.2849739123099089 0.7263415369204695 
8 1 0.11212307946673604 0.6973308804561552 
9 -1 1.5245260379963128 0.3912180016358731 
10 1 0.328071128341334 0.9254624143782318 
11 -1 0.9182310758565763 1.1568233249693352 
12 1 0.13043518324259137 0.8374969536465641 
13 1 0.7796061448992575 0.6434978419555902 
14 -1 1.5153512122251485 0.3734092378560541 
15 -1 1.091919175381188 0.8816255557865107 
16 1 0.14281402540006943 0.27447687983063535 
17 -1 0.9476114298697972 1.0387268769038183 
18 -1 0.8802078865619626 0.826648953279749 
19 1 0.15149611579420108 0.3605252547739756 
20 -1 1.4405806776661503 0.4926599467779916 
21 -1 1.1747914153024244 0.02638705090860995 
22 1 0.45658361935593733 0.9374361653089811 
23 1 0.30529880933292114 0.582509326997522 
24 1 0.08289446166584187 1.0107604613780679 
25 1 0.5285320517788643 0.8817583799883816 
26 1 0.33631824348113754 0.8460103412130747 
27 1 0.05871507659013704 0.5749369165022608 
28 1 0.21665115860939058 0.6788293859499737 
29 1 0.2609652821014302 0.8675969370822728 
30 -1 0.979204565867059 0.15138633025825438 
31 1 0.09666724704943415 0.599818449115207 
32 1 0.06931685071042125 0.6877367437493909 
33 -1 1.3459196942371563 0.5769517127675082 
34 -1 1.0557137041540272 0.29802355126643565 
35 1 0.3708850314792849 1.2182227230648182 
36 -1 1.3349985914956968 1.1000112400600752 
37 1 0.4695060127958403 0.8580975627675954 
38 1 0.1929163756572219 0.38833625300863583 
39 1 0.35008555552734244 0.9174579304022553 
40 1 0.1810215327508704 0.5614553985546114 
41 -1 1.0292943352925419 0.9749069257549136 
42 -1 0.5103664846482203 0.7867328329481224 
43 -1 1.135983709011779 1.0176263902936478 
44 -1 1.084797714138559 0.1395329667451033 
45 1 0.18758188325263506 0.5927647938971741 
46 -1 0.7857414738221355 1.3212180559313813 
47 -1 0.5487505303865082 1.0098135723600559 
48 1 0.31521973353268373 0.7278217842115597 
49 1 0.11537039046120957 0.5072639862560517 
