id label data 
0 1 0.3199492544772873 0.22357821092702163 
1 1 0.11425968957997719 0.8890050242657153 
2 1 0.4345021119485699 0.3288618873344163 
3 1 0.359485113151705 0.7445972674010114 
4 -1 1.5707963267948966 0.2958530039760289 
5 1 0.3846481139997032 0.775284607174906 
6 1 0.26742804122427183 0.23727885071754976 
7 1 0.24289963699533387 0.8838842104934704 
8 1 0.9018041716227262 0.08364336600588158 
9 -1 1.2849739123099089 0.7263415369204695 
10 1 0.33326960284899304 0.9092805120426972 
11 -1 0.7414003088121768 0.830478039659023 
12 1 0.12148656082505585 0.7435090322922503 
13 -1 1.1043479469461224 1.218496163092012 
14 1 0.19613314198193077 0.8209810206678374 
15 -1 1.001325969753696 0.762890042964715 
16 -1 0.9394551434348474 0.9933377024556437 
17 1 0.3287349189155662 0.7967460050611296 
18 -1 0.7747844631639781 0.31544235496637757 
19 -1 1.1444340343409387 0.25216956744288815 
20 -1 1.1039011900303937 0.5897403857254893 
21 1 0.5071686235462055 0.2571952676212773 
22 -1 0.7443589128003927 1.2447823613537652 
23 -1 0.7245949479582777 0.7961203186934692 
24 1 0.08289446166584187 1.0107604613780679 
25 1 0.33631824348113754 0.8460103412130747 
26 1 0.05871507659013704 0.5749369165022608 
27 -1 0.7067916982567076 0.1499726186917504 
28 1 0.21665115860939058 0.6788293859499737 
29 -1 1.3841747529966226 0.9990713659778501 
30 -1 0.9672991068205934 1.131404578715221 
31 -1 1.090017077456738 1.1357083496416451 
32 -1 0.979204565867059 0.15138633025825438 
33 -1 1.1279592481733132 1.3798168131430253 
34 -1 1.2300758225671495 0.7187749456574577 
35 -1 0.6218431917216003 0.7628951667554964 
36 -1 0.528654010028473 0.9200957307800517 
37 -1 0.7792130674512809 0.10683949851689285 
38 1 0.11026559411876645 0.2036414786814468 
39 -1 1.0292943352925419 0.9749069257549136 
40 -1 1.0196259677004529 0.5315266173751778 
41 1 0.20680664580365238 0.5189196257725603 
42 1 0.014727647834271487 0.6775960237314997 
43 1 0.14664324091538541 0.7754214941787355 
44 1 0.1502082172553732 0.6275505916973357 
45 -1 1.1599983008114199 0.47959848718730613 
46 1 0.22500670178092194 0.7998039856858496 
47 -1 0.734339893678516 0.921291544206831 
48 -1 0.8340928435842627 0.4181562639340852 
49 -1 1.0980193888875676 0.19960535543314775 
