id label data 
0 -1 0.9575520774964632 0.20113670631075217 
1 1 0.30884991983556814 0.21942180755881405 
2 -1 1.138124375178039 1.1994591366664575 
3 1 0.007440242436720898 0.6362762700812538 
4 1 0.9018041716227262 0.08364336600588158 
5 1 0.035136283956924995 0.4413841581250834 
6 1 0.09881841398417214 0.34570389317479316 
7 -1 1.5245260379963128 0.3912180016358731 
8 -1 0.7779252716389634 0.855724142748314 
9 1 0.36862721286300554 1.0377461473902825 
10 1 0.18719527418033788 0.5242292637450433 
11 -1 1.2295852254204376 0.15187079905665593 
12 -1 0.5418269471280245 0.9396760461461094 
13 -1 0.47549089193276195 0.8910794132949139 
14 -1 0.48748068434394254 0.9124078063259363 
15 -1 1.001325969753696 0.762890042964715 
16 1 0.35944862202965916 0.151052518652563 
17 1 0.3287349189155662 0.7967460050611296 
18 -1 0.8154482344625015 0.1852624945171347 
19 1 0.05116214730863437 0.7105926066492894 
20 -1 0.7747844631639781 0.31544235496637757 
21 1 0.2606094719779131 0.6402824494663732 
22 -1 1.4405806776661503 0.4926599467779916 
23 1 0.22867639638424198 0.8836257576572962 
24 1 0.1914306731999438 0.42320422006706737 
25 1 0.45658361935593733 0.9374361653089811 
26 1 0.36106480513292855 0.3420420142227369 
27 1 0.2329047201959861 0.27693778354233844 
28 -1 1.090017077456738 1.1357083496416451 
29 -1 0.6383183438197421 0.41910682315490944 
30 -1 1.2230437828429672 0.57714290846391 
31 1 0.1074094315496452 0.6760126637067766 
32 1 0.2906655823859828 0.39646887083925864 
33 1 0.2023321221768125 0.952872175715569 
34 1 0.3122502755049941 0.4523412340329903 
35 1 0.4695060127958403 0.8580975627675954 
36 -1 0.8452182600251826 1.1790610926956344 
37 -1 1.034533001295284 1.225366826585528 
38 -1 0.5581162848705845 0.5792289834826424 
39 1 0.1563209786398113 0.5778539873557024 
40 1 0.18758188325263506 0.5927647938971741 
41 -1 1.0192740249427443 0.5784790486572758 
42 -1 1.3687442582366212 1.1835770644065882 
43 -1 1.029360354686637 1.365635968383155 
44 -1 0.7110767234530694 0.6627730630950076 
45 -1 0.9578166793424882 0.2809876664065836 
46 1 0.5486012657844339 0.84754608714915 
47 1 0.07509184140470972 0.7360683562118332 
48 -1 0.8340928435842627 0.4181562639340852 
49 -1 0.7275475126151328 0.38503522533126366 
