id label data 
0 1 0.11425968957997719 0.8890050242657153 
1 1 0.09412940729653879 0.6970839330382874 
2 -1 1.0021982790547024 0.4015413528049374 
3 -1 1.187182871859831 0.24668363104313978 
4 -1 1.2778662276640071 0.38952166833352847 
5 -1 1.3789898004564234 0.7578751623143218 
6 1 0.3846481139997032 0.775284607174906 
7 1 0.044634964130918345 0.5496462001072557 
8 -1 0.9182310758565763 1.1568233249693352 
9 -1 1.1320552490753737 0.007841300784547717 
10 -1 0.9875271436341542 1.2956105764745938 
11 -1 1.5153512122251485 0.3734092378560541 
12 1 0.19613314198193077 0.8209810206678374 
13 -1 1.0474845099557764 0.6037403345562665 
14 -1 1.226457549657967 1.1411503199055908 
15 1 0.14710366671198896 0.7720765536140995 
16 -1 1.2376612278604078 0.23834686554327375 
17 -1 1.1606413625734375 0.9618330019943676 
18 -1 0.7245949479582777 0.7961203186934692 
19 1 0.2176206818126687 0.22709859531568372 
20 1 0.30529880933292114 0.582509326997522 
21 1 0.4000636548313782 0.20286827941819183 
22 -1 0.9557157259854815 0.1357588463913566 
23 1 0.23346475619852275 0.39099609206085684 
24 1 0.05871507659013704 0.5749369165022608 
25 -1 1.1449814061488268 0.1257552922284011 
26 -1 0.7067916982567076 0.1499726186917504 
27 1 0.21665115860939058 0.6788293859499737 
28 1 0.09184729299499714 0.3694598672235679 
29 -1 1.3186287886728751 0.45775148290422574 
30 -1 0.9672991068205934 1.131404578715221 
31 1 0.1842509955651352 0.3982361800357882 
32 1 0.09666724704943415 0.599818449115207 
33 1 0.04096534433386852 0.3630773164084078 
34 -1 1.2248333723728946 0.7250920445356436 
35 -1 0.6218431917216003 0.7628951667554964 
36 -1 0.528654010028473 0.9200957307800517 
37 1 0.13635933212544582 0.9556496392469414 
38 1 0.33450265856620864 0.6542254346275206 
39 -1 1.1498836679488251 0.2130790302536458 
40 1 0.1810215327508704 0.5614553985546114 
41 -1 1.0292943352925419 0.9749069257549136 
42 -1 0.5103664846482203 0.7867328329481224 
43 -1 0.9189474971676571 0.3145098201873915 
44 1 0.2522378030276445 0.6582295937105697 
45 1 0.25607938055467655 0.4214917358697789 
46 1 0.145733413391056 0.7079198964786519 
47 -1 1.1599983008114199 0.47959848718730613 
48 1 0.11537039046120957 0.5072639862560517 
49 1 0.09820934622496422 0.7019736918243344 
