id label data 
0 1 0.10180029849917704 0.35534598322842753 
1 -1 0.622145016168142 0.29754874877930293 
2 -1 1.0021982790547024 0.4015413528049374 
3 1 0.12201656360340861 0.8218312045549243 
4 -1 1.2499970475383955 0.4309780519844826 
5 -1 1.2275682613420276 0.950911034636836 
6 1 0.035136283956924995 0.4413841581250834 
7 -1 0.7694326430544648 1.3000921442043694 
8 -1 1.1802270684600373 0.4557344918618058 
9 1 0.42294139727539654 0.8880919482172875 
10 1 0.1730342887471763 0.3013269720119047 
11 -1 1.1043479469461224 1.218496163092012 
12 -1 1.0474845099557764 0.6037403345562665 
13 1 0.2001207531799952 0.8632219349204185 
14 -1 0.7110858096952656 0.8739943240254582 
15 1 0.2606094719779131 0.6402824494663732 
16 -1 1.1444340343409387 0.25216956744288815 
17 -1 0.9257699663352615 0.5901404866593734 
18 -1 1.114311289593126 0.35031802817512825 
19 -1 1.2376612278604078 0.23834686554327375 
20 -1 1.2422103931194282 0.1134484278384177 
21 -1 1.1606413625734375 0.9618330019943676 
22 -1 1.2392225184793473 0.3959954966509707 
23 -1 0.6473960301939851 0.9381769242808491 
24 -1 0.7151496328758169 0.7630805131434041 
25 -1 1.3186287886728751 0.45775148290422574 
26 -1 0.6383183438197421 0.41910682315490944 
27 -1 1.1755437921385503 0.04473720587254479 
28 1 0.11858014384146623 0.25549994007333315 
29 -1 1.1279592481733132 1.3798168131430253 
30 1 0.1842509955651352 0.3982361800357882 
31 1 0.22702304243961788 0.47769438637977435 
32 1 0.2039845434380789 0.6485403831019927 
33 -1 0.7723954866227816 1.1844474256382753 
34 1 0.13635933212544582 0.9556496392469414 
35 1 0.1563209786398113 0.5778539873557024 
36 -1 1.1458135314886342 0.3863363577297532 
37 -1 0.9404672848613405 0.22902956258708734 
38 1 0.2522378030276445 0.6582295937105697 
39 -1 1.1965282606143632 0.11047712104358931 
40 -1 0.9524570386310537 0.9841577821841783 
41 -1 1.1599983008114199 0.47959848718730613 
42 1 0.22500670178092194 0.7998039856858496 
43 -1 1.452856682187907 0.5317272220754172 
44 1 0.19343433768552523 0.4952722758504485 
45 -1 1.2130689771216472 0.760120210820724 
46 -1 0.8340928435842627 0.4181562639340852 
47 -1 1.093907799505924 0.22234340301596267 
48 -1 1.0637040747177335 0.5604313047356164 
49 -1 1.152906002320789 0.8254497006896793 
