id label data 
0 1 0.10180029849917704 0.35534598322842753 
1 1 0.15053574727731914 0.8250411309454084 
2 -1 0.9018658439867353 0.7616194046388332 
3 -1 0.622145016168142 0.29754874877930293 
4 -1 0.6453983662739644 0.18697712740271913 
5 1 0.11415064858388753 0.35919867657133486 
6 1 0.14184696075255776 0.626429113382057 
7 1 0.2207608891004687 0.4843919579846789 
8 1 0.09412940729653879 0.6970839330382874 
9 -1 0.7674734916190135 0.39768328506840583 
10 1 0.46626712773353507 0.36801448087290356 
11 -1 1.0021982790547024 0.4015413528049374 
12 -1 0.9575520774964632 0.20113670631075217 
13 1 0.12201656360340861 0.8218312045549243 
14 -1 1.187182871859831 0.24668363104313978 
15 -1 1.2499970475383955 0.4309780519844826 
16 -1 1.2778662276640071 0.38952166833352847 
17 1 0.30884991983556814 0.21942180755881405 
18 -1 1.3789898004564234 0.7578751623143218 
19 -1 1.3693414976943126 0.6759411969786293 
20 1 0.42652042774433513 0.25024787018290884 
21 -1 1.220686785639727 0.9171527107274431 
22 1 0.044634964130918345 0.5496462001072557 
23 -1 1.138124375178039 1.1994591366664575 
24 1 0.007440242436720898 0.6362762700812538 
25 -1 1.2275682613420276 0.950911034636836 
26 -1 1.1240961148004778 0.051077321061215764 
27 -1 0.6384178928995341 0.3747884935697103 
28 1 0.01282351716023628 0.6854130863715657 
29 1 0.035136283956924995 0.4413841581250834 
30 -1 0.7694326430544648 1.3000921442043694 
31 1 0.11212307946673604 0.6973308804561552 
32 -1 1.1802270684600373 0.4557344918618058 
33 1 0.09881841398417214 0.34570389317479316 
34 1 0.42294139727539654 0.8880919482172875 
35 -1 1.0696910090812264 1.2583007957346097 
36 1 0.1451603886802491 0.472243081092628 
37 -1 1.5245260379963128 0.3912180016358731 
38 1 0.328071128341334 0.9254624143782318 
39 -1 0.7779252716389634 0.855724142748314 
40 1 0.36862721286300554 1.0377461473902825 
41 1 0.18719527418033788 0.5242292637450433 
42 -1 1.2295852254204376 0.15187079905665593 
43 -1 0.9182310758565763 1.1568233249693352 
44 -1 1.1320552490753737 0.007841300784547717 
45 1 0.13043518324259137 0.8374969536465641 
46 1 0.22437800994506923 0.7900608390839892 
47 -1 0.5418269471280245 0.9396760461461094 
48 1 0.06705847678408187 0.556629467462119 
49 1 0.1730342887471763 0.3013269720119047 
50 1 0.7796061448992575 0.6434978419555902 
51 -1 0.9875271436341542 1.2956105764745938 
52 1 0.14990458301127055 0.5873489368431816 
53 -1 1.5153512122251485 0.3734092378560541 
54 -1 1.4650164411046978 0.27311053524175005 
55 -1 1.091919175381188 0.8816255557865107 
56 -1 1.1063759432223301 0.301808211678979 
57 -1 0.47549089193276195 0.8910794132949139 
58 -1 0.48748068434394254 0.9124078063259363 
59 -1 0.7990148824414607 0.6323505163005212 
60 -1 0.5396332307106673 0.6666333265171542 
61 -1 0.6383388801719405 0.913246367057651 
62 1 0.14281402540006943 0.27447687983063535 
63 1 0.35944862202965916 0.151052518652563 
64 -1 0.693141454008864 0.8575314958255071 
65 -1 1.0056963709846192 0.7528145744844577 
66 -1 1.1274428964354408 0.9656655954742778 
67 -1 1.0474845099557764 0.6037403345562665 
68 -1 1.44996845497525 0.07461696681934066 
69 -1 1.1897247640828048 0.9245180428499655 
70 -1 0.8154482344625015 0.1852624945171347 
71 1 0.2001207531799952 0.8632219349204185 
72 -1 0.2786329493957516 0.8565477567942018 
73 -1 0.7110858096952656 0.8739943240254582 
74 -1 1.1642426231263834 0.9357786352371704 
75 -1 0.9476114298697972 1.0387268769038183 
76 1 0.003736042462249842 0.5250869989051297 
77 1 0.05116214730863437 0.7105926066492894 
78 1 0.15056483955908298 0.36144043850325686 
79 1 0.29170106071072294 0.29872478920262946 
80 -1 0.8802078865619626 0.826648953279749 
81 -1 1.184049982318927 0.3964961904157726 
82 1 0.15149611579420108 0.3605252547739756 
83 1 0.2606094719779131 0.6402824494663732 
84 1 0.3615696885809517 0.23701945250631917 
85 -1 1.226457549657967 1.1411503199055908 
86 -1 0.6153573922373758 0.80355599106237 
87 1 0.14710366671198896 0.7720765536140995 
88 -1 0.9257699663352615 0.5901404866593734 
89 -1 1.114311289593126 0.35031802817512825 
90 -1 1.2376612278604078 0.23834686554327375 
91 -1 0.3882399922552298 0.6282051965623505 
92 1 0.1398940579801116 0.3186565235655808 
93 -1 1.156710003198079 1.0036424795830419 
94 -1 1.4405806776661503 0.4926599467779916 
95 -1 1.1747914153024244 0.02638705090860995 
96 1 0.5149242075100848 1.0145097593999137 
97 -1 1.2422103931194282 0.1134484278384177 
98 -1 1.1606413625734375 0.9618330019943676 
99 1 0.22867639638424198 0.8836257576572962 
100 1 0.4055321383261505 0.38814562185650286 
101 -1 0.6940247705090041 1.2806944961451943 
102 1 0.1914306731999438 0.42320422006706737 
103 1 0.1287980193545381 0.7143640665784075 
104 1 0.2176206818126687 0.22709859531568372 
105 1 0.41048207713242507 0.13536671249091017 
106 1 0.054165395073274045 0.664374909590176 
107 -1 1.2392225184793473 0.3959954966509707 
108 1 0.45658361935593733 0.9374361653089811 
109 1 0.15956130265933385 0.8997901563322851 
110 1 0.30529880933292114 0.582509326997522 
111 1 0.22068145509913797 0.4955687655877086 
112 1 0.36106480513292855 0.3420420142227369 
113 1 0.5285320517788643 0.8817583799883816 
114 1 0.008238680492229143 0.5927376632503085 
115 -1 0.7984822926980067 0.5691288418421756 
116 1 0.10010231535360727 0.6166474375151986 
117 -1 1.2279245166686092 0.570580981782879 
118 1 0.07160157515854128 1.0214606780516235 
119 -1 0.8195798379595717 0.9397856550180183 
120 1 0.046205265997112 0.6564318396946509 
121 1 0.4000636548313782 0.20286827941819183 
122 -1 0.8922140222298336 0.8799948001430226 
123 -1 1.1968565766136388 1.0517104296026278 
124 -1 0.6473960301939851 0.9381769242808491 
125 -1 0.9557157259854815 0.1357588463913566 
126 1 0.23346475619852275 0.39099609206085684 
127 -1 0.9943220077205475 0.9780779280248629 
128 1 0.20340852295858197 0.4151021096626679 
129 -1 1.1449814061488268 0.1257552922284011 
130 -1 0.7151496328758169 0.7630805131434041 
131 1 0.09184729299499714 0.3694598672235679 
132 1 0.2329047201959861 0.27693778354233844 
133 -1 1.3186287886728751 0.45775148290422574 
134 -1 1.3178220829517342 0.6183221258884385 
135 1 0.16852131215052504 0.6340719254114088 
136 -1 0.6383183438197421 0.41910682315490944 
137 1 0.2609652821014302 0.8675969370822728 
138 -1 1.1755437921385503 0.04473720587254479 
139 1 0.0997435534740412 0.7285197852329943 
140 -1 0.931000201840789 0.40966080052085335 
141 1 0.11858014384146623 0.25549994007333315 
142 1 0.055827137885203396 0.5865829363295543 
143 1 0.11976028082260942 0.40319890538599185 
144 -1 0.3708987440589156 0.5625991315851766 
145 -1 1.0099830555090992 0.673423740216877 
146 1 0.1842509955651352 0.3982361800357882 
147 1 0.22702304243961788 0.47769438637977435 
148 1 0.09666724704943415 0.599818449115207 
149 -1 1.2548125309859093 0.2378384302803937 
150 1 0.45277543594090414 0.34799518073007957 
151 -1 1.2230437828429672 0.57714290846391 
152 1 0.7492016050165106 0.3455760095163036 
153 1 0.06931685071042125 0.6877367437493909 
154 -1 1.3459196942371563 0.5769517127675082 
155 -1 0.6470878432641499 0.7577892258679855 
156 1 0.1074094315496452 0.6760126637067766 
157 1 0.04096534433386852 0.3630773164084078 
158 1 0.18030622984260508 0.6097500146363869 
159 1 0.2039845434380789 0.6485403831019927 
160 1 0.1597710655025326 0.692487169744345 
161 1 0.2906655823859828 0.39646887083925864 
162 1 0.2023321221768125 0.952872175715569 
163 -1 0.7723954866227816 1.1844474256382753 
164 -1 1.2248333723728946 0.7250920445356436 
165 1 0.2094707619252515 0.22154818487284467 
166 -1 1.0557137041540272 0.29802355126643565 
167 -1 1.3353247578369938 0.7443599472850284 
168 1 0.3708850314792849 1.2182227230648182 
169 -1 1.3349985914956968 1.1000112400600752 
170 1 0.3122502755049941 0.4523412340329903 
171 1 0.17180333180636856 0.926395727038216 
172 1 0.14594191586436062 0.31643582795830044 
173 -1 0.960856934534114 0.6505174271554781 
174 1 0.4695060127958403 0.8580975627675954 
175 1 0.08517898709755553 0.5833669450363146 
176 -1 0.8452182600251826 1.1790610926956344 
177 1 0.13635933212544582 0.9556496392469414 
178 1 0.45096749869493136 0.20485860817085336 
179 -1 1.0227840015156513 1.1045480345788141 
180 -1 1.034533001295284 1.225366826585528 
181 1 0.1929163756572219 0.38833625300863583 
182 1 0.08376772696913362 0.7138889195359364 
183 1 0.33450265856620864 0.6542254346275206 
184 1 0.35008555552734244 0.9174579304022553 
185 -1 1.1498836679488251 0.2130790302536458 
186 1 0.1810215327508704 0.5614553985546114 
187 1 0.24819055741341972 0.7287129788297692 
188 1 0.13985876170139128 0.41596809641699645 
189 1 0.12124757242085511 0.5553825184263067 
190 -1 1.2871320703424556 0.1746390043905322 
191 -1 0.91831807639597 0.6529158470186206 
192 -1 0.5103664846482203 0.7867328329481224 
193 -1 0.5581162848705845 0.5792289834826424 
194 -1 0.9793252002869605 0.10604328434966251 
195 -1 0.9189474971676571 0.3145098201873915 
196 -1 1.135983709011779 1.0176263902936478 
197 1 0.21095192299680907 0.4697989548546174 
198 1 0.1563209786398113 0.5778539873557024 
199 -1 1.084797714138559 0.1395329667451033 
200 1 0.06748629642516328 0.46010873116139434 
201 1 0.10618516046574872 0.691306791782101 
202 -1 1.182305523477809 0.0 
203 -1 1.1458135314886342 0.3863363577297532 
204 -1 0.9404672848613405 0.22902956258708734 
205 1 0.2522378030276445 0.6582295937105697 
206 1 0.18758188325263506 0.5927647938971741 
207 -1 1.0192740249427443 0.5784790486572758 
208 -1 1.1874183958537015 0.6915813949388919 
209 -1 1.3687442582366212 1.1835770644065882 
210 -1 1.1965282606143632 0.11047712104358931 
211 -1 1.08577067433351 0.04761734444560737 
212 -1 1.029360354686637 1.365635968383155 
213 -1 0.9524570386310537 0.9841577821841783 
214 1 0.26504046430058487 0.5588697382616158 
215 -1 0.7857414738221355 1.3212180559313813 
216 -1 0.5487505303865082 1.0098135723600559 
217 -1 0.7110767234530694 0.6627730630950076 
218 1 0.31521973353268373 0.7278217842115597 
219 -1 0.9578166793424882 0.2809876664065836 
220 -1 0.9196430618465298 0.828330682416958 
221 1 0.5486012657844339 0.84754608714915 
222 -1 1.1749277769560795 0.46323379327373704 
223 1 0.08730362361424791 0.7544312747925604 
224 1 0.18006604323436962 0.699150049105 
225 1 0.10103520410462265 0.6854583241191688 
226 1 0.22250666821636744 0.5770119244522728 
227 1 0.25607938055467655 0.4214917358697789 
228 1 0.015994537514246565 0.8146065937631021 
229 1 0.15277444749357447 0.38978408958381117 
230 1 0.17071761273325148 0.6694810291505542 
231 -1 0.8629172408522585 0.8538361507222195 
232 -1 0.3973816655044382 0.7134595073833462 
233 1 0.145733413391056 0.7079198964786519 
234 -1 1.452856682187907 0.5317272220754172 
235 1 0.11537039046120957 0.5072639862560517 
236 1 0.19343433768552523 0.4952722758504485 
237 -1 1.2130689771216472 0.760120210820724 
238 1 0.1802642904552017 0.29842655160593173 
239 1 0.07509184140470972 0.7360683562118332 
240 1 0.5458235398287024 0.41002575161533145 
241 -1 1.093907799505924 0.22234340301596267 
242 -1 1.0637040747177335 0.5604313047356164 
243 -1 1.2636261014566257 1.0697947200367297 
244 -1 0.8717917054898214 0.962093913590496 
245 -1 0.7275475126151328 0.38503522533126366 
246 -1 1.152906002320789 0.8254497006896793 
247 -1 1.38626995723044 0.3763964759828487 
248 1 0.09820934622496422 0.7019736918243344 
249 1 0.006626019290630433 0.8274128908910554 
