id label data 
0 1 0.10180029849917704 0.35534598322842753 
1 -1 0.9018658439867353 0.7616194046388332 
2 1 0.09412940729653879 0.6970839330382874 
3 -1 1.0021982790547024 0.4015413528049374 
4 -1 1.2499970475383955 0.4309780519844826 
5 -1 0.6384178928995341 0.3747884935697103 
6 1 0.11212307946673604 0.6973308804561552 
7 1 0.09881841398417214 0.34570389317479316 
8 1 0.36862721286300554 1.0377461473902825 
9 1 0.18719527418033788 0.5242292637450433 
10 -1 0.5418269471280245 0.9396760461461094 
11 1 0.1730342887471763 0.3013269720119047 
12 1 0.35944862202965916 0.151052518652563 
13 -1 1.44996845497525 0.07461696681934066 
14 -1 0.9476114298697972 1.0387268769038183 
15 1 0.003736042462249842 0.5250869989051297 
16 1 0.05116214730863437 0.7105926066492894 
17 1 0.29170106071072294 0.29872478920262946 
18 -1 1.226457549657967 1.1411503199055908 
19 -1 1.2376612278604078 0.23834686554327375 
20 -1 0.3882399922552298 0.6282051965623505 
21 1 0.1398940579801116 0.3186565235655808 
22 -1 0.6940247705090041 1.2806944961451943 
23 1 0.054165395073274045 0.664374909590176 
24 1 0.5285320517788643 0.8817583799883816 
25 -1 1.1968565766136388 1.0517104296026278 
26 1 0.20340852295858197 0.4151021096626679 
27 1 0.2329047201959861 0.27693778354233844 
28 -1 0.3708987440589156 0.5625991315851766 
29 -1 1.0099830555090992 0.673423740216877 
30 1 0.06931685071042125 0.6877367437493909 
31 -1 1.2248333723728946 0.7250920445356436 
32 1 0.2094707619252515 0.22154818487284467 
33 1 0.14594191586436062 0.31643582795830044 
34 -1 0.960856934534114 0.6505174271554781 
35 1 0.45096749869493136 0.20485860817085336 
36 -1 1.0227840015156513 1.1045480345788141 
37 -1 1.034533001295284 1.225366826585528 
38 1 0.24819055741341972 0.7287129788297692 
39 -1 0.5581162848705845 0.5792289834826424 
40 -1 0.9189474971676571 0.3145098201873915 
41 1 0.10618516046574872 0.691306791782101 
42 1 0.18758188325263506 0.5927647938971741 
43 -1 1.08577067433351 0.04761734444560737 
44 -1 0.7110767234530694 0.6627730630950076 
45 -1 1.1749277769560795 0.46323379327373704 
46 1 0.17071761273325148 0.6694810291505542 
47 -1 1.0637040747177335 0.5604313047356164 
48 -1 0.8717917054898214 0.962093913590496 
49 -1 1.152906002320789 0.8254497006896793 
