id label data 
0 1 0.11425968957997719 0.8890050242657153 
1 1 0.09412940729653879 0.6970839330382874 
2 1 0.46626712773353507 0.36801448087290356 
3 1 0.4345021119485699 0.3288618873344163 
4 1 0.12201656360340861 0.8218312045549243 
5 -1 1.2275682613420276 0.950911034636836 
6 1 0.11212307946673604 0.6973308804561552 
7 -1 1.0696910090812264 1.2583007957346097 
8 1 0.18719527418033788 0.5242292637450433 
9 1 0.7796061448992575 0.6434978419555902 
10 -1 0.47549089193276195 0.8910794132949139 
11 -1 1.0474845099557764 0.6037403345562665 
12 -1 1.1897247640828048 0.9245180428499655 
13 -1 0.8154482344625015 0.1852624945171347 
14 1 0.2001207531799952 0.8632219349204185 
15 1 0.003736042462249842 0.5250869989051297 
16 1 0.29170106071072294 0.29872478920262946 
17 -1 1.114311289593126 0.35031802817512825 
18 1 0.1398940579801116 0.3186565235655808 
19 1 0.22867639638424198 0.8836257576572962 
20 -1 0.6940247705090041 1.2806944961451943 
21 1 0.1914306731999438 0.42320422006706737 
22 1 0.36106480513292855 0.3420420142227369 
23 1 0.008238680492229143 0.5927376632503085 
24 -1 0.7984822926980067 0.5691288418421756 
25 1 0.07160157515854128 1.0214606780516235 
26 -1 0.9557157259854815 0.1357588463913566 
27 1 0.20340852295858197 0.4151021096626679 
28 -1 1.3841747529966226 0.9990713659778501 
29 -1 0.6383183438197421 0.41910682315490944 
30 -1 1.1755437921385503 0.04473720587254479 
31 -1 1.2248333723728946 0.7250920445356436 
32 1 0.13635933212544582 0.9556496392469414 
33 1 0.11026559411876645 0.2036414786814468 
34 1 0.33450265856620864 0.6542254346275206 
35 -1 1.1498836679488251 0.2130790302536458 
36 1 0.24819055741341972 0.7287129788297692 
37 -1 0.91831807639597 0.6529158470186206 
38 -1 0.5581162848705845 0.5792289834826424 
39 1 0.21095192299680907 0.4697989548546174 
40 1 0.18758188325263506 0.5927647938971741 
41 -1 0.5487505303865082 1.0098135723600559 
42 1 0.18006604323436962 0.699150049105 
43 1 0.22250666821636744 0.5770119244522728 
44 1 0.015994537514246565 0.8146065937631021 
45 -1 0.734339893678516 0.921291544206831 
46 -1 1.452856682187907 0.5317272220754172 
47 -1 1.2130689771216472 0.760120210820724 
48 -1 0.8340928435842627 0.4181562639340852 
49 -1 0.8717917054898214 0.962093913590496 
