id label data 
0 1 0.10180029849917704 0.35534598322842753 
1 1 0.15053574727731914 0.8250411309454084 
2 1 0.14184696075255776 0.626429113382057 
3 -1 1.5707963267948966 0.2958530039760289 
4 -1 1.220686785639727 0.9171527107274431 
5 -1 0.6384178928995341 0.3747884935697103 
6 1 0.1451603886802491 0.472243081092628 
7 1 0.1730342887471763 0.3013269720119047 
8 -1 0.6383388801719405 0.913246367057651 
9 -1 1.0056963709846192 0.7528145744844577 
10 -1 1.1642426231263834 0.9357786352371704 
11 -1 1.184049982318927 0.3964961904157726 
12 -1 0.6153573922373758 0.80355599106237 
13 -1 1.1444340343409387 0.25216956744288815 
14 -1 0.9257699663352615 0.5901404866593734 
15 1 0.5071686235462055 0.2571952676212773 
16 -1 1.114311289593126 0.35031802817512825 
17 -1 1.2422103931194282 0.1134484278384177 
18 1 0.22068145509913797 0.4955687655877086 
19 1 0.008238680492229143 0.5927376632503085 
20 -1 0.8922140222298336 0.8799948001430226 
21 1 0.11976028082260942 0.40319890538599185 
22 -1 1.2548125309859093 0.2378384302803937 
23 1 0.7492016050165106 0.3455760095163036 
24 1 0.06931685071042125 0.6877367437493909 
25 -1 0.6470878432641499 0.7577892258679855 
26 -1 0.7723954866227816 1.1844474256382753 
27 -1 1.3349985914956968 1.1000112400600752 
28 1 0.45096749869493136 0.20485860817085336 
29 -1 1.0227840015156513 1.1045480345788141 
30 1 0.08376772696913362 0.7138889195359364 
31 1 0.24819055741341972 0.7287129788297692 
32 -1 0.9793252002869605 0.10604328434966251 
33 -1 0.9404672848613405 0.22902956258708734 
34 1 0.014727647834271487 0.6775960237314997 
35 1 0.26504046430058487 0.5588697382616158 
36 -1 0.7857414738221355 1.3212180559313813 
37 1 0.31521973353268373 0.7278217842115597 
38 -1 0.9196430618465298 0.828330682416958 
39 1 0.08730362361424791 0.7544312747925604 
40 1 0.1502082172553732 0.6275505916973357 
41 1 0.10103520410462265 0.6854583241191688 
42 1 0.15277444749357447 0.38978408958381117 
43 1 0.17071761273325148 0.6694810291505542 
44 -1 0.3973816655044382 0.7134595073833462 
45 1 0.22500670178092194 0.7998039856858496 
46 -1 1.093907799505924 0.22234340301596267 
47 -1 1.0980193888875676 0.19960535543314775 
48 -1 1.0637040747177335 0.5604313047356164 
49 -1 0.8717917054898214 0.962093913590496 
