id label data 
0 1 0.15053574727731914 0.8250411309454084 
1 -1 0.6453983662739644 0.18697712740271913 
2 -1 0.7674734916190135 0.39768328506840583 
3 -1 1.3789898004564234 0.7578751623143218 
4 -1 1.1240961148004778 0.051077321061215764 
5 -1 1.1802270684600373 0.4557344918618058 
6 1 0.328071128341334 0.9254624143782318 
7 -1 0.7779252716389634 0.855724142748314 
8 1 0.22437800994506923 0.7900608390839892 
9 1 0.14990458301127055 0.5873489368431816 
10 -1 1.4650164411046978 0.27311053524175005 
11 -1 1.091919175381188 0.8816255557865107 
12 -1 0.6383388801719405 0.913246367057651 
13 -1 1.0056963709846192 0.7528145744844577 
14 -1 1.1274428964354408 0.9656655954742778 
15 -1 1.0474845099557764 0.6037403345562665 
16 -1 0.7110858096952656 0.8739943240254582 
17 -1 1.184049982318927 0.3964961904157726 
18 1 0.2606094719779131 0.6402824494663732 
19 -1 0.6153573922373758 0.80355599106237 
20 -1 1.2422103931194282 0.1134484278384177 
21 -1 1.1606413625734375 0.9618330019943676 
22 1 0.22867639638424198 0.8836257576572962 
23 -1 1.2392225184793473 0.3959954966509707 
24 1 0.45658361935593733 0.9374361653089811 
25 -1 0.7984822926980067 0.5691288418421756 
26 1 0.10010231535360727 0.6166474375151986 
27 -1 1.2279245166686092 0.570580981782879 
28 1 0.07160157515854128 1.0214606780516235 
29 -1 0.8922140222298336 0.8799948001430226 
30 1 0.2609652821014302 0.8675969370822728 
31 -1 1.1755437921385503 0.04473720587254479 
32 1 0.1842509955651352 0.3982361800357882 
33 1 0.7492016050165106 0.3455760095163036 
34 1 0.2023321221768125 0.952872175715569 
35 -1 1.3353247578369938 0.7443599472850284 
36 1 0.3708850314792849 1.2182227230648182 
37 1 0.3122502755049941 0.4523412340329903 
38 -1 0.91831807639597 0.6529158470186206 
39 1 0.06748629642516328 0.46010873116139434 
40 1 0.2522378030276445 0.6582295937105697 
41 -1 0.9524570386310537 0.9841577821841783 
42 1 0.26504046430058487 0.5588697382616158 
43 1 0.31521973353268373 0.7278217842115597 
44 1 0.08730362361424791 0.7544312747925604 
45 1 0.18006604323436962 0.699150049105 
46 1 0.15277444749357447 0.38978408958381117 
47 1 0.11537039046120957 0.5072639862560517 
48 -1 1.38626995723044 0.3763964759828487 
49 1 0.09820934622496422 0.7019736918243344 
