id label data 
0 1 0.11425968957997719 0.8890050242657153 
1 -1 0.7674734916190135 0.39768328506840583 
2 1 0.46626712773353507 0.36801448087290356 
3 1 0.359485113151705 0.7445972674010114 
4 -1 1.187182871859831 0.24668363104313978 
5 -1 1.220686785639727 0.9171527107274431 
6 1 0.26742804122427183 0.23727885071754976 
7 1 0.18719527418033788 0.5242292637450433 
8 -1 0.5418269471280245 0.9396760461461094 
9 1 0.06705847678408187 0.556629467462119 
10 -1 1.1063759432223301 0.301808211678979 
11 -1 0.48748068434394254 0.9124078063259363 
12 -1 0.6383388801719405 0.913246367057651 
13 1 0.35944862202965916 0.151052518652563 
14 -1 0.8154482344625015 0.1852624945171347 
15 -1 0.2786329493957516 0.8565477567942018 
16 1 0.05116214730863437 0.7105926066492894 
17 -1 0.6153573922373758 0.80355599106237 
18 1 0.14710366671198896 0.7720765536140995 
19 1 0.5071686235462055 0.2571952676212773 
20 1 0.4055321383261505 0.38814562185650286 
21 -1 0.6940247705090041 1.2806944961451943 
22 1 0.1287980193545381 0.7143640665784075 
23 1 0.008238680492229143 0.5927376632503085 
24 1 0.4000636548313782 0.20286827941819183 
25 -1 1.3841747529966226 0.9990713659778501 
26 -1 1.3178220829517342 0.6183221258884385 
27 -1 1.090017077456738 1.1357083496416451 
28 1 0.055827137885203396 0.5865829363295543 
29 1 0.45277543594090414 0.34799518073007957 
30 -1 1.2230437828429672 0.57714290846391 
31 -1 0.6470878432641499 0.7577892258679855 
32 1 0.04096534433386852 0.3630773164084078 
33 1 0.17180333180636856 0.926395727038216 
34 -1 0.8452182600251826 1.1790610926956344 
35 -1 1.0227840015156513 1.1045480345788141 
36 1 0.11026559411876645 0.2036414786814468 
37 1 0.08376772696913362 0.7138889195359364 
38 1 0.33450265856620864 0.6542254346275206 
39 1 0.13985876170139128 0.41596809641699645 
40 1 0.12124757242085511 0.5553825184263067 
41 -1 1.182305523477809 0.0 
42 -1 1.0192740249427443 0.5784790486572758 
43 1 0.20680664580365238 0.5189196257725603 
44 -1 1.1874183958537015 0.6915813949388919 
45 -1 1.1749277769560795 0.46323379327373704 
46 1 0.17071761273325148 0.6694810291505542 
47 -1 1.2636261014566257 1.0697947200367297 
48 -1 1.38626995723044 0.3763964759828487 
49 1 0.006626019290630433 0.8274128908910554 
