id label data 
0 1 0.10180029849917704 0.35534598322842753 
1 1 0.15053574727731914 0.8250411309454084 
2 -1 0.9018658439867353 0.7616194046388332 
3 1 0.3199492544772873 0.22357821092702163 
4 1 0.11425968957997719 0.8890050242657153 
5 -1 0.622145016168142 0.29754874877930293 
6 -1 0.6453983662739644 0.18697712740271913 
7 1 0.11415064858388753 0.35919867657133486 
8 1 0.2207608891004687 0.4843919579846789 
9 1 0.09412940729653879 0.6970839330382874 
10 -1 0.7674734916190135 0.39768328506840583 
11 1 0.46626712773353507 0.36801448087290356 
12 1 0.4345021119485699 0.3288618873344163 
13 -1 1.0021982790547024 0.4015413528049374 
14 -1 0.9575520774964632 0.20113670631075217 
15 1 0.359485113151705 0.7445972674010114 
16 1 0.12201656360340861 0.8218312045549243 
17 -1 1.187182871859831 0.24668363104313978 
18 -1 1.2499970475383955 0.4309780519844826 
19 -1 1.2778662276640071 0.38952166833352847 
20 1 0.30884991983556814 0.21942180755881405 
21 -1 1.3789898004564234 0.7578751623143218 
22 -1 1.3693414976943126 0.6759411969786293 
23 1 0.42652042774433513 0.25024787018290884 
24 -1 1.220686785639727 0.9171527107274431 
25 1 0.26742804122427183 0.23727885071754976 
26 1 0.24289963699533387 0.8838842104934704 
27 1 0.007440242436720898 0.6362762700812538 
28 -1 1.2275682613420276 0.950911034636836 
29 -1 0.6384178928995341 0.3747884935697103 
30 1 0.01282351716023628 0.6854130863715657 
31 1 0.035136283956924995 0.4413841581250834 
32 -1 0.7694326430544648 1.3000921442043694 
33 -1 1.1802270684600373 0.4557344918618058 
34 1 0.09881841398417214 0.34570389317479316 
35 1 0.42294139727539654 0.8880919482172875 
36 -1 1.0696910090812264 1.2583007957346097 
37 1 0.1451603886802491 0.472243081092628 
38 -1 0.7779252716389634 0.855724142748314 
39 1 0.36862721286300554 1.0377461473902825 
40 1 0.18719527418033788 0.5242292637450433 
41 -1 1.2295852254204376 0.15187079905665593 
42 -1 1.1320552490753737 0.007841300784547717 
43 1 0.33326960284899304 0.9092805120426972 
44 1 0.22437800994506923 0.7900608390839892 
45 -1 0.5418269471280245 0.9396760461461094 
46 1 0.06705847678408187 0.556629467462119 
47 -1 0.7414003088121768 0.830478039659023 
48 1 0.12148656082505585 0.7435090322922503 
49 1 0.1730342887471763 0.3013269720119047 
50 -1 0.9875271436341542 1.2956105764745938 
51 1 0.14990458301127055 0.5873489368431816 
52 -1 1.1043479469461224 1.218496163092012 
53 -1 1.4650164411046978 0.27311053524175005 
54 -1 1.1063759432223301 0.301808211678979 
55 1 0.19613314198193077 0.8209810206678374 
56 -1 0.47549089193276195 0.8910794132949139 
57 -1 0.48748068434394254 0.9124078063259363 
58 -1 0.7990148824414607 0.6323505163005212 
59 -1 1.001325969753696 0.762890042964715 
60 -1 0.5396332307106673 0.6666333265171542 
61 -1 0.9394551434348474 0.9933377024556437 
62 -1 0.6383388801719405 0.913246367057651 
63 1 0.35944862202965916 0.151052518652563 
64 -1 0.693141454008864 0.8575314958255071 
65 -1 1.0056963709846192 0.7528145744844577 
66 1 0.3287349189155662 0.7967460050611296 
67 -1 1.1274428964354408 0.9656655954742778 
68 -1 1.0474845099557764 0.6037403345562665 
69 -1 1.44996845497525 0.07461696681934066 
70 -1 1.1897247640828048 0.9245180428499655 
71 -1 0.8154482344625015 0.1852624945171347 
72 1 0.2001207531799952 0.8632219349204185 
73 -1 0.2786329493957516 0.8565477567942018 
74 -1 0.7110858096952656 0.8739943240254582 
75 -1 1.1642426231263834 0.9357786352371704 
76 1 0.003736042462249842 0.5250869989051297 
77 1 0.05116214730863437 0.7105926066492894 
78 -1 0.7747844631639781 0.31544235496637757 
79 1 0.15056483955908298 0.36144043850325686 
80 1 0.29170106071072294 0.29872478920262946 
81 -1 1.184049982318927 0.3964961904157726 
82 1 0.2606094719779131 0.6402824494663732 
83 1 0.3615696885809517 0.23701945250631917 
84 -1 1.226457549657967 1.1411503199055908 
85 -1 0.6153573922373758 0.80355599106237 
86 1 0.14710366671198896 0.7720765536140995 
87 -1 1.1444340343409387 0.25216956744288815 
88 -1 0.9257699663352615 0.5901404866593734 
89 -1 1.1039011900303937 0.5897403857254893 
90 1 0.5071686235462055 0.2571952676212773 
91 -1 1.114311289593126 0.35031802817512825 
92 -1 1.2376612278604078 0.23834686554327375 
93 -1 0.3882399922552298 0.6282051965623505 
94 1 0.1398940579801116 0.3186565235655808 
95 -1 1.156710003198079 1.0036424795830419 
96 1 0.5149242075100848 1.0145097593999137 
97 -1 1.2422103931194282 0.1134484278384177 
98 -1 1.1606413625734375 0.9618330019943676 
99 1 0.22867639638424198 0.8836257576572962 
100 1 0.4055321383261505 0.38814562185650286 
101 -1 0.6940247705090041 1.2806944961451943 
102 1 0.1914306731999438 0.42320422006706737 
103 -1 0.7443589128003927 1.2447823613537652 
104 -1 0.7245949479582777 0.7961203186934692 
105 1 0.1287980193545381 0.7143640665784075 
106 1 0.2176206818126687 0.22709859531568372 
107 1 0.41048207713242507 0.13536671249091017 
108 1 0.054165395073274045 0.664374909590176 
109 -1 1.2392225184793473 0.3959954966509707 
110 1 0.15956130265933385 0.8997901563322851 
111 1 0.22068145509913797 0.4955687655877086 
112 1 0.36106480513292855 0.3420420142227369 
113 1 0.008238680492229143 0.5927376632503085 
114 -1 0.7984822926980067 0.5691288418421756 
115 1 0.10010231535360727 0.6166474375151986 
116 -1 1.2279245166686092 0.570580981782879 
117 1 0.07160157515854128 1.0214606780516235 
118 -1 0.8195798379595717 0.9397856550180183 
119 1 0.046205265997112 0.6564318396946509 
120 1 0.4000636548313782 0.20286827941819183 
121 -1 0.8922140222298336 0.8799948001430226 
122 -1 1.1968565766136388 1.0517104296026278 
123 -1 0.6473960301939851 0.9381769242808491 
124 -1 0.9557157259854815 0.1357588463913566 
125 1 0.23346475619852275 0.39099609206085684 
126 -1 0.9943220077205475 0.9780779280248629 
127 1 0.20340852295858197 0.4151021096626679 
128 -1 1.1449814061488268 0.1257552922284011 
129 -1 0.7067916982567076 0.1499726186917504 
130 -1 0.7151496328758169 0.7630805131434041 
131 1 0.09184729299499714 0.3694598672235679 
132 -1 1.3841747529966226 0.9990713659778501 
133 1 0.2329047201959861 0.27693778354233844 
134 -1 1.3186287886728751 0.45775148290422574 
135 -1 1.3178220829517342 0.6183221258884385 
136 1 0.16852131215052504 0.6340719254114088 
137 -1 0.9672991068205934 1.131404578715221 
138 -1 1.090017077456738 1.1357083496416451 
139 -1 0.6383183438197421 0.41910682315490944 
140 -1 1.1755437921385503 0.04473720587254479 
141 1 0.0997435534740412 0.7285197852329943 
142 -1 0.931000201840789 0.40966080052085335 
143 1 0.11858014384146623 0.25549994007333315 
144 -1 1.1279592481733132 1.3798168131430253 
145 1 0.055827137885203396 0.5865829363295543 
146 1 0.11976028082260942 0.40319890538599185 
147 -1 0.3708987440589156 0.5625991315851766 
148 -1 1.0099830555090992 0.673423740216877 
149 1 0.1842509955651352 0.3982361800357882 
150 1 0.22702304243961788 0.47769438637977435 
151 -1 1.2548125309859093 0.2378384302803937 
152 1 0.45277543594090414 0.34799518073007957 
153 -1 1.2230437828429672 0.57714290846391 
154 1 0.7492016050165106 0.3455760095163036 
155 -1 0.6470878432641499 0.7577892258679855 
156 1 0.1074094315496452 0.6760126637067766 
157 1 0.04096534433386852 0.3630773164084078 
158 1 0.18030622984260508 0.6097500146363869 
159 1 0.2039845434380789 0.6485403831019927 
160 1 0.1597710655025326 0.692487169744345 
161 1 0.2906655823859828 0.39646887083925864 
162 1 0.2023321221768125 0.952872175715569 
163 -1 0.7723954866227816 1.1844474256382753 
164 -1 1.2300758225671495 0.7187749456574577 
165 -1 1.2248333723728946 0.7250920445356436 
166 1 0.2094707619252515 0.22154818487284467 
167 -1 0.6218431917216003 0.7628951667554964 
168 -1 1.3353247578369938 0.7443599472850284 
169 -1 0.528654010028473 0.9200957307800517 
170 1 0.3122502755049941 0.4523412340329903 
171 1 0.17180333180636856 0.926395727038216 
172 1 0.14594191586436062 0.31643582795830044 
173 -1 0.960856934534114 0.6505174271554781 
174 1 0.08517898709755553 0.5833669450363146 
175 -1 0.8452182600251826 1.1790610926956344 
176 1 0.13635933212544582 0.9556496392469414 
177 -1 0.7792130674512809 0.10683949851689285 
178 1 0.45096749869493136 0.20485860817085336 
179 -1 1.0227840015156513 1.1045480345788141 
180 -1 1.034533001295284 1.225366826585528 
181 1 0.11026559411876645 0.2036414786814468 
182 1 0.08376772696913362 0.7138889195359364 
183 1 0.33450265856620864 0.6542254346275206 
184 -1 1.1498836679488251 0.2130790302536458 
185 1 0.24819055741341972 0.7287129788297692 
186 1 0.13985876170139128 0.41596809641699645 
187 1 0.12124757242085511 0.5553825184263067 
188 -1 1.2871320703424556 0.1746390043905322 
189 -1 0.91831807639597 0.6529158470186206 
190 -1 0.5581162848705845 0.5792289834826424 
191 -1 0.9793252002869605 0.10604328434966251 
192 -1 0.9189474971676571 0.3145098201873915 
193 1 0.21095192299680907 0.4697989548546174 
194 1 0.1563209786398113 0.5778539873557024 
195 1 0.06748629642516328 0.46010873116139434 
196 1 0.10618516046574872 0.691306791782101 
197 -1 1.182305523477809 0.0 
198 -1 1.1458135314886342 0.3863363577297532 
199 -1 0.9404672848613405 0.22902956258708734 
200 -1 1.0196259677004529 0.5315266173751778 
201 1 0.2522378030276445 0.6582295937105697 
202 -1 1.0192740249427443 0.5784790486572758 
203 1 0.20680664580365238 0.5189196257725603 
204 1 0.014727647834271487 0.6775960237314997 
205 -1 1.1874183958537015 0.6915813949388919 
206 -1 1.3687442582366212 1.1835770644065882 
207 -1 1.1965282606143632 0.11047712104358931 
208 -1 1.08577067433351 0.04761734444560737 
209 -1 1.029360354686637 1.365635968383155 
210 -1 0.9524570386310537 0.9841577821841783 
211 1 0.26504046430058487 0.5588697382616158 
212 -1 0.7110767234530694 0.6627730630950076 
213 1 0.14664324091538541 0.7754214941787355 
214 -1 0.9578166793424882 0.2809876664065836 
215 -1 0.9196430618465298 0.828330682416958 
216 1 0.5486012657844339 0.84754608714915 
217 -1 1.1749277769560795 0.46323379327373704 
218 1 0.08730362361424791 0.7544312747925604 
219 1 0.1502082172553732 0.6275505916973357 
220 1 0.18006604323436962 0.699150049105 
221 1 0.10103520410462265 0.6854583241191688 
222 1 0.22250666821636744 0.5770119244522728 
223 1 0.25607938055467655 0.4214917358697789 
224 1 0.015994537514246565 0.8146065937631021 
225 1 0.15277444749357447 0.38978408958381117 
226 1 0.17071761273325148 0.6694810291505542 
227 -1 0.8629172408522585 0.8538361507222195 
228 -1 0.3973816655044382 0.7134595073833462 
229 1 0.145733413391056 0.7079198964786519 
230 -1 1.1599983008114199 0.47959848718730613 
231 1 0.22500670178092194 0.7998039856858496 
232 -1 0.734339893678516 0.921291544206831 
233 -1 1.452856682187907 0.5317272220754172 
234 1 0.19343433768552523 0.4952722758504485 
235 -1 1.2130689771216472 0.760120210820724 
236 1 0.1802642904552017 0.29842655160593173 
237 1 0.07509184140470972 0.7360683562118332 
238 -1 0.8340928435842627 0.4181562639340852 
239 1 0.5458235398287024 0.41002575161533145 
240 -1 1.093907799505924 0.22234340301596267 
241 -1 1.0980193888875676 0.19960535543314775 
242 -1 1.0637040747177335 0.5604313047356164 
243 -1 1.2636261014566257 1.0697947200367297 
244 -1 0.8717917054898214 0.962093913590496 
245 -1 0.7275475126151328 0.38503522533126366 
246 -1 1.152906002320789 0.8254497006896793 
247 -1 1.38626995723044 0.3763964759828487 
248 1 0.09820934622496422 0.7019736918243344 
249 1 0.006626019290630433 0.8274128908910554 
