id label data 
0 1 0.10180029849917704 0.35534598322842753 
1 1 0.15053574727731914 0.8250411309454084 
2 1 0.11415064858388753 0.35919867657133486 
3 -1 1.187182871859831 0.24668363104313978 
4 -1 1.2778662276640071 0.38952166833352847 
5 1 0.42652042774433513 0.25024787018290884 
6 1 0.044634964130918345 0.5496462001072557 
7 1 0.9018041716227262 0.08364336600588158 
8 -1 0.7779252716389634 0.855724142748314 
9 -1 1.1320552490753737 0.007841300784547717 
10 -1 1.091919175381188 0.8816255557865107 
11 1 0.35944862202965916 0.151052518652563 
12 -1 0.9476114298697972 1.0387268769038183 
13 1 0.15056483955908298 0.36144043850325686 
14 -1 0.8802078865619626 0.826648953279749 
15 1 0.14710366671198896 0.7720765536140995 
16 1 0.5071686235462055 0.2571952676212773 
17 -1 0.3882399922552298 0.6282051965623505 
18 -1 1.1747914153024244 0.02638705090860995 
19 -1 1.2422103931194282 0.1134484278384177 
20 1 0.41048207713242507 0.13536671249091017 
21 -1 1.2392225184793473 0.3959954966509707 
22 1 0.5285320517788643 0.8817583799883816 
23 -1 0.8195798379595717 0.9397856550180183 
24 1 0.4000636548313782 0.20286827941819183 
25 -1 0.8922140222298336 0.8799948001430226 
26 -1 0.6473960301939851 0.9381769242808491 
27 1 0.23346475619852275 0.39099609206085684 
28 1 0.09184729299499714 0.3694598672235679 
29 1 0.16852131215052504 0.6340719254114088 
30 1 0.2609652821014302 0.8675969370822728 
31 -1 0.979204565867059 0.15138633025825438 
32 1 0.11858014384146623 0.25549994007333315 
33 1 0.055827137885203396 0.5865829363295543 
34 1 0.45277543594090414 0.34799518073007957 
35 1 0.18030622984260508 0.6097500146363869 
36 -1 1.0557137041540272 0.29802355126643565 
37 -1 1.3349985914956968 1.1000112400600752 
38 1 0.1929163756572219 0.38833625300863583 
39 -1 0.9189474971676571 0.3145098201873915 
40 -1 1.182305523477809 0.0 
41 1 0.20680664580365238 0.5189196257725603 
42 -1 1.1965282606143632 0.11047712104358931 
43 -1 1.029360354686637 1.365635968383155 
44 -1 0.9524570386310537 0.9841577821841783 
45 -1 0.7857414738221355 1.3212180559313813 
46 1 0.08730362361424791 0.7544312747925604 
47 -1 0.8629172408522585 0.8538361507222195 
48 -1 0.3973816655044382 0.7134595073833462 
49 1 0.006626019290630433 0.8274128908910554 
