id label data 
0 1 0.359485113151705 0.7445972674010114 
1 1 0.12201656360340861 0.8218312045549243 
2 -1 1.2499970475383955 0.4309780519844826 
3 1 0.42652042774433513 0.25024787018290884 
4 -1 1.2275682613420276 0.950911034636836 
5 -1 0.7694326430544648 1.3000921442043694 
6 -1 1.2849739123099089 0.7263415369204695 
7 1 0.13043518324259137 0.8374969536465641 
8 1 0.33326960284899304 0.9092805120426972 
9 1 0.06705847678408187 0.556629467462119 
10 -1 0.7414003088121768 0.830478039659023 
11 1 0.12148656082505585 0.7435090322922503 
12 1 0.7796061448992575 0.6434978419555902 
13 -1 1.4650164411046978 0.27311053524175005 
14 -1 1.1063759432223301 0.301808211678979 
15 -1 0.5396332307106673 0.6666333265171542 
16 -1 0.693141454008864 0.8575314958255071 
17 -1 1.44996845497525 0.07461696681934066 
18 -1 1.1897247640828048 0.9245180428499655 
19 1 0.15056483955908298 0.36144043850325686 
20 -1 0.6940247705090041 1.2806944961451943 
21 -1 0.7443589128003927 1.2447823613537652 
22 1 0.41048207713242507 0.13536671249091017 
23 1 0.08289446166584187 1.0107604613780679 
24 1 0.5285320517788643 0.8817583799883816 
25 1 0.07160157515854128 1.0214606780516235 
26 1 0.33631824348113754 0.8460103412130747 
27 -1 1.1968565766136388 1.0517104296026278 
28 -1 0.6473960301939851 0.9381769242808491 
29 -1 0.7151496328758169 0.7630805131434041 
30 1 0.16852131215052504 0.6340719254114088 
31 -1 1.2300758225671495 0.7187749456574577 
32 1 0.2094707619252515 0.22154818487284467 
33 -1 1.0557137041540272 0.29802355126643565 
34 1 0.17180333180636856 0.926395727038216 
35 -1 0.960856934534114 0.6505174271554781 
36 1 0.08517898709755553 0.5833669450363146 
37 1 0.11026559411876645 0.2036414786814468 
38 1 0.35008555552734244 0.9174579304022553 
39 1 0.12124757242085511 0.5553825184263067 
40 -1 0.91831807639597 0.6529158470186206 
41 1 0.21095192299680907 0.4697989548546174 
42 -1 1.084797714138559 0.1395329667451033 
43 -1 1.182305523477809 0.0 
44 1 0.20680664580365238 0.5189196257725603 
45 -1 1.1874183958537015 0.6915813949388919 
46 1 0.14664324091538541 0.7754214941787355 
47 1 0.18006604323436962 0.699150049105 
48 -1 0.8629172408522585 0.8538361507222195 
49 1 0.006626019290630433 0.8274128908910554 
