id label data 
0 1 0.3199492544772873 0.22357821092702163 
1 1 0.11415064858388753 0.35919867657133486 
2 -1 0.7674734916190135 0.39768328506840583 
3 1 0.4345021119485699 0.3288618873344163 
4 1 0.26742804122427183 0.23727885071754976 
5 1 0.24289963699533387 0.8838842104934704 
6 -1 1.1240961148004778 0.051077321061215764 
7 1 0.11212307946673604 0.6973308804561552 
8 1 0.14990458301127055 0.5873489368431816 
9 -1 0.7990148824414607 0.6323505163005212 
10 -1 0.9394551434348474 0.9933377024556437 
11 -1 1.1274428964354408 0.9656655954742778 
12 1 0.2001207531799952 0.8632219349204185 
13 -1 0.7110858096952656 0.8739943240254582 
14 1 0.003736042462249842 0.5250869989051297 
15 1 0.29170106071072294 0.29872478920262946 
16 -1 0.8802078865619626 0.826648953279749 
17 -1 1.1039011900303937 0.5897403857254893 
18 -1 0.3882399922552298 0.6282051965623505 
19 1 0.1398940579801116 0.3186565235655808 
20 1 0.1287980193545381 0.7143640665784075 
21 1 0.054165395073274045 0.664374909590176 
22 -1 1.2392225184793473 0.3959954966509707 
23 -1 0.7984822926980067 0.5691288418421756 
24 -1 0.8195798379595717 0.9397856550180183 
25 1 0.20340852295858197 0.4151021096626679 
26 -1 1.3841747529966226 0.9990713659778501 
27 -1 0.979204565867059 0.15138633025825438 
28 -1 0.931000201840789 0.40966080052085335 
29 1 0.11858014384146623 0.25549994007333315 
30 -1 1.1279592481733132 1.3798168131430253 
31 1 0.055827137885203396 0.5865829363295543 
32 1 0.45277543594090414 0.34799518073007957 
33 1 0.2039845434380789 0.6485403831019927 
34 -1 1.3353247578369938 0.7443599472850284 
35 1 0.14594191586436062 0.31643582795830044 
36 -1 0.7792130674512809 0.10683949851689285 
37 -1 1.2871320703424556 0.1746390043905322 
38 1 0.06748629642516328 0.46010873116139434 
39 1 0.10618516046574872 0.691306791782101 
40 -1 1.0196259677004529 0.5315266173751778 
41 -1 1.08577067433351 0.04761734444560737 
42 -1 0.9524570386310537 0.9841577821841783 
43 -1 0.5487505303865082 1.0098135723600559 
44 -1 1.1749277769560795 0.46323379327373704 
45 1 0.22250666821636744 0.5770119244522728 
46 -1 0.734339893678516 0.921291544206831 
47 1 0.19343433768552523 0.4952722758504485 
48 1 0.5458235398287024 0.41002575161533145 
49 -1 1.2636261014566257 1.0697947200367297 
