id label data 
0 -1 0.622145016168142 0.29754874877930293 
1 -1 0.6453983662739644 0.18697712740271913 
2 1 0.359485113151705 0.7445972674010114 
3 -1 1.3693414976943126 0.6759411969786293 
4 -1 1.138124375178039 1.1994591366664575 
5 1 0.035136283956924995 0.4413841581250834 
6 -1 1.5245260379963128 0.3912180016358731 
7 1 0.12148656082505585 0.7435090322922503 
8 1 0.14990458301127055 0.5873489368431816 
9 -1 1.1043479469461224 1.218496163092012 
10 -1 0.6383388801719405 0.913246367057651 
11 1 0.3287349189155662 0.7967460050611296 
12 -1 1.1274428964354408 0.9656655954742778 
13 1 0.2606094719779131 0.6402824494663732 
14 1 0.3615696885809517 0.23701945250631917 
15 -1 0.9257699663352615 0.5901404866593734 
16 -1 1.1039011900303937 0.5897403857254893 
17 -1 1.156710003198079 1.0036424795830419 
18 1 0.5149242075100848 1.0145097593999137 
19 -1 0.7245949479582777 0.7961203186934692 
20 1 0.1287980193545381 0.7143640665784075 
21 1 0.054165395073274045 0.664374909590176 
22 1 0.45658361935593733 0.9374361653089811 
23 1 0.30529880933292114 0.582509326997522 
24 -1 1.2279245166686092 0.570580981782879 
25 1 0.05871507659013704 0.5749369165022608 
26 -1 1.3186287886728751 0.45775148290422574 
27 -1 0.9672991068205934 1.131404578715221 
28 1 0.11976028082260942 0.40319890538599185 
29 1 0.1842509955651352 0.3982361800357882 
30 1 0.2023321221768125 0.952872175715569 
31 1 0.2094707619252515 0.22154818487284467 
32 -1 0.6218431917216003 0.7628951667554964 
33 -1 1.3353247578369938 0.7443599472850284 
34 1 0.4695060127958403 0.8580975627675954 
35 -1 0.8452182600251826 1.1790610926956344 
36 -1 0.7792130674512809 0.10683949851689285 
37 -1 1.0227840015156513 1.1045480345788141 
38 1 0.1810215327508704 0.5614553985546114 
39 -1 1.0292943352925419 0.9749069257549136 
40 1 0.12124757242085511 0.5553825184263067 
41 1 0.10618516046574872 0.691306791782101 
42 -1 1.1458135314886342 0.3863363577297532 
43 -1 1.0192740249427443 0.5784790486572758 
44 -1 1.1874183958537015 0.6915813949388919 
45 -1 1.08577067433351 0.04761734444560737 
46 1 0.26504046430058487 0.5588697382616158 
47 1 0.19343433768552523 0.4952722758504485 
48 1 0.1802642904552017 0.29842655160593173 
49 -1 1.38626995723044 0.3763964759828487 
