id label data 
0 1 0.2207608891004687 0.4843919579846789 
1 1 0.12201656360340861 0.8218312045549243 
2 -1 1.3693414976943126 0.6759411969786293 
3 1 0.044634964130918345 0.5496462001072557 
4 -1 1.138124375178039 1.1994591366664575 
5 1 0.007440242436720898 0.6362762700812538 
6 1 0.035136283956924995 0.4413841581250834 
7 -1 0.7694326430544648 1.3000921442043694 
8 -1 1.5245260379963128 0.3912180016358731 
9 -1 0.9182310758565763 1.1568233249693352 
10 -1 1.1063759432223301 0.301808211678979 
11 -1 0.47549089193276195 0.8910794132949139 
12 1 0.14281402540006943 0.27447687983063535 
13 -1 1.1897247640828048 0.9245180428499655 
14 -1 0.8154482344625015 0.1852624945171347 
15 -1 0.8802078865619626 0.826648953279749 
16 -1 1.156710003198079 1.0036424795830419 
17 -1 1.1747914153024244 0.02638705090860995 
18 1 0.1287980193545381 0.7143640665784075 
19 1 0.2176206818126687 0.22709859531568372 
20 1 0.15956130265933385 0.8997901563322851 
21 1 0.4000636548313782 0.20286827941819183 
22 -1 0.9557157259854815 0.1357588463913566 
23 -1 1.3186287886728751 0.45775148290422574 
24 1 0.16852131215052504 0.6340719254114088 
25 1 0.0997435534740412 0.7285197852329943 
26 1 0.11858014384146623 0.25549994007333315 
27 1 0.11976028082260942 0.40319890538599185 
28 -1 1.2548125309859093 0.2378384302803937 
29 -1 1.2230437828429672 0.57714290846391 
30 1 0.18030622984260508 0.6097500146363869 
31 1 0.2039845434380789 0.6485403831019927 
32 1 0.2906655823859828 0.39646887083925864 
33 -1 0.7723954866227816 1.1844474256382753 
34 -1 1.0557137041540272 0.29802355126643565 
35 1 0.4695060127958403 0.8580975627675954 
36 -1 0.5103664846482203 0.7867328329481224 
37 -1 1.182305523477809 0.0 
38 -1 1.1458135314886342 0.3863363577297532 
39 -1 0.9404672848613405 0.22902956258708734 
40 -1 1.1874183958537015 0.6915813949388919 
41 -1 0.7857414738221355 1.3212180559313813 
42 -1 0.9578166793424882 0.2809876664065836 
43 1 0.5486012657844339 0.84754608714915 
44 1 0.22250666821636744 0.5770119244522728 
45 -1 0.8629172408522585 0.8538361507222195 
46 -1 0.3973816655044382 0.7134595073833462 
47 1 0.145733413391056 0.7079198964786519 
48 1 0.07509184140470972 0.7360683562118332 
49 1 0.5458235398287024 0.41002575161533145 
