id label data 
0 -1 0.9018658439867353 0.7616194046388332 
1 -1 0.622145016168142 0.29754874877930293 
2 -1 0.6453983662739644 0.18697712740271913 
3 1 0.2207608891004687 0.4843919579846789 
4 1 0.46626712773353507 0.36801448087290356 
5 -1 1.3693414976943126 0.6759411969786293 
6 1 0.01282351716023628 0.6854130863715657 
7 -1 1.1802270684600373 0.4557344918618058 
8 1 0.42294139727539654 0.8880919482172875 
9 -1 1.0696910090812264 1.2583007957346097 
10 1 0.328071128341334 0.9254624143782318 
11 1 0.22437800994506923 0.7900608390839892 
12 -1 1.1043479469461224 1.218496163092012 
13 -1 1.091919175381188 0.8816255557865107 
14 1 0.14281402540006943 0.27447687983063535 
15 -1 0.2786329493957516 0.8565477567942018 
16 -1 0.9476114298697972 1.0387268769038183 
17 1 0.15149611579420108 0.3605252547739756 
18 1 0.3615696885809517 0.23701945250631917 
19 -1 1.156710003198079 1.0036424795830419 
20 -1 1.1747914153024244 0.02638705090860995 
21 1 0.5149242075100848 1.0145097593999137 
22 1 0.4055321383261505 0.38814562185650286 
23 1 0.15956130265933385 0.8997901563322851 
24 1 0.10010231535360727 0.6166474375151986 
25 -1 1.2279245166686092 0.570580981782879 
26 1 0.046205265997112 0.6564318396946509 
27 -1 0.9943220077205475 0.9780779280248629 
28 -1 1.3178220829517342 0.6183221258884385 
29 1 0.2609652821014302 0.8675969370822728 
30 -1 1.1755437921385503 0.04473720587254479 
31 1 0.0997435534740412 0.7285197852329943 
32 -1 0.3708987440589156 0.5625991315851766 
33 -1 1.0099830555090992 0.673423740216877 
34 1 0.22702304243961788 0.47769438637977435 
35 -1 1.3459196942371563 0.5769517127675082 
36 1 0.18030622984260508 0.6097500146363869 
37 1 0.1597710655025326 0.692487169744345 
38 1 0.3708850314792849 1.2182227230648182 
39 1 0.1929163756572219 0.38833625300863583 
40 1 0.13985876170139128 0.41596809641699645 
41 -1 1.135983709011779 1.0176263902936478 
42 -1 1.1458135314886342 0.3863363577297532 
43 -1 1.1965282606143632 0.11047712104358931 
44 1 0.015994537514246565 0.8146065937631021 
45 -1 1.452856682187907 0.5317272220754172 
46 -1 1.2130689771216472 0.760120210820724 
47 1 0.1802642904552017 0.29842655160593173 
48 -1 1.152906002320789 0.8254497006896793 
49 -1 1.38626995723044 0.3763964759828487 
