id label data 
0 -1 0.9018658439867353 0.7616194046388332 
1 1 0.2207608891004687 0.4843919579846789 
2 -1 0.7674734916190135 0.39768328506840583 
3 -1 1.2499970475383955 0.4309780519844826 
4 -1 1.5707963267948966 0.2958530039760289 
5 1 0.26742804122427183 0.23727885071754976 
6 -1 0.6384178928995341 0.3747884935697103 
7 -1 0.7694326430544648 1.3000921442043694 
8 1 0.42294139727539654 0.8880919482172875 
9 1 0.328071128341334 0.9254624143782318 
10 -1 1.2295852254204376 0.15187079905665593 
11 1 0.13043518324259137 0.8374969536465641 
12 1 0.33326960284899304 0.9092805120426972 
13 1 0.06705847678408187 0.556629467462119 
14 -1 1.4650164411046978 0.27311053524175005 
15 -1 1.001325969753696 0.762890042964715 
16 -1 0.5396332307106673 0.6666333265171542 
17 -1 0.2786329493957516 0.8565477567942018 
18 -1 0.7110858096952656 0.8739943240254582 
19 -1 0.7747844631639781 0.31544235496637757 
20 -1 1.226457549657967 1.1411503199055908 
21 -1 1.2376612278604078 0.23834686554327375 
22 -1 1.1606413625734375 0.9618330019943676 
23 1 0.10010231535360727 0.6166474375151986 
24 -1 1.1449814061488268 0.1257552922284011 
25 -1 0.7151496328758169 0.7630805131434041 
26 -1 1.090017077456738 1.1357083496416451 
27 1 0.0997435534740412 0.7285197852329943 
28 -1 0.3708987440589156 0.5625991315851766 
29 1 0.09666724704943415 0.599818449115207 
30 -1 1.2548125309859093 0.2378384302803937 
31 -1 1.3459196942371563 0.5769517127675082 
32 -1 0.6470878432641499 0.7577892258679855 
33 1 0.2039845434380789 0.6485403831019927 
34 1 0.3122502755049941 0.4523412340329903 
35 1 0.17180333180636856 0.926395727038216 
36 1 0.08517898709755553 0.5833669450363146 
37 1 0.35008555552734244 0.9174579304022553 
38 1 0.13985876170139128 0.41596809641699645 
39 -1 0.5103664846482203 0.7867328329481224 
40 -1 0.9793252002869605 0.10604328434966251 
41 1 0.06748629642516328 0.46010873116139434 
42 -1 1.3687442582366212 1.1835770644065882 
43 1 0.31521973353268373 0.7278217842115597 
44 1 0.14664324091538541 0.7754214941787355 
45 -1 0.9196430618465298 0.828330682416958 
46 1 0.5486012657844339 0.84754608714915 
47 1 0.17071761273325148 0.6694810291505542 
48 -1 1.0980193888875676 0.19960535543314775 
49 -1 1.2636261014566257 1.0697947200367297 
