id label data 
0 1 0.3199492544772873 0.22357821092702163 
1 -1 1.0021982790547024 0.4015413528049374 
2 -1 0.9575520774964632 0.20113670631075217 
3 -1 1.3789898004564234 0.7578751623143218 
4 1 0.3846481139997032 0.775284607174906 
5 1 0.24289963699533387 0.8838842104934704 
6 1 0.01282351716023628 0.6854130863715657 
7 -1 1.2849739123099089 0.7263415369204695 
8 -1 1.1802270684600373 0.4557344918618058 
9 1 0.09881841398417214 0.34570389317479316 
10 1 0.1451603886802491 0.472243081092628 
11 1 0.36862721286300554 1.0377461473902825 
12 1 0.22437800994506923 0.7900608390839892 
13 -1 0.5418269471280245 0.9396760461461094 
14 -1 0.9875271436341542 1.2956105764745938 
15 -1 1.5153512122251485 0.3734092378560541 
16 -1 1.1063759432223301 0.301808211678979 
17 -1 0.48748068434394254 0.9124078063259363 
18 -1 0.7990148824414607 0.6323505163005212 
19 -1 0.9394551434348474 0.9933377024556437 
20 1 0.14281402540006943 0.27447687983063535 
21 -1 1.0056963709846192 0.7528145744844577 
22 1 0.15149611579420108 0.3605252547739756 
23 -1 0.6153573922373758 0.80355599106237 
24 1 0.4055321383261505 0.38814562185650286 
25 1 0.2176206818126687 0.22709859531568372 
26 1 0.33631824348113754 0.8460103412130747 
27 -1 1.1968565766136388 1.0517104296026278 
28 -1 0.9943220077205475 0.9780779280248629 
29 -1 0.7067916982567076 0.1499726186917504 
30 1 0.21665115860939058 0.6788293859499737 
31 1 0.2329047201959861 0.27693778354233844 
32 -1 1.1279592481733132 1.3798168131430253 
33 1 0.22702304243961788 0.47769438637977435 
34 1 0.1074094315496452 0.6760126637067766 
35 1 0.2906655823859828 0.39646887083925864 
36 -1 0.7723954866227816 1.1844474256382753 
37 -1 1.2300758225671495 0.7187749456574577 
38 -1 0.960856934534114 0.6505174271554781 
39 1 0.08376772696913362 0.7138889195359364 
40 -1 1.2871320703424556 0.1746390043905322 
41 -1 0.9404672848613405 0.22902956258708734 
42 1 0.2522378030276445 0.6582295937105697 
43 -1 0.9578166793424882 0.2809876664065836 
44 1 0.10103520410462265 0.6854583241191688 
45 1 0.145733413391056 0.7079198964786519 
46 1 0.11537039046120957 0.5072639862560517 
47 -1 1.093907799505924 0.22234340301596267 
48 -1 1.0637040747177335 0.5604313047356164 
49 1 0.09820934622496422 0.7019736918243344 
