id label data 
0 1 0.10180029849917704 0.35534598322842753 
1 1 0.15053574727731914 0.8250411309454084 
2 -1 0.9018658439867353 0.7616194046388332 
3 1 0.3199492544772873 0.22357821092702163 
4 1 0.11425968957997719 0.8890050242657153 
5 -1 0.622145016168142 0.29754874877930293 
6 -1 0.6453983662739644 0.18697712740271913 
7 1 0.11415064858388753 0.35919867657133486 
8 1 0.14184696075255776 0.626429113382057 
9 1 0.2207608891004687 0.4843919579846789 
10 1 0.09412940729653879 0.6970839330382874 
11 -1 0.7674734916190135 0.39768328506840583 
12 1 0.46626712773353507 0.36801448087290356 
13 -1 1.0021982790547024 0.4015413528049374 
14 -1 0.9575520774964632 0.20113670631075217 
15 1 0.359485113151705 0.7445972674010114 
16 1 0.12201656360340861 0.8218312045549243 
17 -1 1.187182871859831 0.24668363104313978 
18 -1 1.2499970475383955 0.4309780519844826 
19 -1 1.2778662276640071 0.38952166833352847 
20 -1 1.5707963267948966 0.2958530039760289 
21 1 0.30884991983556814 0.21942180755881405 
22 -1 1.3789898004564234 0.7578751623143218 
23 1 0.3846481139997032 0.775284607174906 
24 -1 1.3693414976943126 0.6759411969786293 
25 1 0.42652042774433513 0.25024787018290884 
26 -1 1.220686785639727 0.9171527107274431 
27 1 0.044634964130918345 0.5496462001072557 
28 1 0.26742804122427183 0.23727885071754976 
29 1 0.24289963699533387 0.8838842104934704 
30 -1 1.138124375178039 1.1994591366664575 
31 1 0.007440242436720898 0.6362762700812538 
32 1 0.9018041716227262 0.08364336600588158 
33 -1 1.2275682613420276 0.950911034636836 
34 -1 1.1240961148004778 0.051077321061215764 
35 1 0.01282351716023628 0.6854130863715657 
36 1 0.035136283956924995 0.4413841581250834 
37 -1 0.7694326430544648 1.3000921442043694 
38 -1 1.2849739123099089 0.7263415369204695 
39 1 0.11212307946673604 0.6973308804561552 
40 -1 1.1802270684600373 0.4557344918618058 
41 1 0.09881841398417214 0.34570389317479316 
42 1 0.42294139727539654 0.8880919482172875 
43 1 0.1451603886802491 0.472243081092628 
44 -1 1.5245260379963128 0.3912180016358731 
45 1 0.328071128341334 0.9254624143782318 
46 -1 0.7779252716389634 0.855724142748314 
47 1 0.36862721286300554 1.0377461473902825 
48 1 0.18719527418033788 0.5242292637450433 
49 -1 1.2295852254204376 0.15187079905665593 
50 -1 0.9182310758565763 1.1568233249693352 
51 1 0.13043518324259137 0.8374969536465641 
52 1 0.22437800994506923 0.7900608390839892 
53 -1 0.5418269471280245 0.9396760461461094 
54 1 0.06705847678408187 0.556629467462119 
55 1 0.1730342887471763 0.3013269720119047 
56 1 0.7796061448992575 0.6434978419555902 
57 -1 0.9875271436341542 1.2956105764745938 
58 1 0.14990458301127055 0.5873489368431816 
59 -1 1.5153512122251485 0.3734092378560541 
60 -1 1.1043479469461224 1.218496163092012 
61 -1 1.4650164411046978 0.27311053524175005 
62 -1 1.091919175381188 0.8816255557865107 
63 -1 1.1063759432223301 0.301808211678979 
64 1 0.19613314198193077 0.8209810206678374 
65 -1 0.47549089193276195 0.8910794132949139 
66 -1 0.48748068434394254 0.9124078063259363 
67 -1 0.7990148824414607 0.6323505163005212 
68 -1 1.001325969753696 0.762890042964715 
69 -1 0.5396332307106673 0.6666333265171542 
70 -1 0.9394551434348474 0.9933377024556437 
71 -1 0.6383388801719405 0.913246367057651 
72 1 0.14281402540006943 0.27447687983063535 
73 1 0.35944862202965916 0.151052518652563 
74 1 0.3287349189155662 0.7967460050611296 
75 -1 1.0474845099557764 0.6037403345562665 
76 -1 1.44996845497525 0.07461696681934066 
77 -1 1.1897247640828048 0.9245180428499655 
78 -1 0.8154482344625015 0.1852624945171347 
79 1 0.2001207531799952 0.8632219349204185 
80 -1 0.2786329493957516 0.8565477567942018 
81 -1 0.7110858096952656 0.8739943240254582 
82 -1 1.1642426231263834 0.9357786352371704 
83 -1 0.9476114298697972 1.0387268769038183 
84 1 0.05116214730863437 0.7105926066492894 
85 -1 0.8802078865619626 0.826648953279749 
86 -1 1.184049982318927 0.3964961904157726 
87 1 0.15149611579420108 0.3605252547739756 
88 1 0.2606094719779131 0.6402824494663732 
89 -1 1.226457549657967 1.1411503199055908 
90 -1 0.6153573922373758 0.80355599106237 
91 1 0.14710366671198896 0.7720765536140995 
92 -1 1.1444340343409387 0.25216956744288815 
93 -1 0.9257699663352615 0.5901404866593734 
94 -1 1.1039011900303937 0.5897403857254893 
95 1 0.5071686235462055 0.2571952676212773 
96 -1 1.114311289593126 0.35031802817512825 
97 -1 1.2376612278604078 0.23834686554327375 
98 -1 0.3882399922552298 0.6282051965623505 
99 -1 1.156710003198079 1.0036424795830419 
100 -1 1.4405806776661503 0.4926599467779916 
101 -1 1.1747914153024244 0.02638705090860995 
102 -1 1.2422103931194282 0.1134484278384177 
103 -1 1.1606413625734375 0.9618330019943676 
104 1 0.22867639638424198 0.8836257576572962 
105 1 0.4055321383261505 0.38814562185650286 
106 -1 0.6940247705090041 1.2806944961451943 
107 -1 0.7443589128003927 1.2447823613537652 
108 -1 0.7245949479582777 0.7961203186934692 
109 1 0.1287980193545381 0.7143640665784075 
110 1 0.2176206818126687 0.22709859531568372 
111 1 0.41048207713242507 0.13536671249091017 
112 -1 1.2392225184793473 0.3959954966509707 
113 1 0.45658361935593733 0.9374361653089811 
114 1 0.15956130265933385 0.8997901563322851 
115 1 0.30529880933292114 0.582509326997522 
116 1 0.22068145509913797 0.4955687655877086 
117 1 0.36106480513292855 0.3420420142227369 
118 1 0.08289446166584187 1.0107604613780679 
119 1 0.5285320517788643 0.8817583799883816 
120 1 0.008238680492229143 0.5927376632503085 
121 1 0.10010231535360727 0.6166474375151986 
122 1 0.07160157515854128 1.0214606780516235 
123 -1 0.8195798379595717 0.9397856550180183 
124 1 0.33631824348113754 0.8460103412130747 
125 1 0.4000636548313782 0.20286827941819183 
126 -1 1.1968565766136388 1.0517104296026278 
127 -1 0.6473960301939851 0.9381769242808491 
128 -1 0.9557157259854815 0.1357588463913566 
129 -1 0.9943220077205475 0.9780779280248629 
130 1 0.05871507659013704 0.5749369165022608 
131 1 0.20340852295858197 0.4151021096626679 
132 -1 1.1449814061488268 0.1257552922284011 
133 -1 0.7151496328758169 0.7630805131434041 
134 1 0.21665115860939058 0.6788293859499737 
135 1 0.09184729299499714 0.3694598672235679 
136 -1 1.3841747529966226 0.9990713659778501 
137 1 0.2329047201959861 0.27693778354233844 
138 -1 1.3186287886728751 0.45775148290422574 
139 -1 1.3178220829517342 0.6183221258884385 
140 1 0.16852131215052504 0.6340719254114088 
141 -1 0.9672991068205934 1.131404578715221 
142 -1 1.090017077456738 1.1357083496416451 
143 -1 0.6383183438197421 0.41910682315490944 
144 1 0.2609652821014302 0.8675969370822728 
145 -1 1.1755437921385503 0.04473720587254479 
146 -1 0.979204565867059 0.15138633025825438 
147 1 0.11858014384146623 0.25549994007333315 
148 -1 1.1279592481733132 1.3798168131430253 
149 1 0.055827137885203396 0.5865829363295543 
150 -1 0.3708987440589156 0.5625991315851766 
151 1 0.1842509955651352 0.3982361800357882 
152 1 0.22702304243961788 0.47769438637977435 
153 1 0.09666724704943415 0.599818449115207 
154 -1 1.2548125309859093 0.2378384302803937 
155 1 0.45277543594090414 0.34799518073007957 
156 -1 1.2230437828429672 0.57714290846391 
157 1 0.06931685071042125 0.6877367437493909 
158 -1 1.3459196942371563 0.5769517127675082 
159 -1 0.6470878432641499 0.7577892258679855 
160 1 0.1074094315496452 0.6760126637067766 
161 1 0.04096534433386852 0.3630773164084078 
162 1 0.2039845434380789 0.6485403831019927 
163 1 0.2906655823859828 0.39646887083925864 
164 1 0.2023321221768125 0.952872175715569 
165 -1 0.7723954866227816 1.1844474256382753 
166 -1 1.2300758225671495 0.7187749456574577 
167 -1 1.2248333723728946 0.7250920445356436 
168 1 0.2094707619252515 0.22154818487284467 
169 -1 1.0557137041540272 0.29802355126643565 
170 -1 1.3353247578369938 0.7443599472850284 
171 1 0.3708850314792849 1.2182227230648182 
172 -1 0.528654010028473 0.9200957307800517 
173 -1 1.3349985914956968 1.1000112400600752 
174 1 0.17180333180636856 0.926395727038216 
175 1 0.14594191586436062 0.31643582795830044 
176 -1 0.960856934534114 0.6505174271554781 
177 1 0.4695060127958403 0.8580975627675954 
178 -1 0.8452182600251826 1.1790610926956344 
179 1 0.13635933212544582 0.9556496392469414 
180 -1 0.7792130674512809 0.10683949851689285 
181 1 0.45096749869493136 0.20485860817085336 
182 -1 1.0227840015156513 1.1045480345788141 
183 -1 1.034533001295284 1.225366826585528 
184 1 0.1929163756572219 0.38833625300863583 
185 1 0.11026559411876645 0.2036414786814468 
186 1 0.08376772696913362 0.7138889195359364 
187 1 0.33450265856620864 0.6542254346275206 
188 1 0.35008555552734244 0.9174579304022553 
189 1 0.1810215327508704 0.5614553985546114 
190 1 0.24819055741341972 0.7287129788297692 
191 -1 1.0292943352925419 0.9749069257549136 
192 1 0.13985876170139128 0.41596809641699645 
193 1 0.12124757242085511 0.5553825184263067 
194 -1 0.91831807639597 0.6529158470186206 
195 -1 0.5103664846482203 0.7867328329481224 
196 -1 0.9189474971676571 0.3145098201873915 
197 -1 1.135983709011779 1.0176263902936478 
198 1 0.21095192299680907 0.4697989548546174 
199 1 0.1563209786398113 0.5778539873557024 
200 -1 1.084797714138559 0.1395329667451033 
201 1 0.10618516046574872 0.691306791782101 
202 -1 1.182305523477809 0.0 
203 -1 1.1458135314886342 0.3863363577297532 
204 -1 0.9404672848613405 0.22902956258708734 
205 -1 1.0196259677004529 0.5315266173751778 
206 1 0.2522378030276445 0.6582295937105697 
207 1 0.18758188325263506 0.5927647938971741 
208 -1 1.0192740249427443 0.5784790486572758 
209 1 0.20680664580365238 0.5189196257725603 
210 -1 1.1874183958537015 0.6915813949388919 
211 -1 1.3687442582366212 1.1835770644065882 
212 -1 1.1965282606143632 0.11047712104358931 
213 -1 1.08577067433351 0.04761734444560737 
214 -1 1.029360354686637 1.365635968383155 
215 -1 0.9524570386310537 0.9841577821841783 
216 1 0.26504046430058487 0.5588697382616158 
217 -1 0.7857414738221355 1.3212180559313813 
218 -1 0.5487505303865082 1.0098135723600559 
219 1 0.31521973353268373 0.7278217842115597 
220 1 0.14664324091538541 0.7754214941787355 
221 -1 0.9578166793424882 0.2809876664065836 
222 -1 0.9196430618465298 0.828330682416958 
223 1 0.5486012657844339 0.84754608714915 
224 -1 1.1749277769560795 0.46323379327373704 
225 1 0.1502082172553732 0.6275505916973357 
226 1 0.25607938055467655 0.4214917358697789 
227 1 0.015994537514246565 0.8146065937631021 
228 1 0.17071761273325148 0.6694810291505542 
229 -1 0.8629172408522585 0.8538361507222195 
230 -1 0.3973816655044382 0.7134595073833462 
231 1 0.145733413391056 0.7079198964786519 
232 -1 1.1599983008114199 0.47959848718730613 
233 1 0.22500670178092194 0.7998039856858496 
234 -1 0.734339893678516 0.921291544206831 
235 -1 1.452856682187907 0.5317272220754172 
236 1 0.11537039046120957 0.5072639862560517 
237 1 0.19343433768552523 0.4952722758504485 
238 -1 1.2130689771216472 0.760120210820724 
239 1 0.07509184140470972 0.7360683562118332 
240 -1 0.8340928435842627 0.4181562639340852 
241 1 0.5458235398287024 0.41002575161533145 
242 -1 1.093907799505924 0.22234340301596267 
243 -1 1.0980193888875676 0.19960535543314775 
244 -1 1.0637040747177335 0.5604313047356164 
245 -1 1.2636261014566257 1.0697947200367297 
246 -1 0.7275475126151328 0.38503522533126366 
247 -1 1.152906002320789 0.8254497006896793 
248 -1 1.38626995723044 0.3763964759828487 
249 1 0.006626019290630433 0.8274128908910554 
