57	91	11.996
3	75	11.9951
1	39	11.9941
33	45	11.988
23	93	11.9819
37	39	11.9789
5	79	11.9772
13	21	11.9771
21	53	11.9713
11	19	11.9626
1	37	11.9598
13	53	11.9566
41	83	-11.9363
41	59	-11.9362
7	45	11.9323
67	77	11.929
29	31	11.9248
35	99	11.9233
15	85	11.8998
31	43	11.8977
1	33	11.8932
59	83	11.8908
7	33	11.8688
71	87	11.8687
27	67	11.8651
25	77	11.8584
33	39	11.8479
69	89	11.8464
29	43	11.8463
87	93	11.842
1	45	11.8389
51	53	11.822
47	93	11.813
3	47	11.8108
49	51	11.8022
49	63	11.7999
23	87	11.7951
47	75	11.794
39	45	11.7938
33	61	11.7756
1	61	11.7341
27	77	11.7331
33	37	11.728
23	47	11.725
55	61	-11.7247
37	79	11.7125
21	51	11.7053
73	85	-11.6951
9	59	-11.6877
1	7	11.6811
25	67	11.6753
45	61	11.6749
49	81	11.6724
9	71	-11.6708
47	95	11.6688
61	85	11.6625
39	61	11.6621
31	81	11.6558
37	45	11.6513
7	39	11.6511
11	77	11.6484
15	61	11.6438
31	65	11.6336
25	27	11.6327
13	51	11.6143
37	61	11.6077
5	37	11.6058
43	81	11.5987
15	55	-11.5959
5	57	11.5763
19	77	11.5709
39	79	11.5546
5	55	-11.5401
69	75	11.5349
69	95	11.5194
9	27	-11.5179
35	41	11.5157
1	79	11.5151
5	91	11.4987
27	71	11.4876
71	93	11.4844
35	91	11.481
47	87	11.4793
63	81	11.4766
7	37	11.4763
75	95	11.4734
23	95	11.4674
23	71	11.4647
11	67	11.4645
7	53	11.4641
19	67	11.4628
93	95	11.4516
29	65	11.4436
3	69	11.4435
15	73	-11.4414
5	39	11.4412
9	67	-11.4408
65	81	11.4325
19	83	11.4303
7	13	11.4237
91	99	11.4224
3	95	11.4208
57	79	11.4161
1	5	11.4156
29	97	11.4081
55	79	-11.3988
35	57	11.398
59	67	11.3838
9	41	11.3838
35	59	-11.3795
49	53	11.3545
57	99	11.3509
7	61	11.3402
33	85	11.3303
79	91	11.3259
11	25	11.3176
67	83	11.3167
55	85	-11.3165
51	63	11.3147
5	61	11.3124
3	93	11.3006
29	81	11.2998
9	83	-11.2867
61	79	11.2817
7	21	11.2796
41	91	11.2795
7	51	11.274
45	85	11.2625
75	93	11.2615
1	55	-11.2524
37	55	-11.2469
51	81	11.2417
43	65	11.2092
41	57	11.1984
39	55	-11.1897
9	87	-11.1869
11	83	11.1735
55	57	-11.1723
7	49	11.1581
35	83	-11.1529
47	69	11.1517
3	23	11.1457
19	25	11.132
7	63	11.1274
21	49	11.1273
41	99	11.1226
55	91	-11.1224
23	75	11.1142
27	59	11.1122
33	55	-11.1093
19	59	11.0932
15	33	11.0916
41	67	-11.0878
11	17	11.0795
77	83	11.0743
45	53	11.0739
27	87	11.0688
33	79	11.0684
67	71	11.0618
13	45	11.0509
19	41	-11.0499
83	91	-11.0475
13	49	11.0402
9	77	-11.0398
59	77	11.0397
89	95	11.0369
43	49	11.0079
1	85	11.007
43	97	10.9994
5	33	10.9814
31	97	10.9783
9	35	10.9779
45	63	10.9751
57	83	-10.9741
15	45	10.9727
75	89	10.9655
59	99	-10.9451
45	55	-10.9278
7	85	10.9209
11	27	10.9172
45	79	10.9127
47	71	10.9075
33	53	10.9068
13	33	10.9038
3	87	10.9006
59	91	-10.8963
1	15	10.8899
19	27	10.882
39	85	10.8788
31	49	10.8743
61	73	-10.8722
27	83	10.8661
21	45	10.8657
45	51	10.8647
43	51	10.8595
63	73	-10.8546
11	59	10.8505
3	89	10.8474
45	49	10.8382
59	71	10.8358
33	63	10.8274
13	39	10.8271
87	95	10.8229
75	87	10.8209
53	63	10.8154
5	45	10.8086
57	59	-10.8001
17	19	10.8001
1	13	10.7907
15	39	10.7693
41	77	-10.7586
11	41	-10.7584
37	85	10.7416
27	41	-10.7154
39	53	10.71
21	33	10.7004
83	99	-10.6994
1	53	10.6942
71	77	10.6914
15	37	10.6899
33	51	10.667
9	23	-10.6554
13	37	10.6496
55	83	10.648
33	49	10.6475
63	85	10.6372
33	73	-10.613
9	93	-10.6101
9	25	-10.6028
7	79	10.599
45	73	-10.5987
5	15	10.5898
21	39	10.5696
9	99	10.5657
7	15	10.5505
37	57	10.5465
31	51	10.5392
1	21	10.5386
25	71	10.5362
9	19	-10.5344
41	55	-10.5342
53	81	10.5314
17	25	10.5274
21	63	10.5229
49	65	10.5184
37	53	10.5005
13	63	10.4914
67	87	10.4869
17	77	10.4864
63	65	10.4862
31	63	10.4831
69	93	10.4809
7	55	-10.4586
43	63	10.4566
47	89	10.4563
15	79	10.4549
57	61	10.4484
5	7	10.4483
37	91	10.4319
25	83	10.427
25	59	10.4254
55	73	10.4229
29	49	10.4222
23	69	10.4083
9	11	-10.3951
5	85	10.3876
41	71	-10.381
21	37	10.3766
27	93	10.367
61	91	10.3625
7	73	-10.3425
19	55	10.3255
21	81	10.3133
39	57	10.3123
79	85	10.3052
65	97	10.2969
23	27	10.295
1	57	10.2942
71	83	10.2892
61	63	10.2878
1	51	10.2864
15	19	-10.2729
39	51	10.267
1	63	10.2659
5	35	10.2383
5	41	10.2372
3	71	10.2301
5	99	10.2298
71	95	10.2021
39	91	10.1977
43	53	10.1842
1	91	10.1818
39	63	10.1773
29	51	10.1733
13	81	10.1622
59	87	10.1561
5	83	-10.153
1	49	10.1444
7	81	10.1437
77	87	10.1417
71	75	10.1375
1	73	-10.1292
25	87	10.1283
25	41	-10.1083
35	71	-10.0916
49	73	-10.0913
55	59	10.0906
39	49	10.0887
21	43	10.0869
15	57	10.0822
11	15	-10.0657
17	67	10.0627
13	61	10.0472
15	91	10.0375
79	99	10.0351
11	55	10.0321
15	63	10.0307
53	61	10.0272
35	67	-10.0224
37	51	10.0183
35	79	10.009
49	85	10.0072
9	91	10.0059
15	83	-9.99916
39	73	-9.99057
35	55	-9.97908
41	79	9.96613
29	63	9.96431
51	65	9.93593
37	63	9.92453
81	97	9.89827
49	61	9.89386
9	57	9.89331
79	83	-9.88663
19	91	-9.87721
33	89	-9.86045
27	35	-9.85921
1	89	-9.8577
13	43	9.85427
39	89	-9.8396
45	89	-9.837
9	47	-9.83321
19	57	-9.83182
31	53	9.82818
37	49	9.82797
33	57	9.82736
45	69	-9.82605
21	61	9.82226
37	73	-9.8201
27	47	9.81359
45	81	9.81256
33	69	-9.80938
7	69	-9.80285
37	89	-9.79938
51	61	9.79743
61	89	-9.79372
69	87	9.79195
19	35	-9.7912
55	99	-9.78591
71	99	-9.76847
5	59	-9.76784
3	63	-9.75967
67	93	9.75595
63	75	-9.75332
7	89	-9.75286
19	71	9.75065
89	93	9.74988
15	41	9.74808
53	95	-9.74002
47	49	-9.72554
33	91	9.72349
23	67	9.72277
11	71	9.72174
57	85	9.70772
21	31	9.70407
13	95	-9.69868
23	89	9.69403
41	87	-9.69141
19	85	-9.68693
1	69	-9.68496
13	79	9.68446
21	95	-9.68421
53	85	9.68297
51	95	-9.6826
51	85	9.67427
47	63	-9.67012
39	69	-9.65455
7	95	-9.65237
85	91	9.64991
23	51	-9.64869
49	93	-9.64289
61	83	-9.63743
17	27	9.63438
67	91	-9.62957
45	57	9.62893
51	93	-9.62772
33	81	9.62466
61	69	-9.61863
81	87	-9.61336
13	85	9.60954
49	75	-9.60939
89	97	-9.60693
35	77	-9.60688
3	49	-9.60643
47	51	-9.60328
43	71	-9.60261
23	49	-9.59266
23	59	9.58654
51	73	-9.58534
83	87	9.58487
73	81	-9.58237
31	71	-9.56183
37	69	-9.56125
57	67	-9.55822
35	87	-9.5572
11	91	-9.55338
67	99	-9.55317
43	87	-9.54939
19	61	-9.53656
81	93	-9.53189
47	81	-9.52903
45	91	9.52627
59	93	9.52544
49	95	-9.52108
29	53	9.51433
41	61	9.51412
13	31	9.51389
11	57	-9.51342
59	79	-9.51149
11	85	-9.50876
79	89	-9.50566
29	71	-9.50453
31	87	-9.50248
53	79	9.50186
11	35	-9.49791
25	93	9.4953
15	17	-9.49502
55	89	9.49235
85	89	-9.48966
45	95	-9.48843
49	87	-9.47829
5	19	-9.47815
71	81	-9.47689
5	73	-9.47687
27	29	-9.47573
21	85	9.47047
69	85	-9.46822
23	53	-9.46093
5	89	-9.45813
9	43	9.45614
5	13	9.4561
27	99	-9.4548
9	29	9.45463
13	17	-9.4531
27	31	-9.45072
17	83	9.44859
77	93	9.44792
27	65	-9.44655
23	81	-9.44461
7	75	-9.44329
21	29	9.4369
59	97	-9.43406
3	81	-9.4321
15	49	9.43162
83	97	-9.42492
23	25	9.42264
63	93	-9.41544
63	69	-9.415
17	21	-9.41411
23	77	9.40956
15	89	-9.40909
21	79	9.40824
21	23	-9.40758
83	85	-9.40722
33	95	-9.40558
53	69	-9.40466
75	81	-9.4044
69	97	-9.40428
73	79	-9.40216
53	93	-9.4014
43	93	-9.39925
53	73	-9.39862
45	75	-9.39799
49	69	-9.39521
47	53	-9.39404
77	91	-9.39189
15	59	-9.39102
51	69	-9.39054
3	7	-9.38425
29	87	-9.38223
41	97	9.37107
9	31	9.37089
51	75	-9.36865
51	87	-9.36781
23	43	-9.36756
29	67	-9.36356
13	69	-9.35462
7	47	-9.35447
3	51	-9.34475
19	99	-9.34127
57	77	-9.33977
9	97	9.33745
55	63	-9.33394
3	45	-9.33336
63	95	-9.33251
33	75	-9.33192
21	93	-9.32785
87	99	-9.32617
13	23	-9.32285
7	43	9.32211
11	61	-9.3187
23	63	-9.31445
53	65	9.31365
73	75	9.30635
19	79	-9.30022
55	67	9.29672
53	89	-9.29631
5	53	9.29493
3	73	9.29101
3	27	9.29011
27	91	-9.29001
21	69	-9.28672
27	43	-9.28662
13	89	-9.28333
15	53	9.28322
17	73	9.28162
15	69	-9.27526
13	15	9.27474
21	47	-9.27434
31	93	-9.27395
23	35	-9.27002
55	77	9.27001
65	71	-9.2662
3	33	-9.26438
19	73	9.26132
25	65	-9.25761
63	87	-9.25632
13	73	-9.25433
67	97	-9.2543
9	95	-9.2533
1	95	-9.25151
13	93	-9.25068
31	67	-9.24815
13	47	-9.24758
39	95	-9.24558
65	87	-9.24543
5	11	-9.24505
81	85	9.24287
43	47	-9.24139
13	29	9.23946
7	57	9.23633
75	85	-9.2351
51	89	-9.22393
27	57	-9.21889
17	59	9.21411
21	73	-9.20877
17	85	-9.20736
23	31	-9.20032
21	89	-9.19946
45	47	-9.19667
41	85	9.19569
5	21	9.19332
49	71	-9.19071
65	67	-9.18891
13	55	-9.18769
37	83	-9.18767
3	85	-9.1868
27	75	9.18671
29	77	-9.18244
29	59	-9.18189
69	73	9.18131
15	51	9.18108
23	41	-9.17938
31	47	-9.17904
77	99	-9.17324
47	67	9.17034
17	53	-9.17003
21	65	9.1685
37	41	9.16776
11	73	9.16503
53	75	-9.16458
1	81	9.16265
49	89	-9.16028
7	31	9.15947
55	69	9.15547
27	97	-9.15423
35	93	-9.15368
3	9	-9.14544
65	77	-9.14512
11	87	9.14319
29	93	-9.14217
7	91	9.13768
63	89	-9.13699
19	87	9.13415
69	71	9.1266
71	97	-9.12638
3	53	-9.12229
19	97	-9.12135
15	21	9.12096
39	81	9.12009
37	95	-9.12006
75	97	-9.11882
53	55	-9.11731
9	17	-9.11583
63	79	9.11481
69	79	-9.11393
25	47	9.11378
41	93	-9.11244
11	79	-9.10928
23	99	-9.10662
15	35	9.1064
25	35	-9.10432
59	61	-9.10408
51	71	-9.10263
35	61	9.10129
27	81	-9.10112
43	67	-9.09799
33	47	-9.09697
17	41	-9.09566
87	89	9.09272
3	31	-9.08989
13	65	9.08647
17	95	9.08622
3	97	-9.08603
27	95	9.08112
23	29	-9.08021
49	97	9.07865
11	99	-9.0762
1	83	-9.07425
31	77	-9.07424
81	95	-9.06998
31	75	-9.06704
77	97	-9.06658
61	75	-9.06649
9	75	-9.06568
3	43	-9.06207
7	93	-9.06082
37	99	9.06043
43	59	-9.05598
35	37	9.05484
43	75	-9.05483
15	77	-9.05348
73	89	9.05122
57	73	-9.05121
51	79	9.04864
5	69	-9.04801
1	75	-9.048
7	23	-9.04743
29	47	-9.04651
39	83	-9.04494
53	87	-9.04443
9	55	-9.04243
7	65	9.0423
51	97	9.02849
1	41	9.02827
13	75	-9.02643
23	83	9.026
5	63	9.02542
71	91	-9.02355
73	91	-9.01735
9	81	9.01498
21	75	-9.01273
61	99	9.01204
17	55	9.01189
25	91	-9.00983
39	41	9.00749
3	65	-9.00374
25	29	-9.0037
39	75	-9.00191
29	83	-9.00006
3	61	-8.99703
93	99	-8.99656
69	81	-8.99614
19	37	-8.9931
87	97	-8.99291
3	29	-8.99183
61	81	8.99085
11	97	-8.98935
25	57	-8.98457
31	59	-8.98082
29	75	-8.98066
83	93	8.98046
3	13	-8.97918
15	99	8.97739
21	87	-8.97667
1	3	-8.97611
15	67	-8.97592
25	31	-8.97359
21	55	-8.97241
9	65	8.97115
3	21	-8.97026
29	41	8.96883
47	65	-8.96079
61	95	-8.95775
47	97	-8.95726
43	45	8.95702
65	75	-8.9513
65	93	-8.9503
43	95	-8.94681
49	55	-8.94664
47	77	8.9455
1	19	-8.94513
43	89	-8.93984
43	69	-8.93832
65	73	-8.93765
57	71	-8.93134
3	39	-8.93081
49	79	8.93068
5	67	-8.93048
37	81	8.92169
63	71	-8.91764
19	39	-8.91656
15	75	-8.91374
5	77	-8.91192
17	71	8.90928
29	89	-8.90598
93	97	-8.89089
5	51	8.89061
17	23	8.88796
13	87	-8.88025
11	37	-8.87934
43	77	-8.87481
37	75	-8.87333
51	55	-8.87318
95	97	-8.87218
59	85	-8.86839
35	39	8.86421
17	61	-8.86316
29	69	-8.8615
39	99	8.86095
3	15	-8.86032
1	35	8.85617
33	83	-8.851
23	97	-8.84898
5	9	8.84723
31	45	8.84328
1	99	8.84253
47	73	8.84184
35	97	8.83948
25	55	8.83754
45	93	-8.83669
17	39	-8.83395
41	43	8.83195
77	79	-8.82856
23	65	-8.82812
47	59	8.82803
1	47	-8.82649
1	11	-8.82428
19	33	-8.82386
45	65	8.82133
17	37	-8.81921
73	83	8.81884
57	89	-8.81192
31	69	-8.81157
11	39	-8.81012
23	45	-8.80952
19	29	-8.80874
5	49	8.80864
1	17	-8.80804
3	37	-8.80446
67	79	-8.80435
85	95	-8.80393
25	79	-8.80033
39	47	-8.79786
81	89	-8.79697
33	43	8.79482
43	83	-8.79269
7	29	8.78908
5	25	-8.78834
25	99	-8.78614
37	59	-8.78276
47	85	-8.77409
33	41	8.77373
31	89	-8.77309
11	29	-8.77131
7	17	-8.77095
53	71	-8.77015
67	81	-8.76825
31	83	-8.7618
17	93	8.75757
27	55	8.75724
89	91	-8.75128
3	25	8.75096
31	95	-8.75036
17	33	-8.74947
31	41	8.74591
15	81	8.73993
35	85	8.73958
17	45	-8.73754
21	71	-8.73393
25	97	-8.72682
33	93	-8.72589
17	87	8.7241
25	95	8.71793
25	43	-8.71764
91	97	8.71747
17	89	8.70612
33	65	8.70605
47	61	-8.70177
11	33	-8.70097
23	33	-8.69834
3	67	8.69682
19	45	-8.69634
85	99	8.69602
31	33	8.69563
45	83	-8.69461
29	95	-8.68902
57	97	8.67862
73	99	-8.67753
73	95	8.67738
25	75	8.67272
31	73	-8.66967
7	87	-8.66525
1	59	-8.664
63	97	8.66391
9	79	8.66354
37	47	-8.66325
41	73	-8.65704
17	69	8.6517
15	25	-8.65091
17	51	-8.65064
9	49	8.64962
39	59	-8.64691
11	23	8.64617
9	51	8.63976
25	81	-8.63228
11	93	8.62728
67	95	8.62478
13	71	-8.62318
41	45	8.62239
21	97	8.62033
67	75	8.61754
19	23	8.61546
35	43	8.61517
77	81	-8.61342
59	65	-8.61227
53	97	8.61017
5	27	-8.6023
43	73	-8.60128
19	31	-8.60094
77	85	-8.60001
19	93	8.59742
11	45	-8.59317
27	49	-8.59016
61	77	-8.58881
11	31	-8.58793
11	65	-8.5852
29	35	8.57609
55	97	-8.5752
97	99	8.56676
17	79	-8.56538
79	95	-8.56108
15	95	-8.5582
35	73	-8.55484
71	89	8.55442
61	67	-8.55232
87	91	-8.55207
33	35	8.55037
35	47	-8.5488
25	37	-8.54597
55	75	8.54322
3	77	8.54164
9	15	8.53937
39	65	8.53189
67	85	-8.52895
5	17	-8.52804
19	65	-8.52676
33	99	8.52586
27	79	-8.52544
77	95	8.5233
1	65	8.52213
29	45	8.51278
17	47	8.50963
41	47	-8.50523
65	85	8.5029
1	93	-8.49465
37	77	-8.49404
59	81	-8.49288
1	43	8.49266
17	35	-8.49087
47	99	-8.48844
19	43	-8.48752
37	65	8.48502
13	25	-8.48399
1	23	-8.48373
3	55	8.4832
57	87	-8.48162
39	93	-8.47911
39	43	8.47676
23	39	-8.47191
75	77	8.47122
15	47	-8.46851
15	27	-8.4655
45	87	-8.46541
33	59	-8.46432
5	95	-8.46257
13	97	8.46179
65	69	-8.46116
65	83	-8.45987
11	43	-8.44989
75	79	-8.44932
31	35	8.44807
13	57	8.44617
27	63	-8.44586
27	51	-8.4425
25	39	-8.44208
73	93	8.43926
59	95	8.43789
55	95	8.43753
7	19	-8.43479
43	99	8.4306
21	25	-8.43032
59	73	8.42914
47	83	8.42784
35	45	8.42619
11	13	-8.42547
41	65	8.4159
1	31	8.41537
45	99	8.40888
57	69	-8.40849
31	85	8.40809
31	39	8.40311
65	95	-8.4023
3	79	-8.40111
43	85	8.40109
39	77	-8.39778
29	33	8.39599
5	75	-8.3905
37	67	-8.39015
1	25	-8.38804
7	11	-8.38662
7	83	-8.38637
13	91	8.37959
1	77	-8.3758
65	79	8.37351
9	21	8.3723
23	73	8.37223
29	99	8.37185
33	87	-8.37148
11	21	-8.37122
9	53	8.36813
17	99	-8.36568
27	69	8.36567
9	63	8.36327
37	93	-8.3624
29	73	-8.36042
69	91	-8.35891
17	91	-8.3575
23	37	-8.35653
53	57	8.35613
85	93	-8.35572
25	61	-8.35541
3	59	8.35539
9	69	-8.35477
17	57	-8.34902
45	59	-8.3487
79	81	8.34866
37	43	8.34516
3	5	-8.34297
15	97	8.34085
7	71	-8.33965
73	77	8.33943
65	89	-8.33853
7	41	8.33703
9	61	8.33498
61	93	-8.33114
5	97	8.3248
57	63	8.32346
35	95	-8.32287
55	81	-8.32234
61	65	8.32049
25	53	-8.31944
25	85	-8.3135
43	61	8.31263
13	19	-8.30756
59	75	8.30751
13	77	-8.29923
21	57	8.29914
53	91	8.29913
23	61	-8.29851
23	85	-8.29758
49	67	-8.29719
39	67	-8.29632
31	37	8.29548
31	99	8.29276
55	71	8.29275
23	91	-8.28949
41	81	8.28851
1	67	-8.28661
65	99	8.28348
5	65	8.28252
17	75	8.28177
21	27	-8.27984
63	91	8.2773
3	99	-8.27719
21	77	-8.27602
81	83	-8.27549
35	65	8.27112
31	61	8.26657
95	99	-8.26636
9	13	8.26529
5	81	8.26396
83	89	8.26054
17	49	-8.25711
27	53	-8.25689
19	89	8.25448
19	21	-8.25442
29	91	8.25405
11	53	-8.25221
73	87	8.25179
11	47	8.25153
3	17	8.25148
67	73	8.25135
13	27	-8.24686
21	91	8.24658
25	69	8.24431
91	93	-8.24307
75	99	-8.23591
23	57	-8.23465
47	55	8.22866
79	97	8.22801
41	89	-8.22696
41	95	-8.22647
3	35	-8.22638
47	79	-8.22593
11	89	8.22373
25	49	-8.22099
29	57	8.21996
9	85	8.21962
7	35	8.21834
57	65	8.21766
51	67	-8.21739
19	47	8.21716
7	99	8.21219
65	91	8.21173
5	71	-8.21102
33	77	-8.20838
17	63	-8.20315
27	61	-8.20133
15	65	8.20011
61	97	8.19855
1	29	8.19841
35	81	8.19523
25	89	8.19397
25	51	-8.19383
57	93	-8.19378
29	39	8.19293
49	59	-8.19135
51	59	-8.19127
29	85	8.19007
21	67	-8.18983
35	75	-8.18847
1	87	-8.18738
53	77	-8.18435
49	77	-8.18409
45	71	-8.18343
43	91	8.18323
27	37	-8.18108
27	85	-8.17949
13	67	-8.1793
11	95	8.17746
25	33	-8.17733
63	67	-8.17709
39	87	-8.17699
17	65	-8.1737
9	37	8.17315
51	57	8.17101
19	53	-8.16803
11	81	-8.16615
19	81	-8.16439
5	47	-8.1643
25	73	8.16234
17	97	-8.16196
25	63	-8.15997
15	31	8.15936
85	97	8.15613
83	95	8.15504
3	41	-8.15401
15	43	8.15394
85	87	-8.15187
43	57	8.14917
7	59	-8.14856
33	67	-8.14844
45	77	-8.14829
49	57	8.14829
17	29	-8.14557
81	99	8.14394
25	45	-8.14372
7	25	-8.14343
51	77	-8.1434
15	93	-8.13969
51	91	8.13721
71	79	-8.13662
53	67	-8.13465
35	51	8.13308
31	91	8.12928
3	83	8.12456
41	75	-8.1244
29	37	8.12292
33	71	-8.12246
7	97	8.11776
35	89	-8.11552
49	91	8.11519
1	9	8.11513
89	99	-8.11142
27	39	-8.11069
9	39	8.1086
61	87	-8.10715
63	77	-8.10652
17	43	-8.10635
37	87	-8.10601
29	61	8.10472
31	57	8.1047
15	23	-8.10417
19	63	-8.10031
75	83	8.09887
19	95	8.09826
27	89	8.09676
17	31	-8.09622
1	27	-8.09224
67	69	8.09178
45	67	-8.0911
41	51	8.09066
59	89	8.08991
51	99	8.08606
21	35	8.08598
41	49	8.08494
15	71	-8.08229
9	89	-8.08067
21	99	8.07998
19	69	8.078
7	77	-8.07725
15	29	8.07489
69	77	8.07372
35	53	8.07365
11	69	8.07202
29	55	-8.07084
49	83	-8.06958
69	83	8.06706
55	87	8.06675
11	63	-8.06537
63	99	8.06319
43	55	-8.06172
53	99	8.06035
35	49	8.05801
71	73	8.05732
45	97	8.05698
9	33	8.05686
21	59	-8.05463
63	83	-8.0538
13	99	8.05342
57	75	-8.05232
37	97	8.05192
33	97	8.05134
27	73	8.05123
41	69	-8.05075
13	35	8.05068
59	63	-8.05027
55	93	8.04991
77	89	8.04979
3	11	8.04932
31	79	8.04905
7	9	8.04876
51	83	-8.04812
53	59	-8.04803
9	73	-8.04658
11	51	-8.04622
1	97	8.04488
3	57	-8.04424
23	55	8.04338
79	93	-8.04113
3	19	8.03999
57	95	-8.03855
9	45	8.03716
15	87	-8.03694
55	65	-8.03693
75	91	-8.03653
23	79	-8.03624
61	71	-8.0361
39	97	8.03542
59	69	8.034
73	97	-8.03383
17	81	-8.03347
43	79	8.03326
31	55	-8.0332
71	85	-8.03278
3	91	-8.03181
11	75	8.03057
5	87	-8.02909
49	99	8.02844
91	95	-8.02696
7	27	-8.02643
41	63	8.02634
1	71	-8.02597
19	75	8.02398
47	91	-8.02362
39	71	-8.02159
7	67	-8.02023
13	83	-8.0191
19	51	-8.01602
5	31	8.01578
5	23	-8.01568
5	93	-8.01522
13	59	-8.01458
5	43	8.01367
41	53	8.01351
79	87	-8.01318
47	57	-8.0115
35	63	8.01148
27	33	-8.0111
19	49	-8.0098
5	29	8.0092
69	99	-8.00858
29	79	8.00811
57	81	8.00757
67	89	8.00706
21	41	8.00702
81	91	8.00457
13	41	8.00426
21	83	-8.00265
53	83	-8.00262
37	71	-8.00228
35	69	-8.00159
27	45	-8.00115
11	49	-8.00085
44	45	6
32	33	6
26	27	6
28	29	6
86	87	6
88	89	6
16	17	6
60	61	6
42	43	6
90	91	6
56	57	6
92	93	6
94	95	6
58	59	6
40	41	6
30	31	6
96	97	6
20	21	6
38	39	6
82	83	6
54	55	6
76	77	6
36	37	6
66	67	6
46	47	6
24	25	6
74	75	6
22	23	6
78	79	6
48	49	6
68	69	6
64	65	6
50	51	6
18	19	6
72	73	6
80	81	6
34	35	6
14	15	6
52	53	6
62	63	6
84	85	6
70	71	6
0	1	6
98	99	6
8	9	6
2	3	6
6	7	6
12	13	6
10	11	6
4	5	6
57	90	5.99802
56	91	5.99802
2	75	5.99755
3	74	5.99755
0	39	5.99706
1	38	5.99706
32	45	5.99402
33	44	5.99402
23	92	5.99095
22	93	5.99095
36	39	5.98946
37	38	5.98946
5	78	5.9886
4	79	5.9886
13	20	5.98856
12	21	5.98856
21	52	5.98566
20	53	5.98566
11	18	5.98131
10	19	5.98131
1	36	5.97992
0	37	5.97992
12	53	5.97829
13	52	5.97829
40	83	-5.96814
41	82	-5.96814
40	59	-5.96808
41	58	-5.96808
6	45	5.96617
7	44	5.96617
66	77	5.96448
67	76	5.96448
29	30	5.96242
28	31	5.96242
34	99	5.96163
35	98	5.96163
15	84	5.9499
14	85	5.9499
30	43	5.94885
31	42	5.94885
0	33	5.94659
1	32	5.94659
59	82	5.94539
58	83	5.94539
7	32	5.9344
6	33	5.9344
71	86	5.93437
70	87	5.93437
26	67	5.93253
27	66	5.93253
25	76	5.92922
24	77	5.92922
32	39	5.92394
33	38	5.92394
68	89	5.9232
69	88	5.9232
28	43	5.92313
29	42	5.92313
86	93	5.92101
87	92	5.92101
1	44	5.91946
0	45	5.91946
51	52	5.91101
50	53	5.91101
46	93	5.9065
47	92	5.9065
3	46	5.9054
2	47	5.9054
48	51	5.9011
49	50	5.9011
49	62	5.89996
48	63	5.89996
22	87	5.89756
23	86	5.89756
46	75	5.89699
47	74	5.89699
38	45	5.89691
39	44	5.89691
33	60	5.88782
32	61	5.88782
0	61	5.86705
1	60	5.86705
26	77	5.86655
27	76	5.86655
32	37	5.86398
33	36	5.86398
22	47	5.86252
23	46	5.86252
55	60	-5.86233
54	61	-5.86233
37	78	5.85624
36	79	5.85624
20	51	5.85267
21	50	5.85267
72	85	-5.84755
73	84	-5.84755
9	58	-5.84385
8	59	-5.84385
1	6	5.84053
0	7	5.84053
24	67	5.83763
25	66	5.83763
45	60	5.83744
44	61	5.83744
48	81	5.83619
49	80	5.83619
8	71	-5.83538
9	70	-5.83538
47	94	5.83441
46	95	5.83441
60	85	5.83125
61	84	5.83125
38	61	5.83106
39	60	5.83106
31	80	5.82792
30	81	5.82792
37	44	5.82563
36	45	5.82563
6	39	5.82554
7	38	5.82554
10	77	5.82418
11	76	5.82418
14	61	5.82189
15	60	5.82189
30	65	5.81681
31	64	5.81681
25	26	5.81635
24	27	5.81635
12	51	5.80713
13	50	5.80713
37	60	5.80384
36	61	5.80384
4	37	5.8029
5	36	5.8029
43	80	5.79935
42	81	5.79935
15	54	-5.79796
14	55	-5.79796
4	57	5.78813
5	56	5.78813
18	77	5.78544
19	76	5.78544
39	78	5.77729
38	79	5.77729
4	55	-5.77005
5	54	-5.77005
68	75	5.76743
69	74	5.76743
68	95	5.75969
69	94	5.75969
9	26	-5.75895
8	27	-5.75895
34	41	5.75785
35	40	5.75785
0	79	5.75755
1	78	5.75755
5	90	5.74934
4	91	5.74934
26	71	5.74382
27	70	5.74382
70	93	5.74218
71	92	5.74218
34	91	5.7405
35	90	5.7405
47	86	5.73964
46	87	5.73964
63	80	5.73831
62	81	5.73831
6	37	5.73813
7	36	5.73813
74	95	5.7367
75	94	5.7367
22	95	5.7337
23	94	5.7337
23	70	5.73233
22	71	5.73233
11	66	5.73227
10	67	5.73227
7	52	5.73204
6	53	5.73204
19	66	5.73142
18	67	5.73142
93	94	5.72582
92	95	5.72582
29	64	5.72178
28	65	5.72178
2	69	5.72173
3	68	5.72173
14	73	-5.72071
15	72	-5.72071
5	38	5.72059
4	39	5.72059
8	67	-5.7204
9	66	-5.7204
65	80	5.71623
64	81	5.71623
19	82	5.71514
18	83	5.71514
7	12	5.71184
6	13	5.71184
90	99	5.71119
91	98	5.71119
2	95	5.71038
3	94	5.71038
57	78	5.70804
56	79	5.70804
1	4	5.7078
0	5	5.7078
28	97	5.70405
29	96	5.70405
54	79	-5.69939
55	78	-5.69939
34	57	5.69902
35	56	5.69902
58	67	5.69192
59	66	5.69192
9	40	5.69192
8	41	5.69192
35	58	-5.68976
34	59	-5.68976
49	52	5.67723
48	53	5.67723
57	98	5.67546
56	99	5.67546
7	60	5.67009
6	61	5.67009
32	85	5.66516
33	84	5.66516
78	91	5.66297
79	90	5.66297
10	25	5.65881
11	24	5.65881
67	82	5.65837
66	83	5.65837
54	85	-5.65827
55	84	-5.65827
51	62	5.65737
50	63	5.65737
4	61	5.6562
5	60	5.6562
3	92	5.6503
2	93	5.6503
29	80	5.64989
28	81	5.64989
8	83	-5.64334
9	82	-5.64334
61	78	5.64083
60	79	5.64083
6	21	5.63982
7	20	5.63982
41	90	5.63975
40	91	5.63975
7	50	5.63702
6	51	5.63702
44	85	5.63124
45	84	5.63124
75	92	5.63073
74	93	5.63073
1	54	-5.6262
0	55	-5.6262
36	55	-5.62344
37	54	-5.62344
51	80	5.62085
50	81	5.62085
43	64	5.60459
42	65	5.60459
40	57	5.59922
41	56	5.59922
39	54	-5.59486
38	55	-5.59486
8	87	-5.59345
9	86	-5.59345
10	83	5.58673
11	82	5.58673
55	56	-5.58617
54	57	-5.58617
7	48	5.57904
6	49	5.57904
35	82	-5.57643
34	83	-5.57643
47	68	5.57587
46	69	5.57587
2	23	5.57285
3	22	5.57285
18	25	5.56598
19	24	5.56598
6	63	5.56368
7	62	5.56368
21	48	5.56367
20	49	5.56367
41	98	5.56132
40	99	5.56132
54	91	-5.5612
55	90	-5.5612
23	74	5.55708
22	75	5.55708
27	58	5.55611
26	59	5.55611
33	54	-5.55465
32	55	-5.55465
18	59	5.54662
19	58	5.54662
14	33	5.54579
15	32	5.54579
40	67	-5.54391
41	66	-5.54391
11	16	5.53974
10	17	5.53974
76	83	5.53714
77	82	5.53714
45	52	5.53696
44	53	5.53696
27	86	5.53439
26	87	5.53439
32	79	5.5342
33	78	5.5342
66	71	5.5309
67	70	5.5309
13	44	5.52544
12	45	5.52544
18	41	-5.52497
19	40	-5.52497
83	90	-5.52376
82	91	-5.52376
13	48	5.52012
12	49	5.52012
9	76	-5.51991
8	77	-5.51991
58	77	5.51986
59	76	5.51986
88	95	5.51845
89	94	5.51845
43	48	5.50397
42	49	5.50397
0	85	5.50351
1	84	5.50351
42	97	5.49969
43	96	5.49969
4	33	5.49069
5	32	5.49069
31	96	5.48915
30	97	5.48915
8	35	5.48893
9	34	5.48893
44	63	5.48753
45	62	5.48753
57	82	-5.48706
56	83	-5.48706
14	45	5.48635
15	44	5.48635
75	88	5.48274
74	89	5.48274
59	98	-5.47253
58	99	-5.47253
44	55	-5.46388
45	54	-5.46388
7	84	5.46046
6	85	5.46046
10	27	5.45859
11	26	5.45859
45	78	5.45636
44	79	5.45636
47	70	5.45377
46	71	5.45377
33	52	5.45342
32	53	5.45342
13	32	5.45192
12	33	5.45192
2	87	5.45029
3	86	5.45029
58	91	-5.44817
59	90	-5.44817
0	15	5.44495
1	14	5.44495
18	27	5.44102
19	26	5.44102
39	84	5.43938
38	85	5.43938
30	49	5.43717
31	48	5.43717
61	72	-5.43611
60	73	-5.43611
27	82	5.43306
26	83	5.43306
20	45	5.43287
21	44	5.43287
44	51	5.43236
45	50	5.43236
43	50	5.42973
42	51	5.42973
63	72	-5.4273
62	73	-5.4273
11	58	5.42524
10	59	5.42524
2	89	5.4237
3	88	5.4237
44	49	5.4191
45	48	5.4191
59	70	5.41789
58	71	5.41789
33	62	5.41369
32	63	5.41369
12	39	5.41357
13	38	5.41357
87	94	5.41144
86	95	5.41144
75	86	5.41043
74	87	5.41043
53	62	5.40768
52	63	5.40768
4	45	5.40432
5	44	5.40432
56	59	-5.40005
57	58	-5.40005
16	19	5.40003
17	18	5.40003
1	12	5.39536
0	13	5.39536
14	39	5.38467
15	38	5.38467
40	77	-5.37931
41	76	-5.37931
11	40	-5.37919
10	41	-5.37919
37	84	5.3708
36	85	5.3708
26	41	-5.35768
27	40	-5.35768
38	53	5.35501
39	52	5.35501
21	32	5.35018
20	33	5.35018
82	99	-5.34968
83	98	-5.34968
0	53	5.34712
1	52	5.34712
70	77	5.3457
71	76	5.3457
14	37	5.34494
15	36	5.34494
32	51	5.33351
33	50	5.33351
8	23	-5.32768
9	22	-5.32768
13	36	5.3248
12	37	5.3248
54	83	5.32399
55	82	5.32399
32	49	5.32377
33	48	5.32377
62	85	5.31859
63	84	5.31859
33	72	-5.30649
32	73	-5.30649
8	93	-5.30505
9	92	-5.30505
9	24	-5.30142
8	25	-5.30142
7	78	5.29948
6	79	5.29948
45	72	-5.29934
44	73	-5.29934
5	14	5.29491
4	15	5.29491
21	38	5.28482
20	39	5.28482
9	98	5.28286
8	99	5.28286
7	14	5.27524
6	15	5.27524
37	56	5.27323
36	57	5.27323
30	51	5.26962
31	50	5.26962
1	20	5.26932
0	21	5.26932
25	70	5.2681
24	71	5.2681
8	19	-5.26721
9	18	-5.26721
40	55	-5.26708
41	54	-5.26708
53	80	5.2657
52	81	5.2657
17	24	5.26371
16	25	5.26371
21	62	5.26147
20	63	5.26147
49	64	5.25919
48	65	5.25919
37	52	5.25027
36	53	5.25027
13	62	5.2457
12	63	5.2457
66	87	5.24347
67	86	5.24347
16	77	5.2432
17	76	5.2432
63	64	5.24309
62	65	5.24309
31	62	5.24157
30	63	5.24157
68	93	5.24046
69	92	5.24046
7	54	-5.22929
6	55	-5.22929
43	62	5.2283
42	63	5.2283
47	88	5.22816
46	89	5.22816
14	79	5.22746
15	78	5.22746
56	61	5.22422
57	60	5.22422
4	7	5.22416
5	6	5.22416
36	91	5.21593
37	90	5.21593
24	83	5.2135
25	82	5.2135
25	58	5.21271
24	59	5.21271
54	73	5.21144
55	72	5.21144
28	49	5.21109
29	48	5.21109
22	69	5.20416
23	68	5.20416
8	11	-5.19757
9	10	-5.19757
4	85	5.19382
5	84	5.19382
41	70	-5.19051
40	71	-5.19051
20	37	5.1883
21	36	5.1883
26	93	5.18348
27	92	5.18348
61	90	5.18125
60	91	5.18125
6	73	-5.17125
7	72	-5.17125
18	55	5.16275
19	54	5.16275
20	81	5.15664
21	80	5.15664
39	56	5.15617
38	57	5.15617
79	84	5.15261
78	85	5.15261
64	97	5.14845
65	96	5.14845
23	26	5.14752
22	27	5.14752
0	57	5.14708
1	56	5.14708
71	82	5.1446
70	83	5.1446
60	63	5.14388
61	62	5.14388
1	50	5.1432
0	51	5.1432
14	19	-5.13646
15	18	-5.13646
39	50	5.13348
38	51	5.13348
1	62	5.13294
0	63	5.13294
4	35	5.11915
5	34	5.11915
5	40	5.11858
4	41	5.11858
2	71	5.11506
3	70	5.11506
4	99	5.11489
5	98	5.11489
70	95	5.10104
71	94	5.10104
38	91	5.09885
39	90	5.09885
42	53	5.09212
43	52	5.09212
0	91	5.09088
1	90	5.09088
39	62	5.08864
38	63	5.08864
29	50	5.08665
28	51	5.08665
12	81	5.08109
13	80	5.08109
58	87	5.07807
59	86	5.07807
5	82	-5.07651
4	83	-5.07651
1	48	5.07222
0	49	5.07222
6	81	5.07183
7	80	5.07183
76	87	5.07085
77	86	5.07085
71	74	5.06874
70	75	5.06874
1	72	-5.06462
0	73	-5.06462
25	86	5.06417
24	87	5.06417
25	40	-5.05413
24	41	-5.05413
35	70	-5.04579
34	71	-5.04579
48	73	-5.04567
49	72	-5.04567
54	59	5.04528
55	58	5.04528
38	49	5.04437
39	48	5.04437
20	43	5.04343
21	42	5.04343
15	56	5.04108
14	57	5.04108
10	15	-5.03286
11	14	-5.03286
16	67	5.03135
17	66	5.03135
12	61	5.02361
13	60	5.02361
14	91	5.01877
15	90	5.01877
78	99	5.01753
79	98	5.01753
10	55	5.01605
11	54	5.01605
15	62	5.01537
14	63	5.01537
52	61	5.01359
53	60	5.01359
35	66	-5.01122
34	67	-5.01122
36	51	5.00916
37	50	5.00916
35	78	5.0045
34	79	5.0045
49	84	5.0036
48	85	5.0036
8	91	5.00296
9	90	5.00296
15	82	-4.99958
14	83	-4.99958
39	72	-4.99528
38	73	-4.99528
34	55	-4.98954
35	54	-4.98954
41	78	4.98306
40	79	4.98306
28	63	4.98215
29	62	4.98215
50	65	4.96797
51	64	4.96797
36	63	4.96226
37	62	4.96226
80	97	4.94913
81	96	4.94913
49	60	4.94693
48	61	4.94693
9	56	4.94665
8	57	4.94665
78	83	-4.94332
79	82	-4.94332
19	90	-4.9386
18	91	-4.9386
33	88	-4.93023
32	89	-4.93023
26	35	-4.92961
27	34	-4.92961
0	89	-4.92885
1	88	-4.92885
12	43	4.92714
13	42	4.92714
38	89	-4.9198
39	88	-4.9198
44	89	-4.9185
45	88	-4.9185
8	47	-4.91661
9	46	-4.91661
18	57	-4.91591
19	56	-4.91591
31	52	4.91409
30	53	4.91409
36	49	4.91398
37	48	4.91398
33	56	4.91368
32	57	4.91368
44	69	-4.91303
45	68	-4.91303
20	61	4.91113
21	60	4.91113
37	72	-4.91005
36	73	-4.91005
27	46	4.90679
26	47	4.90679
44	81	4.90628
45	80	4.90628
33	68	-4.90469
32	69	-4.90469
6	69	-4.90142
7	68	-4.90142
36	89	-4.89969
37	88	-4.89969
50	61	4.89872
51	60	4.89872
61	88	-4.89686
60	89	-4.89686
69	86	4.89597
68	87	4.89597
18	35	-4.8956
19	34	-4.8956
54	99	-4.89295
55	98	-4.89295
70	99	-4.88424
71	98	-4.88424
4	59	-4.88392
5	58	-4.88392
3	62	-4.87984
2	63	-4.87984
67	92	4.87797
66	93	4.87797
62	75	-4.87666
63	74	-4.87666
7	88	-4.87643
6	89	-4.87643
18	71	4.87533
19	70	4.87533
88	93	4.87494
89	92	4.87494
15	40	4.87404
14	41	4.87404
52	95	-4.87001
53	94	-4.87001
47	48	-4.86277
46	49	-4.86277
33	90	4.86175
32	91	4.86175
23	66	4.86139
22	67	4.86139
11	70	4.86087
10	71	4.86087
56	85	4.85386
57	84	4.85386
20	31	4.85204
21	30	4.85204
13	94	-4.84934
12	95	-4.84934
22	89	4.84701
23	88	4.84701
41	86	-4.8457
40	87	-4.8457
19	84	-4.84347
18	85	-4.84347
0	69	-4.84248
1	68	-4.84248
13	78	4.84223
12	79	4.84223
20	95	-4.8421
21	94	-4.8421
53	84	4.84149
52	85	4.84149
50	95	-4.8413
51	94	-4.8413
51	84	4.83713
50	85	4.83713
47	62	-4.83506
46	63	-4.83506
39	68	-4.82727
38	69	-4.82727
6	95	-4.82619
7	94	-4.82619
84	91	4.82496
85	90	4.82496
22	51	-4.82435
23	50	-4.82435
49	92	-4.82145
48	93	-4.82145
60	83	-4.81871
61	82	-4.81871
17	26	4.81719
16	27	4.81719
66	91	-4.81478
67	90	-4.81478
45	56	4.81446
44	57	4.81446
51	92	-4.81386
50	93	-4.81386
32	81	4.81233
33	80	4.81233
61	68	-4.80932
60	69	-4.80932
80	87	-4.80668
81	86	-4.80668
12	85	4.80477
13	84	4.80477
48	75	-4.80469
49	74	-4.80469
88	97	-4.80347
89	96	-4.80347
34	77	-4.80344
35	76	-4.80344
3	48	-4.80321
2	49	-4.80321
47	50	-4.80164
46	51	-4.80164
43	70	-4.8013
42	71	-4.8013
23	48	-4.79633
22	49	-4.79633
23	58	4.79327
22	59	4.79327
50	73	-4.79267
51	72	-4.79267
83	86	4.79243
82	87	4.79243
72	81	-4.79118
73	80	-4.79118
31	70	-4.78092
30	71	-4.78092
36	69	-4.78063
37	68	-4.78063
57	66	-4.77911
56	67	-4.77911
35	86	-4.7786
34	87	-4.7786
10	91	-4.77669
11	90	-4.77669
67	98	-4.77658
66	99	-4.77658
43	86	-4.7747
42	87	-4.7747
18	61	-4.76828
19	60	-4.76828
81	92	-4.76594
80	93	-4.76594
47	80	-4.76452
46	81	-4.76452
45	90	4.76314
44	91	4.76314
59	92	4.76272
58	93	4.76272
49	94	-4.76054
48	95	-4.76054
28	53	4.75717
29	52	4.75717
40	61	4.75706
41	60	4.75706
13	30	4.75694
12	31	4.75694
11	56	-4.75671
10	57	-4.75671
58	79	-4.75574
59	78	-4.75574
11	84	-4.75438
10	85	-4.75438
78	89	-4.75283
79	88	-4.75283
29	70	-4.75227
28	71	-4.75227
31	86	-4.75124
30	87	-4.75124
53	78	4.75093
52	79	4.75093
10	35	-4.74896
11	34	-4.74896
25	92	4.74765
24	93	4.74765
15	16	-4.74751
14	17	-4.74751
55	88	4.74618
54	89	4.74618
84	89	-4.74483
85	88	-4.74483
45	94	-4.74422
44	95	-4.74422
49	86	-4.73915
48	87	-4.73915
5	18	-4.73908
4	19	-4.73908
71	80	-4.73844
70	81	-4.73844
4	73	-4.73844
5	72	-4.73844
26	29	-4.73787
27	28	-4.73787
20	85	4.73523
21	84	4.73523
68	85	-4.73411
69	84	-4.73411
23	52	-4.73046
22	53	-4.73046
5	88	-4.72906
4	89	-4.72906
9	42	4.72807
8	43	4.72807
4	13	4.72805
5	12	4.72805
26	99	-4.7274
27	98	-4.7274
9	28	4.72731
8	29	4.72731
13	16	-4.72655
12	17	-4.72655
26	31	-4.72536
27	30	-4.72536
16	83	4.7243
17	82	4.7243
77	92	4.72396
76	93	4.72396
27	64	-4.72328
26	65	-4.72328
22	81	-4.7223
23	80	-4.7223
6	75	-4.72165
7	74	-4.72165
21	28	4.71845
20	29	4.71845
58	97	-4.71703
59	96	-4.71703
3	80	-4.71605
2	81	-4.71605
14	49	4.71581
15	48	4.71581
82	97	-4.71246
83	96	-4.71246
23	24	4.71132
22	25	4.71132
63	92	-4.70772
62	93	-4.70772
62	69	-4.7075
63	68	-4.7075
16	21	-4.70706
17	20	-4.70706
23	76	4.70478
22	77	4.70478
15	88	-4.70455
14	89	-4.70455
21	78	4.70412
20	79	4.70412
20	23	-4.70379
21	22	-4.70379
83	84	-4.70361
82	85	-4.70361
33	94	-4.70279
32	95	-4.70279
52	69	-4.70233
53	68	-4.70233
75	80	-4.7022
74	81	-4.7022
69	96	-4.70214
68	97	-4.70214
72	79	-4.70108
73	78	-4.70108
52	93	-4.7007
53	92	-4.7007
43	92	-4.69962
42	93	-4.69962
52	73	-4.69931
53	72	-4.69931
44	75	-4.69899
45	74	-4.69899
49	68	-4.6976
48	69	-4.6976
46	53	-4.69702
47	52	-4.69702
76	91	-4.69594
77	90	-4.69594
14	59	-4.69551
15	58	-4.69551
50	69	-4.69527
51	68	-4.69527
3	6	-4.69213
2	7	-4.69213
29	86	-4.69112
28	87	-4.69112
40	97	4.68553
41	96	4.68553
8	31	4.68544
9	30	4.68544
50	75	-4.68433
51	74	-4.68433
50	87	-4.68391
51	86	-4.68391
22	43	-4.68378
23	42	-4.68378
29	66	-4.68178
28	67	-4.68178
12	69	-4.67731
13	68	-4.67731
7	46	-4.67724
6	47	-4.67724
3	50	-4.67237
2	51	-4.67237
18	99	-4.67064
19	98	-4.67064
57	76	-4.66988
56	77	-4.66988
9	96	4.66872
8	97	4.66872
55	62	-4.66697
54	63	-4.66697
3	44	-4.66668
2	45	-4.66668
63	94	-4.66626
62	95	-4.66626
32	75	-4.66596
33	74	-4.66596
21	92	-4.66393
20	93	-4.66393
87	98	-4.66308
86	99	-4.66308
13	22	-4.66142
12	23	-4.66142
6	43	4.66105
7	42	4.66105
11	60	-4.65935
10	61	-4.65935
23	62	-4.65723
22	63	-4.65723
52	65	4.65683
53	64	4.65683
73	74	4.65317
72	75	4.65317
18	79	-4.65011
19	78	-4.65011
54	67	4.64836
55	66	4.64836
52	89	-4.64816
53	88	-4.64816
4	53	4.64746
5	52	4.64746
2	73	4.6455
3	72	4.6455
2	27	4.64506
3	26	4.64506
26	91	-4.64501
27	90	-4.64501
20	69	-4.64336
21	68	-4.64336
27	42	-4.64331
26	43	-4.64331
13	88	-4.64167
12	89	-4.64167
14	53	4.64161
15	52	4.64161
17	72	4.64081
16	73	4.64081
15	68	-4.63763
14	69	-4.63763
12	15	4.63737
13	14	4.63737
21	46	-4.63717
20	47	-4.63717
31	92	-4.63697
30	93	-4.63697
22	35	-4.63501
23	34	-4.63501
54	77	4.63501
55	76	4.63501
65	70	-4.6331
64	71	-4.6331
2	33	-4.63219
3	32	-4.63219
19	72	4.63066
18	73	4.63066
24	65	-4.62881
25	64	-4.62881
63	86	-4.62816
62	87	-4.62816
13	72	-4.62717
12	73	-4.62717
67	96	-4.62715
66	97	-4.62715
9	94	-4.62665
8	95	-4.62665
0	95	-4.62576
1	94	-4.62576
12	93	-4.62534
13	92	-4.62534
30	67	-4.62408
31	66	-4.62408
13	46	-4.62379
12	47	-4.62379
38	95	-4.62279
39	94	-4.62279
65	86	-4.62272
64	87	-4.62272
4	11	-4.62252
5	10	-4.62252
81	84	4.62143
80	85	4.62143
42	47	-4.6207
43	46	-4.6207
13	28	4.61973
12	29	4.61973
6	57	4.61816
7	56	4.61816
74	85	-4.61755
75	84	-4.61755
50	89	-4.61196
51	88	-4.61196
27	56	-4.60944
26	57	-4.60944
16	59	4.60706
17	58	4.60706
20	73	-4.60439
21	72	-4.60439
16	85	-4.60368
17	84	-4.60368
22	31	-4.60016
23	30	-4.60016
20	89	-4.59973
21	88	-4.59973
44	47	-4.59833
45	46	-4.59833
40	85	4.59785
41	84	4.59785
4	21	4.59666
5	20	4.59666
48	71	-4.59536
49	70	-4.59536
64	67	-4.59446
65	66	-4.59446
12	55	-4.59385
13	54	-4.59385
37	82	-4.59384
36	83	-4.59384
2	85	-4.5934
3	84	-4.5934
27	74	4.59336
26	75	4.59336
28	77	-4.59122
29	76	-4.59122
28	59	-4.59095
29	58	-4.59095
69	72	4.59066
68	73	4.59066
14	51	4.59054
15	50	4.59054
23	40	-4.58969
22	41	-4.58969
31	46	-4.58952
30	47	-4.58952
77	98	-4.58662
76	99	-4.58662
46	67	4.58517
47	66	4.58517
17	52	-4.58501
16	53	-4.58501
20	65	4.58425
21	64	4.58425
37	40	4.58388
36	41	4.58388
11	72	4.58252
10	73	4.58252
52	75	-4.58229
53	74	-4.58229
1	80	4.58132
0	81	4.58132
49	88	-4.58014
48	89	-4.58014
7	30	4.57974
6	31	4.57974
55	68	4.57774
54	69	4.57774
27	96	-4.57712
26	97	-4.57712
35	92	-4.57684
34	93	-4.57684
3	8	-4.57272
2	9	-4.57272
64	77	-4.57256
65	76	-4.57256
10	87	4.5716
11	86	4.5716
28	93	-4.57109
29	92	-4.57109
6	91	4.56884
7	90	4.56884
63	88	-4.5685
62	89	-4.5685
18	87	4.56708
19	86	4.56708
69	70	4.5633
68	71	4.5633
70	97	-4.56319
71	96	-4.56319
2	53	-4.56114
3	52	-4.56114
18	97	-4.56067
19	96	-4.56067
15	20	4.56048
14	21	4.56048
38	81	4.56004
39	80	4.56004
36	95	-4.56003
37	94	-4.56003
74	97	-4.55941
75	96	-4.55941
53	54	-4.55866
52	55	-4.55866
8	17	-4.55791
9	16	-4.55791
63	78	4.55741
62	79	4.55741
69	78	-4.55696
68	79	-4.55696
25	46	4.55689
24	47	4.55689
40	93	-4.55622
41	92	-4.55622
10	79	-4.55464
11	78	-4.55464
23	98	-4.55331
22	99	-4.55331
14	35	4.5532
15	34	4.5532
25	34	-4.55216
24	35	-4.55216
58	61	-4.55204
59	60	-4.55204
51	70	-4.55132
50	71	-4.55132
34	61	4.55064
35	60	4.55064
26	81	-4.55056
27	80	-4.55056
42	67	-4.549
43	66	-4.549
32	47	-4.54849
33	46	-4.54849
16	41	-4.54783
17	40	-4.54783
86	89	4.54636
87	88	4.54636
2	31	-4.54495
3	30	-4.54495
12	65	4.54324
13	64	4.54324
17	94	4.54311
16	95	4.54311
3	96	-4.54302
2	97	-4.54302
26	95	4.54056
27	94	4.54056
22	29	-4.5401
23	28	-4.5401
49	96	4.53933
48	97	4.53933
11	98	-4.5381
10	99	-4.5381
1	82	-4.53713
0	83	-4.53713
30	77	-4.53712
31	76	-4.53712
80	95	-4.53499
81	94	-4.53499
31	74	-4.53352
30	75	-4.53352
77	96	-4.53329
76	97	-4.53329
61	74	-4.53325
60	75	-4.53325
9	74	-4.53284
8	75	-4.53284
2	43	-4.53104
3	42	-4.53104
7	92	-4.53041
6	93	-4.53041
37	98	4.53021
36	99	4.53021
42	59	-4.52799
43	58	-4.52799
34	37	4.52742
35	36	4.52742
42	75	-4.52741
43	74	-4.52741
14	77	-4.52674
15	76	-4.52674
72	89	4.52561
73	88	4.52561
56	73	-4.52561
57	72	-4.52561
51	78	4.52432
50	79	4.52432
5	68	-4.524
4	69	-4.524
1	74	-4.524
0	75	-4.524
6	23	-4.52372
7	22	-4.52372
28	47	-4.52325
29	46	-4.52325
39	82	-4.52247
38	83	-4.52247
53	86	-4.52222
52	87	-4.52222
8	55	-4.52122
9	54	-4.52122
6	65	4.52115
7	64	4.52115
50	97	4.51424
51	96	4.51424
1	40	4.51413
0	41	4.51413
13	74	-4.51322
12	75	-4.51322
23	82	4.513
22	83	4.513
5	62	4.51271
4	63	4.51271
70	91	-4.51178
71	90	-4.51178
72	91	-4.50868
73	90	-4.50868
8	81	4.50749
9	80	4.50749
21	74	-4.50636
20	75	-4.50636
60	99	4.50602
61	98	4.50602
17	54	4.50595
16	55	4.50595
24	91	-4.50492
25	90	-4.50492
38	41	4.50375
39	40	4.50375
2	65	-4.50187
3	64	-4.50187
25	28	-4.50185
24	29	-4.50185
39	74	-4.50095
38	75	-4.50095
28	83	-4.50003
29	82	-4.50003
2	61	-4.49852
3	60	-4.49852
92	99	-4.49828
93	98	-4.49828
69	80	-4.49807
68	81	-4.49807
18	37	-4.49655
19	36	-4.49655
86	97	-4.49646
87	96	-4.49646
3	28	-4.49591
2	29	-4.49591
60	81	4.49543
61	80	4.49543
10	97	-4.49468
11	96	-4.49468
24	57	-4.49228
25	56	-4.49228
31	58	-4.49041
30	59	-4.49041
28	75	-4.49033
29	74	-4.49033
82	93	4.49023
83	92	4.49023
3	12	-4.48959
2	13	-4.48959
14	99	4.4887
15	98	4.4887
20	87	-4.48834
21	86	-4.48834
1	2	-4.48805
0	3	-4.48805
15	66	-4.48796
14	67	-4.48796
24	31	-4.48679
25	30	-4.48679
21	54	-4.48621
20	55	-4.48621
9	64	4.48557
8	65	4.48557
3	20	-4.48513
2	21	-4.48513
29	40	4.48442
28	41	4.48442
46	65	-4.48039
47	64	-4.48039
61	94	-4.47887
60	95	-4.47887
47	96	-4.47863
46	97	-4.47863
42	45	4.47851
43	44	4.47851
64	75	-4.47565
65	74	-4.47565
64	93	-4.47515
65	92	-4.47515
43	94	-4.4734
42	95	-4.4734
48	55	-4.47332
49	54	-4.47332
47	76	4.47275
46	77	4.47275
1	18	-4.47256
0	19	-4.47256
42	89	-4.46992
43	88	-4.46992
43	68	-4.46916
42	69	-4.46916
64	73	-4.46882
65	72	-4.46882
57	70	-4.46567
56	71	-4.46567
2	39	-4.4654
3	38	-4.4654
48	79	4.46534
49	78	4.46534
5	66	-4.46524
4	67	-4.46524
37	80	4.46085
36	81	4.46085
62	71	-4.45882
63	70	-4.45882
18	39	-4.45828
19	38	-4.45828
14	75	-4.45687
15	74	-4.45687
5	76	-4.45596
4	77	-4.45596
16	71	4.45464
17	70	4.45464
29	88	-4.45299
28	89	-4.45299
92	97	-4.44544
93	96	-4.44544
5	50	4.44531
4	51	4.44531
16	23	4.44398
17	22	4.44398
12	87	-4.44013
13	86	-4.44013
10	37	-4.43967
11	36	-4.43967
43	76	-4.43741
42	77	-4.43741
36	75	-4.43666
37	74	-4.43666
51	54	-4.43659
50	55	-4.43659
95	96	-4.43609
94	97	-4.43609
58	85	-4.4342
59	84	-4.4342
35	38	4.43211
34	39	4.43211
16	61	-4.43158
17	60	-4.43158
29	68	-4.43075
28	69	-4.43075
39	98	4.43048
38	99	4.43048
2	15	-4.43016
3	14	-4.43016
1	34	4.42809
0	35	4.42809
33	82	-4.4255
32	83	-4.4255
22	97	-4.42449
23	96	-4.42449
5	8	4.42361
4	9	4.42361
30	45	4.42164
31	44	4.42164
0	99	4.42127
1	98	4.42127
46	73	4.42092
47	72	4.42092
34	97	4.41974
35	96	4.41974
25	54	4.41877
24	55	4.41877
45	92	-4.41835
44	93	-4.41835
17	38	-4.41698
16	39	-4.41698
40	43	4.41598
41	42	4.41598
77	78	-4.41428
76	79	-4.41428
22	65	-4.41406
23	64	-4.41406
47	58	4.41402
46	59	4.41402
0	47	-4.41325
1	46	-4.41325
1	10	-4.41214
0	11	-4.41214
19	32	-4.41193
18	33	-4.41193
45	64	4.41066
44	65	4.41066
16	37	-4.40961
17	36	-4.40961
72	83	4.40942
73	82	4.40942
57	88	-4.40596
56	89	-4.40596
31	68	-4.40579
30	69	-4.40579
11	38	-4.40506
10	39	-4.40506
22	45	-4.40476
23	44	-4.40476
19	28	-4.40437
18	29	-4.40437
5	48	4.40432
4	49	4.40432
0	17	-4.40402
1	16	-4.40402
3	36	-4.40223
2	37	-4.40223
66	79	-4.40217
67	78	-4.40217
84	95	-4.40197
85	94	-4.40197
24	79	-4.40017
25	78	-4.40017
39	46	-4.39893
38	47	-4.39893
81	88	-4.39848
80	89	-4.39848
33	42	4.39741
32	43	4.39741
42	83	-4.39634
43	82	-4.39634
7	28	4.39454
6	29	4.39454
5	24	-4.39417
4	25	-4.39417
24	99	-4.39307
25	98	-4.39307
37	58	-4.39138
36	59	-4.39138
47	84	-4.38705
46	85	-4.38705
33	40	4.38687
32	41	4.38687
30	89	-4.38654
31	88	-4.38654
10	29	-4.38566
11	28	-4.38566
7	16	-4.38547
6	17	-4.38547
52	71	-4.38507
53	70	-4.38507
66	81	-4.38413
67	80	-4.38413
31	82	-4.3809
30	83	-4.3809
17	92	4.37878
16	93	4.37878
27	54	4.37862
26	55	4.37862
89	90	-4.37564
88	91	-4.37564
2	25	4.37548
3	24	4.37548
30	95	-4.37518
31	94	-4.37518
16	33	-4.37473
17	32	-4.37473
30	41	4.37296
31	40	4.37296
14	81	4.36997
15	80	4.36997
35	84	4.36979
34	85	4.36979
17	44	-4.36877
16	45	-4.36877
20	71	-4.36697
21	70	-4.36697
25	96	-4.36341
24	97	-4.36341
33	92	-4.36294
32	93	-4.36294
17	86	4.36205
16	87	4.36205
25	94	4.35896
24	95	4.35896
25	42	-4.35882
24	43	-4.35882
91	96	4.35874
90	97	4.35874
16	89	4.35306
17	88	4.35306
32	65	4.35302
33	64	4.35302
46	61	-4.35088
47	60	-4.35088
11	32	-4.35049
10	33	-4.35049
22	33	-4.34917
23	32	-4.34917
2	67	4.34841
3	66	4.34841
19	44	-4.34817
18	45	-4.34817
84	99	4.34801
85	98	4.34801
31	32	4.34781
30	33	4.34781
44	83	-4.34731
45	82	-4.34731
29	94	-4.34451
28	95	-4.34451
57	96	4.33931
56	97	4.33931
73	98	-4.33877
72	99	-4.33877
72	95	4.33869
73	94	4.33869
25	74	4.33636
24	75	4.33636
31	72	-4.33484
30	73	-4.33484
6	87	-4.33263
7	86	-4.33263
1	58	-4.332
0	59	-4.332
62	97	4.33196
63	96	4.33196
8	79	4.33177
9	78	4.33177
36	47	-4.33162
37	46	-4.33162
40	73	-4.32852
41	72	-4.32852
17	68	4.32585
16	69	4.32585
14	25	-4.32545
15	24	-4.32545
17	50	-4.32532
16	51	-4.32532
9	48	4.32481
8	49	4.32481
38	59	-4.32345
39	58	-4.32345
11	22	4.32308
10	23	4.32308
8	51	4.31988
9	50	4.31988
25	80	-4.31614
24	81	-4.31614
11	92	4.31364
10	93	4.31364
67	94	4.31239
66	95	4.31239
13	70	-4.31159
12	71	-4.31159
40	45	4.31119
41	44	4.31119
21	96	4.31016
20	97	4.31016
66	75	4.30877
67	74	4.30877
19	22	4.30773
18	23	4.30773
34	43	4.30759
35	42	4.30759
76	81	-4.30671
77	80	-4.30671
58	65	-4.30613
59	64	-4.30613
53	96	4.30509
52	97	4.30509
4	27	-4.30115
5	26	-4.30115
42	73	-4.30064
43	72	-4.30064
19	30	-4.30047
18	31	-4.30047
76	85	-4.30001
77	84	-4.30001
18	93	4.29871
19	92	4.29871
11	44	-4.29658
10	45	-4.29658
27	48	-4.29508
26	49	-4.29508
61	76	-4.29441
60	77	-4.29441
10	31	-4.29396
11	30	-4.29396
11	64	-4.2926
10	65	-4.2926
29	34	4.28805
28	35	4.28805
55	96	-4.2876
54	97	-4.2876
96	99	4.28338
97	98	4.28338
17	78	-4.28269
16	79	-4.28269
78	95	-4.28054
79	94	-4.28054
14	95	-4.2791
15	94	-4.2791
35	72	-4.27742
34	73	-4.27742
71	88	4.27721
70	89	4.27721
61	66	-4.27616
60	67	-4.27616
86	91	-4.27603
87	90	-4.27603
32	35	4.27518
33	34	4.27518
35	46	-4.2744
34	47	-4.2744
25	36	-4.27298
24	37	-4.27298
55	74	4.27161
54	75	4.27161
3	76	4.27082
2	77	4.27082
8	15	4.26969
9	14	4.26969
38	65	4.26595
39	64	4.26595
66	85	-4.26447
67	84	-4.26447
5	16	-4.26402
4	17	-4.26402
19	64	-4.26338
18	65	-4.26338
33	98	4.26293
32	99	4.26293
27	78	-4.26272
26	79	-4.26272
77	94	4.26165
76	95	4.26165
0	65	4.26107
1	64	4.26107
29	44	4.25639
28	45	4.25639
17	46	4.25481
16	47	4.25481
40	47	-4.25262
41	46	-4.25262
65	84	4.25145
64	85	4.25145
1	92	-4.24733
0	93	-4.24733
37	76	-4.24702
36	77	-4.24702
58	81	-4.24644
59	80	-4.24644
0	43	4.24633
1	42	4.24633
16	35	-4.24544
17	34	-4.24544
47	98	-4.24422
46	99	-4.24422
19	42	-4.24376
18	43	-4.24376
36	65	4.24251
37	64	4.24251
12	25	-4.242
13	24	-4.242
1	22	-4.24187
0	23	-4.24187
3	54	4.2416
2	55	4.2416
56	87	-4.24081
57	86	-4.24081
38	93	-4.23955
39	92	-4.23955
38	43	4.23838
39	42	4.23838
22	39	-4.23595
23	38	-4.23595
74	77	4.23561
75	76	4.23561
14	47	-4.23425
15	46	-4.23425
14	27	-4.23275
15	26	-4.23275
44	87	-4.2327
45	86	-4.2327
33	58	-4.23216
32	59	-4.23216
5	94	-4.23129
4	95	-4.23129
13	96	4.23089
12	97	4.23089
64	69	-4.23058
65	68	-4.23058
64	83	-4.22994
65	82	-4.22994
11	42	-4.22494
10	43	-4.22494
75	78	-4.22466
74	79	-4.22466
31	34	4.22404
30	35	4.22404
12	57	4.22309
13	56	4.22309
27	62	-4.22293
26	63	-4.22293
26	51	-4.22125
27	50	-4.22125
25	38	-4.22104
24	39	-4.22104
73	92	4.21963
72	93	4.21963
58	95	4.21895
59	94	4.21895
54	95	4.21877
55	94	4.21877
7	18	-4.21739
6	19	-4.21739
42	99	4.2153
43	98	4.2153
21	24	-4.21516
20	25	-4.21516
58	73	4.21457
59	72	4.21457
46	83	4.21392
47	82	4.21392
35	44	4.21309
34	45	4.21309
11	12	-4.21273
10	13	-4.21273
40	65	4.20795
41	64	4.20795
1	30	4.20768
0	31	4.20768
44	99	4.20444
45	98	4.20444
56	69	-4.20424
57	68	-4.20424
31	84	4.20405
30	85	4.20405
30	39	4.20156
31	38	4.20156
65	94	-4.20115
64	95	-4.20115
2	79	-4.20056
3	78	-4.20056
42	85	4.20054
43	84	4.20054
39	76	-4.19889
38	77	-4.19889
28	33	4.19799
29	32	4.19799
4	75	-4.19525
5	74	-4.19525
37	66	-4.19507
36	67	-4.19507
0	25	-4.19402
1	24	-4.19402
6	11	-4.19331
7	10	-4.19331
6	83	-4.19318
7	82	-4.19318
13	90	4.1898
12	91	4.1898
1	76	-4.1879
0	77	-4.1879
64	79	4.18676
65	78	4.18676
8	21	4.18615
9	20	4.18615
23	72	4.18611
22	73	4.18611
29	98	4.18593
28	99	4.18593
33	86	-4.18574
32	87	-4.18574
10	21	-4.18561
11	20	-4.18561
8	53	4.18407
9	52	4.18407
16	99	-4.18284
17	98	-4.18284
27	68	4.18283
26	69	4.18283
9	62	4.18164
8	63	4.18164
37	92	-4.1812
36	93	-4.1812
29	72	-4.18021
28	73	-4.18021
69	90	-4.17946
68	91	-4.17946
16	91	-4.17875
17	90	-4.17875
22	37	-4.17826
23	36	-4.17826
53	56	4.17807
52	57	4.17807
84	93	-4.17786
85	92	-4.17786
24	61	-4.17771
25	60	-4.17771
3	58	4.1777
2	59	4.1777
9	68	-4.17739
8	69	-4.17739
17	56	-4.17451
16	57	-4.17451
45	58	-4.17435
44	59	-4.17435
79	80	4.17433
78	81	4.17433
36	43	4.17258
37	42	4.17258
3	4	-4.17149
2	5	-4.17149
15	96	4.17042
14	97	4.17042
6	71	-4.16983
7	70	-4.16983
72	77	4.16971
73	76	4.16971
65	88	-4.16926
64	89	-4.16926
6	41	4.16852
7	40	4.16852
9	60	4.16749
8	61	4.16749
60	93	-4.16557
61	92	-4.16557
5	96	4.1624
4	97	4.1624
57	62	4.16173
56	63	4.16173
34	95	-4.16144
35	94	-4.16144
55	80	-4.16117
54	81	-4.16117
61	64	4.16024
60	65	4.16024
25	52	-4.15972
24	53	-4.15972
25	84	-4.15675
24	85	-4.15675
42	61	4.15631
43	60	4.15631
12	19	-4.15378
13	18	-4.15378
58	75	4.15376
59	74	4.15376
13	76	-4.14961
12	77	-4.14961
20	57	4.14957
21	56	4.14957
53	90	4.14957
52	91	4.14957
22	61	-4.14925
23	60	-4.14925
23	84	-4.14879
22	85	-4.14879
48	67	-4.14859
49	66	-4.14859
39	66	-4.14816
38	67	-4.14816
30	37	4.14774
31	36	4.14774
31	98	4.14638
30	99	4.14638
54	71	4.14637
55	70	4.14637
22	91	-4.14475
23	90	-4.14475
41	80	4.14426
40	81	4.14426
0	67	-4.14331
1	66	-4.14331
65	98	4.14174
64	99	4.14174
4	65	4.14126
5	64	4.14126
16	75	4.14089
17	74	4.14089
21	26	-4.13992
20	27	-4.13992
62	91	4.13865
63	90	4.13865
3	98	-4.13859
2	99	-4.13859
20	77	-4.13801
21	76	-4.13801
80	83	-4.13774
81	82	-4.13774
34	65	4.13556
35	64	4.13556
31	60	4.13328
30	61	4.13328
95	98	-4.13318
94	99	-4.13318
8	13	4.13265
9	12	4.13265
4	81	4.13198
5	80	4.13198
82	89	4.13027
83	88	4.13027
16	49	-4.12856
17	48	-4.12856
27	52	-4.12845
26	53	-4.12845
18	89	4.12724
19	88	4.12724
19	20	-4.12721
18	21	-4.12721
28	91	4.12702
29	90	4.12702
11	52	-4.1261
10	53	-4.1261
72	87	4.1259
73	86	4.1259
10	47	4.12576
11	46	4.12576
3	16	4.12574
2	17	4.12574
67	72	4.12567
66	73	4.12567
12	27	-4.12343
13	26	-4.12343
21	90	4.12329
20	91	4.12329
25	68	4.12215
24	69	4.12215
90	93	-4.12153
91	92	-4.12153
75	98	-4.11795
74	99	-4.11795
22	57	-4.11733
23	56	-4.11733
47	54	4.11433
46	55	4.11433
78	97	4.11401
79	96	4.11401
40	89	-4.11348
41	88	-4.11348
40	95	-4.11324
41	94	-4.11324
3	34	-4.11319
2	35	-4.11319
47	78	-4.11296
46	79	-4.11296
10	89	4.11186
11	88	4.11186
25	48	-4.1105
24	49	-4.1105
29	56	4.10998
28	57	4.10998
8	85	4.10981
9	84	4.10981
7	34	4.10917
6	35	4.10917
57	64	4.10883
56	65	4.10883
51	66	-4.1087
50	67	-4.1087
19	46	4.10858
18	47	4.10858
7	98	4.10609
6	99	4.10609
64	91	4.10587
65	90	4.10587
5	70	-4.10551
4	71	-4.10551
33	76	-4.10419
32	77	-4.10419
17	62	-4.10157
16	63	-4.10157
26	61	-4.10066
27	60	-4.10066
14	65	4.10005
15	64	4.10005
61	96	4.09928
60	97	4.09928
0	29	4.09921
1	28	4.09921
35	80	4.09761
34	81	4.09761
25	88	4.09698
24	89	4.09698
25	50	-4.09691
24	51	-4.09691
56	93	-4.09689
57	92	-4.09689
28	39	4.09647
29	38	4.09647
49	58	-4.09567
48	59	-4.09567
50	59	-4.09564
51	58	-4.09564
28	85	4.09503
29	84	4.09503
21	66	-4.09491
20	67	-4.09491
35	74	-4.09423
34	75	-4.09423
0	87	-4.09369
1	86	-4.09369
52	77	-4.09217
53	76	-4.09217
48	77	-4.09205
49	76	-4.09205
45	70	-4.09171
44	71	-4.09171
43	90	4.09161
42	91	4.09161
26	37	-4.09054
27	36	-4.09054
27	84	-4.08975
26	85	-4.08975
13	66	-4.08965
12	67	-4.08965
11	94	4.08873
10	95	4.08873
25	32	-4.08867
24	33	-4.08867
63	66	-4.08855
62	67	-4.08855
39	86	-4.0885
38	87	-4.0885
17	64	-4.08685
16	65	-4.08685
9	36	4.08657
8	37	4.08657
51	56	4.08551
50	57	4.08551
19	52	-4.08401
18	53	-4.08401
11	80	-4.08308
10	81	-4.08308
18	81	-4.08219
19	80	-4.08219
5	46	-4.08215
4	47	-4.08215
25	72	4.08117
24	73	4.08117
17	96	-4.08098
16	97	-4.08098
24	63	-4.07999
25	62	-4.07999
15	30	4.07968
14	31	4.07968
84	97	4.07806
85	96	4.07806
82	95	4.07752
83	94	4.07752
2	41	-4.07701
3	40	-4.07701
14	43	4.07697
15	42	4.07697
85	86	-4.07593
84	87	-4.07593
42	57	4.07458
43	56	4.07458
7	58	-4.07428
6	59	-4.07428
33	66	-4.07422
32	67	-4.07422
45	76	-4.07414
44	77	-4.07414
49	56	4.07414
48	57	4.07414
16	29	-4.07279
17	28	-4.07279
81	98	4.07197
80	99	4.07197
25	44	-4.07186
24	45	-4.07186
7	24	-4.07171
6	25	-4.07171
50	77	-4.0717
51	76	-4.0717
14	93	-4.06985
15	92	-4.06985
50	91	4.0686
51	90	4.0686
71	78	-4.06831
70	79	-4.06831
53	66	-4.06732
52	67	-4.06732
34	51	4.06654
35	50	4.06654
30	91	4.06464
31	90	4.06464
3	82	4.06228
2	83	4.06228
40	75	-4.0622
41	74	-4.0622
29	36	4.06146
28	37	4.06146
32	71	-4.06123
33	70	-4.06123
6	97	4.05888
7	96	4.05888
34	89	-4.05776
35	88	-4.05776
48	91	4.05759
49	90	4.05759
1	8	4.05756
0	9	4.05756
89	98	-4.05571
88	99	-4.05571
26	39	-4.05535
27	38	-4.05535
8	39	4.0543
9	38	4.0543
60	87	-4.05358
61	86	-4.05358
63	76	-4.05326
62	77	-4.05326
16	43	-4.05317
17	42	-4.05317
37	86	-4.053
36	87	-4.053
29	60	4.05236
28	61	4.05236
30	57	4.05235
31	56	4.05235
15	22	-4.05208
14	23	-4.05208
19	62	-4.05016
18	63	-4.05016
75	82	4.04944
74	83	4.04944
19	94	4.04913
18	95	4.04913
26	89	4.04838
27	88	4.04838
16	31	-4.04811
17	30	-4.04811
0	27	-4.04612
1	26	-4.04612
67	68	4.04589
66	69	4.04589
45	66	-4.04555
44	67	-4.04555
40	51	4.04533
41	50	4.04533
58	89	4.04496
59	88	4.04496
50	99	4.04303
51	98	4.04303
21	34	4.04299
20	35	4.04299
41	48	4.04247
40	49	4.04247
14	71	-4.04115
15	70	-4.04115
8	89	-4.04033
9	88	-4.04033
20	99	4.03999
21	98	4.03999
19	68	4.039
18	69	4.039
6	77	-4.03863
7	76	-4.03863
14	29	4.03745
15	28	4.03745
69	76	4.03686
68	77	4.03686
34	53	4.03683
35	52	4.03683
10	69	4.03601
11	68	4.03601
29	54	-4.03542
28	55	-4.03542
48	83	-4.03479
49	82	-4.03479
68	83	4.03353
69	82	4.03353
55	86	4.03338
54	87	4.03338
11	62	-4.03269
10	63	-4.03269
62	99	4.0316
63	98	4.0316
43	54	-4.03086
42	55	-4.03086
52	99	4.03018
53	98	4.03018
34	49	4.02901
35	48	4.02901
71	72	4.02866
70	73	4.02866
44	97	4.02849
45	96	4.02849
9	32	4.02843
8	33	4.02843
21	58	-4.02732
20	59	-4.02732
62	83	-4.0269
63	82	-4.0269
12	99	4.02671
13	98	4.02671
56	75	-4.02616
57	74	-4.02616
36	97	4.02596
37	96	4.02596
33	96	4.02567
32	97	4.02567
26	73	4.02562
27	72	4.02562
41	68	-4.02538
40	69	-4.02538
12	35	4.02534
13	34	4.02534
59	62	-4.02513
58	63	-4.02513
55	92	4.02495
54	93	4.02495
77	88	4.02489
76	89	4.02489
3	10	4.02466
2	11	4.02466
31	78	4.02453
30	79	4.02453
7	8	4.02438
6	9	4.02438
51	82	-4.02406
50	83	-4.02406
52	59	-4.02401
53	58	-4.02401
8	73	-4.02329
9	72	-4.02329
10	51	-4.02311
11	50	-4.02311
1	96	4.02244
0	97	4.02244
2	57	-4.02212
3	56	-4.02212
22	55	4.02169
23	54	4.02169
79	92	-4.02057
78	93	-4.02057
3	18	4.01999
2	19	4.01999
56	95	-4.01928
57	94	-4.01928
8	45	4.01858
9	44	4.01858
15	86	-4.01847
14	87	-4.01847
54	65	-4.01846
55	64	-4.01846
74	91	-4.01827
75	90	-4.01827
23	78	-4.01812
22	79	-4.01812
61	70	-4.01805
60	71	-4.01805
39	96	4.01771
38	97	4.01771
58	69	4.017
59	68	4.017
73	96	-4.01691
72	97	-4.01691
16	81	-4.01673
17	80	-4.01673
42	79	4.01663
43	78	4.01663
30	55	-4.0166
31	54	-4.0166
71	84	-4.01639
70	85	-4.01639
2	91	-4.0159
3	90	-4.0159
10	75	4.01529
11	74	4.01529
4	87	-4.01455
5	86	-4.01455
48	99	4.01422
49	98	4.01422
90	95	-4.01348
91	94	-4.01348
7	26	-4.01322
6	27	-4.01322
41	62	4.01317
40	63	4.01317
1	70	-4.01299
0	71	-4.01299
18	75	4.01199
19	74	4.01199
47	90	-4.01181
46	91	-4.01181
38	71	-4.01079
39	70	-4.01079
7	66	-4.01011
6	67	-4.01011
13	82	-4.00955
12	83	-4.00955
19	50	-4.00801
18	51	-4.00801
5	30	4.00789
4	31	4.00789
5	22	-4.00784
4	23	-4.00784
5	92	-4.00761
4	93	-4.00761
12	59	-4.00729
13	58	-4.00729
4	43	4.00683
5	42	4.00683
41	52	4.00676
40	53	4.00676
78	87	-4.00659
79	86	-4.00659
46	57	-4.00575
47	56	-4.00575
35	62	4.00574
34	63	4.00574
26	33	-4.00555
27	32	-4.00555
19	48	-4.0049
18	49	-4.0049
5	28	4.0046
4	29	4.0046
68	99	-4.00429
69	98	-4.00429
29	78	4.00405
28	79	4.00405
56	81	4.00378
57	80	4.00378
67	88	4.00353
66	89	4.00353
21	40	4.00351
20	41	4.00351
81	90	4.00228
80	91	4.00228
13	40	4.00213
12	41	4.00213
20	83	-4.00132
21	82	-4.00132
52	83	-4.00131
53	82	-4.00131
36	71	-4.00114
37	70	-4.00114
35	68	-4.00079
34	69	-4.00079
26	45	-4.00057
27	44	-4.00057
11	48	-4.00042
10	49	-4.00042
56	90	2.99901
2	74	2.99878
0	38	2.99853
32	44	2.99701
22	92	2.99548
36	38	2.99473
4	78	2.9943
12	20	2.99428
20	52	2.99283
10	18	2.99066
0	36	2.98996
12	52	2.98914
40	82	-2.98407
40	58	-2.98404
6	44	2.98308
66	76	2.98224
28	30	2.98121
34	98	2.98082
14	84	2.97495
30	42	2.97442
0	32	2.9733
58	82	2.9727
6	32	2.9672
70	86	2.96719
26	66	2.96627
24	76	2.96461
32	38	2.96197
68	88	2.9616
28	42	2.96156
86	92	2.96051
0	44	2.95973
50	52	2.9555
46	92	2.95325
2	46	2.9527
48	50	2.95055
48	62	2.94998
22	86	2.94878
46	74	2.94849
38	44	2.94846
32	60	2.94391
0	60	2.93353
26	76	2.93328
32	36	2.93199
22	46	2.93126
54	60	-2.93117
36	78	2.92812
20	50	2.92633
72	84	-2.92378
8	58	-2.92193
0	6	2.92027
24	66	2.91882
44	60	2.91872
48	80	2.9181
8	70	-2.91769
46	94	2.9172
60	84	2.91562
38	60	2.91553
30	80	2.91396
36	44	2.91281
6	38	2.91277
10	76	2.91209
14	60	2.91095
30	64	2.9084
24	26	2.90817
12	50	2.90356
36	60	2.90192
4	36	2.90145
42	80	2.89967
14	54	-2.89898
4	56	2.89407
18	76	2.89272
38	78	2.88865
4	54	-2.88503
68	74	2.88371
68	94	2.87985
8	26	-2.87948
34	40	2.87892
0	78	2.87878
4	90	2.87467
26	70	2.87191
70	92	2.87109
34	90	2.87025
46	86	2.86982
62	80	2.86915
6	36	2.86906
74	94	2.86835
22	94	2.86685
22	70	2.86616
10	66	2.86614
6	52	2.86602
18	66	2.86571
92	94	2.86291
28	64	2.86089
2	68	2.86086
14	72	-2.86036
4	38	2.8603
8	66	-2.8602
64	80	2.85811
18	82	2.85757
6	12	2.85592
90	98	2.8556
2	94	2.85519
56	78	2.85402
0	4	2.8539
28	96	2.85202
54	78	-2.84969
34	56	2.84951
58	66	2.84596
8	40	2.84596
34	58	-2.84488
48	52	2.83862
56	98	2.83773
6	60	2.83504
32	84	2.83258
78	90	2.83148
10	24	2.8294
66	82	2.82918
54	84	-2.82913
50	62	2.82868
4	60	2.8281
2	92	2.82515
28	80	2.82494
8	82	-2.82167
60	78	2.82042
6	20	2.81991
40	90	2.81988
6	50	2.81851
44	84	2.81562
74	92	2.81537
0	54	-2.8131
36	54	-2.81172
50	80	2.81043
42	64	2.80229
40	56	2.79961
38	54	-2.79743
8	86	-2.79673
10	82	2.79337
54	56	-2.79309
6	48	2.78952
34	82	-2.78822
46	68	2.78794
2	22	2.78642
18	24	2.78299
6	62	2.78184
20	48	2.78184
40	98	2.78066
54	90	-2.7806
22	74	2.77854
26	58	2.77805
32	54	-2.77733
18	58	2.77331
14	32	2.7729
40	66	-2.77196
10	16	2.76987
76	82	2.76857
44	52	2.76848
26	86	2.7672
32	78	2.7671
66	70	2.76545
12	44	2.76272
18	40	-2.76249
82	90	-2.76188
12	48	2.76006
8	76	-2.75996
58	76	2.75993
88	94	2.75923
42	48	2.75198
0	84	2.75176
42	96	2.74985
4	32	2.74534
30	96	2.74458
8	34	2.74446
44	62	2.74376
56	82	-2.74353
14	44	2.74318
74	88	2.74137
58	98	-2.73626
44	54	-2.73194
6	84	2.73023
10	26	2.7293
44	78	2.72818
46	70	2.72689
32	52	2.72671
12	32	2.72596
2	86	2.72515
58	90	-2.72409
0	14	2.72248
18	26	2.72051
38	84	2.71969
30	48	2.71859
60	72	-2.71806
26	82	2.71653
20	44	2.71643
44	50	2.71618
42	50	2.71486
62	72	-2.71365
10	58	2.71262
2	88	2.71185
44	48	2.70955
58	70	2.70895
32	62	2.70685
12	38	2.70678
86	94	2.70572
74	86	2.70521
52	62	2.70384
4	44	2.70216
56	58	-2.70002
16	18	2.70002
0	12	2.69768
14	38	2.69234
40	76	-2.68965
10	40	-2.6896
36	84	2.6854
26	40	-2.67884
38	52	2.6775
20	32	2.67509
82	98	-2.67484
0	52	2.67356
70	76	2.67285
14	36	2.67247
32	50	2.66676
8	22	-2.66384
12	36	2.6624
54	82	2.66199
32	48	2.66189
62	84	2.6593
32	72	-2.65324
8	92	-2.65253
8	24	-2.65071
6	78	2.64974
44	72	-2.64967
4	14	2.64745
20	38	2.64241
8	98	2.64143
6	14	2.63762
36	56	2.63662
30	50	2.63481
0	20	2.63466
24	70	2.63405
8	18	-2.6336
40	54	-2.63354
52	80	2.63285
16	24	2.63186
20	62	2.63073
48	64	2.62959
36	52	2.62513
12	62	2.62285
66	86	2.62173
16	76	2.6216
62	64	2.62154
30	62	2.62079
68	92	2.62023
6	54	-2.61465
42	62	2.61415
46	88	2.61408
14	78	2.61373
56	60	2.61211
4	6	2.61208
36	90	2.60796
24	82	2.60675
24	58	2.60635
54	72	2.60572
28	48	2.60555
22	68	2.60208
8	10	-2.59878
4	84	2.59691
40	70	-2.59526
20	36	2.59415
26	92	2.59174
60	90	2.59063
6	72	-2.58562
18	54	2.58137
20	80	2.57832
38	56	2.57809
78	84	2.5763
64	96	2.57423
22	26	2.57376
0	56	2.57354
70	82	2.5723
60	62	2.57194
0	50	2.5716
14	18	-2.56823
38	50	2.56674
0	62	2.56647
4	34	2.55957
4	40	2.55929
2	70	2.55753
4	98	2.55744
70	94	2.55052
38	90	2.54942
42	52	2.54606
0	90	2.54544
38	62	2.54432
28	50	2.54332
12	80	2.54055
58	86	2.53904
4	82	-2.53825
0	48	2.53611
6	80	2.53591
76	86	2.53543
70	74	2.53437
0	72	-2.53231
24	86	2.53208
24	40	-2.52706
34	70	-2.5229
48	72	-2.52283
54	58	2.52264
38	48	2.52219
20	42	2.52172
14	56	2.52054
10	14	-2.51643
16	66	2.51568
12	60	2.5118
14	90	2.50939
78	98	2.50876
10	54	2.50802
14	62	2.50769
52	60	2.5068
34	66	-2.50561
36	50	2.50458
34	78	2.50225
48	84	2.5018
8	90	2.50148
14	82	-2.49979
38	72	-2.49764
34	54	-2.49477
40	78	2.49153
28	62	2.49108
50	64	2.48398
36	62	2.48113
80	96	2.47457
48	60	2.47347
8	56	2.47333
78	82	-2.47166
18	90	-2.4693
32	88	-2.46511
26	34	-2.4648
0	88	-2.46443
12	42	2.46357
38	88	-2.4599
44	88	-2.45925
8	46	-2.4583
18	56	-2.45796
30	52	2.45704
36	48	2.45699
32	56	2.45684
44	68	-2.45651
20	60	2.45556
36	72	-2.45502
26	46	2.4534
44	80	2.45314
32	68	-2.45235
6	68	-2.45071
36	88	-2.44984
50	60	2.44936
60	88	-2.44843
68	86	2.44799
18	34	-2.4478
54	98	-2.44648
70	98	-2.44212
4	58	-2.44196
2	62	-2.43992
66	92	2.43899
62	74	-2.43833
6	88	-2.43821
18	70	2.43766
88	92	2.43747
14	40	2.43702
52	94	-2.435
46	48	-2.43139
32	90	2.43087
22	66	2.43069
10	70	2.43043
56	84	2.42693
20	30	2.42602
12	94	-2.42467
22	88	2.42351
40	86	-2.42285
18	84	-2.42173
0	68	-2.42124
12	78	2.42112
20	94	-2.42105
52	84	2.42074
50	94	-2.42065
50	84	2.41857
46	62	-2.41753
38	68	-2.41364
6	94	-2.41309
84	90	2.41248
22	50	-2.41217
48	92	-2.41072
60	82	-2.40936
16	26	2.4086
66	90	-2.40739
44	56	2.40723
50	92	-2.40693
32	80	2.40617
60	68	-2.40466
80	86	-2.40334
12	84	2.40239
48	74	-2.40235
88	96	-2.40173
34	76	-2.40172
2	48	-2.40161
46	50	-2.40082
42	70	-2.40065
22	48	-2.39816
22	58	2.39664
50	72	-2.39633
82	86	2.39622
72	80	-2.39559
30	70	-2.39046
36	68	-2.39031
56	66	-2.38956
34	86	-2.3893
10	90	-2.38834
66	98	-2.38829
42	86	-2.38735
18	60	-2.38414
80	92	-2.38297
46	80	-2.38226
44	90	2.38157
58	92	2.38136
48	94	-2.38027
28	52	2.37858
40	60	2.37853
12	30	2.37847
10	56	-2.37835
58	78	-2.37787
10	84	-2.37719
78	88	-2.37641
28	70	-2.37613
30	86	-2.37562
52	78	2.37546
10	34	-2.37448
24	92	2.37383
14	16	-2.37376
54	88	2.37309
84	88	-2.37242
44	94	-2.37211
48	86	-2.36957
4	18	-2.36954
70	80	-2.36922
4	72	-2.36922
26	28	-2.36893
20	84	2.36762
68	84	-2.36706
22	52	-2.36523
4	88	-2.36453
8	42	2.36404
4	12	2.36403
26	98	-2.3637
8	28	2.36366
12	16	-2.36327
26	30	-2.36268
16	82	2.36215
76	92	2.36198
26	64	-2.36164
22	80	-2.36115
6	74	-2.36082
20	28	2.35922
58	96	-2.35851
2	80	-2.35802
14	48	2.35791
82	96	-2.35623
22	24	2.35566
62	92	-2.35386
62	68	-2.35375
16	20	-2.35353
22	76	2.35239
14	88	-2.35227
20	78	2.35206
20	22	-2.3519
82	84	-2.3518
32	94	-2.3514
52	68	-2.35116
74	80	-2.3511
68	96	-2.35107
72	78	-2.35054
52	92	-2.35035
42	92	-2.34981
52	72	-2.34966
44	74	-2.3495
48	68	-2.3488
46	52	-2.34851
76	90	-2.34797
14	58	-2.34775
50	68	-2.34763
2	6	-2.34606
28	86	-2.34556
40	96	2.34277
8	30	2.34272
50	74	-2.34216
50	86	-2.34195
22	42	-2.34189
28	66	-2.34089
12	68	-2.33865
6	46	-2.33862
2	50	-2.33619
18	98	-2.33532
56	76	-2.33494
8	96	2.33436
54	62	-2.33348
2	44	-2.33334
62	94	-2.33313
32	74	-2.33298
20	92	-2.33196
86	98	-2.33154
12	22	-2.33071
6	42	2.33053
10	60	-2.32967
22	62	-2.32861
52	64	2.32841
72	74	2.32659
18	78	-2.32506
54	66	2.32418
52	88	-2.32408
4	52	2.32373
2	72	2.32275
2	26	2.32253
26	90	-2.3225
20	68	-2.32168
26	42	-2.32166
12	88	-2.32083
14	52	2.3208
16	72	2.32041
14	68	-2.31882
12	14	2.31869
20	46	-2.31858
30	92	-2.31849
22	34	-2.31751
54	76	2.3175
64	70	-2.31655
2	32	-2.31609
18	72	2.31533
24	64	-2.3144
62	86	-2.31408
12	72	-2.31358
66	96	-2.31358
8	94	-2.31332
0	94	-2.31288
12	92	-2.31267
30	66	-2.31204
12	46	-2.31189
38	94	-2.31139
64	86	-2.31136
4	10	-2.31126
80	84	2.31072
42	46	-2.31035
12	28	2.30987
6	56	2.30908
74	84	-2.30877
50	88	-2.30598
26	56	-2.30472
16	58	2.30353
20	72	-2.30219
16	84	-2.30184
22	30	-2.30008
20	88	-2.29987
44	46	-2.29917
40	84	2.29892
4	20	2.29833
48	70	-2.29768
64	66	-2.29723
12	54	-2.29692
36	82	-2.29692
2	84	-2.2967
26	74	2.29668
28	76	-2.29561
28	58	-2.29547
68	72	2.29533
14	50	2.29527
22	40	-2.29485
30	46	-2.29476
76	98	-2.29331
46	66	2.29259
16	52	-2.29251
20	64	2.29213
36	40	2.29194
10	72	2.29126
52	74	-2.29114
0	80	2.29066
48	88	-2.29007
6	30	2.28987
54	68	2.28887
26	96	-2.28856
34	92	-2.28842
2	8	-2.28636
64	76	-2.28628
10	86	2.2858
28	92	-2.28554
6	90	2.28442
62	88	-2.28425
18	86	2.28354
68	70	2.28165
70	96	-2.28159
2	52	-2.28057
18	96	-2.28034
14	20	2.28024
38	80	2.28002
36	94	-2.28001
74	96	-2.2797
52	54	-2.27933
8	16	-2.27896
62	78	2.2787
68	78	-2.27848
24	46	2.27845
40	92	-2.27811
10	78	-2.27732
22	98	-2.27666
14	34	2.2766
24	34	-2.27608
58	60	-2.27602
50	70	-2.27566
34	60	2.27532
26	80	-2.27528
42	66	-2.2745
32	46	-2.27424
16	40	-2.27392
86	88	2.27318
2	30	-2.27247
12	64	2.27162
16	94	2.27155
2	96	-2.27151
26	94	2.27028
22	28	-2.27005
48	96	2.26966
10	98	-2.26905
0	82	-2.26856
30	76	-2.26856
80	94	-2.26749
30	74	-2.26676
76	96	-2.26664
60	74	-2.26662
8	74	-2.26642
2	42	-2.26552
6	92	-2.26521
36	98	2.26511
42	58	-2.264
34	36	2.26371
42	74	-2.26371
14	76	-2.26337
72	88	2.26281
56	72	-2.2628
50	78	2.26216
4	68	-2.262
0	74	-2.262
6	22	-2.26186
28	46	-2.26163
38	82	-2.26123
52	86	-2.26111
8	54	-2.26061
6	64	2.26058
50	96	2.25712
0	40	2.25707
12	74	-2.25661
22	82	2.2565
4	62	2.25635
70	90	-2.25589
72	90	-2.25434
8	80	2.25374
20	74	-2.25318
60	98	2.25301
16	54	2.25297
24	90	-2.25246
38	40	2.25187
2	64	-2.25094
24	28	-2.25092
38	74	-2.25048
28	82	-2.25002
2	60	-2.24926
92	98	-2.24914
68	80	-2.24903
18	36	-2.24828
86	96	-2.24823
2	28	-2.24796
60	80	2.24771
10	96	-2.24734
24	56	-2.24614
30	58	-2.2452
28	74	-2.24516
82	92	2.24511
2	12	-2.2448
14	98	2.24435
20	86	-2.24417
0	2	-2.24403
14	66	-2.24398
24	30	-2.2434
20	54	-2.2431
8	64	2.24279
2	20	-2.24257
28	40	2.24221
46	64	-2.2402
60	94	-2.23944
46	96	-2.23931
42	44	2.23926
64	74	-2.23782
64	92	-2.23757
42	94	-2.2367
48	54	-2.23666
46	76	2.23638
0	18	-2.23628
42	88	-2.23496
42	68	-2.23458
64	72	-2.23441
56	70	-2.23283
2	38	-2.2327
48	78	2.23267
4	66	-2.23262
36	80	2.23042
62	70	-2.22941
18	38	-2.22914
14	74	-2.22843
4	76	-2.22798
16	70	2.22732
28	88	-2.22649
92	96	-2.22272
4	50	2.22265
16	22	2.22199
12	86	-2.22006
10	36	-2.21984
42	76	-2.2187
36	74	-2.21833
50	54	-2.21829
94	96	-2.21804
58	84	-2.2171
34	38	2.21605
16	60	-2.21579
28	68	-2.21537
38	98	2.21524
2	14	-2.21508
0	34	2.21404
32	82	-2.21275
22	96	-2.21224
4	8	2.21181
30	44	2.21082
0	98	2.21063
46	72	2.21046
34	96	2.20987
24	54	2.20939
44	92	-2.20917
16	38	-2.20849
40	42	2.20799
76	78	-2.20714
22	64	-2.20703
46	58	2.20701
0	46	-2.20662
0	10	-2.20607
18	32	-2.20596
44	64	2.20533
16	36	-2.2048
72	82	2.20471
56	88	-2.20298
30	68	-2.20289
10	38	-2.20253
22	44	-2.20238
18	28	-2.20218
4	48	2.20216
0	16	-2.20201
2	36	-2.20112
66	78	-2.20109
84	94	-2.20098
24	78	-2.20008
38	46	-2.19947
80	88	-2.19924
32	42	2.19871
42	82	-2.19817
6	28	2.19727
4	24	-2.19708
24	98	-2.19653
36	58	-2.19569
46	84	-2.19352
32	40	2.19343
30	88	-2.19327
10	28	-2.19283
6	16	-2.19274
52	70	-2.19254
66	80	-2.19206
30	82	-2.19045
16	92	2.18939
26	54	2.18931
88	90	-2.18782
2	24	2.18774
30	94	-2.18759
16	32	-2.18737
30	40	2.18648
14	80	2.18498
34	84	2.1849
16	44	-2.18439
20	70	-2.18348
24	96	-2.1817
32	92	-2.18147
16	86	2.18102
24	94	2.17948
24	42	-2.17941
90	96	2.17937
16	88	2.17653
32	64	2.17651
46	60	-2.17544
10	32	-2.17524
22	32	-2.17459
2	66	2.1742
18	44	-2.17408
84	98	2.17401
30	32	2.17391
44	82	-2.17365
28	94	-2.17225
56	96	2.16966
72	98	-2.16938
72	94	2.16935
24	74	2.16818
30	72	-2.16742
6	86	-2.16631
0	58	-2.166
62	96	2.16598
8	78	2.16588
36	46	-2.16581
40	72	-2.16426
16	68	2.16293
14	24	-2.16273
16	50	-2.16266
8	48	2.16241
38	58	-2.16173
10	22	2.16154
8	50	2.15994
24	80	-2.15807
10	92	2.15682
66	94	2.1562
12	70	-2.15579
40	44	2.1556
20	96	2.15508
66	74	2.15439
18	22	2.15386
34	42	2.15379
76	80	-2.15336
58	64	-2.15307
52	96	2.15254
4	26	-2.15058
42	72	-2.15032
18	30	-2.15023
76	84	-2.15
18	92	2.14935
10	44	-2.14829
26	48	-2.14754
60	76	-2.1472
10	30	-2.14698
10	64	-2.1463
28	34	2.14402
54	96	-2.1438
96	98	2.14169
16	78	-2.14135
78	94	-2.14027
14	94	-2.13955
34	72	-2.13871
70	88	2.1386
60	66	-2.13808
86	90	-2.13802
32	34	2.13759
34	46	-2.1372
24	36	-2.13649
54	74	2.13581
2	76	2.13541
8	14	2.13484
38	64	2.13297
66	84	-2.13224
4	16	-2.13201
18	64	-2.13169
32	98	2.13146
26	78	-2.13136
76	94	2.13082
0	64	2.13053
28	44	2.12819
16	46	2.12741
40	46	-2.12631
64	84	2.12573
0	92	-2.12366
36	76	-2.12351
58	80	-2.12322
0	42	2.12316
16	34	-2.12272
46	98	-2.12211
18	42	-2.12188
36	64	2.12126
12	24	-2.121
0	22	-2.12093
2	54	2.1208
56	86	-2.1204
38	92	-2.11978
38	42	2.11919
22	38	-2.11798
74	76	2.1178
14	46	-2.11713
14	26	-2.11637
44	86	-2.11635
32	58	-2.11608
4	94	-2.11564
12	96	2.11545
64	68	-2.11529
64	82	-2.11497
10	42	-2.11247
74	78	-2.11233
30	34	2.11202
12	56	2.11154
26	62	-2.11147
26	50	-2.11063
24	38	-2.11052
72	92	2.10982
58	94	2.10947
54	94	2.10938
6	18	-2.1087
42	98	2.10765
20	24	-2.10758
58	72	2.10728
46	82	2.10696
34	44	2.10655
10	12	-2.10637
40	64	2.10398
0	30	2.10384
44	98	2.10222
56	68	-2.10212
30	84	2.10202
30	38	2.10078
64	94	-2.10058
2	78	-2.10028
42	84	2.10027
38	76	-2.09945
28	32	2.099
4	74	-2.09762
36	66	-2.09754
0	24	-2.09701
6	10	-2.09665
6	82	-2.09659
12	90	2.0949
0	76	-2.09395
64	78	2.09338
8	20	2.09308
22	72	2.09306
28	98	2.09296
32	86	-2.09287
10	20	-2.0928
8	52	2.09203
16	98	-2.09142
26	68	2.09142
8	62	2.09082
36	92	-2.0906
28	72	-2.0901
68	90	-2.08973
16	90	-2.08938
22	36	-2.08913
52	56	2.08903
84	92	-2.08893
24	60	-2.08885
2	58	2.08885
8	68	-2.08869
16	56	-2.08725
44	58	-2.08718
78	80	2.08717
36	42	2.08629
2	4	-2.08574
14	96	2.08521
6	70	-2.08491
72	76	2.08486
64	88	-2.08463
6	40	2.08426
8	60	2.08375
60	92	-2.08278
4	96	2.0812
56	62	2.08087
34	94	-2.08072
54	80	-2.08059
60	64	2.08012
24	52	-2.07986
24	84	-2.07837
42	60	2.07816
12	18	-2.07689
58	74	2.07688
12	76	-2.07481
20	56	2.07479
52	90	2.07478
22	60	-2.07463
22	84	-2.0744
48	66	-2.0743
38	66	-2.07408
30	36	2.07387
30	98	2.07319
54	70	2.07319
22	90	-2.07237
40	80	2.07213
0	66	-2.07165
64	98	2.07087
4	64	2.07063
16	74	2.07044
20	26	-2.06996
62	90	2.06933
2	98	-2.0693
20	76	-2.06901
80	82	-2.06887
34	64	2.06778
30	60	2.06664
94	98	-2.06659
8	12	2.06632
4	80	2.06599
82	88	2.06514
16	48	-2.06428
26	52	-2.06422
18	88	2.06362
18	20	-2.0636
28	90	2.06351
10	52	-2.06305
72	86	2.06295
10	46	2.06288
2	16	2.06287
66	72	2.06284
12	26	-2.06172
20	90	2.06164
24	68	2.06108
90	92	-2.06077
74	98	-2.05898
22	56	-2.05866
46	54	2.05716
78	96	2.057
40	88	-2.05674
40	94	-2.05662
2	34	-2.05659
46	78	-2.05648
10	88	2.05593
24	48	-2.05525
28	56	2.05499
8	84	2.05491
6	34	2.05458
56	64	2.05441
50	66	-2.05435
18	46	2.05429
6	98	2.05305
64	90	2.05293
4	70	-2.05276
32	76	-2.05209
16	62	-2.05079
26	60	-2.05033
14	64	2.05003
60	96	2.04964
0	28	2.0496
34	80	2.04881
24	88	2.04849
24	50	-2.04846
56	92	-2.04845
28	38	2.04823
48	58	-2.04784
50	58	-2.04782
28	84	2.04752
20	66	-2.04746
34	74	-2.04712
0	86	-2.04685
52	76	-2.04609
48	76	-2.04602
44	70	-2.04586
42	90	2.04581
26	36	-2.04527
26	84	-2.04487
12	66	-2.04483
10	94	2.04437
24	32	-2.04433
62	66	-2.04427
38	86	-2.04425
16	64	-2.04343
8	36	2.04329
50	56	2.04275
18	52	-2.04201
10	80	-2.04154
18	80	-2.0411
4	46	-2.04107
24	72	2.04058
16	96	-2.04049
24	62	-2.03999
14	30	2.03984
84	96	2.03903
82	94	2.03876
2	40	-2.0385
14	42	2.03849
84	86	-2.03797
42	56	2.03729
6	58	-2.03714
32	66	-2.03711
44	76	-2.03707
48	56	2.03707
16	28	-2.03639
80	98	2.03599
24	44	-2.03593
6	24	-2.03586
50	76	-2.03585
14	92	-2.03492
50	90	2.0343
70	78	-2.03415
52	66	-2.03366
34	50	2.03327
30	90	2.03232
2	82	2.03114
40	74	-2.0311
28	36	2.03073
32	70	-2.03061
6	96	2.02944
34	88	-2.02888
48	90	2.0288
0	8	2.02878
88	98	-2.02785
26	38	-2.02767
8	38	2.02715
60	86	-2.02679
62	76	-2.02663
16	42	-2.02659
36	86	-2.0265
28	60	2.02618
30	56	2.02617
14	22	-2.02604
18	62	-2.02508
74	82	2.02472
18	94	2.02457
26	88	2.02419
16	30	-2.02405
0	26	-2.02306
66	68	2.02294
44	66	-2.02278
40	50	2.02266
58	88	2.02248
50	98	2.02152
20	34	2.02149
40	48	2.02124
14	70	-2.02057
8	88	-2.02017
20	98	2.02
18	68	2.0195
6	76	-2.01931
14	28	2.01872
68	76	2.01843
34	52	2.01841
10	68	2.01801
28	54	-2.01771
48	82	-2.0174
68	82	2.01677
54	86	2.01669
10	62	-2.01634
62	98	2.0158
42	54	-2.01543
52	98	2.01509
34	48	2.0145
70	72	2.01433
44	96	2.01425
8	32	2.01422
20	58	-2.01366
62	82	-2.01345
12	98	2.01336
56	74	-2.01308
36	96	2.01298
32	96	2.01284
26	72	2.01281
40	68	-2.01269
12	34	2.01267
58	62	-2.01257
54	92	2.01248
76	88	2.01245
2	10	2.01233
30	78	2.01226
6	8	2.01219
50	82	-2.01203
52	58	-2.01201
8	72	-2.01164
10	50	-2.01156
0	96	2.01122
2	56	-2.01106
22	54	2.01084
78	92	-2.01028
2	18	2.01
56	94	-2.00964
8	44	2.00929
14	86	-2.00923
54	64	-2.00923
74	90	-2.00913
22	78	-2.00906
60	70	-2.00903
38	96	2.00886
58	68	2.0085
72	96	-2.00846
16	80	-2.00837
42	78	2.00831
30	54	-2.0083
70	84	-2.00819
2	90	-2.00795
10	74	2.00764
4	86	-2.00727
48	98	2.00711
90	94	-2.00674
6	26	-2.00661
40	62	2.00659
0	70	-2.00649
18	74	2.006
46	90	-2.0059
38	70	-2.0054
6	66	-2.00506
12	82	-2.00478
18	50	-2.004
4	30	2.00395
4	22	-2.00392
4	92	-2.00381
12	58	-2.00365
4	42	2.00342
40	52	2.00338
78	86	-2.0033
46	56	-2.00288
34	62	2.00287
26	32	-2.00278
18	48	-2.00245
4	28	2.0023
68	98	-2.00214
28	78	2.00203
56	80	2.00189
66	88	2.00177
20	40	2.00175
80	90	2.00114
12	40	2.00106
20	82	-2.00066
52	82	-2.00065
36	70	-2.00057
34	68	-2.0004
26	44	-2.00029
10	48	-2.00021
