id label data 
0 1 0.8997274126041575 0.885644999411864 
1 -1 0.43077082092540797 0.20843851367615646 
2 1 1.288780881527704 1.0353106852002494 
3 1 0.5990256423660597 0.9760301493598754 
4 1 1.277765434048773 0.8151923829342491 
5 1 1.0980631891171966 1.0588076359794958 
6 -1 0.503628640755908 0.6605455233727556 
7 -1 0.04790009871917259 1.1052676360471816 
8 -1 0.5462183574259084 0.15299446792846377 
9 -1 0.22157524249759988 0.44027137428088836 
10 1 1.437396293265327 1.1101473381492877 
11 -1 0.7367683818238656 0.5925386425785346 
12 1 0.7930513879262804 1.2282780366058048 
13 1 1.3748641296522788 0.4785397103478509 
14 -1 0.5152139110384756 0.7054071202921062 
15 -1 0.20043125668393447 1.1818536801542987 
16 1 1.0488428192066848 0.6506635118697691 
17 1 1.1390617606743398 1.1151835132045684 
18 1 1.0484889191811446 0.7671636989079393 
19 -1 0.7412266158438117 0.09691866759259461 
20 1 1.2391083762213604 0.9069607620184879 
21 -1 0.4051793546875783 0.37138726827429996 
22 1 1.2121221287542847 0.6282342195847752 
23 -1 0.6168247700305702 0.8889167704424668 
24 1 1.4517380535016888 0.6810349688852282 
25 1 0.8129553033865734 1.0454505198378299 
26 1 1.3045095657109076 0.9386002310515387 
27 1 0.950595650384522 0.8852185547642144 
28 1 1.0089000146648095 1.3492560903526298 
29 -1 0.9719061898830469 0.13342093708664285 
30 -1 0.1534182715727587 0.7984879980948482 
31 1 1.0974498747347192 0.5438635232642494 
32 1 0.6273639351899707 1.5528389492446597 
33 -1 0.3292563284223965 0.8913900598606896 
34 -1 0.34195056485598174 0.49580864450050194 
35 1 0.44004773183694673 1.3531517097042294 
36 1 1.3989607032030795 0.44857616967088193 
37 1 1.1766969625955854 0.7980472652233995 
38 -1 0.7968939871840311 0.36172606298720833 
39 1 1.3988667247870101 0.5396098533797785 
40 -1 0.28744739686495513 1.092135284410854 
41 -1 0.5367938308275242 0.07682049511779634 
42 -1 0.15758705243276952 1.1393362727872978 
43 -1 1.3662431243444146 0.8196857282659044 
44 1 1.0627727462861223 0.5533298841248617 
45 1 0.502834048056663 0.8977385809873064 
46 1 1.5629421161324482 0.3597570217754503 
47 -1 1.1211680326322617 0.7843980676827992 
48 1 1.1042124928937052 0.3582602028904188 
49 1 0.7756509010975158 0.7941914660098992 
50 -1 0.6601013002313971 0.8342899151840323 
51 1 1.3880192267422908 0.3344789691449185 
52 -1 1.004126771441499 0.962328742094954 
53 1 1.0724058772688625 1.1390356565099837 
54 -1 0.36574329362419117 0.5197981638289867 
55 1 1.5052097065515753 1.2022549443512458 
56 -1 1.0367244327811798 1.2378355732658721 
57 -1 1.2849313223170478 0.4437990259048941 
58 -1 0.1267482638678032 0.963763593098434 
59 -1 0.5880846340537756 0.6192803444206915 
60 1 0.8163352744677678 0.9448552880859348 
61 1 0.9281409010049905 1.2109290818971685 
62 -1 0.31716835227391554 1.2329075521209147 
63 -1 0.8115119291952887 0.17075840882209445 
64 -1 0.735467799874647 0.3295706031370253 
65 1 0.9790953508922429 0.4670948822795677 
66 -1 0.9651302755822487 0.37846645984665006 
67 1 0.6135423367083016 1.2845974743227633 
68 -1 0.4232027534505636 0.773665993975239 
69 1 0.581833431675413 1.014066377580982 
70 1 0.7360212833035961 1.2520827028023238 
71 1 0.804466557355885 1.144606712917705 
72 -1 0.5469457339859403 0.9402410326164059 
73 1 0.5005609905502647 0.6575648296390109 
74 1 0.7584927149916235 1.3944251321780412 
75 1 1.017144876928135 0.6157425224830517 
76 -1 0.11430611136372405 0.8803111205934714 
77 -1 1.0746103493037553 0.5977019499545643 
78 -1 0.3784859839513743 0.07104671654841219 
79 -1 0.2713303063314271 1.0923824034272067 
80 1 0.8435688422691385 0.7919353519789144 
81 -1 0.23660697313318133 1.2398719237749614 
82 1 0.983604316326567 0.47554466534542283 
83 -1 0.552271632333746 0.1811656369537374 
84 1 0.782290634434747 0.8148056093746265 
85 -1 0.19026204020977852 0.9689424399749608 
86 1 0.8585500004965194 1.0041734273353955 
87 1 0.5307058439068645 1.2733607287565762 
88 1 1.0446356578369689 0.7390113885262829 
89 -1 0.9430515947064305 0.3315307218334037 
90 1 1.215574578723545 0.6144953780447135 
91 -1 0.37809355241887227 0.875553775589978 
92 1 0.8592652345694347 0.6577271982135716 
93 1 1.125536499137225 1.1254479328289044 
94 1 0.7823705899601345 0.7219576214249094 
95 -1 0.5970751147361223 0.9577550098129001 
96 -1 0.15879750028664527 0.69088748208371 
97 -1 0.16681675792185663 0.9791121746936149 
98 1 1.4527514886099657 0.9043080628906377 
99 1 0.8350324377285196 1.3621787163158743 
100 1 1.2508743239425713 1.1676627990820165 
101 -1 0.5818850938501032 0.16291918221767604 
102 1 0.9575845155264711 0.7206758584477699 
103 1 0.7580308934953427 1.2397591653917044 
104 -1 0.2708504373553485 0.3960005699103415 
105 -1 0.4050134143719578 0.7478813747610408 
106 1 1.5335774992186082 0.6195747616526943 
107 -1 0.27348807078037185 1.1717498911304873 
108 1 0.7038675404739958 1.2059489227788416 
109 -1 0.10842890956600969 0.6951357637068155 
110 -1 0.5916963613734243 0.9246599340624776 
111 -1 0.11551508621132524 1.3846651308944429 
112 1 0.8759238138834676 1.1576092397667221 
113 1 0.7200921231138822 1.2818059253701468 
114 -1 0.6819529777320456 0.8374878385121388 
115 -1 0.5397269122946382 0.13245501602953133 
116 1 0.9829114848793132 1.1263176251592861 
117 -1 0.2505067816060749 0.10899498513414178 
118 -1 0.8702915699872554 1.071037502940879 
119 -1 0.33026815193076187 0.7556581906071783 
