id label data 
0 1 1.2321995618192088 0.6809779012257722 
1 -1 0.6632345864621245 0.9379811997890789 
2 1 1.2741382400718417 1.224635675708362 
3 -1 0.4021034138866857 0.14148526928436508 
4 1 1.0686142712544833 0.8373867516253872 
5 -1 0.18328791968029504 0.5042754912995931 
6 1 1.439786318308708 0.6952835454225426 
7 1 0.7337057579299324 1.147715028763766 
8 -1 0.1989494855782372 0.2271319463831503 
9 -1 1.0519387248154453 0.45013402495908483 
10 1 1.5707963267948966 0.9547491267204692 
11 1 0.6170327125192379 1.2167456668642376 
12 1 1.2265621746073458 0.955782819875148 
13 1 1.1843310841770993 0.5209085312072748 
14 -1 0.2975478405403179 1.123455608452635 
15 -1 0.3077837617860584 1.0326404128161808 
16 -1 0.7949900054912475 0.1754780949912437 
17 -1 0.47801662483241436 0.5905316510160492 
18 -1 0.5352000972870203 0.9641315364635373 
19 1 1.1086789324386208 0.9623800690522899 
20 -1 0.2810548927796306 0.5814834675413634 
21 1 1.064011577328517 0.8514753915025882 
22 -1 0.10642810657823326 0.7548127388407956 
23 -1 0.03389284549815611 1.0274819593175981 
24 -1 1.0634480532867343 0.7494695549425762 
25 1 1.3875887791725925 1.063327605988828 
26 -1 0.25316921560650246 1.0592041529353287 
27 1 1.4338148429754116 0.6518024541409673 
28 -1 0.3632289796506747 1.0201949530233652 
29 -1 0.14088994428618665 0.9091263637532371 
30 -1 0.6794247630890214 0.5726232129075169 
31 1 1.0495176175480718 0.7924976640307579 
32 1 1.021015208474228 0.9387401749670696 
33 -1 0.5487720743463355 0.515749859949002 
34 1 1.066476338351442 1.1930030577971227 
35 1 1.2116738583138382 1.2228460091542173 
36 -1 0.4361565887545404 0.5821014752900852 
37 1 1.516934122293282 0.8496655246987933 
38 -1 0.9342337579401538 0.47575513706176675 
39 -1 0.21768123578166082 1.0302527191947681 
40 1 1.1347580711131624 0.6719712883500734 
41 1 1.371086115890415 0.8759270500117834 
42 1 1.1865657131619136 0.5024985615604418 
43 -1 0.40578866486399207 1.1342357283167732 
44 -1 0.5669919000045303 0.26439608639549234 
45 1 1.4578391041546859 0.9555496998739617 
46 1 1.2959504533408097 0.6050229865653434 
47 1 1.1359540501109786 0.9673709434535441 
48 -1 0.1933774337363389 0.6904027468273085 
49 -1 0.6259230718227342 0.47707725109419696 
50 -1 0.8559760960104329 0.7856651477086477 
51 1 0.512538223593279 0.9215079344461095 
52 1 0.9905752825663673 0.7737998771913308 
53 1 1.238831234458325 0.3000375017851934 
54 -1 0.05189160544016783 1.0736460874482814 
55 1 1.2855679764318544 0.5986708476237881 
56 1 0.7718364522268216 1.1026027260311047 
57 -1 0.5794136915703032 1.156565411730764 
58 -1 0.42227705695679646 0.1517990503600473 
59 1 1.1994759265037376 0.8204769886070684 
60 -1 0.3630783986147846 0.32535953645262616 
61 -1 1.2380735975305897 0.3413797156234673 
62 -1 0.6165079918863909 0.0009072225113010423 
63 -1 0.20585159210460832 0.7197706658226609 
64 1 0.7872701912607837 1.006510730245694 
65 -1 0.19312929765750453 0.68348572662452 
66 1 1.108847622543278 0.48366463023137213 
67 -1 0.9533231897127843 0.20659230324083527 
68 -1 0.4528707946088132 0.36413598522687646 
69 -1 0.2551741314855227 0.3033447739473894 
70 1 1.4080725186658178 0.7564281510788682 
71 -1 0.32543047601849895 1.0906858755032425 
72 1 1.0129534371142355 0.5459111444948062 
73 -1 1.0029111360002019 0.17787479380470642 
74 1 0.6118698477978028 0.9656497837755783 
75 1 0.9557495387144995 1.2426858246772934 
76 1 1.1351600703313647 1.477881094676697 
77 -1 0.4224228158032085 1.1892337704627531 
78 1 0.7632494726460882 0.72290857636242 
79 -1 0.7812499502396626 0.10569445405746579 
80 -1 0.9639572151876132 0.35706808391994144 
81 1 1.445963984576977 0.7186570550024824 
82 -1 0.4334404090862941 0.9706358804148544 
83 -1 0.6851629507077559 0.17745206475575565 
84 1 0.9156987703072348 1.2245049731946336 
85 -1 1.1033028099403237 0.7810472062728436 
86 1 1.4241160122587637 0.9861646833714102 
87 1 1.09311733245557 0.6163199468927825 
88 1 0.5862402426453761 1.4779393741834108 
89 1 1.1568801686284502 0.870165194329505 
90 1 0.8474361637450374 1.2080307283406337 
91 1 0.706166968226222 1.2852423165841131 
92 1 0.7092287430217409 1.1531149896446162 
93 -1 0.2561968169878331 0.5543783564297466 
94 -1 0.1471612834650327 0.6586675269533543 
95 -1 0.39216956857423 1.1156896353990668 
96 -1 0.7591742645871979 0.0025398498062234477 
97 -1 0.6145290335921406 0.3251748504225906 
98 -1 0.6421009258267096 0.9939169675907565 
99 1 0.20471554077163384 1.2279606684927966 
100 1 0.9870099804823834 1.1474575627368142 
101 -1 0.20602264856314234 0.8656017051568802 
102 -1 0.7349442817018372 0.03895973605139999 
103 1 0.9275809387860542 1.0348448222032534 
104 -1 0.5779863488117154 0.6203917660409353 
105 1 1.1647783157812026 0.7245221336678678 
106 1 0.3668682831087729 1.0840297756627344 
107 1 1.5602884603774143 0.8587420991158138 
108 -1 0.544374922940851 0.5964526762697161 
109 1 1.0489785288700468 0.7797055562499694 
110 1 1.1989796928067018 0.8383852087065162 
111 1 0.7846844010926701 0.5826929270893643 
112 -1 0.9308695708269112 0.6810562554174351 
113 1 1.3111968863025443 0.5780115959096732 
114 1 1.390075743134627 0.5837289239456659 
115 -1 0.3023774496468467 1.3376076947917461 
116 1 0.6124779986056984 0.8458181872809044 
117 1 0.6966287210996703 1.1441029684040547 
118 -1 0.4649423942275955 0.6945219542362178 
119 -1 0.4234977924076181 0.22480265260903173 
120 -1 1.3582843773594129 0.7474333548662316 
121 -1 0.8662915905680656 0.15425109953708482 
122 1 1.3917345290008856 0.8640067451217269 
123 -1 0.3020490734301392 0.6539795781982262 
124 1 1.4474846110856388 1.0250802479110297 
125 -1 0.636512961604183 0.4583409364736309 
126 -1 0.499636338869613 0.6145214094858851 
127 -1 0.42666924234013653 0.3711820640062208 
128 -1 0.4633492843818175 0.9156799462657121 
129 1 1.1994207842093205 0.5866636138881404 
130 1 1.118809023660665 1.470499418138188 
131 -1 0.17919253242355845 0.6406477870848241 
132 -1 0.6634494902527412 0.6458487676579568 
133 1 1.3163417498200165 0.9725149265442624 
134 -1 0.9041557650205982 0.1932410428398852 
135 -1 0.42506594612220555 0.7567995788723487 
136 1 0.8372107481017602 0.881887806619873 
137 1 1.115424565365031 0.7254470960403478 
138 -1 0.118729435651364 1.1936741262418924 
139 -1 0.7721067551355361 0.17181705385374227 
140 1 0.673398872553888 1.1660222116842616 
141 -1 0.6612948291039844 0.5460148236788109 
142 -1 0.2569855450217753 0.48919681189417225 
143 -1 0.41813034207034366 0.22795623932008793 
144 1 1.043891412487616 0.5794188136190356 
145 -1 0.13433839525611696 0.5286361882341123 
146 -1 0.8521658888766116 0.2237223128871232 
147 1 0.744174961120379 1.1107744177195835 
148 1 0.8763551694639828 0.9901526758456927 
149 1 0.9479407282943565 0.8714781474361369 
150 -1 0.9182036868606077 0.8371615674071771 
151 -1 1.097216668887805 0.23943597234941613 
152 1 0.8196425791692399 0.8499700506037852 
153 -1 0.9645927250440964 0.3165698763402966 
154 -1 0.4756037647160587 1.0340536354402246 
155 -1 0.6648601875211828 0.0 
156 1 1.4381789326537036 1.1352166641157078 
157 1 0.8293695941196655 0.9189988650212824 
158 -1 0.5978437923070399 0.589290429431597 
159 1 1.3114397116779637 0.9980357344293569 
160 1 0.5146067741477052 1.0193233144943745 
161 -1 0.692603192531754 0.09859482736211538 
162 1 0.6768945114002232 1.1370580145121858 
163 1 0.8678403189046834 1.2188752571683847 
164 1 0.7948595584198955 0.8583266569488446 
165 -1 0.2587150321498466 0.7425235868215628 
166 -1 0.2060167202523948 0.4888815725523604 
167 -1 0.3521523486724478 1.1994418067155148 
168 -1 0.12658400634359854 0.8106452989052955 
169 1 1.2197927363814969 0.5411159201184146 
170 -1 0.4387007851432947 0.12081853450886502 
171 1 1.382668707471698 0.7188823002627402 
172 -1 0.5024206199624397 0.29451910614567994 
173 1 0.8122419250812306 0.9252074565479234 
174 -1 0.7815145891656963 0.7593978798012875 
175 -1 0.6755202085412012 0.05072795278479157 
176 1 0.6075676990401365 0.8759584001863565 
177 -1 0.3130473874868583 0.5604053109911816 
178 -1 0.2724462691194627 0.827528637812408 
179 -1 0.3480643485079436 1.1784936784306037 
