id label data 
0 -1 0.3077837617860584 1.0326404128161808 
1 -1 0.04790009871917259 1.1052676360471816 
2 1 1.125536499137225 1.1254479328289044 
3 1 1.1994207842093205 0.5866636138881404 
4 -1 0.37809355241887227 0.875553775589978 
5 1 0.9905752825663673 0.7737998771913308 
6 -1 0.32543047601849895 1.0906858755032425 
7 -1 0.2713303063314271 1.0923824034272067 
8 1 1.3989607032030795 0.44857616967088193 
9 1 1.0488428192066848 0.6506635118697691 
10 -1 0.20602264856314234 0.8656017051568802 
11 -1 0.21768123578166082 1.0302527191947681 
12 -1 0.28744739686495513 1.092135284410854 
13 1 0.5005609905502647 0.6575648296390109 
14 -1 0.3020490734301392 0.6539795781982262 
15 -1 0.636512961604183 0.4583409364736309 
16 -1 0.18328791968029504 0.5042754912995931 
17 -1 0.39216956857423 1.1156896353990668 
18 1 0.9557495387144995 1.2426858246772934 
19 1 0.7756509010975158 0.7941914660098992 
20 1 1.371086115890415 0.8759270500117834 
21 1 0.8163352744677678 0.9448552880859348 
22 1 0.7823705899601345 0.7219576214249094 
23 1 1.1989796928067018 0.8383852087065162 
24 -1 1.2380735975305897 0.3413797156234673 
25 -1 1.0634480532867343 0.7494695549425762 
26 -1 0.7815145891656963 0.7593978798012875 
27 1 0.9275809387860542 1.0348448222032534 
28 -1 0.5916963613734243 0.9246599340624776 
29 -1 0.4234977924076181 0.22480265260903173 
30 1 0.8122419250812306 0.9252074565479234 
31 1 1.1766969625955854 0.7980472652233995 
32 1 0.9575845155264711 0.7206758584477699 
33 1 0.8350324377285196 1.3621787163158743 
34 1 1.0129534371142355 0.5459111444948062 
35 1 1.5707963267948966 0.9547491267204692 
36 1 1.1994759265037376 0.8204769886070684 
37 1 1.1843310841770993 0.5209085312072748 
38 -1 0.4224228158032085 1.1892337704627531 
39 -1 0.4528707946088132 0.36413598522687646 
40 -1 1.3582843773594129 0.7474333548662316 
41 -1 0.3130473874868583 0.5604053109911816 
42 -1 0.118729435651364 1.1936741262418924 
43 -1 0.25316921560650246 1.0592041529353287 
44 1 0.8585500004965194 1.0041734273353955 
45 1 1.2959504533408097 0.6050229865653434 
46 -1 0.10842890956600969 0.6951357637068155 
47 -1 0.9308695708269112 0.6810562554174351 
48 1 0.6170327125192379 1.2167456668642376 
49 -1 0.8521658888766116 0.2237223128871232 
50 -1 0.3630783986147846 0.32535953645262616 
51 -1 0.9342337579401538 0.47575513706176675 
52 -1 0.43077082092540797 0.20843851367615646 
53 -1 0.36574329362419117 0.5197981638289867 
54 -1 0.5880846340537756 0.6192803444206915 
55 1 0.6075676990401365 0.8759584001863565 
56 -1 0.5779863488117154 0.6203917660409353 
57 1 1.115424565365031 0.7254470960403478 
58 1 1.064011577328517 0.8514753915025882 
59 -1 0.3784859839513743 0.07104671654841219 
60 -1 0.1933774337363389 0.6904027468273085 
61 -1 0.16681675792185663 0.9791121746936149 
62 -1 0.1471612834650327 0.6586675269533543 
63 1 0.502834048056663 0.8977385809873064 
64 1 0.6966287210996703 1.1441029684040547 
65 -1 0.2561968169878331 0.5543783564297466 
66 1 0.7580308934953427 1.2397591653917044 
67 1 0.5307058439068645 1.2733607287565762 
68 -1 0.19312929765750453 0.68348572662452 
69 1 0.804466557355885 1.144606712917705 
70 1 1.3917345290008856 0.8640067451217269 
71 1 1.445963984576977 0.7186570550024824 
72 1 0.9479407282943565 0.8714781474361369 
73 -1 0.9533231897127843 0.20659230324083527 
74 1 0.5862402426453761 1.4779393741834108 
75 1 0.8196425791692399 0.8499700506037852 
76 1 1.1351600703313647 1.477881094676697 
77 -1 0.6819529777320456 0.8374878385121388 
78 -1 0.2724462691194627 0.827528637812408 
79 -1 0.4756037647160587 1.0340536354402246 
80 -1 0.735467799874647 0.3295706031370253 
81 1 0.7718364522268216 1.1026027260311047 
82 -1 1.097216668887805 0.23943597234941613 
83 1 0.7584927149916235 1.3944251321780412 
84 -1 0.8702915699872554 1.071037502940879 
85 -1 1.2849313223170478 0.4437990259048941 
86 1 0.7872701912607837 1.006510730245694 
87 -1 0.5024206199624397 0.29451910614567994 
88 1 0.6124779986056984 0.8458181872809044 
89 1 0.7200921231138822 1.2818059253701468 
90 -1 0.12658400634359854 0.8106452989052955 
91 1 0.744174961120379 1.1107744177195835 
92 -1 0.3292563284223965 0.8913900598606896 
93 1 0.20471554077163384 1.2279606684927966 
94 -1 0.03389284549815611 1.0274819593175981 
95 1 1.2265621746073458 0.955782819875148 
96 -1 0.1989494855782372 0.2271319463831503 
97 1 0.8474361637450374 1.2080307283406337 
98 -1 0.13433839525611696 0.5286361882341123 
99 1 1.0484889191811446 0.7671636989079393 
100 1 1.1042124928937052 0.3582602028904188 
101 1 0.8678403189046834 1.2188752571683847 
102 1 1.2321995618192088 0.6809779012257722 
103 -1 0.14088994428618665 0.9091263637532371 
104 -1 0.23660697313318133 1.2398719237749614 
105 -1 0.7721067551355361 0.17181705385374227 
106 1 1.1086789324386208 0.9623800690522899 
107 -1 0.7812499502396626 0.10569445405746579 
108 1 1.3988667247870101 0.5396098533797785 
109 -1 0.19026204020977852 0.9689424399749608 
110 1 0.8592652345694347 0.6577271982135716 
111 1 0.6118698477978028 0.9656497837755783 
112 -1 0.1534182715727587 0.7984879980948482 
113 1 1.1359540501109786 0.9673709434535441 
114 -1 0.6632345864621245 0.9379811997890789 
115 -1 0.34195056485598174 0.49580864450050194 
116 -1 0.8115119291952887 0.17075840882209445 
117 1 1.3875887791725925 1.063327605988828 
118 -1 0.2505067816060749 0.10899498513414178 
119 1 1.1647783157812026 0.7245221336678678 
120 -1 0.47801662483241436 0.5905316510160492 
121 1 1.4517380535016888 0.6810349688852282 
122 -1 0.5794136915703032 1.156565411730764 
123 1 0.8293695941196655 0.9189988650212824 
124 1 1.2855679764318544 0.5986708476237881 
125 -1 0.17919253242355845 0.6406477870848241 
126 -1 0.5978437923070399 0.589290429431597 
127 1 1.021015208474228 0.9387401749670696 
128 1 1.390075743134627 0.5837289239456659 
129 -1 0.15758705243276952 1.1393362727872978 
130 1 1.1347580711131624 0.6719712883500734 
131 1 0.8435688422691385 0.7919353519789144 
132 1 0.983604316326567 0.47554466534542283 
133 1 1.1865657131619136 0.5024985615604418 
134 1 1.2391083762213604 0.9069607620184879 
135 -1 0.3480643485079436 1.1784936784306037 
136 1 0.7337057579299324 1.147715028763766 
137 -1 0.5487720743463355 0.515749859949002 
138 1 0.8129553033865734 1.0454505198378299 
139 1 1.238831234458325 0.3000375017851934 
140 1 0.6273639351899707 1.5528389492446597 
141 -1 0.7349442817018372 0.03895973605139999 
142 1 1.2508743239425713 1.1676627990820165 
143 -1 0.6421009258267096 0.9939169675907565 
144 1 1.5335774992186082 0.6195747616526943 
145 -1 0.5970751147361223 0.9577550098129001 
146 -1 0.05189160544016783 1.0736460874482814 
147 -1 0.33026815193076187 0.7556581906071783 
148 -1 0.4649423942275955 0.6945219542362178 
149 1 0.706166968226222 1.2852423165841131 
150 -1 0.1267482638678032 0.963763593098434 
151 -1 0.499636338869613 0.6145214094858851 
152 -1 0.4050134143719578 0.7478813747610408 
153 1 0.8763551694639828 0.9901526758456927 
154 1 1.4474846110856388 1.0250802479110297 
155 1 0.5146067741477052 1.0193233144943745 
156 -1 0.2569855450217753 0.48919681189417225 
157 1 1.1390617606743398 1.1151835132045684 
158 -1 1.1211680326322617 0.7843980676827992 
159 -1 0.6612948291039844 0.5460148236788109 
160 1 1.2197927363814969 0.5411159201184146 
161 1 1.1568801686284502 0.870165194329505 
162 1 0.512538223593279 0.9215079344461095 
163 -1 0.4361565887545404 0.5821014752900852 
164 1 1.437396293265327 1.1101473381492877 
165 -1 0.27348807078037185 1.1717498911304873 
166 -1 0.6601013002313971 0.8342899151840323 
167 1 0.7948595584198955 0.8583266569488446 
168 1 0.8759238138834676 1.1576092397667221 
169 1 0.9870099804823834 1.1474575627368142 
170 -1 0.3632289796506747 1.0201949530233652 
171 1 0.7038675404739958 1.2059489227788416 
172 1 0.9281409010049905 1.2109290818971685 
173 -1 0.20043125668393447 1.1818536801542987 
174 -1 0.6165079918863909 0.0009072225113010423 
175 1 1.0495176175480718 0.7924976640307579 
176 -1 0.4334404090862941 0.9706358804148544 
177 -1 0.42666924234013653 0.3711820640062208 
178 1 1.288780881527704 1.0353106852002494 
179 1 0.6768945114002232 1.1370580145121858 
