id label data 
0 1 1.1359540501109786 0.9673709434535441 
1 1 0.9790953508922429 0.4670948822795677 
2 -1 0.3480643485079436 1.1784936784306037 
3 -1 0.27348807078037185 1.1717498911304873 
4 -1 0.3292563284223965 0.8913900598606896 
5 -1 0.6851629507077559 0.17745206475575565 
6 1 0.8435688422691385 0.7919353519789144 
7 1 1.2321995618192088 0.6809779012257722 
8 -1 0.04790009871917259 1.1052676360471816 
9 -1 0.3023774496468467 1.3376076947917461 
10 1 1.2197927363814969 0.5411159201184146 
11 1 0.7200921231138822 1.2818059253701468 
12 -1 0.5462183574259084 0.15299446792846377 
13 -1 0.6634494902527412 0.6458487676579568 
14 -1 0.2975478405403179 1.123455608452635 
15 1 1.3748641296522788 0.4785397103478509 
16 1 1.1086789324386208 0.9623800690522899 
17 1 1.3114397116779637 0.9980357344293569 
18 1 0.8759238138834676 1.1576092397667221 
19 -1 0.2569855450217753 0.48919681189417225 
20 1 0.8997274126041575 0.885644999411864 
21 1 1.4578391041546859 0.9555496998739617 
22 -1 0.544374922940851 0.5964526762697161 
23 -1 0.552271632333746 0.1811656369537374 
24 1 1.043891412487616 0.5794188136190356 
25 -1 0.6421009258267096 0.9939169675907565 
26 -1 0.118729435651364 1.1936741262418924 
27 1 1.118809023660665 1.470499418138188 
28 1 0.782290634434747 0.8148056093746265 
29 -1 0.19312929765750453 0.68348572662452 
30 1 0.7872701912607837 1.006510730245694 
31 -1 0.7412266158438117 0.09691866759259461 
32 1 1.4517380535016888 0.6810349688852282 
33 -1 0.7815145891656963 0.7593978798012875 
34 1 1.1994759265037376 0.8204769886070684 
35 -1 0.20043125668393447 1.1818536801542987 
36 1 1.3163417498200165 0.9725149265442624 
37 -1 0.6794247630890214 0.5726232129075169 
38 1 1.277765434048773 0.8151923829342491 
39 1 0.20471554077163384 1.2279606684927966 
40 1 0.7823705899601345 0.7219576214249094 
41 -1 0.9308695708269112 0.6810562554174351 
42 -1 1.004126771441499 0.962328742094954 
43 -1 0.25316921560650246 1.0592041529353287 
44 -1 0.3077837617860584 1.0326404128161808 
45 -1 0.4649423942275955 0.6945219542362178 
46 1 0.8592652345694347 0.6577271982135716 
47 -1 0.47801662483241436 0.5905316510160492 
48 -1 0.4021034138866857 0.14148526928436508 
49 1 1.288780881527704 1.0353106852002494 
50 -1 1.3582843773594129 0.7474333548662316 
51 1 0.8122419250812306 0.9252074565479234 
52 -1 1.0519387248154453 0.45013402495908483 
53 -1 0.43077082092540797 0.20843851367615646 
54 1 1.1351600703313647 1.477881094676697 
55 -1 0.40578866486399207 1.1342357283167732 
56 -1 0.4387007851432947 0.12081853450886502 
57 1 0.9575845155264711 0.7206758584477699 
58 -1 0.2810548927796306 0.5814834675413634 
59 1 0.744174961120379 1.1107744177195835 
60 1 1.0489785288700468 0.7797055562499694 
61 -1 0.1534182715727587 0.7984879980948482 
62 1 1.371086115890415 0.8759270500117834 
63 1 1.4381789326537036 1.1352166641157078 
64 -1 0.7591742645871979 0.0025398498062234477 
65 1 1.3988667247870101 0.5396098533797785 
66 1 1.437396293265327 1.1101473381492877 
67 -1 0.13433839525611696 0.5286361882341123 
68 -1 1.097216668887805 0.23943597234941613 
69 1 0.8585500004965194 1.0041734273353955 
70 1 1.3917345290008856 0.8640067451217269 
71 1 0.8129553033865734 1.0454505198378299 
72 -1 0.6819529777320456 0.8374878385121388 
73 -1 0.42227705695679646 0.1517990503600473 
74 1 0.8350324377285196 1.3621787163158743 
75 1 0.9870099804823834 1.1474575627368142 
76 -1 0.20585159210460832 0.7197706658226609 
77 -1 0.6755202085412012 0.05072795278479157 
78 1 0.5862402426453761 1.4779393741834108 
79 1 1.4241160122587637 0.9861646833714102 
80 -1 0.9645927250440964 0.3165698763402966 
81 -1 1.2380735975305897 0.3413797156234673 
82 -1 0.05189160544016783 1.0736460874482814 
83 -1 0.2724462691194627 0.827528637812408 
84 -1 0.7968939871840311 0.36172606298720833 
85 -1 0.37809355241887227 0.875553775589978 
86 1 0.7360212833035961 1.2520827028023238 
87 1 0.6170327125192379 1.2167456668642376 
88 -1 1.0746103493037553 0.5977019499545643 
89 1 0.8474361637450374 1.2080307283406337 
90 1 1.021015208474228 0.9387401749670696 
91 1 0.7632494726460882 0.72290857636242 
92 -1 1.3662431243444146 0.8196857282659044 
93 1 1.0488428192066848 0.6506635118697691 
94 -1 0.7949900054912475 0.1754780949912437 
95 -1 0.4756037647160587 1.0340536354402246 
96 -1 0.8521658888766116 0.2237223128871232 
97 -1 0.636512961604183 0.4583409364736309 
98 1 1.017144876928135 0.6157425224830517 
99 -1 0.2505067816060749 0.10899498513414178 
100 -1 0.20602264856314234 0.8656017051568802 
101 1 0.950595650384522 0.8852185547642144 
102 1 0.7038675404739958 1.2059489227788416 
103 1 1.2116738583138382 1.2228460091542173 
104 1 1.516934122293282 0.8496655246987933 
105 -1 0.4051793546875783 0.37138726827429996 
106 1 1.4338148429754116 0.6518024541409673 
107 -1 0.5970751147361223 0.9577550098129001 
108 -1 0.5880846340537756 0.6192803444206915 
109 -1 0.15758705243276952 1.1393362727872978 
110 -1 0.4232027534505636 0.773665993975239 
111 -1 0.3521523486724478 1.1994418067155148 
112 1 1.125536499137225 1.1254479328289044 
113 1 0.8372107481017602 0.881887806619873 
114 1 0.7580308934953427 1.2397591653917044 
115 -1 0.28744739686495513 1.092135284410854 
116 1 0.3668682831087729 1.0840297756627344 
117 -1 0.4633492843818175 0.9156799462657121 
118 -1 0.10842890956600969 0.6951357637068155 
119 1 0.673398872553888 1.1660222116842616 
