id label data 
0 -1 0.692603192531754 0.09859482736211538 
1 -1 0.20585159210460832 0.7197706658226609 
2 -1 0.5152139110384756 0.7054071202921062 
3 1 1.3163417498200165 0.9725149265442624 
4 -1 0.31716835227391554 1.2329075521209147 
5 -1 0.22157524249759988 0.44027137428088836 
6 1 0.7360212833035961 1.2520827028023238 
7 -1 0.11551508621132524 1.3846651308944429 
8 -1 1.0746103493037553 0.5977019499545643 
9 1 0.5990256423660597 0.9760301493598754 
10 1 0.9829114848793132 1.1263176251592861 
11 1 0.7930513879262804 1.2282780366058048 
12 1 1.516934122293282 0.8496655246987933 
13 1 1.0446356578369689 0.7390113885262829 
14 1 1.09311733245557 0.6163199468927825 
15 1 1.382668707471698 0.7188823002627402 
16 -1 0.5818850938501032 0.16291918221767604 
17 -1 0.9719061898830469 0.13342093708664285 
18 -1 0.10642810657823326 0.7548127388407956 
19 -1 0.2810548927796306 0.5814834675413634 
20 1 1.4338148429754116 0.6518024541409673 
21 -1 0.6634494902527412 0.6458487676579568 
22 -1 0.2708504373553485 0.3960005699103415 
23 -1 0.7591742645871979 0.0025398498062234477 
24 -1 0.11430611136372405 0.8803111205934714 
25 -1 1.0367244327811798 1.2378355732658721 
26 1 0.782290634434747 0.8148056093746265 
27 1 0.7846844010926701 0.5826929270893643 
28 -1 1.004126771441499 0.962328742094954 
29 -1 0.9651302755822487 0.37846645984665006 
30 1 1.0974498747347192 0.5438635232642494 
31 -1 0.6851629507077559 0.17745206475575565 
32 -1 0.503628640755908 0.6605455233727556 
33 1 1.0627727462861223 0.5533298841248617 
34 -1 0.40578866486399207 1.1342357283167732 
35 1 0.44004773183694673 1.3531517097042294 
36 -1 0.41813034207034366 0.22795623932008793 
37 1 1.4578391041546859 0.9555496998739617 
38 1 0.8372107481017602 0.881887806619873 
39 -1 0.7367683818238656 0.5925386425785346 
40 -1 0.9182036868606077 0.8371615674071771 
41 1 1.0686142712544833 0.8373867516253872 
42 -1 0.4051793546875783 0.37138726827429996 
43 -1 0.9639572151876132 0.35706808391994144 
44 1 1.5052097065515753 1.2022549443512458 
45 1 0.8997274126041575 0.885644999411864 
46 -1 0.2060167202523948 0.4888815725523604 
47 -1 1.0519387248154453 0.45013402495908483 
48 1 1.3111968863025443 0.5780115959096732 
49 1 0.7092287430217409 1.1531149896446162 
50 -1 0.5669919000045303 0.26439608639549234 
51 1 1.3045095657109076 0.9386002310515387 
52 1 1.3114397116779637 0.9980357344293569 
53 1 0.673398872553888 1.1660222116842616 
54 -1 0.42227705695679646 0.1517990503600473 
55 -1 0.9041557650205982 0.1932410428398852 
56 -1 0.5462183574259084 0.15299446792846377 
57 -1 0.2551741314855227 0.3033447739473894 
58 -1 0.8662915905680656 0.15425109953708482 
59 -1 0.9430515947064305 0.3315307218334037 
60 1 0.6135423367083016 1.2845974743227633 
61 -1 0.2587150321498466 0.7425235868215628 
62 1 1.043891412487616 0.5794188136190356 
63 -1 0.6168247700305702 0.8889167704424668 
64 1 1.017144876928135 0.6157425224830517 
65 1 1.118809023660665 1.470499418138188 
66 1 1.0089000146648095 1.3492560903526298 
67 -1 0.5469457339859403 0.9402410326164059 
68 -1 0.9645927250440964 0.3165698763402966 
69 -1 0.5397269122946382 0.13245501602953133 
70 -1 0.6145290335921406 0.3251748504225906 
71 -1 0.4232027534505636 0.773665993975239 
72 -1 0.15879750028664527 0.69088748208371 
73 1 1.108847622543278 0.48366463023137213 
74 1 1.215574578723545 0.6144953780447135 
75 -1 0.5352000972870203 0.9641315364635373 
76 1 1.5602884603774143 0.8587420991158138 
77 -1 0.7949900054912475 0.1754780949912437 
78 -1 0.8559760960104329 0.7856651477086477 
79 -1 0.4633492843818175 0.9156799462657121 
80 1 1.4381789326537036 1.1352166641157078 
81 -1 0.2975478405403179 1.123455608452635 
82 -1 1.3662431243444146 0.8196857282659044 
83 1 1.2116738583138382 1.2228460091542173 
84 -1 0.42506594612220555 0.7567995788723487 
85 1 1.277765434048773 0.8151923829342491 
86 1 1.2741382400718417 1.224635675708362 
87 1 0.950595650384522 0.8852185547642144 
88 1 0.3668682831087729 1.0840297756627344 
89 1 1.3748641296522788 0.4785397103478509 
90 -1 1.0029111360002019 0.17787479380470642 
91 1 1.4241160122587637 0.9861646833714102 
92 -1 0.6648601875211828 0.0 
93 -1 0.552271632333746 0.1811656369537374 
94 -1 1.1033028099403237 0.7810472062728436 
95 1 1.066476338351442 1.1930030577971227 
96 1 1.4527514886099657 0.9043080628906377 
97 -1 0.6259230718227342 0.47707725109419696 
98 1 1.439786318308708 0.6952835454225426 
99 1 1.3880192267422908 0.3344789691449185 
100 1 1.4080725186658178 0.7564281510788682 
101 1 1.5629421161324482 0.3597570217754503 
102 1 1.0980631891171966 1.0588076359794958 
103 -1 0.544374922940851 0.5964526762697161 
104 1 1.0724058772688625 1.1390356565099837 
105 -1 0.6755202085412012 0.05072795278479157 
106 -1 0.5367938308275242 0.07682049511779634 
107 1 0.581833431675413 1.014066377580982 
108 -1 0.3023774496468467 1.3376076947917461 
109 -1 0.7412266158438117 0.09691866759259461 
110 -1 0.4387007851432947 0.12081853450886502 
111 1 0.9790953508922429 0.4670948822795677 
112 1 1.0489785288700468 0.7797055562499694 
113 -1 0.7968939871840311 0.36172606298720833 
114 1 0.7632494726460882 0.72290857636242 
115 -1 0.3521523486724478 1.1994418067155148 
116 -1 0.4021034138866857 0.14148526928436508 
117 -1 0.6794247630890214 0.5726232129075169 
118 1 1.2121221287542847 0.6282342195847752 
119 1 0.9156987703072348 1.2245049731946336 
