id label data 
0 1 1.437396293265327 1.1101473381492877 
1 -1 0.31716835227391554 1.2329075521209147 
2 1 1.1086789324386208 0.9623800690522899 
3 -1 0.47801662483241436 0.5905316510160492 
4 -1 0.7812499502396626 0.10569445405746579 
5 -1 0.7412266158438117 0.09691866759259461 
6 1 0.9156987703072348 1.2245049731946336 
7 1 1.3988667247870101 0.5396098533797785 
8 1 1.1994207842093205 0.5866636138881404 
9 -1 0.6601013002313971 0.8342899151840323 
10 1 1.5335774992186082 0.6195747616526943 
11 -1 0.23660697313318133 1.2398719237749614 
12 -1 0.7367683818238656 0.5925386425785346 
13 1 0.7337057579299324 1.147715028763766 
14 -1 0.5469457339859403 0.9402410326164059 
15 1 1.4578391041546859 0.9555496998739617 
16 -1 0.7721067551355361 0.17181705385374227 
17 1 0.782290634434747 0.8148056093746265 
18 1 0.9275809387860542 1.0348448222032534 
19 -1 0.5462183574259084 0.15299446792846377 
20 1 0.5146067741477052 1.0193233144943745 
21 -1 1.1033028099403237 0.7810472062728436 
22 1 1.1647783157812026 0.7245221336678678 
23 -1 0.36574329362419117 0.5197981638289867 
24 -1 0.5397269122946382 0.13245501602953133 
25 1 1.1766969625955854 0.7980472652233995 
26 -1 0.27348807078037185 1.1717498911304873 
27 -1 0.3521523486724478 1.1994418067155148 
28 -1 0.11551508621132524 1.3846651308944429 
29 -1 0.3292563284223965 0.8913900598606896 
30 -1 0.6819529777320456 0.8374878385121388 
31 -1 0.8662915905680656 0.15425109953708482 
32 -1 1.2849313223170478 0.4437990259048941 
33 -1 0.9430515947064305 0.3315307218334037 
34 -1 0.9308695708269112 0.6810562554174351 
35 -1 0.6165079918863909 0.0009072225113010423 
36 1 0.5862402426453761 1.4779393741834108 
37 1 1.017144876928135 0.6157425224830517 
38 -1 0.1933774337363389 0.6904027468273085 
39 -1 0.2975478405403179 1.123455608452635 
40 1 1.371086115890415 0.8759270500117834 
41 -1 0.9645927250440964 0.3165698763402966 
42 -1 0.05189160544016783 1.0736460874482814 
43 1 0.512538223593279 0.9215079344461095 
44 1 1.108847622543278 0.48366463023137213 
45 1 0.6075676990401365 0.8759584001863565 
46 1 0.7584927149916235 1.3944251321780412 
47 -1 0.9342337579401538 0.47575513706176675 
48 -1 0.22157524249759988 0.44027137428088836 
49 -1 0.5794136915703032 1.156565411730764 
50 1 0.8122419250812306 0.9252074565479234 
51 -1 0.15758705243276952 1.1393362727872978 
52 1 1.4517380535016888 0.6810349688852282 
53 -1 0.4361565887545404 0.5821014752900852 
54 1 1.2855679764318544 0.5986708476237881 
55 1 0.7200921231138822 1.2818059253701468 
56 1 0.7360212833035961 1.2520827028023238 
57 1 0.983604316326567 0.47554466534542283 
58 -1 0.4224228158032085 1.1892337704627531 
59 1 0.5005609905502647 0.6575648296390109 
60 1 0.744174961120379 1.1107744177195835 
61 1 0.950595650384522 0.8852185547642144 
62 1 1.1347580711131624 0.6719712883500734 
63 -1 0.20043125668393447 1.1818536801542987 
64 -1 1.1211680326322617 0.7843980676827992 
65 -1 0.19312929765750453 0.68348572662452 
66 -1 0.4528707946088132 0.36413598522687646 
67 -1 0.1534182715727587 0.7984879980948482 
68 1 0.7580308934953427 1.2397591653917044 
69 1 0.8372107481017602 0.881887806619873 
70 1 0.7038675404739958 1.2059489227788416 
71 -1 0.9639572151876132 0.35706808391994144 
72 -1 0.5779863488117154 0.6203917660409353 
73 1 0.6135423367083016 1.2845974743227633 
74 1 0.5990256423660597 0.9760301493598754 
75 1 1.516934122293282 0.8496655246987933 
76 1 0.8678403189046834 1.2188752571683847 
77 -1 0.20602264856314234 0.8656017051568802 
78 1 0.7823705899601345 0.7219576214249094 
79 -1 0.2561968169878331 0.5543783564297466 
80 -1 0.8702915699872554 1.071037502940879 
81 -1 0.21768123578166082 1.0302527191947681 
82 1 0.581833431675413 1.014066377580982 
83 -1 0.9651302755822487 0.37846645984665006 
84 1 0.804466557355885 1.144606712917705 
85 1 1.064011577328517 0.8514753915025882 
86 -1 0.552271632333746 0.1811656369537374 
87 -1 0.503628640755908 0.6605455233727556 
88 1 1.2265621746073458 0.955782819875148 
89 1 0.8592652345694347 0.6577271982135716 
90 -1 0.636512961604183 0.4583409364736309 
91 1 0.8474361637450374 1.2080307283406337 
92 1 1.2197927363814969 0.5411159201184146 
93 -1 0.9182036868606077 0.8371615674071771 
94 1 1.0495176175480718 0.7924976640307579 
95 1 1.4381789326537036 1.1352166641157078 
96 1 0.9829114848793132 1.1263176251592861 
97 1 1.439786318308708 0.6952835454225426 
98 1 1.118809023660665 1.470499418138188 
99 -1 0.1267482638678032 0.963763593098434 
100 1 1.1843310841770993 0.5209085312072748 
101 -1 1.0634480532867343 0.7494695549425762 
102 -1 1.004126771441499 0.962328742094954 
103 1 0.5307058439068645 1.2733607287565762 
104 -1 0.2551741314855227 0.3033447739473894 
105 -1 0.11430611136372405 0.8803111205934714 
106 -1 0.18328791968029504 0.5042754912995931 
107 -1 1.3662431243444146 0.8196857282659044 
108 -1 0.6634494902527412 0.6458487676579568 
109 -1 0.14088994428618665 0.9091263637532371 
110 1 1.1042124928937052 0.3582602028904188 
111 1 1.1568801686284502 0.870165194329505 
112 1 1.0724058772688625 1.1390356565099837 
113 -1 0.5352000972870203 0.9641315364635373 
114 1 0.9870099804823834 1.1474575627368142 
115 -1 0.25316921560650246 1.0592041529353287 
116 -1 0.15879750028664527 0.69088748208371 
117 -1 0.2505067816060749 0.10899498513414178 
118 -1 0.8559760960104329 0.7856651477086477 
119 1 1.115424565365031 0.7254470960403478 
