23	89	11.9962
7	57	11.9928
77	97	11.9857
17	65	11.973
43	69	11.9645
19	25	-11.9644
5	11	11.9642
49	57	11.9561
27	75	11.9554
15	37	11.9517
29	65	-11.9447
19	77	-11.9342
47	65	11.932
17	19	-11.9304
43	61	11.9251
39	91	11.9251
7	49	11.9233
55	63	11.9229
31	61	11.9094
5	39	11.9009
27	59	11.8983
25	77	11.887
7	79	11.8845
49	71	11.881
1	33	11.8793
17	29	-11.8736
11	39	11.8733
29	47	-11.8727
1	29	-11.8725
19	97	-11.872
41	73	11.869
17	77	11.8682
55	83	-11.8647
61	69	11.8618
15	31	11.8465
17	97	11.8445
35	37	11.8401
17	47	11.8393
7	71	11.8319
57	71	11.8278
81	91	11.8274
21	59	11.8237
57	79	11.8233
19	65	-11.8201
21	75	11.8112
3	29	11.8016
17	25	11.7985
59	75	11.7968
25	97	11.7951
1	3	-11.7949
71	79	11.786
39	81	11.7856
31	69	11.7703
41	87	11.7688
3	53	-11.7676
31	43	11.7568
21	27	11.7518
81	99	11.7496
65	77	11.7475
65	97	11.7423
13	41	11.7247
5	21	11.7181
31	37	11.7156
1	97	11.7115
11	59	11.707
1	65	11.7036
49	77	11.7024
29	97	-11.6969
5	91	11.6927
21	51	11.6894
3	63	-11.6877
49	79	11.6875
5	51	11.6774
33	53	11.6752
25	49	11.6707
25	57	11.67
11	21	11.6662
49	97	11.6548
1	17	11.6529
63	83	-11.6507
29	77	-11.6492
1	53	11.6482
53	75	11.6478
19	29	11.6395
15	35	11.6386
25	65	11.6346
13	73	11.6203
11	91	11.6146
5	59	11.6102
27	45	11.6075
53	63	11.6067
19	47	-11.604
1	77	11.6003
7	25	11.589
43	95	11.5835
73	85	11.5832
3	47	-11.5808
57	77	11.5714
3	65	-11.5676
33	45	11.551
91	99	11.5479
19	49	-11.547
15	61	11.5436
33	97	11.5415
45	75	11.5411
9	85	11.5293
23	41	11.5285
3	33	-11.5274
29	33	-11.5248
13	87	11.5144
1	47	11.5109
11	81	11.5024
9	23	11.4994
9	89	11.4957
19	57	-11.4879
47	93	-11.4868
57	97	11.4798
51	83	-11.4725
45	53	11.4718
9	83	11.4706
41	89	11.462
11	51	11.4618
7	77	11.4616
5	81	11.4506
47	77	11.4492
27	53	11.4425
39	51	11.4379
47	97	11.4355
1	19	-11.4272
25	29	-11.3976
69	95	11.3934
37	61	11.39
3	17	-11.3871
33	77	11.3832
7	19	-11.3816
13	95	11.3769
31	35	11.3761
25	47	11.3752
3	93	11.3724
23	87	11.3701
3	55	-11.3677
7	97	11.3608
63	93	-11.36
61	95	11.36
55	93	-11.3561
29	53	-11.3531
15	69	11.349
23	85	11.3448
87	89	11.3383
23	73	11.3366
87	95	11.3313
73	87	11.3305
21	39	11.3205
11	27	11.3183
51	91	11.2956
71	77	11.294
67	87	11.2911
33	65	11.2814
15	43	11.2735
85	89	11.2709
39	99	11.2698
71	97	11.2648
17	33	11.2631
17	49	11.2515
73	89	11.247
41	85	11.2435
53	55	11.2414
39	59	11.2408
5	27	11.234
9	51	-11.2312
11	75	11.2184
29	93	11.2152
25	71	11.2129
45	59	11.2086
63	75	11.1951
5	75	11.1951
51	59	11.1892
3	97	-11.1869
21	53	11.186
1	25	11.1833
67	95	11.168
65	93	-11.1376
51	75	11.1346
17	57	11.1258
25	79	11.1142
21	83	-11.1033
35	61	11.1
1	45	11.0991
21	63	11.0932
1	63	11.0926
29	63	-11.0846
51	55	11.08
19	33	-11.0766
37	69	11.0749
3	77	-11.0666
19	71	-11.0473
37	43	11.0381
33	75	11.0347
53	59	11.0077
49	65	11.0029
3	75	-10.9923
7	17	10.9911
3	19	10.9902
33	47	10.9896
53	65	10.9881
27	51	10.9814
21	55	10.9709
21	91	10.9446
51	63	10.9429
61	67	10.9395
77	79	10.9356
9	55	-10.9198
55	75	10.9067
47	63	10.9062
27	33	10.902
47	53	10.8955
1	49	10.895
41	95	10.893
21	45	10.8895
31	95	10.8894
17	93	-10.8723
25	33	10.857
57	65	10.8497
33	49	10.8485
33	63	10.8472
27	63	10.846
53	97	10.8449
83	93	10.8375
19	79	-10.8351
53	83	-10.8342
29	49	-10.8339
17	53	10.8214
79	97	10.8209
75	83	-10.808
3	45	-10.801
43	67	10.8004
3	83	10.7962
1	75	10.792
1	93	-10.788
59	91	10.7802
9	73	10.7648
5	99	10.7428
27	39	10.7355
63	65	10.7354
11	99	10.7332
51	81	10.7187
17	71	10.7057
13	23	10.7057
7	65	10.7032
3	27	-10.684
29	55	-10.6791
53	93	-10.6659
39	75	10.6606
59	81	10.6596
53	77	10.6585
3	25	-10.6554
35	43	10.6503
51	89	-10.6485
9	41	10.6272
1	55	10.6253
13	89	10.621
29	57	-10.6118
5	83	-10.6044
21	81	10.5964
35	69	10.595
1	57	10.5947
47	55	10.5884
23	51	-10.5777
13	85	10.5774
47	49	10.5739
1	27	10.5728
33	71	10.5482
83	85	10.5401
27	55	10.539
59	63	10.5372
3	21	-10.5344
85	87	10.51
31	67	10.5004
51	53	10.4969
29	45	-10.4964
33	57	10.4952
45	97	10.4911
41	67	10.4826
45	63	10.4801
27	83	-10.4752
67	69	10.471
9	63	-10.4645
1	71	10.4595
7	29	-10.4527
17	63	10.4525
65	71	10.4381
19	53	-10.4352
47	57	10.4346
1	7	10.4341
19	93	10.4242
73	95	10.4176
89	91	-10.3983
59	83	-10.3791
17	79	10.3741
9	21	-10.3608
29	75	-10.3499
33	55	10.3488
7	33	10.3442
55	65	10.3354
13	67	10.3288
11	83	-10.3246
33	59	10.322
55	59	10.3044
83	89	10.303
5	9	-10.3007
29	71	-10.2974
23	91	-10.291
13	43	10.2888
93	97	-10.2882
7	47	10.286
45	77	10.2828
23	83	10.2817
5	63	10.2814
21	33	10.2716
5	55	10.2712
43	87	10.2603
77	93	-10.2539
33	93	-10.237
5	53	10.2357
27	91	10.2305
67	89	10.2219
11	45	10.2155
3	59	-10.2153
11	53	10.2137
39	83	-10.2112
23	67	10.2077
9	91	-10.1974
75	91	10.178
15	95	10.1705
63	97	10.1561
45	65	10.1482
51	99	10.1457
35	67	10.1286
9	87	10.1275
9	39	-10.1215
39	89	-10.1213
11	63	10.1167
25	53	10.1118
17	45	10.1109
3	49	-10.1071
1	21	10.1068
61	87	10.1034
25	93	-10.094
27	29	-10.0879
5	45	10.0789
13	69	10.0707
65	79	10.0638
83	91	-10.0626
27	81	10.0615
11	55	10.0491
45	55	10.0489
51	85	-10.0428
17	55	10.0281
5	89	-10.0265
3	51	-10.0226
23	39	-10.0221
1	59	10.0152
63	77	10.0103
55	85	-10.0031
47	71	9.99205
1	83	-9.98899
29	83	9.98428
37	95	9.97031
9	11	-9.96571
19	63	-9.94923
13	61	9.9476
37	67	9.9455
65	75	9.94196
5	23	-9.93892
69	87	9.93765
15	67	9.93328
75	81	9.92791
19	45	-9.91944
47	83	-9.88044
45	51	9.87981
23	95	9.87388
47	75	9.87315
45	47	9.86838
67	73	9.85457
45	49	9.85419
75	97	9.83873
39	55	9.83009
89	95	9.82766
3	57	-9.82198
75	93	-9.81947
49	53	9.81939
1	79	9.81553
29	79	-9.80554
33	83	-9.79743
33	79	9.78883
39	63	9.78609
9	75	-9.7858
17	75	9.77442
35	95	9.77142
21	29	-9.77009
45	83	-9.76598
21	99	9.75462
67	79	-9.75332
89	99	-9.74194
11	89	-9.72921
25	45	9.72455
7	67	-9.71969
27	65	9.70944
59	99	9.70637
45	71	9.70479
9	93	9.70293
57	67	-9.6988
81	89	-9.69761
67	71	-9.69358
9	13	9.69011
21	93	-9.68621
27	97	9.68211
55	97	9.67587
9	59	-9.67239
49	67	-9.66543
51	93	-9.66122
41	43	9.65954
3	7	-9.65843
19	43	9.65731
47	79	9.65579
39	53	9.6534
11	23	-9.64725
25	43	-9.64464
75	77	9.64282
19	61	9.6402
23	99	-9.63619
61	77	-9.63146
21	89	-9.62847
17	43	-9.62788
65	83	-9.62579
17	61	-9.6257
3	71	-9.62469
17	69	-9.62269
55	91	9.61772
27	47	9.61294
25	61	-9.61203
19	69	9.61172
61	97	-9.60721
65	69	-9.60616
29	59	-9.60446
3	5	-9.59932
33	35	-9.59737
55	89	-9.59665
23	81	-9.59656
25	95	-9.59511
29	31	9.59167
25	63	9.58654
17	31	-9.58378
43	65	-9.58202
61	65	-9.58086
31	65	-9.57912
23	55	-9.57893
25	69	-9.57627
17	27	9.57491
47	69	-9.57174
21	23	-9.56499
9	27	-9.56465
43	77	-9.56402
1	37	-9.55933
31	97	-9.5552
31	77	-9.55333
3	11	-9.54985
1	15	-9.54956
55	77	9.54514
31	87	9.53584
19	31	9.53549
39	45	9.53232
3	15	9.53183
79	87	-9.52935
29	61	9.52854
1	31	-9.5285
15	29	9.52319
19	55	-9.52138
63	85	-9.51149
67	99	-9.5112
43	97	-9.50771
29	69	9.50036
45	57	9.49991
43	47	-9.49902
9	53	-9.49831
33	37	-9.49752
63	91	9.49735
81	83	-9.49704
1	35	-9.49524
27	77	9.49415
69	77	-9.49113
19	95	9.49107
3	37	9.48513
53	57	9.483
57	95	-9.47852
37	53	-9.47437
31	47	-9.47298
27	93	-9.47261
7	95	-9.47235
25	31	-9.46997
29	43	9.46796
9	81	-9.46412
53	71	9.45395
47	61	-9.44946
35	53	-9.44494
73	83	9.44172
29	37	9.43831
69	97	-9.43621
21	47	9.43385
1	61	-9.43167
41	61	9.43005
3	31	9.42941
13	31	9.42864
15	65	-9.42538
19	75	-9.4236
7	87	-9.42241
49	61	-9.41876
87	91	-9.41577
33	51	9.4153
15	97	-9.41505
57	61	-9.41437
15	53	-9.40203
51	73	-9.39961
15	17	-9.39862
15	33	-9.39798
37	97	-9.39369
41	69	9.38914
21	65	9.38842
1	51	9.38833
41	51	-9.38664
3	9	9.38556
15	77	-9.37981
45	93	-9.37843
7	45	9.37703
7	61	-9.37353
57	87	-9.36335
77	95	-9.35736
11	33	9.35408
43	57	-9.35088
49	95	-9.34889
35	45	-9.34876
37	77	-9.336
17	83	-9.33466
35	97	-9.33317
7	53	9.33049
15	47	-9.32428
9	99	-9.32427
31	33	-9.31738
25	67	-9.31445
79	95	-9.31284
43	49	-9.31204
7	43	-9.31137
17	95	-9.30664
15	19	9.30613
37	65	-9.30492
49	93	-9.30299
5	33	9.30244
21	85	-9.30022
67	77	-9.29735
17	37	-9.28764
3	35	9.28558
31	49	-9.28383
59	65	9.28376
19	27	-9.27895
41	91	-9.27713
1	43	-9.27497
1	69	-9.27011
15	63	-9.25809
31	57	-9.25691
67	97	-9.25632
47	59	9.25532
95	97	-9.25226
35	77	-9.24478
87	99	-9.24272
3	61	9.24251
29	35	9.23577
85	95	9.23482
41	83	9.231
53	91	9.23012
55	81	9.22753
15	25	-9.22081
5	85	-9.2185
37	63	-9.21608
33	61	-9.21562
7	31	-9.21497
59	93	-9.21112
57	69	-9.20925
43	73	9.20844
29	51	-9.20496
19	37	9.20244
3	69	9.20044
19	67	9.19341
17	21	9.19195
1	11	9.18363
63	89	-9.18338
63	81	9.18318
65	95	-9.17872
25	55	9.17856
31	53	-9.1743
35	49	-9.17091
49	69	-9.17011
59	97	9.16796
61	79	-9.16735
7	69	-9.16672
49	87	-9.16651
37	47	-9.16492
85	93	9.1644
83	99	-9.16355
1	5	9.16186
23	63	-9.16007
51	87	-9.15987
25	75	9.15644
85	91	-9.15619
35	75	-9.15609
37	49	-9.15204
17	59	9.15153
41	79	-9.14822
27	99	9.14564
35	71	-9.14563
61	71	-9.13945
57	93	-9.1367
59	89	-9.13643
21	97	9.13415
5	93	-9.13402
15	49	-9.13359
3	39	-9.12587
3	43	9.12542
25	37	-9.11898
67	91	-9.11896
71	87	-9.11612
67	85	9.11481
39	87	-9.10572
39	41	-9.09363
15	57	-9.08948
23	59	-9.08671
93	99	-9.08515
17	35	-9.08281
43	79	-9.0813
69	93	9.07812
27	35	-9.07808
37	57	-9.07801
39	85	-9.07577
35	65	-9.07439
37	75	-9.07088
71	95	-9.06816
75	99	9.0669
3	79	-9.06568
37	45	-9.06416
49	63	9.06245
7	15	-9.05868
7	13	-9.05326
45	91	9.05314
25	27	9.05073
7	37	-9.04939
47	95	-9.04851
15	55	-9.04846
11	93	-9.04557
81	87	-9.04522
83	97	-9.04383
25	87	-9.04382
73	91	-9.04079
35	57	-9.0386
31	79	-9.03473
79	89	-9.03137
13	79	-9.02774
19	35	9.02471
37	71	-9.02418
23	79	-9.02374
31	71	-9.02283
53	81	9.02154
13	57	-9.02036
7	41	-9.0197
59	77	9.01813
47	51	9.01354
7	93	-9.01103
31	93	9.00978
5	41	-9.00934
15	93	9.00792
7	35	-9.00782
31	63	-9.00391
11	85	-9.0028
33	43	-9.00216
81	93	-8.99623
69	73	8.99009
5	73	-8.98791
37	55	-8.98511
43	71	-8.98479
13	25	-8.98452
37	79	-8.98097
75	85	-8.98086
61	73	8.97673
35	63	-8.97507
21	77	8.97505
17	67	-8.97418
29	95	8.97071
11	29	-8.96808
45	81	8.96609
45	79	8.96401
33	69	-8.96353
39	73	-8.96292
15	79	-8.96075
49	75	8.95977
35	79	-8.95635
75	89	-8.95594
41	57	-8.95461
39	93	-8.95102
53	61	-8.95095
25	35	-8.9507
5	29	-8.94938
59	85	-8.94759
15	71	-8.94498
69	79	-8.93191
31	41	8.9302
9	67	8.92994
15	75	-8.92896
27	37	-8.92646
55	99	8.92384
77	83	-8.92266
67	81	-8.91815
43	93	8.91604
71	93	-8.91576
23	75	-8.91488
13	91	-8.91354
27	85	-8.91295
15	87	8.91033
11	73	-8.90098
55	73	-8.90011
19	59	-8.89278
27	49	8.89109
11	41	-8.88968
5	87	-8.88908
19	83	8.889
35	47	-8.87868
41	81	-8.87796
15	45	-8.87328
51	65	8.87122
35	87	8.86717
27	89	-8.86667
61	93	8.86457
13	39	-8.86387
41	99	-8.85952
11	47	8.85458
91	93	-8.85288
19	87	8.84858
19	21	-8.84634
13	81	-8.84277
73	79	-8.84196
9	45	-8.83876
21	73	-8.83684
37	93	8.83371
13	15	8.83318
37	87	8.8323
23	27	-8.82996
69	71	-8.82969
13	49	-8.82757
11	13	-8.82414
57	63	8.82031
5	47	8.81763
65	67	-8.81727
53	79	8.81693
83	87	8.8144
3	91	-8.81329
59	73	-8.8128
13	19	8.81141
33	39	8.80665
53	69	-8.80618
95	99	-8.80103
23	43	8.8001
35	59	-8.79513
21	35	-8.79246
77	87	-8.79166
63	99	8.78825
1	95	-8.78607
31	55	-8.78465
21	37	-8.78309
5	13	-8.77737
43	89	8.77431
15	27	-8.76603
43	53	-8.76398
1	67	-8.76032
13	51	-8.75786
11	65	8.75695
33	67	-8.75664
11	87	-8.75371
15	83	8.75064
53	85	-8.74739
13	35	8.74486
41	49	-8.74319
3	81	-8.74281
63	69	-8.74205
47	81	8.73933
61	63	-8.73522
7	23	-8.73509
7	89	-8.73358
13	37	8.73036
71	75	8.72726
39	67	-8.72267
35	55	-8.72133
7	73	-8.71847
1	39	8.71739
29	67	8.71642
37	83	8.71394
13	59	-8.71118
25	59	8.71017
5	65	8.7077
21	41	-8.70425
45	85	-8.70419
9	95	8.70319
63	71	8.70268
23	61	8.70218
41	71	-8.70159
1	9	-8.70093
9	29	8.69862
7	63	8.69554
25	41	-8.693
31	45	-8.69182
87	97	-8.6903
27	71	8.68809
57	75	8.68703
47	99	8.68541
81	95	-8.68512
61	89	8.68506
41	55	-8.68474
49	55	8.68141
27	73	-8.67703
73	81	-8.67351
15	21	-8.67281
9	47	-8.66838
17	51	8.66688
13	77	-8.66684
79	99	8.66524
37	59	-8.66447
13	99	-8.66376
3	85	8.66354
13	71	-8.6626
57	73	-8.65968
23	57	-8.65003
57	89	-8.64772
27	57	8.6359
31	75	-8.62709
43	63	-8.62602
11	17	8.62535
39	47	8.62124
81	85	-8.61762
21	25	8.61546
9	33	-8.61495
25	83	-8.61421
29	39	-8.61372
41	59	-8.61288
91	95	-8.60806
85	99	-8.60444
69	99	-8.59723
33	95	-8.5964
73	75	-8.58838
47	67	-8.58424
17	87	-8.58164
7	75	8.57942
43	99	-8.57818
13	17	-8.57757
79	93	-8.57436
23	69	8.57334
45	61	-8.57235
31	73	8.57132
55	69	-8.56776
45	73	-8.56646
71	89	-8.5664
13	97	-8.56382
5	17	8.55987
23	71	-8.55667
63	73	-8.55517
89	93	8.55119
23	93	8.54991
69	89	8.54962
73	99	-8.54922
51	97	8.53837
7	27	8.53728
13	83	8.5305
65	81	8.5283
3	95	8.52782
13	27	-8.52698
35	93	8.52594
53	89	-8.5251
15	59	-8.52355
55	61	-8.52329
19	41	8.5075
29	81	-8.50526
23	53	-8.50037
71	99	8.49976
27	31	-8.49623
11	97	8.49539
51	67	-8.49326
49	59	8.49139
13	21	-8.49023
35	83	8.48987
55	57	8.48974
49	73	-8.48543
71	73	-8.47895
13	45	-8.47742
37	51	-8.47515
39	65	8.47441
9	65	-8.47084
49	89	-8.46588
33	91	8.46582
23	49	-8.46529
31	83	8.46123
21	87	-8.46071
39	95	-8.46032
69	81	-8.45373
65	99	8.4506
47	91	8.4503
79	85	-8.44932
17	81	8.44928
13	65	-8.4482
53	99	8.44787
43	55	-8.44427
7	99	8.44384
61	99	-8.44163
35	41	8.44128
15	41	8.4395
5	97	8.43899
25	73	-8.43702
65	87	-8.433
51	77	8.4305
3	99	-8.43044
27	41	-8.42734
5	67	-8.42732
11	19	-8.42407
15	51	-8.42399
41	77	-8.42361
1	91	8.42044
61	75	-8.4176
11	77	8.41658
1	81	8.41477
43	81	-8.40569
79	91	8.4035
57	99	8.40083
43	45	-8.39996
55	71	8.39727
33	81	8.39677
17	99	8.39625
7	55	8.39285
21	49	8.39149
93	95	8.38892
35	51	-8.38627
3	89	8.38165
41	63	-8.38154
25	99	8.38061
29	91	-8.38013
37	41	8.38011
45	69	-8.37377
19	81	-8.3735
19	99	-8.36993
41	75	-8.36929
19	51	-8.36738
3	23	8.36711
79	81	8.36547
3	67	8.36327
13	75	-8.36202
55	87	-8.36137
11	35	-8.36131
21	31	-8.36079
23	31	8.36013
17	39	8.35984
29	99	-8.35693
13	47	-8.35636
5	77	8.35392
25	81	8.35384
31	89	8.34931
5	35	-8.34889
43	85	8.34634
5	19	-8.34018
41	97	-8.33542
59	87	-8.33385
5	37	-8.3292
11	67	-8.32784
69	75	-8.3278
27	61	-8.32603
59	71	8.3251
35	73	8.32331
11	95	-8.32243
9	79	-8.32234
49	99	8.32226
57	59	8.32212
11	37	-8.31249
11	25	8.31014
63	79	8.30751
45	99	8.30694
9	17	-8.30302
45	67	-8.30185
33	85	-8.3009
65	91	8.2925
47	87	-8.29163
43	75	-8.28759
31	59	-8.28573
17	41	-8.28509
19	73	8.28281
73	93	8.2813
29	87	8.28114
5	95	-8.27849
49	83	-8.27735
31	99	-8.27719
23	25	-8.27384
13	29	8.27062
53	95	-8.26947
53	67	-8.26766
7	85	-8.26625
25	89	-8.26291
69	83	8.26252
27	69	-8.26027
75	79	8.25811
41	45	-8.25428
7	59	8.25416
1	85	-8.25101
5	15	-8.24981
45	89	-8.24739
47	85	-8.24626
23	45	-8.24408
61	83	8.24079
61	85	8.24024
27	79	8.23755
21	71	8.23424
45	95	-8.23212
29	85	8.23079
11	15	-8.23045
27	43	-8.23015
69	85	8.22942
53	73	-8.22582
21	57	8.22358
73	77	-8.22088
71	85	-8.21979
5	25	8.21934
61	81	-8.21805
7	81	8.21796
15	73	8.21658
77	99	8.21605
1	87	-8.21531
57	85	-8.21514
19	39	-8.21495
43	91	-8.21371
69	91	-8.20624
77	81	8.20533
39	79	8.20472
13	33	-8.2045
17	91	8.20226
25	51	8.20162
39	97	8.20037
37	73	8.19557
1	13	-8.19472
13	55	-8.19244
57	81	8.19114
51	95	-8.19025
59	69	-8.18417
59	95	-8.1805
41	65	-8.18
81	97	8.17933
43	83	8.17701
71	91	8.1758
21	61	-8.17358
9	15	8.16968
39	69	-8.16769
63	87	-8.16681
97	99	8.16584
7	91	8.16563
73	97	-8.16422
39	77	8.16283
1	99	8.16208
7	21	8.16124
71	81	8.15988
59	61	-8.15941
33	87	-8.15924
9	97	-8.15905
57	83	-8.15894
67	83	8.15861
21	69	-8.15705
31	51	-8.15684
35	39	-8.15453
27	87	-8.15374
11	69	-8.1534
25	39	8.1521
19	23	8.15162
9	37	8.14415
39	43	-8.1441
43	59	-8.14395
19	89	8.14379
41	93	8.14278
37	39	-8.13462
23	77	-8.13285
75	87	-8.13123
77	89	-8.1297
49	85	-8.12685
7	9	-8.12664
63	95	-8.12537
57	91	8.12216
55	79	8.12019
9	43	8.11953
15	23	8.11844
27	95	-8.11798
17	73	-8.11739
15	89	8.11647
9	77	-8.11618
65	85	-8.11602
33	73	-8.11467
71	83	-8.11372
9	19	8.11357
19	91	-8.11198
61	91	-8.11194
49	81	8.11181
31	81	-8.11082
41	47	-8.11057
11	43	-8.10928
7	83	-8.10879
23	35	8.10663
51	79	8.10606
21	43	-8.10577
35	89	8.105
21	67	-8.10031
35	99	-8.09828
37	89	8.09453
23	37	8.09384
67	93	8.09322
35	85	8.09235
9	61	8.09233
5	69	-8.09183
25	91	8.09153
23	97	-8.09071
15	99	-8.09041
89	97	-8.08979
15	39	-8.08797
9	57	-8.08686
3	73	8.08535
1	89	-8.08525
29	89	8.08027
41	53	-8.07667
1	23	-8.07666
23	29	8.07602
13	53	-8.07589
49	51	8.075
11	31	-8.07486
11	49	8.07403
29	41	8.07358
75	95	-8.07135
31	85	8.07016
33	99	8.06943
35	91	-8.0675
9	31	8.06654
5	31	-8.06624
5	79	8.06572
9	69	8.06515
59	79	8.06353
83	95	8.06223
47	89	-8.06218
33	89	-8.06212
23	47	-8.06211
91	97	8.06181
9	71	-8.0609
13	63	-8.05965
5	43	-8.05795
3	87	8.05694
55	95	-8.0563
49	91	8.05627
7	39	8.05476
23	33	-8.05394
17	23	-8.05332
21	95	-8.05208
65	73	-8.05192
77	91	8.0508
63	67	-8.05027
17	89	-8.04988
37	99	-8.04934
45	87	-8.04898
9	25	-8.04772
67	75	-8.04648
37	91	-8.04612
9	35	8.0438
13	93	8.04206
5	49	8.04176
17	85	-8.04172
39	71	8.0417
11	79	8.04162
23	65	-8.04114
39	61	-8.04082
65	89	-8.04023
33	41	-8.03921
3	13	8.0391
11	57	8.03835
51	61	-8.03794
51	71	8.03673
25	85	-8.03624
39	57	8.03441
1	41	-8.03199
87	93	8.03115
11	61	-8.03112
27	67	-8.02792
59	67	-8.02765
15	81	-8.02738
51	57	8.02683
47	73	-8.02643
9	49	-8.02479
7	11	8.02457
3	41	8.02449
51	69	-8.02403
21	79	8.02398
35	81	-8.02336
55	67	-8.0229
7	51	8.02232
1	73	-8.0213
31	91	-8.01981
15	91	-8.01936
79	83	-8.01825
85	97	-8.01318
31	39	-8.01305
37	81	-8.01154
11	71	8.01085
5	71	8.01048
5	61	-8.0102
53	87	-8.00846
5	57	8.00816
15	85	8.00479
39	49	8.00462
29	73	8.00399
43	51	-8.00389
19	85	8.00354
5	7	8.00267
77	85	-8.0023
37	85	8.00197
50	51	6
86	87	6
20	21	6
52	53	6
66	67	6
88	89	6
32	33	6
76	77	6
54	55	6
56	57	6
62	63	6
92	93	6
58	59	6
30	31	6
94	95	6
28	29	6
96	97	6
90	91	6
64	65	6
48	49	6
84	85	6
74	75	6
36	37	6
26	27	6
38	39	6
40	41	6
42	43	6
78	79	6
24	25	6
72	73	6
18	19	6
44	45	6
22	23	6
34	35	6
80	81	6
70	71	6
14	15	6
82	83	6
46	47	6
16	17	6
68	69	6
60	61	6
0	1	6
98	99	6
4	5	6
12	13	6
2	3	6
6	7	6
10	11	6
8	9	6
22	89	5.99811
23	88	5.99811
6	57	5.99638
7	56	5.99638
76	97	5.99284
77	96	5.99284
16	65	5.98649
17	64	5.98649
43	68	5.98224
42	69	5.98224
18	25	-5.98218
19	24	-5.98218
4	11	5.98212
5	10	5.98212
49	56	5.97804
48	57	5.97804
27	74	5.97771
26	75	5.97771
15	36	5.97587
14	37	5.97587
28	65	-5.97236
29	64	-5.97236
19	76	-5.96711
18	77	-5.96711
46	65	5.966
47	64	5.966
17	18	-5.96521
16	19	-5.96521
42	61	5.96256
43	60	5.96256
39	90	5.96254
38	91	5.96254
6	49	5.96163
7	48	5.96163
54	63	5.96144
55	62	5.96144
30	61	5.9547
31	60	5.9547
5	38	5.95043
4	39	5.95043
27	58	5.94916
26	59	5.94916
24	77	5.94349
25	76	5.94349
7	78	5.94227
6	79	5.94227
48	71	5.94051
49	70	5.94051
1	32	5.93966
0	33	5.93966
17	28	-5.93679
16	29	-5.93679
11	38	5.93667
10	39	5.93667
28	47	-5.93633
29	46	-5.93633
0	29	-5.93625
1	28	-5.93625
19	96	-5.93601
18	97	-5.93601
41	72	5.93449
40	73	5.93449
16	77	5.93411
17	76	5.93411
55	82	-5.93237
54	83	-5.93237
60	69	5.9309
61	68	5.9309
15	30	5.92326
14	31	5.92326
17	96	5.92227
16	97	5.92227
35	36	5.92004
34	37	5.92004
16	47	5.91963
17	46	5.91963
6	71	5.91595
7	70	5.91595
56	71	5.91391
57	70	5.91391
81	90	5.91368
80	91	5.91368
20	59	5.91185
21	58	5.91185
56	79	5.91163
57	78	5.91163
19	64	-5.91004
18	65	-5.91004
21	74	5.90562
20	75	5.90562
3	28	5.9008
2	29	5.9008
17	24	5.89923
16	25	5.89923
58	75	5.89841
59	74	5.89841
24	97	5.89756
25	96	5.89756
1	2	-5.89743
0	3	-5.89743
71	78	5.893
70	79	5.893
38	81	5.89282
39	80	5.89282
31	68	5.88513
30	69	5.88513
40	87	5.88442
41	86	5.88442
3	52	-5.8838
2	53	-5.8838
30	43	5.8784
31	42	5.8784
21	26	5.8759
20	27	5.8759
80	99	5.87481
81	98	5.87481
64	77	5.87373
65	76	5.87373
65	96	5.87113
64	97	5.87113
12	41	5.86236
13	40	5.86236
5	20	5.85906
4	21	5.85906
30	37	5.85779
31	36	5.85779
1	96	5.85574
0	97	5.85574
10	59	5.85351
11	58	5.85351
0	65	5.85182
1	64	5.85182
49	76	5.85118
48	77	5.85118
28	97	-5.84845
29	96	-5.84845
4	91	5.84637
5	90	5.84637
20	51	5.84468
21	50	5.84468
3	62	-5.84385
2	63	-5.84385
48	79	5.84375
49	78	5.84375
4	51	5.83869
5	50	5.83869
32	53	5.83761
33	52	5.83761
25	48	5.83535
24	49	5.83535
25	56	5.83501
24	57	5.83501
11	20	5.83308
10	21	5.83308
48	97	5.82739
49	96	5.82739
0	17	5.82645
1	16	5.82645
62	83	-5.82535
63	82	-5.82535
29	76	-5.82459
28	77	-5.82459
0	53	5.82411
1	52	5.82411
53	74	5.82392
52	75	5.82392
18	29	5.81977
19	28	5.81977
14	35	5.8193
15	34	5.8193
25	64	5.8173
24	65	5.8173
12	73	5.81016
13	72	5.81016
11	90	5.80732
10	91	5.80732
5	58	5.80512
4	59	5.80512
27	44	5.80377
26	45	5.80377
52	63	5.80335
53	62	5.80335
19	46	-5.802
18	47	-5.802
1	76	5.80017
0	77	5.80017
6	25	5.79449
7	24	5.79449
43	94	5.79176
42	95	5.79176
73	84	5.79159
72	85	5.79159
3	46	-5.7904
2	47	-5.7904
57	76	5.78568
56	77	5.78568
3	64	-5.78381
2	65	-5.78381
32	45	5.7755
33	44	5.7755
91	98	5.77395
90	99	5.77395
19	48	-5.77351
18	49	-5.77351
14	61	5.77181
15	60	5.77181
33	96	5.77073
32	97	5.77073
45	74	5.77053
44	75	5.77053
8	85	5.76464
9	84	5.76464
23	40	5.76427
22	41	5.76427
2	33	-5.76368
3	32	-5.76368
28	33	-5.76238
29	32	-5.76238
13	86	5.75721
12	87	5.75721
1	46	5.75545
0	47	5.75545
11	80	5.75121
10	81	5.75121
9	22	5.74972
8	23	5.74972
9	88	5.74784
8	89	5.74784
18	57	-5.74396
19	56	-5.74396
46	93	-5.74338
47	92	-5.74338
57	96	5.73989
56	97	5.73989
51	82	-5.73623
50	83	-5.73623
45	52	5.73592
44	53	5.73592
8	83	5.73532
9	82	5.73532
41	88	5.731
40	89	5.731
10	51	5.73088
11	50	5.73088
6	77	5.73079
7	76	5.73079
5	80	5.72531
4	81	5.72531
46	77	5.72458
47	76	5.72458
26	53	5.72123
27	52	5.72123
38	51	5.71896
39	50	5.71896
46	97	5.71777
47	96	5.71777
0	19	-5.71361
1	18	-5.71361
24	29	-5.69882
25	28	-5.69882
69	94	5.6967
68	95	5.6967
37	60	5.69501
36	61	5.69501
2	17	-5.69354
3	16	-5.69354
33	76	5.6916
32	77	5.6916
7	18	-5.69079
6	19	-5.69079
13	94	5.68844
12	95	5.68844
30	35	5.68805
31	34	5.68805
24	47	5.68758
25	46	5.68758
2	93	5.6862
3	92	5.6862
22	87	5.68505
23	86	5.68505
3	54	-5.68386
2	55	-5.68386
7	96	5.68039
6	97	5.68039
62	93	-5.67999
63	92	-5.67999
60	95	5.67998
61	94	5.67998
54	93	-5.67804
55	92	-5.67804
29	52	-5.67655
28	53	-5.67655
15	68	5.67448
14	69	5.67448
22	85	5.6724
23	84	5.6724
87	88	5.66914
86	89	5.66914
23	72	5.66832
22	73	5.66832
87	94	5.66566
86	95	5.66566
73	86	5.66524
72	87	5.66524
21	38	5.66023
20	39	5.66023
11	26	5.65917
10	27	5.65917
51	90	5.6478
50	91	5.6478
70	77	5.64699
71	76	5.64699
66	87	5.64555
67	86	5.64555
33	64	5.64072
32	65	5.64072
15	42	5.63673
14	43	5.63673
84	89	5.63545
85	88	5.63545
39	98	5.63491
38	99	5.63491
70	97	5.6324
71	96	5.6324
16	33	5.63154
17	32	5.63154
16	49	5.62574
17	48	5.62574
73	88	5.62348
72	89	5.62348
41	84	5.62175
40	85	5.62175
52	55	5.62068
53	54	5.62068
38	59	5.6204
39	58	5.6204
4	27	5.61699
5	26	5.61699
8	51	-5.61558
9	50	-5.61558
10	75	5.60918
11	74	5.60918
29	92	5.60758
28	93	5.60758
24	71	5.60647
25	70	5.60647
44	59	5.60432
45	58	5.60432
63	74	5.59754
62	75	5.59754
4	75	5.59754
5	74	5.59754
51	58	5.59459
50	59	5.59459
3	96	-5.59345
2	97	-5.59345
21	52	5.59298
20	53	5.59298
0	25	5.59163
1	24	5.59163
66	95	5.58402
67	94	5.58402
65	92	-5.56882
64	93	-5.56882
51	74	5.56729
50	75	5.56729
17	56	5.56289
16	57	5.56289
25	78	5.55708
24	79	5.55708
20	83	-5.55167
21	82	-5.55167
34	61	5.54999
35	60	5.54999
1	44	5.54956
0	45	5.54956
20	63	5.54662
21	62	5.54662
0	63	5.54631
1	62	5.54631
29	62	-5.54231
28	63	-5.54231
50	55	5.54002
51	54	5.54002
18	33	-5.5383
19	32	-5.5383
36	69	5.53746
37	68	5.53746
2	77	-5.53328
3	76	-5.53328
18	71	-5.52366
19	70	-5.52366
37	42	5.51903
36	43	5.51903
33	74	5.51735
32	75	5.51735
53	58	5.50387
52	59	5.50387
49	64	5.50147
48	65	5.50147
3	74	-5.49614
2	75	-5.49614
7	16	5.49556
6	17	5.49556
3	18	5.49508
2	19	5.49508
32	47	5.49482
33	46	5.49482
52	65	5.49406
53	64	5.49406
26	51	5.49068
27	50	5.49068
20	55	5.48546
21	54	5.48546
20	91	5.47228
21	90	5.47228
50	63	5.47146
51	62	5.47146
60	67	5.46975
61	66	5.46975
76	79	5.46778
77	78	5.46778
8	55	-5.45988
9	54	-5.45988
55	74	5.45334
54	75	5.45334
46	63	5.45308
47	62	5.45308
27	32	5.451
26	33	5.451
46	53	5.44773
47	52	5.44773
1	48	5.44751
0	49	5.44751
41	94	5.44648
40	95	5.44648
21	44	5.44477
20	45	5.44477
30	95	5.44468
31	94	5.44468
16	93	-5.43614
17	92	-5.43614
25	32	5.42851
24	33	5.42851
57	64	5.42485
56	65	5.42485
33	48	5.42424
32	49	5.42424
33	62	5.42358
32	63	5.42358
26	63	5.42302
27	62	5.42302
52	97	5.42244
53	96	5.42244
83	92	5.41875
82	93	5.41875
18	79	-5.41755
19	78	-5.41755
53	82	-5.41712
52	83	-5.41712
28	49	-5.41694
29	48	-5.41694
17	52	5.41072
16	53	5.41072
79	96	5.41043
78	97	5.41043
75	82	-5.40398
74	83	-5.40398
3	44	-5.40051
2	45	-5.40051
43	66	5.4002
42	67	5.4002
2	83	5.39808
3	82	5.39808
0	75	5.39599
1	74	5.39599
0	93	-5.394
1	92	-5.394
59	90	5.39012
58	91	5.39012
8	73	5.38242
9	72	5.38242
5	98	5.37141
4	99	5.37141
26	39	5.36773
27	38	5.36773
63	64	5.36768
62	65	5.36768
11	98	5.36659
10	99	5.36659
51	80	5.35935
50	81	5.35935
17	70	5.35286
16	71	5.35286
13	22	5.35285
12	23	5.35285
6	65	5.35158
7	64	5.35158
3	26	-5.34201
2	27	-5.34201
28	55	-5.33957
29	54	-5.33957
53	92	-5.33296
52	93	-5.33296
38	75	5.33032
39	74	5.33032
59	80	5.32981
58	81	5.32981
52	77	5.32927
53	76	5.32927
2	25	-5.32768
3	24	-5.32768
35	42	5.32514
34	43	5.32514
51	88	-5.32426
50	89	-5.32426
8	41	5.3136
9	40	5.3136
0	55	5.31267
1	54	5.31267
13	88	5.31048
12	89	5.31048
29	56	-5.30592
28	57	-5.30592
5	82	-5.30221
4	83	-5.30221
21	80	5.29819
20	81	5.29819
35	68	5.29751
34	69	5.29751
0	57	5.29734
1	56	5.29734
46	55	5.29421
47	54	5.29421
22	51	-5.28886
23	50	-5.28886
13	84	5.28871
12	85	5.28871
46	49	5.28697
47	48	5.28697
1	26	5.28639
0	27	5.28639
33	70	5.27411
32	71	5.27411
82	85	5.27007
83	84	5.27007
26	55	5.26949
27	54	5.26949
58	63	5.2686
59	62	5.2686
2	21	-5.26721
3	20	-5.26721
85	86	5.25498
84	87	5.25498
30	67	5.2502
31	66	5.2502
50	53	5.24847
51	52	5.24847
29	44	-5.24819
28	45	-5.24819
32	57	5.24762
33	56	5.24762
44	97	5.24555
45	96	5.24555
41	66	5.24129
40	67	5.24129
45	62	5.24005
44	63	5.24005
26	83	-5.23762
27	82	-5.23762
67	68	5.23549
66	69	5.23549
9	62	-5.23223
8	63	-5.23223
1	70	5.22976
0	71	5.22976
7	28	-5.22634
6	29	-5.22634
17	62	5.22626
16	63	5.22626
65	70	5.21906
64	71	5.21906
19	52	-5.2176
18	53	-5.2176
47	56	5.21728
46	57	5.21728
1	6	5.21706
0	7	5.21706
18	93	5.21209
19	92	5.21209
73	94	5.20878
72	95	5.20878
89	90	-5.19916
88	91	-5.19916
59	82	-5.18954
58	83	-5.18954
17	78	5.18706
16	79	5.18706
8	21	-5.18038
9	20	-5.18038
28	75	-5.17494
29	74	-5.17494
33	54	5.17439
32	55	5.17439
6	33	5.17208
7	32	5.17208
55	64	5.16772
54	65	5.16772
12	67	5.16438
13	66	5.16438
11	82	-5.1623
10	83	-5.1623
33	58	5.16102
32	59	5.16102
55	58	5.15218
54	59	5.15218
82	89	5.15152
83	88	5.15152
5	8	-5.15034
4	9	-5.15034
28	71	-5.1487
29	70	-5.1487
23	90	-5.14549
22	91	-5.14549
12	43	5.14439
13	42	5.14439
92	97	-5.1441
93	96	-5.1441
6	47	5.14302
7	46	5.14302
44	77	5.1414
45	76	5.1414
23	82	5.14085
22	83	5.14085
5	62	5.14071
4	63	5.14071
21	32	5.13579
20	33	5.13579
4	55	5.13561
5	54	5.13561
43	86	5.13015
42	87	5.13015
76	93	-5.12695
77	92	-5.12695
33	92	-5.1185
32	93	-5.1185
5	52	5.11785
4	53	5.11785
27	90	5.11526
26	91	5.11526
67	88	5.11094
66	89	5.11094
10	45	5.10773
11	44	5.10773
3	58	-5.10766
2	59	-5.10766
10	53	5.10684
11	52	5.10684
39	82	-5.10562
38	83	-5.10562
22	67	5.10384
23	66	5.10384
9	90	-5.09871
8	91	-5.09871
74	91	5.08899
75	90	5.08899
14	95	5.08524
15	94	5.08524
62	97	5.07807
63	96	5.07807
45	64	5.07411
44	65	5.07411
50	99	5.07284
51	98	5.07284
34	67	5.06432
35	66	5.06432
8	87	5.06376
9	86	5.06376
8	39	-5.06076
9	38	-5.06076
39	88	-5.06065
38	89	-5.06065
10	63	5.05837
11	62	5.05837
25	52	5.0559
24	53	5.0559
17	44	5.05546
16	45	5.05546
2	49	-5.05355
3	48	-5.05355
0	21	5.05339
1	20	5.05339
61	86	5.05172
60	87	5.05172
24	93	-5.04702
25	92	-5.04702
26	29	-5.04395
27	28	-5.04395
4	45	5.03946
5	44	5.03946
13	68	5.03534
12	69	5.03534
65	78	5.03189
64	79	5.03189
82	91	-5.03128
83	90	-5.03128
27	80	5.03076
26	81	5.03076
11	54	5.02457
10	55	5.02457
44	55	5.02445
45	54	5.02445
50	85	-5.0214
51	84	-5.0214
16	55	5.01407
17	54	5.01407
4	89	-5.01323
5	88	-5.01323
3	50	-5.01131
2	51	-5.01131
23	38	-5.01104
22	39	-5.01104
1	58	5.00758
0	59	5.00758
62	77	5.00515
63	76	5.00515
54	85	-5.00155
55	84	-5.00155
47	70	4.99602
46	71	4.99602
0	83	-4.99449
1	82	-4.99449
29	82	4.99214
28	83	4.99214
37	94	4.98515
36	95	4.98515
9	10	-4.98286
8	11	-4.98286
19	62	-4.97462
18	63	-4.97462
12	61	4.9738
13	60	4.9738
37	66	4.97275
36	67	4.97275
65	74	4.97098
64	75	4.97098
4	23	-4.96946
5	22	-4.96946
69	86	4.96882
68	87	4.96882
14	67	4.96664
15	66	4.96664
75	80	4.96395
74	81	4.96395
18	45	-4.95972
19	44	-4.95972
46	83	-4.94022
47	82	-4.94022
45	50	4.9399
44	51	4.9399
23	94	4.93694
22	95	4.93694
46	75	4.93658
47	74	4.93658
44	47	4.93419
45	46	4.93419
66	73	4.92729
67	72	4.92729
45	48	4.92709
44	49	4.92709
74	97	4.91936
75	96	4.91936
38	55	4.91504
39	54	4.91504
88	95	4.91383
89	94	4.91383
3	56	-4.91099
2	57	-4.91099
74	93	-4.90974
75	92	-4.90974
48	53	4.9097
49	52	4.9097
0	79	4.90777
1	78	4.90777
29	78	-4.90277
28	79	-4.90277
33	82	-4.89871
32	83	-4.89871
33	78	4.89442
32	79	4.89442
39	62	4.89304
38	63	4.89304
8	75	-4.8929
9	74	-4.8929
17	74	4.88721
16	75	4.88721
34	95	4.88571
35	94	4.88571
21	28	-4.88504
20	29	-4.88504
44	83	-4.88299
45	82	-4.88299
21	98	4.87731
20	99	4.87731
67	78	-4.87666
66	79	-4.87666
88	99	-4.87097
89	98	-4.87097
10	89	-4.86461
11	88	-4.86461
24	45	4.86228
25	44	4.86228
7	66	-4.85984
6	67	-4.85984
26	65	4.85472
27	64	4.85472
58	99	4.85319
59	98	4.85319
44	71	4.85239
45	70	4.85239
8	93	4.85147
9	92	4.85147
57	66	-4.8494
56	67	-4.8494
80	89	-4.8488
81	88	-4.8488
66	71	-4.84679
67	70	-4.84679
8	13	4.84506
9	12	4.84506
20	93	-4.84311
21	92	-4.84311
26	97	4.84105
27	96	4.84105
55	96	4.83793
54	97	4.83793
8	59	-4.8362
9	58	-4.8362
48	67	-4.83271
49	66	-4.83271
51	92	-4.83061
50	93	-4.83061
41	42	4.82977
40	43	4.82977
3	6	-4.82921
2	7	-4.82921
19	42	4.82866
18	43	4.82866
46	79	4.82789
47	78	4.82789
38	53	4.8267
39	52	4.8267
11	22	-4.82363
10	23	-4.82363
24	43	-4.82232
25	42	-4.82232
74	77	4.82141
75	76	4.82141
18	61	4.8201
19	60	4.8201
23	98	-4.81809
22	99	-4.81809
61	76	-4.81573
60	77	-4.81573
21	88	-4.81424
20	89	-4.81424
16	43	-4.81394
17	42	-4.81394
64	83	-4.8129
65	82	-4.8129
16	61	-4.81285
17	60	-4.81285
3	70	-4.81235
2	71	-4.81235
16	69	-4.81134
17	68	-4.81134
54	91	4.80886
55	90	4.80886
27	46	4.80647
26	47	4.80647
25	60	-4.80602
24	61	-4.80602
18	69	4.80586
19	68	4.80586
61	96	-4.8036
60	97	-4.8036
65	68	-4.80308
64	69	-4.80308
28	59	-4.80223
29	58	-4.80223
3	4	-4.79966
2	5	-4.79966
33	34	-4.79868
32	35	-4.79868
54	89	-4.79833
55	88	-4.79833
22	81	-4.79828
23	80	-4.79828
24	95	-4.79756
25	94	-4.79756
29	30	4.79584
28	31	4.79584
24	63	4.79327
25	62	4.79327
17	30	-4.79189
16	31	-4.79189
43	64	-4.79101
42	65	-4.79101
60	65	-4.79043
61	64	-4.79043
30	65	-4.78956
31	64	-4.78956
22	55	-4.78947
23	54	-4.78947
24	69	-4.78813
25	68	-4.78813
17	26	4.78745
16	27	4.78745
46	69	-4.78587
47	68	-4.78587
21	22	-4.78249
20	23	-4.78249
9	26	-4.78233
8	27	-4.78233
43	76	-4.78201
42	77	-4.78201
1	36	-4.77967
0	37	-4.77967
31	96	-4.7776
30	97	-4.7776
30	77	-4.77666
31	76	-4.77666
2	11	-4.77492
3	10	-4.77492
0	15	-4.77478
1	14	-4.77478
55	76	4.77257
54	77	4.77257
31	86	4.76792
30	87	4.76792
18	31	4.76775
19	30	4.76775
38	45	4.76616
39	44	4.76616
3	14	4.76591
2	15	4.76591
78	87	-4.76467
79	86	-4.76467
28	61	4.76427
29	60	4.76427
0	31	-4.76425
1	30	-4.76425
15	28	4.76159
14	29	4.76159
19	54	-4.76069
18	55	-4.76069
62	85	-4.75574
63	84	-4.75574
67	98	-4.7556
66	99	-4.7556
43	96	-4.75386
42	97	-4.75386
29	68	4.75018
28	69	4.75018
44	57	4.74995
45	56	4.74995
42	47	-4.74951
43	46	-4.74951
8	53	-4.74916
9	52	-4.74916
33	36	-4.74876
32	37	-4.74876
62	91	4.74867
63	90	4.74867
81	82	-4.74852
80	83	-4.74852
1	34	-4.74762
0	35	-4.74762
27	76	4.74708
26	77	4.74708
68	77	-4.74556
69	76	-4.74556
18	95	4.74553
19	94	4.74553
2	37	4.74256
3	36	4.74256
53	56	4.7415
52	57	4.7415
56	95	-4.73926
57	94	-4.73926
36	53	-4.73718
37	52	-4.73718
31	46	-4.73649
30	47	-4.73649
27	92	-4.7363
26	93	-4.7363
7	94	-4.73618
6	95	-4.73618
25	30	-4.73499
24	31	-4.73499
28	43	4.73398
29	42	4.73398
9	80	-4.73206
8	81	-4.73206
53	70	4.72697
52	71	4.72697
47	60	-4.72473
46	61	-4.72473
35	52	-4.72247
34	53	-4.72247
72	83	4.72086
73	82	4.72086
28	37	4.71916
29	36	4.71916
69	96	-4.7181
68	97	-4.7181
21	46	4.71693
20	47	4.71693
0	61	-4.71584
1	60	-4.71584
40	61	4.71502
41	60	4.71502
2	31	4.7147
3	30	4.7147
12	31	4.71432
13	30	4.71432
14	65	-4.71269
15	64	-4.71269
18	75	-4.7118
19	74	-4.7118
7	86	-4.7112
6	87	-4.7112
48	61	-4.70938
49	60	-4.70938
86	91	-4.70788
87	90	-4.70788
33	50	4.70765
32	51	4.70765
14	97	-4.70753
15	96	-4.70753
56	61	-4.70719
57	60	-4.70719
15	52	-4.70101
14	53	-4.70101
50	73	-4.6998
51	72	-4.6998
14	17	-4.69931
15	16	-4.69931
14	33	-4.69899
15	32	-4.69899
36	97	-4.69684
37	96	-4.69684
40	69	4.69457
41	68	4.69457
21	64	4.69421
20	65	4.69421
1	50	4.69416
0	51	4.69416
41	50	-4.69332
40	51	-4.69332
2	9	4.69278
3	8	4.69278
15	76	-4.68991
14	77	-4.68991
44	93	-4.68921
45	92	-4.68921
7	44	4.68852
6	45	4.68852
7	60	-4.68677
6	61	-4.68677
56	87	-4.68168
57	86	-4.68168
76	95	-4.67868
77	94	-4.67868
10	33	4.67704
11	32	4.67704
43	56	-4.67544
42	57	-4.67544
48	95	-4.67445
49	94	-4.67445
34	45	-4.67438
35	44	-4.67438
36	77	-4.668
37	76	-4.668
17	82	-4.66733
16	83	-4.66733
35	96	-4.66659
34	97	-4.66659
7	52	4.66524
6	53	4.66524
14	47	-4.66214
15	46	-4.66214
9	98	-4.66214
8	99	-4.66214
30	33	-4.65869
31	32	-4.65869
24	67	-4.65723
25	66	-4.65723
78	95	-4.65642
79	94	-4.65642
43	48	-4.65602
42	49	-4.65602
7	42	-4.65569
6	43	-4.65569
16	95	-4.65332
17	94	-4.65332
14	19	4.65307
15	18	4.65307
37	64	-4.65246
36	65	-4.65246
48	93	-4.65149
49	92	-4.65149
5	32	4.65122
4	33	4.65122
20	85	-4.65011
21	84	-4.65011
67	76	-4.64868
66	77	-4.64868
16	37	-4.64382
17	36	-4.64382
3	34	4.64279
2	35	4.64279
31	48	-4.64191
30	49	-4.64191
58	65	4.64188
59	64	4.64188
19	26	-4.63948
18	27	-4.63948
40	91	-4.63856
41	90	-4.63856
1	42	-4.63749
0	43	-4.63749
1	68	-4.63506
0	69	-4.63506
15	62	-4.62904
14	63	-4.62904
30	57	-4.62846
31	56	-4.62846
67	96	-4.62816
66	97	-4.62816
47	58	4.62766
46	59	4.62766
95	96	-4.62613
94	97	-4.62613
34	77	-4.62239
35	76	-4.62239
87	98	-4.62136
86	99	-4.62136
2	61	4.62125
3	60	4.62125
29	34	4.61788
28	35	4.61788
85	94	4.61741
84	95	4.61741
41	82	4.6155
40	83	4.6155
52	91	4.61506
53	90	4.61506
54	81	4.61377
55	80	4.61377
15	24	-4.6104
14	25	-4.6104
4	85	-4.60925
5	84	-4.60925
36	63	-4.60804
37	62	-4.60804
33	60	-4.60781
32	61	-4.60781
7	30	-4.60749
6	31	-4.60749
59	92	-4.60556
58	93	-4.60556
57	68	-4.60462
56	69	-4.60462
42	73	4.60422
43	72	4.60422
29	50	-4.60248
28	51	-4.60248
19	36	4.60122
18	37	4.60122
3	68	4.60022
2	69	4.60022
18	67	4.59671
19	66	4.59671
17	20	4.59598
16	21	4.59598
1	10	4.59182
0	11	4.59182
63	88	-4.59169
62	89	-4.59169
63	80	4.59159
62	81	4.59159
65	94	-4.58936
64	95	-4.58936
25	54	4.58928
24	55	4.58928
30	53	-4.58715
31	52	-4.58715
34	49	-4.58546
35	48	-4.58546
48	69	-4.58506
49	68	-4.58506
59	96	4.58398
58	97	4.58398
61	78	-4.58367
60	79	-4.58367
6	69	-4.58336
7	68	-4.58336
48	87	-4.58325
49	86	-4.58325
36	47	-4.58246
37	46	-4.58246
85	92	4.5822
84	93	4.5822
83	98	-4.58177
82	99	-4.58177
0	5	4.58093
1	4	4.58093
22	63	-4.58003
23	62	-4.58003
51	86	-4.57994
50	87	-4.57994
25	74	4.57822
24	75	4.57822
85	90	-4.5781
84	91	-4.5781
35	74	-4.57804
34	75	-4.57804
37	48	-4.57602
36	49	-4.57602
16	59	4.57577
17	58	4.57577
41	78	-4.57411
40	79	-4.57411
27	98	4.57282
26	99	4.57282
34	71	-4.57281
35	70	-4.57281
60	71	-4.56973
61	70	-4.56973
57	92	-4.56835
56	93	-4.56835
59	88	-4.56821
58	89	-4.56821
21	96	4.56708
20	97	4.56708
5	92	-4.56701
4	93	-4.56701
14	49	-4.56679
15	48	-4.56679
2	39	-4.56293
3	38	-4.56293
3	42	4.56271
2	43	4.56271
24	37	-4.55949
25	36	-4.55949
67	90	-4.55948
66	91	-4.55948
70	87	-4.55806
71	86	-4.55806
66	85	4.55741
67	84	4.55741
39	86	-4.55286
38	87	-4.55286
39	40	-4.54681
38	41	-4.54681
15	56	-4.54474
14	57	-4.54474
22	59	-4.54336
23	58	-4.54336
93	98	-4.54257
92	99	-4.54257
17	34	-4.54141
16	35	-4.54141
43	78	-4.54065
42	79	-4.54065
68	93	4.53906
69	92	4.53906
27	34	-4.53904
26	35	-4.53904
37	56	-4.53901
36	57	-4.53901
39	84	-4.53789
38	85	-4.53789
34	65	-4.5372
35	64	-4.5372
37	74	-4.53544
36	75	-4.53544
70	95	-4.53408
71	94	-4.53408
74	99	4.53345
75	98	4.53345
2	79	-4.53284
3	78	-4.53284
37	44	-4.53208
36	45	-4.53208
49	62	4.53123
48	63	4.53123
7	14	-4.52934
6	15	-4.52934
6	13	-4.52663
7	12	-4.52663
45	90	4.52657
44	91	4.52657
25	26	4.52536
24	27	4.52536
7	36	-4.52469
6	37	-4.52469
46	95	-4.52426
47	94	-4.52426
14	55	-4.52423
15	54	-4.52423
10	93	-4.52279
11	92	-4.52279
80	87	-4.52261
81	86	-4.52261
82	97	-4.52191
83	96	-4.52191
25	86	-4.52191
24	87	-4.52191
72	91	-4.52039
73	90	-4.52039
34	57	-4.5193
35	56	-4.5193
30	79	-4.51736
31	78	-4.51736
79	88	-4.51568
78	89	-4.51568
12	79	-4.51387
13	78	-4.51387
18	35	4.51235
19	34	4.51235
36	71	-4.51209
37	70	-4.51209
23	78	-4.51187
22	79	-4.51187
31	70	-4.51142
30	71	-4.51142
53	80	4.51077
52	81	4.51077
13	56	-4.51018
12	57	-4.51018
6	41	-4.50985
7	40	-4.50985
59	76	4.50906
58	77	4.50906
46	51	4.50677
47	50	4.50677
7	92	-4.50552
6	93	-4.50552
31	92	4.50489
30	93	4.50489
5	40	-4.50467
4	41	-4.50467
15	92	4.50396
14	93	4.50396
7	34	-4.50391
6	35	-4.50391
30	63	-4.50196
31	62	-4.50196
10	85	-4.5014
11	84	-4.5014
32	43	-4.50108
33	42	-4.50108
81	92	-4.49812
80	93	-4.49812
69	72	4.49505
68	73	4.49505
4	73	-4.49396
5	72	-4.49396
36	55	-4.49256
37	54	-4.49256
42	71	-4.49239
43	70	-4.49239
12	25	-4.49226
13	24	-4.49226
36	79	-4.49049
37	78	-4.49049
75	84	-4.49043
74	85	-4.49043
61	72	4.48837
60	73	4.48837
34	63	-4.48754
35	62	-4.48754
20	77	4.48753
21	76	4.48753
16	67	-4.48709
17	66	-4.48709
28	95	4.48536
29	94	4.48536
10	29	-4.48404
11	28	-4.48404
45	80	4.48304
44	81	4.48304
45	78	4.482
44	79	4.482
32	69	-4.48177
33	68	-4.48177
39	72	-4.48146
38	73	-4.48146
15	78	-4.48037
14	79	-4.48037
49	74	4.47989
48	75	4.47989
34	79	-4.47817
35	78	-4.47817
74	89	-4.47797
75	88	-4.47797
41	56	-4.4773
40	57	-4.4773
39	92	-4.47551
38	93	-4.47551
52	61	-4.47547
53	60	-4.47547
24	35	-4.47535
25	34	-4.47535
4	29	-4.47469
5	28	-4.47469
58	85	-4.47379
59	84	-4.47379
15	70	-4.47249
14	71	-4.47249
69	78	-4.46595
68	79	-4.46595
31	40	4.4651
30	41	4.4651
8	67	4.46497
9	66	4.46497
15	74	-4.46448
14	75	-4.46448
27	36	-4.46323
26	37	-4.46323
55	98	4.46192
54	99	4.46192
77	82	-4.46133
76	83	-4.46133
67	80	-4.45907
66	81	-4.45907
42	93	4.45802
43	92	4.45802
71	92	-4.45788
70	93	-4.45788
23	74	-4.45744
22	75	-4.45744
12	91	-4.45677
13	90	-4.45677
27	84	-4.45648
26	85	-4.45648
14	87	4.45517
15	86	4.45517
10	73	-4.45049
11	72	-4.45049
55	72	-4.45006
54	73	-4.45006
18	59	-4.44639
19	58	-4.44639
26	49	4.44554
27	48	4.44554
11	40	-4.44484
10	41	-4.44484
5	86	-4.44454
4	87	-4.44454
18	83	4.4445
19	82	4.4445
34	47	-4.43934
35	46	-4.43934
40	81	-4.43898
41	80	-4.43898
14	45	-4.43664
15	44	-4.43664
50	65	4.43561
51	64	4.43561
34	87	4.43359
35	86	4.43359
26	89	-4.43334
27	88	-4.43334
61	92	4.43228
60	93	4.43228
12	39	-4.43193
13	38	-4.43193
40	99	-4.42976
41	98	-4.42976
10	47	4.42729
11	46	4.42729
90	93	-4.42644
91	92	-4.42644
19	86	4.42429
18	87	4.42429
19	20	-4.42317
18	21	-4.42317
12	81	-4.42138
13	80	-4.42138
72	79	-4.42098
73	78	-4.42098
9	44	-4.41938
8	45	-4.41938
20	73	-4.41842
21	72	-4.41842
37	92	4.41686
36	93	4.41686
12	15	4.41659
13	14	4.41659
36	87	4.41615
37	86	4.41615
23	26	-4.41498
22	27	-4.41498
68	71	-4.41484
69	70	-4.41484
13	48	-4.41378
12	49	-4.41378
10	13	-4.41207
11	12	-4.41207
57	62	4.41015
56	63	4.41015
5	46	4.40882
4	47	4.40882
65	66	-4.40863
64	67	-4.40863
53	78	4.40846
52	79	4.40846
83	86	4.4072
82	87	4.4072
2	91	-4.40665
3	90	-4.40665
58	73	-4.4064
59	72	-4.4064
13	18	4.4057
12	19	4.4057
32	39	4.40332
33	38	4.40332
52	69	-4.40309
53	68	-4.40309
95	98	-4.40051
94	99	-4.40051
23	42	4.40005
22	43	4.40005
35	58	-4.39757
34	59	-4.39757
20	35	-4.39623
21	34	-4.39623
76	87	-4.39583
77	86	-4.39583
63	98	4.39413
62	99	4.39413
1	94	-4.39303
0	95	-4.39303
30	55	-4.39233
31	54	-4.39233
20	37	-4.39154
21	36	-4.39154
4	13	-4.38868
5	12	-4.38868
43	88	4.38716
42	89	4.38716
15	26	-4.38301
14	27	-4.38301
42	53	-4.38199
43	52	-4.38199
1	66	-4.38016
0	67	-4.38016
13	50	-4.37893
12	51	-4.37893
11	64	4.37848
10	65	4.37848
32	67	-4.37832
33	66	-4.37832
11	86	-4.37686
10	87	-4.37686
14	83	4.37532
15	82	4.37532
52	85	-4.3737
53	84	-4.3737
13	34	4.37243
12	35	4.37243
40	49	-4.37159
41	48	-4.37159
2	81	-4.3714
3	80	-4.3714
63	68	-4.37103
62	69	-4.37103
46	81	4.36967
47	80	4.36967
61	62	-4.36761
60	63	-4.36761
6	23	-4.36754
7	22	-4.36754
6	89	-4.36679
7	88	-4.36679
13	36	4.36518
12	37	4.36518
70	75	4.36363
71	74	4.36363
38	67	-4.36134
39	66	-4.36134
35	54	-4.36066
34	55	-4.36066
7	72	-4.35924
6	73	-4.35924
0	39	4.3587
1	38	4.3587
29	66	4.35821
28	67	4.35821
36	83	4.35697
37	82	4.35697
12	59	-4.35559
13	58	-4.35559
25	58	4.35508
24	59	4.35508
5	64	4.35385
4	65	4.35385
20	41	-4.35213
21	40	-4.35213
45	84	-4.35209
44	85	-4.35209
8	95	4.3516
9	94	4.3516
63	70	4.35134
62	71	4.35134
22	61	4.35109
23	60	4.35109
41	70	-4.35079
40	71	-4.35079
1	8	-4.35047
0	9	-4.35047
8	29	4.34931
9	28	4.34931
6	63	4.34777
7	62	4.34777
24	41	-4.3465
25	40	-4.3465
31	44	-4.34591
30	45	-4.34591
86	97	-4.34515
87	96	-4.34515
27	70	4.34404
26	71	4.34404
57	74	4.34351
56	75	4.34351
47	98	4.3427
46	99	4.3427
80	95	-4.34256
81	94	-4.34256
61	88	4.34253
60	89	4.34253
40	55	-4.34237
41	54	-4.34237
49	54	4.34071
48	55	4.34071
27	72	-4.33851
26	73	-4.33851
73	80	-4.33676
72	81	-4.33676
15	20	-4.3364
14	21	-4.3364
9	46	-4.33419
8	47	-4.33419
17	50	4.33344
16	51	4.33344
12	77	-4.33342
13	76	-4.33342
79	98	4.33262
78	99	4.33262
37	58	-4.33223
36	59	-4.33223
12	99	-4.33188
13	98	-4.33188
3	84	4.33177
2	85	4.33177
13	70	-4.3313
12	71	-4.3313
57	72	-4.32984
56	73	-4.32984
23	56	-4.32502
22	57	-4.32502
56	89	-4.32386
57	88	-4.32386
26	57	4.31795
27	56	4.31795
30	75	-4.31355
31	74	-4.31355
42	63	-4.31301
43	62	-4.31301
10	17	4.31268
11	16	4.31268
38	47	4.31062
39	46	4.31062
81	84	-4.30881
80	85	-4.30881
21	24	4.30773
20	25	4.30773
8	33	-4.30748
9	32	-4.30748
24	83	-4.3071
25	82	-4.3071
28	39	-4.30686
29	38	-4.30686
40	59	-4.30644
41	58	-4.30644
91	94	-4.30403
90	95	-4.30403
85	98	-4.30222
84	99	-4.30222
68	99	-4.29862
69	98	-4.29862
32	95	-4.2982
33	94	-4.2982
73	74	-4.29419
72	75	-4.29419
46	67	-4.29212
47	66	-4.29212
17	86	-4.29082
16	87	-4.29082
6	75	4.28971
7	74	4.28971
43	98	-4.28909
42	99	-4.28909
12	17	-4.28878
13	16	-4.28878
78	93	-4.28718
79	92	-4.28718
23	68	4.28667
22	69	4.28667
45	60	-4.28617
44	61	-4.28617
30	73	4.28566
31	72	4.28566
55	68	-4.28388
54	69	-4.28388
45	72	-4.28323
44	73	-4.28323
71	88	-4.2832
70	89	-4.2832
12	97	-4.28191
13	96	-4.28191
4	17	4.27994
5	16	4.27994
22	71	-4.27833
23	70	-4.27833
62	73	-4.27758
63	72	-4.27758
88	93	4.27559
89	92	4.27559
22	93	4.27495
23	92	4.27495
68	89	4.27481
69	88	4.27481
73	98	-4.27461
72	99	-4.27461
50	97	4.26919
51	96	4.26919
6	27	4.26864
7	26	4.26864
13	82	4.26525
12	83	4.26525
64	81	4.26415
65	80	4.26415
3	94	4.26391
2	95	4.26391
12	27	-4.26349
13	26	-4.26349
34	93	4.26297
35	92	4.26297
52	89	-4.26255
53	88	-4.26255
14	59	-4.26177
15	58	-4.26177
54	61	-4.26164
55	60	-4.26164
19	40	4.25375
18	41	4.25375
29	80	-4.25263
28	81	-4.25263
22	53	-4.25018
23	52	-4.25018
71	98	4.24988
70	99	4.24988
26	31	-4.24811
27	30	-4.24811
11	96	4.24769
10	97	4.24769
51	66	-4.24663
50	67	-4.24663
48	59	4.2457
49	58	4.2457
12	21	-4.24512
13	20	-4.24512
34	83	4.24494
35	82	4.24494
54	57	4.24487
55	56	4.24487
48	73	-4.24271
49	72	-4.24271
70	73	-4.23947
71	72	-4.23947
12	45	-4.23871
13	44	-4.23871
36	51	-4.23758
37	50	-4.23758
38	65	4.23721
39	64	4.23721
8	65	-4.23542
9	64	-4.23542
49	88	-4.23294
48	89	-4.23294
32	91	4.23291
33	90	4.23291
22	49	-4.23265
23	48	-4.23265
31	82	4.23062
30	83	4.23062
21	86	-4.23036
20	87	-4.23036
38	95	-4.23016
39	94	-4.23016
68	81	-4.22686
69	80	-4.22686
64	99	4.2253
65	98	4.2253
46	91	4.22515
47	90	4.22515
79	84	-4.22466
78	85	-4.22466
16	81	4.22464
17	80	4.22464
13	64	-4.2241
12	65	-4.2241
53	98	4.22394
52	99	4.22394
43	54	-4.22214
42	55	-4.22214
6	99	4.22192
7	98	4.22192
61	98	-4.22082
60	99	-4.22082
34	41	4.22064
35	40	4.22064
14	41	4.21975
15	40	4.21975
4	97	4.2195
5	96	4.2195
25	72	-4.21851
24	73	-4.21851
65	86	-4.2165
64	87	-4.2165
51	76	4.21525
50	77	4.21525
3	98	-4.21522
2	99	-4.21522
27	40	-4.21367
26	41	-4.21367
4	67	-4.21366
5	66	-4.21366
11	18	-4.21203
10	19	-4.21203
15	50	-4.21199
14	51	-4.21199
40	77	-4.21181
41	76	-4.21181
1	90	4.21022
0	91	4.21022
60	75	-4.2088
61	74	-4.2088
10	77	4.20829
11	76	4.20829
1	80	4.20738
0	81	4.20738
42	81	-4.20284
43	80	-4.20284
78	91	4.20175
79	90	4.20175
56	99	4.20041
57	98	4.20041
42	45	-4.19998
43	44	-4.19998
54	71	4.19863
55	70	4.19863
33	80	4.19839
32	81	4.19839
16	99	4.19813
17	98	4.19813
6	55	4.19643
7	54	4.19643
20	49	4.19574
21	48	4.19574
93	94	4.19446
92	95	4.19446
34	51	-4.19313
35	50	-4.19313
2	89	4.19082
3	88	4.19082
40	63	-4.19077
41	62	-4.19077
25	98	4.19031
24	99	4.19031
29	90	-4.19007
28	91	-4.19007
37	40	4.19005
36	41	4.19005
45	68	-4.18688
44	69	-4.18688
18	81	-4.18675
19	80	-4.18675
18	99	-4.18496
19	98	-4.18496
40	75	-4.18465
41	74	-4.18465
19	50	-4.18369
18	51	-4.18369
3	22	4.18355
2	23	4.18355
79	80	4.18274
78	81	4.18274
2	67	4.18164
3	66	4.18164
13	74	-4.18101
12	75	-4.18101
54	87	-4.18069
55	86	-4.18069
11	34	-4.18065
10	35	-4.18065
21	30	-4.18039
20	31	-4.18039
22	31	4.18006
23	30	4.18006
17	38	4.17992
16	39	4.17992
28	99	-4.17847
29	98	-4.17847
13	46	-4.17818
12	47	-4.17818
4	77	4.17696
5	76	4.17696
25	80	4.17692
24	81	4.17692
30	89	4.17465
31	88	4.17465
4	35	-4.17445
5	34	-4.17445
42	85	4.17317
43	84	4.17317
5	18	-4.17009
4	19	-4.17009
40	97	-4.16771
41	96	-4.16771
59	86	-4.16693
58	87	-4.16693
4	37	-4.1646
5	36	-4.1646
11	66	-4.16392
10	67	-4.16392
69	74	-4.1639
68	75	-4.1639
27	60	-4.16301
26	61	-4.16301
58	71	4.16255
59	70	4.16255
34	73	4.16165
35	72	4.16165
11	94	-4.16122
10	95	-4.16122
8	79	-4.16117
9	78	-4.16117
48	99	4.16113
49	98	4.16113
56	59	4.16106
57	58	4.16106
10	37	-4.15625
11	36	-4.15625
11	24	4.15507
10	25	4.15507
63	78	4.15376
62	79	4.15376
45	98	4.15347
44	99	4.15347
8	17	-4.15151
9	16	-4.15151
44	67	-4.15093
45	66	-4.15093
32	85	-4.15045
33	84	-4.15045
65	90	4.14625
64	91	4.14625
46	87	-4.14582
47	86	-4.14582
43	74	-4.1438
42	75	-4.1438
31	58	-4.14287
30	59	-4.14287
17	40	-4.14255
16	41	-4.14255
18	73	4.1414
19	72	4.1414
72	93	4.14065
73	92	4.14065
28	87	4.14057
29	86	4.14057
4	95	-4.13925
5	94	-4.13925
49	82	-4.13868
48	83	-4.13868
30	99	-4.13859
31	98	-4.13859
22	25	-4.13692
23	24	-4.13692
13	28	4.13531
12	29	4.13531
52	95	-4.13474
53	94	-4.13474
53	66	-4.13383
52	67	-4.13383
7	84	-4.13312
6	85	-4.13312
25	88	-4.13146
24	89	-4.13146
68	83	4.13126
69	82	4.13126
27	68	-4.13014
26	69	-4.13014
75	78	4.12905
74	79	4.12905
40	45	-4.12714
41	44	-4.12714
6	59	4.12708
7	58	4.12708
1	84	-4.12551
0	85	-4.12551
5	14	-4.1249
4	15	-4.1249
45	88	-4.12369
44	89	-4.12369
47	84	-4.12313
46	85	-4.12313
23	44	-4.12204
22	45	-4.12204
61	82	4.1204
60	83	4.1204
60	85	4.12012
61	84	4.12012
27	78	4.11877
26	79	4.11877
20	71	4.11712
21	70	4.11712
45	94	-4.11606
44	95	-4.11606
29	84	4.1154
28	85	4.1154
11	14	-4.11522
10	15	-4.11522
26	43	-4.11508
27	42	-4.11508
68	85	4.11471
69	84	4.11471
53	72	-4.11291
52	73	-4.11291
21	56	4.11179
20	57	4.11179
73	76	-4.11044
72	77	-4.11044
71	84	-4.10989
70	85	-4.10989
5	24	4.10967
4	25	4.10967
61	80	-4.10902
60	81	-4.10902
7	80	4.10898
6	81	4.10898
15	72	4.10829
14	73	4.10829
77	98	4.10803
76	99	4.10803
0	87	-4.10765
1	86	-4.10765
57	84	-4.10757
56	85	-4.10757
19	38	-4.10748
18	39	-4.10748
42	91	-4.10685
43	90	-4.10685
69	90	-4.10312
68	91	-4.10312
77	80	4.10266
76	81	4.10266
38	79	4.10236
39	78	4.10236
13	32	-4.10225
12	33	-4.10225
17	90	4.10113
16	91	4.10113
25	50	4.10081
24	51	4.10081
39	96	4.10019
38	97	4.10019
37	72	4.09778
36	73	4.09778
0	13	-4.09736
1	12	-4.09736
12	55	-4.09622
13	54	-4.09622
56	81	4.09557
57	80	4.09557
51	94	-4.09512
50	95	-4.09512
59	68	-4.09208
58	69	-4.09208
59	94	-4.09025
58	95	-4.09025
41	64	-4.09
40	65	-4.09
81	96	4.08967
80	97	4.08967
42	83	4.08851
43	82	4.08851
71	90	4.0879
70	91	4.0879
20	61	-4.08679
21	60	-4.08679
9	14	4.08484
8	15	4.08484
38	69	-4.08384
39	68	-4.08384
63	86	-4.08341
62	87	-4.08341
96	99	4.08292
97	98	4.08292
6	91	4.08281
7	90	4.08281
72	97	-4.08211
73	96	-4.08211
39	76	4.08142
38	77	4.08142
0	99	4.08104
1	98	4.08104
6	21	4.08062
7	20	4.08062
71	80	4.07994
70	81	4.07994
59	60	-4.07971
58	61	-4.07971
33	86	-4.07962
32	87	-4.07962
8	97	-4.07952
9	96	-4.07952
56	83	-4.07947
57	82	-4.07947
66	83	4.0793
67	82	4.0793
20	69	-4.07852
21	68	-4.07852
31	50	-4.07842
30	51	-4.07842
35	38	-4.07726
34	39	-4.07726
27	86	-4.07687
26	87	-4.07687
10	69	-4.0767
11	68	-4.0767
25	38	4.07605
24	39	4.07605
18	23	4.07581
19	22	4.07581
8	37	4.07207
9	36	4.07207
38	43	-4.07205
39	42	-4.07205
43	58	-4.07198
42	59	-4.07198
18	89	4.07189
19	88	4.07189
41	92	4.07139
40	93	4.07139
37	38	-4.06731
36	39	-4.06731
22	77	-4.06642
23	76	-4.06642
74	87	-4.06562
75	86	-4.06562
77	88	-4.06485
76	89	-4.06485
48	85	-4.06342
49	84	-4.06342
6	9	-4.06332
7	8	-4.06332
63	94	-4.06269
62	95	-4.06269
56	91	4.06108
57	90	4.06108
55	78	4.06009
54	79	4.06009
8	43	4.05977
9	42	4.05977
15	22	4.05922
14	23	4.05922
26	95	-4.05899
27	94	-4.05899
16	73	-4.05869
17	72	-4.05869
14	89	4.05824
15	88	4.05824
8	77	-4.05809
9	76	-4.05809
65	84	-4.05801
64	85	-4.05801
32	73	-4.05734
33	72	-4.05734
70	83	-4.05686
71	82	-4.05686
8	19	4.05679
9	18	4.05679
18	91	-4.05599
19	90	-4.05599
61	90	-4.05597
60	91	-4.05597
48	81	4.0559
49	80	4.0559
31	80	-4.05541
30	81	-4.05541
41	46	-4.05528
40	47	-4.05528
10	43	-4.05464
11	42	-4.05464
7	82	-4.0544
6	83	-4.0544
22	35	4.05331
23	34	4.05331
51	78	4.05303
50	79	4.05303
21	42	-4.05289
20	43	-4.05289
34	89	4.0525
35	88	4.0525
21	66	-4.05016
20	67	-4.05016
35	98	-4.04914
34	99	-4.04914
37	88	4.04727
36	89	4.04727
22	37	4.04692
23	36	4.04692
67	92	4.04661
66	93	4.04661
35	84	4.04617
34	85	4.04617
9	60	4.04616
8	61	4.04616
4	69	-4.04591
5	68	-4.04591
24	91	4.04577
25	90	4.04577
22	97	-4.04535
23	96	-4.04535
14	99	-4.0452
15	98	-4.0452
89	96	-4.04489
88	97	-4.04489
14	39	-4.04398
15	38	-4.04398
9	56	-4.04343
8	57	-4.04343
2	73	4.04267
3	72	4.04267
0	89	-4.04262
1	88	-4.04262
29	88	4.04014
28	89	4.04014
40	53	-4.03833
41	52	-4.03833
0	23	-4.03833
1	22	-4.03833
23	28	4.03801
22	29	4.03801
12	53	-4.03794
13	52	-4.03794
49	50	4.0375
48	51	4.0375
10	31	-4.03743
11	30	-4.03743
10	49	4.03702
11	48	4.03702
29	40	4.03679
28	41	4.03679
75	94	-4.03567
74	95	-4.03567
31	84	4.03508
30	85	4.03508
32	99	4.03472
33	98	4.03472
34	91	-4.03375
35	90	-4.03375
8	31	4.03327
9	30	4.03327
4	31	-4.03312
5	30	-4.03312
5	78	4.03286
4	79	4.03286
9	68	4.03258
8	69	4.03258
59	78	4.03177
58	79	4.03177
83	94	4.03112
82	95	4.03112
47	88	-4.03109
46	89	-4.03109
32	89	-4.03106
33	88	-4.03106
22	47	-4.03105
23	46	-4.03105
90	97	4.03091
91	96	4.03091
8	71	-4.03045
9	70	-4.03045
13	62	-4.02982
12	63	-4.02982
5	42	-4.02897
4	43	-4.02897
2	87	4.02847
3	86	4.02847
55	94	-4.02815
54	95	-4.02815
48	91	4.02813
49	90	4.02813
6	39	4.02738
7	38	4.02738
22	33	-4.02697
23	32	-4.02697
17	22	-4.02666
16	23	-4.02666
20	95	-4.02604
21	94	-4.02604
64	73	-4.02596
65	72	-4.02596
77	90	4.0254
76	91	4.0254
62	67	-4.02513
63	66	-4.02513
16	89	-4.02494
17	88	-4.02494
37	98	-4.02467
36	99	-4.02467
45	86	-4.02449
44	87	-4.02449
8	25	-4.02386
9	24	-4.02386
66	75	-4.02324
67	74	-4.02324
36	91	-4.02306
37	90	-4.02306
9	34	4.0219
8	35	4.0219
13	92	4.02103
12	93	4.02103
4	49	4.02088
5	48	4.02088
16	85	-4.02086
17	84	-4.02086
39	70	4.02085
38	71	4.02085
10	79	4.02081
11	78	4.02081
23	64	-4.02057
22	65	-4.02057
38	61	-4.02041
39	60	-4.02041
64	89	-4.02011
65	88	-4.02011
32	41	-4.01961
33	40	-4.01961
2	13	4.01955
3	12	4.01955
11	56	4.01917
10	57	4.01917
51	60	-4.01897
50	61	-4.01897
51	70	4.01836
50	71	4.01836
25	84	-4.01812
24	85	-4.01812
38	57	4.0172
39	56	4.0172
1	40	-4.016
0	41	-4.016
87	92	4.01557
86	93	4.01557
10	61	-4.01556
11	60	-4.01556
26	67	-4.01396
27	66	-4.01396
58	67	-4.01382
59	66	-4.01382
15	80	-4.01369
14	81	-4.01369
50	57	4.01341
51	56	4.01341
47	72	-4.01321
46	73	-4.01321
9	48	-4.0124
8	49	-4.0124
6	11	4.01228
7	10	4.01228
2	41	4.01224
3	40	4.01224
51	68	-4.01202
50	69	-4.01202
21	78	4.01199
20	79	4.01199
34	81	-4.01168
35	80	-4.01168
54	67	-4.01145
55	66	-4.01145
6	51	4.01116
7	50	4.01116
1	72	-4.01065
0	73	-4.01065
30	91	-4.0099
31	90	-4.0099
14	91	-4.00968
15	90	-4.00968
78	83	-4.00912
79	82	-4.00912
85	96	-4.00659
84	97	-4.00659
31	38	-4.00652
30	39	-4.00652
36	81	-4.00577
37	80	-4.00577
11	70	4.00542
10	71	4.00542
4	71	4.00524
5	70	4.00524
5	60	-4.0051
4	61	-4.0051
53	86	-4.00423
52	87	-4.00423
5	56	4.00408
4	57	4.00408
15	84	4.0024
14	85	4.0024
39	48	4.00231
38	49	4.00231
29	72	4.002
28	73	4.002
42	51	-4.00194
43	50	-4.00194
19	84	4.00177
18	85	4.00177
4	7	4.00134
5	6	4.00134
76	85	-4.00115
77	84	-4.00115
36	85	4.00098
37	84	4.00098
22	88	2.99906
6	56	2.99819
76	96	2.99642
16	64	2.99324
42	68	2.99112
18	24	-2.99109
4	10	2.99106
48	56	2.98902
26	74	2.98885
14	36	2.98794
28	64	-2.98618
18	76	-2.98355
46	64	2.983
16	18	-2.98261
42	60	2.98128
38	90	2.98127
6	48	2.98081
54	62	2.98072
30	60	2.97735
4	38	2.97522
26	58	2.97458
24	76	2.97175
6	78	2.97114
48	70	2.97025
0	32	2.96983
16	28	-2.9684
10	38	2.96834
28	46	-2.96817
0	28	-2.96812
18	96	-2.96801
40	72	2.96724
16	76	2.96706
54	82	-2.96619
60	68	2.96545
14	30	2.96163
16	96	2.96113
34	36	2.96002
16	46	2.95981
6	70	2.95798
56	70	2.95695
80	90	2.95684
20	58	2.95593
56	78	2.95582
18	64	-2.95502
20	74	2.95281
2	28	2.9504
16	24	2.94962
58	74	2.94921
24	96	2.94878
0	2	-2.94872
70	78	2.9465
38	80	2.94641
30	68	2.94256
40	86	2.94221
2	52	-2.9419
30	42	2.9392
20	26	2.93795
80	98	2.93741
64	76	2.93687
64	96	2.93556
12	40	2.93118
4	20	2.92953
30	36	2.92889
0	96	2.92787
10	58	2.92676
0	64	2.92591
48	76	2.92559
28	96	-2.92422
4	90	2.92318
20	50	2.92234
2	62	-2.92193
48	78	2.92187
4	50	2.91935
32	52	2.91881
24	48	2.91768
24	56	2.91751
10	20	2.91654
48	96	2.9137
0	16	2.91322
62	82	-2.91268
28	76	-2.9123
0	52	2.91206
52	74	2.91196
18	28	2.90988
14	34	2.90965
24	64	2.90865
12	72	2.90508
10	90	2.90366
4	58	2.90256
26	44	2.90189
52	62	2.90168
18	46	-2.901
0	76	2.90008
6	24	2.89725
42	94	2.89588
72	84	2.89579
2	46	-2.8952
56	76	2.89284
2	64	-2.8919
32	44	2.88775
90	98	2.88697
18	48	-2.88676
14	60	2.8859
32	96	2.88537
44	74	2.88527
8	84	2.88232
22	40	2.88214
2	32	-2.88184
28	32	-2.88119
12	86	2.87861
0	46	2.87773
10	80	2.87561
8	22	2.87486
8	88	2.87392
18	56	-2.87198
46	92	-2.87169
56	96	2.86994
50	82	-2.86812
44	52	2.86796
8	82	2.86766
40	88	2.8655
10	50	2.86544
6	76	2.8654
4	80	2.86265
46	76	2.86229
26	52	2.86061
38	50	2.85948
46	96	2.85889
0	18	-2.85681
24	28	-2.84941
68	94	2.84835
36	60	2.8475
2	16	-2.84677
32	76	2.8458
6	18	-2.84539
12	94	2.84422
30	34	2.84403
24	46	2.84379
2	92	2.8431
22	86	2.84252
2	54	-2.84193
6	96	2.84019
62	92	-2.84
60	94	2.83999
54	92	-2.83902
28	52	-2.83827
14	68	2.83724
22	84	2.8362
86	88	2.83457
22	72	2.83416
86	94	2.83283
72	86	2.83262
20	38	2.83012
10	26	2.82959
50	90	2.8239
70	76	2.82349
66	86	2.82278
32	64	2.82036
14	42	2.81836
84	88	2.81772
38	98	2.81745
70	96	2.8162
16	32	2.81577
16	48	2.81287
72	88	2.81174
40	84	2.81087
52	54	2.81034
38	58	2.8102
4	26	2.8085
8	50	-2.80779
10	74	2.80459
28	92	2.80379
24	70	2.80323
44	58	2.80216
62	74	2.79877
4	74	2.79877
50	58	2.7973
2	96	-2.79673
20	52	2.79649
0	24	2.79581
66	94	2.79201
64	92	-2.78441
50	74	2.78364
16	56	2.78145
24	78	2.77854
20	82	-2.77583
34	60	2.775
0	44	2.77478
20	62	2.77331
0	62	2.77315
28	62	-2.77115
50	54	2.77001
18	32	-2.76915
36	68	2.76873
2	76	-2.76664
18	70	-2.76183
36	42	2.75951
32	74	2.75867
52	58	2.75194
48	64	2.75073
2	74	-2.74807
6	16	2.74778
2	18	2.74754
32	46	2.74741
52	64	2.74703
26	50	2.74534
20	54	2.74273
20	90	2.73614
50	62	2.73573
60	66	2.73487
76	78	2.73389
8	54	-2.72994
54	74	2.72667
46	62	2.72654
26	32	2.7255
46	52	2.72386
0	48	2.72376
40	94	2.72324
20	44	2.72239
30	94	2.72234
16	92	-2.71807
24	32	2.71426
56	64	2.71242
32	48	2.71212
32	62	2.71179
26	62	2.71151
52	96	2.71122
82	92	2.70937
18	78	-2.70877
52	82	-2.70856
28	48	-2.70847
16	52	2.70536
78	96	2.70521
74	82	-2.70199
2	44	-2.70025
42	66	2.7001
2	82	2.69904
0	74	2.69799
0	92	-2.697
58	90	2.69506
8	72	2.69121
4	98	2.6857
26	38	2.68386
62	64	2.68384
10	98	2.6833
50	80	2.67968
16	70	2.67643
12	22	2.67642
6	64	2.67579
2	26	-2.67101
28	54	-2.66979
52	92	-2.66648
38	74	2.66516
58	80	2.6649
52	76	2.66464
2	24	-2.66384
34	42	2.66257
50	88	-2.66213
8	40	2.6568
0	54	2.65634
12	88	2.65524
28	56	-2.65296
4	82	-2.65111
20	80	2.64909
34	68	2.64876
0	56	2.64867
46	54	2.6471
22	50	-2.64443
12	84	2.64435
46	48	2.64349
0	26	2.6432
32	70	2.63705
82	84	2.63503
26	54	2.63474
58	62	2.6343
2	20	-2.6336
84	86	2.62749
30	66	2.6251
50	52	2.62424
28	44	-2.62409
32	56	2.62381
44	96	2.62278
40	66	2.62065
44	62	2.62002
26	82	-2.61881
66	68	2.61774
8	62	-2.61611
0	70	2.61488
6	28	-2.61317
16	62	2.61313
64	70	2.60953
18	52	-2.6088
46	56	2.60864
0	6	2.60853
18	92	2.60605
72	94	2.60439
88	90	-2.59958
58	82	-2.59477
16	78	2.59353
8	20	-2.59019
28	74	-2.58747
32	54	2.58719
6	32	2.58604
54	64	2.58386
12	66	2.58219
10	82	-2.58115
32	58	2.58051
54	58	2.57609
82	88	2.57576
4	8	-2.57517
28	70	-2.57435
22	90	-2.57274
12	42	2.5722
92	96	-2.57205
6	46	2.57151
44	76	2.5707
22	82	2.57042
4	62	2.57036
20	32	2.5679
4	54	2.5678
42	86	2.56507
76	92	-2.56347
32	92	-2.55925
4	52	2.55892
26	90	2.55763
66	88	2.55547
10	44	2.55387
2	58	-2.55383
10	52	2.55342
38	82	-2.55281
22	66	2.55192
8	90	-2.54935
74	90	2.5445
14	94	2.54262
62	96	2.53904
44	64	2.53705
50	98	2.53642
34	66	2.53216
8	86	2.53188
8	38	-2.53038
38	88	-2.53032
10	62	2.52918
24	52	2.52795
16	44	2.52773
2	48	-2.52677
0	20	2.5267
60	86	2.52586
24	92	-2.52351
26	28	-2.52198
4	44	2.51973
12	68	2.51767
64	78	2.51595
82	90	-2.51564
26	80	2.51538
10	54	2.51229
44	54	2.51222
50	84	-2.5107
16	54	2.50704
4	88	-2.50661
2	50	-2.50566
22	38	-2.50552
0	58	2.50379
62	76	2.50258
54	84	-2.50078
46	70	2.49801
0	82	-2.49725
28	82	2.49607
36	94	2.49258
8	10	-2.49143
18	62	-2.48731
12	60	2.4869
36	66	2.48637
64	74	2.48549
4	22	-2.48473
68	86	2.48441
14	66	2.48332
74	80	2.48198
18	44	-2.47986
46	82	-2.47011
44	50	2.46995
22	94	2.46847
46	74	2.46829
44	46	2.46709
66	72	2.46364
44	48	2.46355
74	96	2.45968
38	54	2.45752
88	94	2.45692
2	56	-2.45549
74	92	-2.45487
48	52	2.45485
0	78	2.45388
28	78	-2.45138
32	82	-2.44936
32	78	2.44721
38	62	2.44652
8	74	-2.44645
16	74	2.44361
34	94	2.44285
20	28	-2.44252
44	82	-2.4415
20	98	2.43866
66	78	-2.43833
88	98	-2.43548
10	88	-2.4323
24	44	2.43114
6	66	-2.42992
26	64	2.42736
58	98	2.42659
44	70	2.4262
8	92	2.42573
56	66	-2.4247
80	88	-2.4244
66	70	-2.4234
8	12	2.42253
20	92	-2.42155
26	96	2.42053
54	96	2.41897
8	58	-2.4181
48	66	-2.41636
50	92	-2.4153
40	42	2.41489
2	6	-2.41461
18	42	2.41433
46	78	2.41395
38	52	2.41335
10	22	-2.41181
24	42	-2.41116
74	76	2.4107
18	60	2.41005
22	98	-2.40905
60	76	-2.40787
20	88	-2.40712
16	42	-2.40697
64	82	-2.40645
16	60	-2.40642
2	70	-2.40617
16	68	-2.40567
54	90	2.40443
26	46	2.40324
24	60	-2.40301
18	68	2.40293
60	96	-2.4018
64	68	-2.40154
28	58	-2.40112
2	4	-2.39983
32	34	-2.39934
54	88	-2.39916
22	80	-2.39914
24	94	-2.39878
28	30	2.39792
24	62	2.39664
16	30	-2.39595
42	64	-2.39551
60	64	-2.39521
30	64	-2.39478
22	54	-2.39473
24	68	-2.39407
16	26	2.39373
46	68	-2.39293
20	22	-2.39125
8	26	-2.39116
42	76	-2.391
0	36	-2.38983
30	96	-2.3888
30	76	-2.38833
2	10	-2.38746
0	14	-2.38739
54	76	2.38629
30	86	2.38396
18	30	2.38387
38	44	2.38308
2	14	2.38296
78	86	-2.38234
28	60	2.38213
0	30	-2.38213
14	28	2.3808
18	54	-2.38035
62	84	-2.37787
66	98	-2.3778
42	96	-2.37693
28	68	2.37509
44	56	2.37498
42	46	-2.37475
8	52	-2.37458
32	36	-2.37438
62	90	2.37434
80	82	-2.37426
0	34	-2.37381
26	76	2.37354
68	76	-2.37278
18	94	2.37277
2	36	2.37128
52	56	2.37075
56	94	-2.36963
36	52	-2.36859
30	46	-2.36825
26	92	-2.36815
6	94	-2.36809
24	30	-2.36749
28	42	2.36699
8	80	-2.36603
52	70	2.36349
46	60	-2.36237
34	52	-2.36124
72	82	2.36043
28	36	2.35958
68	96	-2.35905
20	46	2.35846
0	60	-2.35792
40	60	2.35751
2	30	2.35735
12	30	2.35716
14	64	-2.35635
18	74	-2.3559
6	86	-2.3556
48	60	-2.35469
86	90	-2.35394
32	50	2.35383
14	96	-2.35376
56	60	-2.35359
14	52	-2.35051
50	72	-2.3499
14	16	-2.34966
14	32	-2.34949
36	96	-2.34842
40	68	2.34729
20	64	2.3471
0	50	2.34708
40	50	-2.34666
2	8	2.34639
14	76	-2.34495
44	92	-2.34461
6	44	2.34426
6	60	-2.34338
56	86	-2.34084
76	94	-2.33934
10	32	2.33852
42	56	-2.33772
48	94	-2.33722
34	44	-2.33719
36	76	-2.334
16	82	-2.33366
34	96	-2.33329
6	52	2.33262
14	46	-2.33107
8	98	-2.33107
30	32	-2.32934
24	66	-2.32861
78	94	-2.32821
42	48	-2.32801
6	42	-2.32784
16	94	-2.32666
14	18	2.32653
36	64	-2.32623
48	92	-2.32575
4	32	2.32561
20	84	-2.32506
66	76	-2.32434
16	36	-2.32191
2	34	2.32139
30	48	-2.32096
58	64	2.32094
18	26	-2.31974
40	90	-2.31928
0	42	-2.31874
0	68	-2.31753
14	62	-2.31452
30	56	-2.31423
66	96	-2.31408
46	58	2.31383
94	96	-2.31306
34	76	-2.31119
86	98	-2.31068
2	60	2.31063
28	34	2.30894
84	94	2.30871
40	82	2.30775
52	90	2.30753
54	80	2.30688
14	24	-2.3052
4	84	-2.30463
36	62	-2.30402
32	60	-2.3039
6	30	-2.30374
58	92	-2.30278
56	68	-2.30231
42	72	2.30211
28	50	-2.30124
18	36	2.30061
2	68	2.30011
18	66	2.29835
16	20	2.29799
0	10	2.29591
62	88	-2.29585
62	80	2.29579
64	94	-2.29468
24	54	2.29464
30	52	-2.29358
34	48	-2.29273
48	68	-2.29253
58	96	2.29199
60	78	-2.29184
6	68	-2.29168
48	86	-2.29163
36	46	-2.29123
84	92	2.2911
82	98	-2.29089
0	4	2.29046
22	62	-2.29002
50	86	-2.28997
24	74	2.28911
84	90	-2.28905
34	74	-2.28902
36	48	-2.28801
16	58	2.28788
40	78	-2.28705
26	98	2.28641
34	70	-2.28641
60	70	-2.28486
56	92	-2.28417
58	88	-2.28411
20	96	2.28354
4	92	-2.2835
14	48	-2.2834
2	38	-2.28147
2	42	2.28136
24	36	-2.27975
66	90	-2.27974
70	86	-2.27903
66	84	2.2787
38	86	-2.27643
38	40	-2.27341
14	56	-2.27237
22	58	-2.27168
92	98	-2.27129
16	34	-2.2707
42	78	-2.27032
68	92	2.26953
26	34	-2.26952
36	56	-2.2695
38	84	-2.26894
34	64	-2.2686
36	74	-2.26772
70	94	-2.26704
74	98	2.26672
2	78	-2.26642
36	44	-2.26604
48	62	2.26561
6	14	-2.26467
6	12	-2.26332
44	90	2.26328
24	26	2.26268
6	36	-2.26235
46	94	-2.26213
14	54	-2.26212
10	92	-2.26139
80	86	-2.2613
82	96	-2.26096
24	86	-2.26095
72	90	-2.2602
34	56	-2.25965
30	78	-2.25868
78	88	-2.25784
12	78	-2.25693
18	34	2.25618
36	70	-2.25604
22	78	-2.25594
30	70	-2.25571
52	80	2.25539
12	56	-2.25509
6	40	-2.25493
58	76	2.25453
46	50	2.25339
6	92	-2.25276
30	92	2.25245
4	40	-2.25234
14	92	2.25198
6	34	-2.25196
30	62	-2.25098
10	84	-2.2507
32	42	-2.25054
80	92	-2.24906
68	72	2.24752
4	72	-2.24698
36	54	-2.24628
42	70	-2.2462
12	24	-2.24613
36	78	-2.24524
74	84	-2.24522
60	72	2.24418
34	62	-2.24377
20	76	2.24376
16	66	-2.24355
28	94	2.24268
10	28	-2.24202
44	80	2.24152
44	78	2.241
32	68	-2.24088
38	72	-2.24073
14	78	-2.24019
48	74	2.23994
34	78	-2.23909
74	88	-2.23898
40	56	-2.23865
38	92	-2.23775
52	60	-2.23774
24	34	-2.23767
4	28	-2.23735
58	84	-2.2369
14	70	-2.23625
68	78	-2.23298
30	40	2.23255
8	66	2.23248
14	74	-2.23224
26	36	-2.23162
54	98	2.23096
76	82	-2.23066
66	80	-2.22954
42	92	2.22901
70	92	-2.22894
22	74	-2.22872
12	90	-2.22839
26	84	-2.22824
14	86	2.22758
10	72	-2.22524
54	72	-2.22503
18	58	-2.22319
26	48	2.22277
10	40	-2.22242
4	86	-2.22227
18	82	2.22225
34	46	-2.21967
40	80	-2.21949
14	44	-2.21832
50	64	2.2178
34	86	2.21679
26	88	-2.21667
60	92	2.21614
12	38	-2.21597
40	98	-2.21488
10	46	2.21364
90	92	-2.21322
18	86	2.21215
18	20	-2.21158
12	80	-2.21069
72	78	-2.21049
8	44	-2.20969
20	72	-2.20921
36	92	2.20843
12	14	2.20829
36	86	2.20808
22	26	-2.20749
68	70	-2.20742
12	48	-2.20689
10	12	-2.20603
56	62	2.20508
4	46	2.20441
64	66	-2.20432
52	78	2.20423
82	86	2.2036
2	90	-2.20332
58	72	-2.2032
12	18	2.20285
32	38	2.20166
52	68	-2.20155
94	98	-2.20026
22	42	2.20002
34	58	-2.19878
20	34	-2.19812
76	86	-2.19792
62	98	2.19706
0	94	-2.19652
30	54	-2.19616
20	36	-2.19577
4	12	-2.19434
42	88	2.19358
14	26	-2.19151
42	52	-2.191
0	66	-2.19008
12	50	-2.18946
10	64	2.18924
32	66	-2.18916
10	86	-2.18843
14	82	2.18766
52	84	-2.18685
12	34	2.18622
40	48	-2.1858
2	80	-2.1857
62	68	-2.18551
46	80	2.18483
60	62	-2.18381
6	22	-2.18377
6	88	-2.1834
12	36	2.18259
70	74	2.18181
38	66	-2.18067
34	54	-2.18033
6	72	-2.17962
0	38	2.17935
28	66	2.1791
36	82	2.17849
12	58	-2.1778
24	58	2.17754
4	64	2.17692
20	40	-2.17606
44	84	-2.17605
8	94	2.1758
62	70	2.17567
22	60	2.17554
40	70	-2.1754
0	8	-2.17523
8	28	2.17466
6	62	2.17388
24	40	-2.17325
30	44	-2.17295
86	96	-2.17257
26	70	2.17202
56	74	2.17176
46	98	2.17135
80	94	-2.17128
60	88	2.17127
40	54	-2.17118
48	54	2.17035
26	72	-2.16926
72	80	-2.16838
14	20	-2.1682
8	46	-2.16709
16	50	2.16672
12	76	-2.16671
78	98	2.16631
36	58	-2.16612
12	98	-2.16594
2	84	2.16588
12	70	-2.16565
56	72	-2.16492
22	56	-2.16251
56	88	-2.16193
26	56	2.15897
30	74	-2.15677
42	62	-2.1565
10	16	2.15634
38	46	2.15531
80	84	-2.15441
20	24	2.15386
8	32	-2.15374
24	82	-2.15355
28	38	-2.15343
40	58	-2.15322
90	94	-2.15202
84	98	-2.15111
68	98	-2.14931
32	94	-2.1491
72	74	-2.14709
46	66	-2.14606
16	86	-2.14541
6	74	2.14485
42	98	-2.14454
12	16	-2.14439
78	92	-2.14359
22	68	2.14333
44	60	-2.14309
30	72	2.14283
54	68	-2.14194
44	72	-2.14161
70	88	-2.1416
12	96	-2.14096
4	16	2.13997
22	70	-2.13917
62	72	-2.13879
88	92	2.1378
22	92	2.13748
68	88	2.1374
72	98	-2.13731
50	96	2.13459
6	26	2.13432
12	82	2.13263
64	80	2.13208
2	94	2.13196
12	26	-2.13175
34	92	2.13149
52	88	-2.13127
14	58	-2.13089
54	60	-2.13082
18	40	2.12688
28	80	-2.12632
22	52	-2.12509
70	98	2.12494
26	30	-2.12406
10	96	2.12385
50	66	-2.12332
48	58	2.12285
12	20	-2.12256
34	82	2.12247
54	56	2.12243
48	72	-2.12136
70	72	-2.11974
12	44	-2.11935
36	50	-2.11879
38	64	2.1186
8	64	-2.11771
48	88	-2.11647
32	90	2.11645
22	48	-2.11632
30	82	2.11531
20	86	-2.11518
38	94	-2.11508
68	80	-2.11343
64	98	2.11265
46	90	2.11258
78	84	-2.11233
16	80	2.11232
12	64	-2.11205
52	98	2.11197
42	54	-2.11107
6	98	2.11096
60	98	-2.11041
34	40	2.11032
14	40	2.10987
4	96	2.10975
24	72	-2.10925
64	86	-2.10825
50	76	2.10763
2	98	-2.10761
26	40	-2.10684
4	66	-2.10683
10	18	-2.10602
14	50	-2.106
40	76	-2.1059
0	90	2.10511
60	74	-2.1044
10	76	2.10414
0	80	2.10369
42	80	-2.10142
78	90	2.10088
56	98	2.10021
42	44	-2.09999
54	70	2.09932
32	80	2.09919
16	98	2.09906
6	54	2.09821
20	48	2.09787
92	94	2.09723
34	50	-2.09657
2	88	2.09541
40	62	-2.09539
24	98	2.09515
28	90	-2.09503
36	40	2.09503
44	68	-2.09344
18	80	-2.09338
18	98	-2.09248
40	74	-2.09232
18	50	-2.09184
2	22	2.09178
78	80	2.09137
2	66	2.09082
12	74	-2.0905
54	86	-2.09034
10	34	-2.09033
20	30	-2.0902
22	30	2.09003
16	38	2.08996
28	98	-2.08923
12	46	-2.08909
4	76	2.08848
24	80	2.08846
30	88	2.08733
4	34	-2.08722
42	84	2.08658
4	18	-2.08505
40	96	-2.08385
58	86	-2.08346
4	36	-2.0823
10	66	-2.08196
68	74	-2.08195
26	60	-2.08151
58	70	2.08128
34	72	2.08083
10	94	-2.08061
8	78	-2.08058
48	98	2.08056
56	58	2.08053
10	36	-2.07812
10	24	2.07753
62	78	2.07688
44	98	2.07674
8	16	-2.07576
44	66	-2.07546
32	84	-2.07522
64	90	2.07313
46	86	-2.07291
42	74	-2.0719
30	58	-2.07143
16	40	-2.07127
18	72	2.0707
72	92	2.07032
28	86	2.07028
4	94	-2.06962
48	82	-2.06934
30	98	-2.0693
22	24	-2.06846
12	28	2.06766
52	94	-2.06737
52	66	-2.06691
6	84	-2.06656
24	88	-2.06573
68	82	2.06563
26	68	-2.06507
74	78	2.06453
40	44	-2.06357
6	58	2.06354
0	84	-2.06275
4	14	-2.06245
44	88	-2.06185
46	84	-2.06156
22	44	-2.06102
60	82	2.0602
60	84	2.06006
26	78	2.05939
20	70	2.05856
44	94	-2.05803
28	84	2.0577
10	14	-2.05761
26	42	-2.05754
68	84	2.05736
52	72	-2.05645
20	56	2.05589
72	76	-2.05522
70	84	-2.05495
4	24	2.05484
60	80	-2.05451
6	80	2.05449
14	72	2.05414
76	98	2.05401
0	86	-2.05383
56	84	-2.05378
18	38	-2.05374
42	90	-2.05343
68	90	-2.05156
76	80	2.05133
38	78	2.05118
12	32	-2.05112
16	90	2.05056
24	50	2.0504
38	96	2.05009
36	72	2.04889
0	12	-2.04868
12	54	-2.04811
56	80	2.04778
50	94	-2.04756
58	68	-2.04604
58	94	-2.04512
40	64	-2.045
80	96	2.04483
42	82	2.04425
70	90	2.04395
20	60	-2.0434
8	14	2.04242
38	68	-2.04192
62	86	-2.0417
96	98	2.04146
6	90	2.04141
72	96	-2.04105
38	76	2.04071
0	98	2.04052
6	20	2.04031
70	80	2.03997
58	60	-2.03985
32	86	-2.03981
8	96	-2.03976
56	82	-2.03973
66	82	2.03965
20	68	-2.03926
30	50	-2.03921
34	38	-2.03863
26	86	-2.03844
10	68	-2.03835
24	38	2.03803
18	22	2.0379
8	36	2.03604
38	42	-2.03602
42	58	-2.03599
18	88	2.03595
40	92	2.0357
36	38	-2.03366
22	76	-2.03321
74	86	-2.03281
76	88	-2.03243
48	84	-2.03171
6	8	-2.03166
62	94	-2.03134
56	90	2.03054
54	78	2.03005
8	42	2.02988
14	22	2.02961
26	94	-2.0295
16	72	-2.02935
14	88	2.02912
8	76	-2.02904
64	84	-2.029
32	72	-2.02867
70	82	-2.02843
8	18	2.02839
18	90	-2.02799
60	90	-2.02799
48	80	2.02795
30	80	-2.02771
40	46	-2.02764
10	42	-2.02732
6	82	-2.0272
22	34	2.02666
50	78	2.02652
20	42	-2.02644
34	88	2.02625
20	66	-2.02508
34	98	-2.02457
36	88	2.02363
22	36	2.02346
66	92	2.02331
34	84	2.02309
8	60	2.02308
4	68	-2.02296
24	90	2.02288
22	96	-2.02268
14	98	-2.0226
88	96	-2.02245
14	38	-2.02199
8	56	-2.02171
2	72	2.02134
0	88	-2.02131
28	88	2.02007
40	52	-2.01917
0	22	-2.01917
22	28	2.019
12	52	-2.01897
48	50	2.01875
10	30	-2.01871
10	48	2.01851
28	40	2.01839
74	94	-2.01784
30	84	2.01754
32	98	2.01736
34	90	-2.01687
8	30	2.01663
4	30	-2.01656
4	78	2.01643
8	68	2.01629
58	78	2.01588
82	94	2.01556
46	88	-2.01554
32	88	-2.01553
22	46	-2.01553
90	96	2.01545
8	70	-2.01522
12	62	-2.01491
4	42	-2.01449
2	86	2.01423
54	94	-2.01407
48	90	2.01407
6	38	2.01369
22	32	-2.01348
16	22	-2.01333
20	94	-2.01302
64	72	-2.01298
76	90	2.0127
62	66	-2.01257
16	88	-2.01247
36	98	-2.01234
44	86	-2.01225
8	24	-2.01193
66	74	-2.01162
36	90	-2.01153
8	34	2.01095
12	92	2.01051
4	48	2.01044
16	84	-2.01043
38	70	2.01042
10	78	2.01041
22	64	-2.01028
38	60	-2.01021
64	88	-2.01006
32	40	-2.0098
2	12	2.00978
10	56	2.00959
50	60	-2.00949
50	70	2.00918
24	84	-2.00906
38	56	2.0086
0	40	-2.008
86	92	2.00779
10	60	-2.00778
26	66	-2.00698
58	66	-2.00691
14	80	-2.00684
50	56	2.00671
46	72	-2.00661
8	48	-2.0062
6	10	2.00614
2	40	2.00612
50	68	-2.00601
20	78	2.006
34	80	-2.00584
54	66	-2.00573
6	50	2.00558
0	72	-2.00532
30	90	-2.00495
14	90	-2.00484
78	82	-2.00456
84	96	-2.0033
30	38	-2.00326
36	80	-2.00289
10	70	2.00271
4	70	2.00262
4	60	-2.00255
52	86	-2.00212
4	56	2.00204
14	84	2.0012
38	48	2.00116
28	72	2.001
42	50	-2.00097
18	84	2.00089
4	6	2.00067
76	84	-2.00058
36	84	2.00049
