21	33	199.952
7	33	199.947
17	73	199.929
37	81	199.889
25	47	199.865
7	21	199.799
29	51	199.672
65	85	199.516
79	99	199.209
13	51	199.101
53	97	199.039
31	51	198.985
5	63	198.89
25	55	198.835
47	55	198.831
1	7	198.815
13	29	198.751
41	69	-198.689
59	83	198.671
1	33	198.649
21	91	198.627
33	91	198.602
1	21	198.441
7	91	198.42
29	31	198.371
57	97	198.325
53	57	198.303
63	91	198.193
19	71	198.015
1	81	198.005
49	87	-197.746
35	41	197.532
35	69	-197.465
59	75	197.453
27	89	197.39
75	83	197.349
39	91	197.34
1	37	197.007
7	39	196.965
45	79	196.813
33	39	196.418
21	63	196.344
13	31	196.292
13	15	196.165
9	15	196.147
9	13	196.095
19	89	196.066
49	83	-196.049
7	81	196.044
5	65	195.881
33	63	195.757
21	39	195.749
23	95	195.746
5	91	195.527
9	51	195.434
33	81	195.249
15	43	195.08
7	37	195.074
7	63	194.982
1	91	194.644
21	81	194.454
33	37	194.144
45	99	194.141
9	31	193.939
43	45	193.868
39	81	193.779
37	39	193.726
5	85	193.616
1	39	193.59
21	37	193.219
41	85	192.95
9	29	192.933
19	27	192.884
11	75	192.492
75	87	192.46
15	51	192.316
49	75	-192.209
83	87	192.194
11	87	192.115
5	21	191.612
39	63	191.487
15	45	191.328
27	71	191.31
71	89	191.179
37	57	190.925
63	65	190.919
5	33	190.878
15	29	190.766
27	59	190.754
81	91	190.49
49	59	-190.471
1	63	190.407
13	43	190.404
5	7	189.916
37	91	189.429
57	81	189.232
41	65	189.183
17	25	188.819
19	77	188.334
63	85	188.194
5	39	187.783
23	99	-187.636
25	73	187.34
15	31	187.311
27	75	187.311
17	47	186.989
35	85	186.595
59	87	186.383
69	85	-186.246
35	99	186.206
23	35	-186.084
73	93	185.864
47	73	185.482
23	69	185.036
93	95	184.925
29	43	184.564
11	49	-184.529
43	51	184.356
11	83	184.201
17	93	184.075
9	43	184.032
61	65	184.024
65	91	183.869
37	97	183.715
1	5	183.609
43	79	183.42
61	85	183.391
27	83	183.359
71	77	183.132
63	81	182.991
55	63	-182.97
47	69	182.821
17	55	182.811
55	67	182.349
41	47	-182.325
11	59	182.253
37	53	182.234
81	97	181.866
35	65	181.624
35	79	181.579
23	79	-181.559
65	69	-181.539
25	69	181.274
37	63	181.264
23	93	181.161
47	63	-180.975
55	73	180.942
21	55	-180.911
25	67	180.895
17	67	180.771
25	41	-180.234
59	89	180.168
43	99	180.121
43	71	-180.015
53	81	180.004
5	41	179.806
85	91	179.712
3	67	179.663
15	79	179.652
1	57	179.334
33	55	-179.332
1	3	-179.325
9	45	179.242
5	55	-179.099
67	73	179.077
5	47	-178.767
13	45	178.674
25	63	-178.516
47	67	178.35
1	55	-178.32
77	89	178.312
23	41	-177.912
75	89	177.853
7	55	-177.69
21	65	177.43
95	99	-177.098
39	57	176.854
31	43	176.726
55	91	-176.392
3	81	-176.37
33	65	176.297
69	99	-176.226
47	85	-176.189
5	25	-175.955
77	95	175.736
21	47	-175.628
5	81	175.349
41	55	-175.22
7	65	174.896
7	57	174.756
55	69	174.691
3	37	-174.574
41	63	174.328
47	65	-174.259
59	71	174.159
41	99	173.883
33	47	-173.84
21	25	-173.75
15	99	173.729
17	69	173.612
5	37	173.59
21	85	173.528
39	65	173.374
69	73	173.346
23	45	-173.3
25	85	-173.188
33	57	172.905
3	55	172.665
47	91	-172.539
55	85	-172.367
33	85	172.193
19	59	172.165
29	71	-172.133
7	47	-171.966
5	69	-171.964
25	33	-171.954
13	71	-171.922
55	65	-171.416
3	21	-171.326
1	47	-171.189
83	89	171.181
21	57	171.177
25	65	-171.144
3	33	-171.08
11	27	171.035
45	51	170.98
3	7	-170.94
35	47	-170.905
1	97	170.848
5	61	170.836
79	95	-170.752
7	85	170.594
19	43	-170.21
25	91	-170.148
7	25	-170.085
69	79	-169.98
35	95	-169.828
1	25	-169.809
69	95	169.633
29	45	169.3
35	61	169.202
41	61	169.053
25	35	-168.864
69	93	168.574
41	79	168.441
1	53	168.116
51	71	-168.027
27	77	167.873
39	85	167.869
5	35	167.801
27	49	-167.566
63	69	-166.96
17	41	-166.74
1	65	166.7
35	45	166.541
55	81	-166.505
15	71	-166.502
39	53	166.497
45	95	-166.313
41	73	-166.125
57	91	166.082
9	79	166.008
39	97	165.806
19	75	165.264
7	97	164.711
27	87	164.665
71	75	164.545
3	57	-164.211
71	83	164.108
39	55	-164.089
3	25	163.929
11	89	163.791
37	55	-163.545
23	73	163.397
3	97	-163.369
43	77	-163.135
7	53	163.088
13	79	163.063
31	45	163.035
3	47	162.927
33	97	162.798
1	85	162.564
43	95	-162.367
23	43	-162.223
41	91	162.219
35	55	-162.186
17	23	162.096
19	83	161.846
61	63	161.732
29	59	-161.533
3	91	-161.159
21	97	161.049
33	53	161.044
31	71	-161.002
25	93	160.751
35	63	160.743
41	95	-160.598
17	35	-160.289
35	73	-160.148
27	29	-159.909
45	71	-159.859
61	69	-159.832
19	29	-159.699
35	93	-159.68
23	77	159.528
47	93	159.467
13	19	-159.443
21	53	159.156
39	47	-159.048
9	99	158.821
3	63	-158.807
41	93	-158.58
47	81	-158.423
21	41	158.148
85	99	157.656
73	95	157.53
3	39	-157.468
25	81	-157.109
13	99	156.953
61	79	156.874
25	39	-156.795
65	81	156.739
51	59	-156.598
29	83	-156.456
33	41	156.276
61	99	156.246
31	59	-156.126
13	27	-156.022
3	53	-155.922
27	43	-155.714
17	95	155.612
61	91	155.541
37	47	-155.433
19	51	-155.356
9	71	-155.329
23	85	-155.246
27	51	-155.063
1	67	-154.967
91	97	154.868
37	65	154.812
15	19	-154.746
49	89	-154.67
51	79	154.658
69	91	-154.331
7	41	154.201
45	69	-154.16
53	91	154.138
43	89	-154.133
57	63	154.13
25	37	-154.115
79	85	153.882
13	59	-153.548
23	47	153.33
87	89	153.063
31	83	-152.667
23	25	152.658
29	79	152.537
81	85	151.794
45	77	-151.768
21	67	-151.749
41	45	151.684
51	83	-151.668
65	99	151.494
21	69	-151.267
55	93	150.88
19	45	-150.773
27	31	-150.645
71	95	150.461
33	67	-150.445
29	89	-150.348
93	99	-150.309
3	5	-150.061
19	95	149.927
37	85	149.708
17	85	-149.511
17	63	-149.437
33	69	-149.311
7	67	-149.222
77	99	-149.137
23	65	-148.986
15	23	-148.762
51	99	148.413
19	31	-148.386
13	89	-148.384
73	85	-148.363
39	61	148.3
77	93	148.08
35	91	148.07
65	79	147.979
1	41	147.831
63	67	-147.761
63	73	-147.661
5	17	-147.598
39	41	147.462
13	83	-147.425
29	75	-147.365
7	69	-147.188
31	79	146.784
29	99	146.622
77	79	-146.572
11	19	146.284
67	81	-146.252
71	79	-146.24
21	61	146.121
21	87	-146.077
5	73	-146.03
33	87	-145.978
51	89	-145.875
17	65	-145.871
7	87	-145.832
15	27	-145.727
5	57	145.671
15	95	-145.624
1	87	-145.574
7	49	145.52
39	49	145.419
33	61	145.389
33	49	145.32
35	43	145.227
49	71	-145.141
21	49	145.067
3	17	144.893
37	83	-144.843
49	91	144.839
81	83	-144.802
87	91	-144.794
67	69	144.73
71	99	-144.69
65	73	-144.656
1	49	144.527
17	21	-144.419
7	61	144.391
49	81	144.156
67	93	144.049
37	49	143.964
63	87	-143.857
37	67	-143.771
19	49	-143.52
37	59	-143.493
59	81	-143.363
21	35	143.333
3	11	143.326
1	83	-143.325
67	91	-143.323
81	87	-143.29
45	61	143.278
9	19	-143.263
15	77	-143.233
1	75	-143.187
63	97	143.16
75	81	-143.135
79	93	-143.052
23	55	142.859
31	75	-142.797
51	75	-142.78
39	87	-142.74
17	33	-142.729
37	75	-142.665
11	71	142.663
41	67	-142.611
37	87	-142.587
3	73	142.475
21	73	-142.438
29	49	142.28
7	83	-142.187
49	63	141.991
5	67	-141.978
13	77	-141.922
53	63	141.897
1	69	-141.725
33	83	-141.682
15	89	-141.675
43	59	-141.602
33	35	141.533
57	59	-141.415
39	83	-141.384
1	17	-141.252
21	83	-141.181
17	91	-141.049
7	17	-141.036
11	55	141.033
1	59	-141.012
59	77	140.979
5	87	-140.957
33	73	-140.778
31	49	140.777
7	75	-140.58
31	99	140.56
57	83	-140.484
31	89	-140.416
33	75	-140.337
9	27	-140.195
21	75	-140.115
1	11	-140.011
23	61	-139.722
13	75	-139.716
29	77	-139.696
47	95	139.651
39	69	-139.567
7	35	139.552
3	75	139.55
25	95	139.535
47	61	-139.457
59	97	-139.428
73	91	-139.337
15	35	139.335
23	71	139.328
5	49	139.185
1	73	-139.156
19	87	139.153
7	73	-139.117
83	91	-138.984
19	79	-138.981
71	87	138.947
7	59	-138.616
73	99	-138.614
19	99	-138.204
9	59	-138.196
11	21	-138.121
53	59	-138.077
33	59	-137.995
49	51	137.994
11	67	137.954
17	99	-137.941
85	95	-137.923
15	59	-137.717
11	33	-137.697
55	87	137.637
85	93	-137.564
71	97	-137.488
27	97	-137.476
83	97	-137.437
47	99	-137.431
21	59	-137.409
55	57	-137.397
7	11	-137.284
39	59	-137.164
11	25	137.116
57	75	-137.028
11	47	136.916
45	85	136.866
45	93	-136.769
53	83	-136.735
13	95	-136.718
19	23	136.665
25	61	-136.612
39	75	-136.605
51	77	-136.514
55	61	-136.509
75	91	-136.313
49	57	136.305
11	81	-136.256
67	85	-136.226
3	27	136.113
25	99	-136.03
27	57	-135.979
13	23	-135.876
1	61	135.839
5	23	-135.77
3	65	-135.679
41	81	135.52
53	71	-135.227
75	97	-135.22
3	89	135.072
11	37	-134.972
65	67	-134.787
5	97	134.767
29	53	134.66
39	67	-134.599
45	89	-134.588
43	69	-134.514
47	87	134.49
63	83	-134.39
75	77	134.386
9	23	-134.348
59	91	-134.153
11	63	-134.15
27	53	-134.058
35	39	134.055
9	89	-134.048
3	59	134.038
5	53	134.009
11	91	-133.786
27	45	-133.709
5	99	133.703
3	85	-133.679
25	87	133.653
65	93	-133.631
57	71	-133.57
35	67	-133.456
19	97	-133.399
57	87	-133.283
1	35	133.254
27	37	-133.172
37	41	133.138
43	83	-133.097
9	83	-133.08
27	81	-133.027
63	75	-133.018
73	79	-133.002
3	87	132.868
65	87	-132.784
89	95	132.777
53	75	-132.742
13	49	132.731
65	95	-132.626
17	79	-132.423
13	53	132.408
49	53	132.388
49	97	132.353
51	53	132.286
3	83	131.908
43	93	-131.775
47	79	-131.739
77	83	131.634
29	87	-131.525
9	95	-131.492
45	65	131.454
89	97	-131.425
29	95	-131.106
29	97	131.043
29	57	131.03
15	83	-130.881
51	95	-130.839
17	39	-130.827
41	43	130.715
17	81	-130.697
85	87	-130.688
25	79	-130.441
87	97	-130.354
23	63	-130.296
49	55	-130.279
49	65	130.25
31	87	-130.155
55	97	-130.11
5	11	-130.018
55	75	130.011
5	83	-129.996
5	79	129.996
55	95	129.964
19	53	-129.961
31	53	129.951
31	77	-129.948
11	39	-129.788
1	27	-129.71
5	93	-129.623
69	81	-129.536
57	67	-129.498
39	73	-129.469
19	57	-129.347
61	81	129.186
23	51	-129.168
47	57	-129.148
53	87	-129.108
59	63	-129.047
43	75	-129.024
13	97	128.997
73	81	-128.88
9	77	-128.821
57	89	-128.731
55	99	-128.653
25	57	-128.504
17	37	-128.487
23	29	-128.447
51	97	128.417
51	57	128.377
43	53	128.37
15	69	-128.28
61	95	-128.139
5	75	-128.135
37	61	128.083
35	77	-128.015
63	93	-127.842
13	57	127.768
51	87	-127.723
57	65	127.683
9	35	127.585
3	49	-127.536
49	85	127.391
3	41	-127.357
37	69	-127.194
53	89	-127.181
9	75	-127.111
43	97	127.063
47	49	-126.951
37	73	-126.767
53	55	-126.763
11	29	-126.743
31	57	126.733
67	97	-126.728
9	67	-126.543
63	99	126.381
15	41	126.038
25	49	-125.971
15	53	125.885
31	95	-125.875
11	57	-125.834
3	19	125.728
15	75	-125.633
31	97	125.626
37	89	-125.466
81	89	-125.455
27	95	125.327
11	31	-125.319
55	83	125.264
7	27	-125.016
11	97	-124.957
45	73	-124.957
3	69	124.911
67	75	124.906
11	17	124.859
47	75	124.806
15	61	124.794
15	93	-124.643
25	75	124.523
27	33	-124.352
67	87	124.264
69	77	124.188
17	45	-124.185
5	59	-124.125
11	51	-123.956
55	79	-123.804
21	27	-123.775
23	31	-123.718
31	93	-123.706
79	89	-123.688
23	67	123.67
11	73	123.473
53	67	-123.464
13	87	-123.253
9	53	123.25
13	35	123.231
37	71	-123.131
57	85	123.076
9	93	-123.027
15	97	122.938
9	73	-122.81
63	79	122.736
41	87	-122.698
1	89	-122.631
35	81	122.451
43	57	122.442
43	61	122.437
89	99	-122.369
71	81	-122.294
11	65	-122.225
9	17	-122.152
27	39	-122.134
47	97	-122.066
3	71	122.045
55	59	121.976
13	93	-121.849
51	93	-121.804
5	95	-121.736
25	97	-121.693
11	53	-121.411
19	37	-121.226
11	85	-121.195
27	79	-121.174
9	49	121.038
31	67	-121.024
91	93	-121.019
11	13	-120.919
61	77	-120.832
19	81	-120.711
47	83	120.642
29	93	-120.615
23	89	120.547
35	37	120.493
31	73	-120.264
19	93	120.215
71	93	120.182
45	59	-120.144
15	57	120.08
3	61	-120.073
25	83	120.058
23	91	-119.916
21	93	-119.912
11	77	119.74
65	83	-119.467
9	61	119.451
47	53	-119.442
9	97	119.394
17	31	-119.36
27	99	-119.343
29	37	119.255
69	87	119.195
27	91	-119.094
25	53	-119.055
9	69	-118.951
45	47	-118.934
17	87	118.831
33	93	-118.82
17	61	-118.664
65	97	118.588
9	57	118.466
77	97	-118.426
61	67	-118.416
41	77	-118.402
49	77	-118.236
25	45	-118.191
53	65	118.179
43	49	118.013
61	73	-118.007
65	75	-117.964
15	73	-117.915
67	83	117.898
51	67	-117.846
7	89	-117.798
73	87	117.784
11	41	-117.756
29	81	117.723
7	93	-117.711
59	67	117.703
61	93	-117.646
15	49	117.435
49	67	-117.428
21	23	-117.394
63	95	-117.375
41	49	117.273
33	89	-117.255
15	17	-117.172
35	51	117.139
9	41	117.06
47	59	116.929
43	85	116.902
15	67	-116.86
21	89	-116.8
1	71	-116.756
51	73	-116.725
31	37	116.711
91	99	116.71
83	85	-116.7
61	87	-116.657
37	51	116.638
25	59	116.552
45	53	116.517
3	35	-116.413
67	95	116.266
1	19	-116.223
11	69	116.177
5	45	116.155
67	99	-116.038
23	33	-116.034
9	11	-116.027
17	51	-115.877
43	73	-115.873
39	93	-115.862
13	67	-115.777
75	85	-115.745
67	79	-115.736
73	77	115.685
35	71	-115.523
53	77	-115.507
15	85	115.474
49	61	115.47
29	35	115.452
23	27	115.429
29	67	-115.31
31	81	115.263
1	93	-115.261
27	67	115.198
13	73	-115.194
51	81	115.157
45	97	115.042
13	69	-115.032
39	89	-114.877
17	43	-114.873
85	97	114.853
13	37	114.755
7	23	-114.616
27	63	-114.445
35	87	-114.425
13	17	-114.368
29	73	-114.328
53	85	114.314
77	87	114.271
17	77	114.162
9	87	-114.138
67	89	114.057
29	39	114.004
79	91	113.931
45	83	-113.768
57	77	-113.762
59	65	-113.7
17	29	-113.492
31	39	113.435
49	69	-113.421
13	81	113.317
21	99	113.03
17	49	-112.972
27	55	112.954
43	65	112.903
45	67	-112.735
7	71	-112.674
13	41	112.672
45	55	-112.635
31	35	112.617
19	35	-112.561
89	91	-112.51
17	57	-112.495
49	73	-112.253
39	71	-112.14
3	93	112.107
3	77	112.056
15	65	111.984
33	99	111.956
7	19	-111.905
39	51	111.905
33	71	-111.862
11	43	-111.647
43	87	-111.558
11	15	-111.528
57	73	-111.499
1	29	111.427
1	23	-111.299
17	75	111.283
59	85	-111.253
19	33	-111.221
11	61	-111.205
45	75	-111.2
13	61	111.185
21	71	-111.16
7	99	110.81
45	63	110.764
15	87	-110.742
41	57	110.731
19	39	-110.706
45	57	110.689
23	39	-110.666
61	89	-110.644
19	21	-110.637
51	69	-110.513
57	61	110.448
69	71	110.367
21	79	110.345
73	75	110.234
11	35	-110.223
7	29	110.125
91	95	-110.066
5	27	-109.961
35	49	109.877
1	31	109.729
19	61	-109.669
33	79	109.425
55	89	109.395
81	93	-109.387
89	93	109.378
1	51	109.266
9	85	109.253
41	75	-109.214
13	39	109.204
29	33	109.188
59	79	-109.167
29	69	-109.114
7	31	108.979
63	89	-108.846
53	79	108.837
17	83	108.584
37	93	-108.569
59	95	108.539
77	85	-108.519
41	83	-108.486
7	79	108.445
19	69	108.384
3	29	-108.378
37	43	108.366
39	99	108.364
21	29	108.341
41	51	108.34
25	27	108.202
27	47	108.169
31	33	108.126
7	51	108.112
17	97	-108.102
21	95	-108.047
17	53	-108.036
73	83	107.898
79	97	107.875
71	91	-107.809
3	9	-107.806
9	25	-107.773
31	69	-107.663
3	51	-107.637
51	61	107.535
1	13	107.527
3	31	-107.515
9	37	107.48
59	99	-107.423
53	73	-107.4
61	75	-107.398
29	91	107.385
21	31	107.353
57	69	-107.317
43	81	107.316
33	51	107.259
53	99	107.248
73	97	-107.237
1	99	107.233
61	83	-107.228
19	91	-107.221
33	95	-107.168
3	13	-107.163
15	37	107.116
43	67	-107.11
41	71	-107.093
69	75	107.032
29	41	107.02
65	77	-106.984
31	91	106.854
9	47	-106.802
9	65	106.768
43	47	-106.763
97	99	106.671
39	79	106.656
15	25	-106.593
61	71	-106.543
21	51	106.495
25	43	-106.493
9	81	106.408
15	47	-106.359
37	77	-106.349
7	95	-106.274
7	13	106.172
17	59	106.047
15	81	106.031
77	81	-105.898
69	83	105.853
41	97	105.831
29	61	105.745
51	91	105.718
19	67	105.634
87	93	105.6
31	41	105.54
5	89	-105.514
11	93	105.513
25	89	105.462
9	55	-105.416
13	33	105.404
59	73	105.399
61	97	105.381
53	61	105.38
19	41	-105.281
47	89	105.279
95	97	-105.259
27	93	105.246
13	85	105.241
31	61	105.236
1	79	105.231
27	61	-105.18
45	91	105.13
23	81	-105.015
41	53	105.015
3	15	-104.981
79	83	-104.931
49	93	-104.909
39	95	-104.886
41	59	-104.803
13	21	104.728
53	95	-104.69
45	49	104.593
25	77	104.57
47	77	104.569
3	23	104.49
57	79	104.477
25	31	-104.45
59	61	-104.302
35	57	104.24
83	95	104.209
1	95	-104.173
67	71	104.162
3	43	-104.15
9	39	104.064
5	43	104.064
23	37	-104.041
63	71	-103.932
75	95	103.91
13	91	103.89
35	89	-103.778
19	63	-103.739
83	99	-103.675
69	97	-103.64
15	55	-103.632
23	59	103.583
75	79	-103.557
35	75	-103.533
31	55	-103.51
31	47	-103.465
57	99	103.453
13	65	103.402
5	15	103.397
35	83	-103.217
21	45	103.159
19	55	103.149
29	63	103.102
1	43	103.099
1	77	-103.094
27	65	-103.09
59	69	103.017
43	55	-103.014
81	99	103.005
25	51	-102.984
15	39	102.924
39	77	-102.89
23	97	-102.864
53	69	-102.834
31	63	102.785
33	45	102.737
51	85	102.713
13	25	-102.693
1	9	102.674
39	43	102.658
23	87	102.613
75	99	-102.592
23	53	-102.498
37	99	102.479
57	93	-102.409
71	73	102.376
83	93	102.331
7	45	102.319
11	23	102.271
11	45	-102.271
47	51	-102.255
55	71	102.207
13	47	-102.168
53	93	-102.135
1	15	102.103
27	35	-102.074
51	55	-102.062
57	95	-102.04
51	63	102.027
29	85	102.025
43	63	102.017
25	29	-102.005
79	81	102.003
5	77	-101.978
7	43	101.977
35	97	101.957
27	85	-101.879
55	77	101.835
7	9	101.831
17	71	101.805
19	73	101.796
69	89	101.74
39	45	101.725
3	79	-101.721
3	99	-101.711
37	79	101.682
5	29	101.678
59	93	101.669
45	87	-101.667
33	43	101.659
37	45	101.624
3	95	101.617
51	65	101.601
35	53	101.591
29	55	-101.573
5	71	-101.56
5	19	-101.512
7	77	-101.492
5	31	101.472
65	89	-101.461
9	33	101.421
29	47	-101.417
21	43	101.416
7	15	101.386
13	55	-101.373
15	63	101.366
17	19	101.328
35	59	-101.303
19	25	101.291
19	47	101.29
3	45	-101.282
45	81	101.273
31	85	101.251
29	65	101.209
33	77	-101.2
87	99	-101.192
23	75	101.139
17	27	101.13
13	63	101.109
43	91	101.105
9	21	101.087
23	83	101.069
1	45	101.058
5	9	101.056
15	33	101.055
5	51	101.013
27	69	100.981
21	77	-100.958
81	95	-100.943
71	85	-100.927
77	91	-100.9
47	71	100.842
49	79	100.839
15	91	100.826
15	21	100.794
9	91	100.793
49	99	100.77
27	73	100.745
25	71	100.745
5	13	100.742
93	97	-100.731
31	65	100.688
75	93	100.67
23	57	-100.67
85	89	-100.669
11	95	100.64
37	95	-100.579
17	89	100.551
41	89	-100.546
79	87	-100.544
23	49	-100.54
63	77	-100.535
19	85	-100.532
27	41	-100.491
67	77	100.472
49	95	-100.392
73	89	100.351
19	65	-100.209
65	71	-100.209
9	63	100.143
11	99	-100.106
87	95	100.087
11	79	-100.076
64	65	20
72	73	20
34	35	20
74	75	20
20	21	20
76	77	20
60	61	20
46	47	20
94	95	20
52	53	20
48	49	20
78	79	20
96	97	20
18	19	20
86	87	20
36	37	20
80	81	20
50	51	20
92	93	20
56	57	20
82	83	20
24	25	20
40	41	20
88	89	20
30	31	20
66	67	20
42	43	20
54	55	20
32	33	20
28	29	20
22	23	20
90	91	20
84	85	20
38	39	20
14	15	20
62	63	20
68	69	20
58	59	20
26	27	20
70	71	20
16	17	20
44	45	20
0	1	20
98	99	20
10	11	20
6	7	20
4	5	20
8	9	20
2	3	20
12	13	20
20	33	19.9952
21	32	19.9952
6	33	19.9947
7	32	19.9947
16	73	19.9929
17	72	19.9929
37	80	19.9889
36	81	19.9889
24	47	19.9865
25	46	19.9865
6	21	19.9799
7	20	19.9799
28	51	19.9672
29	50	19.9672
64	85	19.9516
65	84	19.9516
79	98	19.9209
78	99	19.9209
12	51	19.9101
13	50	19.9101
52	97	19.9039
53	96	19.9039
30	51	19.8985
31	50	19.8985
4	63	19.889
5	62	19.889
25	54	19.8835
24	55	19.8835
46	55	19.8831
47	54	19.8831
0	7	19.8815
1	6	19.8815
12	29	19.8751
13	28	19.8751
40	69	-19.8689
41	68	-19.8689
59	82	19.8671
58	83	19.8671
0	33	19.8649
1	32	19.8649
21	90	19.8627
20	91	19.8627
33	90	19.8602
32	91	19.8602
1	20	19.8441
0	21	19.8441
6	91	19.842
7	90	19.842
28	31	19.8371
29	30	19.8371
57	96	19.8325
56	97	19.8325
52	57	19.8303
53	56	19.8303
62	91	19.8193
63	90	19.8193
18	71	19.8015
19	70	19.8015
0	81	19.8005
1	80	19.8005
49	86	-19.7746
48	87	-19.7746
35	40	19.7532
34	41	19.7532
34	69	-19.7465
35	68	-19.7465
58	75	19.7453
59	74	19.7453
26	89	19.739
27	88	19.739
75	82	19.7349
74	83	19.7349
38	91	19.734
39	90	19.734
0	37	19.7007
1	36	19.7007
7	38	19.6965
6	39	19.6965
44	79	19.6813
45	78	19.6813
32	39	19.6418
33	38	19.6418
20	63	19.6344
21	62	19.6344
13	30	19.6292
12	31	19.6292
13	14	19.6165
12	15	19.6165
8	15	19.6147
9	14	19.6147
9	12	19.6095
8	13	19.6095
19	88	19.6066
18	89	19.6066
48	83	-19.6049
49	82	-19.6049
6	81	19.6044
7	80	19.6044
4	65	19.5881
5	64	19.5881
32	63	19.5757
33	62	19.5757
21	38	19.5749
20	39	19.5749
23	94	19.5746
22	95	19.5746
4	91	19.5527
5	90	19.5527
9	50	19.5434
8	51	19.5434
32	81	19.5249
33	80	19.5249
15	42	19.508
14	43	19.508
6	37	19.5074
7	36	19.5074
7	62	19.4982
6	63	19.4982
1	90	19.4644
0	91	19.4644
21	80	19.4454
20	81	19.4454
33	36	19.4144
32	37	19.4144
45	98	19.4141
44	99	19.4141
9	30	19.3939
8	31	19.3939
43	44	19.3868
42	45	19.3868
39	80	19.3779
38	81	19.3779
37	38	19.3726
36	39	19.3726
4	85	19.3616
5	84	19.3616
0	39	19.359
1	38	19.359
21	36	19.3219
20	37	19.3219
41	84	19.295
40	85	19.295
8	29	19.2933
9	28	19.2933
18	27	19.2884
19	26	19.2884
11	74	19.2492
10	75	19.2492
75	86	19.246
74	87	19.246
15	50	19.2316
14	51	19.2316
48	75	-19.2209
49	74	-19.2209
82	87	19.2194
83	86	19.2194
11	86	19.2115
10	87	19.2115
4	21	19.1612
5	20	19.1612
38	63	19.1487
39	62	19.1487
15	44	19.1328
14	45	19.1328
26	71	19.131
27	70	19.131
70	89	19.1179
71	88	19.1179
37	56	19.0925
36	57	19.0925
63	64	19.0919
62	65	19.0919
5	32	19.0878
4	33	19.0878
15	28	19.0766
14	29	19.0766
26	59	19.0754
27	58	19.0754
80	91	19.049
81	90	19.049
49	58	-19.0471
48	59	-19.0471
1	62	19.0407
0	63	19.0407
12	43	19.0404
13	42	19.0404
5	6	18.9916
4	7	18.9916
37	90	18.9429
36	91	18.9429
57	80	18.9232
56	81	18.9232
40	65	18.9183
41	64	18.9183
16	25	18.8819
17	24	18.8819
19	76	18.8334
18	77	18.8334
63	84	18.8194
62	85	18.8194
4	39	18.7783
5	38	18.7783
22	99	-18.7636
23	98	-18.7636
25	72	18.734
24	73	18.734
14	31	18.7311
15	30	18.7311
26	75	18.7311
27	74	18.7311
17	46	18.6989
16	47	18.6989
34	85	18.6595
35	84	18.6595
58	87	18.6383
59	86	18.6383
69	84	-18.6246
68	85	-18.6246
35	98	18.6206
34	99	18.6206
23	34	-18.6084
22	35	-18.6084
72	93	18.5864
73	92	18.5864
46	73	18.5482
47	72	18.5482
23	68	18.5036
22	69	18.5036
92	95	18.4925
93	94	18.4925
28	43	18.4564
29	42	18.4564
10	49	-18.4529
11	48	-18.4529
43	50	18.4356
42	51	18.4356
11	82	18.4201
10	83	18.4201
16	93	18.4075
17	92	18.4075
8	43	18.4032
9	42	18.4032
61	64	18.4024
60	65	18.4024
64	91	18.3869
65	90	18.3869
37	96	18.3715
36	97	18.3715
0	5	18.3609
1	4	18.3609
43	78	18.342
42	79	18.342
60	85	18.3391
61	84	18.3391
27	82	18.3359
26	83	18.3359
71	76	18.3132
70	77	18.3132
62	81	18.2991
63	80	18.2991
54	63	-18.297
55	62	-18.297
46	69	18.2821
47	68	18.2821
17	54	18.2811
16	55	18.2811
54	67	18.2349
55	66	18.2349
41	46	-18.2325
40	47	-18.2325
11	58	18.2253
10	59	18.2253
36	53	18.2234
37	52	18.2234
81	96	18.1866
80	97	18.1866
34	65	18.1624
35	64	18.1624
35	78	18.1579
34	79	18.1579
23	78	-18.1559
22	79	-18.1559
65	68	-18.1539
64	69	-18.1539
25	68	18.1274
24	69	18.1274
36	63	18.1264
37	62	18.1264
22	93	18.1161
23	92	18.1161
47	62	-18.0975
46	63	-18.0975
54	73	18.0942
55	72	18.0942
21	54	-18.0911
20	55	-18.0911
25	66	18.0895
24	67	18.0895
16	67	18.0771
17	66	18.0771
24	41	-18.0234
25	40	-18.0234
58	89	18.0168
59	88	18.0168
43	98	18.0121
42	99	18.0121
42	71	-18.0015
43	70	-18.0015
52	81	18.0004
53	80	18.0004
5	40	17.9806
4	41	17.9806
85	90	17.9712
84	91	17.9712
3	66	17.9663
2	67	17.9663
15	78	17.9652
14	79	17.9652
0	57	17.9334
1	56	17.9334
32	55	-17.9332
33	54	-17.9332
0	3	-17.9325
1	2	-17.9325
8	45	17.9242
9	44	17.9242
4	55	-17.9099
5	54	-17.9099
67	72	17.9077
66	73	17.9077
4	47	-17.8767
5	46	-17.8767
13	44	17.8674
12	45	17.8674
25	62	-17.8516
24	63	-17.8516
47	66	17.835
46	67	17.835
0	55	-17.832
1	54	-17.832
77	88	17.8312
76	89	17.8312
23	40	-17.7912
22	41	-17.7912
74	89	17.7853
75	88	17.7853
7	54	-17.769
6	55	-17.769
21	64	17.743
20	65	17.743
94	99	-17.7098
95	98	-17.7098
39	56	17.6854
38	57	17.6854
31	42	17.6726
30	43	17.6726
55	90	-17.6392
54	91	-17.6392
3	80	-17.637
2	81	-17.637
33	64	17.6297
32	65	17.6297
68	99	-17.6226
69	98	-17.6226
46	85	-17.6189
47	84	-17.6189
5	24	-17.5955
4	25	-17.5955
76	95	17.5736
77	94	17.5736
20	47	-17.5628
21	46	-17.5628
4	81	17.5349
5	80	17.5349
41	54	-17.522
40	55	-17.522
6	65	17.4896
7	64	17.4896
7	56	17.4756
6	57	17.4756
54	69	17.4691
55	68	17.4691
2	37	-17.4574
3	36	-17.4574
40	63	17.4328
41	62	17.4328
47	64	-17.4259
46	65	-17.4259
59	70	17.4159
58	71	17.4159
41	98	17.3883
40	99	17.3883
33	46	-17.384
32	47	-17.384
21	24	-17.375
20	25	-17.375
15	98	17.3729
14	99	17.3729
16	69	17.3612
17	68	17.3612
4	37	17.359
5	36	17.359
21	84	17.3528
20	85	17.3528
38	65	17.3374
39	64	17.3374
69	72	17.3346
68	73	17.3346
22	45	-17.33
23	44	-17.33
24	85	-17.3188
25	84	-17.3188
32	57	17.2905
33	56	17.2905
3	54	17.2665
2	55	17.2665
46	91	-17.2539
47	90	-17.2539
55	84	-17.2367
54	85	-17.2367
33	84	17.2193
32	85	17.2193
19	58	17.2165
18	59	17.2165
29	70	-17.2133
28	71	-17.2133
7	46	-17.1966
6	47	-17.1966
5	68	-17.1964
4	69	-17.1964
25	32	-17.1954
24	33	-17.1954
13	70	-17.1922
12	71	-17.1922
54	65	-17.1416
55	64	-17.1416
3	20	-17.1326
2	21	-17.1326
0	47	-17.1189
1	46	-17.1189
82	89	17.1181
83	88	17.1181
20	57	17.1177
21	56	17.1177
24	65	-17.1144
25	64	-17.1144
2	33	-17.108
3	32	-17.108
10	27	17.1035
11	26	17.1035
44	51	17.098
45	50	17.098
2	7	-17.094
3	6	-17.094
34	47	-17.0905
35	46	-17.0905
0	97	17.0848
1	96	17.0848
5	60	17.0836
4	61	17.0836
79	94	-17.0752
78	95	-17.0752
7	84	17.0594
6	85	17.0594
19	42	-17.021
18	43	-17.021
25	90	-17.0148
24	91	-17.0148
6	25	-17.0085
7	24	-17.0085
69	78	-16.998
68	79	-16.998
35	94	-16.9828
34	95	-16.9828
0	25	-16.9809
1	24	-16.9809
68	95	16.9633
69	94	16.9633
29	44	16.93
28	45	16.93
34	61	16.9202
35	60	16.9202
40	61	16.9053
41	60	16.9053
24	35	-16.8864
25	34	-16.8864
68	93	16.8574
69	92	16.8574
41	78	16.8441
40	79	16.8441
1	52	16.8116
0	53	16.8116
50	71	-16.8027
51	70	-16.8027
27	76	16.7873
26	77	16.7873
38	85	16.7869
39	84	16.7869
5	34	16.7801
4	35	16.7801
27	48	-16.7566
26	49	-16.7566
63	68	-16.696
62	69	-16.696
16	41	-16.674
17	40	-16.674
1	64	16.67
0	65	16.67
34	45	16.6541
35	44	16.6541
54	81	-16.6505
55	80	-16.6505
15	70	-16.6502
14	71	-16.6502
38	53	16.6497
39	52	16.6497
45	94	-16.6313
44	95	-16.6313
40	73	-16.6125
41	72	-16.6125
57	90	16.6082
56	91	16.6082
9	78	16.6008
8	79	16.6008
38	97	16.5806
39	96	16.5806
18	75	16.5264
19	74	16.5264
7	96	16.4711
6	97	16.4711
26	87	16.4665
27	86	16.4665
71	74	16.4545
70	75	16.4545
3	56	-16.4211
2	57	-16.4211
71	82	16.4108
70	83	16.4108
38	55	-16.4089
39	54	-16.4089
2	25	16.3929
3	24	16.3929
11	88	16.3791
10	89	16.3791
37	54	-16.3545
36	55	-16.3545
22	73	16.3397
23	72	16.3397
2	97	-16.3369
3	96	-16.3369
42	77	-16.3135
43	76	-16.3135
7	52	16.3088
6	53	16.3088
12	79	16.3063
13	78	16.3063
31	44	16.3035
30	45	16.3035
2	47	16.2927
3	46	16.2927
32	97	16.2798
33	96	16.2798
0	85	16.2564
1	84	16.2564
43	94	-16.2367
42	95	-16.2367
23	42	-16.2223
22	43	-16.2223
41	90	16.2219
40	91	16.2219
34	55	-16.2186
35	54	-16.2186
17	22	16.2096
16	23	16.2096
19	82	16.1846
18	83	16.1846
60	63	16.1732
61	62	16.1732
29	58	-16.1533
28	59	-16.1533
3	90	-16.1159
2	91	-16.1159
20	97	16.1049
21	96	16.1049
32	53	16.1044
33	52	16.1044
31	70	-16.1002
30	71	-16.1002
25	92	16.0751
24	93	16.0751
35	62	16.0743
34	63	16.0743
40	95	-16.0598
41	94	-16.0598
17	34	-16.0289
16	35	-16.0289
35	72	-16.0148
34	73	-16.0148
27	28	-15.9909
26	29	-15.9909
45	70	-15.9859
44	71	-15.9859
61	68	-15.9832
60	69	-15.9832
19	28	-15.9699
18	29	-15.9699
35	92	-15.968
34	93	-15.968
23	76	15.9528
22	77	15.9528
46	93	15.9467
47	92	15.9467
13	18	-15.9443
12	19	-15.9443
21	52	15.9156
20	53	15.9156
39	46	-15.9048
38	47	-15.9048
8	99	15.8821
9	98	15.8821
2	63	-15.8807
3	62	-15.8807
41	92	-15.858
40	93	-15.858
47	80	-15.8423
46	81	-15.8423
21	40	15.8148
20	41	15.8148
85	98	15.7656
84	99	15.7656
73	94	15.753
72	95	15.753
3	38	-15.7468
2	39	-15.7468
25	80	-15.7109
24	81	-15.7109
12	99	15.6953
13	98	15.6953
60	79	15.6874
61	78	15.6874
25	38	-15.6795
24	39	-15.6795
64	81	15.6739
65	80	15.6739
50	59	-15.6598
51	58	-15.6598
29	82	-15.6456
28	83	-15.6456
32	41	15.6276
33	40	15.6276
61	98	15.6246
60	99	15.6246
31	58	-15.6126
30	59	-15.6126
13	26	-15.6022
12	27	-15.6022
3	52	-15.5922
2	53	-15.5922
27	42	-15.5714
26	43	-15.5714
17	94	15.5612
16	95	15.5612
60	91	15.5541
61	90	15.5541
36	47	-15.5433
37	46	-15.5433
19	50	-15.5356
18	51	-15.5356
8	71	-15.5329
9	70	-15.5329
23	84	-15.5246
22	85	-15.5246
27	50	-15.5063
26	51	-15.5063
0	67	-15.4967
1	66	-15.4967
90	97	15.4868
91	96	15.4868
37	64	15.4812
36	65	15.4812
15	18	-15.4746
14	19	-15.4746
49	88	-15.467
48	89	-15.467
50	79	15.4658
51	78	15.4658
69	90	-15.4331
68	91	-15.4331
7	40	15.4201
6	41	15.4201
44	69	-15.416
45	68	-15.416
52	91	15.4138
53	90	15.4138
43	88	-15.4133
42	89	-15.4133
56	63	15.413
57	62	15.413
25	36	-15.4115
24	37	-15.4115
78	85	15.3882
79	84	15.3882
12	59	-15.3548
13	58	-15.3548
22	47	15.333
23	46	15.333
87	88	15.3063
86	89	15.3063
30	83	-15.2667
31	82	-15.2667
23	24	15.2658
22	25	15.2658
29	78	15.2537
28	79	15.2537
81	84	15.1794
80	85	15.1794
45	76	-15.1768
44	77	-15.1768
21	66	-15.1749
20	67	-15.1749
41	44	15.1684
40	45	15.1684
51	82	-15.1668
50	83	-15.1668
65	98	15.1494
64	99	15.1494
20	69	-15.1267
21	68	-15.1267
54	93	15.088
55	92	15.088
18	45	-15.0773
19	44	-15.0773
27	30	-15.0645
26	31	-15.0645
70	95	15.0461
71	94	15.0461
32	67	-15.0445
33	66	-15.0445
28	89	-15.0348
29	88	-15.0348
92	99	-15.0309
93	98	-15.0309
2	5	-15.0061
3	4	-15.0061
19	94	14.9927
18	95	14.9927
36	85	14.9708
37	84	14.9708
16	85	-14.9511
17	84	-14.9511
16	63	-14.9437
17	62	-14.9437
33	68	-14.9311
32	69	-14.9311
7	66	-14.9222
6	67	-14.9222
77	98	-14.9137
76	99	-14.9137
23	64	-14.8986
22	65	-14.8986
14	23	-14.8762
15	22	-14.8762
50	99	14.8413
51	98	14.8413
19	30	-14.8386
18	31	-14.8386
13	88	-14.8384
12	89	-14.8384
72	85	-14.8363
73	84	-14.8363
39	60	14.83
38	61	14.83
76	93	14.808
77	92	14.808
35	90	14.807
34	91	14.807
65	78	14.7979
64	79	14.7979
0	41	14.7831
1	40	14.7831
62	67	-14.7761
63	66	-14.7761
62	73	-14.7661
63	72	-14.7661
5	16	-14.7598
4	17	-14.7598
39	40	14.7462
38	41	14.7462
12	83	-14.7425
13	82	-14.7425
28	75	-14.7365
29	74	-14.7365
7	68	-14.7188
6	69	-14.7188
30	79	14.6784
31	78	14.6784
29	98	14.6622
28	99	14.6622
77	78	-14.6572
76	79	-14.6572
10	19	14.6284
11	18	14.6284
67	80	-14.6252
66	81	-14.6252
70	79	-14.624
71	78	-14.624
20	61	14.6121
21	60	14.6121
21	86	-14.6077
20	87	-14.6077
5	72	-14.603
4	73	-14.603
32	87	-14.5978
33	86	-14.5978
51	88	-14.5875
50	89	-14.5875
16	65	-14.5871
17	64	-14.5871
6	87	-14.5832
7	86	-14.5832
14	27	-14.5727
15	26	-14.5727
5	56	14.5671
4	57	14.5671
14	95	-14.5624
15	94	-14.5624
1	86	-14.5574
0	87	-14.5574
7	48	14.552
6	49	14.552
38	49	14.5419
39	48	14.5419
32	61	14.5389
33	60	14.5389
33	48	14.532
32	49	14.532
34	43	14.5227
35	42	14.5227
49	70	-14.5141
48	71	-14.5141
20	49	14.5067
21	48	14.5067
2	17	14.4893
3	16	14.4893
36	83	-14.4843
37	82	-14.4843
49	90	14.4839
48	91	14.4839
81	82	-14.4802
80	83	-14.4802
87	90	-14.4794
86	91	-14.4794
66	69	14.473
67	68	14.473
70	99	-14.469
71	98	-14.469
65	72	-14.4656
64	73	-14.4656
1	48	14.4527
0	49	14.4527
17	20	-14.4419
16	21	-14.4419
6	61	14.4391
7	60	14.4391
48	81	14.4156
49	80	14.4156
67	92	14.4049
66	93	14.4049
36	49	14.3964
37	48	14.3964
63	86	-14.3857
62	87	-14.3857
36	67	-14.3771
37	66	-14.3771
19	48	-14.352
18	49	-14.352
36	59	-14.3493
37	58	-14.3493
58	81	-14.3363
59	80	-14.3363
21	34	14.3333
20	35	14.3333
3	10	14.3326
2	11	14.3326
1	82	-14.3325
0	83	-14.3325
66	91	-14.3323
67	90	-14.3323
80	87	-14.329
81	86	-14.329
45	60	14.3278
44	61	14.3278
8	19	-14.3263
9	18	-14.3263
15	76	-14.3233
14	77	-14.3233
0	75	-14.3187
1	74	-14.3187
62	97	14.316
63	96	14.316
75	80	-14.3135
74	81	-14.3135
79	92	-14.3052
78	93	-14.3052
23	54	14.2859
22	55	14.2859
31	74	-14.2797
30	75	-14.2797
51	74	-14.278
50	75	-14.278
38	87	-14.274
39	86	-14.274
17	32	-14.2729
16	33	-14.2729
36	75	-14.2665
37	74	-14.2665
11	70	14.2663
10	71	14.2663
40	67	-14.2611
41	66	-14.2611
36	87	-14.2587
37	86	-14.2587
3	72	14.2475
2	73	14.2475
21	72	-14.2438
20	73	-14.2438
28	49	14.228
29	48	14.228
6	83	-14.2187
7	82	-14.2187
48	63	14.1991
49	62	14.1991
5	66	-14.1978
4	67	-14.1978
13	76	-14.1922
12	77	-14.1922
53	62	14.1897
52	63	14.1897
0	69	-14.1725
1	68	-14.1725
32	83	-14.1682
33	82	-14.1682
14	89	-14.1675
15	88	-14.1675
43	58	-14.1602
42	59	-14.1602
33	34	14.1533
32	35	14.1533
57	58	-14.1415
56	59	-14.1415
39	82	-14.1384
38	83	-14.1384
0	17	-14.1252
1	16	-14.1252
21	82	-14.1181
20	83	-14.1181
17	90	-14.1049
16	91	-14.1049
6	17	-14.1036
7	16	-14.1036
10	55	14.1033
11	54	14.1033
0	59	-14.1012
1	58	-14.1012
58	77	14.0979
59	76	14.0979
4	87	-14.0957
5	86	-14.0957
33	72	-14.0778
32	73	-14.0778
30	49	14.0777
31	48	14.0777
7	74	-14.058
6	75	-14.058
30	99	14.056
31	98	14.056
57	82	-14.0484
56	83	-14.0484
31	88	-14.0416
30	89	-14.0416
33	74	-14.0337
32	75	-14.0337
8	27	-14.0195
9	26	-14.0195
20	75	-14.0115
21	74	-14.0115
0	11	-14.0011
1	10	-14.0011
22	61	-13.9722
23	60	-13.9722
12	75	-13.9716
13	74	-13.9716
29	76	-13.9696
28	77	-13.9696
46	95	13.9651
47	94	13.9651
39	68	-13.9567
38	69	-13.9567
7	34	13.9552
6	35	13.9552
3	74	13.955
2	75	13.955
25	94	13.9535
24	95	13.9535
46	61	-13.9457
47	60	-13.9457
58	97	-13.9428
59	96	-13.9428
72	91	-13.9337
73	90	-13.9337
15	34	13.9335
14	35	13.9335
23	70	13.9328
22	71	13.9328
4	49	13.9185
5	48	13.9185
1	72	-13.9156
0	73	-13.9156
18	87	13.9153
19	86	13.9153
6	73	-13.9117
7	72	-13.9117
83	90	-13.8984
82	91	-13.8984
19	78	-13.8981
18	79	-13.8981
71	86	13.8947
70	87	13.8947
6	59	-13.8616
7	58	-13.8616
73	98	-13.8614
72	99	-13.8614
18	99	-13.8204
19	98	-13.8204
9	58	-13.8196
8	59	-13.8196
10	21	-13.8121
11	20	-13.8121
53	58	-13.8077
52	59	-13.8077
32	59	-13.7995
33	58	-13.7995
49	50	13.7994
48	51	13.7994
11	66	13.7954
10	67	13.7954
17	98	-13.7941
16	99	-13.7941
84	95	-13.7923
85	94	-13.7923
15	58	-13.7717
14	59	-13.7717
11	32	-13.7697
10	33	-13.7697
54	87	13.7637
55	86	13.7637
85	92	-13.7564
84	93	-13.7564
70	97	-13.7488
71	96	-13.7488
26	97	-13.7476
27	96	-13.7476
83	96	-13.7437
82	97	-13.7437
47	98	-13.7431
46	99	-13.7431
20	59	-13.7409
21	58	-13.7409
55	56	-13.7397
54	57	-13.7397
6	11	-13.7284
7	10	-13.7284
39	58	-13.7164
38	59	-13.7164
11	24	13.7116
10	25	13.7116
57	74	-13.7028
56	75	-13.7028
10	47	13.6916
11	46	13.6916
44	85	13.6866
45	84	13.6866
44	93	-13.6769
45	92	-13.6769
53	82	-13.6735
52	83	-13.6735
12	95	-13.6718
13	94	-13.6718
18	23	13.6665
19	22	13.6665
24	61	-13.6612
25	60	-13.6612
39	74	-13.6605
38	75	-13.6605
50	77	-13.6514
51	76	-13.6514
54	61	-13.6509
55	60	-13.6509
75	90	-13.6313
74	91	-13.6313
49	56	13.6305
48	57	13.6305
11	80	-13.6256
10	81	-13.6256
67	84	-13.6226
66	85	-13.6226
2	27	13.6113
3	26	13.6113
25	98	-13.603
24	99	-13.603
27	56	-13.5979
26	57	-13.5979
13	22	-13.5876
12	23	-13.5876
1	60	13.5839
0	61	13.5839
5	22	-13.577
4	23	-13.577
2	65	-13.5679
3	64	-13.5679
40	81	13.552
41	80	13.552
52	71	-13.5227
53	70	-13.5227
74	97	-13.522
75	96	-13.522
2	89	13.5072
3	88	13.5072
10	37	-13.4972
11	36	-13.4972
65	66	-13.4787
64	67	-13.4787
5	96	13.4767
4	97	13.4767
28	53	13.466
29	52	13.466
38	67	-13.4599
39	66	-13.4599
45	88	-13.4588
44	89	-13.4588
42	69	-13.4514
43	68	-13.4514
46	87	13.449
47	86	13.449
62	83	-13.439
63	82	-13.439
75	76	13.4386
74	77	13.4386
8	23	-13.4348
9	22	-13.4348
58	91	-13.4153
59	90	-13.4153
11	62	-13.415
10	63	-13.415
27	52	-13.4058
26	53	-13.4058
35	38	13.4055
34	39	13.4055
9	88	-13.4048
8	89	-13.4048
2	59	13.4038
3	58	13.4038
4	53	13.4009
5	52	13.4009
11	90	-13.3786
10	91	-13.3786
27	44	-13.3709
26	45	-13.3709
4	99	13.3703
5	98	13.3703
2	85	-13.3679
3	84	-13.3679
24	87	13.3653
25	86	13.3653
65	92	-13.3631
64	93	-13.3631
56	71	-13.357
57	70	-13.357
34	67	-13.3456
35	66	-13.3456
19	96	-13.3399
18	97	-13.3399
57	86	-13.3283
56	87	-13.3283
1	34	13.3254
0	35	13.3254
27	36	-13.3172
26	37	-13.3172
37	40	13.3138
36	41	13.3138
43	82	-13.3097
42	83	-13.3097
9	82	-13.308
8	83	-13.308
26	81	-13.3027
27	80	-13.3027
62	75	-13.3018
63	74	-13.3018
72	79	-13.3002
73	78	-13.3002
3	86	13.2868
2	87	13.2868
65	86	-13.2784
64	87	-13.2784
89	94	13.2777
88	95	13.2777
52	75	-13.2742
53	74	-13.2742
13	48	13.2731
12	49	13.2731
65	94	-13.2626
64	95	-13.2626
16	79	-13.2423
17	78	-13.2423
13	52	13.2408
12	53	13.2408
48	53	13.2388
49	52	13.2388
48	97	13.2353
49	96	13.2353
50	53	13.2286
51	52	13.2286
3	82	13.1908
2	83	13.1908
43	92	-13.1775
42	93	-13.1775
47	78	-13.1739
46	79	-13.1739
77	82	13.1634
76	83	13.1634
29	86	-13.1525
28	87	-13.1525
8	95	-13.1492
9	94	-13.1492
44	65	13.1454
45	64	13.1454
89	96	-13.1425
88	97	-13.1425
29	94	-13.1106
28	95	-13.1106
29	96	13.1043
28	97	13.1043
28	57	13.103
29	56	13.103
15	82	-13.0881
14	83	-13.0881
51	94	-13.0839
50	95	-13.0839
17	38	-13.0827
16	39	-13.0827
41	42	13.0715
40	43	13.0715
16	81	-13.0697
17	80	-13.0697
85	86	-13.0688
84	87	-13.0688
25	78	-13.0441
24	79	-13.0441
87	96	-13.0354
86	97	-13.0354
22	63	-13.0296
23	62	-13.0296
49	54	-13.0279
48	55	-13.0279
48	65	13.025
49	64	13.025
30	87	-13.0155
31	86	-13.0155
54	97	-13.011
55	96	-13.011
5	10	-13.0018
4	11	-13.0018
55	74	13.0011
54	75	13.0011
4	83	-12.9996
5	82	-12.9996
4	79	12.9996
5	78	12.9996
54	95	12.9964
55	94	12.9964
19	52	-12.9961
18	53	-12.9961
30	53	12.9951
31	52	12.9951
31	76	-12.9948
30	77	-12.9948
11	38	-12.9788
10	39	-12.9788
1	26	-12.971
0	27	-12.971
4	93	-12.9623
5	92	-12.9623
68	81	-12.9536
69	80	-12.9536
57	66	-12.9498
56	67	-12.9498
39	72	-12.9469
38	73	-12.9469
19	56	-12.9347
18	57	-12.9347
60	81	12.9186
61	80	12.9186
22	51	-12.9168
23	50	-12.9168
46	57	-12.9148
47	56	-12.9148
53	86	-12.9108
52	87	-12.9108
59	62	-12.9047
58	63	-12.9047
43	74	-12.9024
42	75	-12.9024
12	97	12.8997
13	96	12.8997
72	81	-12.888
73	80	-12.888
8	77	-12.8821
9	76	-12.8821
57	88	-12.8731
56	89	-12.8731
55	98	-12.8653
54	99	-12.8653
25	56	-12.8504
24	57	-12.8504
16	37	-12.8487
17	36	-12.8487
23	28	-12.8447
22	29	-12.8447
51	96	12.8417
50	97	12.8417
50	57	12.8377
51	56	12.8377
42	53	12.837
43	52	12.837
14	69	-12.828
15	68	-12.828
60	95	-12.8139
61	94	-12.8139
4	75	-12.8135
5	74	-12.8135
37	60	12.8083
36	61	12.8083
34	77	-12.8015
35	76	-12.8015
62	93	-12.7842
63	92	-12.7842
12	57	12.7768
13	56	12.7768
51	86	-12.7723
50	87	-12.7723
57	64	12.7683
56	65	12.7683
9	34	12.7585
8	35	12.7585
3	48	-12.7536
2	49	-12.7536
49	84	12.7391
48	85	12.7391
2	41	-12.7357
3	40	-12.7357
36	69	-12.7194
37	68	-12.7194
53	88	-12.7181
52	89	-12.7181
8	75	-12.7111
9	74	-12.7111
43	96	12.7063
42	97	12.7063
46	49	-12.6951
47	48	-12.6951
36	73	-12.6767
37	72	-12.6767
52	55	-12.6763
53	54	-12.6763
10	29	-12.6743
11	28	-12.6743
31	56	12.6733
30	57	12.6733
67	96	-12.6728
66	97	-12.6728
9	66	-12.6543
8	67	-12.6543
63	98	12.6381
62	99	12.6381
15	40	12.6038
14	41	12.6038
25	48	-12.5971
24	49	-12.5971
14	53	12.5885
15	52	12.5885
30	95	-12.5875
31	94	-12.5875
11	56	-12.5834
10	57	-12.5834
2	19	12.5728
3	18	12.5728
15	74	-12.5633
14	75	-12.5633
31	96	12.5626
30	97	12.5626
37	88	-12.5466
36	89	-12.5466
80	89	-12.5455
81	88	-12.5455
27	94	12.5327
26	95	12.5327
10	31	-12.5319
11	30	-12.5319
54	83	12.5264
55	82	12.5264
7	26	-12.5016
6	27	-12.5016
10	97	-12.4957
11	96	-12.4957
45	72	-12.4957
44	73	-12.4957
3	68	12.4911
2	69	12.4911
67	74	12.4906
66	75	12.4906
11	16	12.4859
10	17	12.4859
47	74	12.4806
46	75	12.4806
14	61	12.4794
15	60	12.4794
14	93	-12.4643
15	92	-12.4643
24	75	12.4523
25	74	12.4523
26	33	-12.4352
27	32	-12.4352
67	86	12.4264
66	87	12.4264
68	77	12.4188
69	76	12.4188
17	44	-12.4185
16	45	-12.4185
4	59	-12.4125
5	58	-12.4125
10	51	-12.3956
11	50	-12.3956
54	79	-12.3804
55	78	-12.3804
20	27	-12.3775
21	26	-12.3775
23	30	-12.3718
22	31	-12.3718
30	93	-12.3706
31	92	-12.3706
79	88	-12.3688
78	89	-12.3688
22	67	12.367
23	66	12.367
10	73	12.3473
11	72	12.3473
52	67	-12.3464
53	66	-12.3464
12	87	-12.3253
13	86	-12.3253
8	53	12.325
9	52	12.325
12	35	12.3231
13	34	12.3231
36	71	-12.3131
37	70	-12.3131
56	85	12.3076
57	84	12.3076
9	92	-12.3027
8	93	-12.3027
15	96	12.2938
14	97	12.2938
8	73	-12.281
9	72	-12.281
62	79	12.2736
63	78	12.2736
40	87	-12.2698
41	86	-12.2698
0	89	-12.2631
1	88	-12.2631
34	81	12.2451
35	80	12.2451
43	56	12.2442
42	57	12.2442
43	60	12.2437
42	61	12.2437
89	98	-12.2369
88	99	-12.2369
71	80	-12.2294
70	81	-12.2294
11	64	-12.2225
10	65	-12.2225
8	17	-12.2152
9	16	-12.2152
26	39	-12.2134
27	38	-12.2134
46	97	-12.2066
47	96	-12.2066
2	71	12.2045
3	70	12.2045
54	59	12.1976
55	58	12.1976
12	93	-12.1849
13	92	-12.1849
50	93	-12.1804
51	92	-12.1804
4	95	-12.1736
5	94	-12.1736
25	96	-12.1693
24	97	-12.1693
11	52	-12.1411
10	53	-12.1411
19	36	-12.1226
18	37	-12.1226
11	84	-12.1195
10	85	-12.1195
27	78	-12.1174
26	79	-12.1174
8	49	12.1038
9	48	12.1038
30	67	-12.1024
31	66	-12.1024
91	92	-12.1019
90	93	-12.1019
11	12	-12.0919
10	13	-12.0919
61	76	-12.0832
60	77	-12.0832
18	81	-12.0711
19	80	-12.0711
47	82	12.0642
46	83	12.0642
28	93	-12.0615
29	92	-12.0615
23	88	12.0547
22	89	12.0547
35	36	12.0493
34	37	12.0493
31	72	-12.0264
30	73	-12.0264
18	93	12.0215
19	92	12.0215
70	93	12.0182
71	92	12.0182
44	59	-12.0144
45	58	-12.0144
15	56	12.008
14	57	12.008
3	60	-12.0073
2	61	-12.0073
24	83	12.0058
25	82	12.0058
23	90	-11.9916
22	91	-11.9916
21	92	-11.9912
20	93	-11.9912
10	77	11.974
11	76	11.974
65	82	-11.9467
64	83	-11.9467
8	61	11.9451
9	60	11.9451
47	52	-11.9442
46	53	-11.9442
9	96	11.9394
8	97	11.9394
16	31	-11.936
17	30	-11.936
27	98	-11.9343
26	99	-11.9343
28	37	11.9255
29	36	11.9255
68	87	11.9195
69	86	11.9195
27	90	-11.9094
26	91	-11.9094
24	53	-11.9055
25	52	-11.9055
9	68	-11.8951
8	69	-11.8951
45	46	-11.8934
44	47	-11.8934
16	87	11.8831
17	86	11.8831
32	93	-11.882
33	92	-11.882
17	60	-11.8664
16	61	-11.8664
64	97	11.8588
65	96	11.8588
8	57	11.8466
9	56	11.8466
77	96	-11.8426
76	97	-11.8426
61	66	-11.8416
60	67	-11.8416
40	77	-11.8402
41	76	-11.8402
48	77	-11.8236
49	76	-11.8236
25	44	-11.8191
24	45	-11.8191
52	65	11.8179
53	64	11.8179
42	49	11.8013
43	48	11.8013
61	72	-11.8007
60	73	-11.8007
64	75	-11.7964
65	74	-11.7964
14	73	-11.7915
15	72	-11.7915
66	83	11.7898
67	82	11.7898
50	67	-11.7846
51	66	-11.7846
7	88	-11.7798
6	89	-11.7798
73	86	11.7784
72	87	11.7784
11	40	-11.7756
10	41	-11.7756
28	81	11.7723
29	80	11.7723
6	93	-11.7711
7	92	-11.7711
58	67	11.7703
59	66	11.7703
60	93	-11.7646
61	92	-11.7646
14	49	11.7435
15	48	11.7435
48	67	-11.7428
49	66	-11.7428
21	22	-11.7394
20	23	-11.7394
63	94	-11.7375
62	95	-11.7375
41	48	11.7273
40	49	11.7273
32	89	-11.7255
33	88	-11.7255
15	16	-11.7172
14	17	-11.7172
35	50	11.7139
34	51	11.7139
9	40	11.706
8	41	11.706
46	59	11.6929
47	58	11.6929
42	85	11.6902
43	84	11.6902
14	67	-11.686
15	66	-11.686
21	88	-11.68
20	89	-11.68
1	70	-11.6756
0	71	-11.6756
50	73	-11.6725
51	72	-11.6725
30	37	11.6711
31	36	11.6711
91	98	11.671
90	99	11.671
83	84	-11.67
82	85	-11.67
61	86	-11.6657
60	87	-11.6657
37	50	11.6638
36	51	11.6638
25	58	11.6552
24	59	11.6552
45	52	11.6517
44	53	11.6517
2	35	-11.6413
3	34	-11.6413
67	94	11.6266
66	95	11.6266
1	18	-11.6223
0	19	-11.6223
10	69	11.6177
11	68	11.6177
5	44	11.6155
4	45	11.6155
66	99	-11.6038
67	98	-11.6038
23	32	-11.6034
22	33	-11.6034
8	11	-11.6027
9	10	-11.6027
17	50	-11.5877
16	51	-11.5877
43	72	-11.5873
42	73	-11.5873
38	93	-11.5862
39	92	-11.5862
12	67	-11.5777
13	66	-11.5777
75	84	-11.5745
74	85	-11.5745
67	78	-11.5736
66	79	-11.5736
72	77	11.5685
73	76	11.5685
34	71	-11.5523
35	70	-11.5523
52	77	-11.5507
53	76	-11.5507
15	84	11.5474
14	85	11.5474
49	60	11.547
48	61	11.547
29	34	11.5452
28	35	11.5452
22	27	11.5429
23	26	11.5429
29	66	-11.531
28	67	-11.531
30	81	11.5263
31	80	11.5263
1	92	-11.5261
0	93	-11.5261
27	66	11.5198
26	67	11.5198
12	73	-11.5194
13	72	-11.5194
51	80	11.5157
50	81	11.5157
44	97	11.5042
45	96	11.5042
13	68	-11.5032
12	69	-11.5032
38	89	-11.4877
39	88	-11.4877
16	43	-11.4873
17	42	-11.4873
85	96	11.4853
84	97	11.4853
12	37	11.4755
13	36	11.4755
6	23	-11.4616
7	22	-11.4616
26	63	-11.4445
27	62	-11.4445
35	86	-11.4425
34	87	-11.4425
12	17	-11.4368
13	16	-11.4368
29	72	-11.4328
28	73	-11.4328
53	84	11.4314
52	85	11.4314
76	87	11.4271
77	86	11.4271
17	76	11.4162
16	77	11.4162
9	86	-11.4138
8	87	-11.4138
66	89	11.4057
67	88	11.4057
28	39	11.4004
29	38	11.4004
78	91	11.3931
79	90	11.3931
45	82	-11.3768
44	83	-11.3768
57	76	-11.3762
56	77	-11.3762
59	64	-11.37
58	65	-11.37
17	28	-11.3492
16	29	-11.3492
31	38	11.3435
30	39	11.3435
48	69	-11.3421
49	68	-11.3421
12	81	11.3317
13	80	11.3317
21	98	11.303
20	99	11.303
17	48	-11.2972
16	49	-11.2972
27	54	11.2954
26	55	11.2954
43	64	11.2903
42	65	11.2903
44	67	-11.2735
45	66	-11.2735
7	70	-11.2674
6	71	-11.2674
12	41	11.2672
13	40	11.2672
44	55	-11.2635
45	54	-11.2635
31	34	11.2617
30	35	11.2617
18	35	-11.2561
19	34	-11.2561
89	90	-11.251
88	91	-11.251
17	56	-11.2495
16	57	-11.2495
49	72	-11.2253
48	73	-11.2253
39	70	-11.214
38	71	-11.214
2	93	11.2107
3	92	11.2107
3	76	11.2056
2	77	11.2056
14	65	11.1984
15	64	11.1984
33	98	11.1956
32	99	11.1956
6	19	-11.1905
7	18	-11.1905
39	50	11.1905
38	51	11.1905
32	71	-11.1862
33	70	-11.1862
11	42	-11.1647
10	43	-11.1647
43	86	-11.1558
42	87	-11.1558
10	15	-11.1528
11	14	-11.1528
56	73	-11.1499
57	72	-11.1499
1	28	11.1427
0	29	11.1427
1	22	-11.1299
0	23	-11.1299
17	74	11.1283
16	75	11.1283
59	84	-11.1253
58	85	-11.1253
18	33	-11.1221
19	32	-11.1221
10	61	-11.1205
11	60	-11.1205
44	75	-11.12
45	74	-11.12
12	61	11.1185
13	60	11.1185
21	70	-11.116
20	71	-11.116
7	98	11.081
6	99	11.081
45	62	11.0764
44	63	11.0764
15	86	-11.0742
14	87	-11.0742
40	57	11.0731
41	56	11.0731
18	39	-11.0706
19	38	-11.0706
45	56	11.0689
44	57	11.0689
22	39	-11.0666
23	38	-11.0666
61	88	-11.0644
60	89	-11.0644
19	20	-11.0637
18	21	-11.0637
50	69	-11.0513
51	68	-11.0513
56	61	11.0448
57	60	11.0448
69	70	11.0367
68	71	11.0367
20	79	11.0345
21	78	11.0345
73	74	11.0234
72	75	11.0234
10	35	-11.0223
11	34	-11.0223
6	29	11.0125
7	28	11.0125
91	94	-11.0066
90	95	-11.0066
5	26	-10.9961
4	27	-10.9961
35	48	10.9877
34	49	10.9877
0	31	10.9729
1	30	10.9729
19	60	-10.9669
18	61	-10.9669
32	79	10.9425
33	78	10.9425
54	89	10.9395
55	88	10.9395
81	92	-10.9387
80	93	-10.9387
88	93	10.9378
89	92	10.9378
1	50	10.9266
0	51	10.9266
9	84	10.9253
8	85	10.9253
41	74	-10.9214
40	75	-10.9214
12	39	10.9204
13	38	10.9204
29	32	10.9188
28	33	10.9188
58	79	-10.9167
59	78	-10.9167
29	68	-10.9114
28	69	-10.9114
7	30	10.8979
6	31	10.8979
62	89	-10.8846
63	88	-10.8846
53	78	10.8837
52	79	10.8837
16	83	10.8584
17	82	10.8584
37	92	-10.8569
36	93	-10.8569
59	94	10.8539
58	95	10.8539
76	85	-10.8519
77	84	-10.8519
41	82	-10.8486
40	83	-10.8486
6	79	10.8445
7	78	10.8445
18	69	10.8384
19	68	10.8384
3	28	-10.8378
2	29	-10.8378
37	42	10.8366
36	43	10.8366
39	98	10.8364
38	99	10.8364
20	29	10.8341
21	28	10.8341
40	51	10.834
41	50	10.834
25	26	10.8202
24	27	10.8202
27	46	10.8169
26	47	10.8169
31	32	10.8126
30	33	10.8126
7	50	10.8112
6	51	10.8112
16	97	-10.8102
17	96	-10.8102
21	94	-10.8047
20	95	-10.8047
17	52	-10.8036
16	53	-10.8036
72	83	10.7898
73	82	10.7898
78	97	10.7875
79	96	10.7875
70	91	-10.7809
71	90	-10.7809
3	8	-10.7806
2	9	-10.7806
8	25	-10.7773
9	24	-10.7773
30	69	-10.7663
31	68	-10.7663
2	51	-10.7637
3	50	-10.7637
50	61	10.7535
51	60	10.7535
0	13	10.7527
1	12	10.7527
3	30	-10.7515
2	31	-10.7515
9	36	10.748
8	37	10.748
59	98	-10.7423
58	99	-10.7423
53	72	-10.74
52	73	-10.74
61	74	-10.7398
60	75	-10.7398
28	91	10.7385
29	90	10.7385
20	31	10.7353
21	30	10.7353
56	69	-10.7317
57	68	-10.7317
43	80	10.7316
42	81	10.7316
33	50	10.7259
32	51	10.7259
53	98	10.7248
52	99	10.7248
72	97	-10.7237
73	96	-10.7237
0	99	10.7233
1	98	10.7233
60	83	-10.7228
61	82	-10.7228
19	90	-10.7221
18	91	-10.7221
32	95	-10.7168
33	94	-10.7168
2	13	-10.7163
3	12	-10.7163
14	37	10.7116
15	36	10.7116
43	66	-10.711
42	67	-10.711
41	70	-10.7093
40	71	-10.7093
68	75	10.7032
69	74	10.7032
29	40	10.702
28	41	10.702
65	76	-10.6984
64	77	-10.6984
31	90	10.6854
30	91	10.6854
8	47	-10.6802
9	46	-10.6802
9	64	10.6768
8	65	10.6768
42	47	-10.6763
43	46	-10.6763
97	98	10.6671
96	99	10.6671
39	78	10.6656
38	79	10.6656
15	24	-10.6593
14	25	-10.6593
60	71	-10.6543
61	70	-10.6543
20	51	10.6495
21	50	10.6495
24	43	-10.6493
25	42	-10.6493
8	81	10.6408
9	80	10.6408
14	47	-10.6359
15	46	-10.6359
37	76	-10.6349
36	77	-10.6349
6	95	-10.6274
7	94	-10.6274
6	13	10.6172
7	12	10.6172
17	58	10.6047
16	59	10.6047
14	81	10.6031
15	80	10.6031
77	80	-10.5898
76	81	-10.5898
68	83	10.5853
69	82	10.5853
41	96	10.5831
40	97	10.5831
29	60	10.5745
28	61	10.5745
50	91	10.5718
51	90	10.5718
19	66	10.5634
18	67	10.5634
87	92	10.56
86	93	10.56
31	40	10.554
30	41	10.554
4	89	-10.5514
5	88	-10.5514
11	92	10.5513
10	93	10.5513
25	88	10.5462
24	89	10.5462
9	54	-10.5416
8	55	-10.5416
12	33	10.5404
13	32	10.5404
58	73	10.5399
59	72	10.5399
61	96	10.5381
60	97	10.5381
52	61	10.538
53	60	10.538
19	40	-10.5281
18	41	-10.5281
46	89	10.5279
47	88	10.5279
94	97	-10.5259
95	96	-10.5259
27	92	10.5246
26	93	10.5246
13	84	10.5241
12	85	10.5241
30	61	10.5236
31	60	10.5236
0	79	10.5231
1	78	10.5231
27	60	-10.518
26	61	-10.518
45	90	10.513
44	91	10.513
22	81	-10.5015
23	80	-10.5015
41	52	10.5015
40	53	10.5015
3	14	-10.4981
2	15	-10.4981
79	82	-10.4931
78	83	-10.4931
49	92	-10.4909
48	93	-10.4909
39	94	-10.4886
38	95	-10.4886
40	59	-10.4803
41	58	-10.4803
12	21	10.4728
13	20	10.4728
52	95	-10.469
53	94	-10.469
44	49	10.4593
45	48	10.4593
25	76	10.457
24	77	10.457
47	76	10.4569
46	77	10.4569
2	23	10.449
3	22	10.449
57	78	10.4477
56	79	10.4477
24	31	-10.445
25	30	-10.445
58	61	-10.4302
59	60	-10.4302
34	57	10.424
35	56	10.424
82	95	10.4209
83	94	10.4209
1	94	-10.4173
0	95	-10.4173
67	70	10.4162
66	71	10.4162
2	43	-10.415
3	42	-10.415
9	38	10.4064
8	39	10.4064
5	42	10.4064
4	43	10.4064
22	37	-10.4041
23	36	-10.4041
62	71	-10.3932
63	70	-10.3932
74	95	10.391
75	94	10.391
13	90	10.389
12	91	10.389
35	88	-10.3778
34	89	-10.3778
18	63	-10.3739
19	62	-10.3739
82	99	-10.3675
83	98	-10.3675
69	96	-10.364
68	97	-10.364
15	54	-10.3632
14	55	-10.3632
22	59	10.3583
23	58	10.3583
74	79	-10.3557
75	78	-10.3557
35	74	-10.3533
34	75	-10.3533
30	55	-10.351
31	54	-10.351
30	47	-10.3465
31	46	-10.3465
57	98	10.3453
56	99	10.3453
13	64	10.3402
12	65	10.3402
5	14	10.3397
4	15	10.3397
35	82	-10.3217
34	83	-10.3217
21	44	10.3159
20	45	10.3159
19	54	10.3149
18	55	10.3149
28	63	10.3102
29	62	10.3102
1	42	10.3099
0	43	10.3099
1	76	-10.3094
0	77	-10.3094
27	64	-10.309
26	65	-10.309
58	69	10.3017
59	68	10.3017
43	54	-10.3014
42	55	-10.3014
80	99	10.3005
81	98	10.3005
25	50	-10.2984
24	51	-10.2984
15	38	10.2924
14	39	10.2924
38	77	-10.289
39	76	-10.289
23	96	-10.2864
22	97	-10.2864
53	68	-10.2834
52	69	-10.2834
30	63	10.2785
31	62	10.2785
32	45	10.2737
33	44	10.2737
50	85	10.2713
51	84	10.2713
13	24	-10.2693
12	25	-10.2693
0	9	10.2674
1	8	10.2674
38	43	10.2658
39	42	10.2658
23	86	10.2613
22	87	10.2613
75	98	-10.2592
74	99	-10.2592
22	53	-10.2498
23	52	-10.2498
37	98	10.2479
36	99	10.2479
56	93	-10.2409
57	92	-10.2409
70	73	10.2376
71	72	10.2376
82	93	10.2331
83	92	10.2331
6	45	10.2319
7	44	10.2319
10	23	10.2271
11	22	10.2271
10	45	-10.2271
11	44	-10.2271
46	51	-10.2255
47	50	-10.2255
54	71	10.2207
55	70	10.2207
12	47	-10.2168
13	46	-10.2168
52	93	-10.2135
53	92	-10.2135
0	15	10.2103
1	14	10.2103
27	34	-10.2074
26	35	-10.2074
51	54	-10.2062
50	55	-10.2062
56	95	-10.204
57	94	-10.204
51	62	10.2027
50	63	10.2027
28	85	10.2025
29	84	10.2025
42	63	10.2017
43	62	10.2017
24	29	-10.2005
25	28	-10.2005
79	80	10.2003
78	81	10.2003
5	76	-10.1978
4	77	-10.1978
7	42	10.1977
6	43	10.1977
34	97	10.1957
35	96	10.1957
27	84	-10.1879
26	85	-10.1879
54	77	10.1835
55	76	10.1835
6	9	10.1831
7	8	10.1831
16	71	10.1805
17	70	10.1805
19	72	10.1796
18	73	10.1796
69	88	10.174
68	89	10.174
38	45	10.1725
39	44	10.1725
3	78	-10.1721
2	79	-10.1721
3	98	-10.1711
2	99	-10.1711
37	78	10.1682
36	79	10.1682
5	28	10.1678
4	29	10.1678
58	93	10.1669
59	92	10.1669
44	87	-10.1667
45	86	-10.1667
33	42	10.1659
32	43	10.1659
37	44	10.1624
36	45	10.1624
2	95	10.1617
3	94	10.1617
50	65	10.1601
51	64	10.1601
35	52	10.1591
34	53	10.1591
29	54	-10.1573
28	55	-10.1573
5	70	-10.156
4	71	-10.156
4	19	-10.1512
5	18	-10.1512
6	77	-10.1492
7	76	-10.1492
5	30	10.1472
4	31	10.1472
64	89	-10.1461
65	88	-10.1461
8	33	10.1421
9	32	10.1421
29	46	-10.1417
28	47	-10.1417
21	42	10.1416
20	43	10.1416
6	15	10.1386
7	14	10.1386
12	55	-10.1373
13	54	-10.1373
15	62	10.1366
14	63	10.1366
17	18	10.1328
16	19	10.1328
35	58	-10.1303
34	59	-10.1303
18	25	10.1291
19	24	10.1291
19	46	10.129
18	47	10.129
2	45	-10.1282
3	44	-10.1282
45	80	10.1273
44	81	10.1273
31	84	10.1251
30	85	10.1251
29	64	10.1209
28	65	10.1209
33	76	-10.12
32	77	-10.12
86	99	-10.1192
87	98	-10.1192
23	74	10.1139
22	75	10.1139
17	26	10.113
16	27	10.113
12	63	10.1109
13	62	10.1109
42	91	10.1105
43	90	10.1105
9	20	10.1087
8	21	10.1087
22	83	10.1069
23	82	10.1069
1	44	10.1058
0	45	10.1058
5	8	10.1056
4	9	10.1056
14	33	10.1055
15	32	10.1055
4	51	10.1013
5	50	10.1013
26	69	10.0981
27	68	10.0981
21	76	-10.0958
20	77	-10.0958
81	94	-10.0943
80	95	-10.0943
71	84	-10.0927
70	85	-10.0927
76	91	-10.09
77	90	-10.09
46	71	10.0842
47	70	10.0842
48	79	10.0839
49	78	10.0839
14	91	10.0826
15	90	10.0826
15	20	10.0794
14	21	10.0794
9	90	10.0793
8	91	10.0793
48	99	10.077
49	98	10.077
27	72	10.0745
26	73	10.0745
24	71	10.0745
25	70	10.0745
4	13	10.0742
5	12	10.0742
93	96	-10.0731
92	97	-10.0731
31	64	10.0688
30	65	10.0688
75	92	10.067
74	93	10.067
22	57	-10.067
23	56	-10.067
84	89	-10.0669
85	88	-10.0669
11	94	10.064
10	95	10.064
36	95	-10.0579
37	94	-10.0579
17	88	10.0551
16	89	10.0551
40	89	-10.0546
41	88	-10.0546
79	86	-10.0544
78	87	-10.0544
23	48	-10.054
22	49	-10.054
62	77	-10.0535
63	76	-10.0535
19	84	-10.0532
18	85	-10.0532
26	41	-10.0491
27	40	-10.0491
66	77	10.0472
67	76	10.0472
48	95	-10.0392
49	94	-10.0392
72	89	10.0351
73	88	10.0351
19	64	-10.0209
18	65	-10.0209
65	70	-10.0209
64	71	-10.0209
9	62	10.0143
8	63	10.0143
10	99	-10.0106
11	98	-10.0106
86	95	10.0087
87	94	10.0087
10	79	-10.0076
11	78	-10.0076
20	32	1.99952
6	32	1.99947
16	72	1.99929
36	80	1.99889
24	46	1.99865
6	20	1.99799
28	50	1.99672
64	84	1.99516
78	98	1.99209
12	50	1.99101
52	96	1.99039
30	50	1.98985
4	62	1.9889
24	54	1.98835
46	54	1.98831
0	6	1.98815
12	28	1.98751
40	68	-1.98689
58	82	1.98671
0	32	1.98649
20	90	1.98627
32	90	1.98602
0	20	1.98441
6	90	1.9842
28	30	1.98371
56	96	1.98325
52	56	1.98303
62	90	1.98193
18	70	1.98015
0	80	1.98005
48	86	-1.97746
34	40	1.97532
34	68	-1.97465
58	74	1.97453
26	88	1.9739
74	82	1.97349
38	90	1.9734
0	36	1.97007
6	38	1.96965
44	78	1.96813
32	38	1.96418
20	62	1.96344
12	30	1.96292
12	14	1.96165
8	14	1.96147
8	12	1.96095
18	88	1.96066
48	82	-1.96049
6	80	1.96044
4	64	1.95881
32	62	1.95757
20	38	1.95749
22	94	1.95746
4	90	1.95527
8	50	1.95434
32	80	1.95249
14	42	1.9508
6	36	1.95074
6	62	1.94982
0	90	1.94644
20	80	1.94454
32	36	1.94144
44	98	1.94141
8	30	1.93939
42	44	1.93868
38	80	1.93779
36	38	1.93726
4	84	1.93616
0	38	1.9359
20	36	1.93219
40	84	1.9295
8	28	1.92933
18	26	1.92884
10	74	1.92492
74	86	1.9246
14	50	1.92316
48	74	-1.92209
82	86	1.92194
10	86	1.92115
4	20	1.91612
38	62	1.91487
14	44	1.91328
26	70	1.9131
70	88	1.91179
36	56	1.90925
62	64	1.90919
4	32	1.90878
14	28	1.90766
26	58	1.90754
80	90	1.9049
48	58	-1.90471
0	62	1.90407
12	42	1.90404
4	6	1.89916
36	90	1.89429
56	80	1.89232
40	64	1.89183
16	24	1.88819
18	76	1.88334
62	84	1.88194
4	38	1.87783
22	98	-1.87636
24	72	1.8734
14	30	1.87311
26	74	1.87311
16	46	1.86989
34	84	1.86595
58	86	1.86383
68	84	-1.86246
34	98	1.86206
22	34	-1.86084
72	92	1.85864
46	72	1.85482
22	68	1.85036
92	94	1.84925
28	42	1.84564
10	48	-1.84529
42	50	1.84356
10	82	1.84201
16	92	1.84075
8	42	1.84032
60	64	1.84024
64	90	1.83869
36	96	1.83715
0	4	1.83609
42	78	1.8342
60	84	1.83391
26	82	1.83359
70	76	1.83132
62	80	1.82991
54	62	-1.8297
46	68	1.82821
16	54	1.82811
54	66	1.82349
40	46	-1.82325
10	58	1.82253
36	52	1.82234
80	96	1.81866
34	64	1.81624
34	78	1.81579
22	78	-1.81559
64	68	-1.81539
24	68	1.81274
36	62	1.81264
22	92	1.81161
46	62	-1.80975
54	72	1.80942
20	54	-1.80911
24	66	1.80895
16	66	1.80771
24	40	-1.80234
58	88	1.80168
42	98	1.80121
42	70	-1.80015
52	80	1.80004
4	40	1.79806
84	90	1.79712
2	66	1.79663
14	78	1.79652
0	56	1.79334
32	54	-1.79332
0	2	-1.79325
8	44	1.79242
4	54	-1.79099
66	72	1.79077
4	46	-1.78767
12	44	1.78674
24	62	-1.78516
46	66	1.7835
0	54	-1.7832
76	88	1.78312
22	40	-1.77912
74	88	1.77853
6	54	-1.7769
20	64	1.7743
94	98	-1.77098
38	56	1.76854
30	42	1.76726
54	90	-1.76392
2	80	-1.7637
32	64	1.76297
68	98	-1.76226
46	84	-1.76189
4	24	-1.75955
76	94	1.75736
20	46	-1.75628
4	80	1.75349
40	54	-1.7522
6	64	1.74896
6	56	1.74756
54	68	1.74691
2	36	-1.74574
40	62	1.74328
46	64	-1.74259
58	70	1.74159
40	98	1.73883
32	46	-1.7384
20	24	-1.7375
14	98	1.73729
16	68	1.73612
4	36	1.7359
20	84	1.73528
38	64	1.73374
68	72	1.73346
22	44	-1.733
24	84	-1.73188
32	56	1.72905
2	54	1.72665
46	90	-1.72539
54	84	-1.72367
32	84	1.72193
18	58	1.72165
28	70	-1.72133
6	46	-1.71966
4	68	-1.71964
24	32	-1.71954
12	70	-1.71922
54	64	-1.71416
2	20	-1.71326
0	46	-1.71189
82	88	1.71181
20	56	1.71177
24	64	-1.71144
2	32	-1.7108
10	26	1.71035
44	50	1.7098
2	6	-1.7094
34	46	-1.70905
0	96	1.70848
4	60	1.70836
78	94	-1.70752
6	84	1.70594
18	42	-1.7021
24	90	-1.70148
6	24	-1.70085
68	78	-1.6998
34	94	-1.69828
0	24	-1.69809
68	94	1.69633
28	44	1.693
34	60	1.69202
40	60	1.69053
24	34	-1.68864
68	92	1.68574
40	78	1.68441
0	52	1.68116
50	70	-1.68027
26	76	1.67873
38	84	1.67869
4	34	1.67801
26	48	-1.67566
62	68	-1.6696
16	40	-1.6674
0	64	1.667
34	44	1.66541
54	80	-1.66505
14	70	-1.66502
38	52	1.66497
44	94	-1.66313
40	72	-1.66125
56	90	1.66082
8	78	1.66008
38	96	1.65806
18	74	1.65264
6	96	1.64711
26	86	1.64665
70	74	1.64545
2	56	-1.64211
70	82	1.64108
38	54	-1.64089
2	24	1.63929
10	88	1.63791
36	54	-1.63545
22	72	1.63397
2	96	-1.63369
42	76	-1.63135
6	52	1.63088
12	78	1.63063
30	44	1.63035
2	46	1.62927
32	96	1.62798
0	84	1.62564
42	94	-1.62367
22	42	-1.62223
40	90	1.62219
34	54	-1.62186
16	22	1.62096
18	82	1.61846
60	62	1.61732
28	58	-1.61533
2	90	-1.61159
20	96	1.61049
32	52	1.61044
30	70	-1.61002
24	92	1.60751
34	62	1.60743
40	94	-1.60598
16	34	-1.60289
34	72	-1.60148
26	28	-1.59909
44	70	-1.59859
60	68	-1.59832
18	28	-1.59699
34	92	-1.5968
22	76	1.59528
46	92	1.59467
12	18	-1.59443
20	52	1.59156
38	46	-1.59048
8	98	1.58821
2	62	-1.58807
40	92	-1.5858
46	80	-1.58423
20	40	1.58148
84	98	1.57656
72	94	1.5753
2	38	-1.57468
24	80	-1.57109
12	98	1.56953
60	78	1.56874
24	38	-1.56795
64	80	1.56739
50	58	-1.56598
28	82	-1.56456
32	40	1.56276
60	98	1.56246
30	58	-1.56126
12	26	-1.56022
2	52	-1.55922
26	42	-1.55714
16	94	1.55612
60	90	1.55541
36	46	-1.55433
18	50	-1.55356
8	70	-1.55329
22	84	-1.55246
26	50	-1.55063
0	66	-1.54967
90	96	1.54868
36	64	1.54812
14	18	-1.54746
48	88	-1.5467
50	78	1.54658
68	90	-1.54331
6	40	1.54201
44	68	-1.5416
52	90	1.54138
42	88	-1.54133
56	62	1.5413
24	36	-1.54115
78	84	1.53882
12	58	-1.53548
22	46	1.5333
86	88	1.53063
30	82	-1.52667
22	24	1.52658
28	78	1.52537
80	84	1.51794
44	76	-1.51768
20	66	-1.51749
40	44	1.51684
50	82	-1.51668
64	98	1.51494
20	68	-1.51267
54	92	1.5088
18	44	-1.50773
26	30	-1.50645
70	94	1.50461
32	66	-1.50445
28	88	-1.50348
92	98	-1.50309
2	4	-1.50061
18	94	1.49927
36	84	1.49708
16	84	-1.49511
16	62	-1.49437
32	68	-1.49311
6	66	-1.49222
76	98	-1.49137
22	64	-1.48986
14	22	-1.48762
50	98	1.48413
18	30	-1.48386
12	88	-1.48384
72	84	-1.48363
38	60	1.483
76	92	1.4808
34	90	1.4807
64	78	1.47979
0	40	1.47831
62	66	-1.47761
62	72	-1.47661
4	16	-1.47598
38	40	1.47462
12	82	-1.47425
28	74	-1.47365
6	68	-1.47188
30	78	1.46784
28	98	1.46622
76	78	-1.46572
10	18	1.46284
66	80	-1.46252
70	78	-1.4624
20	60	1.46121
20	86	-1.46077
4	72	-1.4603
32	86	-1.45978
50	88	-1.45875
16	64	-1.45871
6	86	-1.45832
14	26	-1.45727
4	56	1.45671
14	94	-1.45624
0	86	-1.45574
6	48	1.4552
38	48	1.45419
32	60	1.45389
32	48	1.4532
34	42	1.45227
48	70	-1.45141
20	48	1.45067
2	16	1.44893
36	82	-1.44843
48	90	1.44839
80	82	-1.44802
86	90	-1.44794
66	68	1.4473
70	98	-1.4469
64	72	-1.44656
0	48	1.44527
16	20	-1.44419
6	60	1.44391
48	80	1.44156
66	92	1.44049
36	48	1.43964
62	86	-1.43857
36	66	-1.43771
18	48	-1.4352
36	58	-1.43493
58	80	-1.43363
20	34	1.43333
2	10	1.43326
0	82	-1.43325
66	90	-1.43323
80	86	-1.4329
44	60	1.43278
8	18	-1.43263
14	76	-1.43233
0	74	-1.43187
62	96	1.4316
74	80	-1.43135
78	92	-1.43052
22	54	1.42859
30	74	-1.42797
50	74	-1.4278
38	86	-1.4274
16	32	-1.42729
36	74	-1.42665
10	70	1.42663
40	66	-1.42611
36	86	-1.42587
2	72	1.42475
20	72	-1.42438
28	48	1.4228
6	82	-1.42187
48	62	1.41991
4	66	-1.41978
12	76	-1.41922
52	62	1.41897
0	68	-1.41725
32	82	-1.41682
14	88	-1.41675
42	58	-1.41602
32	34	1.41533
56	58	-1.41415
38	82	-1.41384
0	16	-1.41252
20	82	-1.41181
16	90	-1.41049
6	16	-1.41036
10	54	1.41033
0	58	-1.41012
58	76	1.40979
4	86	-1.40957
32	72	-1.40778
30	48	1.40777
6	74	-1.4058
30	98	1.4056
56	82	-1.40484
30	88	-1.40416
32	74	-1.40337
8	26	-1.40195
20	74	-1.40115
0	10	-1.40011
22	60	-1.39722
12	74	-1.39716
28	76	-1.39696
46	94	1.39651
38	68	-1.39567
6	34	1.39552
2	74	1.3955
24	94	1.39535
46	60	-1.39457
58	96	-1.39428
72	90	-1.39337
14	34	1.39335
22	70	1.39328
4	48	1.39185
0	72	-1.39156
18	86	1.39153
6	72	-1.39117
82	90	-1.38984
18	78	-1.38981
70	86	1.38947
6	58	-1.38616
72	98	-1.38614
18	98	-1.38204
8	58	-1.38196
10	20	-1.38121
52	58	-1.38077
32	58	-1.37995
48	50	1.37994
10	66	1.37954
16	98	-1.37941
84	94	-1.37923
14	58	-1.37717
10	32	-1.37697
54	86	1.37637
84	92	-1.37564
70	96	-1.37488
26	96	-1.37476
82	96	-1.37437
46	98	-1.37431
20	58	-1.37409
54	56	-1.37397
6	10	-1.37284
38	58	-1.37164
10	24	1.37116
56	74	-1.37028
10	46	1.36916
44	84	1.36866
44	92	-1.36769
52	82	-1.36735
12	94	-1.36718
18	22	1.36665
24	60	-1.36612
38	74	-1.36605
50	76	-1.36514
54	60	-1.36509
74	90	-1.36313
48	56	1.36305
10	80	-1.36256
66	84	-1.36226
2	26	1.36113
24	98	-1.3603
26	56	-1.35979
12	22	-1.35876
0	60	1.35839
4	22	-1.3577
2	64	-1.35679
40	80	1.3552
52	70	-1.35227
74	96	-1.3522
2	88	1.35072
10	36	-1.34972
64	66	-1.34787
4	96	1.34767
28	52	1.3466
38	66	-1.34599
44	88	-1.34588
42	68	-1.34514
46	86	1.3449
62	82	-1.3439
74	76	1.34386
8	22	-1.34348
58	90	-1.34153
10	62	-1.3415
26	52	-1.34058
34	38	1.34055
8	88	-1.34048
2	58	1.34038
4	52	1.34009
10	90	-1.33786
26	44	-1.33709
4	98	1.33703
2	84	-1.33679
24	86	1.33653
64	92	-1.33631
56	70	-1.3357
34	66	-1.33456
18	96	-1.33399
56	86	-1.33283
0	34	1.33254
26	36	-1.33172
36	40	1.33138
42	82	-1.33097
8	82	-1.3308
26	80	-1.33027
62	74	-1.33018
72	78	-1.33002
2	86	1.32868
64	86	-1.32784
88	94	1.32777
52	74	-1.32742
12	48	1.32731
64	94	-1.32626
16	78	-1.32423
12	52	1.32408
48	52	1.32388
48	96	1.32353
50	52	1.32286
2	82	1.31908
42	92	-1.31775
46	78	-1.31739
76	82	1.31634
28	86	-1.31525
8	94	-1.31492
44	64	1.31454
88	96	-1.31425
28	94	-1.31106
28	96	1.31043
28	56	1.3103
14	82	-1.30881
50	94	-1.30839
16	38	-1.30827
40	42	1.30715
16	80	-1.30697
84	86	-1.30688
24	78	-1.30441
86	96	-1.30354
22	62	-1.30296
48	54	-1.30279
48	64	1.3025
30	86	-1.30155
54	96	-1.3011
4	10	-1.30018
54	74	1.30011
4	82	-1.29996
4	78	1.29996
54	94	1.29964
18	52	-1.29961
30	52	1.29951
30	76	-1.29948
10	38	-1.29788
0	26	-1.2971
4	92	-1.29623
68	80	-1.29536
56	66	-1.29498
38	72	-1.29469
18	56	-1.29347
60	80	1.29186
22	50	-1.29168
46	56	-1.29148
52	86	-1.29108
58	62	-1.29047
42	74	-1.29024
12	96	1.28997
72	80	-1.2888
8	76	-1.28821
56	88	-1.28731
54	98	-1.28653
24	56	-1.28504
16	36	-1.28487
22	28	-1.28447
50	96	1.28417
50	56	1.28377
42	52	1.2837
14	68	-1.2828
60	94	-1.28139
4	74	-1.28135
36	60	1.28083
34	76	-1.28015
62	92	-1.27842
12	56	1.27768
50	86	-1.27723
56	64	1.27683
8	34	1.27585
2	48	-1.27536
48	84	1.27391
2	40	-1.27357
36	68	-1.27194
52	88	-1.27181
8	74	-1.27111
42	96	1.27063
46	48	-1.26951
36	72	-1.26767
52	54	-1.26763
10	28	-1.26743
30	56	1.26733
66	96	-1.26728
8	66	-1.26543
62	98	1.26381
14	40	1.26038
24	48	-1.25971
14	52	1.25885
30	94	-1.25875
10	56	-1.25834
2	18	1.25728
14	74	-1.25633
30	96	1.25626
36	88	-1.25466
80	88	-1.25455
26	94	1.25327
10	30	-1.25319
54	82	1.25264
6	26	-1.25016
10	96	-1.24957
44	72	-1.24957
2	68	1.24911
66	74	1.24906
10	16	1.24859
46	74	1.24806
14	60	1.24794
14	92	-1.24643
24	74	1.24523
26	32	-1.24352
66	86	1.24264
68	76	1.24188
16	44	-1.24185
4	58	-1.24125
10	50	-1.23956
54	78	-1.23804
20	26	-1.23775
22	30	-1.23718
30	92	-1.23706
78	88	-1.23688
22	66	1.2367
10	72	1.23473
52	66	-1.23464
12	86	-1.23253
8	52	1.2325
12	34	1.23231
36	70	-1.23131
56	84	1.23076
8	92	-1.23027
14	96	1.22938
8	72	-1.2281
62	78	1.22736
40	86	-1.22698
0	88	-1.22631
34	80	1.22451
42	56	1.22442
42	60	1.22437
88	98	-1.22369
70	80	-1.22294
10	64	-1.22225
8	16	-1.22152
26	38	-1.22134
46	96	-1.22066
2	70	1.22045
54	58	1.21976
12	92	-1.21849
50	92	-1.21804
4	94	-1.21736
24	96	-1.21693
10	52	-1.21411
18	36	-1.21226
10	84	-1.21195
26	78	-1.21174
8	48	1.21038
30	66	-1.21024
90	92	-1.21019
10	12	-1.20919
60	76	-1.20832
18	80	-1.20711
46	82	1.20642
28	92	-1.20615
22	88	1.20547
34	36	1.20493
30	72	-1.20264
18	92	1.20215
70	92	1.20182
44	58	-1.20144
14	56	1.2008
2	60	-1.20073
24	82	1.20058
22	90	-1.19916
20	92	-1.19912
10	76	1.1974
64	82	-1.19467
8	60	1.19451
46	52	-1.19442
8	96	1.19394
16	30	-1.1936
26	98	-1.19343
28	36	1.19255
68	86	1.19195
26	90	-1.19094
24	52	-1.19055
8	68	-1.18951
44	46	-1.18934
16	86	1.18831
32	92	-1.1882
16	60	-1.18664
64	96	1.18588
8	56	1.18466
76	96	-1.18426
60	66	-1.18416
40	76	-1.18402
48	76	-1.18236
24	44	-1.18191
52	64	1.18179
42	48	1.18013
60	72	-1.18007
64	74	-1.17964
14	72	-1.17915
66	82	1.17898
50	66	-1.17846
6	88	-1.17798
72	86	1.17784
10	40	-1.17756
28	80	1.17723
6	92	-1.17711
58	66	1.17703
60	92	-1.17646
14	48	1.17435
48	66	-1.17428
20	22	-1.17394
62	94	-1.17375
40	48	1.17273
32	88	-1.17255
14	16	-1.17172
34	50	1.17139
8	40	1.1706
46	58	1.16929
42	84	1.16902
14	66	-1.1686
20	88	-1.168
0	70	-1.16756
50	72	-1.16725
30	36	1.16711
90	98	1.1671
82	84	-1.167
60	86	-1.16657
36	50	1.16638
24	58	1.16552
44	52	1.16517
2	34	-1.16413
66	94	1.16266
0	18	-1.16223
10	68	1.16177
4	44	1.16155
66	98	-1.16038
22	32	-1.16034
8	10	-1.16027
16	50	-1.15877
42	72	-1.15873
38	92	-1.15862
12	66	-1.15777
74	84	-1.15745
66	78	-1.15736
72	76	1.15685
34	70	-1.15523
52	76	-1.15507
14	84	1.15474
48	60	1.1547
28	34	1.15452
22	26	1.15429
28	66	-1.1531
30	80	1.15263
0	92	-1.15261
26	66	1.15198
12	72	-1.15194
50	80	1.15157
44	96	1.15042
12	68	-1.15032
38	88	-1.14877
16	42	-1.14873
84	96	1.14853
12	36	1.14755
6	22	-1.14616
26	62	-1.14445
34	86	-1.14425
12	16	-1.14368
28	72	-1.14328
52	84	1.14314
76	86	1.14271
16	76	1.14162
8	86	-1.14138
66	88	1.14057
28	38	1.14004
78	90	1.13931
44	82	-1.13768
56	76	-1.13762
58	64	-1.137
16	28	-1.13492
30	38	1.13435
48	68	-1.13421
12	80	1.13317
20	98	1.1303
16	48	-1.12972
26	54	1.12954
42	64	1.12903
44	66	-1.12735
6	70	-1.12674
12	40	1.12672
44	54	-1.12635
30	34	1.12617
18	34	-1.12561
88	90	-1.1251
16	56	-1.12495
48	72	-1.12253
38	70	-1.1214
2	92	1.12107
2	76	1.12056
14	64	1.11984
32	98	1.11956
6	18	-1.11905
38	50	1.11905
32	70	-1.11862
10	42	-1.11647
42	86	-1.11558
10	14	-1.11528
56	72	-1.11499
0	28	1.11427
0	22	-1.11299
16	74	1.11283
58	84	-1.11253
18	32	-1.11221
10	60	-1.11205
44	74	-1.112
12	60	1.11185
20	70	-1.1116
6	98	1.1081
44	62	1.10764
14	86	-1.10742
40	56	1.10731
18	38	-1.10706
44	56	1.10689
22	38	-1.10666
60	88	-1.10644
18	20	-1.10637
50	68	-1.10513
56	60	1.10448
68	70	1.10367
20	78	1.10345
72	74	1.10234
10	34	-1.10223
6	28	1.10125
90	94	-1.10066
4	26	-1.09961
34	48	1.09877
0	30	1.09729
18	60	-1.09669
32	78	1.09425
54	88	1.09395
80	92	-1.09387
88	92	1.09378
0	50	1.09266
8	84	1.09253
40	74	-1.09214
12	38	1.09204
28	32	1.09188
58	78	-1.09167
28	68	-1.09114
6	30	1.08979
62	88	-1.08846
52	78	1.08837
16	82	1.08584
36	92	-1.08569
58	94	1.08539
76	84	-1.08519
40	82	-1.08486
6	78	1.08445
18	68	1.08384
2	28	-1.08378
36	42	1.08366
38	98	1.08364
20	28	1.08341
40	50	1.0834
24	26	1.08202
26	46	1.08169
30	32	1.08126
6	50	1.08112
16	96	-1.08102
20	94	-1.08047
16	52	-1.08036
72	82	1.07898
78	96	1.07875
70	90	-1.07809
2	8	-1.07806
8	24	-1.07773
30	68	-1.07663
2	50	-1.07637
50	60	1.07535
0	12	1.07527
2	30	-1.07515
8	36	1.0748
58	98	-1.07423
52	72	-1.074
60	74	-1.07398
28	90	1.07385
20	30	1.07353
56	68	-1.07317
42	80	1.07316
32	50	1.07259
52	98	1.07248
72	96	-1.07237
0	98	1.07233
60	82	-1.07228
18	90	-1.07221
32	94	-1.07168
2	12	-1.07163
14	36	1.07116
42	66	-1.0711
40	70	-1.07093
68	74	1.07032
28	40	1.0702
64	76	-1.06984
30	90	1.06854
8	46	-1.06802
8	64	1.06768
42	46	-1.06763
96	98	1.06671
38	78	1.06656
14	24	-1.06593
60	70	-1.06543
20	50	1.06495
24	42	-1.06493
8	80	1.06408
14	46	-1.06359
36	76	-1.06349
6	94	-1.06274
6	12	1.06172
16	58	1.06047
14	80	1.06031
76	80	-1.05898
68	82	1.05853
40	96	1.05831
28	60	1.05745
50	90	1.05718
18	66	1.05634
86	92	1.056
30	40	1.0554
4	88	-1.05514
10	92	1.05513
24	88	1.05462
8	54	-1.05416
12	32	1.05404
58	72	1.05399
60	96	1.05381
52	60	1.0538
18	40	-1.05281
46	88	1.05279
94	96	-1.05259
26	92	1.05246
12	84	1.05241
30	60	1.05236
0	78	1.05231
26	60	-1.0518
44	90	1.0513
22	80	-1.05015
40	52	1.05015
2	14	-1.04981
78	82	-1.04931
48	92	-1.04909
38	94	-1.04886
40	58	-1.04803
12	20	1.04728
52	94	-1.0469
44	48	1.04593
24	76	1.0457
46	76	1.04569
2	22	1.0449
56	78	1.04477
24	30	-1.0445
58	60	-1.04302
34	56	1.0424
82	94	1.04209
0	94	-1.04173
66	70	1.04162
2	42	-1.0415
8	38	1.04064
4	42	1.04064
22	36	-1.04041
62	70	-1.03932
74	94	1.0391
12	90	1.0389
34	88	-1.03778
18	62	-1.03739
82	98	-1.03675
68	96	-1.0364
14	54	-1.03632
22	58	1.03583
74	78	-1.03557
34	74	-1.03533
30	54	-1.0351
30	46	-1.03465
56	98	1.03453
12	64	1.03402
4	14	1.03397
34	82	-1.03217
20	44	1.03159
18	54	1.03149
28	62	1.03102
0	42	1.03099
0	76	-1.03094
26	64	-1.0309
58	68	1.03017
42	54	-1.03014
80	98	1.03005
24	50	-1.02984
14	38	1.02924
38	76	-1.0289
22	96	-1.02864
52	68	-1.02834
30	62	1.02785
32	44	1.02737
50	84	1.02713
12	24	-1.02693
0	8	1.02674
38	42	1.02658
22	86	1.02613
74	98	-1.02592
22	52	-1.02498
36	98	1.02479
56	92	-1.02409
70	72	1.02376
82	92	1.02331
6	44	1.02319
10	22	1.02271
10	44	-1.02271
46	50	-1.02255
54	70	1.02207
12	46	-1.02168
52	92	-1.02135
0	14	1.02103
26	34	-1.02074
50	54	-1.02062
56	94	-1.0204
50	62	1.02027
28	84	1.02025
42	62	1.02017
24	28	-1.02005
78	80	1.02003
4	76	-1.01978
6	42	1.01977
34	96	1.01957
26	84	-1.01879
54	76	1.01835
6	8	1.01831
16	70	1.01805
18	72	1.01796
68	88	1.0174
38	44	1.01725
2	78	-1.01721
2	98	-1.01711
36	78	1.01682
4	28	1.01678
58	92	1.01669
44	86	-1.01667
32	42	1.01659
36	44	1.01624
2	94	1.01617
50	64	1.01601
34	52	1.01591
28	54	-1.01573
4	70	-1.0156
4	18	-1.01512
6	76	-1.01492
4	30	1.01472
64	88	-1.01461
8	32	1.01421
28	46	-1.01417
20	42	1.01416
6	14	1.01386
12	54	-1.01373
14	62	1.01366
16	18	1.01328
34	58	-1.01303
18	24	1.01291
18	46	1.0129
2	44	-1.01282
44	80	1.01273
30	84	1.01251
28	64	1.01209
32	76	-1.012
86	98	-1.01192
22	74	1.01139
16	26	1.0113
12	62	1.01109
42	90	1.01105
8	20	1.01087
22	82	1.01069
0	44	1.01058
4	8	1.01056
14	32	1.01055
4	50	1.01013
26	68	1.00981
20	76	-1.00958
80	94	-1.00943
70	84	-1.00927
76	90	-1.009
46	70	1.00842
48	78	1.00839
14	90	1.00826
14	20	1.00794
8	90	1.00793
48	98	1.0077
26	72	1.00745
24	70	1.00745
4	12	1.00742
92	96	-1.00731
30	64	1.00688
74	92	1.0067
22	56	-1.0067
84	88	-1.00669
10	94	1.0064
36	94	-1.00579
16	88	1.00551
40	88	-1.00546
78	86	-1.00544
22	48	-1.0054
62	76	-1.00535
18	84	-1.00532
26	40	-1.00491
66	76	1.00472
48	94	-1.00392
72	88	1.00351
18	64	-1.00209
64	70	-1.00209
8	62	1.00143
10	98	-1.00106
86	94	1.00087
10	78	-1.00076
