17	41	199.755
23	99	199.521
25	85	199.496
15	51	-199.433
57	75	199.352
1	89	199.233
59	61	199.179
31	97	199.028
9	43	199.007
39	65	198.823
19	95	198.747
17	99	198.738
23	83	198.562
9	21	198.309
73	83	198.148
81	93	198.079
13	33	197.992
1	83	197.938
47	69	197.909
7	67	197.645
41	99	197.597
17	23	197.481
37	47	-197.271
83	99	197.226
45	85	196.955
13	61	-196.868
1	73	196.842
7	95	196.727
73	89	196.705
5	31	196.646
17	83	196.438
79	81	196.406
45	73	196.124
25	27	195.88
23	41	195.749
83	89	195.697
37	85	195.591
37	69	-195.502
77	87	195.428
7	55	195.411
65	67	195.402
47	49	195.365
71	95	195.166
21	43	195.084
25	45	195.02
7	19	194.987
25	37	194.793
1	23	194.766
41	83	194.574
77	91	194.514
49	69	194.459
33	79	194.039
45	89	193.827
23	73	193.779
3	43	193.689
13	59	-193.647
85	89	193.575
17	73	193.524
11	55	193.357
79	93	193.141
3	9	193.109
55	67	193.107
5	97	193.004
37	89	193
67	71	192.946
27	85	192.649
11	65	192.615
3	21	192.532
49	81	192.495
33	61	-192.491
67	95	192.419
73	99	192.142
35	93	192.033
41	73	191.979
15	57	191.918
91	97	191.794
39	67	191.68
1	99	191.584
7	71	191.486
1	45	190.759
23	89	190.606
73	85	190.134
25	89	189.817
35	81	189.532
45	83	189.505
19	71	189.426
5	29	189.4
1	17	189.328
13	69	189.005
1	85	188.818
15	75	188.671
27	37	188.599
1	37	188.592
11	67	188.455
13	79	188.04
27	69	-187.769
19	67	187.718
21	63	187.709
37	45	187.694
7	65	187.588
27	59	187.521
25	69	-187.434
51	57	-187.386
33	59	-187.231
11	39	187.047
89	99	186.856
55	65	186.786
47	85	-186.637
1	41	186.427
37	49	-186.388
69	85	-186.246
25	47	-185.999
25	73	185.782
47	89	-185.762
31	91	185.754
33	81	185.675
55	95	185.604
17	89	185.348
49	93	185.347
49	79	185.317
9	63	185.209
35	49	185.138
19	55	185.114
7	11	184.273
1	25	184.122
27	45	183.805
13	49	183.714
27	61	183.618
51	75	-183.591
65	71	183.32
37	73	183.296
83	85	183.039
41	89	182.376
61	69	-182.268
39	71	182.059
53	79	182.039
33	69	181.948
17	45	181.857
87	91	181.646
7	39	181.621
1	47	-181.486
27	47	-181.463
23	45	181.357
13	81	181.27
33	49	181.248
1	55	-181.177
59	69	-181.014
23	55	-180.719
77	97	180.441
41	45	180.31
13	27	-179.896
69	81	179.743
11	35	179.687
13	47	179.279
37	83	179.075
69	89	-178.92
43	63	178.92
39	55	178.909
43	87	-178.825
45	99	178.766
47	81	178.078
65	95	177.985
29	59	177.513
25	83	177.513
33	93	177.432
43	77	-177.429
55	71	177.398
29	31	177.161
55	83	-177.012
55	99	-176.878
69	79	176.524
55	89	-176.458
35	79	175.958
61	79	-175.858
45	47	-175.579
27	89	175.449
29	61	174.84
11	47	174.52
53	93	174.361
11	49	174.046
19	23	-173.886
13	37	-173.874
19	99	-173.864
23	85	173.528
31	77	173.37
5	91	173.225
45	69	-173.22
39	95	173.021
1	69	-172.833
7	23	-172.779
25	59	172.668
47	73	-172.226
19	75	-172.195
29	97	172.157
33	47	171.989
33	53	171.626
9	87	-171.436
49	61	-171.353
35	47	171.137
19	65	171.132
53	81	171.112
41	75	170.806
13	93	170.762
75	99	170.632
23	37	170.597
3	77	-170.596
25	49	-170.489
47	79	170.458
17	85	170.451
49	85	-170.414
7	99	-170.36
47	61	-170.327
1	11	-170.087
47	83	-169.664
11	95	169.516
49	89	-169.293
27	49	-169.283
17	75	169.281
27	73	169.275
37	59	169.262
85	99	169.21
47	59	-169.08
9	77	-169.025
25	61	168.934
13	25	-168.767
69	93	168.574
59	79	-168.509
37	61	168.325
27	33	-168.193
47	93	168.078
41	85	167.869
1	27	167.803
17	55	-167.651
55	73	-167.647
11	89	-167.618
47	55	167.382
49	59	-167.343
23	25	167.228
1	7	-167.168
11	71	167.079
87	97	167.024
11	37	-166.964
23	95	-166.848
59	85	166.797
35	65	166.735
61	81	-166.587
41	57	166.497
11	19	166.061
95	99	-166.037
35	69	165.887
7	83	-165.882
37	55	-165.795
69	73	-165.496
19	57	-165.481
3	63	165.473
23	75	165.228
17	19	-165.054
57	99	164.972
19	39	164.911
37	99	164.898
1	49	-164.867
37	81	-164.757
19	83	-164.569
17	57	164.485
13	85	-164.36
35	39	164.313
17	25	164.265
3	87	-164.265
33	37	-163.84
41	55	-163.555
61	85	163.294
75	95	-163.123
17	37	163.038
3	91	-162.853
25	99	162.733
11	23	-162.73
11	69	162.68
19	41	-162.526
43	91	-162.124
23	47	-162.039
25	41	161.719
11	83	-161.437
23	67	-161.283
1	19	-161.052
7	89	-160.79
13	29	-160.624
31	87	160.416
69	83	-160.394
7	17	-160.338
21	87	-160.21
59	81	-159.78
37	41	159.444
33	35	159.303
13	53	159.258
11	81	159.209
23	57	159.156
27	83	159.109
49	55	159.099
1	67	-159.05
21	77	-158.58
37	79	-158.411
83	95	-158.065
67	99	-158.027
11	99	-157.546
35	55	157.473
45	49	-157.023
29	33	-156.972
11	93	156.851
7	41	-156.719
25	33	-156.7
5	77	156.677
35	37	-156.66
17	95	-156.571
13	35	156.44
57	95	-156.411
1	95	-156.269
55	85	-156.159
47	99	-155.746
67	83	-155.386
61	93	-155.168
45	55	-155.05
75	83	154.929
7	73	-154.76
7	75	-154.248
11	73	-154.013
55	69	153.919
37	93	-153.819
67	89	-153.714
41	95	-153.704
49	73	-153.612
19	89	-153.32
9	91	-153.094
27	79	-152.897
19	73	-152.617
33	85	-152.465
17	47	-152.338
45	59	151.924
49	83	-151.794
11	85	-151.677
27	29	151.494
23	69	-151.267
49	65	151.082
25	55	-150.939
35	67	150.855
27	81	-150.844
47	65	150.839
1	65	-150.455
15	19	-150.364
29	91	150.188
53	61	-149.431
89	95	-149.105
23	71	-149.091
57	83	149.075
11	17	-148.813
13	89	-148.81
25	81	-148.685
41	47	-148.488
13	45	-148.326
5	59	148.269
11	25	-148.03
59	93	-148.002
23	65	-147.94
35	53	147.92
23	27	147.906
37	63	-147.902
17	67	-147.814
81	85	-147.78
45	61	147.705
49	53	147.59
71	99	-147.471
7	57	-147.405
7	47	147.229
47	67	147.101
63	87	-146.978
63	89	-146.913
65	89	-146.812
5	61	146.764
73	95	-146.653
7	37	-146.642
25	79	-146.392
23	43	-146.218
47	63	146.091
59	89	145.958
55	75	-145.877
43	99	-145.792
9	23	-145.697
1	63	-145.595
71	75	-145.566
63	85	-145.459
43	83	-145.392
11	45	-145.382
9	83	-145.37
39	49	145.362
19	51	145.275
1	9	-145.27
67	73	-145.253
69	99	-145.145
73	75	145.142
23	49	-145.033
81	89	-144.843
17	27	144.8
11	41	-144.788
35	89	-144.642
9	99	-144.544
21	55	144.41
17	43	-144.36
25	63	-144.23
37	67	-144.206
37	65	-144.179
1	21	-144.149
41	67	-144.083
21	91	-143.989
65	83	-143.965
79	85	-143.956
65	99	-143.956
39	47	143.826
61	89	143.812
1	43	-143.661
1	35	-143.519
15	95	-143.501
63	69	143.377
9	89	-143.364
41	43	-143.3
27	99	143.189
1	75	143.129
17	69	-143.036
7	35	142.763
21	23	-142.753
9	73	-142.66
3	19	142.603
3	7	142.58
43	73	-142.579
5	87	142.541
3	55	142.485
1	71	-142.44
21	89	-142.404
45	63	-142.396
27	41	142.375
9	17	-142.335
21	83	-142.324
63	73	-142.296
49	67	142.173
35	61	-142.143
53	59	-142.037
71	83	-142.028
67	75	-141.876
11	79	141.805
63	83	-141.667
1	13	-141.346
43	89	-141.292
7	45	-141.238
57	91	141.235
1	39	-141.026
9	41	-140.82
3	95	140.805
21	99	-140.8
41	87	140.789
75	91	140.557
1	81	-140.511
3	23	-140.5
9	55	140.297
57	73	139.941
7	85	-139.914
3	99	-139.81
57	71	-139.81
65	69	139.8
41	69	-139.567
65	93	139.537
41	77	139.321
7	49	139.293
11	21	139.285
65	81	139.217
49	63	139.202
15	41	139.188
55	57	-139.167
17	87	139.136
7	21	139.112
51	95	139.093
21	73	-139.006
49	99	-138.967
55	81	138.96
23	63	-138.862
27	93	-138.825
11	27	-138.788
27	63	-138.597
23	39	-138.515
33	89	-138.514
3	97	-138.449
53	69	138.448
17	71	-138.44
3	67	138.275
35	85	-138.172
15	99	138.102
39	89	-137.934
25	93	-137.901
1	59	137.893
17	77	137.856
29	69	-137.728
85	93	-137.564
5	39	-137.518
29	79	-137.43
43	97	-137.357
35	59	-137.277
43	55	137.219
17	21	-137.212
15	17	137.199
3	83	-137.196
37	39	-137.133
1	57	137.127
33	45	-137.122
19	45	-137.049
71	89	-137.045
27	55	-137.037
11	13	137.027
39	93	136.963
63	77	-136.908
25	35	-136.899
57	77	136.839
75	77	136.733
89	93	-136.626
63	99	-136.547
9	45	-136.512
59	73	136.24
13	73	-136.109
1	3	-136.063
57	67	-136.004
19	21	135.991
1	61	135.97
79	89	-135.836
21	37	-135.778
67	85	-135.765
3	17	-135.752
39	81	135.713
45	81	-135.701
21	67	135.672
43	45	-135.599
41	71	-135.595
75	89	135.57
65	73	-135.547
77	99	135.542
17	49	-135.452
55	93	135.172
21	41	-135.162
7	25	-135.111
5	13	-135.025
87	99	135.018
7	9	135.008
5	33	-135.003
55	63	134.951
39	99	-134.92
67	69	134.813
17	63	-134.764
39	83	-134.743
17	65	-134.717
45	67	-134.542
39	69	134.45
15	91	134.339
21	47	134.261
7	69	134.256
19	37	-134.249
31	59	134.245
27	35	-134.244
9	37	-134.234
3	41	-134.163
57	97	134.068
21	95	134.06
31	61	134.031
9	19	133.892
9	85	-133.89
35	83	-133.872
3	71	133.572
11	63	133.347
29	39	-133.337
1	93	-133.3
71	73	-133.272
21	45	-133.241
19	43	133.215
45	95	-133.153
61	73	133.15
3	11	133.066
41	63	-132.912
11	33	132.897
9	11	132.848
7	43	132.818
15	23	132.784
21	85	-132.762
23	77	132.697
23	87	132.682
15	71	-132.596
37	95	-132.558
73	87	132.502
25	29	132.495
65	85	-132.476
41	51	-132.446
83	87	132.389
3	89	-132.36
41	49	-132.173
51	63	132.124
25	67	-132.116
19	47	132.065
51	91	-131.958
3	31	-131.915
1	33	-131.801
35	73	-131.773
19	85	-131.736
73	81	-131.716
3	73	-131.648
21	65	131.605
23	35	-131.551
7	15	-131.541
43	75	-131.457
47	53	131.456
51	99	-131.455
47	95	131.455
75	97	131.444
45	79	-131.352
43	85	-131.299
41	65	-131.299
3	65	131.261
61	97	130.977
9	95	130.72
9	47	130.682
17	51	-130.56
59	97	130.55
1	79	-130.532
9	25	-130.501
31	39	-130.489
15	97	130.391
31	43	-130.269
41	91	130.268
37	43	-130.126
9	67	130.11
25	65	-130.073
3	75	-130.07
57	89	130.027
29	77	129.966
31	57	129.951
77	83	129.84
51	71	129.806
21	25	-129.66
13	83	-129.602
9	97	-129.519
15	63	-129.507
81	83	-129.463
43	95	129.436
85	95	-129.366
35	45	-129.291
43	57	-129.264
29	81	-128.982
5	35	-128.891
57	87	128.863
5	65	-128.856
9	75	-128.846
29	49	-128.824
17	91	128.762
51	97	-128.518
75	87	128.45
45	75	128.423
11	43	128.331
45	93	-128.32
31	35	-127.952
45	65	-127.848
13	63	127.834
59	83	127.805
35	71	127.711
25	43	-127.69
91	99	127.677
15	77	127.598
11	61	-127.584
35	99	-127.515
3	39	127.403
65	75	-127.364
39	73	-127.346
21	69	127.324
15	31	127.268
43	67	127.212
35	95	127.19
29	51	-127.189
31	33	-127.138
73	77	127.132
45	87	127.013
7	51	126.981
31	75	126.955
67	81	126.948
11	59	-126.914
21	49	126.821
21	39	126.812
29	47	-126.79
3	57	-126.749
39	85	-126.72
19	25	-126.655
29	85	126.571
9	57	-126.538
23	51	-126.516
17	39	-126.507
21	71	126.47
33	73	-126.424
63	81	126.385
29	37	126.34
27	53	-126.137
7	63	126.052
1	87	126.008
73	93	-125.997
15	29	125.97
35	63	125.876
37	71	-125.872
5	15	125.869
67	93	125.8
11	75	-125.779
43	47	125.686
33	97	-125.66
31	51	-125.642
45	71	-125.597
61	83	125.533
53	91	-125.525
47	71	125.474
27	65	-125.457
25	39	-125.377
51	77	-125.373
21	75	-125.157
5	51	-125.059
25	95	-125.031
13	31	-124.95
9	65	124.918
29	65	-124.909
5	57	124.877
29	53	-124.768
59	63	-124.696
13	55	124.672
5	79	-124.608
39	97	-124.538
15	43	-124.452
17	35	-124.448
23	91	124.383
83	93	-124.322
73	79	-124.317
43	51	124.306
55	79	124.236
29	93	-124.234
45	57	124.21
9	69	124.164
63	75	-124.119
87	89	124.089
9	51	124.079
19	35	124.041
61	63	-124.028
71	85	-123.974
27	39	-123.953
23	81	-123.912
19	63	123.797
15	83	123.747
27	67	-123.734
53	97	-123.724
31	93	-123.706
39	75	-123.675
9	15	-123.637
57	65	-123.617
5	93	-123.587
39	41	-123.574
49	95	123.547
15	67	-123.497
9	31	-123.468
57	63	-123.447
35	97	-123.39
29	35	-123.358
7	27	-123.357
31	65	-123.223
65	79	123.179
37	53	-123.176
3	45	-123.099
21	97	-123.018
19	49	122.907
35	41	-122.861
1	77	122.821
13	97	-122.61
63	67	122.577
21	57	-122.565
21	51	122.53
7	81	122.458
5	27	122.394
3	5	-122.249
33	63	122.064
63	93	121.789
25	71	-121.759
9	49	121.758
39	45	-121.755
9	71	121.747
21	35	121.664
15	21	-121.591
3	15	-121.54
5	81	-121.467
5	75	121.446
43	65	121.424
13	23	-121.378
3	37	-121.35
31	53	-121.328
31	79	-121.233
11	57	-121.225
19	91	-121.209
93	97	-121.126
39	57	-121.052
33	83	-121.034
3	51	120.913
63	95	120.877
63	79	120.815
53	87	-120.749
15	55	-120.737
19	69	120.717
63	65	120.636
39	79	120.61
39	59	-120.508
79	83	-120.45
15	87	120.432
7	93	120.415
25	53	-120.409
69	95	120.309
21	27	-120.306
9	39	120.263
13	65	120.215
9	27	-120.074
19	77	-120.03
43	71	119.93
51	67	119.921
23	93	-119.912
79	97	-119.895
3	85	-119.89
51	61	-119.826
83	91	119.819
63	91	-119.744
49	71	119.716
81	99	-119.656
53	77	-119.619
77	89	119.594
43	69	119.37
3	47	119.351
33	55	119.31
23	59	119.071
51	87	-118.964
31	81	-118.959
13	39	118.956
45	77	118.9
5	53	-118.782
21	31	-118.543
59	65	-118.488
17	81	-118.354
65	97	-118.323
51	83	-118.274
51	59	-118.252
53	85	-118.232
85	87	118.22
39	61	-118.186
55	59	-118.139
33	51	118.133
75	85	118.066
61	91	117.74
29	57	117.664
55	61	-117.658
5	43	-117.658
41	97	117.603
23	61	117.325
39	43	117.194
27	71	-117.141
91	95	-116.926
61	65	-116.925
13	99	-116.922
27	43	-116.866
41	81	-116.823
93	99	-116.702
29	45	116.654
29	87	116.621
15	73	116.596
43	49	116.586
69	71	116.585
17	93	-116.502
3	25	-116.501
35	87	-116.491
33	65	116.457
15	61	116.427
33	91	-116.422
81	97	-116.366
9	35	116.327
51	55	116.321
59	91	116.269
5	11	-116.265
29	71	-116.196
5	67	-116.148
13	17	-116.131
39	63	115.985
13	51	115.919
41	93	-115.862
73	91	115.791
55	77	-115.779
87	93	-115.733
17	97	115.732
17	59	115.543
5	69	-115.483
77	95	-115.402
25	87	115.36
5	49	-115.306
7	77	-115.264
5	71	-115.254
59	99	115.242
33	39	115.205
45	53	-115.142
1	15	115.029
15	59	114.984
27	95	-114.942
15	33	-114.884
37	75	114.78
15	39	-114.683
23	79	-114.678
11	29	-114.591
19	27	-114.565
7	91	-114.537
15	65	-114.478
57	85	114.314
23	33	-114.27
29	75	114.184
29	67	-114.018
13	41	-113.99
97	99	113.918
21	81	113.917
41	59	113.694
25	75	113.607
67	79	113.564
61	99	113.528
31	41	113.435
17	61	113.435
39	91	-113.323
55	87	-113.141
11	31	-113.127
1	91	113.124
63	71	113.12
5	9	-112.918
19	87	-112.837
35	43	112.818
35	77	-112.788
13	67	112.777
39	51	112.744
13	15	-112.592
3	49	112.519
31	67	-112.496
3	69	112.385
13	91	-112.263
37	87	112.234
79	91	-112.181
51	73	-112.04
51	65	111.998
11	53	111.992
55	91	-111.938
17	31	111.652
41	61	111.604
59	67	-111.551
91	93	-111.533
21	93	111.506
51	53	111.422
3	35	111.338
79	99	-111.231
77	85	111.186
35	91	-111.174
67	91	-111.168
67	77	-111.089
77	93	-111.028
37	57	110.989
65	91	-110.96
23	97	110.942
27	31	110.912
17	79	-110.911
39	77	-110.886
5	21	-110.815
71	91	-110.803
1	51	-110.774
7	79	110.734
51	79	110.711
29	89	110.662
31	71	-110.644
7	13	110.64
33	99	-110.589
81	95	110.484
25	57	110.427
15	53	-110.425
15	89	110.321
67	97	-110.228
65	77	-110.209
53	89	-110.185
47	75	-110.177
7	87	-110.177
19	97	-110.125
31	49	-110.06
11	77	-109.908
31	99	109.907
17	33	-109.899
41	79	-109.85
61	67	-109.843
89	91	109.79
11	97	-109.771
5	47	-109.69
9	81	109.686
13	21	109.679
5	25	109.437
19	81	109.426
11	87	-109.379
93	95	109.267
5	7	-109.065
71	97	-108.948
53	73	-108.947
33	67	108.927
71	81	108.92
87	95	-108.853
3	29	-108.767
81	87	-108.652
71	93	108.631
95	97	-108.484
11	15	-108.437
25	77	108.408
15	79	-108.322
33	41	-108.319
7	59	-108.188
9	93	108.134
5	95	-108.12
71	77	-108.077
27	97	107.999
7	31	-107.987
45	91	107.924
7	97	-107.909
19	93	107.886
3	27	-107.88
19	31	-107.864
59	71	-107.754
47	87	-107.696
31	69	-107.663
83	97	107.663
39	87	-107.597
31	95	-107.535
3	53	107.441
81	91	-107.359
23	31	107.353
37	77	107.326
65	87	-107.272
9	13	107.231
49	97	-107.224
5	37	107.211
1	53	-107.156
7	33	107.016
21	79	107.012
7	61	-107.009
47	57	-106.958
27	87	106.957
51	89	-106.943
11	91	-106.858
67	87	-106.838
15	45	106.837
7	29	-106.776
5	55	-106.743
29	73	106.617
1	29	106.612
35	75	-106.602
21	59	-106.595
5	19	-106.517
79	87	-106.482
35	57	-106.469
63	97	-106.378
29	95	-106.334
53	57	-106.279
5	85	106.268
43	81	106.227
21	61	-106.207
31	55	-106.119
21	33	106.104
41	53	-106.005
5	41	105.997
53	75	-105.893
11	51	105.81
55	97	-105.795
43	93	105.765
77	79	-105.718
29	55	-105.653
73	97	105.394
69	97	-105.357
77	81	-105.347
9	59	-105.291
57	61	105.012
61	77	105.01
33	77	-105.003
61	71	-104.965
17	53	-104.895
53	83	-104.871
69	75	-104.839
5	17	104.752
9	61	-104.737
49	87	-104.735
31	83	104.676
53	63	104.661
69	87	-104.615
51	81	104.594
53	71	104.554
43	53	104.394
31	63	-104.372
57	59	104.325
59	77	104.309
27	75	104.273
13	43	104.237
45	51	-104.225
27	51	-104.212
9	79	104.112
31	47	-104.061
33	57	-104.052
47	77	-103.929
53	95	103.84
49	75	-103.817
9	33	103.813
5	99	103.776
29	63	-103.721
51	93	103.694
53	65	103.681
19	29	-103.663
19	53	103.588
29	43	-103.523
61	75	103.501
51	69	103.473
3	81	103.375
79	95	103.346
13	71	103.344
1	97	103.206
13	95	103.156
13	19	103.134
85	91	103.116
71	87	-103.087
43	59	-103.079
19	79	103.056
15	81	-103.01
31	73	103.005
59	95	-102.993
53	55	102.96
33	75	-102.947
29	83	102.93
27	57	102.885
59	75	102.861
39	53	102.849
57	69	-102.834
15	93	-102.763
15	85	102.729
25	31	102.69
15	27	102.636
13	57	-102.632
43	61	-102.611
3	93	102.477
13	77	-102.445
27	77	102.219
23	53	-102.216
5	23	102.194
53	99	-102.186
5	45	102.183
9	53	102.165
47	97	-102.136
57	93	-102.135
71	79	102.096
49	57	-102.093
15	35	-102.034
15	69	-101.959
19	59	-101.895
15	37	101.855
43	79	101.831
49	51	101.824
13	75	-101.824
61	95	-101.812
31	37	101.811
25	91	101.777
51	85	-101.751
15	25	101.749
35	51	101.666
45	97	101.665
33	43	101.646
49	77	-101.628
9	29	-101.625
89	97	101.623
21	29	-101.607
33	87	-101.605
19	33	101.588
27	91	101.547
25	97	101.537
25	51	-101.493
37	51	-101.478
57	79	-101.474
75	93	-101.473
37	91	101.445
1	31	101.409
33	95	101.394
5	63	-101.364
69	77	-101.328
19	61	-101.259
3	13	101.256
31	85	101.251
53	67	101.218
47	51	101.129
7	53	101.07
33	71	100.954
29	41	100.933
49	91	-100.908
15	47	-100.865
17	29	100.844
31	45	100.814
3	33	100.782
75	79	-100.752
85	97	100.726
23	29	100.722
5	83	100.713
37	97	100.69
15	49	-100.681
69	91	-100.575
57	81	-100.562
5	89	100.549
61	87	100.534
59	87	100.523
21	53	100.518
3	79	100.467
31	89	100.43
29	99	100.418
75	81	-100.389
5	73	100.372
3	61	-100.273
47	91	-100.181
3	59	-100.176
13	87	-100.134
1	5	100.032
64	65	20
90	91	20
26	27	20
96	97	20
56	57	20
40	41	20
66	67	20
62	63	20
22	23	20
42	43	20
60	61	20
92	93	20
94	95	20
24	25	20
58	59	20
54	55	20
20	21	20
84	85	20
48	49	20
36	37	20
16	17	20
82	83	20
50	51	20
80	81	20
34	35	20
78	79	20
52	53	20
76	77	20
32	33	20
74	75	20
44	45	20
86	87	20
72	73	20
30	31	20
70	71	20
38	39	20
88	89	20
28	29	20
46	47	20
14	15	20
68	69	20
18	19	20
0	1	20
98	99	20
8	9	20
10	11	20
2	3	20
4	5	20
12	13	20
6	7	20
16	41	19.9755
17	40	19.9755
23	98	19.9521
22	99	19.9521
24	85	19.9496
25	84	19.9496
15	50	-19.9433
14	51	-19.9433
57	74	19.9352
56	75	19.9352
0	89	19.9233
1	88	19.9233
59	60	19.9179
58	61	19.9179
30	97	19.9028
31	96	19.9028
8	43	19.9007
9	42	19.9007
38	65	19.8823
39	64	19.8823
19	94	19.8747
18	95	19.8747
17	98	19.8738
16	99	19.8738
23	82	19.8562
22	83	19.8562
8	21	19.8309
9	20	19.8309
72	83	19.8148
73	82	19.8148
80	93	19.8079
81	92	19.8079
12	33	19.7992
13	32	19.7992
0	83	19.7938
1	82	19.7938
47	68	19.7909
46	69	19.7909
7	66	19.7645
6	67	19.7645
41	98	19.7597
40	99	19.7597
17	22	19.7481
16	23	19.7481
36	47	-19.7271
37	46	-19.7271
82	99	19.7226
83	98	19.7226
44	85	19.6955
45	84	19.6955
13	60	-19.6868
12	61	-19.6868
1	72	19.6842
0	73	19.6842
7	94	19.6727
6	95	19.6727
73	88	19.6705
72	89	19.6705
4	31	19.6646
5	30	19.6646
16	83	19.6438
17	82	19.6438
79	80	19.6406
78	81	19.6406
45	72	19.6124
44	73	19.6124
25	26	19.588
24	27	19.588
23	40	19.5749
22	41	19.5749
83	88	19.5697
82	89	19.5697
37	84	19.5591
36	85	19.5591
36	69	-19.5502
37	68	-19.5502
77	86	19.5428
76	87	19.5428
6	55	19.5411
7	54	19.5411
65	66	19.5402
64	67	19.5402
47	48	19.5365
46	49	19.5365
70	95	19.5166
71	94	19.5166
20	43	19.5084
21	42	19.5084
25	44	19.502
24	45	19.502
6	19	19.4987
7	18	19.4987
24	37	19.4793
25	36	19.4793
1	22	19.4766
0	23	19.4766
40	83	19.4574
41	82	19.4574
76	91	19.4514
77	90	19.4514
48	69	19.4459
49	68	19.4459
33	78	19.4039
32	79	19.4039
45	88	19.3827
44	89	19.3827
23	72	19.3779
22	73	19.3779
2	43	19.3689
3	42	19.3689
12	59	-19.3647
13	58	-19.3647
84	89	19.3575
85	88	19.3575
16	73	19.3524
17	72	19.3524
10	55	19.3357
11	54	19.3357
78	93	19.3141
79	92	19.3141
3	8	19.3109
2	9	19.3109
55	66	19.3107
54	67	19.3107
4	97	19.3004
5	96	19.3004
36	89	19.3
37	88	19.3
66	71	19.2946
67	70	19.2946
26	85	19.2649
27	84	19.2649
10	65	19.2615
11	64	19.2615
2	21	19.2532
3	20	19.2532
48	81	19.2495
49	80	19.2495
33	60	-19.2491
32	61	-19.2491
67	94	19.2419
66	95	19.2419
72	99	19.2142
73	98	19.2142
34	93	19.2033
35	92	19.2033
41	72	19.1979
40	73	19.1979
15	56	19.1918
14	57	19.1918
91	96	19.1794
90	97	19.1794
39	66	19.168
38	67	19.168
0	99	19.1584
1	98	19.1584
7	70	19.1486
6	71	19.1486
0	45	19.0759
1	44	19.0759
22	89	19.0606
23	88	19.0606
72	85	19.0134
73	84	19.0134
24	89	18.9817
25	88	18.9817
35	80	18.9532
34	81	18.9532
45	82	18.9505
44	83	18.9505
18	71	18.9426
19	70	18.9426
4	29	18.94
5	28	18.94
1	16	18.9328
0	17	18.9328
13	68	18.9005
12	69	18.9005
0	85	18.8818
1	84	18.8818
15	74	18.8671
14	75	18.8671
26	37	18.8599
27	36	18.8599
1	36	18.8592
0	37	18.8592
11	66	18.8455
10	67	18.8455
12	79	18.804
13	78	18.804
26	69	-18.7769
27	68	-18.7769
19	66	18.7718
18	67	18.7718
20	63	18.7709
21	62	18.7709
36	45	18.7694
37	44	18.7694
7	64	18.7588
6	65	18.7588
26	59	18.7521
27	58	18.7521
24	69	-18.7434
25	68	-18.7434
51	56	-18.7386
50	57	-18.7386
33	58	-18.7231
32	59	-18.7231
11	38	18.7047
10	39	18.7047
88	99	18.6856
89	98	18.6856
54	65	18.6786
55	64	18.6786
46	85	-18.6637
47	84	-18.6637
1	40	18.6427
0	41	18.6427
36	49	-18.6388
37	48	-18.6388
69	84	-18.6246
68	85	-18.6246
24	47	-18.5999
25	46	-18.5999
24	73	18.5782
25	72	18.5782
47	88	-18.5762
46	89	-18.5762
31	90	18.5754
30	91	18.5754
33	80	18.5675
32	81	18.5675
55	94	18.5604
54	95	18.5604
16	89	18.5348
17	88	18.5348
48	93	18.5347
49	92	18.5347
49	78	18.5317
48	79	18.5317
8	63	18.5209
9	62	18.5209
35	48	18.5138
34	49	18.5138
18	55	18.5114
19	54	18.5114
6	11	18.4273
7	10	18.4273
1	24	18.4122
0	25	18.4122
26	45	18.3805
27	44	18.3805
13	48	18.3714
12	49	18.3714
26	61	18.3618
27	60	18.3618
50	75	-18.3591
51	74	-18.3591
64	71	18.332
65	70	18.332
36	73	18.3296
37	72	18.3296
83	84	18.3039
82	85	18.3039
41	88	18.2376
40	89	18.2376
61	68	-18.2268
60	69	-18.2268
39	70	18.2059
38	71	18.2059
52	79	18.2039
53	78	18.2039
32	69	18.1948
33	68	18.1948
16	45	18.1857
17	44	18.1857
87	90	18.1646
86	91	18.1646
6	39	18.1621
7	38	18.1621
0	47	-18.1486
1	46	-18.1486
26	47	-18.1463
27	46	-18.1463
23	44	18.1357
22	45	18.1357
13	80	18.127
12	81	18.127
32	49	18.1248
33	48	18.1248
1	54	-18.1177
0	55	-18.1177
58	69	-18.1014
59	68	-18.1014
22	55	-18.0719
23	54	-18.0719
76	97	18.0441
77	96	18.0441
41	44	18.031
40	45	18.031
13	26	-17.9896
12	27	-17.9896
69	80	17.9743
68	81	17.9743
11	34	17.9687
10	35	17.9687
13	46	17.9279
12	47	17.9279
37	82	17.9075
36	83	17.9075
69	88	-17.892
68	89	-17.892
42	63	17.892
43	62	17.892
39	54	17.8909
38	55	17.8909
42	87	-17.8825
43	86	-17.8825
45	98	17.8766
44	99	17.8766
47	80	17.8078
46	81	17.8078
65	94	17.7985
64	95	17.7985
28	59	17.7513
29	58	17.7513
25	82	17.7513
24	83	17.7513
32	93	17.7432
33	92	17.7432
43	76	-17.7429
42	77	-17.7429
54	71	17.7398
55	70	17.7398
28	31	17.7161
29	30	17.7161
54	83	-17.7012
55	82	-17.7012
54	99	-17.6878
55	98	-17.6878
68	79	17.6524
69	78	17.6524
55	88	-17.6458
54	89	-17.6458
34	79	17.5958
35	78	17.5958
61	78	-17.5858
60	79	-17.5858
45	46	-17.5579
44	47	-17.5579
27	88	17.5449
26	89	17.5449
28	61	17.484
29	60	17.484
11	46	17.452
10	47	17.452
53	92	17.4361
52	93	17.4361
10	49	17.4046
11	48	17.4046
19	22	-17.3886
18	23	-17.3886
12	37	-17.3874
13	36	-17.3874
19	98	-17.3864
18	99	-17.3864
22	85	17.3528
23	84	17.3528
31	76	17.337
30	77	17.337
4	91	17.3225
5	90	17.3225
45	68	-17.322
44	69	-17.322
39	94	17.3021
38	95	17.3021
0	69	-17.2833
1	68	-17.2833
6	23	-17.2779
7	22	-17.2779
25	58	17.2668
24	59	17.2668
46	73	-17.2226
47	72	-17.2226
18	75	-17.2195
19	74	-17.2195
29	96	17.2157
28	97	17.2157
32	47	17.1989
33	46	17.1989
33	52	17.1626
32	53	17.1626
9	86	-17.1436
8	87	-17.1436
49	60	-17.1353
48	61	-17.1353
34	47	17.1137
35	46	17.1137
18	65	17.1132
19	64	17.1132
53	80	17.1112
52	81	17.1112
41	74	17.0806
40	75	17.0806
12	93	17.0762
13	92	17.0762
74	99	17.0632
75	98	17.0632
22	37	17.0597
23	36	17.0597
3	76	-17.0596
2	77	-17.0596
25	48	-17.0489
24	49	-17.0489
47	78	17.0458
46	79	17.0458
16	85	17.0451
17	84	17.0451
49	84	-17.0414
48	85	-17.0414
6	99	-17.036
7	98	-17.036
46	61	-17.0327
47	60	-17.0327
0	11	-17.0087
1	10	-17.0087
47	82	-16.9664
46	83	-16.9664
10	95	16.9516
11	94	16.9516
48	89	-16.9293
49	88	-16.9293
26	49	-16.9283
27	48	-16.9283
16	75	16.9281
17	74	16.9281
27	72	16.9275
26	73	16.9275
36	59	16.9262
37	58	16.9262
84	99	16.921
85	98	16.921
46	59	-16.908
47	58	-16.908
9	76	-16.9025
8	77	-16.9025
24	61	16.8934
25	60	16.8934
12	25	-16.8767
13	24	-16.8767
68	93	16.8574
69	92	16.8574
58	79	-16.8509
59	78	-16.8509
36	61	16.8325
37	60	16.8325
27	32	-16.8193
26	33	-16.8193
47	92	16.8078
46	93	16.8078
40	85	16.7869
41	84	16.7869
0	27	16.7803
1	26	16.7803
16	55	-16.7651
17	54	-16.7651
54	73	-16.7647
55	72	-16.7647
11	88	-16.7618
10	89	-16.7618
47	54	16.7382
46	55	16.7382
49	58	-16.7343
48	59	-16.7343
22	25	16.7228
23	24	16.7228
0	7	-16.7168
1	6	-16.7168
11	70	16.7079
10	71	16.7079
86	97	16.7024
87	96	16.7024
11	36	-16.6964
10	37	-16.6964
23	94	-16.6848
22	95	-16.6848
59	84	16.6797
58	85	16.6797
35	64	16.6735
34	65	16.6735
61	80	-16.6587
60	81	-16.6587
41	56	16.6497
40	57	16.6497
11	18	16.6061
10	19	16.6061
94	99	-16.6037
95	98	-16.6037
35	68	16.5887
34	69	16.5887
6	83	-16.5882
7	82	-16.5882
37	54	-16.5795
36	55	-16.5795
69	72	-16.5496
68	73	-16.5496
18	57	-16.5481
19	56	-16.5481
2	63	16.5473
3	62	16.5473
22	75	16.5228
23	74	16.5228
16	19	-16.5054
17	18	-16.5054
57	98	16.4972
56	99	16.4972
19	38	16.4911
18	39	16.4911
37	98	16.4898
36	99	16.4898
1	48	-16.4867
0	49	-16.4867
37	80	-16.4757
36	81	-16.4757
18	83	-16.4569
19	82	-16.4569
16	57	16.4485
17	56	16.4485
12	85	-16.436
13	84	-16.436
35	38	16.4313
34	39	16.4313
17	24	16.4265
16	25	16.4265
3	86	-16.4265
2	87	-16.4265
33	36	-16.384
32	37	-16.384
40	55	-16.3555
41	54	-16.3555
60	85	16.3294
61	84	16.3294
75	94	-16.3123
74	95	-16.3123
16	37	16.3038
17	36	16.3038
3	90	-16.2853
2	91	-16.2853
25	98	16.2733
24	99	16.2733
11	22	-16.273
10	23	-16.273
11	68	16.268
10	69	16.268
19	40	-16.2526
18	41	-16.2526
43	90	-16.2124
42	91	-16.2124
22	47	-16.2039
23	46	-16.2039
25	40	16.1719
24	41	16.1719
11	82	-16.1437
10	83	-16.1437
23	66	-16.1283
22	67	-16.1283
0	19	-16.1052
1	18	-16.1052
7	88	-16.079
6	89	-16.079
12	29	-16.0624
13	28	-16.0624
31	86	16.0416
30	87	16.0416
69	82	-16.0394
68	83	-16.0394
6	17	-16.0338
7	16	-16.0338
21	86	-16.021
20	87	-16.021
58	81	-15.978
59	80	-15.978
36	41	15.9444
37	40	15.9444
32	35	15.9303
33	34	15.9303
13	52	15.9258
12	53	15.9258
10	81	15.9209
11	80	15.9209
22	57	15.9156
23	56	15.9156
27	82	15.9109
26	83	15.9109
49	54	15.9099
48	55	15.9099
1	66	-15.905
0	67	-15.905
20	77	-15.858
21	76	-15.858
37	78	-15.8411
36	79	-15.8411
83	94	-15.8065
82	95	-15.8065
66	99	-15.8027
67	98	-15.8027
10	99	-15.7546
11	98	-15.7546
34	55	15.7473
35	54	15.7473
44	49	-15.7023
45	48	-15.7023
28	33	-15.6972
29	32	-15.6972
10	93	15.6851
11	92	15.6851
7	40	-15.6719
6	41	-15.6719
24	33	-15.67
25	32	-15.67
4	77	15.6677
5	76	15.6677
35	36	-15.666
34	37	-15.666
16	95	-15.6571
17	94	-15.6571
13	34	15.644
12	35	15.644
57	94	-15.6411
56	95	-15.6411
0	95	-15.6269
1	94	-15.6269
55	84	-15.6159
54	85	-15.6159
47	98	-15.5746
46	99	-15.5746
67	82	-15.5386
66	83	-15.5386
60	93	-15.5168
61	92	-15.5168
45	54	-15.505
44	55	-15.505
74	83	15.4929
75	82	15.4929
7	72	-15.476
6	73	-15.476
7	74	-15.4248
6	75	-15.4248
11	72	-15.4013
10	73	-15.4013
54	69	15.3919
55	68	15.3919
36	93	-15.3819
37	92	-15.3819
66	89	-15.3714
67	88	-15.3714
40	95	-15.3704
41	94	-15.3704
49	72	-15.3612
48	73	-15.3612
19	88	-15.332
18	89	-15.332
9	90	-15.3094
8	91	-15.3094
26	79	-15.2897
27	78	-15.2897
18	73	-15.2617
19	72	-15.2617
32	85	-15.2465
33	84	-15.2465
17	46	-15.2338
16	47	-15.2338
44	59	15.1924
45	58	15.1924
48	83	-15.1794
49	82	-15.1794
10	85	-15.1677
11	84	-15.1677
26	29	15.1494
27	28	15.1494
22	69	-15.1267
23	68	-15.1267
49	64	15.1082
48	65	15.1082
24	55	-15.0939
25	54	-15.0939
34	67	15.0855
35	66	15.0855
26	81	-15.0844
27	80	-15.0844
46	65	15.0839
47	64	15.0839
1	64	-15.0455
0	65	-15.0455
14	19	-15.0364
15	18	-15.0364
29	90	15.0188
28	91	15.0188
53	60	-14.9431
52	61	-14.9431
89	94	-14.9105
88	95	-14.9105
23	70	-14.9091
22	71	-14.9091
56	83	14.9075
57	82	14.9075
10	17	-14.8813
11	16	-14.8813
13	88	-14.881
12	89	-14.881
24	81	-14.8685
25	80	-14.8685
40	47	-14.8488
41	46	-14.8488
12	45	-14.8326
13	44	-14.8326
5	58	14.8269
4	59	14.8269
11	24	-14.803
10	25	-14.803
59	92	-14.8002
58	93	-14.8002
22	65	-14.794
23	64	-14.794
35	52	14.792
34	53	14.792
23	26	14.7906
22	27	14.7906
36	63	-14.7902
37	62	-14.7902
16	67	-14.7814
17	66	-14.7814
81	84	-14.778
80	85	-14.778
45	60	14.7705
44	61	14.7705
48	53	14.759
49	52	14.759
71	98	-14.7471
70	99	-14.7471
7	56	-14.7405
6	57	-14.7405
6	47	14.7229
7	46	14.7229
47	66	14.7101
46	67	14.7101
62	87	-14.6978
63	86	-14.6978
63	88	-14.6913
62	89	-14.6913
64	89	-14.6812
65	88	-14.6812
4	61	14.6764
5	60	14.6764
72	95	-14.6653
73	94	-14.6653
7	36	-14.6642
6	37	-14.6642
25	78	-14.6392
24	79	-14.6392
23	42	-14.6218
22	43	-14.6218
46	63	14.6091
47	62	14.6091
58	89	14.5958
59	88	14.5958
55	74	-14.5877
54	75	-14.5877
43	98	-14.5792
42	99	-14.5792
9	22	-14.5697
8	23	-14.5697
1	62	-14.5595
0	63	-14.5595
71	74	-14.5566
70	75	-14.5566
63	84	-14.5459
62	85	-14.5459
42	83	-14.5392
43	82	-14.5392
10	45	-14.5382
11	44	-14.5382
9	82	-14.537
8	83	-14.537
39	48	14.5362
38	49	14.5362
18	51	14.5275
19	50	14.5275
1	8	-14.527
0	9	-14.527
66	73	-14.5253
67	72	-14.5253
68	99	-14.5145
69	98	-14.5145
72	75	14.5142
73	74	14.5142
22	49	-14.5033
23	48	-14.5033
81	88	-14.4843
80	89	-14.4843
16	27	14.48
17	26	14.48
11	40	-14.4788
10	41	-14.4788
35	88	-14.4642
34	89	-14.4642
9	98	-14.4544
8	99	-14.4544
21	54	14.441
20	55	14.441
16	43	-14.436
17	42	-14.436
25	62	-14.423
24	63	-14.423
37	66	-14.4206
36	67	-14.4206
36	65	-14.4179
37	64	-14.4179
1	20	-14.4149
0	21	-14.4149
40	67	-14.4083
41	66	-14.4083
20	91	-14.3989
21	90	-14.3989
65	82	-14.3965
64	83	-14.3965
79	84	-14.3956
78	85	-14.3956
64	99	-14.3956
65	98	-14.3956
38	47	14.3826
39	46	14.3826
60	89	14.3812
61	88	14.3812
1	42	-14.3661
0	43	-14.3661
0	35	-14.3519
1	34	-14.3519
15	94	-14.3501
14	95	-14.3501
62	69	14.3377
63	68	14.3377
8	89	-14.3364
9	88	-14.3364
40	43	-14.33
41	42	-14.33
27	98	14.3189
26	99	14.3189
1	74	14.3129
0	75	14.3129
16	69	-14.3036
17	68	-14.3036
6	35	14.2763
7	34	14.2763
21	22	-14.2753
20	23	-14.2753
8	73	-14.266
9	72	-14.266
2	19	14.2603
3	18	14.2603
3	6	14.258
2	7	14.258
43	72	-14.2579
42	73	-14.2579
5	86	14.2541
4	87	14.2541
2	55	14.2485
3	54	14.2485
1	70	-14.244
0	71	-14.244
20	89	-14.2404
21	88	-14.2404
44	63	-14.2396
45	62	-14.2396
27	40	14.2375
26	41	14.2375
9	16	-14.2335
8	17	-14.2335
21	82	-14.2324
20	83	-14.2324
63	72	-14.2296
62	73	-14.2296
49	66	14.2173
48	67	14.2173
35	60	-14.2143
34	61	-14.2143
52	59	-14.2037
53	58	-14.2037
70	83	-14.2028
71	82	-14.2028
67	74	-14.1876
66	75	-14.1876
11	78	14.1805
10	79	14.1805
63	82	-14.1667
62	83	-14.1667
1	12	-14.1346
0	13	-14.1346
42	89	-14.1292
43	88	-14.1292
6	45	-14.1238
7	44	-14.1238
57	90	14.1235
56	91	14.1235
0	39	-14.1026
1	38	-14.1026
8	41	-14.082
9	40	-14.082
3	94	14.0805
2	95	14.0805
20	99	-14.08
21	98	-14.08
40	87	14.0789
41	86	14.0789
74	91	14.0557
75	90	14.0557
0	81	-14.0511
1	80	-14.0511
3	22	-14.05
2	23	-14.05
8	55	14.0297
9	54	14.0297
56	73	13.9941
57	72	13.9941
6	85	-13.9914
7	84	-13.9914
3	98	-13.981
2	99	-13.981
56	71	-13.981
57	70	-13.981
65	68	13.98
64	69	13.98
40	69	-13.9567
41	68	-13.9567
65	92	13.9537
64	93	13.9537
41	76	13.9321
40	77	13.9321
6	49	13.9293
7	48	13.9293
11	20	13.9285
10	21	13.9285
64	81	13.9217
65	80	13.9217
49	62	13.9202
48	63	13.9202
14	41	13.9188
15	40	13.9188
54	57	-13.9167
55	56	-13.9167
17	86	13.9136
16	87	13.9136
7	20	13.9112
6	21	13.9112
51	94	13.9093
50	95	13.9093
21	72	-13.9006
20	73	-13.9006
48	99	-13.8967
49	98	-13.8967
55	80	13.896
54	81	13.896
22	63	-13.8862
23	62	-13.8862
26	93	-13.8825
27	92	-13.8825
11	26	-13.8788
10	27	-13.8788
27	62	-13.8597
26	63	-13.8597
22	39	-13.8515
23	38	-13.8515
33	88	-13.8514
32	89	-13.8514
2	97	-13.8449
3	96	-13.8449
52	69	13.8448
53	68	13.8448
16	71	-13.844
17	70	-13.844
3	66	13.8275
2	67	13.8275
35	84	-13.8172
34	85	-13.8172
14	99	13.8102
15	98	13.8102
38	89	-13.7934
39	88	-13.7934
25	92	-13.7901
24	93	-13.7901
0	59	13.7893
1	58	13.7893
16	77	13.7856
17	76	13.7856
29	68	-13.7728
28	69	-13.7728
84	93	-13.7564
85	92	-13.7564
5	38	-13.7518
4	39	-13.7518
29	78	-13.743
28	79	-13.743
43	96	-13.7357
42	97	-13.7357
34	59	-13.7277
35	58	-13.7277
42	55	13.7219
43	54	13.7219
17	20	-13.7212
16	21	-13.7212
15	16	13.7199
14	17	13.7199
2	83	-13.7196
3	82	-13.7196
37	38	-13.7133
36	39	-13.7133
1	56	13.7127
0	57	13.7127
33	44	-13.7122
32	45	-13.7122
18	45	-13.7049
19	44	-13.7049
71	88	-13.7045
70	89	-13.7045
27	54	-13.7037
26	55	-13.7037
10	13	13.7027
11	12	13.7027
39	92	13.6963
38	93	13.6963
63	76	-13.6908
62	77	-13.6908
25	34	-13.6899
24	35	-13.6899
57	76	13.6839
56	77	13.6839
75	76	13.6733
74	77	13.6733
88	93	-13.6626
89	92	-13.6626
62	99	-13.6547
63	98	-13.6547
8	45	-13.6512
9	44	-13.6512
59	72	13.624
58	73	13.624
13	72	-13.6109
12	73	-13.6109
1	2	-13.6063
0	3	-13.6063
57	66	-13.6004
56	67	-13.6004
18	21	13.5991
19	20	13.5991
0	61	13.597
1	60	13.597
79	88	-13.5836
78	89	-13.5836
20	37	-13.5778
21	36	-13.5778
66	85	-13.5765
67	84	-13.5765
2	17	-13.5752
3	16	-13.5752
38	81	13.5713
39	80	13.5713
45	80	-13.5701
44	81	-13.5701
21	66	13.5672
20	67	13.5672
42	45	-13.5599
43	44	-13.5599
41	70	-13.5595
40	71	-13.5595
75	88	13.557
74	89	13.557
64	73	-13.5547
65	72	-13.5547
77	98	13.5542
76	99	13.5542
16	49	-13.5452
17	48	-13.5452
55	92	13.5172
54	93	13.5172
20	41	-13.5162
21	40	-13.5162
6	25	-13.5111
7	24	-13.5111
5	12	-13.5025
4	13	-13.5025
87	98	13.5018
86	99	13.5018
7	8	13.5008
6	9	13.5008
5	32	-13.5003
4	33	-13.5003
55	62	13.4951
54	63	13.4951
39	98	-13.492
38	99	-13.492
67	68	13.4813
66	69	13.4813
17	62	-13.4764
16	63	-13.4764
39	82	-13.4743
38	83	-13.4743
17	64	-13.4717
16	65	-13.4717
44	67	-13.4542
45	66	-13.4542
39	68	13.445
38	69	13.445
15	90	13.4339
14	91	13.4339
21	46	13.4261
20	47	13.4261
7	68	13.4256
6	69	13.4256
18	37	-13.4249
19	36	-13.4249
30	59	13.4245
31	58	13.4245
26	35	-13.4244
27	34	-13.4244
9	36	-13.4234
8	37	-13.4234
3	40	-13.4163
2	41	-13.4163
56	97	13.4068
57	96	13.4068
20	95	13.406
21	94	13.406
30	61	13.4031
31	60	13.4031
8	19	13.3892
9	18	13.3892
8	85	-13.389
9	84	-13.389
35	82	-13.3872
34	83	-13.3872
2	71	13.3572
3	70	13.3572
11	62	13.3347
10	63	13.3347
29	38	-13.3337
28	39	-13.3337
0	93	-13.33
1	92	-13.33
70	73	-13.3272
71	72	-13.3272
20	45	-13.3241
21	44	-13.3241
19	42	13.3215
18	43	13.3215
45	94	-13.3153
44	95	-13.3153
60	73	13.315
61	72	13.315
3	10	13.3066
2	11	13.3066
41	62	-13.2912
40	63	-13.2912
11	32	13.2897
10	33	13.2897
8	11	13.2848
9	10	13.2848
6	43	13.2818
7	42	13.2818
14	23	13.2784
15	22	13.2784
21	84	-13.2762
20	85	-13.2762
22	77	13.2697
23	76	13.2697
23	86	13.2682
22	87	13.2682
15	70	-13.2596
14	71	-13.2596
36	95	-13.2558
37	94	-13.2558
73	86	13.2502
72	87	13.2502
25	28	13.2495
24	29	13.2495
64	85	-13.2476
65	84	-13.2476
41	50	-13.2446
40	51	-13.2446
82	87	13.2389
83	86	13.2389
3	88	-13.236
2	89	-13.236
41	48	-13.2173
40	49	-13.2173
51	62	13.2124
50	63	13.2124
25	66	-13.2116
24	67	-13.2116
19	46	13.2065
18	47	13.2065
50	91	-13.1958
51	90	-13.1958
3	30	-13.1915
2	31	-13.1915
0	33	-13.1801
1	32	-13.1801
34	73	-13.1773
35	72	-13.1773
19	84	-13.1736
18	85	-13.1736
73	80	-13.1716
72	81	-13.1716
3	72	-13.1648
2	73	-13.1648
21	64	13.1605
20	65	13.1605
23	34	-13.1551
22	35	-13.1551
7	14	-13.1541
6	15	-13.1541
42	75	-13.1457
43	74	-13.1457
47	52	13.1456
46	53	13.1456
51	98	-13.1455
50	99	-13.1455
46	95	13.1455
47	94	13.1455
74	97	13.1444
75	96	13.1444
44	79	-13.1352
45	78	-13.1352
43	84	-13.1299
42	85	-13.1299
41	64	-13.1299
40	65	-13.1299
3	64	13.1261
2	65	13.1261
60	97	13.0977
61	96	13.0977
9	94	13.072
8	95	13.072
8	47	13.0682
9	46	13.0682
16	51	-13.056
17	50	-13.056
59	96	13.055
58	97	13.055
1	78	-13.0532
0	79	-13.0532
8	25	-13.0501
9	24	-13.0501
30	39	-13.0489
31	38	-13.0489
15	96	13.0391
14	97	13.0391
30	43	-13.0269
31	42	-13.0269
41	90	13.0268
40	91	13.0268
36	43	-13.0126
37	42	-13.0126
8	67	13.011
9	66	13.011
25	64	-13.0073
24	65	-13.0073
3	74	-13.007
2	75	-13.007
56	89	13.0027
57	88	13.0027
28	77	12.9966
29	76	12.9966
31	56	12.9951
30	57	12.9951
76	83	12.984
77	82	12.984
50	71	12.9806
51	70	12.9806
20	25	-12.966
21	24	-12.966
13	82	-12.9602
12	83	-12.9602
8	97	-12.9519
9	96	-12.9519
15	62	-12.9507
14	63	-12.9507
80	83	-12.9463
81	82	-12.9463
43	94	12.9436
42	95	12.9436
84	95	-12.9366
85	94	-12.9366
34	45	-12.9291
35	44	-12.9291
42	57	-12.9264
43	56	-12.9264
29	80	-12.8982
28	81	-12.8982
4	35	-12.8891
5	34	-12.8891
57	86	12.8863
56	87	12.8863
5	64	-12.8856
4	65	-12.8856
8	75	-12.8846
9	74	-12.8846
29	48	-12.8824
28	49	-12.8824
17	90	12.8762
16	91	12.8762
51	96	-12.8518
50	97	-12.8518
74	87	12.845
75	86	12.845
44	75	12.8423
45	74	12.8423
10	43	12.8331
11	42	12.8331
44	93	-12.832
45	92	-12.832
30	35	-12.7952
31	34	-12.7952
44	65	-12.7848
45	64	-12.7848
12	63	12.7834
13	62	12.7834
58	83	12.7805
59	82	12.7805
35	70	12.7711
34	71	12.7711
25	42	-12.769
24	43	-12.769
91	98	12.7677
90	99	12.7677
15	76	12.7598
14	77	12.7598
11	60	-12.7584
10	61	-12.7584
34	99	-12.7515
35	98	-12.7515
2	39	12.7403
3	38	12.7403
64	75	-12.7364
65	74	-12.7364
38	73	-12.7346
39	72	-12.7346
20	69	12.7324
21	68	12.7324
14	31	12.7268
15	30	12.7268
42	67	12.7212
43	66	12.7212
35	94	12.719
34	95	12.719
28	51	-12.7189
29	50	-12.7189
30	33	-12.7138
31	32	-12.7138
72	77	12.7132
73	76	12.7132
45	86	12.7013
44	87	12.7013
6	51	12.6981
7	50	12.6981
30	75	12.6955
31	74	12.6955
66	81	12.6948
67	80	12.6948
10	59	-12.6914
11	58	-12.6914
20	49	12.6821
21	48	12.6821
20	39	12.6812
21	38	12.6812
28	47	-12.679
29	46	-12.679
3	56	-12.6749
2	57	-12.6749
39	84	-12.672
38	85	-12.672
18	25	-12.6655
19	24	-12.6655
29	84	12.6571
28	85	12.6571
9	56	-12.6538
8	57	-12.6538
23	50	-12.6516
22	51	-12.6516
16	39	-12.6507
17	38	-12.6507
21	70	12.647
20	71	12.647
32	73	-12.6424
33	72	-12.6424
62	81	12.6385
63	80	12.6385
28	37	12.634
29	36	12.634
27	52	-12.6137
26	53	-12.6137
6	63	12.6052
7	62	12.6052
1	86	12.6008
0	87	12.6008
72	93	-12.5997
73	92	-12.5997
15	28	12.597
14	29	12.597
34	63	12.5876
35	62	12.5876
36	71	-12.5872
37	70	-12.5872
5	14	12.5869
4	15	12.5869
67	92	12.58
66	93	12.58
10	75	-12.5779
11	74	-12.5779
43	46	12.5686
42	47	12.5686
33	96	-12.566
32	97	-12.566
30	51	-12.5642
31	50	-12.5642
44	71	-12.5597
45	70	-12.5597
61	82	12.5533
60	83	12.5533
53	90	-12.5525
52	91	-12.5525
47	70	12.5474
46	71	12.5474
26	65	-12.5457
27	64	-12.5457
24	39	-12.5377
25	38	-12.5377
50	77	-12.5373
51	76	-12.5373
21	74	-12.5157
20	75	-12.5157
5	50	-12.5059
4	51	-12.5059
25	94	-12.5031
24	95	-12.5031
13	30	-12.495
12	31	-12.495
9	64	12.4918
8	65	12.4918
28	65	-12.4909
29	64	-12.4909
5	56	12.4877
4	57	12.4877
29	52	-12.4768
28	53	-12.4768
58	63	-12.4696
59	62	-12.4696
13	54	12.4672
12	55	12.4672
5	78	-12.4608
4	79	-12.4608
39	96	-12.4538
38	97	-12.4538
15	42	-12.4452
14	43	-12.4452
17	34	-12.4448
16	35	-12.4448
22	91	12.4383
23	90	12.4383
82	93	-12.4322
83	92	-12.4322
72	79	-12.4317
73	78	-12.4317
42	51	12.4306
43	50	12.4306
55	78	12.4236
54	79	12.4236
28	93	-12.4234
29	92	-12.4234
44	57	12.421
45	56	12.421
9	68	12.4164
8	69	12.4164
62	75	-12.4119
63	74	-12.4119
86	89	12.4089
87	88	12.4089
9	50	12.4079
8	51	12.4079
19	34	12.4041
18	35	12.4041
61	62	-12.4028
60	63	-12.4028
70	85	-12.3974
71	84	-12.3974
27	38	-12.3953
26	39	-12.3953
23	80	-12.3912
22	81	-12.3912
18	63	12.3797
19	62	12.3797
15	82	12.3747
14	83	12.3747
26	67	-12.3734
27	66	-12.3734
52	97	-12.3724
53	96	-12.3724
30	93	-12.3706
31	92	-12.3706
39	74	-12.3675
38	75	-12.3675
9	14	-12.3637
8	15	-12.3637
57	64	-12.3617
56	65	-12.3617
5	92	-12.3587
4	93	-12.3587
38	41	-12.3574
39	40	-12.3574
49	94	12.3547
48	95	12.3547
15	66	-12.3497
14	67	-12.3497
8	31	-12.3468
9	30	-12.3468
57	62	-12.3447
56	63	-12.3447
34	97	-12.339
35	96	-12.339
29	34	-12.3358
28	35	-12.3358
6	27	-12.3357
7	26	-12.3357
31	64	-12.3223
30	65	-12.3223
65	78	12.3179
64	79	12.3179
36	53	-12.3176
37	52	-12.3176
3	44	-12.3099
2	45	-12.3099
21	96	-12.3018
20	97	-12.3018
19	48	12.2907
18	49	12.2907
35	40	-12.2861
34	41	-12.2861
0	77	12.2821
1	76	12.2821
13	96	-12.261
12	97	-12.261
63	66	12.2577
62	67	12.2577
20	57	-12.2565
21	56	-12.2565
20	51	12.253
21	50	12.253
7	80	12.2458
6	81	12.2458
4	27	12.2394
5	26	12.2394
2	5	-12.2249
3	4	-12.2249
33	62	12.2064
32	63	12.2064
63	92	12.1789
62	93	12.1789
25	70	-12.1759
24	71	-12.1759
9	48	12.1758
8	49	12.1758
39	44	-12.1755
38	45	-12.1755
8	71	12.1747
9	70	12.1747
20	35	12.1664
21	34	12.1664
15	20	-12.1591
14	21	-12.1591
3	14	-12.154
2	15	-12.154
4	81	-12.1467
5	80	-12.1467
4	75	12.1446
5	74	12.1446
42	65	12.1424
43	64	12.1424
12	23	-12.1378
13	22	-12.1378
2	37	-12.135
3	36	-12.135
31	52	-12.1328
30	53	-12.1328
30	79	-12.1233
31	78	-12.1233
11	56	-12.1225
10	57	-12.1225
19	90	-12.1209
18	91	-12.1209
92	97	-12.1126
93	96	-12.1126
38	57	-12.1052
39	56	-12.1052
32	83	-12.1034
33	82	-12.1034
3	50	12.0913
2	51	12.0913
63	94	12.0877
62	95	12.0877
62	79	12.0815
63	78	12.0815
52	87	-12.0749
53	86	-12.0749
14	55	-12.0737
15	54	-12.0737
19	68	12.0717
18	69	12.0717
63	64	12.0636
62	65	12.0636
39	78	12.061
38	79	12.061
38	59	-12.0508
39	58	-12.0508
79	82	-12.045
78	83	-12.045
14	87	12.0432
15	86	12.0432
7	92	12.0415
6	93	12.0415
24	53	-12.0409
25	52	-12.0409
68	95	12.0309
69	94	12.0309
21	26	-12.0306
20	27	-12.0306
9	38	12.0263
8	39	12.0263
12	65	12.0215
13	64	12.0215
9	26	-12.0074
8	27	-12.0074
19	76	-12.003
18	77	-12.003
43	70	11.993
42	71	11.993
50	67	11.9921
51	66	11.9921
22	93	-11.9912
23	92	-11.9912
78	97	-11.9895
79	96	-11.9895
3	84	-11.989
2	85	-11.989
51	60	-11.9826
50	61	-11.9826
83	90	11.9819
82	91	11.9819
62	91	-11.9744
63	90	-11.9744
49	70	11.9716
48	71	11.9716
80	99	-11.9656
81	98	-11.9656
53	76	-11.9619
52	77	-11.9619
76	89	11.9594
77	88	11.9594
42	69	11.937
43	68	11.937
2	47	11.9351
3	46	11.9351
32	55	11.931
33	54	11.931
23	58	11.9071
22	59	11.9071
50	87	-11.8964
51	86	-11.8964
31	80	-11.8959
30	81	-11.8959
12	39	11.8956
13	38	11.8956
44	77	11.89
45	76	11.89
5	52	-11.8782
4	53	-11.8782
20	31	-11.8543
21	30	-11.8543
58	65	-11.8488
59	64	-11.8488
16	81	-11.8354
17	80	-11.8354
65	96	-11.8323
64	97	-11.8323
51	82	-11.8274
50	83	-11.8274
50	59	-11.8252
51	58	-11.8252
53	84	-11.8232
52	85	-11.8232
85	86	11.822
84	87	11.822
39	60	-11.8186
38	61	-11.8186
55	58	-11.8139
54	59	-11.8139
33	50	11.8133
32	51	11.8133
74	85	11.8066
75	84	11.8066
60	91	11.774
61	90	11.774
28	57	11.7664
29	56	11.7664
55	60	-11.7658
54	61	-11.7658
4	43	-11.7658
5	42	-11.7658
41	96	11.7603
40	97	11.7603
22	61	11.7325
23	60	11.7325
38	43	11.7194
39	42	11.7194
26	71	-11.7141
27	70	-11.7141
90	95	-11.6926
91	94	-11.6926
61	64	-11.6925
60	65	-11.6925
12	99	-11.6922
13	98	-11.6922
27	42	-11.6866
26	43	-11.6866
41	80	-11.6823
40	81	-11.6823
92	99	-11.6702
93	98	-11.6702
28	45	11.6654
29	44	11.6654
28	87	11.6621
29	86	11.6621
15	72	11.6596
14	73	11.6596
43	48	11.6586
42	49	11.6586
69	70	11.6585
68	71	11.6585
16	93	-11.6502
17	92	-11.6502
3	24	-11.6501
2	25	-11.6501
34	87	-11.6491
35	86	-11.6491
33	64	11.6457
32	65	11.6457
15	60	11.6427
14	61	11.6427
32	91	-11.6422
33	90	-11.6422
80	97	-11.6366
81	96	-11.6366
9	34	11.6327
8	35	11.6327
51	54	11.6321
50	55	11.6321
59	90	11.6269
58	91	11.6269
5	10	-11.6265
4	11	-11.6265
28	71	-11.6196
29	70	-11.6196
5	66	-11.6148
4	67	-11.6148
13	16	-11.6131
12	17	-11.6131
38	63	11.5985
39	62	11.5985
12	51	11.5919
13	50	11.5919
41	92	-11.5862
40	93	-11.5862
73	90	11.5791
72	91	11.5791
55	76	-11.5779
54	77	-11.5779
86	93	-11.5733
87	92	-11.5733
17	96	11.5732
16	97	11.5732
17	58	11.5543
16	59	11.5543
5	68	-11.5483
4	69	-11.5483
76	95	-11.5402
77	94	-11.5402
24	87	11.536
25	86	11.536
5	48	-11.5306
4	49	-11.5306
6	77	-11.5264
7	76	-11.5264
5	70	-11.5254
4	71	-11.5254
59	98	11.5242
58	99	11.5242
33	38	11.5205
32	39	11.5205
45	52	-11.5142
44	53	-11.5142
1	14	11.5029
0	15	11.5029
15	58	11.4984
14	59	11.4984
27	94	-11.4942
26	95	-11.4942
14	33	-11.4884
15	32	-11.4884
37	74	11.478
36	75	11.478
14	39	-11.4683
15	38	-11.4683
22	79	-11.4678
23	78	-11.4678
11	28	-11.4591
10	29	-11.4591
19	26	-11.4565
18	27	-11.4565
7	90	-11.4537
6	91	-11.4537
14	65	-11.4478
15	64	-11.4478
56	85	11.4314
57	84	11.4314
22	33	-11.427
23	32	-11.427
29	74	11.4184
28	75	11.4184
28	67	-11.4018
29	66	-11.4018
12	41	-11.399
13	40	-11.399
97	98	11.3918
96	99	11.3918
20	81	11.3917
21	80	11.3917
41	58	11.3694
40	59	11.3694
24	75	11.3607
25	74	11.3607
66	79	11.3564
67	78	11.3564
60	99	11.3528
61	98	11.3528
30	41	11.3435
31	40	11.3435
17	60	11.3435
16	61	11.3435
38	91	-11.3323
39	90	-11.3323
54	87	-11.3141
55	86	-11.3141
11	30	-11.3127
10	31	-11.3127
0	91	11.3124
1	90	11.3124
63	70	11.312
62	71	11.312
4	9	-11.2918
5	8	-11.2918
19	86	-11.2837
18	87	-11.2837
34	43	11.2818
35	42	11.2818
35	76	-11.2788
34	77	-11.2788
12	67	11.2777
13	66	11.2777
38	51	11.2744
39	50	11.2744
12	15	-11.2592
13	14	-11.2592
3	48	11.2519
2	49	11.2519
31	66	-11.2496
30	67	-11.2496
2	69	11.2385
3	68	11.2385
12	91	-11.2263
13	90	-11.2263
37	86	11.2234
36	87	11.2234
78	91	-11.2181
79	90	-11.2181
50	73	-11.204
51	72	-11.204
50	65	11.1998
51	64	11.1998
10	53	11.1992
11	52	11.1992
54	91	-11.1938
55	90	-11.1938
17	30	11.1652
16	31	11.1652
40	61	11.1604
41	60	11.1604
58	67	-11.1551
59	66	-11.1551
90	93	-11.1533
91	92	-11.1533
20	93	11.1506
21	92	11.1506
50	53	11.1422
51	52	11.1422
3	34	11.1338
2	35	11.1338
78	99	-11.1231
79	98	-11.1231
77	84	11.1186
76	85	11.1186
34	91	-11.1174
35	90	-11.1174
66	91	-11.1168
67	90	-11.1168
66	77	-11.1089
67	76	-11.1089
76	93	-11.1028
77	92	-11.1028
36	57	11.0989
37	56	11.0989
64	91	-11.096
65	90	-11.096
23	96	11.0942
22	97	11.0942
27	30	11.0912
26	31	11.0912
17	78	-11.0911
16	79	-11.0911
38	77	-11.0886
39	76	-11.0886
5	20	-11.0815
4	21	-11.0815
70	91	-11.0803
71	90	-11.0803
1	50	-11.0774
0	51	-11.0774
7	78	11.0734
6	79	11.0734
50	79	11.0711
51	78	11.0711
29	88	11.0662
28	89	11.0662
30	71	-11.0644
31	70	-11.0644
7	12	11.064
6	13	11.064
32	99	-11.0589
33	98	-11.0589
80	95	11.0484
81	94	11.0484
24	57	11.0427
25	56	11.0427
14	53	-11.0425
15	52	-11.0425
15	88	11.0321
14	89	11.0321
66	97	-11.0228
67	96	-11.0228
65	76	-11.0209
64	77	-11.0209
52	89	-11.0185
53	88	-11.0185
46	75	-11.0177
47	74	-11.0177
7	86	-11.0177
6	87	-11.0177
19	96	-11.0125
18	97	-11.0125
31	48	-11.006
30	49	-11.006
10	77	-10.9908
11	76	-10.9908
31	98	10.9907
30	99	10.9907
17	32	-10.9899
16	33	-10.9899
41	78	-10.985
40	79	-10.985
61	66	-10.9843
60	67	-10.9843
89	90	10.979
88	91	10.979
11	96	-10.9771
10	97	-10.9771
4	47	-10.969
5	46	-10.969
9	80	10.9686
8	81	10.9686
12	21	10.9679
13	20	10.9679
4	25	10.9437
5	24	10.9437
18	81	10.9426
19	80	10.9426
10	87	-10.9379
11	86	-10.9379
93	94	10.9267
92	95	10.9267
5	6	-10.9065
4	7	-10.9065
70	97	-10.8948
71	96	-10.8948
52	73	-10.8947
53	72	-10.8947
33	66	10.8927
32	67	10.8927
70	81	10.892
71	80	10.892
87	94	-10.8853
86	95	-10.8853
2	29	-10.8767
3	28	-10.8767
81	86	-10.8652
80	87	-10.8652
70	93	10.8631
71	92	10.8631
95	96	-10.8484
94	97	-10.8484
11	14	-10.8437
10	15	-10.8437
25	76	10.8408
24	77	10.8408
14	79	-10.8322
15	78	-10.8322
32	41	-10.8319
33	40	-10.8319
7	58	-10.8188
6	59	-10.8188
8	93	10.8134
9	92	10.8134
4	95	-10.812
5	94	-10.812
71	76	-10.8077
70	77	-10.8077
27	96	10.7999
26	97	10.7999
6	31	-10.7987
7	30	-10.7987
45	90	10.7924
44	91	10.7924
7	96	-10.7909
6	97	-10.7909
19	92	10.7886
18	93	10.7886
3	26	-10.788
2	27	-10.788
19	30	-10.7864
18	31	-10.7864
59	70	-10.7754
58	71	-10.7754
47	86	-10.7696
46	87	-10.7696
31	68	-10.7663
30	69	-10.7663
82	97	10.7663
83	96	10.7663
39	86	-10.7597
38	87	-10.7597
31	94	-10.7535
30	95	-10.7535
3	52	10.7441
2	53	10.7441
80	91	-10.7359
81	90	-10.7359
22	31	10.7353
23	30	10.7353
37	76	10.7326
36	77	10.7326
64	87	-10.7272
65	86	-10.7272
8	13	10.7231
9	12	10.7231
48	97	-10.7224
49	96	-10.7224
4	37	10.7211
5	36	10.7211
0	53	-10.7156
1	52	-10.7156
6	33	10.7016
7	32	10.7016
21	78	10.7012
20	79	10.7012
6	61	-10.7009
7	60	-10.7009
47	56	-10.6958
46	57	-10.6958
26	87	10.6957
27	86	10.6957
50	89	-10.6943
51	88	-10.6943
10	91	-10.6858
11	90	-10.6858
66	87	-10.6838
67	86	-10.6838
14	45	10.6837
15	44	10.6837
7	28	-10.6776
6	29	-10.6776
5	54	-10.6743
4	55	-10.6743
29	72	10.6617
28	73	10.6617
1	28	10.6612
0	29	10.6612
34	75	-10.6602
35	74	-10.6602
20	59	-10.6595
21	58	-10.6595
5	18	-10.6517
4	19	-10.6517
78	87	-10.6482
79	86	-10.6482
35	56	-10.6469
34	57	-10.6469
62	97	-10.6378
63	96	-10.6378
29	94	-10.6334
28	95	-10.6334
53	56	-10.6279
52	57	-10.6279
5	84	10.6268
4	85	10.6268
42	81	10.6227
43	80	10.6227
21	60	-10.6207
20	61	-10.6207
31	54	-10.6119
30	55	-10.6119
21	32	10.6104
20	33	10.6104
40	53	-10.6005
41	52	-10.6005
5	40	10.5997
4	41	10.5997
52	75	-10.5893
53	74	-10.5893
11	50	10.581
10	51	10.581
55	96	-10.5795
54	97	-10.5795
42	93	10.5765
43	92	10.5765
76	79	-10.5718
77	78	-10.5718
28	55	-10.5653
29	54	-10.5653
73	96	10.5394
72	97	10.5394
68	97	-10.5357
69	96	-10.5357
76	81	-10.5347
77	80	-10.5347
9	58	-10.5291
8	59	-10.5291
56	61	10.5012
57	60	10.5012
60	77	10.501
61	76	10.501
33	76	-10.5003
32	77	-10.5003
60	71	-10.4965
61	70	-10.4965
16	53	-10.4895
17	52	-10.4895
52	83	-10.4871
53	82	-10.4871
68	75	-10.4839
69	74	-10.4839
5	16	10.4752
4	17	10.4752
8	61	-10.4737
9	60	-10.4737
49	86	-10.4735
48	87	-10.4735
30	83	10.4676
31	82	10.4676
52	63	10.4661
53	62	10.4661
68	87	-10.4615
69	86	-10.4615
51	80	10.4594
50	81	10.4594
53	70	10.4554
52	71	10.4554
42	53	10.4394
43	52	10.4394
31	62	-10.4372
30	63	-10.4372
56	59	10.4325
57	58	10.4325
59	76	10.4309
58	77	10.4309
27	74	10.4273
26	75	10.4273
12	43	10.4237
13	42	10.4237
45	50	-10.4225
44	51	-10.4225
26	51	-10.4212
27	50	-10.4212
8	79	10.4112
9	78	10.4112
31	46	-10.4061
30	47	-10.4061
33	56	-10.4052
32	57	-10.4052
47	76	-10.3929
46	77	-10.3929
52	95	10.384
53	94	10.384
48	75	-10.3817
49	74	-10.3817
8	33	10.3813
9	32	10.3813
5	98	10.3776
4	99	10.3776
28	63	-10.3721
29	62	-10.3721
50	93	10.3694
51	92	10.3694
52	65	10.3681
53	64	10.3681
18	29	-10.3663
19	28	-10.3663
19	52	10.3588
18	53	10.3588
28	43	-10.3523
29	42	-10.3523
61	74	10.3501
60	75	10.3501
51	68	10.3473
50	69	10.3473
3	80	10.3375
2	81	10.3375
79	94	10.3346
78	95	10.3346
13	70	10.3344
12	71	10.3344
1	96	10.3206
0	97	10.3206
13	94	10.3156
12	95	10.3156
13	18	10.3134
12	19	10.3134
84	91	10.3116
85	90	10.3116
71	86	-10.3087
70	87	-10.3087
43	58	-10.3079
42	59	-10.3079
19	78	10.3056
18	79	10.3056
14	81	-10.301
15	80	-10.301
30	73	10.3005
31	72	10.3005
58	95	-10.2993
59	94	-10.2993
53	54	10.296
52	55	10.296
32	75	-10.2947
33	74	-10.2947
28	83	10.293
29	82	10.293
26	57	10.2885
27	56	10.2885
58	75	10.2861
59	74	10.2861
38	53	10.2849
39	52	10.2849
56	69	-10.2834
57	68	-10.2834
15	92	-10.2763
14	93	-10.2763
15	84	10.2729
14	85	10.2729
24	31	10.269
25	30	10.269
14	27	10.2636
15	26	10.2636
12	57	-10.2632
13	56	-10.2632
43	60	-10.2611
42	61	-10.2611
2	93	10.2477
3	92	10.2477
12	77	-10.2445
13	76	-10.2445
27	76	10.2219
26	77	10.2219
23	52	-10.2216
22	53	-10.2216
5	22	10.2194
4	23	10.2194
53	98	-10.2186
52	99	-10.2186
4	45	10.2183
5	44	10.2183
9	52	10.2165
8	53	10.2165
46	97	-10.2136
47	96	-10.2136
56	93	-10.2135
57	92	-10.2135
70	79	10.2096
71	78	10.2096
49	56	-10.2093
48	57	-10.2093
14	35	-10.2034
15	34	-10.2034
15	68	-10.1959
14	69	-10.1959
18	59	-10.1895
19	58	-10.1895
14	37	10.1855
15	36	10.1855
42	79	10.1831
43	78	10.1831
48	51	10.1824
49	50	10.1824
12	75	-10.1824
13	74	-10.1824
60	95	-10.1812
61	94	-10.1812
30	37	10.1811
31	36	10.1811
25	90	10.1777
24	91	10.1777
50	85	-10.1751
51	84	-10.1751
14	25	10.1749
15	24	10.1749
35	50	10.1666
34	51	10.1666
44	97	10.1665
45	96	10.1665
32	43	10.1646
33	42	10.1646
49	76	-10.1628
48	77	-10.1628
8	29	-10.1625
9	28	-10.1625
88	97	10.1623
89	96	10.1623
20	29	-10.1607
21	28	-10.1607
32	87	-10.1605
33	86	-10.1605
19	32	10.1588
18	33	10.1588
27	90	10.1547
26	91	10.1547
24	97	10.1537
25	96	10.1537
24	51	-10.1493
25	50	-10.1493
36	51	-10.1478
37	50	-10.1478
57	78	-10.1474
56	79	-10.1474
75	92	-10.1473
74	93	-10.1473
36	91	10.1445
37	90	10.1445
1	30	10.1409
0	31	10.1409
33	94	10.1394
32	95	10.1394
5	62	-10.1364
4	63	-10.1364
68	77	-10.1328
69	76	-10.1328
18	61	-10.1259
19	60	-10.1259
3	12	10.1256
2	13	10.1256
31	84	10.1251
30	85	10.1251
53	66	10.1218
52	67	10.1218
47	50	10.1129
46	51	10.1129
6	53	10.107
7	52	10.107
33	70	10.0954
32	71	10.0954
29	40	10.0933
28	41	10.0933
48	91	-10.0908
49	90	-10.0908
14	47	-10.0865
15	46	-10.0865
16	29	10.0844
17	28	10.0844
31	44	10.0814
30	45	10.0814
2	33	10.0782
3	32	10.0782
74	79	-10.0752
75	78	-10.0752
85	96	10.0726
84	97	10.0726
23	28	10.0722
22	29	10.0722
4	83	10.0713
5	82	10.0713
37	96	10.069
36	97	10.069
14	49	-10.0681
15	48	-10.0681
69	90	-10.0575
68	91	-10.0575
57	80	-10.0562
56	81	-10.0562
4	89	10.0549
5	88	10.0549
60	87	10.0534
61	86	10.0534
59	86	10.0523
58	87	10.0523
21	52	10.0518
20	53	10.0518
3	78	10.0467
2	79	10.0467
30	89	10.043
31	88	10.043
28	99	10.0418
29	98	10.0418
74	81	-10.0389
75	80	-10.0389
5	72	10.0372
4	73	10.0372
2	61	-10.0273
3	60	-10.0273
47	90	-10.0181
46	91	-10.0181
3	58	-10.0176
2	59	-10.0176
13	86	-10.0134
12	87	-10.0134
0	5	10.0032
1	4	10.0032
16	40	1.99755
22	98	1.99521
24	84	1.99496
14	50	-1.99433
56	74	1.99352
0	88	1.99233
58	60	1.99179
30	96	1.99028
8	42	1.99007
38	64	1.98823
18	94	1.98747
16	98	1.98738
22	82	1.98562
8	20	1.98309
72	82	1.98148
80	92	1.98079
12	32	1.97992
0	82	1.97938
46	68	1.97909
6	66	1.97645
40	98	1.97597
16	22	1.97481
36	46	-1.97271
82	98	1.97226
44	84	1.96955
12	60	-1.96868
0	72	1.96842
6	94	1.96727
72	88	1.96705
4	30	1.96646
16	82	1.96438
78	80	1.96406
44	72	1.96124
24	26	1.9588
22	40	1.95749
82	88	1.95697
36	84	1.95591
36	68	-1.95502
76	86	1.95428
6	54	1.95411
64	66	1.95402
46	48	1.95365
70	94	1.95166
20	42	1.95084
24	44	1.9502
6	18	1.94987
24	36	1.94793
0	22	1.94766
40	82	1.94574
76	90	1.94514
48	68	1.94459
32	78	1.94039
44	88	1.93827
22	72	1.93779
2	42	1.93689
12	58	-1.93647
84	88	1.93575
16	72	1.93524
10	54	1.93357
78	92	1.93141
2	8	1.93109
54	66	1.93107
4	96	1.93004
36	88	1.93
66	70	1.92946
26	84	1.92649
10	64	1.92615
2	20	1.92532
48	80	1.92495
32	60	-1.92491
66	94	1.92419
72	98	1.92142
34	92	1.92033
40	72	1.91979
14	56	1.91918
90	96	1.91794
38	66	1.9168
0	98	1.91584
6	70	1.91486
0	44	1.90759
22	88	1.90606
72	84	1.90134
24	88	1.89817
34	80	1.89532
44	82	1.89505
18	70	1.89426
4	28	1.894
0	16	1.89328
12	68	1.89005
0	84	1.88818
14	74	1.88671
26	36	1.88599
0	36	1.88592
10	66	1.88455
12	78	1.8804
26	68	-1.87769
18	66	1.87718
20	62	1.87709
36	44	1.87694
6	64	1.87588
26	58	1.87521
24	68	-1.87434
50	56	-1.87386
32	58	-1.87231
10	38	1.87047
88	98	1.86856
54	64	1.86786
46	84	-1.86637
0	40	1.86427
36	48	-1.86388
68	84	-1.86246
24	46	-1.85999
24	72	1.85782
46	88	-1.85762
30	90	1.85754
32	80	1.85675
54	94	1.85604
16	88	1.85348
48	92	1.85347
48	78	1.85317
8	62	1.85209
34	48	1.85138
18	54	1.85114
6	10	1.84273
0	24	1.84122
26	44	1.83805
12	48	1.83714
26	60	1.83618
50	74	-1.83591
64	70	1.8332
36	72	1.83296
82	84	1.83039
40	88	1.82376
60	68	-1.82268
38	70	1.82059
52	78	1.82039
32	68	1.81948
16	44	1.81857
86	90	1.81646
6	38	1.81621
0	46	-1.81486
26	46	-1.81463
22	44	1.81357
12	80	1.8127
32	48	1.81248
0	54	-1.81177
58	68	-1.81014
22	54	-1.80719
76	96	1.80441
40	44	1.8031
12	26	-1.79896
68	80	1.79743
10	34	1.79687
12	46	1.79279
36	82	1.79075
68	88	-1.7892
42	62	1.7892
38	54	1.78909
42	86	-1.78825
44	98	1.78766
46	80	1.78078
64	94	1.77985
28	58	1.77513
24	82	1.77513
32	92	1.77432
42	76	-1.77429
54	70	1.77398
28	30	1.77161
54	82	-1.77012
54	98	-1.76878
68	78	1.76524
54	88	-1.76458
34	78	1.75958
60	78	-1.75858
44	46	-1.75579
26	88	1.75449
28	60	1.7484
10	46	1.7452
52	92	1.74361
10	48	1.74046
18	22	-1.73886
12	36	-1.73874
18	98	-1.73864
22	84	1.73528
30	76	1.7337
4	90	1.73225
44	68	-1.7322
38	94	1.73021
0	68	-1.72833
6	22	-1.72779
24	58	1.72668
46	72	-1.72226
18	74	-1.72195
28	96	1.72157
32	46	1.71989
32	52	1.71626
8	86	-1.71436
48	60	-1.71353
34	46	1.71137
18	64	1.71132
52	80	1.71112
40	74	1.70806
12	92	1.70762
74	98	1.70632
22	36	1.70597
2	76	-1.70596
24	48	-1.70489
46	78	1.70458
16	84	1.70451
48	84	-1.70414
6	98	-1.7036
46	60	-1.70327
0	10	-1.70087
46	82	-1.69664
10	94	1.69516
48	88	-1.69293
26	48	-1.69283
16	74	1.69281
26	72	1.69275
36	58	1.69262
84	98	1.6921
46	58	-1.6908
8	76	-1.69025
24	60	1.68934
12	24	-1.68767
68	92	1.68574
58	78	-1.68509
36	60	1.68325
26	32	-1.68193
46	92	1.68078
40	84	1.67869
0	26	1.67803
16	54	-1.67651
54	72	-1.67647
10	88	-1.67618
46	54	1.67382
48	58	-1.67343
22	24	1.67228
0	6	-1.67168
10	70	1.67079
86	96	1.67024
10	36	-1.66964
22	94	-1.66848
58	84	1.66797
34	64	1.66735
60	80	-1.66587
40	56	1.66497
10	18	1.66061
94	98	-1.66037
34	68	1.65887
6	82	-1.65882
36	54	-1.65795
68	72	-1.65496
18	56	-1.65481
2	62	1.65473
22	74	1.65228
16	18	-1.65054
56	98	1.64972
18	38	1.64911
36	98	1.64898
0	48	-1.64867
36	80	-1.64757
18	82	-1.64569
16	56	1.64485
12	84	-1.6436
34	38	1.64313
16	24	1.64265
2	86	-1.64265
32	36	-1.6384
40	54	-1.63555
60	84	1.63294
74	94	-1.63123
16	36	1.63038
2	90	-1.62853
24	98	1.62733
10	22	-1.6273
10	68	1.6268
18	40	-1.62526
42	90	-1.62124
22	46	-1.62039
24	40	1.61719
10	82	-1.61437
22	66	-1.61283
0	18	-1.61052
6	88	-1.6079
12	28	-1.60624
30	86	1.60416
68	82	-1.60394
6	16	-1.60338
20	86	-1.6021
58	80	-1.5978
36	40	1.59444
32	34	1.59303
12	52	1.59258
10	80	1.59209
22	56	1.59156
26	82	1.59109
48	54	1.59099
0	66	-1.5905
20	76	-1.5858
36	78	-1.58411
82	94	-1.58065
66	98	-1.58027
10	98	-1.57546
34	54	1.57473
44	48	-1.57023
28	32	-1.56972
10	92	1.56851
6	40	-1.56719
24	32	-1.567
4	76	1.56677
34	36	-1.5666
16	94	-1.56571
12	34	1.5644
56	94	-1.56411
0	94	-1.56269
54	84	-1.56159
46	98	-1.55746
66	82	-1.55386
60	92	-1.55168
44	54	-1.5505
74	82	1.54929
6	72	-1.5476
6	74	-1.54248
10	72	-1.54013
54	68	1.53919
36	92	-1.53819
66	88	-1.53714
40	94	-1.53704
48	72	-1.53612
18	88	-1.5332
8	90	-1.53094
26	78	-1.52897
18	72	-1.52617
32	84	-1.52465
16	46	-1.52338
44	58	1.51924
48	82	-1.51794
10	84	-1.51677
26	28	1.51494
22	68	-1.51267
48	64	1.51082
24	54	-1.50939
34	66	1.50855
26	80	-1.50844
46	64	1.50839
0	64	-1.50455
14	18	-1.50364
28	90	1.50188
52	60	-1.49431
88	94	-1.49105
22	70	-1.49091
56	82	1.49075
10	16	-1.48813
12	88	-1.4881
24	80	-1.48685
40	46	-1.48488
12	44	-1.48326
4	58	1.48269
10	24	-1.4803
58	92	-1.48002
22	64	-1.4794
34	52	1.4792
22	26	1.47906
36	62	-1.47902
16	66	-1.47814
80	84	-1.4778
44	60	1.47705
48	52	1.4759
70	98	-1.47471
6	56	-1.47405
6	46	1.47229
46	66	1.47101
62	86	-1.46978
62	88	-1.46913
64	88	-1.46812
4	60	1.46764
72	94	-1.46653
6	36	-1.46642
24	78	-1.46392
22	42	-1.46218
46	62	1.46091
58	88	1.45958
54	74	-1.45877
42	98	-1.45792
8	22	-1.45697
0	62	-1.45595
70	74	-1.45566
62	84	-1.45459
42	82	-1.45392
10	44	-1.45382
8	82	-1.4537
38	48	1.45362
18	50	1.45275
0	8	-1.4527
66	72	-1.45253
68	98	-1.45145
72	74	1.45142
22	48	-1.45033
80	88	-1.44843
16	26	1.448
10	40	-1.44788
34	88	-1.44642
8	98	-1.44544
20	54	1.4441
16	42	-1.4436
24	62	-1.4423
36	66	-1.44206
36	64	-1.44179
0	20	-1.44149
40	66	-1.44083
20	90	-1.43989
64	82	-1.43965
78	84	-1.43956
64	98	-1.43956
38	46	1.43826
60	88	1.43812
0	42	-1.43661
0	34	-1.43519
14	94	-1.43501
62	68	1.43377
8	88	-1.43364
40	42	-1.433
26	98	1.43189
0	74	1.43129
16	68	-1.43036
6	34	1.42763
20	22	-1.42753
8	72	-1.4266
2	18	1.42603
2	6	1.4258
42	72	-1.42579
4	86	1.42541
2	54	1.42485
0	70	-1.4244
20	88	-1.42404
44	62	-1.42396
26	40	1.42375
8	16	-1.42335
20	82	-1.42324
62	72	-1.42296
48	66	1.42173
34	60	-1.42143
52	58	-1.42037
70	82	-1.42028
66	74	-1.41876
10	78	1.41805
62	82	-1.41667
0	12	-1.41346
42	88	-1.41292
6	44	-1.41238
56	90	1.41235
0	38	-1.41026
8	40	-1.4082
2	94	1.40805
20	98	-1.408
40	86	1.40789
74	90	1.40557
0	80	-1.40511
2	22	-1.405
8	54	1.40297
56	72	1.39941
6	84	-1.39914
2	98	-1.3981
56	70	-1.3981
64	68	1.398
40	68	-1.39567
64	92	1.39537
40	76	1.39321
6	48	1.39293
10	20	1.39285
64	80	1.39217
48	62	1.39202
14	40	1.39188
54	56	-1.39167
16	86	1.39136
6	20	1.39112
50	94	1.39093
20	72	-1.39006
48	98	-1.38967
54	80	1.3896
22	62	-1.38862
26	92	-1.38825
10	26	-1.38788
26	62	-1.38597
22	38	-1.38515
32	88	-1.38514
2	96	-1.38449
52	68	1.38448
16	70	-1.3844
2	66	1.38275
34	84	-1.38172
14	98	1.38102
38	88	-1.37934
24	92	-1.37901
0	58	1.37893
16	76	1.37856
28	68	-1.37728
84	92	-1.37564
4	38	-1.37518
28	78	-1.3743
42	96	-1.37357
34	58	-1.37277
42	54	1.37219
16	20	-1.37212
14	16	1.37199
2	82	-1.37196
36	38	-1.37133
0	56	1.37127
32	44	-1.37122
18	44	-1.37049
70	88	-1.37045
26	54	-1.37037
10	12	1.37027
38	92	1.36963
62	76	-1.36908
24	34	-1.36899
56	76	1.36839
74	76	1.36733
88	92	-1.36626
62	98	-1.36547
8	44	-1.36512
58	72	1.3624
12	72	-1.36109
0	2	-1.36063
56	66	-1.36004
18	20	1.35991
0	60	1.3597
78	88	-1.35836
20	36	-1.35778
66	84	-1.35765
2	16	-1.35752
38	80	1.35713
44	80	-1.35701
20	66	1.35672
42	44	-1.35599
40	70	-1.35595
74	88	1.3557
64	72	-1.35547
76	98	1.35542
16	48	-1.35452
54	92	1.35172
20	40	-1.35162
6	24	-1.35111
4	12	-1.35025
86	98	1.35018
6	8	1.35008
4	32	-1.35003
54	62	1.34951
38	98	-1.3492
66	68	1.34813
16	62	-1.34764
38	82	-1.34743
16	64	-1.34717
44	66	-1.34542
38	68	1.3445
14	90	1.34339
20	46	1.34261
6	68	1.34256
18	36	-1.34249
30	58	1.34245
26	34	-1.34244
8	36	-1.34234
2	40	-1.34163
56	96	1.34068
20	94	1.3406
30	60	1.34031
8	18	1.33892
8	84	-1.3389
34	82	-1.33872
2	70	1.33572
10	62	1.33347
28	38	-1.33337
0	92	-1.333
70	72	-1.33272
20	44	-1.33241
18	42	1.33215
44	94	-1.33153
60	72	1.3315
2	10	1.33066
40	62	-1.32912
10	32	1.32897
8	10	1.32848
6	42	1.32818
14	22	1.32784
20	84	-1.32762
22	76	1.32697
22	86	1.32682
14	70	-1.32596
36	94	-1.32558
72	86	1.32502
24	28	1.32495
64	84	-1.32476
40	50	-1.32446
82	86	1.32389
2	88	-1.3236
40	48	-1.32173
50	62	1.32124
24	66	-1.32116
18	46	1.32065
50	90	-1.31958
2	30	-1.31915
0	32	-1.31801
34	72	-1.31773
18	84	-1.31736
72	80	-1.31716
2	72	-1.31648
20	64	1.31605
22	34	-1.31551
6	14	-1.31541
42	74	-1.31457
46	52	1.31456
50	98	-1.31455
46	94	1.31455
74	96	1.31444
44	78	-1.31352
42	84	-1.31299
40	64	-1.31299
2	64	1.31261
60	96	1.30977
8	94	1.3072
8	46	1.30682
16	50	-1.3056
58	96	1.3055
0	78	-1.30532
8	24	-1.30501
30	38	-1.30489
14	96	1.30391
30	42	-1.30269
40	90	1.30268
36	42	-1.30126
8	66	1.3011
24	64	-1.30073
2	74	-1.3007
56	88	1.30027
28	76	1.29966
30	56	1.29951
76	82	1.2984
50	70	1.29806
20	24	-1.2966
12	82	-1.29602
8	96	-1.29519
14	62	-1.29507
80	82	-1.29463
42	94	1.29436
84	94	-1.29366
34	44	-1.29291
42	56	-1.29264
28	80	-1.28982
4	34	-1.28891
56	86	1.28863
4	64	-1.28856
8	74	-1.28846
28	48	-1.28824
16	90	1.28762
50	96	-1.28518
74	86	1.2845
44	74	1.28423
10	42	1.28331
44	92	-1.2832
30	34	-1.27952
44	64	-1.27848
12	62	1.27834
58	82	1.27805
34	70	1.27711
24	42	-1.2769
90	98	1.27677
14	76	1.27598
10	60	-1.27584
34	98	-1.27515
2	38	1.27403
64	74	-1.27364
38	72	-1.27346
20	68	1.27324
14	30	1.27268
42	66	1.27212
34	94	1.2719
28	50	-1.27189
30	32	-1.27138
72	76	1.27132
44	86	1.27013
6	50	1.26981
30	74	1.26955
66	80	1.26948
10	58	-1.26914
20	48	1.26821
20	38	1.26812
28	46	-1.2679
2	56	-1.26749
38	84	-1.2672
18	24	-1.26655
28	84	1.26571
8	56	-1.26538
22	50	-1.26516
16	38	-1.26507
20	70	1.2647
32	72	-1.26424
62	80	1.26385
28	36	1.2634
26	52	-1.26137
6	62	1.26052
0	86	1.26008
72	92	-1.25997
14	28	1.2597
34	62	1.25876
36	70	-1.25872
4	14	1.25869
66	92	1.258
10	74	-1.25779
42	46	1.25686
32	96	-1.2566
30	50	-1.25642
44	70	-1.25597
60	82	1.25533
52	90	-1.25525
46	70	1.25474
26	64	-1.25457
24	38	-1.25377
50	76	-1.25373
20	74	-1.25157
4	50	-1.25059
24	94	-1.25031
12	30	-1.2495
8	64	1.24918
28	64	-1.24909
4	56	1.24877
28	52	-1.24768
58	62	-1.24696
12	54	1.24672
4	78	-1.24608
38	96	-1.24538
14	42	-1.24452
16	34	-1.24448
22	90	1.24383
82	92	-1.24322
72	78	-1.24317
42	50	1.24306
54	78	1.24236
28	92	-1.24234
44	56	1.2421
8	68	1.24164
62	74	-1.24119
86	88	1.24089
8	50	1.24079
18	34	1.24041
60	62	-1.24028
70	84	-1.23974
26	38	-1.23953
22	80	-1.23912
18	62	1.23797
14	82	1.23747
26	66	-1.23734
52	96	-1.23724
30	92	-1.23706
38	74	-1.23675
8	14	-1.23637
56	64	-1.23617
4	92	-1.23587
38	40	-1.23574
48	94	1.23547
14	66	-1.23497
8	30	-1.23468
56	62	-1.23447
34	96	-1.2339
28	34	-1.23358
6	26	-1.23357
30	64	-1.23223
64	78	1.23179
36	52	-1.23176
2	44	-1.23099
20	96	-1.23018
18	48	1.22907
34	40	-1.22861
0	76	1.22821
12	96	-1.2261
62	66	1.22577
20	56	-1.22565
20	50	1.2253
6	80	1.22458
4	26	1.22394
2	4	-1.22249
32	62	1.22064
62	92	1.21789
24	70	-1.21759
8	48	1.21758
38	44	-1.21755
8	70	1.21747
20	34	1.21664
14	20	-1.21591
2	14	-1.2154
4	80	-1.21467
4	74	1.21446
42	64	1.21424
12	22	-1.21378
2	36	-1.2135
30	52	-1.21328
30	78	-1.21233
10	56	-1.21225
18	90	-1.21209
92	96	-1.21126
38	56	-1.21052
32	82	-1.21034
2	50	1.20913
62	94	1.20877
62	78	1.20815
52	86	-1.20749
14	54	-1.20737
18	68	1.20717
62	64	1.20636
38	78	1.2061
38	58	-1.20508
78	82	-1.2045
14	86	1.20432
6	92	1.20415
24	52	-1.20409
68	94	1.20309
20	26	-1.20306
8	38	1.20263
12	64	1.20215
8	26	-1.20074
18	76	-1.2003
42	70	1.1993
50	66	1.19921
22	92	-1.19912
78	96	-1.19895
2	84	-1.1989
50	60	-1.19826
82	90	1.19819
62	90	-1.19744
48	70	1.19716
80	98	-1.19656
52	76	-1.19619
76	88	1.19594
42	68	1.1937
2	46	1.19351
32	54	1.1931
22	58	1.19071
50	86	-1.18964
30	80	-1.18959
12	38	1.18956
44	76	1.189
4	52	-1.18782
20	30	-1.18543
58	64	-1.18488
16	80	-1.18354
64	96	-1.18323
50	82	-1.18274
50	58	-1.18252
52	84	-1.18232
84	86	1.1822
38	60	-1.18186
54	58	-1.18139
32	50	1.18133
74	84	1.18066
60	90	1.1774
28	56	1.17664
54	60	-1.17658
4	42	-1.17658
40	96	1.17603
22	60	1.17325
38	42	1.17194
26	70	-1.17141
90	94	-1.16926
60	64	-1.16925
12	98	-1.16922
26	42	-1.16866
40	80	-1.16823
92	98	-1.16702
28	44	1.16654
28	86	1.16621
14	72	1.16596
42	48	1.16586
68	70	1.16585
16	92	-1.16502
2	24	-1.16501
34	86	-1.16491
32	64	1.16457
14	60	1.16427
32	90	-1.16422
80	96	-1.16366
8	34	1.16327
50	54	1.16321
58	90	1.16269
4	10	-1.16265
28	70	-1.16196
4	66	-1.16148
12	16	-1.16131
38	62	1.15985
12	50	1.15919
40	92	-1.15862
72	90	1.15791
54	76	-1.15779
86	92	-1.15733
16	96	1.15732
16	58	1.15543
4	68	-1.15483
76	94	-1.15402
24	86	1.1536
4	48	-1.15306
6	76	-1.15264
4	70	-1.15254
58	98	1.15242
32	38	1.15205
44	52	-1.15142
0	14	1.15029
14	58	1.14984
26	94	-1.14942
14	32	-1.14884
36	74	1.1478
14	38	-1.14683
22	78	-1.14678
10	28	-1.14591
18	26	-1.14565
6	90	-1.14537
14	64	-1.14478
56	84	1.14314
22	32	-1.1427
28	74	1.14184
28	66	-1.14018
12	40	-1.1399
96	98	1.13918
20	80	1.13917
40	58	1.13694
24	74	1.13607
66	78	1.13564
60	98	1.13528
30	40	1.13435
16	60	1.13435
38	90	-1.13323
54	86	-1.13141
10	30	-1.13127
0	90	1.13124
62	70	1.1312
4	8	-1.12918
18	86	-1.12837
34	42	1.12818
34	76	-1.12788
12	66	1.12777
38	50	1.12744
12	14	-1.12592
2	48	1.12519
30	66	-1.12496
2	68	1.12385
12	90	-1.12263
36	86	1.12234
78	90	-1.12181
50	72	-1.1204
50	64	1.11998
10	52	1.11992
54	90	-1.11938
16	30	1.11652
40	60	1.11604
58	66	-1.11551
90	92	-1.11533
20	92	1.11506
50	52	1.11422
2	34	1.11338
78	98	-1.11231
76	84	1.11186
34	90	-1.11174
66	90	-1.11168
66	76	-1.11089
76	92	-1.11028
36	56	1.10989
64	90	-1.1096
22	96	1.10942
26	30	1.10912
16	78	-1.10911
38	76	-1.10886
4	20	-1.10815
70	90	-1.10803
0	50	-1.10774
6	78	1.10734
50	78	1.10711
28	88	1.10662
30	70	-1.10644
6	12	1.1064
32	98	-1.10589
80	94	1.10484
24	56	1.10427
14	52	-1.10425
14	88	1.10321
66	96	-1.10228
64	76	-1.10209
52	88	-1.10185
46	74	-1.10177
6	86	-1.10177
18	96	-1.10125
30	48	-1.1006
10	76	-1.09908
30	98	1.09907
16	32	-1.09899
40	78	-1.0985
60	66	-1.09843
88	90	1.0979
10	96	-1.09771
4	46	-1.0969
8	80	1.09686
12	20	1.09679
4	24	1.09437
18	80	1.09426
10	86	-1.09379
92	94	1.09267
4	6	-1.09065
70	96	-1.08948
52	72	-1.08947
32	66	1.08927
70	80	1.0892
86	94	-1.08853
2	28	-1.08767
80	86	-1.08652
70	92	1.08631
94	96	-1.08484
10	14	-1.08437
24	76	1.08408
14	78	-1.08322
32	40	-1.08319
6	58	-1.08188
8	92	1.08134
4	94	-1.0812
70	76	-1.08077
26	96	1.07999
6	30	-1.07987
44	90	1.07924
6	96	-1.07909
18	92	1.07886
2	26	-1.0788
18	30	-1.07864
58	70	-1.07754
46	86	-1.07696
30	68	-1.07663
82	96	1.07663
38	86	-1.07597
30	94	-1.07535
2	52	1.07441
80	90	-1.07359
22	30	1.07353
36	76	1.07326
64	86	-1.07272
8	12	1.07231
48	96	-1.07224
4	36	1.07211
0	52	-1.07156
6	32	1.07016
20	78	1.07012
6	60	-1.07009
46	56	-1.06958
26	86	1.06957
50	88	-1.06943
10	90	-1.06858
66	86	-1.06838
14	44	1.06837
6	28	-1.06776
4	54	-1.06743
28	72	1.06617
0	28	1.06612
34	74	-1.06602
20	58	-1.06595
4	18	-1.06517
78	86	-1.06482
34	56	-1.06469
62	96	-1.06378
28	94	-1.06334
52	56	-1.06279
4	84	1.06268
42	80	1.06227
20	60	-1.06207
30	54	-1.06119
20	32	1.06104
40	52	-1.06005
4	40	1.05997
52	74	-1.05893
10	50	1.0581
54	96	-1.05795
42	92	1.05765
76	78	-1.05718
28	54	-1.05653
72	96	1.05394
68	96	-1.05357
76	80	-1.05347
8	58	-1.05291
56	60	1.05012
60	76	1.0501
32	76	-1.05003
60	70	-1.04965
16	52	-1.04895
52	82	-1.04871
68	74	-1.04839
4	16	1.04752
8	60	-1.04737
48	86	-1.04735
30	82	1.04676
52	62	1.04661
68	86	-1.04615
50	80	1.04594
52	70	1.04554
42	52	1.04394
30	62	-1.04372
56	58	1.04325
58	76	1.04309
26	74	1.04273
12	42	1.04237
44	50	-1.04225
26	50	-1.04212
8	78	1.04112
30	46	-1.04061
32	56	-1.04052
46	76	-1.03929
52	94	1.0384
48	74	-1.03817
8	32	1.03813
4	98	1.03776
28	62	-1.03721
50	92	1.03694
52	64	1.03681
18	28	-1.03663
18	52	1.03588
28	42	-1.03523
60	74	1.03501
50	68	1.03473
2	80	1.03375
78	94	1.03346
12	70	1.03344
0	96	1.03206
12	94	1.03156
12	18	1.03134
84	90	1.03116
70	86	-1.03087
42	58	-1.03079
18	78	1.03056
14	80	-1.0301
30	72	1.03005
58	94	-1.02993
52	54	1.0296
32	74	-1.02947
28	82	1.0293
26	56	1.02885
58	74	1.02861
38	52	1.02849
56	68	-1.02834
14	92	-1.02763
14	84	1.02729
24	30	1.0269
14	26	1.02636
12	56	-1.02632
42	60	-1.02611
2	92	1.02477
12	76	-1.02445
26	76	1.02219
22	52	-1.02216
4	22	1.02194
52	98	-1.02186
4	44	1.02183
8	52	1.02165
46	96	-1.02136
56	92	-1.02135
70	78	1.02096
48	56	-1.02093
14	34	-1.02034
14	68	-1.01959
18	58	-1.01895
14	36	1.01855
42	78	1.01831
48	50	1.01824
12	74	-1.01824
60	94	-1.01812
30	36	1.01811
24	90	1.01777
50	84	-1.01751
14	24	1.01749
34	50	1.01666
44	96	1.01665
32	42	1.01646
48	76	-1.01628
8	28	-1.01625
88	96	1.01623
20	28	-1.01607
32	86	-1.01605
18	32	1.01588
26	90	1.01547
24	96	1.01537
24	50	-1.01493
36	50	-1.01478
56	78	-1.01474
74	92	-1.01473
36	90	1.01445
0	30	1.01409
32	94	1.01394
4	62	-1.01364
68	76	-1.01328
18	60	-1.01259
2	12	1.01256
30	84	1.01251
52	66	1.01218
46	50	1.01129
6	52	1.0107
32	70	1.00954
28	40	1.00933
48	90	-1.00908
14	46	-1.00865
16	28	1.00844
30	44	1.00814
2	32	1.00782
74	78	-1.00752
84	96	1.00726
22	28	1.00722
4	82	1.00713
36	96	1.0069
14	48	-1.00681
68	90	-1.00575
56	80	-1.00562
4	88	1.00549
60	86	1.00534
58	86	1.00523
20	52	1.00518
2	78	1.00467
30	88	1.0043
28	98	1.00418
74	80	-1.00389
4	72	1.00372
2	60	-1.00273
46	90	-1.00181
2	58	-1.00176
12	86	-1.00134
0	4	1.00032
