53	95	199.976
5	37	199.361
47	87	199.243
37	69	199.206
23	91	199.122
55	67	199.059
53	99	198.957
95	99	198.928
83	93	198.876
9	31	198.727
59	75	198.711
23	71	198.564
21	41	198.563
25	91	198.112
41	57	197.892
93	95	197.803
5	69	197.593
31	45	197.477
53	93	197.333
27	39	-197.271
5	67	197.245
37	51	197.219
19	25	-197.162
13	33	196.971
19	73	196.727
93	99	196.503
23	25	196.14
71	91	196.038
57	75	195.867
81	85	195.798
5	55	195.776
51	69	195.767
21	57	195.612
39	43	195.365
81	89	195.361
13	29	195.219
5	51	195.199
37	67	195.108
83	99	195.105
83	95	194.832
17	29	194.746
13	47	194.636
27	41	194.606
9	89	194.457
19	91	-194.426
53	83	194.206
49	63	194.1
17	87	194.036
21	75	193.964
67	69	193.914
9	45	193.63
17	47	193.475
17	79	193.453
91	99	193.446
61	71	193.372
29	79	192.939
23	61	192.731
43	81	192.495
53	91	192.457
37	55	192.347
41	75	192.194
17	51	192.137
57	59	191.725
91	95	191.68
19	53	-191.479
27	57	191.24
23	99	191.142
11	35	191.096
7	59	-190.8
19	95	-190.716
71	99	190.446
13	87	190.379
25	71	190.297
39	57	-190.195
55	69	189.704
19	23	-189.681
39	41	-189.635
9	81	189.598
29	47	189.521
31	89	189.483
51	79	189.217
13	17	189.098
21	27	188.599
23	53	188.526
33	47	188.46
25	73	-188.321
53	73	-188.17
19	99	-187.987
1	33	187.926
61	91	187.846
25	53	187.844
23	95	187.685
73	95	-187.659
9	85	187.655
21	59	187.521
25	99	187.043
43	89	187.018
25	95	186.833
29	87	186.501
39	65	186.496
69	79	186.471
85	89	186.399
27	43	-186.388
7	89	186.158
29	33	186.123
51	67	185.949
53	71	185.849
25	61	185.653
41	59	185.422
71	95	185.15
49	97	184.505
7	75	-184.434
73	91	-184.4
43	57	-184.319
7	63	-183.838
27	61	183.765
37	79	183.428
51	55	183.043
91	93	182.486
33	87	182.481
3	65	182.39
27	65	-182.307
19	71	-182.2
73	99	-181.887
25	65	-181.807
31	81	181.797
51	87	181.685
17	37	181.604
21	39	-181.463
43	85	181.26
19	93	-181.217
43	65	181.203
17	69	181.015
19	65	180.891
31	85	180.616
47	77	-180.54
77	97	180.441
73	93	-180.193
41	61	179.857
1	13	179.806
15	59	179.394
33	77	-179.009
13	79	178.873
41	43	-178.682
83	91	178.668
21	61	178.542
7	9	178.484
45	89	178.405
77	87	-178.301
29	51	178.198
23	93	178.171
39	81	178.078
15	49	177.77
7	31	177.76
27	75	177.677
47	79	177.462
23	73	-177.378
25	27	177.354
5	79	177.353
47	51	177.339
79	87	177.171
3	73	177.166
71	93	177.164
7	57	-176.896
5	17	176.703
7	49	-176.557
57	89	-176.474
17	33	176.421
71	83	176.378
65	73	176.253
15	75	175.938
39	75	-175.585
25	93	175.514
23	83	175.415
59	89	-174.266
19	83	-174.222
39	89	173.884
45	85	173.8
13	77	-173.746
23	27	172.914
19	61	-172.81
63	97	172.769
73	83	-171.827
61	99	171.811
75	89	-171.481
45	81	171.112
39	61	-171.02
9	43	171.005
65	91	-170.747
43	75	-170.622
27	91	170.331
1	29	169.89
25	83	169.875
25	39	-169.822
57	81	-169.482
7	81	169.47
21	43	-169.283
27	59	169.262
39	59	-169.08
3	19	168.988
71	73	-168.697
57	61	167.837
37	87	167.627
29	69	167.415
43	59	-167.343
27	71	167.326
23	65	-167.057
53	61	166.999
49	59	166.892
13	51	166.39
7	45	166.387
67	79	166.226
29	37	165.869
61	95	165.838
19	27	-165.327
7	15	-165.087
59	63	165.056
41	89	-164.873
7	41	-164.828
27	81	-164.757
69	87	164.644
7	21	-164.6
7	43	164.355
33	79	164.042
5	87	163.81
15	21	163.64
31	63	-163.268
41	65	-163.216
39	85	163.196
27	89	-162.675
37	47	162.346
17	67	162.072
15	63	161.832
23	39	-161.755
65	81	161.712
61	65	-161.383
1	47	161.047
31	43	160.999
11	83	160.941
57	65	-160.684
39	91	-160.429
25	41	160.392
23	41	160.272
47	69	160.125
55	79	159.794
59	81	-159.78
3	25	-159.651
19	39	159.65
41	81	-159.576
11	93	159.502
5	29	159.244
75	81	-159.039
21	89	-158.606
17	77	-158.58
15	57	158.461
9	63	-158.149
45	63	-158.108
17	55	157.983
5	47	157.792
9	59	-157.755
41	71	157.414
61	73	-156.964
65	71	-156.895
7	39	156.678
49	75	156.677
29	77	-156.617
9	57	-156.355
1	63	-156.312
61	75	156.255
63	89	-156.126
21	23	156.105
53	65	-155.579
7	85	155.527
41	91	155.251
15	41	155.048
39	71	-154.889
21	71	154.834
31	59	-154.407
61	93	154.295
65	95	-154.293
63	75	154.211
33	97	-154.182
15	97	153.979
65	85	153.853
21	25	153.78
9	39	153.674
1	87	153.284
21	65	-153.243
9	75	-153.164
25	43	-153.018
1	77	-152.989
61	83	152.442
43	61	-152.239
65	99	-152.043
27	73	-151.303
1	17	151.203
13	37	151.004
13	69	150.959
7	27	-150.93
3	39	150.862
21	81	-150.844
57	85	-150.832
35	55	-150.773
21	91	150.135
25	57	150.11
33	51	149.965
31	57	-149.66
55	57	-149.35
49	77	149.33
5	39	149.265
39	67	148.954
31	75	-148.888
27	85	-148.852
37	39	148.833
35	67	-148.734
3	91	-148.672
5	35	-148.448
43	67	148.415
5	27	-148.409
3	43	148.389
23	57	148.022
39	69	147.929
39	55	147.852
67	87	147.784
65	89	147.728
39	73	147.677
41	55	-147.664
43	45	147.59
27	37	-147.225
27	55	-147.077
43	69	147.008
57	67	-146.931
65	79	146.866
3	53	-146.621
27	67	-146.446
11	95	146.372
63	77	146.231
33	63	-146.202
87	91	-146.155
25	87	-146.013
19	41	-146.01
27	51	-145.992
3	27	-145.937
35	37	-145.931
1	79	145.928
27	99	145.924
65	69	145.914
3	95	-145.896
37	43	145.871
5	43	145.858
55	87	145.709
43	55	145.66
39	51	145.586
13	73	145.344
19	47	145.305
59	61	145.275
23	87	-145.246
51	65	145.151
25	47	-145.134
5	13	145.032
47	91	-145
11	53	144.966
21	55	-144.804
27	53	144.742
55	75	-144.709
19	43	144.686
31	49	-144.679
41	67	-144.672
9	41	-144.621
17	19	144.586
29	67	144.579
17	25	-144.577
27	69	-144.55
57	71	144.532
19	87	144.526
5	41	-144.525
49	89	-144.434
37	65	144.379
5	57	-144.358
11	55	-144.327
1	45	144.126
31	39	144.016
3	79	143.845
17	65	143.767
29	73	143.722
13	19	143.719
23	43	-143.699
57	91	143.664
77	83	143.623
27	95	143.298
23	47	-143.253
47	53	-143.13
35	51	-143.082
43	91	-142.908
33	73	142.887
71	87	-142.874
35	69	-142.827
47	95	-142.785
13	97	-142.775
65	75	-142.649
53	87	-142.383
87	99	-142.226
47	99	-142.219
17	73	142.121
59	85	-142.117
55	59	-142.116
77	99	142.108
45	59	-142.037
9	27	-142.024
1	49	-141.993
87	95	-141.993
47	73	141.991
3	29	141.963
3	23	-141.939
9	49	-141.879
77	93	141.849
47	97	-141.817
19	29	141.802
25	51	-141.752
5	65	141.743
11	99	141.664
47	67	141.647
41	85	-141.633
65	93	-141.609
67	81	141.523
37	41	-141.432
11	67	-141.304
37	57	-141.134
67	89	141.089
7	97	-140.984
17	91	-140.669
75	85	-140.655
67	75	-140.649
21	67	-140.638
1	97	-140.601
29	65	140.585
47	71	-140.373
77	95	140.326
5	21	-140.287
53	77	140.083
57	63	139.94
43	51	139.723
9	21	-139.702
11	63	139.697
73	87	139.678
19	33	139.658
33	53	-139.638
55	89	139.615
33	95	-139.605
29	55	139.557
49	57	139.501
3	99	-139.475
13	25	-139.283
77	79	-139.27
13	53	-139.204
19	21	-139.169
47	55	139.08
13	95	-138.928
19	51	138.862
51	77	-138.822
33	49	-138.773
61	87	-138.685
47	93	-138.613
17	23	-138.578
65	67	138.493
41	51	-138.265
31	41	-138.214
57	69	-138.131
59	67	-138.122
3	93	-137.977
55	81	137.966
69	81	137.966
25	29	-137.954
45	49	-137.932
5	11	-137.784
33	93	-137.754
87	93	-137.634
63	81	-137.582
43	71	-137.526
41	69	-137.523
87	97	-137.502
11	49	137.482
13	91	-137.366
51	91	-137.278
73	79	137.211
51	61	-137.011
45	75	-137
45	57	-136.998
19	57	-136.814
25	37	-136.724
21	37	-136.579
23	51	-136.563
39	99	-136.562
39	53	-136.421
19	79	136.314
7	35	-136.276
33	99	-136.269
5	75	-136.15
5	25	-136.144
13	99	-135.945
17	27	-135.778
47	83	-135.755
35	63	135.622
51	57	-135.61
59	65	-135.595
5	81	135.571
1	31	135.53
15	89	-135.491
37	81	135.399
43	73	135.353
65	83	-135.271
83	87	-135.269
71	77	135.269
17	53	-135.217
15	27	135.169
39	95	-135.052
13	93	-135.006
7	55	134.915
39	79	134.846
5	61	-134.83
21	31	-134.804
55	65	134.747
47	61	-134.679
17	95	-134.672
11	37	-134.583
33	37	134.489
51	73	134.462
3	17	134.444
25	79	-134.33
21	49	134.312
33	69	134.308
77	91	134.294
3	81	134.268
17	39	134.261
25	69	-134.194
3	85	134.014
19	37	133.984
33	83	-133.794
13	23	-133.735
25	33	-133.694
27	31	-133.66
23	75	133.658
17	71	-133.628
25	75	133.619
23	77	133.602
21	51	-133.534
83	97	133.46
33	91	-133.447
3	13	133.416
21	85	-133.41
17	61	-133.359
65	87	133.294
67	85	133.267
29	91	-133.188
35	49	133.057
37	61	-133.037
5	89	132.991
17	99	-132.97
35	83	132.923
47	65	132.809
17	35	-132.803
1	73	132.737
5	19	132.702
15	39	-132.7
55	61	-132.663
19	69	132.64
7	67	132.636
11	73	-132.48
43	79	132.43
69	89	132.263
21	69	-132.13
35	59	132.099
69	85	132.059
3	71	-132.055
41	73	-131.998
61	81	-131.992
5	59	-131.969
27	79	-131.951
51	71	-131.937
37	75	-131.921
13	65	131.877
35	87	-131.828
71	75	131.819
5	91	-131.746
11	69	-131.702
41	99	131.689
37	91	-131.639
5	23	-131.482
39	45	131.456
3	61	-131.361
29	53	-131.246
63	85	-131.231
35	93	131.199
25	55	-131.194
37	89	131.141
21	63	131.097
9	65	131.063
3	83	-130.984
25	67	-130.977
23	37	-130.922
11	51	-130.779
29	95	-130.775
27	87	-130.604
59	97	130.55
13	83	-130.549
69	73	130.51
37	73	130.458
3	69	130.401
15	43	-130.311
3	41	-130.188
25	81	-130.12
9	67	130.116
27	93	130.099
13	63	-130.065
41	49	130.015
61	89	-129.996
13	67	129.928
93	97	129.664
23	29	-129.657
61	67	-129.545
23	33	-129.502
7	11	-129.479
13	71	-129.45
49	81	-129.441
35	47	-129.332
41	53	129.26
19	77	-129.253
51	53	-129.188
5	33	129.156
17	93	-129.003
75	91	128.853
55	85	128.813
25	77	128.802
41	63	128.753
51	95	-128.666
69	75	-128.631
5	73	128.59
37	85	128.543
19	67	128.533
9	55	128.411
69	91	-128.248
3	51	128.246
35	75	128.106
61	69	-128.06
29	97	-128.026
41	95	128.016
21	99	127.971
55	91	-127.933
23	55	-127.919
5	85	127.919
41	45	-127.887
19	55	127.865
79	91	-127.697
11	97	127.694
37	59	-127.656
3	33	127.6
35	79	-127.592
3	57	-127.579
51	99	-127.568
29	99	-127.486
3	15	-127.404
5	71	-127.222
43	63	-126.983
23	69	-126.956
51	81	126.91
27	47	-126.865
17	43	126.821
1	7	126.721
67	91	-126.581
3	37	126.422
13	55	126.387
37	71	-126.176
33	71	-126.175
21	45	-126.137
27	83	126.046
73	77	-126.011
23	67	-125.985
21	73	-125.952
67	73	125.929
39	87	125.736
1	51	125.73
1	9	125.726
1	3	125.625
3	21	-125.528
51	75	-125.461
29	93	-125.419
31	97	-125.399
37	77	-125.325
3	47	125.219
49	85	-125.109
21	53	125.005
59	69	-124.926
23	79	-124.865
17	83	-124.842
11	87	-124.784
5	53	-124.784
17	41	-124.77
11	19	-124.715
31	67	124.703
13	49	-124.701
7	65	124.663
15	81	-124.656
1	19	124.654
25	59	124.492
37	53	-124.45
5	95	-124.429
57	73	-124.416
55	71	-124.388
27	29	-124.344
55	73	124.32
11	77	124.276
15	61	124.233
29	39	124.208
29	71	-124.206
23	81	-124.142
85	97	-124.117
23	59	124.087
11	47	-124.04
37	95	-124.033
97	99	124
9	15	-123.995
51	93	-123.904
21	95	123.874
61	85	-123.816
53	55	-123.783
45	97	-123.724
1	95	-123.687
31	55	123.667
55	95	-123.659
69	77	-123.616
1	53	-123.597
11	33	-123.549
19	81	123.535
15	31	-123.491
5	7	123.454
9	97	-123.388
95	97	123.362
25	85	-123.278
27	45	-123.176
11	17	-123.162
5	99	-123.071
55	93	-123.068
1	93	-123.047
17	97	-123.018
7	61	-122.979
13	61	-122.897
13	35	-122.884
29	35	-122.864
39	93	-122.846
81	91	-122.807
43	49	-122.791
3	87	122.711
53	97	122.694
43	99	-122.615
33	65	122.615
43	53	-122.579
39	47	122.574
53	79	-122.573
61	77	122.458
37	99	-122.408
35	89	-122.372
59	71	122.369
3	5	122.336
5	77	-122.188
53	67	-122.172
35	57	122.122
75	97	122.114
55	99	-122.056
79	95	-122.033
29	61	-122.014
67	95	-121.982
25	89	-121.941
15	55	-121.94
15	35	121.892
31	65	121.842
69	71	-121.775
79	81	121.771
67	71	-121.746
53	69	-121.701
71	81	-121.606
51	89	121.597
19	75	-121.585
5	93	-121.547
43	95	-121.484
57	99	121.47
5	9	121.395
33	35	-121.359
9	69	121.331
69	95	-121.281
51	85	121.206
41	87	-121.193
11	59	121.145
35	77	121.117
41	79	-121.042
61	79	-121.024
1	15	-120.92
11	91	120.902
11	13	-120.792
55	83	-120.703
67	93	-120.666
37	93	-120.466
51	83	-120.462
29	83	-120.449
17	57	-120.412
17	21	-120.306
47	63	-120.3
35	95	120.294
51	59	-120.288
33	45	120.089
59	91	119.996
23	85	-119.901
71	85	-119.879
67	99	-119.867
49	83	119.847
53	57	119.827
7	37	119.798
9	37	119.738
89	97	-119.725
35	97	119.717
3	67	119.64
45	77	-119.619
39	63	-119.52
57	79	-119.342
1	99	-119.322
11	15	119.299
35	53	119.244
3	89	119.197
79	99	-119.148
3	75	-119.143
79	85	119.14
69	99	-119.118
71	79	-119.046
9	61	-119.037
39	83	-118.984
7	69	118.815
1	83	-118.801
57	95	118.748
29	43	118.658
63	83	118.619
85	91	-118.572
5	83	-118.569
19	85	118.488
13	27	-118.307
63	93	118.218
15	67	-117.959
23	89	-117.959
21	87	-117.957
47	49	-117.82
49	93	117.81
67	83	-117.695
69	93	-117.62
39	49	-117.508
21	35	117.504
11	79	-117.451
45	67	117.345
31	35	-117.326
41	93	117.313
1	11	-117.247
9	35	-117.242
37	83	-117.108
73	81	117.088
33	61	-117.054
79	97	-117.003
35	99	116.917
41	47	-116.893
11	23	116.863
11	71	116.825
15	45	-116.799
45	55	116.781
1	25	-116.768
15	65	-116.741
35	41	116.688
79	93	-116.671
11	29	-116.604
21	79	-116.494
43	87	116.443
15	85	-116.425
81	97	-116.366
33	67	116.261
71	89	-116.147
11	25	116.112
13	39	116.093
5	31	115.959
11	75	115.91
1	91	-115.909
89	91	-115.814
27	63	115.78
3	59	-115.383
31	61	-115.357
29	63	-115.322
31	69	115.295
27	49	115.27
1	69	115.246
57	87	-115.169
63	87	-115.099
3	55	115.043
31	77	-114.952
41	83	114.824
11	31	-114.768
19	89	114.672
77	85	-114.619
15	77	114.58
1	37	114.47
45	61	-114.463
31	33	114.445
21	93	114.317
19	59	-114.277
31	37	114.098
69	83	-113.967
17	81	113.917
43	47	113.869
1	89	113.833
5	15	-113.757
33	55	113.69
21	47	-113.659
11	89	-113.623
73	85	113.589
29	41	-113.4
49	87	-113.399
3	97	-113.335
45	65	113.278
7	33	113.278
35	81	-113.166
79	89	113.123
7	77	-113.111
9	11	-112.979
1	35	-112.95
1	23	-112.569
21	83	112.481
29	49	-112.469
35	43	-112.41
71	97	112.399
43	93	-112.313
3	11	-112.304
79	83	-112.258
55	63	-112.171
73	75	-112.006
63	95	111.99
85	99	-111.917
91	97	111.856
1	65	111.73
35	73	-111.683
9	77	-111.683
67	77	-111.555
35	45	-111.547
47	57	-111.441
15	33	-111.424
15	37	-111.39
7	51	111.382
53	63	111.35
11	45	-111.346
9	51	111.225
75	99	111.132
9	71	-111.117
17	85	111.05
49	55	-111.031
49	95	111.029
65	77	-110.969
15	69	-110.882
17	75	-110.869
15	79	-110.867
1	71	-110.775
75	79	-110.768
73	97	-110.746
1	59	-110.71
23	97	110.681
45	71	-110.673
1	5	110.565
35	39	-110.559
81	99	-110.396
7	25	-110.373
49	53	110.373
57	97	110.365
13	45	110.306
55	77	-110.268
3	77	-110.151
3	9	110.139
27	33	-110.131
21	29	-110.124
43	83	-110.122
9	25	-110.085
83	85	-110.042
19	97	-110.039
5	45	110.035
63	67	-110.014
29	57	-109.993
57	93	109.935
9	23	-109.699
49	99	109.666
53	75	109.569
13	43	109.547
63	99	109.527
27	35	109.364
53	85	-109.346
11	57	109.181
53	81	-109.123
45	69	109.054
85	95	-109.006
75	95	108.845
15	29	-108.812
31	71	-108.802
7	23	-108.725
73	89	108.706
3	49	-108.635
51	97	-108.624
81	95	-108.529
49	67	-108.485
13	41	-108.444
9	33	108.33
37	45	108.32
29	81	108.062
15	71	108.041
21	97	107.999
33	39	107.963
17	89	107.94
57	83	107.835
15	23	107.801
25	97	107.566
59	79	-107.45
7	71	-107.349
9	91	-107.347
15	51	-107.344
27	77	107.326
17	63	-107.32
75	87	-107.242
43	97	-107.224
15	25	107.102
85	93	-107.083
35	85	-107.044
13	15	-106.995
85	87	106.943
59	73	-106.775
19	35	-106.762
7	91	-106.703
63	73	-106.662
31	51	106.648
17	59	-106.595
23	31	-106.465
23	45	-106.445
81	87	106.362
1	75	-106.344
29	85	106.273
3	7	106.144
11	21	106.087
1	61	-106.023
13	21	-105.864
11	81	-105.851
59	99	105.834
13	31	105.737
45	47	105.706
17	49	-105.671
9	79	105.655
41	97	105.589
25	31	-105.521
45	83	-105.508
77	81	-105.347
1	81	105.341
9	19	105.258
47	85	105.186
11	41	105.184
15	91	105.173
81	83	-105.108
3	31	105.02
1	85	105.017
35	91	104.966
69	97	-104.942
13	57	-104.867
53	59	104.858
45	87	104.769
7	19	104.752
7	13	104.645
47	81	104.463
89	99	-104.455
47	75	-104.396
59	95	104.383
81	93	-104.328
77	89	-104.324
11	61	104.321
59	77	104.309
31	91	-104.153
49	73	-103.983
45	99	-103.952
11	85	-103.945
39	77	-103.929
5	63	-103.802
49	79	-103.801
45	91	-103.714
37	97	-103.681
45	93	-103.644
75	93	103.626
49	61	103.593
19	63	-103.564
53	89	-103.56
29	75	-103.555
15	17	-103.539
59	87	-103.521
65	97	-103.499
1	67	103.487
29	45	103.478
3	35	-103.443
23	35	103.413
15	19	-103.41
31	83	-103.398
15	73	-103.368
35	71	103.285
25	35	103.188
33	43	103.185
45	51	103.178
89	95	-103.135
49	65	-103.101
5	49	-103.081
11	43	-103.006
61	97	103.004
29	89	102.969
25	45	-102.949
63	79	-102.943
41	77	102.91
11	65	-102.909
33	41	-102.894
9	83	-102.839
33	89	102.766
15	83	102.744
7	79	102.704
9	99	-102.701
33	59	-102.695
75	83	102.682
61	63	102.45
87	89	102.387
63	65	-102.374
3	63	-102.367
1	55	102.297
31	79	102.262
7	83	-102.255
9	73	102.253
21	77	102.219
3	45	102.213
7	93	-102.184
1	21	-102.163
39	97	-102.136
63	91	102.124
45	95	-102.115
37	63	-102.104
9	13	102.087
31	99	-102.002
45	53	-101.996
19	49	-101.993
5	97	-101.993
31	47	101.971
19	31	101.971
49	91	101.946
35	61	101.906
31	93	-101.853
9	17	101.83
13	81	101.778
11	39	-101.765
63	69	-101.734
11	27	101.706
47	59	-101.687
7	17	101.631
43	77	-101.628
75	77	101.581
59	93	101.571
15	47	-101.557
37	49	-101.545
1	57	-101.519
7	73	101.51
13	85	101.51
49	69	-101.479
21	33	-101.468
15	93	101.449
49	71	101.401
25	63	101.385
23	49	101.375
31	87	101.354
7	47	101.345
29	59	-101.284
1	27	-101.153
59	83	101.149
29	31	101.122
9	93	-101.12
47	89	101.091
23	63	101.065
67	97	-101.041
9	53	-101.037
33	57	-101.003
1	43	100.959
9	95	-100.944
83	89	-100.906
1	39	100.904
7	53	-100.881
7	95	-100.877
9	87	100.824
25	49	100.767
33	85	100.74
63	71	100.708
27	97	100.69
7	87	100.68
57	77	100.68
31	73	100.652
31	95	-100.651
35	65	-100.615
31	53	-100.606
13	75	-100.599
7	99	-100.567
89	93	-100.563
9	47	100.551
15	87	-100.538
7	29	100.528
51	63	-100.527
1	41	-100.521
17	45	100.518
55	97	-100.518
33	75	-100.509
15	99	100.49
13	89	100.46
19	45	100.388
45	73	100.329
9	29	100.306
45	79	100.289
17	31	100.197
15	95	100.102
15	53	100.102
13	59	-100.087
33	81	100.048
49	51	-100.003
70	71	20
32	33	20
96	97	20
86	87	20
62	63	20
88	89	20
72	73	20
38	39	20
94	95	20
92	93	20
18	19	20
64	65	20
66	67	20
20	21	20
90	91	20
28	29	20
52	53	20
74	75	20
44	45	20
80	81	20
42	43	20
54	55	20
24	25	20
50	51	20
36	37	20
26	27	20
56	57	20
82	83	20
16	17	20
34	35	20
78	79	20
40	41	20
84	85	20
48	49	20
76	77	20
58	59	20
22	23	20
46	47	20
30	31	20
14	15	20
60	61	20
68	69	20
0	1	20
98	99	20
12	13	20
4	5	20
6	7	20
10	11	20
8	9	20
2	3	20
53	94	19.9976
52	95	19.9976
5	36	19.9361
4	37	19.9361
47	86	19.9243
46	87	19.9243
37	68	19.9206
36	69	19.9206
22	91	19.9122
23	90	19.9122
55	66	19.9059
54	67	19.9059
53	98	19.8957
52	99	19.8957
95	98	19.8928
94	99	19.8928
83	92	19.8876
82	93	19.8876
9	30	19.8727
8	31	19.8727
59	74	19.8711
58	75	19.8711
23	70	19.8564
22	71	19.8564
21	40	19.8563
20	41	19.8563
25	90	19.8112
24	91	19.8112
40	57	19.7892
41	56	19.7892
92	95	19.7803
93	94	19.7803
4	69	19.7593
5	68	19.7593
30	45	19.7477
31	44	19.7477
52	93	19.7333
53	92	19.7333
27	38	-19.7271
26	39	-19.7271
4	67	19.7245
5	66	19.7245
37	50	19.7219
36	51	19.7219
19	24	-19.7162
18	25	-19.7162
12	33	19.6971
13	32	19.6971
18	73	19.6727
19	72	19.6727
92	99	19.6503
93	98	19.6503
22	25	19.614
23	24	19.614
70	91	19.6038
71	90	19.6038
57	74	19.5867
56	75	19.5867
81	84	19.5798
80	85	19.5798
5	54	19.5776
4	55	19.5776
50	69	19.5767
51	68	19.5767
20	57	19.5612
21	56	19.5612
39	42	19.5365
38	43	19.5365
80	89	19.5361
81	88	19.5361
13	28	19.5219
12	29	19.5219
4	51	19.5199
5	50	19.5199
37	66	19.5108
36	67	19.5108
82	99	19.5105
83	98	19.5105
83	94	19.4832
82	95	19.4832
16	29	19.4746
17	28	19.4746
13	46	19.4636
12	47	19.4636
26	41	19.4606
27	40	19.4606
9	88	19.4457
8	89	19.4457
19	90	-19.4426
18	91	-19.4426
52	83	19.4206
53	82	19.4206
49	62	19.41
48	63	19.41
16	87	19.4036
17	86	19.4036
21	74	19.3964
20	75	19.3964
67	68	19.3914
66	69	19.3914
9	44	19.363
8	45	19.363
17	46	19.3475
16	47	19.3475
16	79	19.3453
17	78	19.3453
90	99	19.3446
91	98	19.3446
60	71	19.3372
61	70	19.3372
29	78	19.2939
28	79	19.2939
22	61	19.2731
23	60	19.2731
42	81	19.2495
43	80	19.2495
52	91	19.2457
53	90	19.2457
36	55	19.2347
37	54	19.2347
40	75	19.2194
41	74	19.2194
17	50	19.2137
16	51	19.2137
57	58	19.1725
56	59	19.1725
91	94	19.168
90	95	19.168
19	52	-19.1479
18	53	-19.1479
27	56	19.124
26	57	19.124
22	99	19.1142
23	98	19.1142
11	34	19.1096
10	35	19.1096
7	58	-19.08
6	59	-19.08
18	95	-19.0716
19	94	-19.0716
71	98	19.0446
70	99	19.0446
13	86	19.0379
12	87	19.0379
24	71	19.0297
25	70	19.0297
38	57	-19.0195
39	56	-19.0195
54	69	18.9704
55	68	18.9704
18	23	-18.9681
19	22	-18.9681
39	40	-18.9635
38	41	-18.9635
8	81	18.9598
9	80	18.9598
29	46	18.9521
28	47	18.9521
30	89	18.9483
31	88	18.9483
51	78	18.9217
50	79	18.9217
12	17	18.9098
13	16	18.9098
20	27	18.8599
21	26	18.8599
23	52	18.8526
22	53	18.8526
32	47	18.846
33	46	18.846
25	72	-18.8321
24	73	-18.8321
53	72	-18.817
52	73	-18.817
19	98	-18.7987
18	99	-18.7987
1	32	18.7926
0	33	18.7926
61	90	18.7846
60	91	18.7846
25	52	18.7844
24	53	18.7844
23	94	18.7685
22	95	18.7685
73	94	-18.7659
72	95	-18.7659
9	84	18.7655
8	85	18.7655
20	59	18.7521
21	58	18.7521
25	98	18.7043
24	99	18.7043
42	89	18.7018
43	88	18.7018
24	95	18.6833
25	94	18.6833
28	87	18.6501
29	86	18.6501
38	65	18.6496
39	64	18.6496
69	78	18.6471
68	79	18.6471
84	89	18.6399
85	88	18.6399
26	43	-18.6388
27	42	-18.6388
6	89	18.6158
7	88	18.6158
28	33	18.6123
29	32	18.6123
50	67	18.5949
51	66	18.5949
52	71	18.5849
53	70	18.5849
25	60	18.5653
24	61	18.5653
41	58	18.5422
40	59	18.5422
70	95	18.515
71	94	18.515
48	97	18.4505
49	96	18.4505
6	75	-18.4434
7	74	-18.4434
72	91	-18.44
73	90	-18.44
42	57	-18.4319
43	56	-18.4319
6	63	-18.3838
7	62	-18.3838
27	60	18.3765
26	61	18.3765
36	79	18.3428
37	78	18.3428
50	55	18.3043
51	54	18.3043
90	93	18.2486
91	92	18.2486
32	87	18.2481
33	86	18.2481
2	65	18.239
3	64	18.239
26	65	-18.2307
27	64	-18.2307
19	70	-18.22
18	71	-18.22
72	99	-18.1887
73	98	-18.1887
25	64	-18.1807
24	65	-18.1807
31	80	18.1797
30	81	18.1797
50	87	18.1685
51	86	18.1685
17	36	18.1604
16	37	18.1604
21	38	-18.1463
20	39	-18.1463
43	84	18.126
42	85	18.126
19	92	-18.1217
18	93	-18.1217
43	64	18.1203
42	65	18.1203
16	69	18.1015
17	68	18.1015
19	64	18.0891
18	65	18.0891
31	84	18.0616
30	85	18.0616
46	77	-18.054
47	76	-18.054
76	97	18.0441
77	96	18.0441
72	93	-18.0193
73	92	-18.0193
40	61	17.9857
41	60	17.9857
1	12	17.9806
0	13	17.9806
14	59	17.9394
15	58	17.9394
33	76	-17.9009
32	77	-17.9009
12	79	17.8873
13	78	17.8873
41	42	-17.8682
40	43	-17.8682
82	91	17.8668
83	90	17.8668
20	61	17.8542
21	60	17.8542
7	8	17.8484
6	9	17.8484
44	89	17.8405
45	88	17.8405
77	86	-17.8301
76	87	-17.8301
28	51	17.8198
29	50	17.8198
22	93	17.8171
23	92	17.8171
38	81	17.8078
39	80	17.8078
15	48	17.777
14	49	17.777
6	31	17.776
7	30	17.776
26	75	17.7677
27	74	17.7677
46	79	17.7462
47	78	17.7462
23	72	-17.7378
22	73	-17.7378
24	27	17.7354
25	26	17.7354
5	78	17.7353
4	79	17.7353
47	50	17.7339
46	51	17.7339
78	87	17.7171
79	86	17.7171
3	72	17.7166
2	73	17.7166
70	93	17.7164
71	92	17.7164
7	56	-17.6896
6	57	-17.6896
4	17	17.6703
5	16	17.6703
7	48	-17.6557
6	49	-17.6557
57	88	-17.6474
56	89	-17.6474
17	32	17.6421
16	33	17.6421
70	83	17.6378
71	82	17.6378
65	72	17.6253
64	73	17.6253
15	74	17.5938
14	75	17.5938
38	75	-17.5585
39	74	-17.5585
24	93	17.5514
25	92	17.5514
22	83	17.5415
23	82	17.5415
58	89	-17.4266
59	88	-17.4266
18	83	-17.4222
19	82	-17.4222
39	88	17.3884
38	89	17.3884
45	84	17.38
44	85	17.38
13	76	-17.3746
12	77	-17.3746
23	26	17.2914
22	27	17.2914
18	61	-17.281
19	60	-17.281
62	97	17.2769
63	96	17.2769
72	83	-17.1827
73	82	-17.1827
60	99	17.1811
61	98	17.1811
75	88	-17.1481
74	89	-17.1481
45	80	17.1112
44	81	17.1112
38	61	-17.102
39	60	-17.102
8	43	17.1005
9	42	17.1005
65	90	-17.0747
64	91	-17.0747
42	75	-17.0622
43	74	-17.0622
26	91	17.0331
27	90	17.0331
0	29	16.989
1	28	16.989
25	82	16.9875
24	83	16.9875
25	38	-16.9822
24	39	-16.9822
57	80	-16.9482
56	81	-16.9482
7	80	16.947
6	81	16.947
21	42	-16.9283
20	43	-16.9283
27	58	16.9262
26	59	16.9262
38	59	-16.908
39	58	-16.908
3	18	16.8988
2	19	16.8988
70	73	-16.8697
71	72	-16.8697
56	61	16.7837
57	60	16.7837
36	87	16.7627
37	86	16.7627
29	68	16.7415
28	69	16.7415
42	59	-16.7343
43	58	-16.7343
27	70	16.7326
26	71	16.7326
22	65	-16.7057
23	64	-16.7057
52	61	16.6999
53	60	16.6999
48	59	16.6892
49	58	16.6892
12	51	16.639
13	50	16.639
6	45	16.6387
7	44	16.6387
67	78	16.6226
66	79	16.6226
29	36	16.5869
28	37	16.5869
61	94	16.5838
60	95	16.5838
18	27	-16.5327
19	26	-16.5327
6	15	-16.5087
7	14	-16.5087
59	62	16.5056
58	63	16.5056
41	88	-16.4873
40	89	-16.4873
6	41	-16.4828
7	40	-16.4828
26	81	-16.4757
27	80	-16.4757
69	86	16.4644
68	87	16.4644
6	21	-16.46
7	20	-16.46
7	42	16.4355
6	43	16.4355
33	78	16.4042
32	79	16.4042
5	86	16.381
4	87	16.381
15	20	16.364
14	21	16.364
30	63	-16.3268
31	62	-16.3268
41	64	-16.3216
40	65	-16.3216
39	84	16.3196
38	85	16.3196
26	89	-16.2675
27	88	-16.2675
36	47	16.2346
37	46	16.2346
16	67	16.2072
17	66	16.2072
15	62	16.1832
14	63	16.1832
22	39	-16.1755
23	38	-16.1755
64	81	16.1712
65	80	16.1712
61	64	-16.1383
60	65	-16.1383
0	47	16.1047
1	46	16.1047
30	43	16.0999
31	42	16.0999
10	83	16.0941
11	82	16.0941
57	64	-16.0684
56	65	-16.0684
38	91	-16.0429
39	90	-16.0429
25	40	16.0392
24	41	16.0392
23	40	16.0272
22	41	16.0272
46	69	16.0125
47	68	16.0125
55	78	15.9794
54	79	15.9794
58	81	-15.978
59	80	-15.978
2	25	-15.9651
3	24	-15.9651
19	38	15.965
18	39	15.965
41	80	-15.9576
40	81	-15.9576
10	93	15.9502
11	92	15.9502
4	29	15.9244
5	28	15.9244
74	81	-15.9039
75	80	-15.9039
21	88	-15.8606
20	89	-15.8606
17	76	-15.858
16	77	-15.858
15	56	15.8461
14	57	15.8461
9	62	-15.8149
8	63	-15.8149
44	63	-15.8108
45	62	-15.8108
17	54	15.7983
16	55	15.7983
4	47	15.7792
5	46	15.7792
8	59	-15.7755
9	58	-15.7755
41	70	15.7414
40	71	15.7414
61	72	-15.6964
60	73	-15.6964
65	70	-15.6895
64	71	-15.6895
7	38	15.6678
6	39	15.6678
49	74	15.6677
48	75	15.6677
29	76	-15.6617
28	77	-15.6617
8	57	-15.6355
9	56	-15.6355
1	62	-15.6312
0	63	-15.6312
60	75	15.6255
61	74	15.6255
62	89	-15.6126
63	88	-15.6126
20	23	15.6105
21	22	15.6105
52	65	-15.5579
53	64	-15.5579
7	84	15.5527
6	85	15.5527
41	90	15.5251
40	91	15.5251
14	41	15.5048
15	40	15.5048
39	70	-15.4889
38	71	-15.4889
21	70	15.4834
20	71	15.4834
31	58	-15.4407
30	59	-15.4407
60	93	15.4295
61	92	15.4295
65	94	-15.4293
64	95	-15.4293
63	74	15.4211
62	75	15.4211
32	97	-15.4182
33	96	-15.4182
14	97	15.3979
15	96	15.3979
64	85	15.3853
65	84	15.3853
20	25	15.378
21	24	15.378
9	38	15.3674
8	39	15.3674
0	87	15.3284
1	86	15.3284
20	65	-15.3243
21	64	-15.3243
8	75	-15.3164
9	74	-15.3164
25	42	-15.3018
24	43	-15.3018
1	76	-15.2989
0	77	-15.2989
60	83	15.2442
61	82	15.2442
42	61	-15.2239
43	60	-15.2239
64	99	-15.2043
65	98	-15.2043
26	73	-15.1303
27	72	-15.1303
1	16	15.1203
0	17	15.1203
13	36	15.1004
12	37	15.1004
12	69	15.0959
13	68	15.0959
7	26	-15.093
6	27	-15.093
2	39	15.0862
3	38	15.0862
20	81	-15.0844
21	80	-15.0844
57	84	-15.0832
56	85	-15.0832
35	54	-15.0773
34	55	-15.0773
21	90	15.0135
20	91	15.0135
25	56	15.011
24	57	15.011
33	50	14.9965
32	51	14.9965
31	56	-14.966
30	57	-14.966
54	57	-14.935
55	56	-14.935
49	76	14.933
48	77	14.933
5	38	14.9265
4	39	14.9265
38	67	14.8954
39	66	14.8954
31	74	-14.8888
30	75	-14.8888
27	84	-14.8852
26	85	-14.8852
37	38	14.8833
36	39	14.8833
34	67	-14.8734
35	66	-14.8734
2	91	-14.8672
3	90	-14.8672
5	34	-14.8448
4	35	-14.8448
42	67	14.8415
43	66	14.8415
4	27	-14.8409
5	26	-14.8409
2	43	14.8389
3	42	14.8389
22	57	14.8022
23	56	14.8022
39	68	14.7929
38	69	14.7929
39	54	14.7852
38	55	14.7852
66	87	14.7784
67	86	14.7784
65	88	14.7728
64	89	14.7728
38	73	14.7677
39	72	14.7677
41	54	-14.7664
40	55	-14.7664
42	45	14.759
43	44	14.759
26	37	-14.7225
27	36	-14.7225
26	55	-14.7077
27	54	-14.7077
42	69	14.7008
43	68	14.7008
57	66	-14.6931
56	67	-14.6931
65	78	14.6866
64	79	14.6866
3	52	-14.6621
2	53	-14.6621
27	66	-14.6446
26	67	-14.6446
10	95	14.6372
11	94	14.6372
62	77	14.6231
63	76	14.6231
32	63	-14.6202
33	62	-14.6202
87	90	-14.6155
86	91	-14.6155
25	86	-14.6013
24	87	-14.6013
19	40	-14.601
18	41	-14.601
27	50	-14.5992
26	51	-14.5992
2	27	-14.5937
3	26	-14.5937
34	37	-14.5931
35	36	-14.5931
0	79	14.5928
1	78	14.5928
27	98	14.5924
26	99	14.5924
65	68	14.5914
64	69	14.5914
3	94	-14.5896
2	95	-14.5896
36	43	14.5871
37	42	14.5871
5	42	14.5858
4	43	14.5858
55	86	14.5709
54	87	14.5709
43	54	14.566
42	55	14.566
39	50	14.5586
38	51	14.5586
12	73	14.5344
13	72	14.5344
19	46	14.5305
18	47	14.5305
58	61	14.5275
59	60	14.5275
23	86	-14.5246
22	87	-14.5246
50	65	14.5151
51	64	14.5151
25	46	-14.5134
24	47	-14.5134
5	12	14.5032
4	13	14.5032
47	90	-14.5
46	91	-14.5
11	52	14.4966
10	53	14.4966
20	55	-14.4804
21	54	-14.4804
27	52	14.4742
26	53	14.4742
54	75	-14.4709
55	74	-14.4709
18	43	14.4686
19	42	14.4686
30	49	-14.4679
31	48	-14.4679
41	66	-14.4672
40	67	-14.4672
9	40	-14.4621
8	41	-14.4621
17	18	14.4586
16	19	14.4586
29	66	14.4579
28	67	14.4579
17	24	-14.4577
16	25	-14.4577
26	69	-14.455
27	68	-14.455
57	70	14.4532
56	71	14.4532
19	86	14.4526
18	87	14.4526
5	40	-14.4525
4	41	-14.4525
48	89	-14.4434
49	88	-14.4434
37	64	14.4379
36	65	14.4379
5	56	-14.4358
4	57	-14.4358
11	54	-14.4327
10	55	-14.4327
0	45	14.4126
1	44	14.4126
30	39	14.4016
31	38	14.4016
3	78	14.3845
2	79	14.3845
16	65	14.3767
17	64	14.3767
28	73	14.3722
29	72	14.3722
12	19	14.3719
13	18	14.3719
22	43	-14.3699
23	42	-14.3699
57	90	14.3664
56	91	14.3664
76	83	14.3623
77	82	14.3623
26	95	14.3298
27	94	14.3298
23	46	-14.3253
22	47	-14.3253
47	52	-14.313
46	53	-14.313
34	51	-14.3082
35	50	-14.3082
42	91	-14.2908
43	90	-14.2908
33	72	14.2887
32	73	14.2887
70	87	-14.2874
71	86	-14.2874
35	68	-14.2827
34	69	-14.2827
47	94	-14.2785
46	95	-14.2785
13	96	-14.2775
12	97	-14.2775
65	74	-14.2649
64	75	-14.2649
52	87	-14.2383
53	86	-14.2383
87	98	-14.2226
86	99	-14.2226
46	99	-14.2219
47	98	-14.2219
17	72	14.2121
16	73	14.2121
58	85	-14.2117
59	84	-14.2117
54	59	-14.2116
55	58	-14.2116
77	98	14.2108
76	99	14.2108
44	59	-14.2037
45	58	-14.2037
9	26	-14.2024
8	27	-14.2024
0	49	-14.1993
1	48	-14.1993
87	94	-14.1993
86	95	-14.1993
47	72	14.1991
46	73	14.1991
3	28	14.1963
2	29	14.1963
2	23	-14.1939
3	22	-14.1939
9	48	-14.1879
8	49	-14.1879
76	93	14.1849
77	92	14.1849
47	96	-14.1817
46	97	-14.1817
19	28	14.1802
18	29	14.1802
24	51	-14.1752
25	50	-14.1752
5	64	14.1743
4	65	14.1743
11	98	14.1664
10	99	14.1664
47	66	14.1647
46	67	14.1647
40	85	-14.1633
41	84	-14.1633
65	92	-14.1609
64	93	-14.1609
67	80	14.1523
66	81	14.1523
36	41	-14.1432
37	40	-14.1432
11	66	-14.1304
10	67	-14.1304
37	56	-14.1134
36	57	-14.1134
66	89	14.1089
67	88	14.1089
6	97	-14.0984
7	96	-14.0984
16	91	-14.0669
17	90	-14.0669
75	84	-14.0655
74	85	-14.0655
67	74	-14.0649
66	75	-14.0649
20	67	-14.0638
21	66	-14.0638
1	96	-14.0601
0	97	-14.0601
29	64	14.0585
28	65	14.0585
46	71	-14.0373
47	70	-14.0373
77	94	14.0326
76	95	14.0326
5	20	-14.0287
4	21	-14.0287
53	76	14.0083
52	77	14.0083
56	63	13.994
57	62	13.994
43	50	13.9723
42	51	13.9723
9	20	-13.9702
8	21	-13.9702
10	63	13.9697
11	62	13.9697
73	86	13.9678
72	87	13.9678
18	33	13.9658
19	32	13.9658
33	52	-13.9638
32	53	-13.9638
54	89	13.9615
55	88	13.9615
33	94	-13.9605
32	95	-13.9605
29	54	13.9557
28	55	13.9557
48	57	13.9501
49	56	13.9501
3	98	-13.9475
2	99	-13.9475
13	24	-13.9283
12	25	-13.9283
77	78	-13.927
76	79	-13.927
13	52	-13.9204
12	53	-13.9204
19	20	-13.9169
18	21	-13.9169
46	55	13.908
47	54	13.908
12	95	-13.8928
13	94	-13.8928
18	51	13.8862
19	50	13.8862
51	76	-13.8822
50	77	-13.8822
32	49	-13.8773
33	48	-13.8773
61	86	-13.8685
60	87	-13.8685
47	92	-13.8613
46	93	-13.8613
16	23	-13.8578
17	22	-13.8578
64	67	13.8493
65	66	13.8493
41	50	-13.8265
40	51	-13.8265
30	41	-13.8214
31	40	-13.8214
56	69	-13.8131
57	68	-13.8131
58	67	-13.8122
59	66	-13.8122
2	93	-13.7977
3	92	-13.7977
54	81	13.7966
55	80	13.7966
68	81	13.7966
69	80	13.7966
24	29	-13.7954
25	28	-13.7954
44	49	-13.7932
45	48	-13.7932
4	11	-13.7784
5	10	-13.7784
33	92	-13.7754
32	93	-13.7754
87	92	-13.7634
86	93	-13.7634
62	81	-13.7582
63	80	-13.7582
42	71	-13.7526
43	70	-13.7526
41	68	-13.7523
40	69	-13.7523
87	96	-13.7502
86	97	-13.7502
11	48	13.7482
10	49	13.7482
12	91	-13.7366
13	90	-13.7366
51	90	-13.7278
50	91	-13.7278
73	78	13.7211
72	79	13.7211
50	61	-13.7011
51	60	-13.7011
45	74	-13.7
44	75	-13.7
45	56	-13.6998
44	57	-13.6998
19	56	-13.6814
18	57	-13.6814
25	36	-13.6724
24	37	-13.6724
21	36	-13.6579
20	37	-13.6579
22	51	-13.6563
23	50	-13.6563
38	99	-13.6562
39	98	-13.6562
38	53	-13.6421
39	52	-13.6421
18	79	13.6314
19	78	13.6314
7	34	-13.6276
6	35	-13.6276
32	99	-13.6269
33	98	-13.6269
4	75	-13.615
5	74	-13.615
4	25	-13.6144
5	24	-13.6144
13	98	-13.5945
12	99	-13.5945
17	26	-13.5778
16	27	-13.5778
46	83	-13.5755
47	82	-13.5755
35	62	13.5622
34	63	13.5622
50	57	-13.561
51	56	-13.561
58	65	-13.5595
59	64	-13.5595
4	81	13.5571
5	80	13.5571
0	31	13.553
1	30	13.553
15	88	-13.5491
14	89	-13.5491
37	80	13.5399
36	81	13.5399
42	73	13.5353
43	72	13.5353
64	83	-13.5271
65	82	-13.5271
82	87	-13.5269
83	86	-13.5269
71	76	13.5269
70	77	13.5269
17	52	-13.5217
16	53	-13.5217
15	26	13.5169
14	27	13.5169
38	95	-13.5052
39	94	-13.5052
12	93	-13.5006
13	92	-13.5006
7	54	13.4915
6	55	13.4915
39	78	13.4846
38	79	13.4846
4	61	-13.483
5	60	-13.483
21	30	-13.4804
20	31	-13.4804
54	65	13.4747
55	64	13.4747
46	61	-13.4679
47	60	-13.4679
16	95	-13.4672
17	94	-13.4672
11	36	-13.4583
10	37	-13.4583
33	36	13.4489
32	37	13.4489
51	72	13.4462
50	73	13.4462
2	17	13.4444
3	16	13.4444
25	78	-13.433
24	79	-13.433
21	48	13.4312
20	49	13.4312
33	68	13.4308
32	69	13.4308
76	91	13.4294
77	90	13.4294
2	81	13.4268
3	80	13.4268
16	39	13.4261
17	38	13.4261
25	68	-13.4194
24	69	-13.4194
2	85	13.4014
3	84	13.4014
19	36	13.3984
18	37	13.3984
32	83	-13.3794
33	82	-13.3794
12	23	-13.3735
13	22	-13.3735
25	32	-13.3694
24	33	-13.3694
27	30	-13.366
26	31	-13.366
23	74	13.3658
22	75	13.3658
16	71	-13.3628
17	70	-13.3628
24	75	13.3619
25	74	13.3619
22	77	13.3602
23	76	13.3602
21	50	-13.3534
20	51	-13.3534
82	97	13.346
83	96	13.346
32	91	-13.3447
33	90	-13.3447
3	12	13.3416
2	13	13.3416
21	84	-13.341
20	85	-13.341
17	60	-13.3359
16	61	-13.3359
64	87	13.3294
65	86	13.3294
67	84	13.3267
66	85	13.3267
29	90	-13.3188
28	91	-13.3188
35	48	13.3057
34	49	13.3057
36	61	-13.3037
37	60	-13.3037
4	89	13.2991
5	88	13.2991
17	98	-13.297
16	99	-13.297
34	83	13.2923
35	82	13.2923
47	64	13.2809
46	65	13.2809
17	34	-13.2803
16	35	-13.2803
0	73	13.2737
1	72	13.2737
5	18	13.2702
4	19	13.2702
14	39	-13.27
15	38	-13.27
54	61	-13.2663
55	60	-13.2663
18	69	13.264
19	68	13.264
7	66	13.2636
6	67	13.2636
11	72	-13.248
10	73	-13.248
43	78	13.243
42	79	13.243
69	88	13.2263
68	89	13.2263
20	69	-13.213
21	68	-13.213
35	58	13.2099
34	59	13.2099
69	84	13.2059
68	85	13.2059
3	70	-13.2055
2	71	-13.2055
40	73	-13.1998
41	72	-13.1998
60	81	-13.1992
61	80	-13.1992
5	58	-13.1969
4	59	-13.1969
27	78	-13.1951
26	79	-13.1951
51	70	-13.1937
50	71	-13.1937
37	74	-13.1921
36	75	-13.1921
12	65	13.1877
13	64	13.1877
34	87	-13.1828
35	86	-13.1828
70	75	13.1819
71	74	13.1819
4	91	-13.1746
5	90	-13.1746
11	68	-13.1702
10	69	-13.1702
40	99	13.1689
41	98	13.1689
36	91	-13.1639
37	90	-13.1639
4	23	-13.1482
5	22	-13.1482
38	45	13.1456
39	44	13.1456
2	61	-13.1361
3	60	-13.1361
28	53	-13.1246
29	52	-13.1246
63	84	-13.1231
62	85	-13.1231
34	93	13.1199
35	92	13.1199
24	55	-13.1194
25	54	-13.1194
37	88	13.1141
36	89	13.1141
20	63	13.1097
21	62	13.1097
8	65	13.1063
9	64	13.1063
2	83	-13.0984
3	82	-13.0984
25	66	-13.0977
24	67	-13.0977
23	36	-13.0922
22	37	-13.0922
11	50	-13.0779
10	51	-13.0779
29	94	-13.0775
28	95	-13.0775
27	86	-13.0604
26	87	-13.0604
58	97	13.055
59	96	13.055
13	82	-13.0549
12	83	-13.0549
69	72	13.051
68	73	13.051
36	73	13.0458
37	72	13.0458
3	68	13.0401
2	69	13.0401
14	43	-13.0311
15	42	-13.0311
2	41	-13.0188
3	40	-13.0188
24	81	-13.012
25	80	-13.012
8	67	13.0116
9	66	13.0116
26	93	13.0099
27	92	13.0099
13	62	-13.0065
12	63	-13.0065
40	49	13.0015
41	48	13.0015
61	88	-12.9996
60	89	-12.9996
12	67	12.9928
13	66	12.9928
93	96	12.9664
92	97	12.9664
23	28	-12.9657
22	29	-12.9657
60	67	-12.9545
61	66	-12.9545
23	32	-12.9502
22	33	-12.9502
7	10	-12.9479
6	11	-12.9479
13	70	-12.945
12	71	-12.945
49	80	-12.9441
48	81	-12.9441
34	47	-12.9332
35	46	-12.9332
40	53	12.926
41	52	12.926
18	77	-12.9253
19	76	-12.9253
50	53	-12.9188
51	52	-12.9188
5	32	12.9156
4	33	12.9156
16	93	-12.9003
17	92	-12.9003
74	91	12.8853
75	90	12.8853
55	84	12.8813
54	85	12.8813
25	76	12.8802
24	77	12.8802
41	62	12.8753
40	63	12.8753
51	94	-12.8666
50	95	-12.8666
69	74	-12.8631
68	75	-12.8631
4	73	12.859
5	72	12.859
37	84	12.8543
36	85	12.8543
19	66	12.8533
18	67	12.8533
8	55	12.8411
9	54	12.8411
68	91	-12.8248
69	90	-12.8248
3	50	12.8246
2	51	12.8246
35	74	12.8106
34	75	12.8106
61	68	-12.806
60	69	-12.806
29	96	-12.8026
28	97	-12.8026
40	95	12.8016
41	94	12.8016
20	99	12.7971
21	98	12.7971
54	91	-12.7933
55	90	-12.7933
23	54	-12.7919
22	55	-12.7919
4	85	12.7919
5	84	12.7919
40	45	-12.7887
41	44	-12.7887
19	54	12.7865
18	55	12.7865
79	90	-12.7697
78	91	-12.7697
11	96	12.7694
10	97	12.7694
37	58	-12.7656
36	59	-12.7656
2	33	12.76
3	32	12.76
35	78	-12.7592
34	79	-12.7592
2	57	-12.7579
3	56	-12.7579
50	99	-12.7568
51	98	-12.7568
29	98	-12.7486
28	99	-12.7486
2	15	-12.7404
3	14	-12.7404
4	71	-12.7222
5	70	-12.7222
42	63	-12.6983
43	62	-12.6983
22	69	-12.6956
23	68	-12.6956
51	80	12.691
50	81	12.691
27	46	-12.6865
26	47	-12.6865
16	43	12.6821
17	42	12.6821
1	6	12.6721
0	7	12.6721
66	91	-12.6581
67	90	-12.6581
2	37	12.6422
3	36	12.6422
12	55	12.6387
13	54	12.6387
36	71	-12.6176
37	70	-12.6176
33	70	-12.6175
32	71	-12.6175
20	45	-12.6137
21	44	-12.6137
27	82	12.6046
26	83	12.6046
73	76	-12.6011
72	77	-12.6011
22	67	-12.5985
23	66	-12.5985
20	73	-12.5952
21	72	-12.5952
67	72	12.5929
66	73	12.5929
39	86	12.5736
38	87	12.5736
0	51	12.573
1	50	12.573
1	8	12.5726
0	9	12.5726
0	3	12.5625
1	2	12.5625
2	21	-12.5528
3	20	-12.5528
51	74	-12.5461
50	75	-12.5461
28	93	-12.5419
29	92	-12.5419
30	97	-12.5399
31	96	-12.5399
36	77	-12.5325
37	76	-12.5325
3	46	12.5219
2	47	12.5219
48	85	-12.5109
49	84	-12.5109
20	53	12.5005
21	52	12.5005
59	68	-12.4926
58	69	-12.4926
23	78	-12.4865
22	79	-12.4865
17	82	-12.4842
16	83	-12.4842
10	87	-12.4784
11	86	-12.4784
5	52	-12.4784
4	53	-12.4784
17	40	-12.477
16	41	-12.477
10	19	-12.4715
11	18	-12.4715
31	66	12.4703
30	67	12.4703
12	49	-12.4701
13	48	-12.4701
7	64	12.4663
6	65	12.4663
14	81	-12.4656
15	80	-12.4656
0	19	12.4654
1	18	12.4654
24	59	12.4492
25	58	12.4492
37	52	-12.445
36	53	-12.445
4	95	-12.4429
5	94	-12.4429
56	73	-12.4416
57	72	-12.4416
54	71	-12.4388
55	70	-12.4388
27	28	-12.4344
26	29	-12.4344
54	73	12.432
55	72	12.432
11	76	12.4276
10	77	12.4276
15	60	12.4233
14	61	12.4233
28	39	12.4208
29	38	12.4208
29	70	-12.4206
28	71	-12.4206
22	81	-12.4142
23	80	-12.4142
84	97	-12.4117
85	96	-12.4117
23	58	12.4087
22	59	12.4087
10	47	-12.404
11	46	-12.404
36	95	-12.4033
37	94	-12.4033
96	99	12.4
97	98	12.4
9	14	-12.3995
8	15	-12.3995
50	93	-12.3904
51	92	-12.3904
21	94	12.3874
20	95	12.3874
61	84	-12.3816
60	85	-12.3816
53	54	-12.3783
52	55	-12.3783
45	96	-12.3724
44	97	-12.3724
0	95	-12.3687
1	94	-12.3687
30	55	12.3667
31	54	12.3667
55	94	-12.3659
54	95	-12.3659
68	77	-12.3616
69	76	-12.3616
1	52	-12.3597
0	53	-12.3597
10	33	-12.3549
11	32	-12.3549
19	80	12.3535
18	81	12.3535
14	31	-12.3491
15	30	-12.3491
4	7	12.3454
5	6	12.3454
8	97	-12.3388
9	96	-12.3388
94	97	12.3362
95	96	12.3362
25	84	-12.3278
24	85	-12.3278
26	45	-12.3176
27	44	-12.3176
11	16	-12.3162
10	17	-12.3162
5	98	-12.3071
4	99	-12.3071
55	92	-12.3068
54	93	-12.3068
0	93	-12.3047
1	92	-12.3047
17	96	-12.3018
16	97	-12.3018
6	61	-12.2979
7	60	-12.2979
12	61	-12.2897
13	60	-12.2897
12	35	-12.2884
13	34	-12.2884
29	34	-12.2864
28	35	-12.2864
39	92	-12.2846
38	93	-12.2846
80	91	-12.2807
81	90	-12.2807
43	48	-12.2791
42	49	-12.2791
2	87	12.2711
3	86	12.2711
52	97	12.2694
53	96	12.2694
42	99	-12.2615
43	98	-12.2615
33	64	12.2615
32	65	12.2615
43	52	-12.2579
42	53	-12.2579
38	47	12.2574
39	46	12.2574
52	79	-12.2573
53	78	-12.2573
60	77	12.2458
61	76	12.2458
36	99	-12.2408
37	98	-12.2408
34	89	-12.2372
35	88	-12.2372
59	70	12.2369
58	71	12.2369
2	5	12.2336
3	4	12.2336
4	77	-12.2188
5	76	-12.2188
52	67	-12.2172
53	66	-12.2172
34	57	12.2122
35	56	12.2122
74	97	12.2114
75	96	12.2114
54	99	-12.2056
55	98	-12.2056
78	95	-12.2033
79	94	-12.2033
29	60	-12.2014
28	61	-12.2014
66	95	-12.1982
67	94	-12.1982
25	88	-12.1941
24	89	-12.1941
14	55	-12.194
15	54	-12.194
15	34	12.1892
14	35	12.1892
30	65	12.1842
31	64	12.1842
69	70	-12.1775
68	71	-12.1775
79	80	12.1771
78	81	12.1771
66	71	-12.1746
67	70	-12.1746
52	69	-12.1701
53	68	-12.1701
70	81	-12.1606
71	80	-12.1606
50	89	12.1597
51	88	12.1597
18	75	-12.1585
19	74	-12.1585
5	92	-12.1547
4	93	-12.1547
42	95	-12.1484
43	94	-12.1484
57	98	12.147
56	99	12.147
5	8	12.1395
4	9	12.1395
33	34	-12.1359
32	35	-12.1359
9	68	12.1331
8	69	12.1331
69	94	-12.1281
68	95	-12.1281
50	85	12.1206
51	84	12.1206
41	86	-12.1193
40	87	-12.1193
11	58	12.1145
10	59	12.1145
35	76	12.1117
34	77	12.1117
40	79	-12.1042
41	78	-12.1042
61	78	-12.1024
60	79	-12.1024
0	15	-12.092
1	14	-12.092
10	91	12.0902
11	90	12.0902
11	12	-12.0792
10	13	-12.0792
55	82	-12.0703
54	83	-12.0703
66	93	-12.0666
67	92	-12.0666
37	92	-12.0466
36	93	-12.0466
51	82	-12.0462
50	83	-12.0462
28	83	-12.0449
29	82	-12.0449
17	56	-12.0412
16	57	-12.0412
16	21	-12.0306
17	20	-12.0306
47	62	-12.03
46	63	-12.03
35	94	12.0294
34	95	12.0294
50	59	-12.0288
51	58	-12.0288
32	45	12.0089
33	44	12.0089
58	91	11.9996
59	90	11.9996
23	84	-11.9901
22	85	-11.9901
71	84	-11.9879
70	85	-11.9879
67	98	-11.9867
66	99	-11.9867
48	83	11.9847
49	82	11.9847
52	57	11.9827
53	56	11.9827
6	37	11.9798
7	36	11.9798
9	36	11.9738
8	37	11.9738
89	96	-11.9725
88	97	-11.9725
34	97	11.9717
35	96	11.9717
2	67	11.964
3	66	11.964
44	77	-11.9619
45	76	-11.9619
38	63	-11.952
39	62	-11.952
56	79	-11.9342
57	78	-11.9342
1	98	-11.9322
0	99	-11.9322
11	14	11.9299
10	15	11.9299
34	53	11.9244
35	52	11.9244
3	88	11.9197
2	89	11.9197
79	98	-11.9148
78	99	-11.9148
2	75	-11.9143
3	74	-11.9143
79	84	11.914
78	85	11.914
69	98	-11.9118
68	99	-11.9118
71	78	-11.9046
70	79	-11.9046
8	61	-11.9037
9	60	-11.9037
39	82	-11.8984
38	83	-11.8984
7	68	11.8815
6	69	11.8815
0	83	-11.8801
1	82	-11.8801
56	95	11.8748
57	94	11.8748
29	42	11.8658
28	43	11.8658
62	83	11.8619
63	82	11.8619
85	90	-11.8572
84	91	-11.8572
4	83	-11.8569
5	82	-11.8569
19	84	11.8488
18	85	11.8488
13	26	-11.8307
12	27	-11.8307
63	92	11.8218
62	93	11.8218
15	66	-11.7959
14	67	-11.7959
23	88	-11.7959
22	89	-11.7959
20	87	-11.7957
21	86	-11.7957
46	49	-11.782
47	48	-11.782
48	93	11.781
49	92	11.781
67	82	-11.7695
66	83	-11.7695
68	93	-11.762
69	92	-11.762
38	49	-11.7508
39	48	-11.7508
20	35	11.7504
21	34	11.7504
11	78	-11.7451
10	79	-11.7451
44	67	11.7345
45	66	11.7345
31	34	-11.7326
30	35	-11.7326
40	93	11.7313
41	92	11.7313
0	11	-11.7247
1	10	-11.7247
8	35	-11.7242
9	34	-11.7242
36	83	-11.7108
37	82	-11.7108
73	80	11.7088
72	81	11.7088
32	61	-11.7054
33	60	-11.7054
78	97	-11.7003
79	96	-11.7003
35	98	11.6917
34	99	11.6917
41	46	-11.6893
40	47	-11.6893
11	22	11.6863
10	23	11.6863
11	70	11.6825
10	71	11.6825
15	44	-11.6799
14	45	-11.6799
44	55	11.6781
45	54	11.6781
0	25	-11.6768
1	24	-11.6768
15	64	-11.6741
14	65	-11.6741
34	41	11.6688
35	40	11.6688
79	92	-11.6671
78	93	-11.6671
11	28	-11.6604
10	29	-11.6604
20	79	-11.6494
21	78	-11.6494
43	86	11.6443
42	87	11.6443
14	85	-11.6425
15	84	-11.6425
81	96	-11.6366
80	97	-11.6366
33	66	11.6261
32	67	11.6261
70	89	-11.6147
71	88	-11.6147
11	24	11.6112
10	25	11.6112
13	38	11.6093
12	39	11.6093
4	31	11.5959
5	30	11.5959
11	74	11.591
10	75	11.591
0	91	-11.5909
1	90	-11.5909
88	91	-11.5814
89	90	-11.5814
26	63	11.578
27	62	11.578
2	59	-11.5383
3	58	-11.5383
31	60	-11.5357
30	61	-11.5357
28	63	-11.5322
29	62	-11.5322
30	69	11.5295
31	68	11.5295
26	49	11.527
27	48	11.527
1	68	11.5246
0	69	11.5246
56	87	-11.5169
57	86	-11.5169
63	86	-11.5099
62	87	-11.5099
3	54	11.5043
2	55	11.5043
30	77	-11.4952
31	76	-11.4952
41	82	11.4824
40	83	11.4824
11	30	-11.4768
10	31	-11.4768
19	88	11.4672
18	89	11.4672
76	85	-11.4619
77	84	-11.4619
14	77	11.458
15	76	11.458
1	36	11.447
0	37	11.447
44	61	-11.4463
45	60	-11.4463
30	33	11.4445
31	32	11.4445
20	93	11.4317
21	92	11.4317
19	58	-11.4277
18	59	-11.4277
31	36	11.4098
30	37	11.4098
68	83	-11.3967
69	82	-11.3967
17	80	11.3917
16	81	11.3917
42	47	11.3869
43	46	11.3869
0	89	11.3833
1	88	11.3833
4	15	-11.3757
5	14	-11.3757
33	54	11.369
32	55	11.369
21	46	-11.3659
20	47	-11.3659
10	89	-11.3623
11	88	-11.3623
72	85	11.3589
73	84	11.3589
28	41	-11.34
29	40	-11.34
48	87	-11.3399
49	86	-11.3399
2	97	-11.3335
3	96	-11.3335
45	64	11.3278
44	65	11.3278
7	32	11.3278
6	33	11.3278
34	81	-11.3166
35	80	-11.3166
78	89	11.3123
79	88	11.3123
7	76	-11.3111
6	77	-11.3111
9	10	-11.2979
8	11	-11.2979
1	34	-11.295
0	35	-11.295
1	22	-11.2569
0	23	-11.2569
20	83	11.2481
21	82	11.2481
29	48	-11.2469
28	49	-11.2469
35	42	-11.241
34	43	-11.241
70	97	11.2399
71	96	11.2399
43	92	-11.2313
42	93	-11.2313
2	11	-11.2304
3	10	-11.2304
79	82	-11.2258
78	83	-11.2258
54	63	-11.2171
55	62	-11.2171
72	75	-11.2006
73	74	-11.2006
63	94	11.199
62	95	11.199
84	99	-11.1917
85	98	-11.1917
91	96	11.1856
90	97	11.1856
1	64	11.173
0	65	11.173
34	73	-11.1683
35	72	-11.1683
8	77	-11.1683
9	76	-11.1683
66	77	-11.1555
67	76	-11.1555
35	44	-11.1547
34	45	-11.1547
47	56	-11.1441
46	57	-11.1441
14	33	-11.1424
15	32	-11.1424
14	37	-11.139
15	36	-11.139
7	50	11.1382
6	51	11.1382
53	62	11.135
52	63	11.135
11	44	-11.1346
10	45	-11.1346
8	51	11.1225
9	50	11.1225
75	98	11.1132
74	99	11.1132
8	71	-11.1117
9	70	-11.1117
17	84	11.105
16	85	11.105
49	54	-11.1031
48	55	-11.1031
49	94	11.1029
48	95	11.1029
65	76	-11.0969
64	77	-11.0969
15	68	-11.0882
14	69	-11.0882
17	74	-11.0869
16	75	-11.0869
14	79	-11.0867
15	78	-11.0867
1	70	-11.0775
0	71	-11.0775
75	78	-11.0768
74	79	-11.0768
73	96	-11.0746
72	97	-11.0746
1	58	-11.071
0	59	-11.071
23	96	11.0681
22	97	11.0681
45	70	-11.0673
44	71	-11.0673
0	5	11.0565
1	4	11.0565
35	38	-11.0559
34	39	-11.0559
81	98	-11.0396
80	99	-11.0396
6	25	-11.0373
7	24	-11.0373
49	52	11.0373
48	53	11.0373
56	97	11.0365
57	96	11.0365
13	44	11.0306
12	45	11.0306
55	76	-11.0268
54	77	-11.0268
3	76	-11.0151
2	77	-11.0151
3	8	11.0139
2	9	11.0139
27	32	-11.0131
26	33	-11.0131
20	29	-11.0124
21	28	-11.0124
43	82	-11.0122
42	83	-11.0122
8	25	-11.0085
9	24	-11.0085
82	85	-11.0042
83	84	-11.0042
18	97	-11.0039
19	96	-11.0039
5	44	11.0035
4	45	11.0035
63	66	-11.0014
62	67	-11.0014
29	56	-10.9993
28	57	-10.9993
56	93	10.9935
57	92	10.9935
8	23	-10.9699
9	22	-10.9699
49	98	10.9666
48	99	10.9666
53	74	10.9569
52	75	10.9569
12	43	10.9547
13	42	10.9547
62	99	10.9527
63	98	10.9527
26	35	10.9364
27	34	10.9364
52	85	-10.9346
53	84	-10.9346
11	56	10.9181
10	57	10.9181
52	81	-10.9123
53	80	-10.9123
45	68	10.9054
44	69	10.9054
84	95	-10.9006
85	94	-10.9006
74	95	10.8845
75	94	10.8845
14	29	-10.8812
15	28	-10.8812
31	70	-10.8802
30	71	-10.8802
6	23	-10.8725
7	22	-10.8725
73	88	10.8706
72	89	10.8706
3	48	-10.8635
2	49	-10.8635
50	97	-10.8624
51	96	-10.8624
80	95	-10.8529
81	94	-10.8529
48	67	-10.8485
49	66	-10.8485
13	40	-10.8444
12	41	-10.8444
8	33	10.833
9	32	10.833
37	44	10.832
36	45	10.832
28	81	10.8062
29	80	10.8062
15	70	10.8041
14	71	10.8041
21	96	10.7999
20	97	10.7999
32	39	10.7963
33	38	10.7963
17	88	10.794
16	89	10.794
56	83	10.7835
57	82	10.7835
14	23	10.7801
15	22	10.7801
25	96	10.7566
24	97	10.7566
59	78	-10.745
58	79	-10.745
7	70	-10.7349
6	71	-10.7349
9	90	-10.7347
8	91	-10.7347
14	51	-10.7344
15	50	-10.7344
27	76	10.7326
26	77	10.7326
17	62	-10.732
16	63	-10.732
75	86	-10.7242
74	87	-10.7242
42	97	-10.7224
43	96	-10.7224
14	25	10.7102
15	24	10.7102
85	92	-10.7083
84	93	-10.7083
34	85	-10.7044
35	84	-10.7044
12	15	-10.6995
13	14	-10.6995
85	86	10.6943
84	87	10.6943
59	72	-10.6775
58	73	-10.6775
19	34	-10.6762
18	35	-10.6762
7	90	-10.6703
6	91	-10.6703
63	72	-10.6662
62	73	-10.6662
30	51	10.6648
31	50	10.6648
16	59	-10.6595
17	58	-10.6595
23	30	-10.6465
22	31	-10.6465
23	44	-10.6445
22	45	-10.6445
81	86	10.6362
80	87	10.6362
0	75	-10.6344
1	74	-10.6344
29	84	10.6273
28	85	10.6273
2	7	10.6144
3	6	10.6144
10	21	10.6087
11	20	10.6087
1	60	-10.6023
0	61	-10.6023
13	20	-10.5864
12	21	-10.5864
11	80	-10.5851
10	81	-10.5851
58	99	10.5834
59	98	10.5834
12	31	10.5737
13	30	10.5737
45	46	10.5706
44	47	10.5706
17	48	-10.5671
16	49	-10.5671
9	78	10.5655
8	79	10.5655
41	96	10.5589
40	97	10.5589
25	30	-10.5521
24	31	-10.5521
44	83	-10.5508
45	82	-10.5508
77	80	-10.5347
76	81	-10.5347
0	81	10.5341
1	80	10.5341
9	18	10.5258
8	19	10.5258
47	84	10.5186
46	85	10.5186
10	41	10.5184
11	40	10.5184
14	91	10.5173
15	90	10.5173
80	83	-10.5108
81	82	-10.5108
2	31	10.502
3	30	10.502
1	84	10.5017
0	85	10.5017
35	90	10.4966
34	91	10.4966
68	97	-10.4942
69	96	-10.4942
13	56	-10.4867
12	57	-10.4867
52	59	10.4858
53	58	10.4858
44	87	10.4769
45	86	10.4769
6	19	10.4752
7	18	10.4752
7	12	10.4645
6	13	10.4645
47	80	10.4463
46	81	10.4463
88	99	-10.4455
89	98	-10.4455
47	74	-10.4396
46	75	-10.4396
59	94	10.4383
58	95	10.4383
81	92	-10.4328
80	93	-10.4328
77	88	-10.4324
76	89	-10.4324
10	61	10.4321
11	60	10.4321
58	77	10.4309
59	76	10.4309
31	90	-10.4153
30	91	-10.4153
49	72	-10.3983
48	73	-10.3983
45	98	-10.3952
44	99	-10.3952
11	84	-10.3945
10	85	-10.3945
38	77	-10.3929
39	76	-10.3929
4	63	-10.3802
5	62	-10.3802
49	78	-10.3801
48	79	-10.3801
44	91	-10.3714
45	90	-10.3714
37	96	-10.3681
36	97	-10.3681
45	92	-10.3644
44	93	-10.3644
75	92	10.3626
74	93	10.3626
48	61	10.3593
49	60	10.3593
19	62	-10.3564
18	63	-10.3564
53	88	-10.356
52	89	-10.356
28	75	-10.3555
29	74	-10.3555
15	16	-10.3539
14	17	-10.3539
58	87	-10.3521
59	86	-10.3521
64	97	-10.3499
65	96	-10.3499
1	66	10.3487
0	67	10.3487
28	45	10.3478
29	44	10.3478
2	35	-10.3443
3	34	-10.3443
23	34	10.3413
22	35	10.3413
15	18	-10.341
14	19	-10.341
31	82	-10.3398
30	83	-10.3398
15	72	-10.3368
14	73	-10.3368
34	71	10.3285
35	70	10.3285
24	35	10.3188
25	34	10.3188
32	43	10.3185
33	42	10.3185
44	51	10.3178
45	50	10.3178
89	94	-10.3135
88	95	-10.3135
49	64	-10.3101
48	65	-10.3101
5	48	-10.3081
4	49	-10.3081
10	43	-10.3006
11	42	-10.3006
61	96	10.3004
60	97	10.3004
28	89	10.2969
29	88	10.2969
25	44	-10.2949
24	45	-10.2949
63	78	-10.2943
62	79	-10.2943
40	77	10.291
41	76	10.291
10	65	-10.2909
11	64	-10.2909
33	40	-10.2894
32	41	-10.2894
8	83	-10.2839
9	82	-10.2839
32	89	10.2766
33	88	10.2766
14	83	10.2744
15	82	10.2744
7	78	10.2704
6	79	10.2704
8	99	-10.2701
9	98	-10.2701
32	59	-10.2695
33	58	-10.2695
75	82	10.2682
74	83	10.2682
61	62	10.245
60	63	10.245
86	89	10.2387
87	88	10.2387
63	64	-10.2374
62	65	-10.2374
3	62	-10.2367
2	63	-10.2367
1	54	10.2297
0	55	10.2297
31	78	10.2262
30	79	10.2262
7	82	-10.2255
6	83	-10.2255
9	72	10.2253
8	73	10.2253
21	76	10.2219
20	77	10.2219
3	44	10.2213
2	45	10.2213
7	92	-10.2184
6	93	-10.2184
0	21	-10.2163
1	20	-10.2163
38	97	-10.2136
39	96	-10.2136
62	91	10.2124
63	90	10.2124
45	94	-10.2115
44	95	-10.2115
36	63	-10.2104
37	62	-10.2104
8	13	10.2087
9	12	10.2087
30	99	-10.2002
31	98	-10.2002
44	53	-10.1996
45	52	-10.1996
18	49	-10.1993
19	48	-10.1993
4	97	-10.1993
5	96	-10.1993
30	47	10.1971
31	46	10.1971
18	31	10.1971
19	30	10.1971
48	91	10.1946
49	90	10.1946
34	61	10.1906
35	60	10.1906
31	92	-10.1853
30	93	-10.1853
9	16	10.183
8	17	10.183
12	81	10.1778
13	80	10.1778
10	39	-10.1765
11	38	-10.1765
62	69	-10.1734
63	68	-10.1734
11	26	10.1706
10	27	10.1706
46	59	-10.1687
47	58	-10.1687
7	16	10.1631
6	17	10.1631
43	76	-10.1628
42	77	-10.1628
74	77	10.1581
75	76	10.1581
58	93	10.1571
59	92	10.1571
15	46	-10.1557
14	47	-10.1557
36	49	-10.1545
37	48	-10.1545
1	56	-10.1519
0	57	-10.1519
6	73	10.151
7	72	10.151
13	84	10.151
12	85	10.151
48	69	-10.1479
49	68	-10.1479
21	32	-10.1468
20	33	-10.1468
14	93	10.1449
15	92	10.1449
49	70	10.1401
48	71	10.1401
25	62	10.1385
24	63	10.1385
22	49	10.1375
23	48	10.1375
31	86	10.1354
30	87	10.1354
6	47	10.1345
7	46	10.1345
28	59	-10.1284
29	58	-10.1284
1	26	-10.1153
0	27	-10.1153
58	83	10.1149
59	82	10.1149
29	30	10.1122
28	31	10.1122
9	92	-10.112
8	93	-10.112
47	88	10.1091
46	89	10.1091
22	63	10.1065
23	62	10.1065
66	97	-10.1041
67	96	-10.1041
8	53	-10.1037
9	52	-10.1037
32	57	-10.1003
33	56	-10.1003
1	42	10.0959
0	43	10.0959
8	95	-10.0944
9	94	-10.0944
82	89	-10.0906
83	88	-10.0906
0	39	10.0904
1	38	10.0904
7	52	-10.0881
6	53	-10.0881
7	94	-10.0877
6	95	-10.0877
8	87	10.0824
9	86	10.0824
25	48	10.0767
24	49	10.0767
32	85	10.074
33	84	10.074
62	71	10.0708
63	70	10.0708
27	96	10.069
26	97	10.069
7	86	10.068
6	87	10.068
56	77	10.068
57	76	10.068
31	72	10.0652
30	73	10.0652
30	95	-10.0651
31	94	-10.0651
34	65	-10.0615
35	64	-10.0615
31	52	-10.0606
30	53	-10.0606
12	75	-10.0599
13	74	-10.0599
6	99	-10.0567
7	98	-10.0567
88	93	-10.0563
89	92	-10.0563
9	46	10.0551
8	47	10.0551
15	86	-10.0538
14	87	-10.0538
6	29	10.0528
7	28	10.0528
51	62	-10.0527
50	63	-10.0527
0	41	-10.0521
1	40	-10.0521
17	44	10.0518
16	45	10.0518
55	96	-10.0518
54	97	-10.0518
33	74	-10.0509
32	75	-10.0509
15	98	10.049
14	99	10.049
12	89	10.046
13	88	10.046
19	44	10.0388
18	45	10.0388
45	72	10.0329
44	73	10.0329
9	28	10.0306
8	29	10.0306
44	79	10.0289
45	78	10.0289
17	30	10.0197
16	31	10.0197
14	95	10.0102
15	94	10.0102
14	53	10.0102
15	52	10.0102
12	59	-10.0087
13	58	-10.0087
33	80	10.0048
32	81	10.0048
48	51	-10.0003
49	50	-10.0003
52	94	1.99976
4	36	1.99361
46	86	1.99243
36	68	1.99206
22	90	1.99122
54	66	1.99059
52	98	1.98957
94	98	1.98928
82	92	1.98876
8	30	1.98727
58	74	1.98711
22	70	1.98564
20	40	1.98563
24	90	1.98112
40	56	1.97892
92	94	1.97803
4	68	1.97593
30	44	1.97477
52	92	1.97333
26	38	-1.97271
4	66	1.97245
36	50	1.97219
18	24	-1.97162
12	32	1.96971
18	72	1.96727
92	98	1.96503
22	24	1.9614
70	90	1.96038
56	74	1.95867
80	84	1.95798
4	54	1.95776
50	68	1.95767
20	56	1.95612
38	42	1.95365
80	88	1.95361
12	28	1.95219
4	50	1.95199
36	66	1.95108
82	98	1.95105
82	94	1.94832
16	28	1.94746
12	46	1.94636
26	40	1.94606
8	88	1.94457
18	90	-1.94426
52	82	1.94206
48	62	1.941
16	86	1.94036
20	74	1.93964
66	68	1.93914
8	44	1.9363
16	46	1.93475
16	78	1.93453
90	98	1.93446
60	70	1.93372
28	78	1.92939
22	60	1.92731
42	80	1.92495
52	90	1.92457
36	54	1.92347
40	74	1.92194
16	50	1.92137
56	58	1.91725
90	94	1.9168
18	52	-1.91479
26	56	1.9124
22	98	1.91142
10	34	1.91096
6	58	-1.908
18	94	-1.90716
70	98	1.90446
12	86	1.90379
24	70	1.90297
38	56	-1.90195
54	68	1.89704
18	22	-1.89681
38	40	-1.89635
8	80	1.89598
28	46	1.89521
30	88	1.89483
50	78	1.89217
12	16	1.89098
20	26	1.88599
22	52	1.88526
32	46	1.8846
24	72	-1.88321
52	72	-1.8817
18	98	-1.87987
0	32	1.87926
60	90	1.87846
24	52	1.87844
22	94	1.87685
72	94	-1.87659
8	84	1.87655
20	58	1.87521
24	98	1.87043
42	88	1.87018
24	94	1.86833
28	86	1.86501
38	64	1.86496
68	78	1.86471
84	88	1.86399
26	42	-1.86388
6	88	1.86158
28	32	1.86123
50	66	1.85949
52	70	1.85849
24	60	1.85653
40	58	1.85422
70	94	1.8515
48	96	1.84505
6	74	-1.84434
72	90	-1.844
42	56	-1.84319
6	62	-1.83838
26	60	1.83765
36	78	1.83428
50	54	1.83043
90	92	1.82486
32	86	1.82481
2	64	1.8239
26	64	-1.82307
18	70	-1.822
72	98	-1.81887
24	64	-1.81807
30	80	1.81797
50	86	1.81685
16	36	1.81604
20	38	-1.81463
42	84	1.8126
18	92	-1.81217
42	64	1.81203
16	68	1.81015
18	64	1.80891
30	84	1.80616
46	76	-1.8054
76	96	1.80441
72	92	-1.80193
40	60	1.79857
0	12	1.79806
14	58	1.79394
32	76	-1.79009
12	78	1.78873
40	42	-1.78682
82	90	1.78668
20	60	1.78542
6	8	1.78484
44	88	1.78405
76	86	-1.78301
28	50	1.78198
22	92	1.78171
38	80	1.78078
14	48	1.7777
6	30	1.7776
26	74	1.77677
46	78	1.77462
22	72	-1.77378
24	26	1.77354
4	78	1.77353
46	50	1.77339
78	86	1.77171
2	72	1.77166
70	92	1.77164
6	56	-1.76896
4	16	1.76703
6	48	-1.76557
56	88	-1.76474
16	32	1.76421
70	82	1.76378
64	72	1.76253
14	74	1.75938
38	74	-1.75585
24	92	1.75514
22	82	1.75415
58	88	-1.74266
18	82	-1.74222
38	88	1.73884
44	84	1.738
12	76	-1.73746
22	26	1.72914
18	60	-1.7281
62	96	1.72769
72	82	-1.71827
60	98	1.71811
74	88	-1.71481
44	80	1.71112
38	60	-1.7102
8	42	1.71005
64	90	-1.70747
42	74	-1.70622
26	90	1.70331
0	28	1.6989
24	82	1.69875
24	38	-1.69822
56	80	-1.69482
6	80	1.6947
20	42	-1.69283
26	58	1.69262
38	58	-1.6908
2	18	1.68988
70	72	-1.68697
56	60	1.67837
36	86	1.67627
28	68	1.67415
42	58	-1.67343
26	70	1.67326
22	64	-1.67057
52	60	1.66999
48	58	1.66892
12	50	1.6639
6	44	1.66387
66	78	1.66226
28	36	1.65869
60	94	1.65838
18	26	-1.65327
6	14	-1.65087
58	62	1.65056
40	88	-1.64873
6	40	-1.64828
26	80	-1.64757
68	86	1.64644
6	20	-1.646
6	42	1.64355
32	78	1.64042
4	86	1.6381
14	20	1.6364
30	62	-1.63268
40	64	-1.63216
38	84	1.63196
26	88	-1.62675
36	46	1.62346
16	66	1.62072
14	62	1.61832
22	38	-1.61755
64	80	1.61712
60	64	-1.61383
0	46	1.61047
30	42	1.60999
10	82	1.60941
56	64	-1.60684
38	90	-1.60429
24	40	1.60392
22	40	1.60272
46	68	1.60125
54	78	1.59794
58	80	-1.5978
2	24	-1.59651
18	38	1.5965
40	80	-1.59576
10	92	1.59502
4	28	1.59244
74	80	-1.59039
20	88	-1.58606
16	76	-1.5858
14	56	1.58461
8	62	-1.58149
44	62	-1.58108
16	54	1.57983
4	46	1.57792
8	58	-1.57755
40	70	1.57414
60	72	-1.56964
64	70	-1.56895
6	38	1.56678
48	74	1.56677
28	76	-1.56617
8	56	-1.56355
0	62	-1.56312
60	74	1.56255
62	88	-1.56126
20	22	1.56105
52	64	-1.55579
6	84	1.55527
40	90	1.55251
14	40	1.55048
38	70	-1.54889
20	70	1.54834
30	58	-1.54407
60	92	1.54295
64	94	-1.54293
62	74	1.54211
32	96	-1.54182
14	96	1.53979
64	84	1.53853
20	24	1.5378
8	38	1.53674
0	86	1.53284
20	64	-1.53243
8	74	-1.53164
24	42	-1.53018
0	76	-1.52989
60	82	1.52442
42	60	-1.52239
64	98	-1.52043
26	72	-1.51303
0	16	1.51203
12	36	1.51004
12	68	1.50959
6	26	-1.5093
2	38	1.50862
20	80	-1.50844
56	84	-1.50832
34	54	-1.50773
20	90	1.50135
24	56	1.5011
32	50	1.49965
30	56	-1.4966
54	56	-1.4935
48	76	1.4933
4	38	1.49265
38	66	1.48954
30	74	-1.48888
26	84	-1.48852
36	38	1.48833
34	66	-1.48734
2	90	-1.48672
4	34	-1.48448
42	66	1.48415
4	26	-1.48409
2	42	1.48389
22	56	1.48022
38	68	1.47929
38	54	1.47852
66	86	1.47784
64	88	1.47728
38	72	1.47677
40	54	-1.47664
42	44	1.4759
26	36	-1.47225
26	54	-1.47077
42	68	1.47008
56	66	-1.46931
64	78	1.46866
2	52	-1.46621
26	66	-1.46446
10	94	1.46372
62	76	1.46231
32	62	-1.46202
86	90	-1.46155
24	86	-1.46013
18	40	-1.4601
26	50	-1.45992
2	26	-1.45937
34	36	-1.45931
0	78	1.45928
26	98	1.45924
64	68	1.45914
2	94	-1.45896
36	42	1.45871
4	42	1.45858
54	86	1.45709
42	54	1.4566
38	50	1.45586
12	72	1.45344
18	46	1.45305
58	60	1.45275
22	86	-1.45246
50	64	1.45151
24	46	-1.45134
4	12	1.45032
46	90	-1.45
10	52	1.44966
20	54	-1.44804
26	52	1.44742
54	74	-1.44709
18	42	1.44686
30	48	-1.44679
40	66	-1.44672
8	40	-1.44621
16	18	1.44586
28	66	1.44579
16	24	-1.44577
26	68	-1.4455
56	70	1.44532
18	86	1.44526
4	40	-1.44525
48	88	-1.44434
36	64	1.44379
4	56	-1.44358
10	54	-1.44327
0	44	1.44126
30	38	1.44016
2	78	1.43845
16	64	1.43767
28	72	1.43722
12	18	1.43719
22	42	-1.43699
56	90	1.43664
76	82	1.43623
26	94	1.43298
22	46	-1.43253
46	52	-1.4313
34	50	-1.43082
42	90	-1.42908
32	72	1.42887
70	86	-1.42874
34	68	-1.42827
46	94	-1.42785
12	96	-1.42775
64	74	-1.42649
52	86	-1.42383
86	98	-1.42226
46	98	-1.42219
16	72	1.42121
58	84	-1.42117
54	58	-1.42116
76	98	1.42108
44	58	-1.42037
8	26	-1.42024
0	48	-1.41993
86	94	-1.41993
46	72	1.41991
2	28	1.41963
2	22	-1.41939
8	48	-1.41879
76	92	1.41849
46	96	-1.41817
18	28	1.41802
24	50	-1.41752
4	64	1.41743
10	98	1.41664
46	66	1.41647
40	84	-1.41633
64	92	-1.41609
66	80	1.41523
36	40	-1.41432
10	66	-1.41304
36	56	-1.41134
66	88	1.41089
6	96	-1.40984
16	90	-1.40669
74	84	-1.40655
66	74	-1.40649
20	66	-1.40638
0	96	-1.40601
28	64	1.40585
46	70	-1.40373
76	94	1.40326
4	20	-1.40287
52	76	1.40083
56	62	1.3994
42	50	1.39723
8	20	-1.39702
10	62	1.39697
72	86	1.39678
18	32	1.39658
32	52	-1.39638
54	88	1.39615
32	94	-1.39605
28	54	1.39557
48	56	1.39501
2	98	-1.39475
12	24	-1.39283
76	78	-1.3927
12	52	-1.39204
18	20	-1.39169
46	54	1.3908
12	94	-1.38928
18	50	1.38862
50	76	-1.38822
32	48	-1.38773
60	86	-1.38685
46	92	-1.38613
16	22	-1.38578
64	66	1.38493
40	50	-1.38265
30	40	-1.38214
56	68	-1.38131
58	66	-1.38122
2	92	-1.37977
54	80	1.37966
68	80	1.37966
24	28	-1.37954
44	48	-1.37932
4	10	-1.37784
32	92	-1.37754
86	92	-1.37634
62	80	-1.37582
42	70	-1.37526
40	68	-1.37523
86	96	-1.37502
10	48	1.37482
12	90	-1.37366
50	90	-1.37278
72	78	1.37211
50	60	-1.37011
44	74	-1.37
44	56	-1.36998
18	56	-1.36814
24	36	-1.36724
20	36	-1.36579
22	50	-1.36563
38	98	-1.36562
38	52	-1.36421
18	78	1.36314
6	34	-1.36276
32	98	-1.36269
4	74	-1.3615
4	24	-1.36144
12	98	-1.35945
16	26	-1.35778
46	82	-1.35755
34	62	1.35622
50	56	-1.3561
58	64	-1.35595
4	80	1.35571
0	30	1.3553
14	88	-1.35491
36	80	1.35399
42	72	1.35353
64	82	-1.35271
82	86	-1.35269
70	76	1.35269
16	52	-1.35217
14	26	1.35169
38	94	-1.35052
12	92	-1.35006
6	54	1.34915
38	78	1.34846
4	60	-1.3483
20	30	-1.34804
54	64	1.34747
46	60	-1.34679
16	94	-1.34672
10	36	-1.34583
32	36	1.34489
50	72	1.34462
2	16	1.34444
24	78	-1.3433
20	48	1.34312
32	68	1.34308
76	90	1.34294
2	80	1.34268
16	38	1.34261
24	68	-1.34194
2	84	1.34014
18	36	1.33984
32	82	-1.33794
12	22	-1.33735
24	32	-1.33694
26	30	-1.3366
22	74	1.33658
16	70	-1.33628
24	74	1.33619
22	76	1.33602
20	50	-1.33534
82	96	1.3346
32	90	-1.33447
2	12	1.33416
20	84	-1.3341
16	60	-1.33359
64	86	1.33294
66	84	1.33267
28	90	-1.33188
34	48	1.33057
36	60	-1.33037
4	88	1.32991
16	98	-1.3297
34	82	1.32923
46	64	1.32809
16	34	-1.32803
0	72	1.32737
4	18	1.32702
14	38	-1.327
54	60	-1.32663
18	68	1.3264
6	66	1.32636
10	72	-1.3248
42	78	1.3243
68	88	1.32263
20	68	-1.3213
34	58	1.32099
68	84	1.32059
2	70	-1.32055
40	72	-1.31998
60	80	-1.31992
4	58	-1.31969
26	78	-1.31951
50	70	-1.31937
36	74	-1.31921
12	64	1.31877
34	86	-1.31828
70	74	1.31819
4	90	-1.31746
10	68	-1.31702
40	98	1.31689
36	90	-1.31639
4	22	-1.31482
38	44	1.31456
2	60	-1.31361
28	52	-1.31246
62	84	-1.31231
34	92	1.31199
24	54	-1.31194
36	88	1.31141
20	62	1.31097
8	64	1.31063
2	82	-1.30984
24	66	-1.30977
22	36	-1.30922
10	50	-1.30779
28	94	-1.30775
26	86	-1.30604
58	96	1.3055
12	82	-1.30549
68	72	1.3051
36	72	1.30458
2	68	1.30401
14	42	-1.30311
2	40	-1.30188
24	80	-1.3012
8	66	1.30116
26	92	1.30099
12	62	-1.30065
40	48	1.30015
60	88	-1.29996
12	66	1.29928
92	96	1.29664
22	28	-1.29657
60	66	-1.29545
22	32	-1.29502
6	10	-1.29479
12	70	-1.2945
48	80	-1.29441
34	46	-1.29332
40	52	1.2926
18	76	-1.29253
50	52	-1.29188
4	32	1.29156
16	92	-1.29003
74	90	1.28853
54	84	1.28813
24	76	1.28802
40	62	1.28753
50	94	-1.28666
68	74	-1.28631
4	72	1.2859
36	84	1.28543
18	66	1.28533
8	54	1.28411
68	90	-1.28248
2	50	1.28246
34	74	1.28106
60	68	-1.2806
28	96	-1.28026
40	94	1.28016
20	98	1.27971
54	90	-1.27933
22	54	-1.27919
4	84	1.27919
40	44	-1.27887
18	54	1.27865
78	90	-1.27697
10	96	1.27694
36	58	-1.27656
2	32	1.276
34	78	-1.27592
2	56	-1.27579
50	98	-1.27568
28	98	-1.27486
2	14	-1.27404
4	70	-1.27222
42	62	-1.26983
22	68	-1.26956
50	80	1.2691
26	46	-1.26865
16	42	1.26821
0	6	1.26721
66	90	-1.26581
2	36	1.26422
12	54	1.26387
36	70	-1.26176
32	70	-1.26175
20	44	-1.26137
26	82	1.26046
72	76	-1.26011
22	66	-1.25985
20	72	-1.25952
66	72	1.25929
38	86	1.25736
0	50	1.2573
0	8	1.25726
0	2	1.25625
2	20	-1.25528
50	74	-1.25461
28	92	-1.25419
30	96	-1.25399
36	76	-1.25325
2	46	1.25219
48	84	-1.25109
20	52	1.25005
58	68	-1.24926
22	78	-1.24865
16	82	-1.24842
10	86	-1.24784
4	52	-1.24784
16	40	-1.2477
10	18	-1.24715
30	66	1.24703
12	48	-1.24701
6	64	1.24663
14	80	-1.24656
0	18	1.24654
24	58	1.24492
36	52	-1.2445
4	94	-1.24429
56	72	-1.24416
54	70	-1.24388
26	28	-1.24344
54	72	1.2432
10	76	1.24276
14	60	1.24233
28	38	1.24208
28	70	-1.24206
22	80	-1.24142
84	96	-1.24117
22	58	1.24087
10	46	-1.2404
36	94	-1.24033
96	98	1.24
8	14	-1.23995
50	92	-1.23904
20	94	1.23874
60	84	-1.23816
52	54	-1.23783
44	96	-1.23724
0	94	-1.23687
30	54	1.23667
54	94	-1.23659
68	76	-1.23616
0	52	-1.23597
10	32	-1.23549
18	80	1.23535
14	30	-1.23491
4	6	1.23454
8	96	-1.23388
94	96	1.23362
24	84	-1.23278
26	44	-1.23176
10	16	-1.23162
4	98	-1.23071
54	92	-1.23068
0	92	-1.23047
16	96	-1.23018
6	60	-1.22979
12	60	-1.22897
12	34	-1.22884
28	34	-1.22864
38	92	-1.22846
80	90	-1.22807
42	48	-1.22791
2	86	1.22711
52	96	1.22694
42	98	-1.22615
32	64	1.22615
42	52	-1.22579
38	46	1.22574
52	78	-1.22573
60	76	1.22458
36	98	-1.22408
34	88	-1.22372
58	70	1.22369
2	4	1.22336
4	76	-1.22188
52	66	-1.22172
34	56	1.22122
74	96	1.22114
54	98	-1.22056
78	94	-1.22033
28	60	-1.22014
66	94	-1.21982
24	88	-1.21941
14	54	-1.2194
14	34	1.21892
30	64	1.21842
68	70	-1.21775
78	80	1.21771
66	70	-1.21746
52	68	-1.21701
70	80	-1.21606
50	88	1.21597
18	74	-1.21585
4	92	-1.21547
42	94	-1.21484
56	98	1.2147
4	8	1.21395
32	34	-1.21359
8	68	1.21331
68	94	-1.21281
50	84	1.21206
40	86	-1.21193
10	58	1.21145
34	76	1.21117
40	78	-1.21042
60	78	-1.21024
0	14	-1.2092
10	90	1.20902
10	12	-1.20792
54	82	-1.20703
66	92	-1.20666
36	92	-1.20466
50	82	-1.20462
28	82	-1.20449
16	56	-1.20412
16	20	-1.20306
46	62	-1.203
34	94	1.20294
50	58	-1.20288
32	44	1.20089
58	90	1.19996
22	84	-1.19901
70	84	-1.19879
66	98	-1.19867
48	82	1.19847
52	56	1.19827
6	36	1.19798
8	36	1.19738
88	96	-1.19725
34	96	1.19717
2	66	1.1964
44	76	-1.19619
38	62	-1.1952
56	78	-1.19342
0	98	-1.19322
10	14	1.19299
34	52	1.19244
2	88	1.19197
78	98	-1.19148
2	74	-1.19143
78	84	1.1914
68	98	-1.19118
70	78	-1.19046
8	60	-1.19037
38	82	-1.18984
6	68	1.18815
0	82	-1.18801
56	94	1.18748
28	42	1.18658
62	82	1.18619
84	90	-1.18572
4	82	-1.18569
18	84	1.18488
12	26	-1.18307
62	92	1.18218
14	66	-1.17959
22	88	-1.17959
20	86	-1.17957
46	48	-1.1782
48	92	1.1781
66	82	-1.17695
68	92	-1.1762
38	48	-1.17508
20	34	1.17504
10	78	-1.17451
44	66	1.17345
30	34	-1.17326
40	92	1.17313
0	10	-1.17247
8	34	-1.17242
36	82	-1.17108
72	80	1.17088
32	60	-1.17054
78	96	-1.17003
34	98	1.16917
40	46	-1.16893
10	22	1.16863
10	70	1.16825
14	44	-1.16799
44	54	1.16781
0	24	-1.16768
14	64	-1.16741
34	40	1.16688
78	92	-1.16671
10	28	-1.16604
20	78	-1.16494
42	86	1.16443
14	84	-1.16425
80	96	-1.16366
32	66	1.16261
70	88	-1.16147
10	24	1.16112
12	38	1.16093
4	30	1.15959
10	74	1.1591
0	90	-1.15909
88	90	-1.15814
26	62	1.1578
2	58	-1.15383
30	60	-1.15357
28	62	-1.15322
30	68	1.15295
26	48	1.1527
0	68	1.15246
56	86	-1.15169
62	86	-1.15099
2	54	1.15043
30	76	-1.14952
40	82	1.14824
10	30	-1.14768
18	88	1.14672
76	84	-1.14619
14	76	1.1458
0	36	1.1447
44	60	-1.14463
30	32	1.14445
20	92	1.14317
18	58	-1.14277
30	36	1.14098
68	82	-1.13967
16	80	1.13917
42	46	1.13869
0	88	1.13833
4	14	-1.13757
32	54	1.1369
20	46	-1.13659
10	88	-1.13623
72	84	1.13589
28	40	-1.134
48	86	-1.13399
2	96	-1.13335
44	64	1.13278
6	32	1.13278
34	80	-1.13166
78	88	1.13123
6	76	-1.13111
8	10	-1.12979
0	34	-1.1295
0	22	-1.12569
20	82	1.12481
28	48	-1.12469
34	42	-1.1241
70	96	1.12399
42	92	-1.12313
2	10	-1.12304
78	82	-1.12258
54	62	-1.12171
72	74	-1.12006
62	94	1.1199
84	98	-1.11917
90	96	1.11856
0	64	1.1173
34	72	-1.11683
8	76	-1.11683
66	76	-1.11555
34	44	-1.11547
46	56	-1.11441
14	32	-1.11424
14	36	-1.1139
6	50	1.11382
52	62	1.1135
10	44	-1.11346
8	50	1.11225
74	98	1.11132
8	70	-1.11117
16	84	1.1105
48	54	-1.11031
48	94	1.11029
64	76	-1.10969
14	68	-1.10882
16	74	-1.10869
14	78	-1.10867
0	70	-1.10775
74	78	-1.10768
72	96	-1.10746
0	58	-1.1071
22	96	1.10681
44	70	-1.10673
0	4	1.10565
34	38	-1.10559
80	98	-1.10396
6	24	-1.10373
48	52	1.10373
56	96	1.10365
12	44	1.10306
54	76	-1.10268
2	76	-1.10151
2	8	1.10139
26	32	-1.10131
20	28	-1.10124
42	82	-1.10122
8	24	-1.10085
82	84	-1.10042
18	96	-1.10039
4	44	1.10035
62	66	-1.10014
28	56	-1.09993
56	92	1.09935
8	22	-1.09699
48	98	1.09666
52	74	1.09569
12	42	1.09547
62	98	1.09527
26	34	1.09364
52	84	-1.09346
10	56	1.09181
52	80	-1.09123
44	68	1.09054
84	94	-1.09006
74	94	1.08845
14	28	-1.08812
30	70	-1.08802
6	22	-1.08725
72	88	1.08706
2	48	-1.08635
50	96	-1.08624
80	94	-1.08529
48	66	-1.08485
12	40	-1.08444
8	32	1.0833
36	44	1.0832
28	80	1.08062
14	70	1.08041
20	96	1.07999
32	38	1.07963
16	88	1.0794
56	82	1.07835
14	22	1.07801
24	96	1.07566
58	78	-1.0745
6	70	-1.07349
8	90	-1.07347
14	50	-1.07344
26	76	1.07326
16	62	-1.0732
74	86	-1.07242
42	96	-1.07224
14	24	1.07102
84	92	-1.07083
34	84	-1.07044
12	14	-1.06995
84	86	1.06943
58	72	-1.06775
18	34	-1.06762
6	90	-1.06703
62	72	-1.06662
30	50	1.06648
16	58	-1.06595
22	30	-1.06465
22	44	-1.06445
80	86	1.06362
0	74	-1.06344
28	84	1.06273
2	6	1.06144
10	20	1.06087
0	60	-1.06023
12	20	-1.05864
10	80	-1.05851
58	98	1.05834
12	30	1.05737
44	46	1.05706
16	48	-1.05671
8	78	1.05655
40	96	1.05589
24	30	-1.05521
44	82	-1.05508
76	80	-1.05347
0	80	1.05341
8	18	1.05258
46	84	1.05186
10	40	1.05184
14	90	1.05173
80	82	-1.05108
2	30	1.0502
0	84	1.05017
34	90	1.04966
68	96	-1.04942
12	56	-1.04867
52	58	1.04858
44	86	1.04769
6	18	1.04752
6	12	1.04645
46	80	1.04463
88	98	-1.04455
46	74	-1.04396
58	94	1.04383
80	92	-1.04328
76	88	-1.04324
10	60	1.04321
58	76	1.04309
30	90	-1.04153
48	72	-1.03983
44	98	-1.03952
10	84	-1.03945
38	76	-1.03929
4	62	-1.03802
48	78	-1.03801
44	90	-1.03714
36	96	-1.03681
44	92	-1.03644
74	92	1.03626
48	60	1.03593
18	62	-1.03564
52	88	-1.0356
28	74	-1.03555
14	16	-1.03539
58	86	-1.03521
64	96	-1.03499
0	66	1.03487
28	44	1.03478
2	34	-1.03443
22	34	1.03413
14	18	-1.0341
30	82	-1.03398
14	72	-1.03368
34	70	1.03285
24	34	1.03188
32	42	1.03185
44	50	1.03178
88	94	-1.03135
48	64	-1.03101
4	48	-1.03081
10	42	-1.03006
60	96	1.03004
28	88	1.02969
24	44	-1.02949
62	78	-1.02943
40	76	1.0291
10	64	-1.02909
32	40	-1.02894
8	82	-1.02839
32	88	1.02766
14	82	1.02744
6	78	1.02704
8	98	-1.02701
32	58	-1.02695
74	82	1.02682
60	62	1.0245
86	88	1.02387
62	64	-1.02374
2	62	-1.02367
0	54	1.02297
30	78	1.02262
6	82	-1.02255
8	72	1.02253
20	76	1.02219
2	44	1.02213
6	92	-1.02184
0	20	-1.02163
38	96	-1.02136
62	90	1.02124
44	94	-1.02115
36	62	-1.02104
8	12	1.02087
30	98	-1.02002
44	52	-1.01996
18	48	-1.01993
4	96	-1.01993
30	46	1.01971
18	30	1.01971
48	90	1.01946
34	60	1.01906
30	92	-1.01853
8	16	1.0183
12	80	1.01778
10	38	-1.01765
62	68	-1.01734
10	26	1.01706
46	58	-1.01687
6	16	1.01631
42	76	-1.01628
74	76	1.01581
58	92	1.01571
14	46	-1.01557
36	48	-1.01545
0	56	-1.01519
6	72	1.0151
12	84	1.0151
48	68	-1.01479
20	32	-1.01468
14	92	1.01449
48	70	1.01401
24	62	1.01385
22	48	1.01375
30	86	1.01354
6	46	1.01345
28	58	-1.01284
0	26	-1.01153
58	82	1.01149
28	30	1.01122
8	92	-1.0112
46	88	1.01091
22	62	1.01065
66	96	-1.01041
8	52	-1.01037
32	56	-1.01003
0	42	1.00959
8	94	-1.00944
82	88	-1.00906
0	38	1.00904
6	52	-1.00881
6	94	-1.00877
8	86	1.00824
24	48	1.00767
32	84	1.0074
62	70	1.00708
26	96	1.0069
6	86	1.0068
56	76	1.0068
30	72	1.00652
30	94	-1.00651
34	64	-1.00615
30	52	-1.00606
12	74	-1.00599
6	98	-1.00567
88	92	-1.00563
8	46	1.00551
14	86	-1.00538
6	28	1.00528
50	62	-1.00527
0	40	-1.00521
16	44	1.00518
54	96	-1.00518
32	74	-1.00509
14	98	1.0049
12	88	1.0046
18	44	1.00388
44	72	1.00329
8	28	1.00306
44	78	1.00289
16	30	1.00197
14	94	1.00102
14	52	1.00102
12	58	-1.00087
32	80	1.00048
48	50	-1.00003
