19	75	-199.807
27	33	199.697
33	37	199.492
57	65	199.458
45	69	199.381
17	65	198.986
17	29	198.941
17	57	198.807
23	53	198.74
61	79	198.619
7	83	198.616
27	37	198.606
1	11	198.503
47	83	198.33
35	77	198.246
9	25	198.243
51	99	198.179
85	91	197.976
25	49	197.909
45	51	197.656
7	77	197.562
1	13	197.46
5	31	197.108
5	15	196.948
9	49	196.756
63	93	196.64
29	57	196.586
29	95	196.51
31	37	196.444
41	45	196.402
31	33	196.287
29	65	195.994
27	97	195.567
39	55	195.423
41	51	195.327
41	69	195.045
37	97	194.752
11	61	194.72
51	69	194.714
33	97	194.61
45	99	194.596
7	47	194.348
1	61	194.328
27	31	194.305
15	93	-193.617
3	87	193.604
35	39	193.591
21	89	193.573
73	75	193.277
77	83	192.774
55	73	192.731
19	73	-192.388
7	35	192.331
11	13	192.313
61	67	192.189
17	95	191.844
73	97	191.83
67	79	191.36
69	99	191.188
15	95	191.059
59	97	191.018
13	61	190.779
55	59	190.741
89	99	190.547
59	73	190.273
53	93	189.349
23	93	189.079
15	31	188.972
53	57	-188.938
47	87	188.649
1	79	188.596
5	37	188.449
11	79	188.36
35	55	188.358
41	99	188.279
69	89	188.081
45	89	188.052
5	93	-187.487
5	33	187.438
57	95	187.17
63	71	186.786
13	81	-186.771
27	59	186.768
13	79	186.548
15	29	186.466
47	77	185.996
39	77	185.756
65	95	185.687
35	83	185.671
11	67	185.595
51	89	185.284
19	97	-185.173
23	63	185.114
53	65	-184.841
15	63	-184.645
83	87	184.605
5	95	184.258
43	65	184.138
5	27	184.122
75	97	183.97
31	97	183.588
7	81	183.321
33	59	183.104
77	81	183.09
17	53	-182.105
53	63	181.974
5	63	-181.177
23	57	-181.168
15	17	180.564
55	77	180.213
43	57	180.064
37	59	179.947
15	57	179.815
29	53	-179.774
1	67	179.627
21	67	179.481
39	59	179.281
21	99	179.218
81	83	178.72
39	73	178.662
35	47	178.289
57	93	-178.201
15	53	-177.975
81	91	-177.933
55	97	177.923
27	73	177.865
1	81	-177.852
29	93	-177.64
17	43	177.114
55	75	177.018
31	95	176.79
93	95	-176.507
23	65	-176.275
7	87	176.113
75	91	-175.914
35	81	175.737
19	91	175.457
37	73	175.439
15	37	175.335
33	73	175.295
31	93	-175.086
9	19	174.945
15	65	174.882
7	39	174.699
19	55	-174.665
5	29	174.642
17	93	-174.503
15	33	174.485
35	73	174.459
15	23	-173.934
79	87	-173.819
71	93	173.573
41	89	173.567
17	23	-173.215
3	79	-172.95
13	87	-172.883
9	85	172.541
65	93	-172.167
75	81	172.089
59	75	171.846
9	75	-171.756
19	59	-171.251
23	71	171.132
23	29	-171.07
19	37	-171.033
21	79	170.9
3	47	170.72
15	27	170.593
13	67	170.508
5	97	170.423
49	85	170.103
31	63	-169.702
53	95	-169.653
21	45	169.438
21	51	169.131
47	81	168.781
19	27	-168.767
19	81	-168.657
19	85	168.654
21	69	168.581
37	75	168.478
11	81	-168.365
75	85	-168.313
13	83	-168.248
29	43	168.173
19	33	-168.068
61	87	-167.996
73	77	167.983
9	91	167.857
31	59	167.723
7	13	-167.382
27	75	166.808
7	55	166.618
5	17	166.599
81	85	-166.122
1	91	166.062
13	91	165.877
33	75	165.788
39	83	165.768
43	53	-165.406
19	25	164.894
5	57	164.742
27	55	164.439
35	75	164.283
3	61	-164.274
5	53	-163.96
21	61	163.672
57	63	-163.455
3	83	163.333
29	31	163.043
35	59	162.966
25	71	162.785
53	71	162.779
73	81	162.743
25	85	162.4
49	91	162.282
1	87	-162.219
75	77	162.133
11	91	162.051
33	95	161.97
29	63	-161.964
77	87	161.956
13	47	-161.941
23	95	-161.5
37	93	-161.496
25	75	-161.39
63	95	-161.304
61	81	-161.231
5	23	-161.052
81	87	160.789
55	81	160.76
19	35	-160.624
39	75	160.57
33	55	160.298
19	49	160.243
13	77	-160.22
37	95	160.144
39	97	159.73
37	63	-159.67
67	89	159.423
5	65	159.378
27	95	159.334
17	63	-158.825
3	13	-158.817
33	93	-158.783
1	85	158.612
37	55	158.425
19	77	-158.228
31	73	158.217
25	63	158.165
39	47	158.11
9	97	-158.102
9	37	-157.881
23	43	-157.659
19	39	-157.603
3	89	-157.303
49	75	-157.141
39	81	157.003
63	65	-156.928
79	89	156.441
13	85	156.432
11	85	156.308
25	91	156.284
55	83	155.712
33	63	-155.639
79	81	-155.475
49	71	154.825
25	37	-154.623
73	91	-154.541
27	93	-154.141
7	73	154.078
15	97	154.004
19	31	-153.94
1	83	-153.926
11	87	-153.908
3	21	-153.848
17	31	153.705
1	7	-153.259
9	73	-152.932
15	71	-152.713
21	41	152.612
3	7	152.518
5	59	152.185
59	77	152.041
1	3	-151.881
9	33	-151.84
25	97	-151.726
7	75	151.245
79	83	-151.185
43	95	150.964
27	63	-150.939
31	75	150.937
9	71	150.795
31	57	150.493
5	71	-150.455
35	87	150.188
47	79	-149.97
61	83	-149.796
13	35	-149.739
3	67	-149.714
9	31	-149.693
9	63	149.337
25	31	-149.12
9	27	-148.998
35	97	148.993
5	25	-148.697
25	33	-148.299
31	53	-148.209
1	47	-147.789
67	87	-147.596
7	19	-147.292
37	41	-147.248
1	77	-147.048
31	69	-147.001
37	69	-146.931
61	89	146.837
3	11	-146.767
27	39	146.767
47	61	-146.759
5	9	-146.461
7	61	-146.336
49	63	146.318
41	97	-146.217
21	63	146.166
7	79	-146.11
29	33	145.903
63	89	145.901
47	55	145.819
37	45	-145.765
23	31	-145.736
73	85	-145.687
33	69	-145.68
5	69	-145.595
33	41	-145.562
31	65	145.559
11	21	145.405
89	93	145.107
31	45	-145.065
25	93	144.936
25	27	-144.876
29	37	144.822
27	41	-144.639
25	73	-144.445
77	91	-144.266
27	69	-144.23
5	45	-144.004
33	45	-143.887
3	29	143.808
3	17	143.617
11	83	-143.478
21	71	143.477
31	41	-143.46
37	49	-143.304
5	73	143.029
7	11	-142.912
61	91	142.894
27	29	142.845
73	83	142.785
21	93	142.738
33	39	142.508
7	91	-142.383
5	89	-142.311
53	79	142.286
27	45	-142.231
31	55	142.136
15	89	-142.058
25	99	142.026
3	65	141.991
23	79	141.924
49	97	-141.921
63	99	141.753
63	97	-141.625
3	95	141.61
91	97	-141.57
25	51	141.355
5	19	-141.346
3	57	141.266
75	83	141.169
31	71	-141.151
3	69	-141.095
37	51	-140.981
15	69	-140.927
69	97	-140.918
77	97	140.802
93	97	-140.773
9	51	140.72
21	87	-140.718
1	21	140.707
21	23	140.496
65	87	140.488
37	39	140.389
45	97	-140.377
23	67	140.358
5	41	-140.182
17	87	139.96
15	25	-139.765
19	41	139.728
23	61	139.592
13	75	-139.487
95	97	139.451
9	99	139.445
43	93	-139.382
53	61	139.269
15	45	-139.237
31	51	-139.064
35	91	-139.005
5	51	-138.766
55	91	-138.582
57	87	138.551
3	81	138.492
51	63	138.235
1	35	-138.168
5	75	138.089
33	51	-138.067
41	75	-138.06
49	73	-137.914
31	49	-137.914
31	89	-137.889
87	89	-137.88
11	47	-137.878
61	77	-137.817
41	73	-137.812
83	91	-137.766
59	81	137.729
11	77	-137.689
9	93	137.643
29	87	137.628
21	53	137.613
33	49	-137.596
15	59	137.439
3	77	137.437
19	83	-137.422
93	99	137.41
67	81	-137.375
57	71	-137.351
5	49	-137.218
43	87	137.155
37	71	-137.111
85	97	-137.103
81	97	137.065
15	43	136.99
7	59	136.978
51	97	-136.841
45	93	136.787
53	67	136.746
45	63	136.632
5	99	-136.622
17	33	136.509
69	93	136.454
13	19	136.35
71	99	136.242
23	89	136.18
49	99	136.176
3	45	-136.165
61	85	136.133
27	51	-136.11
9	41	136.053
77	79	-136.023
53	89	135.833
17	37	135.654
51	93	135.649
37	99	-135.641
49	51	135.581
9	15	-135.578
67	99	135.572
71	89	135.548
57	79	-135.505
13	21	135.459
31	99	-135.156
13	43	-134.982
63	69	134.951
41	59	-134.907
43	83	134.838
27	49	-134.674
9	81	-134.518
15	41	-134.438
15	51	-134.133
43	81	134.088
25	41	133.957
39	71	-133.85
65	79	-133.819
7	43	133.71
15	21	-133.575
49	93	133.542
17	27	133.537
25	45	133.534
79	91	133.435
9	45	133.293
1	75	-133.189
77	85	-133.184
37	89	-133.108
33	71	-133.078
15	99	-133.059
9	59	-133.013
33	57	132.997
37	57	132.718
29	71	-132.685
3	15	132.637
37	53	-132.558
65	71	-132.546
27	35	132.495
33	99	-132.442
19	51	132.323
7	85	-132.317
13	39	-132.191
43	47	132.186
47	73	132.167
17	71	-132.096
3	43	131.872
3	99	-131.865
9	55	-131.63
41	43	-131.624
69	95	-131.615
23	37	-131.551
79	93	131.479
87	95	131.452
59	91	-131.443
5	21	-131.353
33	53	-131.294
67	71	131.282
17	79	-131.259
11	23	131.085
33	89	-131.049
57	61	-130.876
41	93	130.815
13	55	-130.732
47	75	130.703
11	35	-130.671
1	19	130.547
47	91	-130.514
67	83	-130.493
63	67	130.415
27	99	-130.146
51	75	-130.079
27	71	-130.073
41	63	130.056
59	95	130.037
19	45	130.029
1	53	130.009
23	33	-130.009
97	99	-129.938
11	53	129.911
1	23	129.848
27	57	129.833
59	69	-129.65
71	95	-129.629
35	61	-129.616
15	49	-129.502
51	71	129.485
67	93	129.473
89	95	-129.433
61	65	-129.358
83	85	-129.32
25	69	129.248
13	73	-129.191
23	99	129.124
9	69	129.12
43	77	129.112
33	35	129.103
67	69	129.075
55	85	-128.997
13	53	128.996
37	91	-128.991
3	53	-128.969
29	79	-128.96
43	79	-128.923
33	65	128.777
47	67	-128.747
57	89	-128.727
27	89	-128.514
41	49	128.464
39	87	128.46
35	37	128.406
79	99	128.401
35	85	-128.343
71	97	-128.313
29	89	-128.266
37	65	128.234
45	95	-128.143
29	69	-128.098
49	81	-128.091
7	67	-128.088
45	67	128.049
13	65	-128.018
45	59	-128.003
53	99	127.96
45	75	-127.927
45	73	-127.922
19	69	127.834
1	43	-127.818
37	85	-127.805
43	63	-127.781
5	55	127.778
27	53	-127.758
11	89	127.682
3	51	-127.561
13	57	-127.498
69	73	-127.464
19	47	-127.451
25	59	-127.419
7	97	127.388
35	79	-127.377
45	49	127.344
15	73	127.305
39	91	-127.286
13	23	127.218
63	79	127.196
27	91	-127.174
3	93	-127.052
69	79	127.001
43	61	-126.994
47	65	126.975
79	85	126.967
3	35	126.849
51	73	-126.771
59	83	126.754
87	91	-126.753
11	75	-126.748
25	89	126.745
57	69	-126.728
43	69	-126.675
23	27	-126.655
51	53	126.654
33	91	-126.561
45	53	126.529
23	51	126.509
31	39	126.465
25	55	-126.464
17	89	-126.376
41	55	-126.258
61	93	126.239
17	61	-126.236
43	45	-126.192
17	69	-126.044
1	39	-126.026
15	19	-126.016
59	85	-125.979
53	87	-125.94
27	65	125.921
67	91	125.877
53	69	125.854
69	75	-125.843
27	85	-125.734
3	5	125.733
51	67	125.69
65	89	-125.684
17	47	125.552
33	85	-125.484
65	83	125.44
29	45	-125.391
19	99	125.381
9	35	-125.36
59	63	-125.325
65	69	-125.215
45	57	-125.192
23	45	125.066
41	95	-124.972
21	31	-124.937
35	71	-124.909
1	89	124.874
47	85	-124.866
29	97	124.835
25	81	-124.815
45	79	124.787
59	93	-124.786
55	71	-124.765
19	63	124.672
1	55	-124.625
47	49	-124.607
9	77	-124.57
11	19	124.48
15	79	-124.311
41	57	-124.239
27	77	124.188
21	57	-124.163
3	23	-124.054
43	51	-124.012
1	57	-123.849
23	69	123.797
45	71	123.771
17	45	-123.752
47	57	123.661
13	17	-123.6
11	39	-123.58
29	61	-123.537
45	65	-123.496
1	65	-123.48
41	65	-123.45
59	71	-123.438
39	67	-123.414
49	69	123.294
41	53	123.274
23	25	123.272
67	77	-123.269
49	77	-123.257
29	41	-123.198
51	59	-123.19
15	75	123.145
35	43	123.107
75	99	-123.05
25	95	-123.04
35	49	-122.939
1	73	-122.934
17	83	122.927
25	35	-122.865
89	97	-122.696
17	41	-122.654
9	89	122.637
61	63	122.632
79	95	-122.431
85	87	-122.374
5	43	122.335
13	89	122.276
7	49	-122.125
29	47	122.125
57	83	122.116
9	39	-121.99
3	41	-121.91
21	47	-121.876
67	85	121.831
49	83	-121.804
49	55	-121.684
11	43	-121.667
57	67	-121.552
63	75	-121.522
25	77	-121.481
21	25	121.472
11	55	-121.4
33	77	121.359
21	29	-121.328
63	73	-121.254
23	87	-121.209
51	57	-121.184
37	77	121.154
23	41	121.017
15	87	120.99
61	99	120.887
25	39	-120.82
7	65	120.812
35	67	-120.737
21	65	-120.729
51	95	-120.701
11	57	-120.691
39	61	-120.672
69	71	120.636
71	79	120.502
17	21	-120.449
51	79	120.398
21	95	-120.307
7	9	-120.23
49	89	120.216
19	71	120.215
49	59	-120.209
71	73	-120.2
9	95	-120.096
25	53	119.871
55	87	119.819
19	93	119.749
69	87	-119.744
11	65	-119.723
21	37	-119.692
3	31	119.636
73	99	-119.598
71	77	-119.571
27	81	119.566
1	17	-119.52
47	71	-119.441
43	89	-119.403
29	51	-119.371
57	99	-119.288
51	65	-119.264
49	95	-119.248
13	29	-119.193
3	63	-119.182
43	99	-119.016
37	81	118.997
61	69	118.952
65	67	-118.846
47	59	118.784
29	83	118.768
15	67	-118.698
17	51	-118.527
39	85	-118.487
87	93	-118.439
95	99	-118.392
15	61	-118.35
21	83	-118.332
7	25	-118.279
83	97	118.275
11	73	-118.246
25	47	-118.177
73	93	-118.146
43	71	-118.124
71	75	-118.102
31	85	-118.053
39	49	-117.923
61	71	117.907
33	81	117.825
21	33	-117.823
7	17	117.791
39	79	-117.656
7	57	117.558
41	71	117.532
25	29	-117.487
17	97	117.403
29	99	-117.337
59	99	-117.274
31	91	-117.244
7	71	-117.218
39	41	-117.182
45	55	-117.176
9	83	-117.16
55	69	-117.152
45	61	117.102
71	83	-117.032
61	95	-117.021
65	81	116.957
75	93	-116.952
17	67	-116.91
65	99	-116.865
41	91	116.78
41	85	116.734
25	83	-116.641
9	47	-116.609
45	87	-116.386
11	17	-116.378
17	99	-116.319
29	59	116.282
5	79	-116.032
47	89	-116.018
51	55	-116.008
1	29	-115.986
9	23	115.975
73	95	115.975
29	67	-115.905
87	99	-115.853
9	21	115.834
21	27	-115.722
47	95	115.637
23	97	-115.569
5	39	115.491
15	55	115.454
53	97	-115.447
21	49	115.438
61	75	-115.378
23	49	115.361
55	61	-115.084
57	97	115.031
11	93	114.969
31	35	114.955
41	67	114.93
57	81	114.893
75	87	114.716
3	91	-114.6
51	85	114.516
55	67	-114.474
29	49	-114.432
9	13	114.185
1	93	114.038
3	85	-114.031
7	21	-113.839
55	63	-113.783
11	59	-113.737
13	59	-113.729
21	39	-113.7
11	29	-113.691
17	25	-113.691
51	61	113.651
65	77	113.555
7	29	113.523
43	67	-113.512
9	53	113.509
21	43	-113.458
9	29	-113.399
43	91	-113.391
51	91	113.383
19	61	113.274
7	27	113.232
5	67	-113.23
5	87	113.124
39	63	-113.074
59	89	-112.996
1	9	112.979
1	59	-112.926
49	87	-112.913
13	93	112.811
49	53	112.566
73	87	112.541
11	63	112.54
17	81	112.5
31	43	112.493
67	95	-112.491
25	57	-112.445
19	95	-112.368
19	87	-112.263
65	97	111.981
63	87	-111.938
47	53	-111.836
5	85	-111.732
53	83	-111.67
13	49	111.646
39	43	111.603
83	95	111.569
59	67	-111.491
55	99	-111.484
53	81	-111.478
17	49	-111.457
35	41	-111.362
41	79	111.347
19	89	111.346
39	51	-111.331
51	87	-111.32
83	89	-111.315
55	79	-111.238
7	33	111.178
7	37	111.171
13	95	-111.147
47	97	111.134
3	33	111.104
21	97	-110.979
3	71	-110.969
71	87	-110.96
3	49	-110.853
85	99	110.82
23	59	-110.764
5	61	-110.713
11	71	110.695
3	39	110.689
57	77	110.657
17	77	110.592
9	11	110.574
1	63	110.571
39	99	-110.55
39	45	-110.532
1	49	110.518
75	95	110.514
13	97	-110.431
75	79	-110.417
3	37	110.391
25	65	-110.346
5	91	-110.264
17	59	110.253
43	55	110.172
43	75	109.979
39	69	-109.898
61	73	-109.833
3	27	109.802
45	85	109.766
55	93	-109.734
1	95	-109.605
73	89	-109.535
9	17	-109.511
75	89	-109.5
21	81	-109.499
31	77	109.353
23	47	-109.321
23	81	-109.289
91	99	109.288
23	83	-109.248
21	77	-109.221
49	57	-109.039
21	35	-109.003
53	59	-108.944
7	53	-108.936
55	95	108.898
11	95	-108.892
45	91	108.864
11	49	108.634
19	79	108.611
31	79	-108.569
43	85	-108.55
41	81	-108.356
49	65	-108.34
19	43	-108.336
13	63	108.317
13	15	-108.27
21	59	-108.221
11	99	108.206
29	81	108.116
71	85	108.106
35	65	108.1
11	15	-108.097
43	73	108.079
9	57	-108.072
1	15	-108.006
57	59	107.831
69	85	107.817
31	67	-107.766
1	97	-107.719
41	77	-107.665
31	81	107.645
1	71	107.583
13	25	107.577
31	87	107.54
23	39	-107.355
15	39	107.202
7	23	-107.202
63	85	107.19
47	99	-107.151
25	87	-107.127
11	69	107.066
27	83	107.03
29	77	106.963
7	95	106.904
39	93	-106.851
29	73	106.794
69	91	106.762
5	35	106.612
1	25	106.57
7	89	-106.549
3	25	-106.538
59	61	-106.501
41	87	-106.415
9	65	-106.32
35	51	-106.262
41	61	106.259
1	99	106.232
85	95	-106.113
73	79	-106.102
39	89	-106.061
11	97	-106.041
59	65	106.024
9	87	-106.023
21	55	-105.946
15	47	105.88
17	35	105.779
35	57	105.73
11	45	105.716
35	63	-105.653
47	93	-105.591
33	83	105.579
37	83	105.569
63	91	105.493
1	69	105.395
35	99	-105.331
13	71	105.224
71	91	105.201
47	63	-105.079
3	55	105.07
15	85	-105.069
11	25	105.02
55	89	-104.909
67	73	-104.891
19	29	-104.876
53	77	-104.782
31	61	-104.641
67	75	-104.626
13	99	104.625
35	45	-104.585
13	69	104.505
33	43	104.413
23	77	-104.321
1	45	104.243
37	43	104.208
27	67	-104.177
3	9	-104.169
33	67	-104.121
23	55	-104.065
83	93	-103.857
47	69	-103.853
29	75	103.74
11	51	103.734
35	69	-103.721
37	67	-103.697
23	35	-103.663
15	83	103.655
83	99	-103.59
39	53	-103.583
15	91	-103.534
47	51	-103.517
59	79	-103.497
19	67	103.489
27	43	103.474
51	77	-103.45
17	73	103.445
13	45	103.437
51	81	-103.426
19	21	103.394
23	73	-103.346
81	89	-103.332
63	83	-103.296
59	87	103.276
7	31	103.258
85	93	103.222
29	35	103.188
19	23	103.134
45	47	-103.125
5	77	103.116
27	47	103.114
53	91	103.041
21	73	-103.035
5	11	-103.028
39	95	103.024
19	53	102.982
3	75	102.943
23	91	102.915
65	91	-102.888
77	99	-102.845
63	77	-102.825
7	41	-102.742
5	81	102.737
3	97	102.731
53	73	-102.644
37	79	-102.637
35	53	-102.634
29	85	-102.628
71	81	-102.62
91	95	-102.619
5	13	-102.61
1	51	102.604
1	5	-102.587
29	55	102.571
57	73	102.568
11	27	-102.515
77	89	-102.499
33	79	-102.488
77	95	102.469
91	93	102.424
25	67	102.375
9	61	102.374
43	49	-102.353
13	27	-102.352
21	75	-102.328
33	87	102.304
81	95	102.279
7	63	-102.271
35	89	-102.256
33	47	102.19
45	81	-102.173
7	99	-102.17
17	19	-102.154
17	85	-102.14
37	47	102.114
23	75	-102.097
57	91	-102.084
3	73	102.08
65	85	-102.07
53	75	-102.059
13	37	-102.037
1	27	-101.999
37	87	101.992
19	57	-101.944
3	19	-101.928
45	77	-101.924
13	51	101.893
65	73	101.803
27	87	101.777
67	97	-101.767
27	79	-101.746
7	93	-101.701
53	55	-101.701
13	33	-101.681
21	91	101.673
5	47	101.672
23	85	101.615
43	97	101.601
43	59	101.573
17	91	-101.569
87	97	101.557
17	75	101.542
69	81	-101.514
11	33	-101.507
57	75	101.487
81	93	-101.437
49	61	101.434
15	35	101.403
53	85	101.383
35	93	-101.345
7	15	101.306
69	77	-101.29
39	65	101.257
57	85	-101.255
51	83	-101.247
25	43	-101.221
69	83	-101.203
1	33	-101.192
7	51	-101.161
19	65	-101.098
15	81	101.096
1	37	-101.091
35	95	101.043
17	55	101.024
65	75	100.951
31	83	100.951
81	99	-100.949
29	91	-100.947
61	97	-100.935
9	67	100.923
11	37	-100.872
33	61	-100.782
45	83	-100.775
85	89	100.762
11	31	-100.747
3	59	100.713
11	41	100.698
37	61	-100.679
55	65	100.661
27	61	-100.657
49	67	100.648
21	85	100.64
5	83	100.593
41	83	-100.581
9	79	100.538
17	39	100.52
5	7	100.49
89	91	100.474
9	43	-100.466
55	57	100.433
39	57	100.425
13	41	100.421
41	47	-100.37
31	47	100.362
25	61	100.354
77	93	-100.351
29	39	100.347
15	77	100.322
49	79	100.269
13	31	-100.237
1	41	100.215
1	31	-100.181
25	79	100.17
63	81	-100.151
7	45	-100.11
79	97	-100.028
7	69	-100.015
56	57	20
44	45	20
82	83	20
18	19	20
84	85	20
54	55	20
48	49	20
86	87	20
26	27	20
88	89	20
90	91	20
24	25	20
22	23	20
92	93	20
94	95	20
96	97	20
50	51	20
46	47	20
16	17	20
40	41	20
80	81	20
70	71	20
68	69	20
32	33	20
66	67	20
64	65	20
30	31	20
72	73	20
36	37	20
20	21	20
74	75	20
76	77	20
28	29	20
62	63	20
60	61	20
38	39	20
14	15	20
78	79	20
58	59	20
52	53	20
42	43	20
34	35	20
0	1	20
98	99	20
2	3	20
8	9	20
12	13	20
10	11	20
4	5	20
6	7	20
18	75	-19.9807
19	74	-19.9807
26	33	19.9697
27	32	19.9697
33	36	19.9492
32	37	19.9492
56	65	19.9458
57	64	19.9458
44	69	19.9381
45	68	19.9381
17	64	19.8986
16	65	19.8986
17	28	19.8941
16	29	19.8941
16	57	19.8807
17	56	19.8807
22	53	19.874
23	52	19.874
61	78	19.8619
60	79	19.8619
7	82	19.8616
6	83	19.8616
27	36	19.8606
26	37	19.8606
0	11	19.8503
1	10	19.8503
47	82	19.833
46	83	19.833
35	76	19.8246
34	77	19.8246
8	25	19.8243
9	24	19.8243
51	98	19.8179
50	99	19.8179
85	90	19.7976
84	91	19.7976
25	48	19.7909
24	49	19.7909
44	51	19.7656
45	50	19.7656
6	77	19.7562
7	76	19.7562
0	13	19.746
1	12	19.746
5	30	19.7108
4	31	19.7108
4	15	19.6948
5	14	19.6948
8	49	19.6756
9	48	19.6756
63	92	19.664
62	93	19.664
29	56	19.6586
28	57	19.6586
29	94	19.651
28	95	19.651
31	36	19.6444
30	37	19.6444
40	45	19.6402
41	44	19.6402
30	33	19.6287
31	32	19.6287
28	65	19.5994
29	64	19.5994
27	96	19.5567
26	97	19.5567
39	54	19.5423
38	55	19.5423
41	50	19.5327
40	51	19.5327
40	69	19.5045
41	68	19.5045
36	97	19.4752
37	96	19.4752
10	61	19.472
11	60	19.472
51	68	19.4714
50	69	19.4714
32	97	19.461
33	96	19.461
44	99	19.4596
45	98	19.4596
6	47	19.4348
7	46	19.4348
1	60	19.4328
0	61	19.4328
26	31	19.4305
27	30	19.4305
14	93	-19.3617
15	92	-19.3617
2	87	19.3604
3	86	19.3604
35	38	19.3591
34	39	19.3591
21	88	19.3573
20	89	19.3573
73	74	19.3277
72	75	19.3277
76	83	19.2774
77	82	19.2774
54	73	19.2731
55	72	19.2731
19	72	-19.2388
18	73	-19.2388
7	34	19.2331
6	35	19.2331
10	13	19.2313
11	12	19.2313
61	66	19.2189
60	67	19.2189
16	95	19.1844
17	94	19.1844
72	97	19.183
73	96	19.183
67	78	19.136
66	79	19.136
68	99	19.1188
69	98	19.1188
14	95	19.1059
15	94	19.1059
59	96	19.1018
58	97	19.1018
12	61	19.0779
13	60	19.0779
54	59	19.0741
55	58	19.0741
88	99	19.0547
89	98	19.0547
59	72	19.0273
58	73	19.0273
53	92	18.9349
52	93	18.9349
23	92	18.9079
22	93	18.9079
15	30	18.8972
14	31	18.8972
52	57	-18.8938
53	56	-18.8938
47	86	18.8649
46	87	18.8649
1	78	18.8596
0	79	18.8596
4	37	18.8449
5	36	18.8449
10	79	18.836
11	78	18.836
34	55	18.8358
35	54	18.8358
40	99	18.8279
41	98	18.8279
68	89	18.8081
69	88	18.8081
44	89	18.8052
45	88	18.8052
4	93	-18.7487
5	92	-18.7487
5	32	18.7438
4	33	18.7438
56	95	18.717
57	94	18.717
62	71	18.6786
63	70	18.6786
13	80	-18.6771
12	81	-18.6771
26	59	18.6768
27	58	18.6768
12	79	18.6548
13	78	18.6548
15	28	18.6466
14	29	18.6466
46	77	18.5996
47	76	18.5996
39	76	18.5756
38	77	18.5756
64	95	18.5687
65	94	18.5687
34	83	18.5671
35	82	18.5671
10	67	18.5595
11	66	18.5595
50	89	18.5284
51	88	18.5284
19	96	-18.5173
18	97	-18.5173
22	63	18.5114
23	62	18.5114
53	64	-18.4841
52	65	-18.4841
15	62	-18.4645
14	63	-18.4645
83	86	18.4605
82	87	18.4605
4	95	18.4258
5	94	18.4258
43	64	18.4138
42	65	18.4138
4	27	18.4122
5	26	18.4122
74	97	18.397
75	96	18.397
31	96	18.3588
30	97	18.3588
6	81	18.3321
7	80	18.3321
33	58	18.3104
32	59	18.3104
76	81	18.309
77	80	18.309
16	53	-18.2105
17	52	-18.2105
53	62	18.1974
52	63	18.1974
4	63	-18.1177
5	62	-18.1177
23	56	-18.1168
22	57	-18.1168
15	16	18.0564
14	17	18.0564
54	77	18.0213
55	76	18.0213
42	57	18.0064
43	56	18.0064
36	59	17.9947
37	58	17.9947
14	57	17.9815
15	56	17.9815
29	52	-17.9774
28	53	-17.9774
1	66	17.9627
0	67	17.9627
20	67	17.9481
21	66	17.9481
39	58	17.9281
38	59	17.9281
20	99	17.9218
21	98	17.9218
81	82	17.872
80	83	17.872
38	73	17.8662
39	72	17.8662
34	47	17.8289
35	46	17.8289
57	92	-17.8201
56	93	-17.8201
14	53	-17.7975
15	52	-17.7975
81	90	-17.7933
80	91	-17.7933
54	97	17.7923
55	96	17.7923
26	73	17.7865
27	72	17.7865
1	80	-17.7852
0	81	-17.7852
29	92	-17.764
28	93	-17.764
17	42	17.7114
16	43	17.7114
55	74	17.7018
54	75	17.7018
30	95	17.679
31	94	17.679
93	94	-17.6507
92	95	-17.6507
22	65	-17.6275
23	64	-17.6275
7	86	17.6113
6	87	17.6113
75	90	-17.5914
74	91	-17.5914
34	81	17.5737
35	80	17.5737
19	90	17.5457
18	91	17.5457
37	72	17.5439
36	73	17.5439
15	36	17.5335
14	37	17.5335
32	73	17.5295
33	72	17.5295
30	93	-17.5086
31	92	-17.5086
8	19	17.4945
9	18	17.4945
15	64	17.4882
14	65	17.4882
6	39	17.4699
7	38	17.4699
19	54	-17.4665
18	55	-17.4665
5	28	17.4642
4	29	17.4642
17	92	-17.4503
16	93	-17.4503
15	32	17.4485
14	33	17.4485
35	72	17.4459
34	73	17.4459
14	23	-17.3934
15	22	-17.3934
79	86	-17.3819
78	87	-17.3819
71	92	17.3573
70	93	17.3573
40	89	17.3567
41	88	17.3567
16	23	-17.3215
17	22	-17.3215
3	78	-17.295
2	79	-17.295
13	86	-17.2883
12	87	-17.2883
9	84	17.2541
8	85	17.2541
64	93	-17.2167
65	92	-17.2167
74	81	17.2089
75	80	17.2089
59	74	17.1846
58	75	17.1846
9	74	-17.1756
8	75	-17.1756
18	59	-17.1251
19	58	-17.1251
22	71	17.1132
23	70	17.1132
23	28	-17.107
22	29	-17.107
19	36	-17.1033
18	37	-17.1033
21	78	17.09
20	79	17.09
2	47	17.072
3	46	17.072
15	26	17.0593
14	27	17.0593
13	66	17.0508
12	67	17.0508
5	96	17.0423
4	97	17.0423
48	85	17.0103
49	84	17.0103
31	62	-16.9702
30	63	-16.9702
52	95	-16.9653
53	94	-16.9653
21	44	16.9438
20	45	16.9438
21	50	16.9131
20	51	16.9131
47	80	16.8781
46	81	16.8781
19	26	-16.8767
18	27	-16.8767
18	81	-16.8657
19	80	-16.8657
18	85	16.8654
19	84	16.8654
20	69	16.8581
21	68	16.8581
36	75	16.8478
37	74	16.8478
11	80	-16.8365
10	81	-16.8365
75	84	-16.8313
74	85	-16.8313
13	82	-16.8248
12	83	-16.8248
29	42	16.8173
28	43	16.8173
19	32	-16.8068
18	33	-16.8068
60	87	-16.7996
61	86	-16.7996
73	76	16.7983
72	77	16.7983
8	91	16.7857
9	90	16.7857
31	58	16.7723
30	59	16.7723
6	13	-16.7382
7	12	-16.7382
26	75	16.6808
27	74	16.6808
7	54	16.6618
6	55	16.6618
4	17	16.6599
5	16	16.6599
81	84	-16.6122
80	85	-16.6122
0	91	16.6062
1	90	16.6062
12	91	16.5877
13	90	16.5877
32	75	16.5788
33	74	16.5788
38	83	16.5768
39	82	16.5768
42	53	-16.5406
43	52	-16.5406
19	24	16.4894
18	25	16.4894
4	57	16.4742
5	56	16.4742
27	54	16.4439
26	55	16.4439
35	74	16.4283
34	75	16.4283
3	60	-16.4274
2	61	-16.4274
4	53	-16.396
5	52	-16.396
21	60	16.3672
20	61	16.3672
57	62	-16.3455
56	63	-16.3455
3	82	16.3333
2	83	16.3333
28	31	16.3043
29	30	16.3043
35	58	16.2966
34	59	16.2966
25	70	16.2785
24	71	16.2785
53	70	16.2779
52	71	16.2779
73	80	16.2743
72	81	16.2743
24	85	16.24
25	84	16.24
48	91	16.2282
49	90	16.2282
1	86	-16.2219
0	87	-16.2219
75	76	16.2133
74	77	16.2133
10	91	16.2051
11	90	16.2051
32	95	16.197
33	94	16.197
29	62	-16.1964
28	63	-16.1964
77	86	16.1956
76	87	16.1956
13	46	-16.1941
12	47	-16.1941
23	94	-16.15
22	95	-16.15
36	93	-16.1496
37	92	-16.1496
24	75	-16.139
25	74	-16.139
63	94	-16.1304
62	95	-16.1304
61	80	-16.1231
60	81	-16.1231
5	22	-16.1052
4	23	-16.1052
81	86	16.0789
80	87	16.0789
55	80	16.076
54	81	16.076
19	34	-16.0624
18	35	-16.0624
39	74	16.057
38	75	16.057
32	55	16.0298
33	54	16.0298
18	49	16.0243
19	48	16.0243
12	77	-16.022
13	76	-16.022
36	95	16.0144
37	94	16.0144
39	96	15.973
38	97	15.973
37	62	-15.967
36	63	-15.967
67	88	15.9423
66	89	15.9423
5	64	15.9378
4	65	15.9378
26	95	15.9334
27	94	15.9334
16	63	-15.8825
17	62	-15.8825
3	12	-15.8817
2	13	-15.8817
32	93	-15.8783
33	92	-15.8783
1	84	15.8612
0	85	15.8612
37	54	15.8425
36	55	15.8425
18	77	-15.8228
19	76	-15.8228
31	72	15.8217
30	73	15.8217
25	62	15.8165
24	63	15.8165
38	47	15.811
39	46	15.811
9	96	-15.8102
8	97	-15.8102
9	36	-15.7881
8	37	-15.7881
22	43	-15.7659
23	42	-15.7659
18	39	-15.7603
19	38	-15.7603
3	88	-15.7303
2	89	-15.7303
49	74	-15.7141
48	75	-15.7141
39	80	15.7003
38	81	15.7003
63	64	-15.6928
62	65	-15.6928
79	88	15.6441
78	89	15.6441
13	84	15.6432
12	85	15.6432
10	85	15.6308
11	84	15.6308
25	90	15.6284
24	91	15.6284
54	83	15.5712
55	82	15.5712
32	63	-15.5639
33	62	-15.5639
79	80	-15.5475
78	81	-15.5475
48	71	15.4825
49	70	15.4825
25	36	-15.4623
24	37	-15.4623
73	90	-15.4541
72	91	-15.4541
26	93	-15.4141
27	92	-15.4141
6	73	15.4078
7	72	15.4078
15	96	15.4004
14	97	15.4004
19	30	-15.394
18	31	-15.394
1	82	-15.3926
0	83	-15.3926
11	86	-15.3908
10	87	-15.3908
3	20	-15.3848
2	21	-15.3848
16	31	15.3705
17	30	15.3705
0	7	-15.3259
1	6	-15.3259
9	72	-15.2932
8	73	-15.2932
14	71	-15.2713
15	70	-15.2713
21	40	15.2612
20	41	15.2612
3	6	15.2518
2	7	15.2518
5	58	15.2185
4	59	15.2185
59	76	15.2041
58	77	15.2041
0	3	-15.1881
1	2	-15.1881
9	32	-15.184
8	33	-15.184
25	96	-15.1726
24	97	-15.1726
7	74	15.1245
6	75	15.1245
78	83	-15.1185
79	82	-15.1185
43	94	15.0964
42	95	15.0964
27	62	-15.0939
26	63	-15.0939
30	75	15.0937
31	74	15.0937
9	70	15.0795
8	71	15.0795
31	56	15.0493
30	57	15.0493
5	70	-15.0455
4	71	-15.0455
35	86	15.0188
34	87	15.0188
46	79	-14.997
47	78	-14.997
60	83	-14.9796
61	82	-14.9796
13	34	-14.9739
12	35	-14.9739
3	66	-14.9714
2	67	-14.9714
9	30	-14.9693
8	31	-14.9693
9	62	14.9337
8	63	14.9337
24	31	-14.912
25	30	-14.912
8	27	-14.8998
9	26	-14.8998
34	97	14.8993
35	96	14.8993
4	25	-14.8697
5	24	-14.8697
25	32	-14.8299
24	33	-14.8299
31	52	-14.8209
30	53	-14.8209
0	47	-14.7789
1	46	-14.7789
67	86	-14.7596
66	87	-14.7596
7	18	-14.7292
6	19	-14.7292
37	40	-14.7248
36	41	-14.7248
1	76	-14.7048
0	77	-14.7048
30	69	-14.7001
31	68	-14.7001
37	68	-14.6931
36	69	-14.6931
61	88	14.6837
60	89	14.6837
2	11	-14.6767
3	10	-14.6767
26	39	14.6767
27	38	14.6767
46	61	-14.6759
47	60	-14.6759
5	8	-14.6461
4	9	-14.6461
7	60	-14.6336
6	61	-14.6336
49	62	14.6318
48	63	14.6318
40	97	-14.6217
41	96	-14.6217
21	62	14.6166
20	63	14.6166
6	79	-14.611
7	78	-14.611
29	32	14.5903
28	33	14.5903
62	89	14.5901
63	88	14.5901
46	55	14.5819
47	54	14.5819
37	44	-14.5765
36	45	-14.5765
23	30	-14.5736
22	31	-14.5736
72	85	-14.5687
73	84	-14.5687
32	69	-14.568
33	68	-14.568
4	69	-14.5595
5	68	-14.5595
33	40	-14.5562
32	41	-14.5562
31	64	14.5559
30	65	14.5559
10	21	14.5405
11	20	14.5405
88	93	14.5107
89	92	14.5107
31	44	-14.5065
30	45	-14.5065
24	93	14.4936
25	92	14.4936
24	27	-14.4876
25	26	-14.4876
29	36	14.4822
28	37	14.4822
27	40	-14.4639
26	41	-14.4639
25	72	-14.4445
24	73	-14.4445
77	90	-14.4266
76	91	-14.4266
27	68	-14.423
26	69	-14.423
5	44	-14.4004
4	45	-14.4004
32	45	-14.3887
33	44	-14.3887
3	28	14.3808
2	29	14.3808
3	16	14.3617
2	17	14.3617
11	82	-14.3478
10	83	-14.3478
21	70	14.3477
20	71	14.3477
31	40	-14.346
30	41	-14.346
37	48	-14.3304
36	49	-14.3304
5	72	14.3029
4	73	14.3029
7	10	-14.2912
6	11	-14.2912
60	91	14.2894
61	90	14.2894
26	29	14.2845
27	28	14.2845
73	82	14.2785
72	83	14.2785
21	92	14.2738
20	93	14.2738
33	38	14.2508
32	39	14.2508
7	90	-14.2383
6	91	-14.2383
4	89	-14.2311
5	88	-14.2311
52	79	14.2286
53	78	14.2286
26	45	-14.2231
27	44	-14.2231
31	54	14.2136
30	55	14.2136
14	89	-14.2058
15	88	-14.2058
24	99	14.2026
25	98	14.2026
3	64	14.1991
2	65	14.1991
22	79	14.1924
23	78	14.1924
48	97	-14.1921
49	96	-14.1921
63	98	14.1753
62	99	14.1753
63	96	-14.1625
62	97	-14.1625
2	95	14.161
3	94	14.161
91	96	-14.157
90	97	-14.157
24	51	14.1355
25	50	14.1355
4	19	-14.1346
5	18	-14.1346
2	57	14.1266
3	56	14.1266
75	82	14.1169
74	83	14.1169
31	70	-14.1151
30	71	-14.1151
3	68	-14.1095
2	69	-14.1095
36	51	-14.0981
37	50	-14.0981
15	68	-14.0927
14	69	-14.0927
68	97	-14.0918
69	96	-14.0918
76	97	14.0802
77	96	14.0802
93	96	-14.0773
92	97	-14.0773
8	51	14.072
9	50	14.072
20	87	-14.0718
21	86	-14.0718
1	20	14.0707
0	21	14.0707
20	23	14.0496
21	22	14.0496
64	87	14.0488
65	86	14.0488
37	38	14.0389
36	39	14.0389
45	96	-14.0377
44	97	-14.0377
23	66	14.0358
22	67	14.0358
5	40	-14.0182
4	41	-14.0182
17	86	13.996
16	87	13.996
15	24	-13.9765
14	25	-13.9765
19	40	13.9728
18	41	13.9728
22	61	13.9592
23	60	13.9592
12	75	-13.9487
13	74	-13.9487
95	96	13.9451
94	97	13.9451
8	99	13.9445
9	98	13.9445
43	92	-13.9382
42	93	-13.9382
52	61	13.9269
53	60	13.9269
14	45	-13.9237
15	44	-13.9237
30	51	-13.9064
31	50	-13.9064
34	91	-13.9005
35	90	-13.9005
5	50	-13.8766
4	51	-13.8766
54	91	-13.8582
55	90	-13.8582
56	87	13.8551
57	86	13.8551
2	81	13.8492
3	80	13.8492
50	63	13.8235
51	62	13.8235
1	34	-13.8168
0	35	-13.8168
4	75	13.8089
5	74	13.8089
32	51	-13.8067
33	50	-13.8067
41	74	-13.806
40	75	-13.806
48	73	-13.7914
49	72	-13.7914
31	48	-13.7914
30	49	-13.7914
31	88	-13.7889
30	89	-13.7889
86	89	-13.788
87	88	-13.788
10	47	-13.7878
11	46	-13.7878
60	77	-13.7817
61	76	-13.7817
41	72	-13.7812
40	73	-13.7812
83	90	-13.7766
82	91	-13.7766
58	81	13.7729
59	80	13.7729
10	77	-13.7689
11	76	-13.7689
9	92	13.7643
8	93	13.7643
29	86	13.7628
28	87	13.7628
21	52	13.7613
20	53	13.7613
32	49	-13.7596
33	48	-13.7596
14	59	13.7439
15	58	13.7439
2	77	13.7437
3	76	13.7437
18	83	-13.7422
19	82	-13.7422
92	99	13.741
93	98	13.741
66	81	-13.7375
67	80	-13.7375
56	71	-13.7351
57	70	-13.7351
5	48	-13.7218
4	49	-13.7218
43	86	13.7155
42	87	13.7155
36	71	-13.7111
37	70	-13.7111
84	97	-13.7103
85	96	-13.7103
80	97	13.7065
81	96	13.7065
14	43	13.699
15	42	13.699
6	59	13.6978
7	58	13.6978
51	96	-13.6841
50	97	-13.6841
44	93	13.6787
45	92	13.6787
52	67	13.6746
53	66	13.6746
44	63	13.6632
45	62	13.6632
5	98	-13.6622
4	99	-13.6622
17	32	13.6509
16	33	13.6509
68	93	13.6454
69	92	13.6454
13	18	13.635
12	19	13.635
71	98	13.6242
70	99	13.6242
23	88	13.618
22	89	13.618
49	98	13.6176
48	99	13.6176
2	45	-13.6165
3	44	-13.6165
61	84	13.6133
60	85	13.6133
26	51	-13.611
27	50	-13.611
9	40	13.6053
8	41	13.6053
77	78	-13.6023
76	79	-13.6023
52	89	13.5833
53	88	13.5833
16	37	13.5654
17	36	13.5654
51	92	13.5649
50	93	13.5649
37	98	-13.5641
36	99	-13.5641
49	50	13.5581
48	51	13.5581
9	14	-13.5578
8	15	-13.5578
66	99	13.5572
67	98	13.5572
70	89	13.5548
71	88	13.5548
57	78	-13.5505
56	79	-13.5505
13	20	13.5459
12	21	13.5459
30	99	-13.5156
31	98	-13.5156
12	43	-13.4982
13	42	-13.4982
63	68	13.4951
62	69	13.4951
40	59	-13.4907
41	58	-13.4907
43	82	13.4838
42	83	13.4838
26	49	-13.4674
27	48	-13.4674
8	81	-13.4518
9	80	-13.4518
14	41	-13.4438
15	40	-13.4438
15	50	-13.4133
14	51	-13.4133
42	81	13.4088
43	80	13.4088
25	40	13.3957
24	41	13.3957
39	70	-13.385
38	71	-13.385
65	78	-13.3819
64	79	-13.3819
6	43	13.371
7	42	13.371
14	21	-13.3575
15	20	-13.3575
49	92	13.3542
48	93	13.3542
17	26	13.3537
16	27	13.3537
25	44	13.3534
24	45	13.3534
79	90	13.3435
78	91	13.3435
8	45	13.3293
9	44	13.3293
0	75	-13.3189
1	74	-13.3189
77	84	-13.3184
76	85	-13.3184
37	88	-13.3108
36	89	-13.3108
33	70	-13.3078
32	71	-13.3078
14	99	-13.3059
15	98	-13.3059
9	58	-13.3013
8	59	-13.3013
33	56	13.2997
32	57	13.2997
36	57	13.2718
37	56	13.2718
28	71	-13.2685
29	70	-13.2685
3	14	13.2637
2	15	13.2637
36	53	-13.2558
37	52	-13.2558
65	70	-13.2546
64	71	-13.2546
26	35	13.2495
27	34	13.2495
32	99	-13.2442
33	98	-13.2442
19	50	13.2323
18	51	13.2323
6	85	-13.2317
7	84	-13.2317
13	38	-13.2191
12	39	-13.2191
42	47	13.2186
43	46	13.2186
47	72	13.2167
46	73	13.2167
17	70	-13.2096
16	71	-13.2096
2	43	13.1872
3	42	13.1872
3	98	-13.1865
2	99	-13.1865
8	55	-13.163
9	54	-13.163
40	43	-13.1624
41	42	-13.1624
69	94	-13.1615
68	95	-13.1615
22	37	-13.1551
23	36	-13.1551
79	92	13.1479
78	93	13.1479
86	95	13.1452
87	94	13.1452
59	90	-13.1443
58	91	-13.1443
5	20	-13.1353
4	21	-13.1353
33	52	-13.1294
32	53	-13.1294
67	70	13.1282
66	71	13.1282
16	79	-13.1259
17	78	-13.1259
10	23	13.1085
11	22	13.1085
33	88	-13.1049
32	89	-13.1049
57	60	-13.0876
56	61	-13.0876
40	93	13.0815
41	92	13.0815
13	54	-13.0732
12	55	-13.0732
46	75	13.0703
47	74	13.0703
11	34	-13.0671
10	35	-13.0671
0	19	13.0547
1	18	13.0547
47	90	-13.0514
46	91	-13.0514
66	83	-13.0493
67	82	-13.0493
62	67	13.0415
63	66	13.0415
27	98	-13.0146
26	99	-13.0146
50	75	-13.0079
51	74	-13.0079
27	70	-13.0073
26	71	-13.0073
41	62	13.0056
40	63	13.0056
58	95	13.0037
59	94	13.0037
18	45	13.0029
19	44	13.0029
1	52	13.0009
0	53	13.0009
22	33	-13.0009
23	32	-13.0009
97	98	-12.9938
96	99	-12.9938
10	53	12.9911
11	52	12.9911
1	22	12.9848
0	23	12.9848
26	57	12.9833
27	56	12.9833
58	69	-12.965
59	68	-12.965
70	95	-12.9629
71	94	-12.9629
35	60	-12.9616
34	61	-12.9616
15	48	-12.9502
14	49	-12.9502
51	70	12.9485
50	71	12.9485
67	92	12.9473
66	93	12.9473
88	95	-12.9433
89	94	-12.9433
60	65	-12.9358
61	64	-12.9358
83	84	-12.932
82	85	-12.932
25	68	12.9248
24	69	12.9248
12	73	-12.9191
13	72	-12.9191
23	98	12.9124
22	99	12.9124
8	69	12.912
9	68	12.912
43	76	12.9112
42	77	12.9112
32	35	12.9103
33	34	12.9103
66	69	12.9075
67	68	12.9075
55	84	-12.8997
54	85	-12.8997
12	53	12.8996
13	52	12.8996
37	90	-12.8991
36	91	-12.8991
2	53	-12.8969
3	52	-12.8969
29	78	-12.896
28	79	-12.896
42	79	-12.8923
43	78	-12.8923
32	65	12.8777
33	64	12.8777
46	67	-12.8747
47	66	-12.8747
57	88	-12.8727
56	89	-12.8727
27	88	-12.8514
26	89	-12.8514
40	49	12.8464
41	48	12.8464
39	86	12.846
38	87	12.846
34	37	12.8406
35	36	12.8406
78	99	12.8401
79	98	12.8401
34	85	-12.8343
35	84	-12.8343
70	97	-12.8313
71	96	-12.8313
28	89	-12.8266
29	88	-12.8266
36	65	12.8234
37	64	12.8234
44	95	-12.8143
45	94	-12.8143
29	68	-12.8098
28	69	-12.8098
48	81	-12.8091
49	80	-12.8091
6	67	-12.8088
7	66	-12.8088
44	67	12.8049
45	66	12.8049
13	64	-12.8018
12	65	-12.8018
45	58	-12.8003
44	59	-12.8003
53	98	12.796
52	99	12.796
44	75	-12.7927
45	74	-12.7927
44	73	-12.7922
45	72	-12.7922
18	69	12.7834
19	68	12.7834
0	43	-12.7818
1	42	-12.7818
37	84	-12.7805
36	85	-12.7805
42	63	-12.7781
43	62	-12.7781
4	55	12.7778
5	54	12.7778
27	52	-12.7758
26	53	-12.7758
10	89	12.7682
11	88	12.7682
3	50	-12.7561
2	51	-12.7561
12	57	-12.7498
13	56	-12.7498
68	73	-12.7464
69	72	-12.7464
18	47	-12.7451
19	46	-12.7451
25	58	-12.7419
24	59	-12.7419
7	96	12.7388
6	97	12.7388
35	78	-12.7377
34	79	-12.7377
45	48	12.7344
44	49	12.7344
15	72	12.7305
14	73	12.7305
38	91	-12.7286
39	90	-12.7286
12	23	12.7218
13	22	12.7218
62	79	12.7196
63	78	12.7196
26	91	-12.7174
27	90	-12.7174
2	93	-12.7052
3	92	-12.7052
68	79	12.7001
69	78	12.7001
43	60	-12.6994
42	61	-12.6994
47	64	12.6975
46	65	12.6975
79	84	12.6967
78	85	12.6967
2	35	12.6849
3	34	12.6849
50	73	-12.6771
51	72	-12.6771
59	82	12.6754
58	83	12.6754
87	90	-12.6753
86	91	-12.6753
10	75	-12.6748
11	74	-12.6748
25	88	12.6745
24	89	12.6745
56	69	-12.6728
57	68	-12.6728
43	68	-12.6675
42	69	-12.6675
22	27	-12.6655
23	26	-12.6655
51	52	12.6654
50	53	12.6654
32	91	-12.6561
33	90	-12.6561
45	52	12.6529
44	53	12.6529
23	50	12.6509
22	51	12.6509
31	38	12.6465
30	39	12.6465
24	55	-12.6464
25	54	-12.6464
16	89	-12.6376
17	88	-12.6376
40	55	-12.6258
41	54	-12.6258
60	93	12.6239
61	92	12.6239
17	60	-12.6236
16	61	-12.6236
42	45	-12.6192
43	44	-12.6192
17	68	-12.6044
16	69	-12.6044
0	39	-12.6026
1	38	-12.6026
15	18	-12.6016
14	19	-12.6016
59	84	-12.5979
58	85	-12.5979
52	87	-12.594
53	86	-12.594
27	64	12.5921
26	65	12.5921
66	91	12.5877
67	90	12.5877
53	68	12.5854
52	69	12.5854
69	74	-12.5843
68	75	-12.5843
26	85	-12.5734
27	84	-12.5734
3	4	12.5733
2	5	12.5733
50	67	12.569
51	66	12.569
65	88	-12.5684
64	89	-12.5684
17	46	12.5552
16	47	12.5552
33	84	-12.5484
32	85	-12.5484
65	82	12.544
64	83	12.544
28	45	-12.5391
29	44	-12.5391
19	98	12.5381
18	99	12.5381
8	35	-12.536
9	34	-12.536
59	62	-12.5325
58	63	-12.5325
64	69	-12.5215
65	68	-12.5215
45	56	-12.5192
44	57	-12.5192
22	45	12.5066
23	44	12.5066
40	95	-12.4972
41	94	-12.4972
20	31	-12.4937
21	30	-12.4937
34	71	-12.4909
35	70	-12.4909
1	88	12.4874
0	89	12.4874
47	84	-12.4866
46	85	-12.4866
28	97	12.4835
29	96	12.4835
24	81	-12.4815
25	80	-12.4815
44	79	12.4787
45	78	12.4787
59	92	-12.4786
58	93	-12.4786
55	70	-12.4765
54	71	-12.4765
18	63	12.4672
19	62	12.4672
0	55	-12.4625
1	54	-12.4625
47	48	-12.4607
46	49	-12.4607
9	76	-12.457
8	77	-12.457
10	19	12.448
11	18	12.448
15	78	-12.4311
14	79	-12.4311
40	57	-12.4239
41	56	-12.4239
26	77	12.4188
27	76	12.4188
20	57	-12.4163
21	56	-12.4163
3	22	-12.4054
2	23	-12.4054
42	51	-12.4012
43	50	-12.4012
0	57	-12.3849
1	56	-12.3849
22	69	12.3797
23	68	12.3797
44	71	12.3771
45	70	12.3771
17	44	-12.3752
16	45	-12.3752
46	57	12.3661
47	56	12.3661
13	16	-12.36
12	17	-12.36
10	39	-12.358
11	38	-12.358
29	60	-12.3537
28	61	-12.3537
45	64	-12.3496
44	65	-12.3496
0	65	-12.348
1	64	-12.348
41	64	-12.345
40	65	-12.345
59	70	-12.3438
58	71	-12.3438
38	67	-12.3414
39	66	-12.3414
48	69	12.3294
49	68	12.3294
40	53	12.3274
41	52	12.3274
23	24	12.3272
22	25	12.3272
67	76	-12.3269
66	77	-12.3269
49	76	-12.3257
48	77	-12.3257
29	40	-12.3198
28	41	-12.3198
51	58	-12.319
50	59	-12.319
15	74	12.3145
14	75	12.3145
34	43	12.3107
35	42	12.3107
74	99	-12.305
75	98	-12.305
24	95	-12.304
25	94	-12.304
35	48	-12.2939
34	49	-12.2939
1	72	-12.2934
0	73	-12.2934
16	83	12.2927
17	82	12.2927
25	34	-12.2865
24	35	-12.2865
89	96	-12.2696
88	97	-12.2696
16	41	-12.2654
17	40	-12.2654
9	88	12.2637
8	89	12.2637
61	62	12.2632
60	63	12.2632
78	95	-12.2431
79	94	-12.2431
85	86	-12.2374
84	87	-12.2374
5	42	12.2335
4	43	12.2335
12	89	12.2276
13	88	12.2276
6	49	-12.2125
7	48	-12.2125
29	46	12.2125
28	47	12.2125
56	83	12.2116
57	82	12.2116
9	38	-12.199
8	39	-12.199
2	41	-12.191
3	40	-12.191
21	46	-12.1876
20	47	-12.1876
67	84	12.1831
66	85	12.1831
48	83	-12.1804
49	82	-12.1804
48	55	-12.1684
49	54	-12.1684
11	42	-12.1667
10	43	-12.1667
57	66	-12.1552
56	67	-12.1552
63	74	-12.1522
62	75	-12.1522
24	77	-12.1481
25	76	-12.1481
20	25	12.1472
21	24	12.1472
10	55	-12.14
11	54	-12.14
32	77	12.1359
33	76	12.1359
21	28	-12.1328
20	29	-12.1328
63	72	-12.1254
62	73	-12.1254
23	86	-12.1209
22	87	-12.1209
50	57	-12.1184
51	56	-12.1184
36	77	12.1154
37	76	12.1154
22	41	12.1017
23	40	12.1017
14	87	12.099
15	86	12.099
60	99	12.0887
61	98	12.0887
24	39	-12.082
25	38	-12.082
7	64	12.0812
6	65	12.0812
34	67	-12.0737
35	66	-12.0737
20	65	-12.0729
21	64	-12.0729
50	95	-12.0701
51	94	-12.0701
11	56	-12.0691
10	57	-12.0691
38	61	-12.0672
39	60	-12.0672
69	70	12.0636
68	71	12.0636
71	78	12.0502
70	79	12.0502
16	21	-12.0449
17	20	-12.0449
50	79	12.0398
51	78	12.0398
20	95	-12.0307
21	94	-12.0307
7	8	-12.023
6	9	-12.023
48	89	12.0216
49	88	12.0216
19	70	12.0215
18	71	12.0215
48	59	-12.0209
49	58	-12.0209
70	73	-12.02
71	72	-12.02
9	94	-12.0096
8	95	-12.0096
25	52	11.9871
24	53	11.9871
55	86	11.9819
54	87	11.9819
18	93	11.9749
19	92	11.9749
69	86	-11.9744
68	87	-11.9744
11	64	-11.9723
10	65	-11.9723
21	36	-11.9692
20	37	-11.9692
2	31	11.9636
3	30	11.9636
72	99	-11.9598
73	98	-11.9598
71	76	-11.9571
70	77	-11.9571
27	80	11.9566
26	81	11.9566
0	17	-11.952
1	16	-11.952
47	70	-11.9441
46	71	-11.9441
43	88	-11.9403
42	89	-11.9403
28	51	-11.9371
29	50	-11.9371
57	98	-11.9288
56	99	-11.9288
51	64	-11.9264
50	65	-11.9264
48	95	-11.9248
49	94	-11.9248
12	29	-11.9193
13	28	-11.9193
2	63	-11.9182
3	62	-11.9182
42	99	-11.9016
43	98	-11.9016
36	81	11.8997
37	80	11.8997
60	69	11.8952
61	68	11.8952
65	66	-11.8846
64	67	-11.8846
46	59	11.8784
47	58	11.8784
28	83	11.8768
29	82	11.8768
14	67	-11.8698
15	66	-11.8698
16	51	-11.8527
17	50	-11.8527
39	84	-11.8487
38	85	-11.8487
86	93	-11.8439
87	92	-11.8439
95	98	-11.8392
94	99	-11.8392
14	61	-11.835
15	60	-11.835
21	82	-11.8332
20	83	-11.8332
6	25	-11.8279
7	24	-11.8279
83	96	11.8275
82	97	11.8275
10	73	-11.8246
11	72	-11.8246
24	47	-11.8177
25	46	-11.8177
72	93	-11.8146
73	92	-11.8146
42	71	-11.8124
43	70	-11.8124
71	74	-11.8102
70	75	-11.8102
30	85	-11.8053
31	84	-11.8053
38	49	-11.7923
39	48	-11.7923
60	71	11.7907
61	70	11.7907
33	80	11.7825
32	81	11.7825
21	32	-11.7823
20	33	-11.7823
6	17	11.7791
7	16	11.7791
38	79	-11.7656
39	78	-11.7656
6	57	11.7558
7	56	11.7558
41	70	11.7532
40	71	11.7532
24	29	-11.7487
25	28	-11.7487
16	97	11.7403
17	96	11.7403
29	98	-11.7337
28	99	-11.7337
59	98	-11.7274
58	99	-11.7274
31	90	-11.7244
30	91	-11.7244
7	70	-11.7218
6	71	-11.7218
39	40	-11.7182
38	41	-11.7182
45	54	-11.7176
44	55	-11.7176
8	83	-11.716
9	82	-11.716
54	69	-11.7152
55	68	-11.7152
44	61	11.7102
45	60	11.7102
70	83	-11.7032
71	82	-11.7032
61	94	-11.7021
60	95	-11.7021
64	81	11.6957
65	80	11.6957
74	93	-11.6952
75	92	-11.6952
16	67	-11.691
17	66	-11.691
64	99	-11.6865
65	98	-11.6865
41	90	11.678
40	91	11.678
40	85	11.6734
41	84	11.6734
25	82	-11.6641
24	83	-11.6641
8	47	-11.6609
9	46	-11.6609
44	87	-11.6386
45	86	-11.6386
11	16	-11.6378
10	17	-11.6378
17	98	-11.6319
16	99	-11.6319
29	58	11.6282
28	59	11.6282
4	79	-11.6032
5	78	-11.6032
46	89	-11.6018
47	88	-11.6018
51	54	-11.6008
50	55	-11.6008
0	29	-11.5986
1	28	-11.5986
8	23	11.5975
9	22	11.5975
72	95	11.5975
73	94	11.5975
28	67	-11.5905
29	66	-11.5905
87	98	-11.5853
86	99	-11.5853
8	21	11.5834
9	20	11.5834
21	26	-11.5722
20	27	-11.5722
47	94	11.5637
46	95	11.5637
22	97	-11.5569
23	96	-11.5569
5	38	11.5491
4	39	11.5491
14	55	11.5454
15	54	11.5454
53	96	-11.5447
52	97	-11.5447
21	48	11.5438
20	49	11.5438
60	75	-11.5378
61	74	-11.5378
22	49	11.5361
23	48	11.5361
54	61	-11.5084
55	60	-11.5084
56	97	11.5031
57	96	11.5031
11	92	11.4969
10	93	11.4969
31	34	11.4955
30	35	11.4955
40	67	11.493
41	66	11.493
57	80	11.4893
56	81	11.4893
74	87	11.4716
75	86	11.4716
3	90	-11.46
2	91	-11.46
51	84	11.4516
50	85	11.4516
54	67	-11.4474
55	66	-11.4474
28	49	-11.4432
29	48	-11.4432
8	13	11.4185
9	12	11.4185
0	93	11.4038
1	92	11.4038
3	84	-11.4031
2	85	-11.4031
7	20	-11.3839
6	21	-11.3839
55	62	-11.3783
54	63	-11.3783
11	58	-11.3737
10	59	-11.3737
13	58	-11.3729
12	59	-11.3729
21	38	-11.37
20	39	-11.37
11	28	-11.3691
10	29	-11.3691
16	25	-11.3691
17	24	-11.3691
51	60	11.3651
50	61	11.3651
64	77	11.3555
65	76	11.3555
7	28	11.3523
6	29	11.3523
43	66	-11.3512
42	67	-11.3512
8	53	11.3509
9	52	11.3509
21	42	-11.3458
20	43	-11.3458
9	28	-11.3399
8	29	-11.3399
42	91	-11.3391
43	90	-11.3391
50	91	11.3383
51	90	11.3383
19	60	11.3274
18	61	11.3274
6	27	11.3232
7	26	11.3232
4	67	-11.323
5	66	-11.323
4	87	11.3124
5	86	11.3124
38	63	-11.3074
39	62	-11.3074
59	88	-11.2996
58	89	-11.2996
1	8	11.2979
0	9	11.2979
1	58	-11.2926
0	59	-11.2926
49	86	-11.2913
48	87	-11.2913
12	93	11.2811
13	92	11.2811
48	53	11.2566
49	52	11.2566
72	87	11.2541
73	86	11.2541
10	63	11.254
11	62	11.254
16	81	11.25
17	80	11.25
30	43	11.2493
31	42	11.2493
67	94	-11.2491
66	95	-11.2491
25	56	-11.2445
24	57	-11.2445
19	94	-11.2368
18	95	-11.2368
18	87	-11.2263
19	86	-11.2263
64	97	11.1981
65	96	11.1981
63	86	-11.1938
62	87	-11.1938
46	53	-11.1836
47	52	-11.1836
5	84	-11.1732
4	85	-11.1732
52	83	-11.167
53	82	-11.167
12	49	11.1646
13	48	11.1646
39	42	11.1603
38	43	11.1603
82	95	11.1569
83	94	11.1569
59	66	-11.1491
58	67	-11.1491
54	99	-11.1484
55	98	-11.1484
52	81	-11.1478
53	80	-11.1478
16	49	-11.1457
17	48	-11.1457
34	41	-11.1362
35	40	-11.1362
41	78	11.1347
40	79	11.1347
19	88	11.1346
18	89	11.1346
38	51	-11.1331
39	50	-11.1331
50	87	-11.132
51	86	-11.132
83	88	-11.1315
82	89	-11.1315
55	78	-11.1238
54	79	-11.1238
7	32	11.1178
6	33	11.1178
6	37	11.1171
7	36	11.1171
13	94	-11.1147
12	95	-11.1147
47	96	11.1134
46	97	11.1134
3	32	11.1104
2	33	11.1104
20	97	-11.0979
21	96	-11.0979
2	71	-11.0969
3	70	-11.0969
70	87	-11.096
71	86	-11.096
2	49	-11.0853
3	48	-11.0853
84	99	11.082
85	98	11.082
23	58	-11.0764
22	59	-11.0764
5	60	-11.0713
4	61	-11.0713
10	71	11.0695
11	70	11.0695
3	38	11.0689
2	39	11.0689
57	76	11.0657
56	77	11.0657
16	77	11.0592
17	76	11.0592
8	11	11.0574
9	10	11.0574
0	63	11.0571
1	62	11.0571
38	99	-11.055
39	98	-11.055
39	44	-11.0532
38	45	-11.0532
0	49	11.0518
1	48	11.0518
74	95	11.0514
75	94	11.0514
12	97	-11.0431
13	96	-11.0431
74	79	-11.0417
75	78	-11.0417
2	37	11.0391
3	36	11.0391
24	65	-11.0346
25	64	-11.0346
4	91	-11.0264
5	90	-11.0264
16	59	11.0253
17	58	11.0253
42	55	11.0172
43	54	11.0172
43	74	10.9979
42	75	10.9979
39	68	-10.9898
38	69	-10.9898
61	72	-10.9833
60	73	-10.9833
3	26	10.9802
2	27	10.9802
44	85	10.9766
45	84	10.9766
54	93	-10.9734
55	92	-10.9734
1	94	-10.9605
0	95	-10.9605
73	88	-10.9535
72	89	-10.9535
8	17	-10.9511
9	16	-10.9511
75	88	-10.95
74	89	-10.95
21	80	-10.9499
20	81	-10.9499
31	76	10.9353
30	77	10.9353
23	46	-10.9321
22	47	-10.9321
23	80	-10.9289
22	81	-10.9289
91	98	10.9288
90	99	10.9288
22	83	-10.9248
23	82	-10.9248
21	76	-10.9221
20	77	-10.9221
48	57	-10.9039
49	56	-10.9039
21	34	-10.9003
20	35	-10.9003
53	58	-10.8944
52	59	-10.8944
7	52	-10.8936
6	53	-10.8936
54	95	10.8898
55	94	10.8898
10	95	-10.8892
11	94	-10.8892
45	90	10.8864
44	91	10.8864
11	48	10.8634
10	49	10.8634
18	79	10.8611
19	78	10.8611
30	79	-10.8569
31	78	-10.8569
42	85	-10.855
43	84	-10.855
41	80	-10.8356
40	81	-10.8356
49	64	-10.834
48	65	-10.834
18	43	-10.8336
19	42	-10.8336
12	63	10.8317
13	62	10.8317
12	15	-10.827
13	14	-10.827
21	58	-10.8221
20	59	-10.8221
11	98	10.8206
10	99	10.8206
28	81	10.8116
29	80	10.8116
70	85	10.8106
71	84	10.8106
35	64	10.81
34	65	10.81
10	15	-10.8097
11	14	-10.8097
42	73	10.8079
43	72	10.8079
9	56	-10.8072
8	57	-10.8072
1	14	-10.8006
0	15	-10.8006
56	59	10.7831
57	58	10.7831
68	85	10.7817
69	84	10.7817
30	67	-10.7766
31	66	-10.7766
0	97	-10.7719
1	96	-10.7719
40	77	-10.7665
41	76	-10.7665
31	80	10.7645
30	81	10.7645
1	70	10.7583
0	71	10.7583
13	24	10.7577
12	25	10.7577
30	87	10.754
31	86	10.754
23	38	-10.7355
22	39	-10.7355
14	39	10.7202
15	38	10.7202
7	22	-10.7202
6	23	-10.7202
63	84	10.719
62	85	10.719
47	98	-10.7151
46	99	-10.7151
24	87	-10.7127
25	86	-10.7127
10	69	10.7066
11	68	10.7066
26	83	10.703
27	82	10.703
29	76	10.6963
28	77	10.6963
7	94	10.6904
6	95	10.6904
39	92	-10.6851
38	93	-10.6851
29	72	10.6794
28	73	10.6794
69	90	10.6762
68	91	10.6762
4	35	10.6612
5	34	10.6612
1	24	10.657
0	25	10.657
7	88	-10.6549
6	89	-10.6549
2	25	-10.6538
3	24	-10.6538
58	61	-10.6501
59	60	-10.6501
41	86	-10.6415
40	87	-10.6415
9	64	-10.632
8	65	-10.632
35	50	-10.6262
34	51	-10.6262
41	60	10.6259
40	61	10.6259
1	98	10.6232
0	99	10.6232
84	95	-10.6113
85	94	-10.6113
73	78	-10.6102
72	79	-10.6102
39	88	-10.6061
38	89	-10.6061
11	96	-10.6041
10	97	-10.6041
59	64	10.6024
58	65	10.6024
8	87	-10.6023
9	86	-10.6023
21	54	-10.5946
20	55	-10.5946
14	47	10.588
15	46	10.588
17	34	10.5779
16	35	10.5779
34	57	10.573
35	56	10.573
11	44	10.5716
10	45	10.5716
34	63	-10.5653
35	62	-10.5653
47	92	-10.5591
46	93	-10.5591
33	82	10.5579
32	83	10.5579
36	83	10.5569
37	82	10.5569
62	91	10.5493
63	90	10.5493
0	69	10.5395
1	68	10.5395
35	98	-10.5331
34	99	-10.5331
13	70	10.5224
12	71	10.5224
71	90	10.5201
70	91	10.5201
47	62	-10.5079
46	63	-10.5079
3	54	10.507
2	55	10.507
14	85	-10.5069
15	84	-10.5069
11	24	10.502
10	25	10.502
54	89	-10.4909
55	88	-10.4909
66	73	-10.4891
67	72	-10.4891
19	28	-10.4876
18	29	-10.4876
53	76	-10.4782
52	77	-10.4782
31	60	-10.4641
30	61	-10.4641
67	74	-10.4626
66	75	-10.4626
13	98	10.4625
12	99	10.4625
34	45	-10.4585
35	44	-10.4585
12	69	10.4505
13	68	10.4505
33	42	10.4413
32	43	10.4413
22	77	-10.4321
23	76	-10.4321
0	45	10.4243
1	44	10.4243
37	42	10.4208
36	43	10.4208
27	66	-10.4177
26	67	-10.4177
3	8	-10.4169
2	9	-10.4169
33	66	-10.4121
32	67	-10.4121
23	54	-10.4065
22	55	-10.4065
83	92	-10.3857
82	93	-10.3857
46	69	-10.3853
47	68	-10.3853
29	74	10.374
28	75	10.374
11	50	10.3734
10	51	10.3734
34	69	-10.3721
35	68	-10.3721
37	66	-10.3697
36	67	-10.3697
23	34	-10.3663
22	35	-10.3663
15	82	10.3655
14	83	10.3655
82	99	-10.359
83	98	-10.359
39	52	-10.3583
38	53	-10.3583
14	91	-10.3534
15	90	-10.3534
46	51	-10.3517
47	50	-10.3517
58	79	-10.3497
59	78	-10.3497
19	66	10.3489
18	67	10.3489
26	43	10.3474
27	42	10.3474
50	77	-10.345
51	76	-10.345
16	73	10.3445
17	72	10.3445
12	45	10.3437
13	44	10.3437
51	80	-10.3426
50	81	-10.3426
18	21	10.3394
19	20	10.3394
23	72	-10.3346
22	73	-10.3346
81	88	-10.3332
80	89	-10.3332
63	82	-10.3296
62	83	-10.3296
58	87	10.3276
59	86	10.3276
6	31	10.3258
7	30	10.3258
85	92	10.3222
84	93	10.3222
29	34	10.3188
28	35	10.3188
19	22	10.3134
18	23	10.3134
44	47	-10.3125
45	46	-10.3125
4	77	10.3116
5	76	10.3116
27	46	10.3114
26	47	10.3114
53	90	10.3041
52	91	10.3041
21	72	-10.3035
20	73	-10.3035
4	11	-10.3028
5	10	-10.3028
39	94	10.3024
38	95	10.3024
19	52	10.2982
18	53	10.2982
3	74	10.2943
2	75	10.2943
23	90	10.2915
22	91	10.2915
65	90	-10.2888
64	91	-10.2888
77	98	-10.2845
76	99	-10.2845
63	76	-10.2825
62	77	-10.2825
7	40	-10.2742
6	41	-10.2742
4	81	10.2737
5	80	10.2737
3	96	10.2731
2	97	10.2731
53	72	-10.2644
52	73	-10.2644
36	79	-10.2637
37	78	-10.2637
34	53	-10.2634
35	52	-10.2634
28	85	-10.2628
29	84	-10.2628
71	80	-10.262
70	81	-10.262
90	95	-10.2619
91	94	-10.2619
4	13	-10.261
5	12	-10.261
0	51	10.2604
1	50	10.2604
0	5	-10.2587
1	4	-10.2587
29	54	10.2571
28	55	10.2571
56	73	10.2568
57	72	10.2568
10	27	-10.2515
11	26	-10.2515
76	89	-10.2499
77	88	-10.2499
32	79	-10.2488
33	78	-10.2488
76	95	10.2469
77	94	10.2469
91	92	10.2424
90	93	10.2424
25	66	10.2375
24	67	10.2375
8	61	10.2374
9	60	10.2374
42	49	-10.2353
43	48	-10.2353
12	27	-10.2352
13	26	-10.2352
21	74	-10.2328
20	75	-10.2328
32	87	10.2304
33	86	10.2304
81	94	10.2279
80	95	10.2279
6	63	-10.2271
7	62	-10.2271
35	88	-10.2256
34	89	-10.2256
32	47	10.219
33	46	10.219
44	81	-10.2173
45	80	-10.2173
7	98	-10.217
6	99	-10.217
16	19	-10.2154
17	18	-10.2154
16	85	-10.214
17	84	-10.214
36	47	10.2114
37	46	10.2114
23	74	-10.2097
22	75	-10.2097
57	90	-10.2084
56	91	-10.2084
2	73	10.208
3	72	10.208
65	84	-10.207
64	85	-10.207
52	75	-10.2059
53	74	-10.2059
13	36	-10.2037
12	37	-10.2037
1	26	-10.1999
0	27	-10.1999
36	87	10.1992
37	86	10.1992
18	57	-10.1944
19	56	-10.1944
2	19	-10.1928
3	18	-10.1928
45	76	-10.1924
44	77	-10.1924
12	51	10.1893
13	50	10.1893
64	73	10.1803
65	72	10.1803
26	87	10.1777
27	86	10.1777
66	97	-10.1767
67	96	-10.1767
27	78	-10.1746
26	79	-10.1746
7	92	-10.1701
6	93	-10.1701
53	54	-10.1701
52	55	-10.1701
12	33	-10.1681
13	32	-10.1681
21	90	10.1673
20	91	10.1673
4	47	10.1672
5	46	10.1672
22	85	10.1615
23	84	10.1615
42	97	10.1601
43	96	10.1601
42	59	10.1573
43	58	10.1573
17	90	-10.1569
16	91	-10.1569
87	96	10.1557
86	97	10.1557
16	75	10.1542
17	74	10.1542
69	80	-10.1514
68	81	-10.1514
10	33	-10.1507
11	32	-10.1507
56	75	10.1487
57	74	10.1487
81	92	-10.1437
80	93	-10.1437
49	60	10.1434
48	61	10.1434
14	35	10.1403
15	34	10.1403
53	84	10.1383
52	85	10.1383
34	93	-10.1345
35	92	-10.1345
6	15	10.1306
7	14	10.1306
68	77	-10.129
69	76	-10.129
39	64	10.1257
38	65	10.1257
56	85	-10.1255
57	84	-10.1255
51	82	-10.1247
50	83	-10.1247
25	42	-10.1221
24	43	-10.1221
69	82	-10.1203
68	83	-10.1203
1	32	-10.1192
0	33	-10.1192
7	50	-10.1161
6	51	-10.1161
18	65	-10.1098
19	64	-10.1098
14	81	10.1096
15	80	10.1096
1	36	-10.1091
0	37	-10.1091
34	95	10.1043
35	94	10.1043
16	55	10.1024
17	54	10.1024
64	75	10.0951
65	74	10.0951
31	82	10.0951
30	83	10.0951
80	99	-10.0949
81	98	-10.0949
28	91	-10.0947
29	90	-10.0947
61	96	-10.0935
60	97	-10.0935
8	67	10.0923
9	66	10.0923
10	37	-10.0872
11	36	-10.0872
33	60	-10.0782
32	61	-10.0782
45	82	-10.0775
44	83	-10.0775
85	88	10.0762
84	89	10.0762
10	31	-10.0747
11	30	-10.0747
3	58	10.0713
2	59	10.0713
10	41	10.0698
11	40	10.0698
36	61	-10.0679
37	60	-10.0679
55	64	10.0661
54	65	10.0661
27	60	-10.0657
26	61	-10.0657
48	67	10.0648
49	66	10.0648
21	84	10.064
20	85	10.064
5	82	10.0593
4	83	10.0593
40	83	-10.0581
41	82	-10.0581
8	79	10.0538
9	78	10.0538
16	39	10.052
17	38	10.052
4	7	10.049
5	6	10.049
89	90	10.0474
88	91	10.0474
9	42	-10.0466
8	43	-10.0466
55	56	10.0433
54	57	10.0433
39	56	10.0425
38	57	10.0425
13	40	10.0421
12	41	10.0421
41	46	-10.037
40	47	-10.037
30	47	10.0362
31	46	10.0362
25	60	10.0354
24	61	10.0354
77	92	-10.0351
76	93	-10.0351
29	38	10.0347
28	39	10.0347
15	76	10.0322
14	77	10.0322
48	79	10.0269
49	78	10.0269
13	30	-10.0237
12	31	-10.0237
1	40	10.0215
0	41	10.0215
0	31	-10.0181
1	30	-10.0181
24	79	10.017
25	78	10.017
62	81	-10.0151
63	80	-10.0151
7	44	-10.011
6	45	-10.011
78	97	-10.0028
79	96	-10.0028
6	69	-10.0015
7	68	-10.0015
18	74	-1.99807
26	32	1.99697
32	36	1.99492
56	64	1.99458
44	68	1.99381
16	64	1.98986
16	28	1.98941
16	56	1.98807
22	52	1.9874
60	78	1.98619
6	82	1.98616
26	36	1.98606
0	10	1.98503
46	82	1.9833
34	76	1.98246
8	24	1.98243
50	98	1.98179
84	90	1.97976
24	48	1.97909
44	50	1.97656
6	76	1.97562
0	12	1.9746
4	30	1.97108
4	14	1.96948
8	48	1.96756
62	92	1.9664
28	56	1.96586
28	94	1.9651
30	36	1.96444
40	44	1.96402
30	32	1.96287
28	64	1.95994
26	96	1.95567
38	54	1.95423
40	50	1.95327
40	68	1.95045
36	96	1.94752
10	60	1.9472
50	68	1.94714
32	96	1.9461
44	98	1.94596
6	46	1.94348
0	60	1.94328
26	30	1.94305
14	92	-1.93617
2	86	1.93604
34	38	1.93591
20	88	1.93573
72	74	1.93277
76	82	1.92774
54	72	1.92731
18	72	-1.92388
6	34	1.92331
10	12	1.92313
60	66	1.92189
16	94	1.91844
72	96	1.9183
66	78	1.9136
68	98	1.91188
14	94	1.91059
58	96	1.91018
12	60	1.90779
54	58	1.90741
88	98	1.90547
58	72	1.90273
52	92	1.89349
22	92	1.89079
14	30	1.88972
52	56	-1.88938
46	86	1.88649
0	78	1.88596
4	36	1.88449
10	78	1.8836
34	54	1.88358
40	98	1.88279
68	88	1.88081
44	88	1.88052
4	92	-1.87487
4	32	1.87438
56	94	1.8717
62	70	1.86786
12	80	-1.86771
26	58	1.86768
12	78	1.86548
14	28	1.86466
46	76	1.85996
38	76	1.85756
64	94	1.85687
34	82	1.85671
10	66	1.85595
50	88	1.85284
18	96	-1.85173
22	62	1.85114
52	64	-1.84841
14	62	-1.84645
82	86	1.84605
4	94	1.84258
42	64	1.84138
4	26	1.84122
74	96	1.8397
30	96	1.83588
6	80	1.83321
32	58	1.83104
76	80	1.8309
16	52	-1.82105
52	62	1.81974
4	62	-1.81177
22	56	-1.81168
14	16	1.80564
54	76	1.80213
42	56	1.80064
36	58	1.79947
14	56	1.79815
28	52	-1.79774
0	66	1.79627
20	66	1.79481
38	58	1.79281
20	98	1.79218
80	82	1.7872
38	72	1.78662
34	46	1.78289
56	92	-1.78201
14	52	-1.77975
80	90	-1.77933
54	96	1.77923
26	72	1.77865
0	80	-1.77852
28	92	-1.7764
16	42	1.77114
54	74	1.77018
30	94	1.7679
92	94	-1.76507
22	64	-1.76275
6	86	1.76113
74	90	-1.75914
34	80	1.75737
18	90	1.75457
36	72	1.75439
14	36	1.75335
32	72	1.75295
30	92	-1.75086
8	18	1.74945
14	64	1.74882
6	38	1.74699
18	54	-1.74665
4	28	1.74642
16	92	-1.74503
14	32	1.74485
34	72	1.74459
14	22	-1.73934
78	86	-1.73819
70	92	1.73573
40	88	1.73567
16	22	-1.73215
2	78	-1.7295
12	86	-1.72883
8	84	1.72541
64	92	-1.72167
74	80	1.72089
58	74	1.71846
8	74	-1.71756
18	58	-1.71251
22	70	1.71132
22	28	-1.7107
18	36	-1.71033
20	78	1.709
2	46	1.7072
14	26	1.70593
12	66	1.70508
4	96	1.70423
48	84	1.70103
30	62	-1.69702
52	94	-1.69653
20	44	1.69438
20	50	1.69131
46	80	1.68781
18	26	-1.68767
18	80	-1.68657
18	84	1.68654
20	68	1.68581
36	74	1.68478
10	80	-1.68365
74	84	-1.68313
12	82	-1.68248
28	42	1.68173
18	32	-1.68068
60	86	-1.67996
72	76	1.67983
8	90	1.67857
30	58	1.67723
6	12	-1.67382
26	74	1.66808
6	54	1.66618
4	16	1.66599
80	84	-1.66122
0	90	1.66062
12	90	1.65877
32	74	1.65788
38	82	1.65768
42	52	-1.65406
18	24	1.64894
4	56	1.64742
26	54	1.64439
34	74	1.64283
2	60	-1.64274
4	52	-1.6396
20	60	1.63672
56	62	-1.63455
2	82	1.63333
28	30	1.63043
34	58	1.62966
24	70	1.62785
52	70	1.62779
72	80	1.62743
24	84	1.624
48	90	1.62282
0	86	-1.62219
74	76	1.62133
10	90	1.62051
32	94	1.6197
28	62	-1.61964
76	86	1.61956
12	46	-1.61941
22	94	-1.615
36	92	-1.61496
24	74	-1.6139
62	94	-1.61304
60	80	-1.61231
4	22	-1.61052
80	86	1.60789
54	80	1.6076
18	34	-1.60624
38	74	1.6057
32	54	1.60298
18	48	1.60243
12	76	-1.6022
36	94	1.60144
38	96	1.5973
36	62	-1.5967
66	88	1.59423
4	64	1.59378
26	94	1.59334
16	62	-1.58825
2	12	-1.58817
32	92	-1.58783
0	84	1.58612
36	54	1.58425
18	76	-1.58228
30	72	1.58217
24	62	1.58165
38	46	1.5811
8	96	-1.58102
8	36	-1.57881
22	42	-1.57659
18	38	-1.57603
2	88	-1.57303
48	74	-1.57141
38	80	1.57003
62	64	-1.56928
78	88	1.56441
12	84	1.56432
10	84	1.56308
24	90	1.56284
54	82	1.55712
32	62	-1.55639
78	80	-1.55475
48	70	1.54825
24	36	-1.54623
72	90	-1.54541
26	92	-1.54141
6	72	1.54078
14	96	1.54004
18	30	-1.5394
0	82	-1.53926
10	86	-1.53908
2	20	-1.53848
16	30	1.53705
0	6	-1.53259
8	72	-1.52932
14	70	-1.52713
20	40	1.52612
2	6	1.52518
4	58	1.52185
58	76	1.52041
0	2	-1.51881
8	32	-1.5184
24	96	-1.51726
6	74	1.51245
78	82	-1.51185
42	94	1.50964
26	62	-1.50939
30	74	1.50937
8	70	1.50795
30	56	1.50493
4	70	-1.50455
34	86	1.50188
46	78	-1.4997
60	82	-1.49796
12	34	-1.49739
2	66	-1.49714
8	30	-1.49693
8	62	1.49337
24	30	-1.4912
8	26	-1.48998
34	96	1.48993
4	24	-1.48697
24	32	-1.48299
30	52	-1.48209
0	46	-1.47789
66	86	-1.47596
6	18	-1.47292
36	40	-1.47248
0	76	-1.47048
30	68	-1.47001
36	68	-1.46931
60	88	1.46837
2	10	-1.46767
26	38	1.46767
46	60	-1.46759
4	8	-1.46461
6	60	-1.46336
48	62	1.46318
40	96	-1.46217
20	62	1.46166
6	78	-1.4611
28	32	1.45903
62	88	1.45901
46	54	1.45819
36	44	-1.45765
22	30	-1.45736
72	84	-1.45687
32	68	-1.4568
4	68	-1.45595
32	40	-1.45562
30	64	1.45559
10	20	1.45405
88	92	1.45107
30	44	-1.45065
24	92	1.44936
24	26	-1.44876
28	36	1.44822
26	40	-1.44639
24	72	-1.44445
76	90	-1.44266
26	68	-1.4423
4	44	-1.44004
32	44	-1.43887
2	28	1.43808
2	16	1.43617
10	82	-1.43478
20	70	1.43477
30	40	-1.4346
36	48	-1.43304
4	72	1.43029
6	10	-1.42912
60	90	1.42894
26	28	1.42845
72	82	1.42785
20	92	1.42738
32	38	1.42508
6	90	-1.42383
4	88	-1.42311
52	78	1.42286
26	44	-1.42231
30	54	1.42136
14	88	-1.42058
24	98	1.42026
2	64	1.41991
22	78	1.41924
48	96	-1.41921
62	98	1.41753
62	96	-1.41625
2	94	1.4161
90	96	-1.4157
24	50	1.41355
4	18	-1.41346
2	56	1.41266
74	82	1.41169
30	70	-1.41151
2	68	-1.41095
36	50	-1.40981
14	68	-1.40927
68	96	-1.40918
76	96	1.40802
92	96	-1.40773
8	50	1.4072
20	86	-1.40718
0	20	1.40707
20	22	1.40496
64	86	1.40488
36	38	1.40389
44	96	-1.40377
22	66	1.40358
4	40	-1.40182
16	86	1.3996
14	24	-1.39765
18	40	1.39728
22	60	1.39592
12	74	-1.39487
94	96	1.39451
8	98	1.39445
42	92	-1.39382
52	60	1.39269
14	44	-1.39237
30	50	-1.39064
34	90	-1.39005
4	50	-1.38766
54	90	-1.38582
56	86	1.38551
2	80	1.38492
50	62	1.38235
0	34	-1.38168
4	74	1.38089
32	50	-1.38067
40	74	-1.3806
48	72	-1.37914
30	48	-1.37914
30	88	-1.37889
86	88	-1.3788
10	46	-1.37878
60	76	-1.37817
40	72	-1.37812
82	90	-1.37766
58	80	1.37729
10	76	-1.37689
8	92	1.37643
28	86	1.37628
20	52	1.37613
32	48	-1.37596
14	58	1.37439
2	76	1.37437
18	82	-1.37422
92	98	1.3741
66	80	-1.37375
56	70	-1.37351
4	48	-1.37218
42	86	1.37155
36	70	-1.37111
84	96	-1.37103
80	96	1.37065
14	42	1.3699
6	58	1.36978
50	96	-1.36841
44	92	1.36787
52	66	1.36746
44	62	1.36632
4	98	-1.36622
16	32	1.36509
68	92	1.36454
12	18	1.3635
70	98	1.36242
22	88	1.3618
48	98	1.36176
2	44	-1.36165
60	84	1.36133
26	50	-1.3611
8	40	1.36053
76	78	-1.36023
52	88	1.35833
16	36	1.35654
50	92	1.35649
36	98	-1.35641
48	50	1.35581
8	14	-1.35578
66	98	1.35572
70	88	1.35548
56	78	-1.35505
12	20	1.35459
30	98	-1.35156
12	42	-1.34982
62	68	1.34951
40	58	-1.34907
42	82	1.34838
26	48	-1.34674
8	80	-1.34518
14	40	-1.34438
14	50	-1.34133
42	80	1.34088
24	40	1.33957
38	70	-1.3385
64	78	-1.33819
6	42	1.3371
14	20	-1.33575
48	92	1.33542
16	26	1.33537
24	44	1.33534
78	90	1.33435
8	44	1.33293
0	74	-1.33189
76	84	-1.33184
36	88	-1.33108
32	70	-1.33078
14	98	-1.33059
8	58	-1.33013
32	56	1.32997
36	56	1.32718
28	70	-1.32685
2	14	1.32637
36	52	-1.32558
64	70	-1.32546
26	34	1.32495
32	98	-1.32442
18	50	1.32323
6	84	-1.32317
12	38	-1.32191
42	46	1.32186
46	72	1.32167
16	70	-1.32096
2	42	1.31872
2	98	-1.31865
8	54	-1.3163
40	42	-1.31624
68	94	-1.31615
22	36	-1.31551
78	92	1.31479
86	94	1.31452
58	90	-1.31443
4	20	-1.31353
32	52	-1.31294
66	70	1.31282
16	78	-1.31259
10	22	1.31085
32	88	-1.31049
56	60	-1.30876
40	92	1.30815
12	54	-1.30732
46	74	1.30703
10	34	-1.30671
0	18	1.30547
46	90	-1.30514
66	82	-1.30493
62	66	1.30415
26	98	-1.30146
50	74	-1.30079
26	70	-1.30073
40	62	1.30056
58	94	1.30037
18	44	1.30029
0	52	1.30009
22	32	-1.30009
96	98	-1.29938
10	52	1.29911
0	22	1.29848
26	56	1.29833
58	68	-1.2965
70	94	-1.29629
34	60	-1.29616
14	48	-1.29502
50	70	1.29485
66	92	1.29473
88	94	-1.29433
60	64	-1.29358
82	84	-1.2932
24	68	1.29248
12	72	-1.29191
22	98	1.29124
8	68	1.2912
42	76	1.29112
32	34	1.29103
66	68	1.29075
54	84	-1.28997
12	52	1.28996
36	90	-1.28991
2	52	-1.28969
28	78	-1.2896
42	78	-1.28923
32	64	1.28777
46	66	-1.28747
56	88	-1.28727
26	88	-1.28514
40	48	1.28464
38	86	1.2846
34	36	1.28406
78	98	1.28401
34	84	-1.28343
70	96	-1.28313
28	88	-1.28266
36	64	1.28234
44	94	-1.28143
28	68	-1.28098
48	80	-1.28091
6	66	-1.28088
44	66	1.28049
12	64	-1.28018
44	58	-1.28003
52	98	1.2796
44	74	-1.27927
44	72	-1.27922
18	68	1.27834
0	42	-1.27818
36	84	-1.27805
42	62	-1.27781
4	54	1.27778
26	52	-1.27758
10	88	1.27682
2	50	-1.27561
12	56	-1.27498
68	72	-1.27464
18	46	-1.27451
24	58	-1.27419
6	96	1.27388
34	78	-1.27377
44	48	1.27344
14	72	1.27305
38	90	-1.27286
12	22	1.27218
62	78	1.27196
26	90	-1.27174
2	92	-1.27052
68	78	1.27001
42	60	-1.26994
46	64	1.26975
78	84	1.26967
2	34	1.26849
50	72	-1.26771
58	82	1.26754
86	90	-1.26753
10	74	-1.26748
24	88	1.26745
56	68	-1.26728
42	68	-1.26675
22	26	-1.26655
50	52	1.26654
32	90	-1.26561
44	52	1.26529
22	50	1.26509
30	38	1.26465
24	54	-1.26464
16	88	-1.26376
40	54	-1.26258
60	92	1.26239
16	60	-1.26236
42	44	-1.26192
16	68	-1.26044
0	38	-1.26026
14	18	-1.26016
58	84	-1.25979
52	86	-1.2594
26	64	1.25921
66	90	1.25877
52	68	1.25854
68	74	-1.25843
26	84	-1.25734
2	4	1.25733
50	66	1.2569
64	88	-1.25684
16	46	1.25552
32	84	-1.25484
64	82	1.2544
28	44	-1.25391
18	98	1.25381
8	34	-1.2536
58	62	-1.25325
64	68	-1.25215
44	56	-1.25192
22	44	1.25066
40	94	-1.24972
20	30	-1.24937
34	70	-1.24909
0	88	1.24874
46	84	-1.24866
28	96	1.24835
24	80	-1.24815
44	78	1.24787
58	92	-1.24786
54	70	-1.24765
18	62	1.24672
0	54	-1.24625
46	48	-1.24607
8	76	-1.2457
10	18	1.2448
14	78	-1.24311
40	56	-1.24239
26	76	1.24188
20	56	-1.24163
2	22	-1.24054
42	50	-1.24012
0	56	-1.23849
22	68	1.23797
44	70	1.23771
16	44	-1.23752
46	56	1.23661
12	16	-1.236
10	38	-1.2358
28	60	-1.23537
44	64	-1.23496
0	64	-1.2348
40	64	-1.2345
58	70	-1.23438
38	66	-1.23414
48	68	1.23294
40	52	1.23274
22	24	1.23272
66	76	-1.23269
48	76	-1.23257
28	40	-1.23198
50	58	-1.2319
14	74	1.23145
34	42	1.23107
74	98	-1.2305
24	94	-1.2304
34	48	-1.22939
0	72	-1.22934
16	82	1.22927
24	34	-1.22865
88	96	-1.22696
16	40	-1.22654
8	88	1.22637
60	62	1.22632
78	94	-1.22431
84	86	-1.22374
4	42	1.22335
12	88	1.22276
6	48	-1.22125
28	46	1.22125
56	82	1.22116
8	38	-1.2199
2	40	-1.2191
20	46	-1.21876
66	84	1.21831
48	82	-1.21804
48	54	-1.21684
10	42	-1.21667
56	66	-1.21552
62	74	-1.21522
24	76	-1.21481
20	24	1.21472
10	54	-1.214
32	76	1.21359
20	28	-1.21328
62	72	-1.21254
22	86	-1.21209
50	56	-1.21184
36	76	1.21154
22	40	1.21017
14	86	1.2099
60	98	1.20887
24	38	-1.2082
6	64	1.20812
34	66	-1.20737
20	64	-1.20729
50	94	-1.20701
10	56	-1.20691
38	60	-1.20672
68	70	1.20636
70	78	1.20502
16	20	-1.20449
50	78	1.20398
20	94	-1.20307
6	8	-1.2023
48	88	1.20216
18	70	1.20215
48	58	-1.20209
70	72	-1.202
8	94	-1.20096
24	52	1.19871
54	86	1.19819
18	92	1.19749
68	86	-1.19744
10	64	-1.19723
20	36	-1.19692
2	30	1.19636
72	98	-1.19598
70	76	-1.19571
26	80	1.19566
0	16	-1.1952
46	70	-1.19441
42	88	-1.19403
28	50	-1.19371
56	98	-1.19288
50	64	-1.19264
48	94	-1.19248
12	28	-1.19193
2	62	-1.19182
42	98	-1.19016
36	80	1.18997
60	68	1.18952
64	66	-1.18846
46	58	1.18784
28	82	1.18768
14	66	-1.18698
16	50	-1.18527
38	84	-1.18487
86	92	-1.18439
94	98	-1.18392
14	60	-1.1835
20	82	-1.18332
6	24	-1.18279
82	96	1.18275
10	72	-1.18246
24	46	-1.18177
72	92	-1.18146
42	70	-1.18124
70	74	-1.18102
30	84	-1.18053
38	48	-1.17923
60	70	1.17907
32	80	1.17825
20	32	-1.17823
6	16	1.17791
38	78	-1.17656
6	56	1.17558
40	70	1.17532
24	28	-1.17487
16	96	1.17403
28	98	-1.17337
58	98	-1.17274
30	90	-1.17244
6	70	-1.17218
38	40	-1.17182
44	54	-1.17176
8	82	-1.1716
54	68	-1.17152
44	60	1.17102
70	82	-1.17032
60	94	-1.17021
64	80	1.16957
74	92	-1.16952
16	66	-1.1691
64	98	-1.16865
40	90	1.1678
40	84	1.16734
24	82	-1.16641
8	46	-1.16609
44	86	-1.16386
10	16	-1.16378
16	98	-1.16319
28	58	1.16282
4	78	-1.16032
46	88	-1.16018
50	54	-1.16008
0	28	-1.15986
8	22	1.15975
72	94	1.15975
28	66	-1.15905
86	98	-1.15853
8	20	1.15834
20	26	-1.15722
46	94	1.15637
22	96	-1.15569
4	38	1.15491
14	54	1.15454
52	96	-1.15447
20	48	1.15438
60	74	-1.15378
22	48	1.15361
54	60	-1.15084
56	96	1.15031
10	92	1.14969
30	34	1.14955
40	66	1.1493
56	80	1.14893
74	86	1.14716
2	90	-1.146
50	84	1.14516
54	66	-1.14474
28	48	-1.14432
8	12	1.14185
0	92	1.14038
2	84	-1.14031
6	20	-1.13839
54	62	-1.13783
10	58	-1.13737
12	58	-1.13729
20	38	-1.137
10	28	-1.13691
16	24	-1.13691
50	60	1.13651
64	76	1.13555
6	28	1.13523
42	66	-1.13512
8	52	1.13509
20	42	-1.13458
8	28	-1.13399
42	90	-1.13391
50	90	1.13383
18	60	1.13274
6	26	1.13232
4	66	-1.1323
4	86	1.13124
38	62	-1.13074
58	88	-1.12996
0	8	1.12979
0	58	-1.12926
48	86	-1.12913
12	92	1.12811
48	52	1.12566
72	86	1.12541
10	62	1.1254
16	80	1.125
30	42	1.12493
66	94	-1.12491
24	56	-1.12445
18	94	-1.12368
18	86	-1.12263
64	96	1.11981
62	86	-1.11938
46	52	-1.11836
4	84	-1.11732
52	82	-1.1167
12	48	1.11646
38	42	1.11603
82	94	1.11569
58	66	-1.11491
54	98	-1.11484
52	80	-1.11478
16	48	-1.11457
34	40	-1.11362
40	78	1.11347
18	88	1.11346
38	50	-1.11331
50	86	-1.1132
82	88	-1.11315
54	78	-1.11238
6	32	1.11178
6	36	1.11171
12	94	-1.11147
46	96	1.11134
2	32	1.11104
20	96	-1.10979
2	70	-1.10969
70	86	-1.1096
2	48	-1.10853
84	98	1.1082
22	58	-1.10764
4	60	-1.10713
10	70	1.10695
2	38	1.10689
56	76	1.10657
16	76	1.10592
8	10	1.10574
0	62	1.10571
38	98	-1.1055
38	44	-1.10532
0	48	1.10518
74	94	1.10514
12	96	-1.10431
74	78	-1.10417
2	36	1.10391
24	64	-1.10346
4	90	-1.10264
16	58	1.10253
42	54	1.10172
42	74	1.09979
38	68	-1.09898
60	72	-1.09833
2	26	1.09802
44	84	1.09766
54	92	-1.09734
0	94	-1.09605
72	88	-1.09535
8	16	-1.09511
74	88	-1.095
20	80	-1.09499
30	76	1.09353
22	46	-1.09321
22	80	-1.09289
90	98	1.09288
22	82	-1.09248
20	76	-1.09221
48	56	-1.09039
20	34	-1.09003
52	58	-1.08944
6	52	-1.08936
54	94	1.08898
10	94	-1.08892
44	90	1.08864
10	48	1.08634
18	78	1.08611
30	78	-1.08569
42	84	-1.0855
40	80	-1.08356
48	64	-1.0834
18	42	-1.08336
12	62	1.08317
12	14	-1.0827
20	58	-1.08221
10	98	1.08206
28	80	1.08116
70	84	1.08106
34	64	1.081
10	14	-1.08097
42	72	1.08079
8	56	-1.08072
0	14	-1.08006
56	58	1.07831
68	84	1.07817
30	66	-1.07766
0	96	-1.07719
40	76	-1.07665
30	80	1.07645
0	70	1.07583
12	24	1.07577
30	86	1.0754
22	38	-1.07355
14	38	1.07202
6	22	-1.07202
62	84	1.0719
46	98	-1.07151
24	86	-1.07127
10	68	1.07066
26	82	1.0703
28	76	1.06963
6	94	1.06904
38	92	-1.06851
28	72	1.06794
68	90	1.06762
4	34	1.06612
0	24	1.0657
6	88	-1.06549
2	24	-1.06538
58	60	-1.06501
40	86	-1.06415
8	64	-1.0632
34	50	-1.06262
40	60	1.06259
0	98	1.06232
84	94	-1.06113
72	78	-1.06102
38	88	-1.06061
10	96	-1.06041
58	64	1.06024
8	86	-1.06023
20	54	-1.05946
14	46	1.0588
16	34	1.05779
34	56	1.0573
10	44	1.05716
34	62	-1.05653
46	92	-1.05591
32	82	1.05579
36	82	1.05569
62	90	1.05493
0	68	1.05395
34	98	-1.05331
12	70	1.05224
70	90	1.05201
46	62	-1.05079
2	54	1.0507
14	84	-1.05069
10	24	1.0502
54	88	-1.04909
66	72	-1.04891
18	28	-1.04876
52	76	-1.04782
30	60	-1.04641
66	74	-1.04626
12	98	1.04625
34	44	-1.04585
12	68	1.04505
32	42	1.04413
22	76	-1.04321
0	44	1.04243
36	42	1.04208
26	66	-1.04177
2	8	-1.04169
32	66	-1.04121
22	54	-1.04065
82	92	-1.03857
46	68	-1.03853
28	74	1.0374
10	50	1.03734
34	68	-1.03721
36	66	-1.03697
22	34	-1.03663
14	82	1.03655
82	98	-1.0359
38	52	-1.03583
14	90	-1.03534
46	50	-1.03517
58	78	-1.03497
18	66	1.03489
26	42	1.03474
50	76	-1.0345
16	72	1.03445
12	44	1.03437
50	80	-1.03426
18	20	1.03394
22	72	-1.03346
80	88	-1.03332
62	82	-1.03296
58	86	1.03276
6	30	1.03258
84	92	1.03222
28	34	1.03188
18	22	1.03134
44	46	-1.03125
4	76	1.03116
26	46	1.03114
52	90	1.03041
20	72	-1.03035
4	10	-1.03028
38	94	1.03024
18	52	1.02982
2	74	1.02943
22	90	1.02915
64	90	-1.02888
76	98	-1.02845
62	76	-1.02825
6	40	-1.02742
4	80	1.02737
2	96	1.02731
52	72	-1.02644
36	78	-1.02637
34	52	-1.02634
28	84	-1.02628
70	80	-1.0262
90	94	-1.02619
4	12	-1.0261
0	50	1.02604
0	4	-1.02587
28	54	1.02571
56	72	1.02568
10	26	-1.02515
76	88	-1.02499
32	78	-1.02488
76	94	1.02469
90	92	1.02424
24	66	1.02375
8	60	1.02374
42	48	-1.02353
12	26	-1.02352
20	74	-1.02328
32	86	1.02304
80	94	1.02279
6	62	-1.02271
34	88	-1.02256
32	46	1.0219
44	80	-1.02173
6	98	-1.0217
16	18	-1.02154
16	84	-1.0214
36	46	1.02114
22	74	-1.02097
56	90	-1.02084
2	72	1.0208
64	84	-1.0207
52	74	-1.02059
12	36	-1.02037
0	26	-1.01999
36	86	1.01992
18	56	-1.01944
2	18	-1.01928
44	76	-1.01924
12	50	1.01893
64	72	1.01803
26	86	1.01777
66	96	-1.01767
26	78	-1.01746
6	92	-1.01701
52	54	-1.01701
12	32	-1.01681
20	90	1.01673
4	46	1.01672
22	84	1.01615
42	96	1.01601
42	58	1.01573
16	90	-1.01569
86	96	1.01557
16	74	1.01542
68	80	-1.01514
10	32	-1.01507
56	74	1.01487
80	92	-1.01437
48	60	1.01434
14	34	1.01403
52	84	1.01383
34	92	-1.01345
6	14	1.01306
68	76	-1.0129
38	64	1.01257
56	84	-1.01255
50	82	-1.01247
24	42	-1.01221
68	82	-1.01203
0	32	-1.01192
6	50	-1.01161
18	64	-1.01098
14	80	1.01096
0	36	-1.01091
34	94	1.01043
16	54	1.01024
64	74	1.00951
30	82	1.00951
80	98	-1.00949
28	90	-1.00947
60	96	-1.00935
8	66	1.00923
10	36	-1.00872
32	60	-1.00782
44	82	-1.00775
84	88	1.00762
10	30	-1.00747
2	58	1.00713
10	40	1.00698
36	60	-1.00679
54	64	1.00661
26	60	-1.00657
48	66	1.00648
20	84	1.0064
4	82	1.00593
40	82	-1.00581
8	78	1.00538
16	38	1.0052
4	6	1.0049
88	90	1.00474
8	42	-1.00466
54	56	1.00433
38	56	1.00425
12	40	1.00421
40	46	-1.0037
30	46	1.00362
24	60	1.00354
76	92	-1.00351
28	38	1.00347
14	76	1.00322
48	78	1.00269
12	30	-1.00237
0	40	1.00215
0	30	-1.00181
24	78	1.0017
62	80	-1.00151
6	44	-1.0011
78	96	-1.00028
6	68	-1.00015
