19	69	199.972
29	75	199.927
19	27	199.885
79	89	199.882
7	15	199.88
33	45	199.814
27	69	199.745
43	79	199.589
5	9	199.198
43	89	199.052
1	85	198.976
63	85	198.919
15	83	198.808
31	69	198.6
57	87	198.574
19	31	198.445
7	83	198.318
3	17	198.053
27	31	198.026
43	99	197.992
17	35	197.844
37	41	197.749
77	85	197.708
69	89	197.655
5	61	197.523
11	29	197.459
15	93	197.433
1	77	197.432
55	59	197.407
47	81	197.4
19	89	197.334
31	99	197.268
79	99	197.048
69	79	196.942
1	63	196.921
7	93	196.727
81	97	196.71
11	75	196.708
57	91	196.552
19	79	196.512
89	99	196.509
27	89	196.454
69	99	196.423
3	35	195.898
19	99	195.791
7	87	195.773
43	69	195.525
27	79	195.414
35	39	195.322
25	65	195.316
43	91	-194.935
19	43	194.903
5	67	194.879
83	93	194.676
9	67	194.544
3	39	194.539
15	87	194.491
27	99	194.375
31	89	194.261
79	91	-194.166
9	61	194.066
3	63	193.93
47	67	193.828
31	79	193.827
63	77	193.704
37	95	193.522
27	43	193.436
49	75	193.431
61	67	193.321
31	43	193.301
89	91	-193.04
29	49	192.971
7	57	192.642
11	49	192.533
9	47	192.48
11	21	192.281
3	85	192.058
65	83	191.82
87	93	191.473
33	49	191.452
87	91	191.235
17	39	191.092
1	53	190.876
43	97	190.821
15	57	190.778
97	99	190.278
91	97	-189.75
25	83	189.603
47	97	189.574
81	87	-189.528
83	87	189.297
45	49	188.928
21	27	188.847
53	77	188.767
5	47	188.688
39	63	188.598
57	97	-188.081
7	65	188.048
3	77	187.73
91	99	-187.656
15	65	187.624
57	81	-187.19
79	97	186.856
19	21	186.853
87	97	-186.552
23	73	186.47
57	83	186.025
17	63	185.9
21	69	185.848
1	3	185.817
21	31	185.576
43	57	-185.273
53	85	184.911
9	81	184.832
57	93	184.674
89	97	184.498
13	45	184.479
17	85	184.413
41	95	184.401
51	71	184.334
67	81	183.969
35	41	183.841
69	91	-183.646
57	79	-183.208
13	33	183.139
11	27	182.986
81	91	-182.877
19	91	-182.822
39	85	182.647
21	29	182.643
15	25	182.47
13	55	-182.363
35	63	182.127
47	87	-181.952
17	77	181.697
7	25	181.621
57	89	-181.275
57	65	181.234
7	91	181.152
27	91	-180.886
71	75	-180.827
21	75	180.757
11	19	180.487
47	61	180.405
17	41	179.807
39	73	-179.595
11	69	179.182
65	87	179.182
43	81	178.973
5	81	178.877
53	63	178.841
29	71	-178.809
31	97	178.766
15	91	178.482
31	91	-178.471
27	29	178.326
35	85	178.242
13	23	178.161
43	87	-177.99
69	97	177.737
81	99	177.285
47	57	-176.889
9	97	176.839
1	17	176.587
57	99	-176.479
19	97	176.364
21	49	176.304
27	75	176.283
65	93	176.022
19	29	175.994
49	71	-175.858
7	81	-175.819
1	39	175.8
81	93	-175.687
21	89	175.145
79	87	-174.963
11	33	174.788
29	69	174.739
65	91	174.599
53	55	174.214
15	81	-173.939
19	75	173.917
79	81	173.837
11	31	173.604
83	91	173.533
27	97	173.477
39	77	173.123
25	93	173.021
47	93	-173.013
21	99	172.971
53	59	172.872
59	71	172.748
21	79	172.72
33	75	172.684
69	75	172.645
35	77	172.596
87	89	-172.555
11	89	172.081
35	37	172.081
29	33	172.044
11	45	171.386
81	89	170.81
29	89	170.744
67	97	170.632
7	97	-170.36
91	93	169.744
47	91	-169.667
1	35	169.646
87	99	-169.561
55	71	169.325
13	59	-169.265
5	97	169.211
57	69	-169.079
7	47	-169.052
11	79	169.012
45	75	168.954
3	41	168.935
75	89	168.869
21	43	168.851
29	45	168.306
19	57	-168
15	97	-167.822
15	47	-167.695
29	79	167.679
39	41	167.642
61	81	167.519
63	73	-167.387
29	31	166.941
17	37	166.798
25	87	166.708
25	57	166.217
11	71	-166.121
93	97	-166.037
75	79	165.778
27	57	-165.581
13	49	165.481
43	47	165.223
47	99	164.749
51	65	164.653
31	75	164.635
81	83	-164.555
67	87	-164.243
31	57	-164.175
51	75	-164.085
11	43	163.412
67	93	-163.123
7	43	-163.074
31	81	162.873
3	73	-162.579
29	51	-162.558
11	99	162.281
69	81	161.753
29	43	161.713
3	53	161.69
35	73	-161.662
21	33	161.157
7	79	-160.79
33	55	-160.596
19	81	160.195
15	43	-160.075
69	87	-159.88
45	55	-159.817
43	75	159.743
23	45	159.643
47	79	159.307
9	87	-158.995
83	97	-158.976
27	49	158.83
7	89	-158.668
19	87	-158.666
21	45	158.286
73	85	-158.16
47	83	-157.96
29	99	157.83
15	79	-157.772
33	71	-157.633
49	55	-157.459
1	55	157.015
27	81	156.978
23	63	-156.509
25	91	156.382
57	67	-156.291
31	87	-156.046
65	79	-156.043
27	87	-156.023
47	89	156.006
23	33	155.888
13	53	-155.737
19	49	155.719
15	89	-155.658
75	99	155.618
43	65	-155.427
65	89	-155.295
61	97	155.253
37	39	154.846
1	73	-154.808
3	37	154.789
45	71	-154.472
1	13	-154.291
9	57	-154.257
7	67	-154.248
17	73	-154.179
49	69	154.142
43	83	-154.132
25	51	154.126
15	67	-153.759
29	91	-153.549
23	39	-153.497
9	99	153.029
7	99	-152.946
5	87	-152.894
79	83	-152.6
43	93	-152.423
75	91	-152.052
21	91	-151.972
17	53	151.75
11	91	-151.521
65	81	-151.077
49	59	-150.977
83	89	-150.865
65	97	-150.789
1	59	150.657
13	73	150.479
1	23	-150.315
15	99	-150.107
13	71	-149.978
31	47	149.733
23	85	-149.729
9	93	-149.517
13	63	-149.451
9	43	149.445
29	95	-149.383
39	53	149.342
11	95	-149.28
33	59	-149.197
9	91	-149.168
79	93	-149.105
75	95	-148.985
35	95	148.887
49	51	-148.859
11	51	-148.398
51	91	147.896
45	59	-147.889
31	49	147.705
13	85	-147.679
55	85	147.527
5	57	-147.477
47	69	147.38
49	89	147.113
89	93	-146.636
17	57	146.377
67	91	-146.308
55	77	145.956
41	89	-145.925
5	93	-145.922
7	69	-145.839
17	87	145.827
19	47	145.788
35	91	145.596
41	79	-145.575
3	87	145.573
51	89	-145.556
35	57	145.285
39	97	-145.281
37	89	-145.273
7	9	-145.106
41	63	145.087
39	81	-144.987
67	83	-144.922
7	19	-144.881
55	63	144.831
77	93	144.796
41	91	144.783
3	57	144.676
93	99	-144.548
23	55	-144.522
37	79	-144.512
5	99	144.444
73	77	-144.439
27	37	-144.374
41	43	-144.282
51	79	-144.227
19	37	-144.119
17	91	144.073
37	69	-143.916
21	95	-143.864
9	15	-143.822
49	79	143.812
35	87	143.786
27	95	-143.725
35	97	-143.704
85	93	143.687
83	99	-143.671
21	97	143.582
55	75	-143.473
7	17	143.373
9	79	143.373
35	53	143.283
61	87	-143.212
15	69	-143.125
49	95	-143.059
41	69	-142.873
19	41	-142.857
65	99	-142.851
29	37	-142.836
19	95	-142.823
7	27	-142.77
65	69	-142.761
15	77	142.72
13	75	142.71
37	43	-142.652
27	41	-142.649
17	95	142.648
35	43	-142.637
1	93	142.629
3	23	-142.598
3	7	142.58
27	47	142.576
15	17	142.493
19	65	-142.365
69	95	-142.333
39	47	-142.298
21	71	-142.276
41	85	142.272
37	75	-142.271
15	19	-142.197
9	73	142.122
7	77	142.048
67	99	141.99
35	81	-141.975
3	15	141.87
77	83	141.696
47	65	-141.693
59	77	141.553
5	91	-141.466
43	67	141.407
3	81	-141.406
59	75	-141.375
63	93	141.373
35	79	-141.351
51	57	141.315
27	65	-141.308
29	55	-141.293
23	61	141.263
27	71	-141.263
7	31	-141.238
5	73	141.223
37	91	141.212
11	37	-141.16
61	93	-141.159
13	29	141.094
59	85	141.052
5	43	140.989
15	85	140.952
51	59	140.897
63	87	140.812
3	91	140.807
3	93	140.805
89	95	-140.746
7	85	140.716
5	7	-140.66
13	77	-140.655
43	51	-140.496
9	89	140.313
35	89	-140.309
41	77	140.271
17	83	140.217
85	87	140.192
15	27	-140.16
5	23	140.129
41	99	-140.085
39	57	139.978
39	87	139.943
9	31	139.898
27	51	-139.819
3	97	-139.81
63	81	-139.786
41	57	139.724
5	15	-139.67
17	93	139.649
31	37	-139.6
79	95	-139.576
47	63	-139.543
35	99	-139.459
19	71	-139.458
19	51	-139.411
39	91	139.326
29	59	-139.22
11	13	139.2
37	99	-139.141
51	69	-139.076
69	83	-138.953
7	63	138.88
17	97	-138.863
17	81	-138.817
3	83	138.81
15	63	138.773
15	31	-138.772
31	95	-138.695
31	41	-138.671
23	77	-138.492
69	71	-138.476
1	15	138.473
71	89	-138.322
39	43	-138.277
19	83	-138.231
83	85	138.198
9	23	138.037
77	87	137.972
25	79	-137.934
1	7	137.93
43	49	137.918
25	81	-137.905
7	35	137.834
3	47	-137.828
17	65	137.64
29	57	-137.543
61	73	137.505
39	99	-137.503
17	43	-137.432
59	63	137.41
43	95	-137.384
51	83	137.366
25	89	-137.363
25	43	-137.343
35	47	-137.106
57	63	137.062
21	37	-136.791
57	61	-136.735
27	83	-136.611
21	57	-136.557
15	35	136.539
1	87	136.432
17	79	-136.289
57	75	-136.264
29	41	-136.026
57	85	136.006
49	99	136
29	65	-135.915
71	79	-135.836
1	83	135.82
9	39	-135.786
81	85	-135.773
39	79	-135.75
95	99	-135.661
65	75	-135.583
67	79	135.57
27	33	135.565
41	87	135.543
53	93	135.509
9	83	-135.433
41	97	-135.432
69	93	-135.404
41	75	-135.343
23	53	-135.299
47	85	-135.27
11	57	-135.209
17	89	-135.203
63	83	135.162
5	79	135.146
39	67	-135.096
63	67	-134.995
47	73	134.98
9	69	134.976
25	97	-134.92
37	57	134.92
35	69	-134.88
7	51	134.811
31	65	-134.799
11	55	-134.693
23	35	-134.638
63	97	-134.436
19	93	-134.388
11	97	134.374
7	61	-134.347
3	43	-134.313
19	35	-134.241
39	89	-134.226
51	55	134.204
23	67	134.134
11	41	-134.125
31	83	-134.101
15	61	-133.925
17	47	-133.918
53	73	-133.899
67	73	133.881
35	93	133.829
57	77	133.777
9	19	133.497
31	35	-133.313
71	95	133.295
15	51	133.178
31	93	-133.153
35	83	133.128
1	47	-133.082
23	59	-133.078
1	41	133.032
51	87	132.927
91	95	132.916
3	65	132.902
39	95	132.895
27	35	-132.829
5	39	-132.732
73	81	132.62
17	99	-132.6
17	23	-132.565
19	33	132.533
67	89	132.504
29	97	132.502
1	81	-132.432
37	97	-132.429
13	61	132.37
3	79	-132.36
27	45	132.311
27	93	-132.251
5	89	132.24
51	99	-132.208
5	83	-132.126
7	39	132.125
11	59	-131.954
25	47	-131.921
5	31	131.911
73	97	131.599
1	57	131.384
31	71	-131.352
21	41	-131.328
41	81	-131.304
41	73	-131.285
41	65	131.271
35	65	131.266
37	63	131.259
3	95	131.242
33	69	131.059
33	51	-131.041
31	51	-130.983
15	39	130.922
3	89	-130.92
17	25	130.857
43	71	-130.783
67	85	-130.762
65	71	130.752
25	77	130.738
75	97	130.732
37	87	130.645
11	65	-130.642
9	27	130.602
37	51	130.567
3	99	-130.454
37	49	-130.443
13	67	130.408
39	93	130.334
31	39	-130.19
1	67	-130.174
63	91	130.093
61	99	130.075
3	67	-130.07
85	97	-130.067
65	77	130.064
7	41	129.987
23	49	129.967
71	91	129.789
13	39	-129.617
39	69	-129.576
33	95	-129.527
19	45	129.367
61	91	-129.294
15	53	129.259
9	63	-129.229
41	51	129.174
67	95	-129.16
45	51	-129.081
49	91	-129.075
55	73	-128.976
35	67	-128.878
77	81	-128.825
19	39	-128.738
37	85	128.688
17	69	-128.502
15	41	128.484
21	87	-128.442
37	81	-128.433
31	67	128.423
53	83	128.176
21	51	-128.138
85	91	128.002
39	61	-127.96
45	69	127.945
95	97	-127.922
61	83	-127.908
17	19	-127.902
7	53	127.898
23	47	127.807
37	71	127.795
25	69	-127.794
21	81	127.782
61	95	-127.696
19	25	-127.639
65	67	-127.632
45	53	-127.514
47	77	-127.502
3	13	-127.486
3	25	127.403
43	61	127.372
37	77	127.315
45	95	-127.27
5	69	127.223
25	27	-127.171
29	87	-127.133
5	63	-127.003
27	39	-126.99
9	35	-126.965
31	33	126.851
25	99	-126.798
5	13	126.779
33	53	-126.717
51	95	126.585
17	27	-126.563
41	47	-126.541
39	83	126.513
65	85	126.308
41	83	126.206
17	31	-126.136
37	65	126.103
71	99	-126.054
57	95	126.017
3	9	-125.978
75	87	-125.958
5	19	125.868
25	29	-125.776
1	97	-125.738
17	67	-125.695
67	69	125.512
11	87	-125.473
21	65	-125.469
25	75	-125.445
81	95	-125.386
9	65	-125.375
25	85	125.214
47	95	-125.161
77	91	125.116
37	47	-125.039
45	73	124.993
51	97	-124.61
7	37	124.537
41	93	124.417
3	69	-124.326
19	67	124.178
63	65	124.166
11	25	-124.105
37	67	-124.103
31	45	124.057
59	73	-123.897
5	35	-123.868
5	95	-123.688
25	67	-123.675
9	85	-123.674
61	63	-123.67
77	97	-123.624
3	19	-123.603
13	21	123.598
33	89	123.566
9	13	123.388
5	27	123.242
43	63	-123.215
3	31	-123.099
25	35	123.076
15	37	123.068
3	5	-123.011
5	65	-122.882
21	25	-122.756
3	55	122.754
41	67	-122.751
9	95	-122.738
67	77	-122.707
53	87	122.698
1	91	122.693
87	95	122.648
1	25	122.608
73	99	122.599
7	21	-122.486
53	71	122.398
1	65	122.391
61	79	122.284
1	9	-122.175
25	63	122.07
3	27	-122.057
37	73	-122.049
39	65	122.032
33	73	122.031
21	83	-122.021
1	45	-121.875
41	49	-121.854
25	31	-121.755
25	45	-121.673
5	85	-121.575
27	67	121.573
41	71	121.548
9	17	-121.502
15	21	-121.451
23	81	121.431
7	29	-121.306
23	25	-121.252
33	79	120.932
21	59	-120.863
25	41	120.853
13	51	-120.793
45	89	120.665
1	37	120.663
37	83	120.625
63	99	-120.621
25	71	120.61
21	55	-120.596
25	33	-120.548
63	79	-120.52
1	5	-120.498
7	75	-120.407
45	61	120.322
1	33	-120.19
51	93	120.174
11	81	120.154
29	83	-120.132
35	61	-120.054
9	25	-120.042
43	85	-119.978
49	65	-119.939
37	93	119.934
39	55	119.926
25	61	-119.922
61	89	119.803
5	25	-119.796
7	11	-119.713
37	61	-119.699
57	71	119.536
15	29	-119.388
75	83	-119.341
61	65	-119.307
23	71	-119.265
31	61	119.225
43	73	119.218
29	81	119.21
47	53	-119.137
11	83	-119.087
3	61	-119.064
13	47	118.888
53	67	-118.836
63	89	-118.836
61	85	-118.679
9	37	-118.61
5	17	-118.591
33	61	118.519
15	75	-118.517
55	67	-118.237
1	61	-118.222
23	51	-118.196
25	49	-118.186
45	79	118.185
9	41	-118.169
11	15	-118.151
73	87	-118.091
5	37	-118.033
75	81	117.858
3	59	117.641
51	81	-117.641
79	85	-117.604
53	81	-117.49
57	73	-117.224
45	63	-117.178
49	53	-117.137
53	57	117.083
85	99	-117.024
21	47	116.964
45	85	-116.84
13	17	-116.829
41	61	-116.784
25	53	116.753
5	41	-116.72
73	91	-116.715
33	43	116.606
31	73	116.602
21	35	-116.359
49	57	-116.293
33	99	116.264
21	93	-116.256
43	77	-116.232
23	97	116.195
73	79	116.194
85	89	-116.065
25	39	116.02
25	37	115.909
7	95	115.755
65	95	115.54
61	69	115.497
13	35	-115.355
33	63	-115.322
39	59	115.274
9	77	-115.177
17	61	-115.168
33	85	-115.129
51	73	-115.08
33	37	-115.01
1	43	-115.009
45	77	-114.932
73	89	114.758
55	61	-114.64
15	95	114.506
77	79	-114.447
19	61	114.441
43	45	114.164
17	51	114.043
45	99	113.955
41	53	113.935
29	35	-113.864
93	95	113.726
53	65	113.591
49	97	113.528
11	35	-113.496
33	77	-113.429
17	55	113.353
35	51	113.282
5	77	-113.276
31	63	-113.207
77	89	-113.199
69	73	113.198
77	99	-113.147
45	67	113.137
63	69	-113.069
35	75	-113.025
37	45	-113.002
5	45	112.874
33	65	-112.841
45	65	-112.82
1	79	-112.718
1	99	-112.695
63	95	112.542
19	73	112.455
27	61	112.442
19	63	-112.352
23	65	-112.279
71	87	112.203
25	73	-112.171
23	75	112.144
55	93	111.998
59	67	-111.995
17	21	-111.959
5	55	-111.836
33	67	111.83
11	23	111.777
83	95	111.635
53	97	-111.529
7	73	-111.492
13	81	111.359
23	29	111.341
9	51	-111.337
1	89	-111.3
73	93	-111.285
71	97	-111.231
5	33	111.224
27	73	111.024
61	77	-110.942
17	29	-110.941
27	63	-110.901
71	83	110.897
85	95	110.885
15	73	-110.816
9	53	-110.802
77	95	110.754
5	51	-110.752
7	71	110.734
21	39	-110.711
31	85	-110.672
9	21	110.642
69	85	-110.599
47	51	-110.545
27	59	-110.544
11	93	-110.542
29	93	-110.463
59	95	110.461
47	55	-110.457
9	55	-110.327
17	75	-110.299
11	47	110.256
21	53	-110.241
35	55	110.213
55	95	110.192
13	95	-110.052
65	73	-110.049
59	93	110.044
33	91	-110.042
19	85	-109.985
23	87	-109.929
5	53	-109.914
11	17	-109.898
23	93	-109.749
75	93	-109.689
17	59	109.668
13	93	-109.64
15	71	109.453
29	47	109.376
49	87	-109.338
19	59	-109.33
9	45	109.139
23	83	-109.131
31	59	-109.078
59	61	-109.06
53	91	109.03
53	61	-108.948
73	95	-108.857
31	77	-108.81
51	61	-108.766
59	69	-108.76
27	85	-108.75
73	83	-108.718
69	77	-108.63
27	55	-108.61
15	23	-108.586
1	71	108.47
13	25	-108.461
7	23	-108.453
47	75	108.426
23	41	-108.422
71	73	-108.218
19	77	-108.185
45	91	-108.158
49	83	-108.088
1	49	-108.028
3	21	-108.013
3	51	107.921
33	41	-107.878
5	59	-107.839
9	33	107.709
13	27	107.666
23	57	-107.511
25	95	107.396
1	31	-107.387
27	77	-107.295
19	55	-107.273
35	59	107.116
9	59	-107.075
7	49	-107.009
1	69	-106.828
39	51	106.806
53	75	-106.803
55	69	-106.645
37	53	106.624
5	21	106.598
11	39	-106.58
49	61	106.448
47	59	-106.4
41	45	-106.349
11	53	-106.327
45	83	-106.32
1	19	-106.317
13	19	106.22
15	49	-106.211
29	39	-106.115
29	53	-106.087
1	95	106.078
49	73	105.993
33	83	-105.902
39	45	-105.759
31	55	-105.708
3	29	-105.668
23	99	105.663
21	23	105.621
13	69	105.559
55	81	-105.545
15	55	105.53
39	75	-105.43
59	89	-105.406
1	27	-105.32
49	81	105.312
21	77	-105.305
3	11	-105.148
3	75	-105.148
31	53	-105.075
7	55	104.885
13	97	104.879
21	67	104.869
53	99	-104.868
3	45	-104.86
13	15	-104.673
13	87	-104.672
23	91	-104.594
71	81	-104.551
33	39	-104.516
43	53	-104.461
15	59	104.358
59	79	-104.347
49	85	-104.331
71	85	104.311
59	99	-104.226
23	43	104.198
7	13	-104.181
49	63	-104.163
9	11	104.153
71	77	104.035
55	89	-104.021
55	87	103.996
13	83	-103.924
51	67	-103.918
55	83	103.899
45	47	103.833
3	33	-103.719
7	59	103.716
49	77	-103.703
51	53	103.54
49	67	103.501
63	71	103.461
33	57	-103.46
13	31	103.425
37	59	103.37
71	93	103.346
35	49	-103.312
59	83	103.272
13	89	103.25
53	79	-103.225
35	71	103.206
23	37	-103.157
61	71	-103.15
33	47	103.103
15	45	-103.013
55	79	-103.006
9	29	102.967
59	81	-102.948
17	71	102.857
43	59	-102.809
15	33	-102.78
33	97	102.679
53	69	-102.665
37	55	102.642
53	89	-102.603
7	45	-102.597
21	85	-102.594
19	53	-102.584
1	21	-102.578
27	53	-102.524
45	57	-102.523
23	79	102.498
7	33	-102.482
13	79	102.436
9	75	102.413
45	93	-102.392
13	65	-102.383
21	61	102.26
59	87	102.249
23	31	102.246
21	73	102.233
5	71	-102.117
5	49	102.1
11	67	102.049
21	63	-101.972
5	11	101.934
45	97	101.925
13	57	-101.919
33	93	-101.898
49	93	-101.812
23	89	101.806
13	37	-101.802
9	71	-101.762
17	49	-101.752
51	77	101.712
55	99	-101.704
47	49	101.665
29	67	101.662
55	57	101.564
53	95	101.524
43	55	-101.517
59	65	101.514
13	43	101.423
67	75	101.423
17	45	-101.349
23	69	101.195
55	97	-101.159
51	63	101.099
1	75	-101.092
59	91	101.077
5	29	101.057
11	61	101.042
19	23	101.024
13	99	100.972
33	87	-100.954
45	81	100.953
51	85	100.952
9	49	100.95
55	91	100.931
33	81	100.876
47	71	-100.805
23	27	100.802
39	49	-100.793
1	29	-100.776
67	71	-100.752
5	75	100.749
13	91	-100.745
17	33	-100.741
59	97	-100.721
57	59	100.658
35	45	-100.634
63	75	-100.6
29	63	-100.584
45	87	-100.579
41	59	100.576
11	77	-100.569
61	75	100.514
13	41	-100.491
1	11	-100.488
11	73	100.48
3	71	100.467
29	61	100.459
55	65	100.453
41	55	100.35
75	85	-100.332
33	35	-100.302
3	49	-100.273
29	85	-100.262
73	75	100.223
25	55	100.209
11	63	-100.168
39	71	100.138
29	73	100.131
1	51	100.095
25	59	100.072
23	95	-100.052
11	85	-100.017
75	77	-100.015
29	77	-100.007
74	75	20
22	23	20
96	97	20
94	95	20
92	93	20
88	89	20
90	91	20
86	87	20
24	25	20
76	77	20
84	85	20
78	79	20
82	83	20
26	27	20
80	81	20
20	21	20
16	17	20
32	33	20
72	73	20
54	55	20
56	57	20
58	59	20
52	53	20
48	49	20
46	47	20
44	45	20
18	19	20
42	43	20
40	41	20
60	61	20
38	39	20
62	63	20
36	37	20
64	65	20
66	67	20
34	35	20
68	69	20
70	71	20
30	31	20
14	15	20
28	29	20
50	51	20
0	1	20
98	99	20
10	11	20
4	5	20
2	3	20
6	7	20
8	9	20
12	13	20
18	69	19.9972
19	68	19.9972
28	75	19.9927
29	74	19.9927
18	27	19.9885
19	26	19.9885
78	89	19.9882
79	88	19.9882
7	14	19.988
6	15	19.988
33	44	19.9814
32	45	19.9814
27	68	19.9745
26	69	19.9745
42	79	19.9589
43	78	19.9589
5	8	19.9198
4	9	19.9198
43	88	19.9052
42	89	19.9052
0	85	19.8976
1	84	19.8976
63	84	19.8919
62	85	19.8919
14	83	19.8808
15	82	19.8808
30	69	19.86
31	68	19.86
57	86	19.8574
56	87	19.8574
18	31	19.8445
19	30	19.8445
7	82	19.8318
6	83	19.8318
2	17	19.8053
3	16	19.8053
26	31	19.8026
27	30	19.8026
43	98	19.7992
42	99	19.7992
16	35	19.7844
17	34	19.7844
36	41	19.7749
37	40	19.7749
76	85	19.7708
77	84	19.7708
68	89	19.7655
69	88	19.7655
5	60	19.7523
4	61	19.7523
11	28	19.7459
10	29	19.7459
14	93	19.7433
15	92	19.7433
1	76	19.7432
0	77	19.7432
54	59	19.7407
55	58	19.7407
47	80	19.74
46	81	19.74
19	88	19.7334
18	89	19.7334
31	98	19.7268
30	99	19.7268
79	98	19.7048
78	99	19.7048
68	79	19.6942
69	78	19.6942
1	62	19.6921
0	63	19.6921
6	93	19.6727
7	92	19.6727
80	97	19.671
81	96	19.671
10	75	19.6708
11	74	19.6708
57	90	19.6552
56	91	19.6552
19	78	19.6512
18	79	19.6512
88	99	19.6509
89	98	19.6509
26	89	19.6454
27	88	19.6454
69	98	19.6423
68	99	19.6423
2	35	19.5898
3	34	19.5898
19	98	19.5791
18	99	19.5791
6	87	19.5773
7	86	19.5773
43	68	19.5525
42	69	19.5525
27	78	19.5414
26	79	19.5414
34	39	19.5322
35	38	19.5322
25	64	19.5316
24	65	19.5316
43	90	-19.4935
42	91	-19.4935
18	43	19.4903
19	42	19.4903
5	66	19.4879
4	67	19.4879
82	93	19.4676
83	92	19.4676
8	67	19.4544
9	66	19.4544
2	39	19.4539
3	38	19.4539
14	87	19.4491
15	86	19.4491
26	99	19.4375
27	98	19.4375
31	88	19.4261
30	89	19.4261
79	90	-19.4166
78	91	-19.4166
8	61	19.4066
9	60	19.4066
2	63	19.393
3	62	19.393
47	66	19.3828
46	67	19.3828
31	78	19.3827
30	79	19.3827
63	76	19.3704
62	77	19.3704
37	94	19.3522
36	95	19.3522
27	42	19.3436
26	43	19.3436
49	74	19.3431
48	75	19.3431
60	67	19.3321
61	66	19.3321
31	42	19.3301
30	43	19.3301
89	90	-19.304
88	91	-19.304
29	48	19.2971
28	49	19.2971
6	57	19.2642
7	56	19.2642
10	49	19.2533
11	48	19.2533
9	46	19.248
8	47	19.248
11	20	19.2281
10	21	19.2281
2	85	19.2058
3	84	19.2058
65	82	19.182
64	83	19.182
86	93	19.1473
87	92	19.1473
33	48	19.1452
32	49	19.1452
87	90	19.1235
86	91	19.1235
17	38	19.1092
16	39	19.1092
0	53	19.0876
1	52	19.0876
43	96	19.0821
42	97	19.0821
14	57	19.0778
15	56	19.0778
97	98	19.0278
96	99	19.0278
90	97	-18.975
91	96	-18.975
24	83	18.9603
25	82	18.9603
46	97	18.9574
47	96	18.9574
80	87	-18.9528
81	86	-18.9528
83	86	18.9297
82	87	18.9297
44	49	18.8928
45	48	18.8928
20	27	18.8847
21	26	18.8847
53	76	18.8767
52	77	18.8767
4	47	18.8688
5	46	18.8688
39	62	18.8598
38	63	18.8598
57	96	-18.8081
56	97	-18.8081
6	65	18.8048
7	64	18.8048
3	76	18.773
2	77	18.773
91	98	-18.7656
90	99	-18.7656
14	65	18.7624
15	64	18.7624
56	81	-18.719
57	80	-18.719
78	97	18.6856
79	96	18.6856
19	20	18.6853
18	21	18.6853
86	97	-18.6552
87	96	-18.6552
22	73	18.647
23	72	18.647
56	83	18.6025
57	82	18.6025
16	63	18.59
17	62	18.59
21	68	18.5848
20	69	18.5848
0	3	18.5817
1	2	18.5817
20	31	18.5576
21	30	18.5576
43	56	-18.5273
42	57	-18.5273
53	84	18.4911
52	85	18.4911
8	81	18.4832
9	80	18.4832
56	93	18.4674
57	92	18.4674
88	97	18.4498
89	96	18.4498
12	45	18.4479
13	44	18.4479
16	85	18.4413
17	84	18.4413
41	94	18.4401
40	95	18.4401
51	70	18.4334
50	71	18.4334
67	80	18.3969
66	81	18.3969
34	41	18.3841
35	40	18.3841
68	91	-18.3646
69	90	-18.3646
56	79	-18.3208
57	78	-18.3208
12	33	18.3139
13	32	18.3139
11	26	18.2986
10	27	18.2986
81	90	-18.2877
80	91	-18.2877
19	90	-18.2822
18	91	-18.2822
38	85	18.2647
39	84	18.2647
21	28	18.2643
20	29	18.2643
14	25	18.247
15	24	18.247
13	54	-18.2363
12	55	-18.2363
34	63	18.2127
35	62	18.2127
46	87	-18.1952
47	86	-18.1952
16	77	18.1697
17	76	18.1697
6	25	18.1621
7	24	18.1621
56	89	-18.1275
57	88	-18.1275
57	64	18.1234
56	65	18.1234
6	91	18.1152
7	90	18.1152
27	90	-18.0886
26	91	-18.0886
71	74	-18.0827
70	75	-18.0827
20	75	18.0757
21	74	18.0757
10	19	18.0487
11	18	18.0487
46	61	18.0405
47	60	18.0405
16	41	17.9807
17	40	17.9807
38	73	-17.9595
39	72	-17.9595
11	68	17.9182
10	69	17.9182
65	86	17.9182
64	87	17.9182
43	80	17.8973
42	81	17.8973
5	80	17.8877
4	81	17.8877
53	62	17.8841
52	63	17.8841
28	71	-17.8809
29	70	-17.8809
31	96	17.8766
30	97	17.8766
15	90	17.8482
14	91	17.8482
30	91	-17.8471
31	90	-17.8471
26	29	17.8326
27	28	17.8326
34	85	17.8242
35	84	17.8242
12	23	17.8161
13	22	17.8161
43	86	-17.799
42	87	-17.799
69	96	17.7737
68	97	17.7737
81	98	17.7285
80	99	17.7285
47	56	-17.6889
46	57	-17.6889
9	96	17.6839
8	97	17.6839
0	17	17.6587
1	16	17.6587
56	99	-17.6479
57	98	-17.6479
18	97	17.6364
19	96	17.6364
21	48	17.6304
20	49	17.6304
26	75	17.6283
27	74	17.6283
64	93	17.6022
65	92	17.6022
18	29	17.5994
19	28	17.5994
49	70	-17.5858
48	71	-17.5858
7	80	-17.5819
6	81	-17.5819
1	38	17.58
0	39	17.58
81	92	-17.5687
80	93	-17.5687
20	89	17.5145
21	88	17.5145
79	86	-17.4963
78	87	-17.4963
11	32	17.4788
10	33	17.4788
28	69	17.4739
29	68	17.4739
65	90	17.4599
64	91	17.4599
53	54	17.4214
52	55	17.4214
14	81	-17.3939
15	80	-17.3939
19	74	17.3917
18	75	17.3917
79	80	17.3837
78	81	17.3837
10	31	17.3604
11	30	17.3604
83	90	17.3533
82	91	17.3533
26	97	17.3477
27	96	17.3477
38	77	17.3123
39	76	17.3123
25	92	17.3021
24	93	17.3021
46	93	-17.3013
47	92	-17.3013
21	98	17.2971
20	99	17.2971
52	59	17.2872
53	58	17.2872
59	70	17.2748
58	71	17.2748
21	78	17.272
20	79	17.272
33	74	17.2684
32	75	17.2684
68	75	17.2645
69	74	17.2645
35	76	17.2596
34	77	17.2596
86	89	-17.2555
87	88	-17.2555
11	88	17.2081
10	89	17.2081
35	36	17.2081
34	37	17.2081
29	32	17.2044
28	33	17.2044
10	45	17.1386
11	44	17.1386
80	89	17.081
81	88	17.081
29	88	17.0744
28	89	17.0744
66	97	17.0632
67	96	17.0632
7	96	-17.036
6	97	-17.036
91	92	16.9744
90	93	16.9744
46	91	-16.9667
47	90	-16.9667
0	35	16.9646
1	34	16.9646
87	98	-16.9561
86	99	-16.9561
55	70	16.9325
54	71	16.9325
13	58	-16.9265
12	59	-16.9265
5	96	16.9211
4	97	16.9211
56	69	-16.9079
57	68	-16.9079
7	46	-16.9052
6	47	-16.9052
10	79	16.9012
11	78	16.9012
44	75	16.8954
45	74	16.8954
2	41	16.8935
3	40	16.8935
74	89	16.8869
75	88	16.8869
20	43	16.8851
21	42	16.8851
28	45	16.8306
29	44	16.8306
18	57	-16.8
19	56	-16.8
14	97	-16.7822
15	96	-16.7822
14	47	-16.7695
15	46	-16.7695
29	78	16.7679
28	79	16.7679
38	41	16.7642
39	40	16.7642
60	81	16.7519
61	80	16.7519
62	73	-16.7387
63	72	-16.7387
29	30	16.6941
28	31	16.6941
16	37	16.6798
17	36	16.6798
24	87	16.6708
25	86	16.6708
25	56	16.6217
24	57	16.6217
10	71	-16.6121
11	70	-16.6121
93	96	-16.6037
92	97	-16.6037
75	78	16.5778
74	79	16.5778
26	57	-16.5581
27	56	-16.5581
13	48	16.5481
12	49	16.5481
43	46	16.5223
42	47	16.5223
47	98	16.4749
46	99	16.4749
51	64	16.4653
50	65	16.4653
30	75	16.4635
31	74	16.4635
80	83	-16.4555
81	82	-16.4555
67	86	-16.4243
66	87	-16.4243
30	57	-16.4175
31	56	-16.4175
50	75	-16.4085
51	74	-16.4085
10	43	16.3412
11	42	16.3412
66	93	-16.3123
67	92	-16.3123
7	42	-16.3074
6	43	-16.3074
31	80	16.2873
30	81	16.2873
3	72	-16.2579
2	73	-16.2579
28	51	-16.2558
29	50	-16.2558
11	98	16.2281
10	99	16.2281
68	81	16.1753
69	80	16.1753
29	42	16.1713
28	43	16.1713
2	53	16.169
3	52	16.169
34	73	-16.1662
35	72	-16.1662
21	32	16.1157
20	33	16.1157
6	79	-16.079
7	78	-16.079
33	54	-16.0596
32	55	-16.0596
19	80	16.0195
18	81	16.0195
15	42	-16.0075
14	43	-16.0075
68	87	-15.988
69	86	-15.988
45	54	-15.9817
44	55	-15.9817
42	75	15.9743
43	74	15.9743
22	45	15.9643
23	44	15.9643
46	79	15.9307
47	78	15.9307
9	86	-15.8995
8	87	-15.8995
82	97	-15.8976
83	96	-15.8976
27	48	15.883
26	49	15.883
7	88	-15.8668
6	89	-15.8668
18	87	-15.8666
19	86	-15.8666
20	45	15.8286
21	44	15.8286
72	85	-15.816
73	84	-15.816
47	82	-15.796
46	83	-15.796
29	98	15.783
28	99	15.783
15	78	-15.7772
14	79	-15.7772
32	71	-15.7633
33	70	-15.7633
49	54	-15.7459
48	55	-15.7459
0	55	15.7015
1	54	15.7015
27	80	15.6978
26	81	15.6978
23	62	-15.6509
22	63	-15.6509
24	91	15.6382
25	90	15.6382
57	66	-15.6291
56	67	-15.6291
30	87	-15.6046
31	86	-15.6046
64	79	-15.6043
65	78	-15.6043
27	86	-15.6023
26	87	-15.6023
47	88	15.6006
46	89	15.6006
22	33	15.5888
23	32	15.5888
12	53	-15.5737
13	52	-15.5737
19	48	15.5719
18	49	15.5719
15	88	-15.5658
14	89	-15.5658
75	98	15.5618
74	99	15.5618
42	65	-15.5427
43	64	-15.5427
65	88	-15.5295
64	89	-15.5295
60	97	15.5253
61	96	15.5253
37	38	15.4846
36	39	15.4846
0	73	-15.4808
1	72	-15.4808
3	36	15.4789
2	37	15.4789
44	71	-15.4472
45	70	-15.4472
0	13	-15.4291
1	12	-15.4291
9	56	-15.4257
8	57	-15.4257
7	66	-15.4248
6	67	-15.4248
17	72	-15.4179
16	73	-15.4179
48	69	15.4142
49	68	15.4142
42	83	-15.4132
43	82	-15.4132
25	50	15.4126
24	51	15.4126
15	66	-15.3759
14	67	-15.3759
29	90	-15.3549
28	91	-15.3549
23	38	-15.3497
22	39	-15.3497
9	98	15.3029
8	99	15.3029
6	99	-15.2946
7	98	-15.2946
5	86	-15.2894
4	87	-15.2894
78	83	-15.26
79	82	-15.26
43	92	-15.2423
42	93	-15.2423
74	91	-15.2052
75	90	-15.2052
21	90	-15.1972
20	91	-15.1972
17	52	15.175
16	53	15.175
11	90	-15.1521
10	91	-15.1521
64	81	-15.1077
65	80	-15.1077
49	58	-15.0977
48	59	-15.0977
82	89	-15.0865
83	88	-15.0865
64	97	-15.0789
65	96	-15.0789
0	59	15.0657
1	58	15.0657
12	73	15.0479
13	72	15.0479
0	23	-15.0315
1	22	-15.0315
15	98	-15.0107
14	99	-15.0107
13	70	-14.9978
12	71	-14.9978
30	47	14.9733
31	46	14.9733
22	85	-14.9729
23	84	-14.9729
8	93	-14.9517
9	92	-14.9517
12	63	-14.9451
13	62	-14.9451
8	43	14.9445
9	42	14.9445
28	95	-14.9383
29	94	-14.9383
39	52	14.9342
38	53	14.9342
11	94	-14.928
10	95	-14.928
33	58	-14.9197
32	59	-14.9197
9	90	-14.9168
8	91	-14.9168
79	92	-14.9105
78	93	-14.9105
74	95	-14.8985
75	94	-14.8985
35	94	14.8887
34	95	14.8887
49	50	-14.8859
48	51	-14.8859
10	51	-14.8398
11	50	-14.8398
51	90	14.7896
50	91	14.7896
45	58	-14.7889
44	59	-14.7889
30	49	14.7705
31	48	14.7705
12	85	-14.7679
13	84	-14.7679
55	84	14.7527
54	85	14.7527
4	57	-14.7477
5	56	-14.7477
47	68	14.738
46	69	14.738
49	88	14.7113
48	89	14.7113
88	93	-14.6636
89	92	-14.6636
16	57	14.6377
17	56	14.6377
66	91	-14.6308
67	90	-14.6308
54	77	14.5956
55	76	14.5956
40	89	-14.5925
41	88	-14.5925
4	93	-14.5922
5	92	-14.5922
7	68	-14.5839
6	69	-14.5839
16	87	14.5827
17	86	14.5827
18	47	14.5788
19	46	14.5788
35	90	14.5596
34	91	14.5596
41	78	-14.5575
40	79	-14.5575
2	87	14.5573
3	86	14.5573
50	89	-14.5556
51	88	-14.5556
34	57	14.5285
35	56	14.5285
39	96	-14.5281
38	97	-14.5281
37	88	-14.5273
36	89	-14.5273
7	8	-14.5106
6	9	-14.5106
41	62	14.5087
40	63	14.5087
39	80	-14.4987
38	81	-14.4987
67	82	-14.4922
66	83	-14.4922
7	18	-14.4881
6	19	-14.4881
55	62	14.4831
54	63	14.4831
76	93	14.4796
77	92	14.4796
40	91	14.4783
41	90	14.4783
3	56	14.4676
2	57	14.4676
93	98	-14.4548
92	99	-14.4548
23	54	-14.4522
22	55	-14.4522
36	79	-14.4512
37	78	-14.4512
4	99	14.4444
5	98	14.4444
73	76	-14.4439
72	77	-14.4439
26	37	-14.4374
27	36	-14.4374
41	42	-14.4282
40	43	-14.4282
50	79	-14.4227
51	78	-14.4227
19	36	-14.4119
18	37	-14.4119
16	91	14.4073
17	90	14.4073
36	69	-14.3916
37	68	-14.3916
21	94	-14.3864
20	95	-14.3864
9	14	-14.3822
8	15	-14.3822
48	79	14.3812
49	78	14.3812
34	87	14.3786
35	86	14.3786
27	94	-14.3725
26	95	-14.3725
34	97	-14.3704
35	96	-14.3704
85	92	14.3687
84	93	14.3687
83	98	-14.3671
82	99	-14.3671
20	97	14.3582
21	96	14.3582
54	75	-14.3473
55	74	-14.3473
6	17	14.3373
7	16	14.3373
9	78	14.3373
8	79	14.3373
35	52	14.3283
34	53	14.3283
61	86	-14.3212
60	87	-14.3212
14	69	-14.3125
15	68	-14.3125
48	95	-14.3059
49	94	-14.3059
41	68	-14.2873
40	69	-14.2873
18	41	-14.2857
19	40	-14.2857
65	98	-14.2851
64	99	-14.2851
28	37	-14.2836
29	36	-14.2836
18	95	-14.2823
19	94	-14.2823
6	27	-14.277
7	26	-14.277
65	68	-14.2761
64	69	-14.2761
15	76	14.272
14	77	14.272
13	74	14.271
12	75	14.271
36	43	-14.2652
37	42	-14.2652
27	40	-14.2649
26	41	-14.2649
17	94	14.2648
16	95	14.2648
35	42	-14.2637
34	43	-14.2637
1	92	14.2629
0	93	14.2629
3	22	-14.2598
2	23	-14.2598
2	7	14.258
3	6	14.258
26	47	14.2576
27	46	14.2576
15	16	14.2493
14	17	14.2493
18	65	-14.2365
19	64	-14.2365
68	95	-14.2333
69	94	-14.2333
39	46	-14.2298
38	47	-14.2298
21	70	-14.2276
20	71	-14.2276
40	85	14.2272
41	84	14.2272
36	75	-14.2271
37	74	-14.2271
15	18	-14.2197
14	19	-14.2197
9	72	14.2122
8	73	14.2122
7	76	14.2048
6	77	14.2048
66	99	14.199
67	98	14.199
35	80	-14.1975
34	81	-14.1975
2	15	14.187
3	14	14.187
77	82	14.1696
76	83	14.1696
47	64	-14.1693
46	65	-14.1693
59	76	14.1553
58	77	14.1553
4	91	-14.1466
5	90	-14.1466
43	66	14.1407
42	67	14.1407
2	81	-14.1406
3	80	-14.1406
58	75	-14.1375
59	74	-14.1375
62	93	14.1373
63	92	14.1373
35	78	-14.1351
34	79	-14.1351
50	57	14.1315
51	56	14.1315
27	64	-14.1308
26	65	-14.1308
29	54	-14.1293
28	55	-14.1293
23	60	14.1263
22	61	14.1263
26	71	-14.1263
27	70	-14.1263
6	31	-14.1238
7	30	-14.1238
4	73	14.1223
5	72	14.1223
37	90	14.1212
36	91	14.1212
11	36	-14.116
10	37	-14.116
60	93	-14.1159
61	92	-14.1159
12	29	14.1094
13	28	14.1094
59	84	14.1052
58	85	14.1052
4	43	14.0989
5	42	14.0989
15	84	14.0952
14	85	14.0952
50	59	14.0897
51	58	14.0897
63	86	14.0812
62	87	14.0812
2	91	14.0807
3	90	14.0807
3	92	14.0805
2	93	14.0805
89	94	-14.0746
88	95	-14.0746
7	84	14.0716
6	85	14.0716
5	6	-14.066
4	7	-14.066
13	76	-14.0655
12	77	-14.0655
43	50	-14.0496
42	51	-14.0496
8	89	14.0313
9	88	14.0313
35	88	-14.0309
34	89	-14.0309
40	77	14.0271
41	76	14.0271
16	83	14.0217
17	82	14.0217
85	86	14.0192
84	87	14.0192
14	27	-14.016
15	26	-14.016
4	23	14.0129
5	22	14.0129
40	99	-14.0085
41	98	-14.0085
38	57	13.9978
39	56	13.9978
39	86	13.9943
38	87	13.9943
9	30	13.9898
8	31	13.9898
26	51	-13.9819
27	50	-13.9819
2	97	-13.981
3	96	-13.981
62	81	-13.9786
63	80	-13.9786
40	57	13.9724
41	56	13.9724
5	14	-13.967
4	15	-13.967
16	93	13.9649
17	92	13.9649
31	36	-13.96
30	37	-13.96
79	94	-13.9576
78	95	-13.9576
46	63	-13.9543
47	62	-13.9543
34	99	-13.9459
35	98	-13.9459
19	70	-13.9458
18	71	-13.9458
18	51	-13.9411
19	50	-13.9411
39	90	13.9326
38	91	13.9326
29	58	-13.922
28	59	-13.922
10	13	13.92
11	12	13.92
37	98	-13.9141
36	99	-13.9141
50	69	-13.9076
51	68	-13.9076
69	82	-13.8953
68	83	-13.8953
6	63	13.888
7	62	13.888
16	97	-13.8863
17	96	-13.8863
16	81	-13.8817
17	80	-13.8817
2	83	13.881
3	82	13.881
14	63	13.8773
15	62	13.8773
15	30	-13.8772
14	31	-13.8772
31	94	-13.8695
30	95	-13.8695
30	41	-13.8671
31	40	-13.8671
22	77	-13.8492
23	76	-13.8492
68	71	-13.8476
69	70	-13.8476
1	14	13.8473
0	15	13.8473
71	88	-13.8322
70	89	-13.8322
39	42	-13.8277
38	43	-13.8277
18	83	-13.8231
19	82	-13.8231
83	84	13.8198
82	85	13.8198
8	23	13.8037
9	22	13.8037
76	87	13.7972
77	86	13.7972
25	78	-13.7934
24	79	-13.7934
0	7	13.793
1	6	13.793
42	49	13.7918
43	48	13.7918
25	80	-13.7905
24	81	-13.7905
6	35	13.7834
7	34	13.7834
3	46	-13.7828
2	47	-13.7828
16	65	13.764
17	64	13.764
29	56	-13.7543
28	57	-13.7543
60	73	13.7505
61	72	13.7505
38	99	-13.7503
39	98	-13.7503
16	43	-13.7432
17	42	-13.7432
58	63	13.741
59	62	13.741
42	95	-13.7384
43	94	-13.7384
51	82	13.7366
50	83	13.7366
25	88	-13.7363
24	89	-13.7363
25	42	-13.7343
24	43	-13.7343
34	47	-13.7106
35	46	-13.7106
57	62	13.7062
56	63	13.7062
20	37	-13.6791
21	36	-13.6791
56	61	-13.6735
57	60	-13.6735
27	82	-13.6611
26	83	-13.6611
21	56	-13.6557
20	57	-13.6557
15	34	13.6539
14	35	13.6539
1	86	13.6432
0	87	13.6432
17	78	-13.6289
16	79	-13.6289
57	74	-13.6264
56	75	-13.6264
28	41	-13.6026
29	40	-13.6026
56	85	13.6006
57	84	13.6006
48	99	13.6
49	98	13.6
29	64	-13.5915
28	65	-13.5915
70	79	-13.5836
71	78	-13.5836
1	82	13.582
0	83	13.582
8	39	-13.5786
9	38	-13.5786
81	84	-13.5773
80	85	-13.5773
39	78	-13.575
38	79	-13.575
94	99	-13.5661
95	98	-13.5661
64	75	-13.5583
65	74	-13.5583
66	79	13.557
67	78	13.557
26	33	13.5565
27	32	13.5565
40	87	13.5543
41	86	13.5543
53	92	13.5509
52	93	13.5509
9	82	-13.5433
8	83	-13.5433
41	96	-13.5432
40	97	-13.5432
68	93	-13.5404
69	92	-13.5404
40	75	-13.5343
41	74	-13.5343
22	53	-13.5299
23	52	-13.5299
47	84	-13.527
46	85	-13.527
11	56	-13.5209
10	57	-13.5209
16	89	-13.5203
17	88	-13.5203
62	83	13.5162
63	82	13.5162
4	79	13.5146
5	78	13.5146
38	67	-13.5096
39	66	-13.5096
62	67	-13.4995
63	66	-13.4995
47	72	13.498
46	73	13.498
9	68	13.4976
8	69	13.4976
25	96	-13.492
24	97	-13.492
36	57	13.492
37	56	13.492
34	69	-13.488
35	68	-13.488
6	51	13.4811
7	50	13.4811
30	65	-13.4799
31	64	-13.4799
10	55	-13.4693
11	54	-13.4693
22	35	-13.4638
23	34	-13.4638
63	96	-13.4436
62	97	-13.4436
18	93	-13.4388
19	92	-13.4388
10	97	13.4374
11	96	13.4374
6	61	-13.4347
7	60	-13.4347
2	43	-13.4313
3	42	-13.4313
19	34	-13.4241
18	35	-13.4241
39	88	-13.4226
38	89	-13.4226
50	55	13.4204
51	54	13.4204
23	66	13.4134
22	67	13.4134
11	40	-13.4125
10	41	-13.4125
30	83	-13.4101
31	82	-13.4101
15	60	-13.3925
14	61	-13.3925
16	47	-13.3918
17	46	-13.3918
53	72	-13.3899
52	73	-13.3899
67	72	13.3881
66	73	13.3881
34	93	13.3829
35	92	13.3829
57	76	13.3777
56	77	13.3777
8	19	13.3497
9	18	13.3497
31	34	-13.3313
30	35	-13.3313
70	95	13.3295
71	94	13.3295
14	51	13.3178
15	50	13.3178
31	92	-13.3153
30	93	-13.3153
34	83	13.3128
35	82	13.3128
0	47	-13.3082
1	46	-13.3082
22	59	-13.3078
23	58	-13.3078
0	41	13.3032
1	40	13.3032
51	86	13.2927
50	87	13.2927
90	95	13.2916
91	94	13.2916
3	64	13.2902
2	65	13.2902
39	94	13.2895
38	95	13.2895
26	35	-13.2829
27	34	-13.2829
5	38	-13.2732
4	39	-13.2732
72	81	13.262
73	80	13.262
16	99	-13.26
17	98	-13.26
16	23	-13.2565
17	22	-13.2565
18	33	13.2533
19	32	13.2533
66	89	13.2504
67	88	13.2504
29	96	13.2502
28	97	13.2502
1	80	-13.2432
0	81	-13.2432
37	96	-13.2429
36	97	-13.2429
13	60	13.237
12	61	13.237
2	79	-13.236
3	78	-13.236
26	45	13.2311
27	44	13.2311
27	92	-13.2251
26	93	-13.2251
4	89	13.224
5	88	13.224
50	99	-13.2208
51	98	-13.2208
5	82	-13.2126
4	83	-13.2126
7	38	13.2125
6	39	13.2125
10	59	-13.1954
11	58	-13.1954
24	47	-13.1921
25	46	-13.1921
4	31	13.1911
5	30	13.1911
73	96	13.1599
72	97	13.1599
0	57	13.1384
1	56	13.1384
30	71	-13.1352
31	70	-13.1352
21	40	-13.1328
20	41	-13.1328
40	81	-13.1304
41	80	-13.1304
40	73	-13.1285
41	72	-13.1285
41	64	13.1271
40	65	13.1271
34	65	13.1266
35	64	13.1266
36	63	13.1259
37	62	13.1259
2	95	13.1242
3	94	13.1242
33	68	13.1059
32	69	13.1059
32	51	-13.1041
33	50	-13.1041
30	51	-13.0983
31	50	-13.0983
15	38	13.0922
14	39	13.0922
2	89	-13.092
3	88	-13.092
17	24	13.0857
16	25	13.0857
43	70	-13.0783
42	71	-13.0783
67	84	-13.0762
66	85	-13.0762
65	70	13.0752
64	71	13.0752
25	76	13.0738
24	77	13.0738
74	97	13.0732
75	96	13.0732
36	87	13.0645
37	86	13.0645
10	65	-13.0642
11	64	-13.0642
8	27	13.0602
9	26	13.0602
36	51	13.0567
37	50	13.0567
2	99	-13.0454
3	98	-13.0454
36	49	-13.0443
37	48	-13.0443
12	67	13.0408
13	66	13.0408
39	92	13.0334
38	93	13.0334
31	38	-13.019
30	39	-13.019
1	66	-13.0174
0	67	-13.0174
62	91	13.0093
63	90	13.0093
61	98	13.0075
60	99	13.0075
2	67	-13.007
3	66	-13.007
85	96	-13.0067
84	97	-13.0067
65	76	13.0064
64	77	13.0064
6	41	12.9987
7	40	12.9987
22	49	12.9967
23	48	12.9967
71	90	12.9789
70	91	12.9789
12	39	-12.9617
13	38	-12.9617
39	68	-12.9576
38	69	-12.9576
33	94	-12.9527
32	95	-12.9527
18	45	12.9367
19	44	12.9367
61	90	-12.9294
60	91	-12.9294
14	53	12.9259
15	52	12.9259
9	62	-12.9229
8	63	-12.9229
41	50	12.9174
40	51	12.9174
67	94	-12.916
66	95	-12.916
44	51	-12.9081
45	50	-12.9081
49	90	-12.9075
48	91	-12.9075
54	73	-12.8976
55	72	-12.8976
35	66	-12.8878
34	67	-12.8878
76	81	-12.8825
77	80	-12.8825
18	39	-12.8738
19	38	-12.8738
36	85	12.8688
37	84	12.8688
17	68	-12.8502
16	69	-12.8502
14	41	12.8484
15	40	12.8484
21	86	-12.8442
20	87	-12.8442
36	81	-12.8433
37	80	-12.8433
30	67	12.8423
31	66	12.8423
53	82	12.8176
52	83	12.8176
21	50	-12.8138
20	51	-12.8138
84	91	12.8002
85	90	12.8002
38	61	-12.796
39	60	-12.796
45	68	12.7945
44	69	12.7945
95	96	-12.7922
94	97	-12.7922
61	82	-12.7908
60	83	-12.7908
17	18	-12.7902
16	19	-12.7902
7	52	12.7898
6	53	12.7898
22	47	12.7807
23	46	12.7807
36	71	12.7795
37	70	12.7795
24	69	-12.7794
25	68	-12.7794
20	81	12.7782
21	80	12.7782
61	94	-12.7696
60	95	-12.7696
18	25	-12.7639
19	24	-12.7639
64	67	-12.7632
65	66	-12.7632
44	53	-12.7514
45	52	-12.7514
47	76	-12.7502
46	77	-12.7502
2	13	-12.7486
3	12	-12.7486
3	24	12.7403
2	25	12.7403
43	60	12.7372
42	61	12.7372
36	77	12.7315
37	76	12.7315
44	95	-12.727
45	94	-12.727
4	69	12.7223
5	68	12.7223
24	27	-12.7171
25	26	-12.7171
29	86	-12.7133
28	87	-12.7133
5	62	-12.7003
4	63	-12.7003
27	38	-12.699
26	39	-12.699
8	35	-12.6965
9	34	-12.6965
31	32	12.6851
30	33	12.6851
24	99	-12.6798
25	98	-12.6798
5	12	12.6779
4	13	12.6779
33	52	-12.6717
32	53	-12.6717
50	95	12.6585
51	94	12.6585
17	26	-12.6563
16	27	-12.6563
41	46	-12.6541
40	47	-12.6541
38	83	12.6513
39	82	12.6513
64	85	12.6308
65	84	12.6308
41	82	12.6206
40	83	12.6206
17	30	-12.6136
16	31	-12.6136
36	65	12.6103
37	64	12.6103
70	99	-12.6054
71	98	-12.6054
57	94	12.6017
56	95	12.6017
2	9	-12.5978
3	8	-12.5978
74	87	-12.5958
75	86	-12.5958
4	19	12.5868
5	18	12.5868
25	28	-12.5776
24	29	-12.5776
1	96	-12.5738
0	97	-12.5738
16	67	-12.5695
17	66	-12.5695
66	69	12.5512
67	68	12.5512
11	86	-12.5473
10	87	-12.5473
20	65	-12.5469
21	64	-12.5469
24	75	-12.5445
25	74	-12.5445
81	94	-12.5386
80	95	-12.5386
8	65	-12.5375
9	64	-12.5375
24	85	12.5214
25	84	12.5214
47	94	-12.5161
46	95	-12.5161
77	90	12.5116
76	91	12.5116
36	47	-12.5039
37	46	-12.5039
44	73	12.4993
45	72	12.4993
51	96	-12.461
50	97	-12.461
7	36	12.4537
6	37	12.4537
40	93	12.4417
41	92	12.4417
2	69	-12.4326
3	68	-12.4326
19	66	12.4178
18	67	12.4178
63	64	12.4166
62	65	12.4166
11	24	-12.4105
10	25	-12.4105
36	67	-12.4103
37	66	-12.4103
31	44	12.4057
30	45	12.4057
59	72	-12.3897
58	73	-12.3897
5	34	-12.3868
4	35	-12.3868
5	94	-12.3688
4	95	-12.3688
25	66	-12.3675
24	67	-12.3675
9	84	-12.3674
8	85	-12.3674
60	63	-12.367
61	62	-12.367
77	96	-12.3624
76	97	-12.3624
3	18	-12.3603
2	19	-12.3603
12	21	12.3598
13	20	12.3598
33	88	12.3566
32	89	12.3566
9	12	12.3388
8	13	12.3388
5	26	12.3242
4	27	12.3242
42	63	-12.3215
43	62	-12.3215
2	31	-12.3099
3	30	-12.3099
25	34	12.3076
24	35	12.3076
14	37	12.3068
15	36	12.3068
3	4	-12.3011
2	5	-12.3011
4	65	-12.2882
5	64	-12.2882
21	24	-12.2756
20	25	-12.2756
3	54	12.2754
2	55	12.2754
40	67	-12.2751
41	66	-12.2751
9	94	-12.2738
8	95	-12.2738
66	77	-12.2707
67	76	-12.2707
53	86	12.2698
52	87	12.2698
1	90	12.2693
0	91	12.2693
86	95	12.2648
87	94	12.2648
0	25	12.2608
1	24	12.2608
73	98	12.2599
72	99	12.2599
7	20	-12.2486
6	21	-12.2486
53	70	12.2398
52	71	12.2398
1	64	12.2391
0	65	12.2391
61	78	12.2284
60	79	12.2284
0	9	-12.2175
1	8	-12.2175
24	63	12.207
25	62	12.207
3	26	-12.2057
2	27	-12.2057
37	72	-12.2049
36	73	-12.2049
39	64	12.2032
38	65	12.2032
33	72	12.2031
32	73	12.2031
21	82	-12.2021
20	83	-12.2021
1	44	-12.1875
0	45	-12.1875
41	48	-12.1854
40	49	-12.1854
25	30	-12.1755
24	31	-12.1755
24	45	-12.1673
25	44	-12.1673
4	85	-12.1575
5	84	-12.1575
27	66	12.1573
26	67	12.1573
41	70	12.1548
40	71	12.1548
9	16	-12.1502
8	17	-12.1502
14	21	-12.1451
15	20	-12.1451
22	81	12.1431
23	80	12.1431
7	28	-12.1306
6	29	-12.1306
22	25	-12.1252
23	24	-12.1252
32	79	12.0932
33	78	12.0932
21	58	-12.0863
20	59	-12.0863
25	40	12.0853
24	41	12.0853
13	50	-12.0793
12	51	-12.0793
44	89	12.0665
45	88	12.0665
0	37	12.0663
1	36	12.0663
36	83	12.0625
37	82	12.0625
62	99	-12.0621
63	98	-12.0621
25	70	12.061
24	71	12.061
21	54	-12.0596
20	55	-12.0596
24	33	-12.0548
25	32	-12.0548
63	78	-12.052
62	79	-12.052
0	5	-12.0498
1	4	-12.0498
6	75	-12.0407
7	74	-12.0407
44	61	12.0322
45	60	12.0322
1	32	-12.019
0	33	-12.019
51	92	12.0174
50	93	12.0174
11	80	12.0154
10	81	12.0154
28	83	-12.0132
29	82	-12.0132
35	60	-12.0054
34	61	-12.0054
9	24	-12.0042
8	25	-12.0042
43	84	-11.9978
42	85	-11.9978
49	64	-11.9939
48	65	-11.9939
37	92	11.9934
36	93	11.9934
38	55	11.9926
39	54	11.9926
24	61	-11.9922
25	60	-11.9922
60	89	11.9803
61	88	11.9803
4	25	-11.9796
5	24	-11.9796
6	11	-11.9713
7	10	-11.9713
37	60	-11.9699
36	61	-11.9699
56	71	11.9536
57	70	11.9536
15	28	-11.9388
14	29	-11.9388
74	83	-11.9341
75	82	-11.9341
60	65	-11.9307
61	64	-11.9307
22	71	-11.9265
23	70	-11.9265
31	60	11.9225
30	61	11.9225
43	72	11.9218
42	73	11.9218
29	80	11.921
28	81	11.921
46	53	-11.9137
47	52	-11.9137
11	82	-11.9087
10	83	-11.9087
2	61	-11.9064
3	60	-11.9064
13	46	11.8888
12	47	11.8888
52	67	-11.8836
53	66	-11.8836
63	88	-11.8836
62	89	-11.8836
60	85	-11.8679
61	84	-11.8679
9	36	-11.861
8	37	-11.861
4	17	-11.8591
5	16	-11.8591
33	60	11.8519
32	61	11.8519
14	75	-11.8517
15	74	-11.8517
55	66	-11.8237
54	67	-11.8237
0	61	-11.8222
1	60	-11.8222
22	51	-11.8196
23	50	-11.8196
25	48	-11.8186
24	49	-11.8186
45	78	11.8185
44	79	11.8185
8	41	-11.8169
9	40	-11.8169
10	15	-11.8151
11	14	-11.8151
73	86	-11.8091
72	87	-11.8091
5	36	-11.8033
4	37	-11.8033
75	80	11.7858
74	81	11.7858
3	58	11.7641
2	59	11.7641
51	80	-11.7641
50	81	-11.7641
79	84	-11.7604
78	85	-11.7604
53	80	-11.749
52	81	-11.749
56	73	-11.7224
57	72	-11.7224
45	62	-11.7178
44	63	-11.7178
48	53	-11.7137
49	52	-11.7137
52	57	11.7083
53	56	11.7083
84	99	-11.7024
85	98	-11.7024
21	46	11.6964
20	47	11.6964
44	85	-11.684
45	84	-11.684
12	17	-11.6829
13	16	-11.6829
40	61	-11.6784
41	60	-11.6784
24	53	11.6753
25	52	11.6753
4	41	-11.672
5	40	-11.672
72	91	-11.6715
73	90	-11.6715
33	42	11.6606
32	43	11.6606
30	73	11.6602
31	72	11.6602
21	34	-11.6359
20	35	-11.6359
48	57	-11.6293
49	56	-11.6293
33	98	11.6264
32	99	11.6264
21	92	-11.6256
20	93	-11.6256
42	77	-11.6232
43	76	-11.6232
22	97	11.6195
23	96	11.6195
73	78	11.6194
72	79	11.6194
85	88	-11.6065
84	89	-11.6065
24	39	11.602
25	38	11.602
24	37	11.5909
25	36	11.5909
6	95	11.5755
7	94	11.5755
65	94	11.554
64	95	11.554
61	68	11.5497
60	69	11.5497
12	35	-11.5355
13	34	-11.5355
32	63	-11.5322
33	62	-11.5322
39	58	11.5274
38	59	11.5274
9	76	-11.5177
8	77	-11.5177
16	61	-11.5168
17	60	-11.5168
33	84	-11.5129
32	85	-11.5129
50	73	-11.508
51	72	-11.508
33	36	-11.501
32	37	-11.501
1	42	-11.5009
0	43	-11.5009
44	77	-11.4932
45	76	-11.4932
73	88	11.4758
72	89	11.4758
55	60	-11.464
54	61	-11.464
15	94	11.4506
14	95	11.4506
76	79	-11.4447
77	78	-11.4447
19	60	11.4441
18	61	11.4441
43	44	11.4164
42	45	11.4164
16	51	11.4043
17	50	11.4043
44	99	11.3955
45	98	11.3955
40	53	11.3935
41	52	11.3935
28	35	-11.3864
29	34	-11.3864
93	94	11.3726
92	95	11.3726
52	65	11.3591
53	64	11.3591
48	97	11.3528
49	96	11.3528
10	35	-11.3496
11	34	-11.3496
32	77	-11.3429
33	76	-11.3429
17	54	11.3353
16	55	11.3353
34	51	11.3282
35	50	11.3282
5	76	-11.3276
4	77	-11.3276
31	62	-11.3207
30	63	-11.3207
77	88	-11.3199
76	89	-11.3199
69	72	11.3198
68	73	11.3198
77	98	-11.3147
76	99	-11.3147
44	67	11.3137
45	66	11.3137
62	69	-11.3069
63	68	-11.3069
34	75	-11.3025
35	74	-11.3025
36	45	-11.3002
37	44	-11.3002
5	44	11.2874
4	45	11.2874
33	64	-11.2841
32	65	-11.2841
44	65	-11.282
45	64	-11.282
1	78	-11.2718
0	79	-11.2718
0	99	-11.2695
1	98	-11.2695
62	95	11.2542
63	94	11.2542
19	72	11.2455
18	73	11.2455
27	60	11.2442
26	61	11.2442
19	62	-11.2352
18	63	-11.2352
22	65	-11.2279
23	64	-11.2279
70	87	11.2203
71	86	11.2203
24	73	-11.2171
25	72	-11.2171
23	74	11.2144
22	75	11.2144
54	93	11.1998
55	92	11.1998
59	66	-11.1995
58	67	-11.1995
17	20	-11.1959
16	21	-11.1959
4	55	-11.1836
5	54	-11.1836
33	66	11.183
32	67	11.183
11	22	11.1777
10	23	11.1777
82	95	11.1635
83	94	11.1635
53	96	-11.1529
52	97	-11.1529
6	73	-11.1492
7	72	-11.1492
13	80	11.1359
12	81	11.1359
23	28	11.1341
22	29	11.1341
9	50	-11.1337
8	51	-11.1337
0	89	-11.13
1	88	-11.13
72	93	-11.1285
73	92	-11.1285
70	97	-11.1231
71	96	-11.1231
4	33	11.1224
5	32	11.1224
26	73	11.1024
27	72	11.1024
60	77	-11.0942
61	76	-11.0942
16	29	-11.0941
17	28	-11.0941
26	63	-11.0901
27	62	-11.0901
71	82	11.0897
70	83	11.0897
84	95	11.0885
85	94	11.0885
15	72	-11.0816
14	73	-11.0816
9	52	-11.0802
8	53	-11.0802
77	94	11.0754
76	95	11.0754
4	51	-11.0752
5	50	-11.0752
7	70	11.0734
6	71	11.0734
20	39	-11.0711
21	38	-11.0711
31	84	-11.0672
30	85	-11.0672
9	20	11.0642
8	21	11.0642
69	84	-11.0599
68	85	-11.0599
47	50	-11.0545
46	51	-11.0545
27	58	-11.0544
26	59	-11.0544
10	93	-11.0542
11	92	-11.0542
29	92	-11.0463
28	93	-11.0463
58	95	11.0461
59	94	11.0461
46	55	-11.0457
47	54	-11.0457
9	54	-11.0327
8	55	-11.0327
17	74	-11.0299
16	75	-11.0299
11	46	11.0256
10	47	11.0256
20	53	-11.0241
21	52	-11.0241
34	55	11.0213
35	54	11.0213
55	94	11.0192
54	95	11.0192
13	94	-11.0052
12	95	-11.0052
64	73	-11.0049
65	72	-11.0049
59	92	11.0044
58	93	11.0044
33	90	-11.0042
32	91	-11.0042
19	84	-10.9985
18	85	-10.9985
23	86	-10.9929
22	87	-10.9929
5	52	-10.9914
4	53	-10.9914
10	17	-10.9898
11	16	-10.9898
23	92	-10.9749
22	93	-10.9749
74	93	-10.9689
75	92	-10.9689
17	58	10.9668
16	59	10.9668
12	93	-10.964
13	92	-10.964
14	71	10.9453
15	70	10.9453
28	47	10.9376
29	46	10.9376
48	87	-10.9338
49	86	-10.9338
19	58	-10.933
18	59	-10.933
8	45	10.9139
9	44	10.9139
22	83	-10.9131
23	82	-10.9131
31	58	-10.9078
30	59	-10.9078
58	61	-10.906
59	60	-10.906
52	91	10.903
53	90	10.903
52	61	-10.8948
53	60	-10.8948
72	95	-10.8857
73	94	-10.8857
30	77	-10.881
31	76	-10.881
50	61	-10.8766
51	60	-10.8766
59	68	-10.876
58	69	-10.876
26	85	-10.875
27	84	-10.875
73	82	-10.8718
72	83	-10.8718
69	76	-10.863
68	77	-10.863
26	55	-10.861
27	54	-10.861
14	23	-10.8586
15	22	-10.8586
1	70	10.847
0	71	10.847
13	24	-10.8461
12	25	-10.8461
7	22	-10.8453
6	23	-10.8453
47	74	10.8426
46	75	10.8426
22	41	-10.8422
23	40	-10.8422
70	73	-10.8218
71	72	-10.8218
18	77	-10.8185
19	76	-10.8185
44	91	-10.8158
45	90	-10.8158
48	83	-10.8088
49	82	-10.8088
1	48	-10.8028
0	49	-10.8028
3	20	-10.8013
2	21	-10.8013
3	50	10.7921
2	51	10.7921
33	40	-10.7878
32	41	-10.7878
4	59	-10.7839
5	58	-10.7839
8	33	10.7709
9	32	10.7709
13	26	10.7666
12	27	10.7666
22	57	-10.7511
23	56	-10.7511
25	94	10.7396
24	95	10.7396
1	30	-10.7387
0	31	-10.7387
26	77	-10.7295
27	76	-10.7295
18	55	-10.7273
19	54	-10.7273
35	58	10.7116
34	59	10.7116
8	59	-10.7075
9	58	-10.7075
6	49	-10.7009
7	48	-10.7009
0	69	-10.6828
1	68	-10.6828
38	51	10.6806
39	50	10.6806
53	74	-10.6803
52	75	-10.6803
55	68	-10.6645
54	69	-10.6645
37	52	10.6624
36	53	10.6624
5	20	10.6598
4	21	10.6598
10	39	-10.658
11	38	-10.658
49	60	10.6448
48	61	10.6448
46	59	-10.64
47	58	-10.64
41	44	-10.6349
40	45	-10.6349
11	52	-10.6327
10	53	-10.6327
45	82	-10.632
44	83	-10.632
1	18	-10.6317
0	19	-10.6317
13	18	10.622
12	19	10.622
14	49	-10.6211
15	48	-10.6211
28	39	-10.6115
29	38	-10.6115
29	52	-10.6087
28	53	-10.6087
0	95	10.6078
1	94	10.6078
49	72	10.5993
48	73	10.5993
32	83	-10.5902
33	82	-10.5902
38	45	-10.5759
39	44	-10.5759
30	55	-10.5708
31	54	-10.5708
2	29	-10.5668
3	28	-10.5668
23	98	10.5663
22	99	10.5663
21	22	10.5621
20	23	10.5621
12	69	10.5559
13	68	10.5559
55	80	-10.5545
54	81	-10.5545
15	54	10.553
14	55	10.553
39	74	-10.543
38	75	-10.543
58	89	-10.5406
59	88	-10.5406
1	26	-10.532
0	27	-10.532
49	80	10.5312
48	81	10.5312
21	76	-10.5305
20	77	-10.5305
3	10	-10.5148
2	11	-10.5148
2	75	-10.5148
3	74	-10.5148
30	53	-10.5075
31	52	-10.5075
7	54	10.4885
6	55	10.4885
12	97	10.4879
13	96	10.4879
20	67	10.4869
21	66	10.4869
53	98	-10.4868
52	99	-10.4868
2	45	-10.486
3	44	-10.486
12	15	-10.4673
13	14	-10.4673
12	87	-10.4672
13	86	-10.4672
23	90	-10.4594
22	91	-10.4594
71	80	-10.4551
70	81	-10.4551
33	38	-10.4516
32	39	-10.4516
42	53	-10.4461
43	52	-10.4461
14	59	10.4358
15	58	10.4358
58	79	-10.4347
59	78	-10.4347
48	85	-10.4331
49	84	-10.4331
71	84	10.4311
70	85	10.4311
59	98	-10.4226
58	99	-10.4226
22	43	10.4198
23	42	10.4198
6	13	-10.4181
7	12	-10.4181
49	62	-10.4163
48	63	-10.4163
9	10	10.4153
8	11	10.4153
71	76	10.4035
70	77	10.4035
55	88	-10.4021
54	89	-10.4021
55	86	10.3996
54	87	10.3996
13	82	-10.3924
12	83	-10.3924
50	67	-10.3918
51	66	-10.3918
54	83	10.3899
55	82	10.3899
44	47	10.3833
45	46	10.3833
2	33	-10.3719
3	32	-10.3719
7	58	10.3716
6	59	10.3716
48	77	-10.3703
49	76	-10.3703
51	52	10.354
50	53	10.354
48	67	10.3501
49	66	10.3501
63	70	10.3461
62	71	10.3461
33	56	-10.346
32	57	-10.346
12	31	10.3425
13	30	10.3425
37	58	10.337
36	59	10.337
70	93	10.3346
71	92	10.3346
34	49	-10.3312
35	48	-10.3312
59	82	10.3272
58	83	10.3272
12	89	10.325
13	88	10.325
53	78	-10.3225
52	79	-10.3225
34	71	10.3206
35	70	10.3206
22	37	-10.3157
23	36	-10.3157
60	71	-10.315
61	70	-10.315
32	47	10.3103
33	46	10.3103
14	45	-10.3013
15	44	-10.3013
55	78	-10.3006
54	79	-10.3006
9	28	10.2967
8	29	10.2967
59	80	-10.2948
58	81	-10.2948
16	71	10.2857
17	70	10.2857
43	58	-10.2809
42	59	-10.2809
14	33	-10.278
15	32	-10.278
33	96	10.2679
32	97	10.2679
53	68	-10.2665
52	69	-10.2665
37	54	10.2642
36	55	10.2642
53	88	-10.2603
52	89	-10.2603
6	45	-10.2597
7	44	-10.2597
21	84	-10.2594
20	85	-10.2594
19	52	-10.2584
18	53	-10.2584
1	20	-10.2578
0	21	-10.2578
27	52	-10.2524
26	53	-10.2524
44	57	-10.2523
45	56	-10.2523
22	79	10.2498
23	78	10.2498
7	32	-10.2482
6	33	-10.2482
12	79	10.2436
13	78	10.2436
9	74	10.2413
8	75	10.2413
45	92	-10.2392
44	93	-10.2392
13	64	-10.2383
12	65	-10.2383
20	61	10.226
21	60	10.226
58	87	10.2249
59	86	10.2249
22	31	10.2246
23	30	10.2246
21	72	10.2233
20	73	10.2233
4	71	-10.2117
5	70	-10.2117
4	49	10.21
5	48	10.21
11	66	10.2049
10	67	10.2049
21	62	-10.1972
20	63	-10.1972
4	11	10.1934
5	10	10.1934
44	97	10.1925
45	96	10.1925
12	57	-10.1919
13	56	-10.1919
32	93	-10.1898
33	92	-10.1898
49	92	-10.1812
48	93	-10.1812
23	88	10.1806
22	89	10.1806
13	36	-10.1802
12	37	-10.1802
8	71	-10.1762
9	70	-10.1762
16	49	-10.1752
17	48	-10.1752
51	76	10.1712
50	77	10.1712
55	98	-10.1704
54	99	-10.1704
47	48	10.1665
46	49	10.1665
28	67	10.1662
29	66	10.1662
55	56	10.1564
54	57	10.1564
52	95	10.1524
53	94	10.1524
43	54	-10.1517
42	55	-10.1517
59	64	10.1514
58	65	10.1514
12	43	10.1423
13	42	10.1423
66	75	10.1423
67	74	10.1423
16	45	-10.1349
17	44	-10.1349
23	68	10.1195
22	69	10.1195
55	96	-10.1159
54	97	-10.1159
50	63	10.1099
51	62	10.1099
1	74	-10.1092
0	75	-10.1092
59	90	10.1077
58	91	10.1077
4	29	10.1057
5	28	10.1057
11	60	10.1042
10	61	10.1042
19	22	10.1024
18	23	10.1024
13	98	10.0972
12	99	10.0972
32	87	-10.0954
33	86	-10.0954
45	80	10.0953
44	81	10.0953
50	85	10.0952
51	84	10.0952
8	49	10.095
9	48	10.095
54	91	10.0931
55	90	10.0931
32	81	10.0876
33	80	10.0876
47	70	-10.0805
46	71	-10.0805
23	26	10.0802
22	27	10.0802
38	49	-10.0793
39	48	-10.0793
1	28	-10.0776
0	29	-10.0776
66	71	-10.0752
67	70	-10.0752
5	74	10.0749
4	75	10.0749
12	91	-10.0745
13	90	-10.0745
16	33	-10.0741
17	32	-10.0741
58	97	-10.0721
59	96	-10.0721
57	58	10.0658
56	59	10.0658
34	45	-10.0634
35	44	-10.0634
62	75	-10.06
63	74	-10.06
29	62	-10.0584
28	63	-10.0584
45	86	-10.0579
44	87	-10.0579
41	58	10.0576
40	59	10.0576
10	77	-10.0569
11	76	-10.0569
60	75	10.0514
61	74	10.0514
12	41	-10.0491
13	40	-10.0491
1	10	-10.0488
0	11	-10.0488
11	72	10.048
10	73	10.048
2	71	10.0467
3	70	10.0467
29	60	10.0459
28	61	10.0459
54	65	10.0453
55	64	10.0453
40	55	10.035
41	54	10.035
74	85	-10.0332
75	84	-10.0332
33	34	-10.0302
32	35	-10.0302
3	48	-10.0273
2	49	-10.0273
28	85	-10.0262
29	84	-10.0262
72	75	10.0223
73	74	10.0223
25	54	10.0209
24	55	10.0209
11	62	-10.0168
10	63	-10.0168
39	70	10.0138
38	71	10.0138
29	72	10.0131
28	73	10.0131
0	51	10.0095
1	50	10.0095
25	58	10.0072
24	59	10.0072
23	94	-10.0052
22	95	-10.0052
10	85	-10.0017
11	84	-10.0017
74	77	-10.0015
75	76	-10.0015
28	77	-10.0007
29	76	-10.0007
18	68	1.99972
28	74	1.99927
18	26	1.99885
78	88	1.99882
6	14	1.9988
32	44	1.99814
26	68	1.99745
42	78	1.99589
4	8	1.99198
42	88	1.99052
0	84	1.98976
62	84	1.98919
14	82	1.98808
30	68	1.986
56	86	1.98574
18	30	1.98445
6	82	1.98318
2	16	1.98053
26	30	1.98026
42	98	1.97992
16	34	1.97844
36	40	1.97749
76	84	1.97708
68	88	1.97655
4	60	1.97523
10	28	1.97459
14	92	1.97433
0	76	1.97432
54	58	1.97407
46	80	1.974
18	88	1.97334
30	98	1.97268
78	98	1.97048
68	78	1.96942
0	62	1.96921
6	92	1.96727
80	96	1.9671
10	74	1.96708
56	90	1.96552
18	78	1.96512
88	98	1.96509
26	88	1.96454
68	98	1.96423
2	34	1.95898
18	98	1.95791
6	86	1.95773
42	68	1.95525
26	78	1.95414
34	38	1.95322
24	64	1.95316
42	90	-1.94935
18	42	1.94903
4	66	1.94879
82	92	1.94676
8	66	1.94544
2	38	1.94539
14	86	1.94491
26	98	1.94375
30	88	1.94261
78	90	-1.94166
8	60	1.94066
2	62	1.9393
46	66	1.93828
30	78	1.93827
62	76	1.93704
36	94	1.93522
26	42	1.93436
48	74	1.93431
60	66	1.93321
30	42	1.93301
88	90	-1.9304
28	48	1.92971
6	56	1.92642
10	48	1.92533
8	46	1.9248
10	20	1.92281
2	84	1.92058
64	82	1.9182
86	92	1.91473
32	48	1.91452
86	90	1.91235
16	38	1.91092
0	52	1.90876
42	96	1.90821
14	56	1.90778
96	98	1.90278
90	96	-1.8975
24	82	1.89603
46	96	1.89574
80	86	-1.89528
82	86	1.89297
44	48	1.88928
20	26	1.88847
52	76	1.88767
4	46	1.88688
38	62	1.88598
56	96	-1.88081
6	64	1.88048
2	76	1.8773
90	98	-1.87656
14	64	1.87624
56	80	-1.8719
78	96	1.86856
18	20	1.86853
86	96	-1.86552
22	72	1.8647
56	82	1.86025
16	62	1.859
20	68	1.85848
0	2	1.85817
20	30	1.85576
42	56	-1.85273
52	84	1.84911
8	80	1.84832
56	92	1.84674
88	96	1.84498
12	44	1.84479
16	84	1.84413
40	94	1.84401
50	70	1.84334
66	80	1.83969
34	40	1.83841
68	90	-1.83646
56	78	-1.83208
12	32	1.83139
10	26	1.82986
80	90	-1.82877
18	90	-1.82822
38	84	1.82647
20	28	1.82643
14	24	1.8247
12	54	-1.82363
34	62	1.82127
46	86	-1.81952
16	76	1.81697
6	24	1.81621
56	88	-1.81275
56	64	1.81234
6	90	1.81152
26	90	-1.80886
70	74	-1.80827
20	74	1.80757
10	18	1.80487
46	60	1.80405
16	40	1.79807
38	72	-1.79595
10	68	1.79182
64	86	1.79182
42	80	1.78973
4	80	1.78877
52	62	1.78841
28	70	-1.78809
30	96	1.78766
14	90	1.78482
30	90	-1.78471
26	28	1.78326
34	84	1.78242
12	22	1.78161
42	86	-1.7799
68	96	1.77737
80	98	1.77285
46	56	-1.76889
8	96	1.76839
0	16	1.76587
56	98	-1.76479
18	96	1.76364
20	48	1.76304
26	74	1.76283
64	92	1.76022
18	28	1.75994
48	70	-1.75858
6	80	-1.75819
0	38	1.758
80	92	-1.75687
20	88	1.75145
78	86	-1.74963
10	32	1.74788
28	68	1.74739
64	90	1.74599
52	54	1.74214
14	80	-1.73939
18	74	1.73917
78	80	1.73837
10	30	1.73604
82	90	1.73533
26	96	1.73477
38	76	1.73123
24	92	1.73021
46	92	-1.73013
20	98	1.72971
52	58	1.72872
58	70	1.72748
20	78	1.7272
32	74	1.72684
68	74	1.72645
34	76	1.72596
86	88	-1.72555
10	88	1.72081
34	36	1.72081
28	32	1.72044
10	44	1.71386
80	88	1.7081
28	88	1.70744
66	96	1.70632
6	96	-1.7036
90	92	1.69744
46	90	-1.69667
0	34	1.69646
86	98	-1.69561
54	70	1.69325
12	58	-1.69265
4	96	1.69211
56	68	-1.69079
6	46	-1.69052
10	78	1.69012
44	74	1.68954
2	40	1.68935
74	88	1.68869
20	42	1.68851
28	44	1.68306
18	56	-1.68
14	96	-1.67822
14	46	-1.67695
28	78	1.67679
38	40	1.67642
60	80	1.67519
62	72	-1.67387
28	30	1.66941
16	36	1.66798
24	86	1.66708
24	56	1.66217
10	70	-1.66121
92	96	-1.66037
74	78	1.65778
26	56	-1.65581
12	48	1.65481
42	46	1.65223
46	98	1.64749
50	64	1.64653
30	74	1.64635
80	82	-1.64555
66	86	-1.64243
30	56	-1.64175
50	74	-1.64085
10	42	1.63412
66	92	-1.63123
6	42	-1.63074
30	80	1.62873
2	72	-1.62579
28	50	-1.62558
10	98	1.62281
68	80	1.61753
28	42	1.61713
2	52	1.6169
34	72	-1.61662
20	32	1.61157
6	78	-1.6079
32	54	-1.60596
18	80	1.60195
14	42	-1.60075
68	86	-1.5988
44	54	-1.59817
42	74	1.59743
22	44	1.59643
46	78	1.59307
8	86	-1.58995
82	96	-1.58976
26	48	1.5883
6	88	-1.58668
18	86	-1.58666
20	44	1.58286
72	84	-1.5816
46	82	-1.5796
28	98	1.5783
14	78	-1.57772
32	70	-1.57633
48	54	-1.57459
0	54	1.57015
26	80	1.56978
22	62	-1.56509
24	90	1.56382
56	66	-1.56291
30	86	-1.56046
64	78	-1.56043
26	86	-1.56023
46	88	1.56006
22	32	1.55888
12	52	-1.55737
18	48	1.55719
14	88	-1.55658
74	98	1.55618
42	64	-1.55427
64	88	-1.55295
60	96	1.55253
36	38	1.54846
0	72	-1.54808
2	36	1.54789
44	70	-1.54472
0	12	-1.54291
8	56	-1.54257
6	66	-1.54248
16	72	-1.54179
48	68	1.54142
42	82	-1.54132
24	50	1.54126
14	66	-1.53759
28	90	-1.53549
22	38	-1.53497
8	98	1.53029
6	98	-1.52946
4	86	-1.52894
78	82	-1.526
42	92	-1.52423
74	90	-1.52052
20	90	-1.51972
16	52	1.5175
10	90	-1.51521
64	80	-1.51077
48	58	-1.50977
82	88	-1.50865
64	96	-1.50789
0	58	1.50657
12	72	1.50479
0	22	-1.50315
14	98	-1.50107
12	70	-1.49978
30	46	1.49733
22	84	-1.49729
8	92	-1.49517
12	62	-1.49451
8	42	1.49445
28	94	-1.49383
38	52	1.49342
10	94	-1.4928
32	58	-1.49197
8	90	-1.49168
78	92	-1.49105
74	94	-1.48985
34	94	1.48887
48	50	-1.48859
10	50	-1.48398
50	90	1.47896
44	58	-1.47889
30	48	1.47705
12	84	-1.47679
54	84	1.47527
4	56	-1.47477
46	68	1.4738
48	88	1.47113
88	92	-1.46636
16	56	1.46377
66	90	-1.46308
54	76	1.45956
40	88	-1.45925
4	92	-1.45922
6	68	-1.45839
16	86	1.45827
18	46	1.45788
34	90	1.45596
40	78	-1.45575
2	86	1.45573
50	88	-1.45556
34	56	1.45285
38	96	-1.45281
36	88	-1.45273
6	8	-1.45106
40	62	1.45087
38	80	-1.44987
66	82	-1.44922
6	18	-1.44881
54	62	1.44831
76	92	1.44796
40	90	1.44783
2	56	1.44676
92	98	-1.44548
22	54	-1.44522
36	78	-1.44512
4	98	1.44444
72	76	-1.44439
26	36	-1.44374
40	42	-1.44282
50	78	-1.44227
18	36	-1.44119
16	90	1.44073
36	68	-1.43916
20	94	-1.43864
8	14	-1.43822
48	78	1.43812
34	86	1.43786
26	94	-1.43725
34	96	-1.43704
84	92	1.43687
82	98	-1.43671
20	96	1.43582
54	74	-1.43473
6	16	1.43373
8	78	1.43373
34	52	1.43283
60	86	-1.43212
14	68	-1.43125
48	94	-1.43059
40	68	-1.42873
18	40	-1.42857
64	98	-1.42851
28	36	-1.42836
18	94	-1.42823
6	26	-1.4277
64	68	-1.42761
14	76	1.4272
12	74	1.4271
36	42	-1.42652
26	40	-1.42649
16	94	1.42648
34	42	-1.42637
0	92	1.42629
2	22	-1.42598
2	6	1.4258
26	46	1.42576
14	16	1.42493
18	64	-1.42365
68	94	-1.42333
38	46	-1.42298
20	70	-1.42276
40	84	1.42272
36	74	-1.42271
14	18	-1.42197
8	72	1.42122
6	76	1.42048
66	98	1.4199
34	80	-1.41975
2	14	1.4187
76	82	1.41696
46	64	-1.41693
58	76	1.41553
4	90	-1.41466
42	66	1.41407
2	80	-1.41406
58	74	-1.41375
62	92	1.41373
34	78	-1.41351
50	56	1.41315
26	64	-1.41308
28	54	-1.41293
22	60	1.41263
26	70	-1.41263
6	30	-1.41238
4	72	1.41223
36	90	1.41212
10	36	-1.4116
60	92	-1.41159
12	28	1.41094
58	84	1.41052
4	42	1.40989
14	84	1.40952
50	58	1.40897
62	86	1.40812
2	90	1.40807
2	92	1.40805
88	94	-1.40746
6	84	1.40716
4	6	-1.4066
12	76	-1.40655
42	50	-1.40496
8	88	1.40313
34	88	-1.40309
40	76	1.40271
16	82	1.40217
84	86	1.40192
14	26	-1.4016
4	22	1.40129
40	98	-1.40085
38	56	1.39978
38	86	1.39943
8	30	1.39898
26	50	-1.39819
2	96	-1.3981
62	80	-1.39786
40	56	1.39724
4	14	-1.3967
16	92	1.39649
30	36	-1.396
78	94	-1.39576
46	62	-1.39543
34	98	-1.39459
18	70	-1.39458
18	50	-1.39411
38	90	1.39326
28	58	-1.3922
10	12	1.392
36	98	-1.39141
50	68	-1.39076
68	82	-1.38953
6	62	1.3888
16	96	-1.38863
16	80	-1.38817
2	82	1.3881
14	62	1.38773
14	30	-1.38772
30	94	-1.38695
30	40	-1.38671
22	76	-1.38492
68	70	-1.38476
0	14	1.38473
70	88	-1.38322
38	42	-1.38277
18	82	-1.38231
82	84	1.38198
8	22	1.38037
76	86	1.37972
24	78	-1.37934
0	6	1.3793
42	48	1.37918
24	80	-1.37905
6	34	1.37834
2	46	-1.37828
16	64	1.3764
28	56	-1.37543
60	72	1.37505
38	98	-1.37503
16	42	-1.37432
58	62	1.3741
42	94	-1.37384
50	82	1.37366
24	88	-1.37363
24	42	-1.37343
34	46	-1.37106
56	62	1.37062
20	36	-1.36791
56	60	-1.36735
26	82	-1.36611
20	56	-1.36557
14	34	1.36539
0	86	1.36432
16	78	-1.36289
56	74	-1.36264
28	40	-1.36026
56	84	1.36006
48	98	1.36
28	64	-1.35915
70	78	-1.35836
0	82	1.3582
8	38	-1.35786
80	84	-1.35773
38	78	-1.3575
94	98	-1.35661
64	74	-1.35583
66	78	1.3557
26	32	1.35565
40	86	1.35543
52	92	1.35509
8	82	-1.35433
40	96	-1.35432
68	92	-1.35404
40	74	-1.35343
22	52	-1.35299
46	84	-1.3527
10	56	-1.35209
16	88	-1.35203
62	82	1.35162
4	78	1.35146
38	66	-1.35096
62	66	-1.34995
46	72	1.3498
8	68	1.34976
24	96	-1.3492
36	56	1.3492
34	68	-1.3488
6	50	1.34811
30	64	-1.34799
10	54	-1.34693
22	34	-1.34638
62	96	-1.34436
18	92	-1.34388
10	96	1.34374
6	60	-1.34347
2	42	-1.34313
18	34	-1.34241
38	88	-1.34226
50	54	1.34204
22	66	1.34134
10	40	-1.34125
30	82	-1.34101
14	60	-1.33925
16	46	-1.33918
52	72	-1.33899
66	72	1.33881
34	92	1.33829
56	76	1.33777
8	18	1.33497
30	34	-1.33313
70	94	1.33295
14	50	1.33178
30	92	-1.33153
34	82	1.33128
0	46	-1.33082
22	58	-1.33078
0	40	1.33032
50	86	1.32927
90	94	1.32916
2	64	1.32902
38	94	1.32895
26	34	-1.32829
4	38	-1.32732
72	80	1.3262
16	98	-1.326
16	22	-1.32565
18	32	1.32533
66	88	1.32504
28	96	1.32502
0	80	-1.32432
36	96	-1.32429
12	60	1.3237
2	78	-1.3236
26	44	1.32311
26	92	-1.32251
4	88	1.3224
50	98	-1.32208
4	82	-1.32126
6	38	1.32125
10	58	-1.31954
24	46	-1.31921
4	30	1.31911
72	96	1.31599
0	56	1.31384
30	70	-1.31352
20	40	-1.31328
40	80	-1.31304
40	72	-1.31285
40	64	1.31271
34	64	1.31266
36	62	1.31259
2	94	1.31242
32	68	1.31059
32	50	-1.31041
30	50	-1.30983
14	38	1.30922
2	88	-1.3092
16	24	1.30857
42	70	-1.30783
66	84	-1.30762
64	70	1.30752
24	76	1.30738
74	96	1.30732
36	86	1.30645
10	64	-1.30642
8	26	1.30602
36	50	1.30567
2	98	-1.30454
36	48	-1.30443
12	66	1.30408
38	92	1.30334
30	38	-1.3019
0	66	-1.30174
62	90	1.30093
60	98	1.30075
2	66	-1.3007
84	96	-1.30067
64	76	1.30064
6	40	1.29987
22	48	1.29967
70	90	1.29789
12	38	-1.29617
38	68	-1.29576
32	94	-1.29527
18	44	1.29367
60	90	-1.29294
14	52	1.29259
8	62	-1.29229
40	50	1.29174
66	94	-1.2916
44	50	-1.29081
48	90	-1.29075
54	72	-1.28976
34	66	-1.28878
76	80	-1.28825
18	38	-1.28738
36	84	1.28688
16	68	-1.28502
14	40	1.28484
20	86	-1.28442
36	80	-1.28433
30	66	1.28423
52	82	1.28176
20	50	-1.28138
84	90	1.28002
38	60	-1.2796
44	68	1.27945
94	96	-1.27922
60	82	-1.27908
16	18	-1.27902
6	52	1.27898
22	46	1.27807
36	70	1.27795
24	68	-1.27794
20	80	1.27782
60	94	-1.27696
18	24	-1.27639
64	66	-1.27632
44	52	-1.27514
46	76	-1.27502
2	12	-1.27486
2	24	1.27403
42	60	1.27372
36	76	1.27315
44	94	-1.2727
4	68	1.27223
24	26	-1.27171
28	86	-1.27133
4	62	-1.27003
26	38	-1.2699
8	34	-1.26965
30	32	1.26851
24	98	-1.26798
4	12	1.26779
32	52	-1.26717
50	94	1.26585
16	26	-1.26563
40	46	-1.26541
38	82	1.26513
64	84	1.26308
40	82	1.26206
16	30	-1.26136
36	64	1.26103
70	98	-1.26054
56	94	1.26017
2	8	-1.25978
74	86	-1.25958
4	18	1.25868
24	28	-1.25776
0	96	-1.25738
16	66	-1.25695
66	68	1.25512
10	86	-1.25473
20	64	-1.25469
24	74	-1.25445
80	94	-1.25386
8	64	-1.25375
24	84	1.25214
46	94	-1.25161
76	90	1.25116
36	46	-1.25039
44	72	1.24993
50	96	-1.2461
6	36	1.24537
40	92	1.24417
2	68	-1.24326
18	66	1.24178
62	64	1.24166
10	24	-1.24105
36	66	-1.24103
30	44	1.24057
58	72	-1.23897
4	34	-1.23868
4	94	-1.23688
24	66	-1.23675
8	84	-1.23674
60	62	-1.2367
76	96	-1.23624
2	18	-1.23603
12	20	1.23598
32	88	1.23566
8	12	1.23388
4	26	1.23242
42	62	-1.23215
2	30	-1.23099
24	34	1.23076
14	36	1.23068
2	4	-1.23011
4	64	-1.22882
20	24	-1.22756
2	54	1.22754
40	66	-1.22751
8	94	-1.22738
66	76	-1.22707
52	86	1.22698
0	90	1.22693
86	94	1.22648
0	24	1.22608
72	98	1.22599
6	20	-1.22486
52	70	1.22398
0	64	1.22391
60	78	1.22284
0	8	-1.22175
24	62	1.2207
2	26	-1.22057
36	72	-1.22049
38	64	1.22032
32	72	1.22031
20	82	-1.22021
0	44	-1.21875
40	48	-1.21854
24	30	-1.21755
24	44	-1.21673
4	84	-1.21575
26	66	1.21573
40	70	1.21548
8	16	-1.21502
14	20	-1.21451
22	80	1.21431
6	28	-1.21306
22	24	-1.21252
32	78	1.20932
20	58	-1.20863
24	40	1.20853
12	50	-1.20793
44	88	1.20665
0	36	1.20663
36	82	1.20625
62	98	-1.20621
24	70	1.2061
20	54	-1.20596
24	32	-1.20548
62	78	-1.2052
0	4	-1.20498
6	74	-1.20407
44	60	1.20322
0	32	-1.2019
50	92	1.20174
10	80	1.20154
28	82	-1.20132
34	60	-1.20054
8	24	-1.20042
42	84	-1.19978
48	64	-1.19939
36	92	1.19934
38	54	1.19926
24	60	-1.19922
60	88	1.19803
4	24	-1.19796
6	10	-1.19713
36	60	-1.19699
56	70	1.19536
14	28	-1.19388
74	82	-1.19341
60	64	-1.19307
22	70	-1.19265
30	60	1.19225
42	72	1.19218
28	80	1.1921
46	52	-1.19137
10	82	-1.19087
2	60	-1.19064
12	46	1.18888
52	66	-1.18836
62	88	-1.18836
60	84	-1.18679
8	36	-1.1861
4	16	-1.18591
32	60	1.18519
14	74	-1.18517
54	66	-1.18237
0	60	-1.18222
22	50	-1.18196
24	48	-1.18186
44	78	1.18185
8	40	-1.18169
10	14	-1.18151
72	86	-1.18091
4	36	-1.18033
74	80	1.17858
2	58	1.17641
50	80	-1.17641
78	84	-1.17604
52	80	-1.1749
56	72	-1.17224
44	62	-1.17178
48	52	-1.17137
52	56	1.17083
84	98	-1.17024
20	46	1.16964
44	84	-1.1684
12	16	-1.16829
40	60	-1.16784
24	52	1.16753
4	40	-1.1672
72	90	-1.16715
32	42	1.16606
30	72	1.16602
20	34	-1.16359
48	56	-1.16293
32	98	1.16264
20	92	-1.16256
42	76	-1.16232
22	96	1.16195
72	78	1.16194
84	88	-1.16065
24	38	1.1602
24	36	1.15909
6	94	1.15755
64	94	1.1554
60	68	1.15497
12	34	-1.15355
32	62	-1.15322
38	58	1.15274
8	76	-1.15177
16	60	-1.15168
32	84	-1.15129
50	72	-1.1508
32	36	-1.1501
0	42	-1.15009
44	76	-1.14932
72	88	1.14758
54	60	-1.1464
14	94	1.14506
76	78	-1.14447
18	60	1.14441
42	44	1.14164
16	50	1.14043
44	98	1.13955
40	52	1.13935
28	34	-1.13864
92	94	1.13726
52	64	1.13591
48	96	1.13528
10	34	-1.13496
32	76	-1.13429
16	54	1.13353
34	50	1.13282
4	76	-1.13276
30	62	-1.13207
76	88	-1.13199
68	72	1.13198
76	98	-1.13147
44	66	1.13137
62	68	-1.13069
34	74	-1.13025
36	44	-1.13002
4	44	1.12874
32	64	-1.12841
44	64	-1.1282
0	78	-1.12718
0	98	-1.12695
62	94	1.12542
18	72	1.12455
26	60	1.12442
18	62	-1.12352
22	64	-1.12279
70	86	1.12203
24	72	-1.12171
22	74	1.12144
54	92	1.11998
58	66	-1.11995
16	20	-1.11959
4	54	-1.11836
32	66	1.1183
10	22	1.11777
82	94	1.11635
52	96	-1.11529
6	72	-1.11492
12	80	1.11359
22	28	1.11341
8	50	-1.11337
0	88	-1.113
72	92	-1.11285
70	96	-1.11231
4	32	1.11224
26	72	1.11024
60	76	-1.10942
16	28	-1.10941
26	62	-1.10901
70	82	1.10897
84	94	1.10885
14	72	-1.10816
8	52	-1.10802
76	94	1.10754
4	50	-1.10752
6	70	1.10734
20	38	-1.10711
30	84	-1.10672
8	20	1.10642
68	84	-1.10599
46	50	-1.10545
26	58	-1.10544
10	92	-1.10542
28	92	-1.10463
58	94	1.10461
46	54	-1.10457
8	54	-1.10327
16	74	-1.10299
10	46	1.10256
20	52	-1.10241
34	54	1.10213
54	94	1.10192
12	94	-1.10052
64	72	-1.10049
58	92	1.10044
32	90	-1.10042
18	84	-1.09985
22	86	-1.09929
4	52	-1.09914
10	16	-1.09898
22	92	-1.09749
74	92	-1.09689
16	58	1.09668
12	92	-1.0964
14	70	1.09453
28	46	1.09376
48	86	-1.09338
18	58	-1.0933
8	44	1.09139
22	82	-1.09131
30	58	-1.09078
58	60	-1.0906
52	90	1.0903
52	60	-1.08948
72	94	-1.08857
30	76	-1.0881
50	60	-1.08766
58	68	-1.0876
26	84	-1.0875
72	82	-1.08718
68	76	-1.0863
26	54	-1.0861
14	22	-1.08586
0	70	1.0847
12	24	-1.08461
6	22	-1.08453
46	74	1.08426
22	40	-1.08422
70	72	-1.08218
18	76	-1.08185
44	90	-1.08158
48	82	-1.08088
0	48	-1.08028
2	20	-1.08013
2	50	1.07921
32	40	-1.07878
4	58	-1.07839
8	32	1.07709
12	26	1.07666
22	56	-1.07511
24	94	1.07396
0	30	-1.07387
26	76	-1.07295
18	54	-1.07273
34	58	1.07116
8	58	-1.07075
6	48	-1.07009
0	68	-1.06828
38	50	1.06806
52	74	-1.06803
54	68	-1.06645
36	52	1.06624
4	20	1.06598
10	38	-1.0658
48	60	1.06448
46	58	-1.064
40	44	-1.06349
10	52	-1.06327
44	82	-1.0632
0	18	-1.06317
12	18	1.0622
14	48	-1.06211
28	38	-1.06115
28	52	-1.06087
0	94	1.06078
48	72	1.05993
32	82	-1.05902
38	44	-1.05759
30	54	-1.05708
2	28	-1.05668
22	98	1.05663
20	22	1.05621
12	68	1.05559
54	80	-1.05545
14	54	1.0553
38	74	-1.0543
58	88	-1.05406
0	26	-1.0532
48	80	1.05312
20	76	-1.05305
2	10	-1.05148
2	74	-1.05148
30	52	-1.05075
6	54	1.04885
12	96	1.04879
20	66	1.04869
52	98	-1.04868
2	44	-1.0486
12	14	-1.04673
12	86	-1.04672
22	90	-1.04594
70	80	-1.04551
32	38	-1.04516
42	52	-1.04461
14	58	1.04358
58	78	-1.04347
48	84	-1.04331
70	84	1.04311
58	98	-1.04226
22	42	1.04198
6	12	-1.04181
48	62	-1.04163
8	10	1.04153
70	76	1.04035
54	88	-1.04021
54	86	1.03996
12	82	-1.03924
50	66	-1.03918
54	82	1.03899
44	46	1.03833
2	32	-1.03719
6	58	1.03716
48	76	-1.03703
50	52	1.0354
48	66	1.03501
62	70	1.03461
32	56	-1.0346
12	30	1.03425
36	58	1.0337
70	92	1.03346
34	48	-1.03312
58	82	1.03272
12	88	1.0325
52	78	-1.03225
34	70	1.03206
22	36	-1.03157
60	70	-1.0315
32	46	1.03103
14	44	-1.03013
54	78	-1.03006
8	28	1.02967
58	80	-1.02948
16	70	1.02857
42	58	-1.02809
14	32	-1.0278
32	96	1.02679
52	68	-1.02665
36	54	1.02642
52	88	-1.02603
6	44	-1.02597
20	84	-1.02594
18	52	-1.02584
0	20	-1.02578
26	52	-1.02524
44	56	-1.02523
22	78	1.02498
6	32	-1.02482
12	78	1.02436
8	74	1.02413
44	92	-1.02392
12	64	-1.02383
20	60	1.0226
58	86	1.02249
22	30	1.02246
20	72	1.02233
4	70	-1.02117
4	48	1.021
10	66	1.02049
20	62	-1.01972
4	10	1.01934
44	96	1.01925
12	56	-1.01919
32	92	-1.01898
48	92	-1.01812
22	88	1.01806
12	36	-1.01802
8	70	-1.01762
16	48	-1.01752
50	76	1.01712
54	98	-1.01704
46	48	1.01665
28	66	1.01662
54	56	1.01564
52	94	1.01524
42	54	-1.01517
58	64	1.01514
12	42	1.01423
66	74	1.01423
16	44	-1.01349
22	68	1.01195
54	96	-1.01159
50	62	1.01099
0	74	-1.01092
58	90	1.01077
4	28	1.01057
10	60	1.01042
18	22	1.01024
12	98	1.00972
32	86	-1.00954
44	80	1.00953
50	84	1.00952
8	48	1.0095
54	90	1.00931
32	80	1.00876
46	70	-1.00805
22	26	1.00802
38	48	-1.00793
0	28	-1.00776
66	70	-1.00752
4	74	1.00749
12	90	-1.00745
16	32	-1.00741
58	96	-1.00721
56	58	1.00658
34	44	-1.00634
62	74	-1.006
28	62	-1.00584
44	86	-1.00579
40	58	1.00576
10	76	-1.00569
60	74	1.00514
12	40	-1.00491
0	10	-1.00488
10	72	1.0048
2	70	1.00467
28	60	1.00459
54	64	1.00453
40	54	1.0035
74	84	-1.00332
32	34	-1.00302
2	48	-1.00273
28	84	-1.00262
72	74	1.00223
24	54	1.00209
10	62	-1.00168
38	70	1.00138
28	72	1.00131
0	50	1.00095
24	58	1.00072
22	94	-1.00052
10	84	-1.00017
74	76	-1.00015
28	76	-1.00007
