1	99	11.9789
11	23	11.9771
3	69	11.9755
37	65	11.9718
83	85	11.9694
29	39	-11.9652
23	31	11.9602
49	79	11.9582
11	31	11.9567
29	61	11.9558
83	97	11.9514
33	87	11.9514
13	77	11.9511
15	59	11.9349
39	61	-11.9294
35	51	11.9249
31	95	11.9233
73	75	11.9044
85	97	11.8974
13	47	11.8885
57	85	-11.8836
33	37	11.8788
5	75	11.8788
75	79	11.8722
5	79	11.8679
73	81	11.866
45	71	-11.8625
11	95	11.8598
27	49	11.8594
19	73	11.8445
33	65	11.8442
65	93	11.8301
57	67	11.8263
3	21	11.8203
5	47	11.8117
19	75	11.7981
23	95	11.7969
61	89	11.7946
45	93	11.7927
17	53	11.7906
49	77	11.7817
13	49	11.7781
57	83	-11.7769
89	91	11.7571
41	71	-11.7503
65	99	11.7466
3	9	11.7452
27	79	11.7422
19	79	11.7331
5	49	11.7317
47	49	11.7299
65	87	11.7257
47	79	11.7244
7	75	11.7231
21	69	11.7199
9	21	11.7188
37	87	11.7173
47	77	11.7129
37	99	11.7107
41	85	-11.6997
49	75	11.6933
7	73	11.6896
7	81	11.6831
1	37	11.6776
37	93	11.6716
1	65	11.6715
5	7	11.6673
55	91	11.6614
13	79	11.6484
93	99	11.6424
27	77	11.632
19	27	11.632
73	79	11.6211
19	49	11.6177
41	57	11.615
41	67	11.6126
75	81	11.6072
5	73	11.5939
77	79	11.5916
31	97	11.5887
29	89	11.5816
57	97	-11.5798
9	69	11.5785
25	43	11.5569
5	13	11.5394
41	97	-11.5385
67	85	-11.5381
41	83	-11.5284
39	89	-11.5256
45	87	11.5236
33	93	11.5107
19	81	11.5064
31	83	11.5061
67	71	-11.5015
45	65	11.4951
23	97	11.4935
19	67	11.4876
87	93	11.4843
23	83	11.4841
13	27	11.4838
21	29	11.4766
1	93	11.475
47	75	11.469
43	63	11.4671
19	57	11.4646
35	43	11.4639
9	11	11.4604
5	19	11.459
61	91	11.4416
53	63	11.4152
29	69	11.4144
27	75	11.4032
95	97	11.4005
49	73	11.3804
33	45	11.3746
55	89	11.3703
15	47	11.3655
51	55	11.3637
71	93	-11.3488
5	77	11.3442
11	97	11.3418
3	29	11.3415
27	57	11.3375
7	79	11.3348
41	45	11.3166
9	23	11.3161
67	83	-11.3125
71	87	-11.3096
13	15	11.309
61	69	11.3013
11	83	11.2962
21	39	-11.2906
5	27	11.2885
37	45	11.2861
33	99	11.2786
17	91	11.2784
27	47	11.2734
31	85	11.2612
23	85	11.2333
39	91	-11.2264
83	95	11.2231
7	19	11.2164
1	33	11.2145
13	75	11.2113
21	61	11.2097
5	81	11.2015
27	73	11.181
3	61	11.1737
9	31	11.1558
35	53	11.1509
67	73	11.1461
39	69	-11.1403
29	91	11.1397
17	35	11.1365
43	51	11.1348
57	71	-11.1339
79	81	11.1155
7	47	11.0951
9	95	11.0933
67	97	-11.0931
75	77	11.0841
27	83	-11.0839
3	39	-11.0689
27	85	-11.0686
15	77	11.0524
35	55	11.0454
71	85	11.0447
33	71	-11.0347
87	99	11.0336
7	49	11.0238
11	85	11.0176
19	47	11.0121
69	89	11.0019
45	67	10.9927
65	71	-10.9919
47	73	10.9896
47	59	10.981
45	99	10.9788
19	85	-10.9714
85	95	10.9591
67	81	10.958
19	77	10.9316
1	87	10.9263
27	67	10.9212
17	51	10.9212
13	19	10.9172
57	73	10.9169
51	91	10.9123
13	59	10.9071
43	53	10.8809
49	57	10.8767
23	57	-10.8549
57	79	10.8532
67	75	10.8285
19	83	-10.8241
31	57	-10.8136
35	63	10.8136
49	81	10.7884
25	63	10.7872
23	27	-10.7867
51	53	10.7779
3	89	10.7741
67	87	10.7709
37	71	-10.7663
35	91	10.763
71	83	10.7588
57	75	10.7571
1	45	10.7488
71	97	10.741
27	97	-10.7244
5	15	10.7159
11	21	10.715
13	73	10.6996
17	63	10.6931
67	79	10.6914
9	29	10.6816
55	61	10.669
17	55	10.667
59	77	10.6337
3	11	10.6222
7	13	10.6082
11	57	-10.5992
73	77	10.5971
21	23	10.5938
15	49	10.5906
49	67	10.5843
19	41	10.5725
21	89	10.5721
53	91	10.567
27	81	10.5636
11	27	-10.5492
7	27	10.5391
41	93	10.5345
57	81	10.5328
17	89	10.5288
27	31	-10.5162
41	87	10.5136
15	79	10.4868
49	85	-10.4818
45	57	10.4741
31	41	-10.4634
49	83	-10.4599
19	97	-10.4416
17	39	-10.4405
57	95	-10.4347
25	35	10.4314
47	81	10.4289
3	23	10.4251
17	61	10.4212
9	39	-10.4092
9	61	10.3905
79	85	-10.3827
45	85	-10.3715
7	77	10.3588
33	67	10.3554
17	43	10.3531
11	69	10.3428
23	41	-10.333
21	31	10.328
51	63	10.3274
73	85	-10.3172
19	71	-10.3167
79	83	-10.3151
39	55	-10.3029
5	59	10.295
71	99	-10.2934
5	57	10.2914
57	77	10.2914
27	41	10.2773
29	55	10.2765
5	67	10.2662
41	95	-10.2498
81	87	10.2438
3	31	10.2383
3	95	10.2298
67	93	10.2021
75	85	-10.188
23	77	-10.1874
21	95	10.1802
7	67	10.1763
17	29	10.172
33	41	10.1554
49	59	10.1439
73	83	-10.1392
23	49	-10.1361
23	69	10.1346
25	51	10.1317
69	91	10.1301
77	83	-10.1262
11	41	-10.1101
21	77	-10.1092
51	89	10.1089
13	57	10.1087
23	67	-10.0994
31	67	-10.0916
15	75	10.0816
45	97	-10.0791
15	27	10.0764
53	55	10.0755
49	97	-10.073
45	83	-10.0631
75	83	-10.0559
41	65	10.055
41	73	10.0537
77	85	-10.0513
13	81	10.0486
1	71	-10.0475
59	79	10.0418
19	23	-10.0347
71	73	-10.0204
27	95	-10.0133
9	83	10.0126
57	87	10.0095
9	97	10.0025
11	77	-9.99771
71	81	-9.98961
47	57	9.98723
65	67	9.98578
69	95	9.97298
9	27	-9.95838
31	69	9.95669
81	85	-9.92402
33	81	9.92272
79	97	-9.91977
77	81	9.918
7	57	9.91058
11	49	-9.9087
9	77	-9.9069
3	91	9.90018
35	89	9.88604
73	87	9.87107
23	79	-9.87099
19	31	-9.85921
13	83	-9.85832
31	77	-9.85651
31	49	-9.84571
11	67	-9.84528
7	15	9.84439
89	99	-9.83184
41	81	9.826
9	89	9.82543
37	67	9.82329
1	89	-9.82317
13	85	-9.8206
67	77	9.8146
37	41	9.81429
1	61	-9.80704
41	79	9.8065
13	23	-9.8055
21	91	9.80297
77	97	-9.80071
41	75	9.79711
41	49	9.79637
11	19	-9.7936
13	21	-9.78922
5	85	-9.77751
19	87	9.77717
67	95	-9.76847
73	97	-9.76504
47	67	9.76472
65	91	-9.7627
53	89	9.75954
19	45	9.75104
91	99	-9.74934
21	27	-9.74796
61	99	-9.7438
55	93	-9.74002
17	33	-9.73468
91	93	-9.73032
17	87	-9.72958
81	83	-9.72681
43	55	9.7261
13	67	9.72174
1	29	-9.72152
1	91	-9.72149
1	39	9.71742
37	91	-9.71349
9	85	9.68915
85	87	-9.6874
45	81	9.68464
5	83	-9.68421
25	53	9.67808
51	71	9.67291
27	59	9.6728
27	71	-9.66813
75	97	-9.66645
45	55	-9.66079
59	75	9.65889
71	75	-9.65008
11	79	-9.64967
29	99	-9.62834
39	53	-9.62313
39	99	9.62196
11	13	-9.61593
47	85	-9.61372
53	61	9.61019
45	51	-9.60908
31	79	-9.60688
35	71	9.6055
17	37	-9.60179
57	93	9.59971
45	73	9.59923
33	57	9.58941
47	83	-9.58706
53	87	-9.5825
89	93	-9.58111
63	81	-9.57847
65	89	-9.57665
55	69	9.55629
15	19	9.55536
43	67	-9.55317
41	51	-9.55119
9	13	-9.55046
9	49	-9.55005
63	73	-9.54595
33	91	-9.5439
13	97	-9.5428
55	99	-9.54247
17	65	-9.54043
35	67	-9.52889
33	53	-9.52742
37	89	-9.52571
45	91	-9.50876
33	73	9.50591
31	71	9.50489
35	45	-9.50424
15	73	9.50351
55	65	-9.5035
21	49	-9.50116
3	77	-9.49866
13	31	-9.49791
37	61	-9.48747
85	93	-9.48671
23	75	-9.48372
25	27	-9.48009
7	59	9.47963
43	57	-9.47958
87	91	-9.47345
35	41	-9.46867
51	61	9.46581
71	79	-9.46224
37	39	9.46055
61	65	-9.45785
43	91	9.45631
19	95	-9.4548
1	55	-9.45016
55	71	9.44759
19	63	-9.44655
19	43	-9.4447
23	73	-9.42815
51	93	-9.41753
81	97	-9.41317
51	67	-9.41271
63	91	9.41182
35	87	-9.40029
77	95	-9.39837
39	65	9.38521
5	41	9.38196
23	71	9.38181
9	57	-9.38119
29	53	9.37897
83	87	-9.37705
19	33	9.37591
49	95	-9.3748
65	81	9.37438
63	75	-9.36756
41	99	9.36654
37	55	-9.3609
29	37	-9.35952
37	81	9.34955
23	47	-9.34921
49	71	-9.3461
19	25	-9.34236
7	85	-9.34076
35	57	-9.33745
11	29	9.33735
35	61	9.33626
71	95	9.32977
7	87	9.32957
75	87	9.32906
69	77	-9.3282
5	97	-9.32477
25	49	-9.31681
21	83	9.31634
55	63	9.31365
25	57	-9.30922
21	47	-9.3077
87	97	-9.30748
51	87	-9.30406
33	85	-9.30277
29	65	-9.30233
1	69	-9.30199
29	77	-9.29885
51	65	-9.29856
9	79	-9.29671
33	35	-9.29576
11	75	-9.29562
3	55	9.29493
35	93	-9.29329
57	65	9.29286
81	93	9.29104
35	65	-9.28677
61	93	-9.28434
3	27	-9.2836
31	73	-9.28253
31	75	-9.27926
47	97	-9.27733
37	53	-9.2744
5	23	-9.27432
39	77	9.27004
41	77	9.26685
63	67	-9.2662
7	71	-9.25809
51	57	-9.25729
17	45	-9.25511
11	73	-9.25184
17	93	-9.24661
3	13	-9.24505
43	85	9.24249
27	43	-9.24152
21	97	9.24099
25	79	-9.23783
45	75	9.23561
39	51	-9.23496
93	97	-9.23328
25	67	-9.22939
35	37	-9.22929
7	63	-9.22281
33	89	-9.22152
51	85	9.2202
35	85	9.21685
5	71	-9.21551
43	73	-9.21259
69	99	-9.21151
55	87	-9.21098
23	29	9.20958
7	83	-9.20781
71	91	9.20669
21	79	-9.20667
33	51	-9.20483
83	93	-9.202
37	51	-9.19947
33	55	-9.1983
53	81	-9.19676
53	65	-9.19652
19	59	9.19097
1	3	-9.18925
25	77	-9.18372
45	89	-9.17885
11	71	9.17614
79	95	-9.17324
11	47	-9.16817
53	67	-9.16654
13	41	9.16584
1	17	-9.16148
33	61	-9.15842
35	39	-9.15807
17	71	9.15782
67	99	9.15512
7	41	9.15381
33	39	9.15262
41	47	9.15166
17	99	-9.1482
1	21	-9.14626
63	79	-9.14512
41	43	-9.14044
51	99	-9.13932
43	71	9.1378
43	83	9.13778
1	41	9.13411
15	39	9.13297
11	39	-9.12918
59	73	9.12861
43	87	-9.12383
37	57	9.1233
9	47	-9.12121
13	69	-9.12093
39	93	9.11823
13	29	-9.11727
29	51	9.11503
25	85	9.11225
1	25	-9.10811
17	25	9.10679
5	11	-9.10167
43	79	-9.10125
13	39	9.09971
65	85	-9.09853
43	75	-9.09685
73	93	9.09645
9	19	-9.09626
1	51	-9.09389
41	55	-9.09365
5	63	-9.09251
15	21	-9.09149
87	89	-9.09086
3	49	-9.08862
23	81	-9.08669
31	47	-9.08574
3	99	-9.08369
63	87	-9.08353
29	93	-9.08316
7	45	9.08159
19	93	9.08112
25	83	9.08051
43	49	-9.07838
13	95	-9.0762
7	33	9.07572
51	83	9.07564
27	69	-9.07443
3	83	9.07402
41	59	9.06629
35	83	9.0644
13	25	-9.06212
55	59	-9.06052
3	97	9.05984
25	75	-9.05827
21	55	9.05293
35	99	-9.05228
51	97	9.05036
27	45	9.04947
39	59	9.04859
15	29	-9.04792
33	43	-9.04524
53	71	9.04524
21	85	9.04385
65	73	9.04286
59	97	-9.04259
5	31	-9.04214
25	73	-9.04198
25	37	-9.04134
11	61	9.0393
43	81	-9.03857
1	35	-9.03341
9	91	9.03194
17	69	9.02094
31	81	-9.01915
23	39	-9.01895
33	83	-9.01894
29	33	-9.01827
45	53	-9.01399
29	35	9.01246
57	63	-9.01095
15	57	9.00879
21	99	-9.00851
15	81	9.00674
73	95	-9.00286
53	73	-9.0011
33	75	8.99374
49	63	-8.99372
29	31	8.99228
5	9	-8.98994
45	79	8.9885
33	63	-8.98782
61	77	-8.98684
35	97	8.98676
15	83	-8.98625
25	99	-8.98516
11	81	-8.98348
25	33	-8.98322
59	83	-8.98219
9	75	-8.98188
17	67	-8.97913
7	69	-8.97851
33	97	-8.97794
59	85	-8.97464
37	73	8.97411
15	85	-8.97299
1	67	8.96861
5	21	-8.96365
61	87	-8.96219
3	47	-8.95812
19	35	-8.9559
19	65	8.95275
25	65	-8.95134
49	69	-8.94863
37	43	-8.94837
15	97	-8.94822
43	97	8.94787
25	87	-8.94338
43	45	-8.94301
75	95	-8.94123
29	59	-8.93638
27	63	-8.93617
39	87	8.9336
29	95	8.92654
7	93	8.92016
37	85	-8.91705
43	65	-8.9156
3	7	-8.91414
15	61	-8.91411
3	79	-8.91192
17	21	8.91165
23	61	8.91119
47	69	-8.90778
79	87	8.90695
5	25	-8.90598
5	45	8.90458
31	45	-8.90269
7	97	-8.90239
15	55	-8.90106
15	41	8.89996
57	59	8.89631
81	95	-8.89563
19	53	-8.89529
25	47	-8.89377
45	59	8.8909
53	93	-8.89075
3	17	8.88384
7	23	-8.86937
7	9	-8.86802
59	93	8.86737
47	71	-8.86676
25	97	8.86546
59	71	-8.86529
21	57	-8.85878
19	37	8.85653
21	59	-8.8552
13	61	-8.85195
45	49	8.84706
23	25	8.84675
3	5	-8.84602
59	61	-8.8445
63	89	8.83612
27	87	8.83516
65	83	-8.83202
69	83	8.83171
25	41	-8.83161
5	69	-8.83089
9	73	-8.83023
15	23	-8.82745
5	43	-8.82699
65	97	-8.82607
5	87	8.82591
45	61	-8.82315
69	97	8.8223
81	99	8.81431
31	39	-8.81335
69	79	-8.81259
7	65	8.81223
3	85	8.80995
29	87	-8.80406
15	89	-8.80351
59	89	-8.80315
7	11	-8.80003
25	55	8.79966
1	43	-8.79788
21	75	-8.7966
75	93	8.79241
71	89	8.79073
25	71	8.78953
45	95	-8.78892
19	21	-8.78739
25	81	-8.78738
29	47	-8.78628
9	41	-8.78476
17	81	-8.78356
23	45	-8.78286
55	67	-8.77015
53	57	-8.76701
1	53	-8.75892
19	51	-8.75362
43	93	-8.75344
71	77	-8.75236
15	67	8.75221
35	73	-8.75213
39	95	-8.75193
23	59	-8.75142
39	47	8.75019
7	37	8.74333
53	99	-8.74169
9	67	-8.74168
13	71	-8.73898
7	31	-8.73806
41	53	-8.73766
43	99	-8.73763
63	71	8.73689
31	59	-8.73409
17	41	-8.73359
31	61	8.72804
43	77	-8.72677
3	75	-8.72554
15	31	-8.72329
43	89	8.72302
47	63	-8.72291
47	95	-8.72188
37	63	-8.72161
11	25	8.71871
1	81	8.71539
41	91	-8.71291
27	29	-8.71218
11	15	-8.71083
5	95	-8.70888
7	99	8.70736
49	87	8.70715
37	69	-8.70648
53	75	-8.7021
25	31	8.70018
59	81	8.69723
59	91	-8.69677
25	93	-8.69398
61	95	8.69095
69	75	-8.6895
35	81	-8.68835
25	45	-8.68541
9	81	-8.68456
15	71	-8.68262
65	69	-8.68233
63	85	8.68182
1	9	-8.67895
39	45	8.67453
59	99	8.67446
59	95	-8.67126
37	83	-8.67042
15	45	8.6691
59	67	8.66481
9	15	-8.66431
29	49	-8.66339
37	97	-8.66133
13	43	-8.66116
7	53	-8.65873
15	93	8.65543
65	75	8.6554
11	59	-8.65344
7	21	-8.65046
3	15	-8.65042
7	43	-8.64736
63	65	-8.64361
27	39	8.63913
27	35	-8.63626
15	69	-8.63608
43	47	-8.62959
41	63	-8.62733
11	45	-8.625
23	43	8.62262
57	99	8.62144
1	7	8.61723
29	45	-8.61702
5	93	8.61322
21	37	-8.61264
47	61	-8.6116
1	59	8.60988
53	69	8.60909
3	57	-8.60824
15	91	-8.60783
39	49	8.6064
7	95	-8.60375
3	37	-8.60299
45	47	8.60293
33	79	8.60255
3	19	-8.6023
69	85	8.59671
67	91	-8.59481
69	93	-8.59443
17	73	-8.58994
13	63	-8.5852
45	63	-8.57986
63	83	8.57659
11	89	8.57544
37	75	8.57507
15	95	-8.57452
69	81	-8.57054
61	63	8.57049
17	57	-8.5685
3	73	-8.5677
3	65	-8.56698
35	75	-8.56367
5	33	8.56294
9	99	-8.56223
31	43	8.559
3	81	-8.5499
15	99	8.54741
21	65	-8.54716
51	73	-8.54623
63	77	-8.54578
21	73	-8.54371
69	73	-8.54321
73	99	8.53947
55	85	8.53672
55	57	-8.53404
17	19	-8.53249
7	25	-8.53029
77	89	-8.52925
27	33	8.52822
9	55	8.52437
79	93	8.5233
53	85	8.52294
85	99	-8.51947
13	89	-8.51032
1	15	8.50617
3	53	8.50302
19	69	-8.49874
11	43	8.49603
35	79	-8.49444
7	89	-8.49392
39	63	-8.49361
59	65	8.49311
27	51	-8.493
47	89	-8.49139
51	59	-8.489
25	91	8.47911
51	81	-8.4775
9	59	-8.47633
1	57	8.46921
29	79	-8.468
3	93	-8.46257
23	89	8.4606
3	59	-8.4605
59	69	-8.45783
61	71	8.45764
27	61	-8.45674
55	97	8.45191
53	79	-8.45018
31	87	-8.44948
35	49	-8.4488
31	51	8.44797
27	93	8.44736
9	25	8.44232
25	95	8.44197
49	61	-8.44181
7	55	-8.4372
87	95	-8.4357
5	29	-8.435
1	73	8.43242
33	49	8.43141
57	69	-8.42933
51	69	8.42878
63	97	8.42349
21	53	8.42153
37	59	8.4147
47	55	-8.41444
31	35	8.41315
13	45	8.41216
39	79	8.40824
55	83	8.4076
33	69	-8.40472
23	51	8.40369
63	93	-8.4023
5	53	-8.39963
29	63	8.39937
51	75	-8.39907
5	65	8.39476
47	93	8.39419
23	35	8.39352
19	99	8.39289
53	83	8.39267
43	61	8.38929
17	85	8.3852
49	93	8.38252
17	59	-8.3812
9	17	8.38084
21	93	-8.38079
1	85	-8.37245
5	55	-8.36971
45	77	8.36903
43	95	8.36743
23	87	-8.36639
5	89	-8.36602
5	39	8.35951
21	25	8.35928
63	69	8.35681
97	99	-8.35674
65	79	8.35315
51	79	-8.35248
21	67	-8.35059
89	95	8.35034
31	89	8.34855
47	87	8.34738
1	63	-8.34621
41	89	-8.34558
51	95	8.34471
39	71	-8.34459
75	99	8.34424
27	53	-8.34359
21	81	-8.34141
83	99	-8.34086
15	25	-8.34038
15	65	8.33506
5	61	-8.33396
53	97	8.3281
49	53	-8.32763
17	75	-8.32695
35	69	8.32388
31	93	-8.32287
5	35	-8.32264
5	99	8.3225
15	51	-8.32123
21	41	-8.32014
3	33	-8.31834
49	51	-8.31785
39	43	-8.31779
21	33	-8.31239
63	99	-8.31117
11	51	8.30913
5	37	8.30653
29	83	8.301
7	17	-8.30079
61	79	-8.30055
57	91	-8.30031
7	61	-8.2981
3	51	8.2975
7	35	-8.29608
7	29	-8.29441
55	81	-8.29395
27	65	8.29382
35	95	8.29353
11	35	8.29156
29	71	8.29048
33	95	-8.28904
1	19	8.28535
63	95	8.28348
3	63	8.28252
55	73	-8.27941
37	79	8.2781
23	63	8.27592
11	87	-8.2754
15	37	8.274
15	17	-8.27145
31	63	8.27112
93	95	-8.26636
55	75	-8.2633
69	87	-8.26239
31	33	-8.26151
29	97	8.26075
19	55	-8.25689
33	59	8.25571
17	83	8.25484
1	75	8.25401
11	63	8.25285
13	55	-8.25221
81	91	-8.24898
23	93	-8.2467
85	91	8.24651
1	5	8.24621
35	59	-8.24593
5	51	-8.23779
59	87	8.23436
1	97	-8.23248
47	99	8.23147
29	43	8.22857
29	75	-8.22753
21	51	8.22648
27	37	8.22467
49	65	8.22365
1	83	-8.22338
81	89	-8.22329
53	95	8.22228
39	83	-8.21968
17	97	8.21881
7	91	-8.21688
3	35	8.21481
9	71	8.21452
9	37	-8.21316
49	89	-8.21184
3	67	-8.21102
67	89	-8.20831
13	87	8.2058
3	41	-8.20402
77	91	-8.2039
7	51	-8.20312
9	53	8.20016
77	87	8.19991
13	91	-8.19764
45	69	-8.19409
25	59	-8.194
1	47	8.19283
9	63	8.19115
75	89	-8.19046
23	33	-8.18572
47	91	-8.18468
55	79	-8.18435
79	89	-8.18411
3	87	-8.184
39	97	-8.18049
29	85	8.17958
7	39	8.1781
13	93	8.17746
33	47	8.17692
21	35	8.17653
9	65	-8.17178
3	25	8.16947
11	91	8.16628
35	77	-8.1644
35	47	-8.16317
11	93	-8.16216
37	49	8.16167
21	87	-8.16135
39	75	8.16124
17	79	-8.15886
53	59	-8.15735
61	83	8.15652
73	91	-8.15202
47	65	8.15165
91	97	8.15113
83	91	8.15014
47	51	-8.14932
61	75	-8.14841
55	77	-8.14766
73	89	-8.14195
27	89	-8.14151
13	35	-8.13733
79	99	8.13687
31	65	-8.13405
15	33	8.1339
31	53	8.13221
15	35	-8.13205
61	97	8.13197
17	27	-8.13125
11	33	-8.13053
19	29	-8.13039
47	53	-8.13026
15	87	8.12783
15	63	-8.12768
49	55	-8.12725
65	95	-8.12412
39	85	-8.12319
29	57	-8.11993
67	69	-8.11988
9	43	8.11915
19	91	-8.11865
23	91	8.11855
3	45	-8.11486
25	89	8.11486
41	61	-8.11433
1	13	8.11417
5	17	-8.11349
5	91	-8.11128
41	69	-8.10675
15	43	-8.10606
37	95	-8.10274
13	99	8.10231
25	69	8.10096
51	77	-8.09939
77	93	8.09902
17	49	-8.09876
13	51	-8.09853
9	93	-8.09786
1	77	8.09734
11	53	8.09546
19	39	8.09383
17	95	8.08873
39	57	8.08764
23	65	-8.08694
21	45	-8.0858
23	53	8.08374
15	53	-8.08364
13	53	-8.08359
31	37	-8.08313
37	47	8.08267
61	81	-8.08245
61	85	8.08214
1	79	8.07921
29	73	-8.07911
53	77	-8.07876
1	11	-8.07674
75	91	-8.07429
31	55	8.07365
21	63	8.07257
13	33	8.0716
17	77	-8.07031
33	77	8.06874
31	91	8.06754
61	67	-8.06496
77	99	8.06036
55	95	8.06035
9	33	-8.05976
91	95	8.05881
27	55	-8.05772
39	41	8.05768
29	81	-8.05749
49	99	8.05651
25	39	-8.05523
9	51	8.05398
11	55	8.05228
23	55	8.0522
39	67	8.05173
61	73	-8.0502
85	89	8.0497
13	17	-8.04951
43	59	-8.04901
29	41	-8.04885
1	23	-8.04836
25	29	8.04831
57	89	-8.04791
57	61	-8.04748
59	63	-8.04699
21	71	8.04625
89	97	8.04591
19	61	-8.04352
23	37	-8.04232
83	89	8.04107
11	65	-8.04051
11	99	-8.03777
21	43	8.0361
9	45	-8.03359
19	89	-8.03357
39	73	8.03332
27	99	8.03268
13	65	8.03166
25	61	8.03102
29	67	-8.02974
9	35	8.02685
69	71	8.02546
17	31	8.02534
23	99	-8.02533
1	49	8.02492
11	17	8.0238
39	81	8.02082
79	91	-8.02024
49	91	-8.01753
11	37	-8.0154
1	31	-8.01461
3	71	8.0141
17	47	-8.01186
9	87	-8.01169
43	69	8.01165
1	95	-8.01126
31	99	-8.01062
65	77	8.00875
27	91	-8.00717
1	27	8.0064
13	37	8.00615
17	23	8.00548
37	77	8.00099
3	43	8.0007
95	99	-8.00003
34	35	6
52	53	6
56	57	6
62	63	6
74	75	6
46	47	6
88	89	6
48	49	6
18	19	6
44	45	6
68	69	6
38	39	6
92	93	6
72	73	6
36	37	6
94	95	6
96	97	6
90	91	6
64	65	6
86	87	6
22	23	6
78	79	6
26	27	6
80	81	6
66	67	6
82	83	6
42	43	6
60	61	6
70	71	6
32	33	6
40	41	6
84	85	6
54	55	6
16	17	6
14	15	6
28	29	6
20	21	6
58	59	6
76	77	6
50	51	6
30	31	6
24	25	6
0	1	6
98	99	6
8	9	6
10	11	6
2	3	6
12	13	6
4	5	6
6	7	6
0	99	5.98944
1	98	5.98944
10	23	5.98857
11	22	5.98857
3	68	5.98776
2	69	5.98776
37	64	5.98588
36	65	5.98588
82	85	5.9847
83	84	5.9847
28	39	-5.9826
29	38	-5.9826
22	31	5.98009
23	30	5.98009
48	79	5.9791
49	78	5.9791
10	31	5.97836
11	30	5.97836
28	61	5.97789
29	60	5.97789
82	97	5.97572
83	96	5.97572
32	87	5.97569
33	86	5.97569
12	77	5.97557
13	76	5.97557
14	59	5.96746
15	58	5.96746
39	60	-5.96468
38	61	-5.96468
35	50	5.96245
34	51	5.96245
31	94	5.96163
30	95	5.96163
72	75	5.95222
73	74	5.95222
84	97	5.94868
85	96	5.94868
12	47	5.94425
13	46	5.94425
57	84	-5.94182
56	85	-5.94182
32	37	5.93942
33	36	5.93942
5	74	5.93941
4	75	5.93941
75	78	5.93609
74	79	5.93609
5	78	5.93397
4	79	5.93397
73	80	5.93301
72	81	5.93301
45	70	-5.93123
44	71	-5.93123
10	95	5.92989
11	94	5.92989
26	49	5.92969
27	48	5.92969
19	72	5.92227
18	73	5.92227
33	64	5.92211
32	65	5.92211
65	92	5.91503
64	93	5.91503
56	67	5.91315
57	66	5.91315
2	21	5.91013
3	20	5.91013
4	47	5.90584
5	46	5.90584
18	75	5.89904
19	74	5.89904
22	95	5.89844
23	94	5.89844
61	88	5.89728
60	89	5.89728
44	93	5.89633
45	92	5.89633
16	53	5.8953
17	52	5.8953
48	77	5.89087
49	76	5.89087
13	48	5.88903
12	49	5.88903
57	82	-5.88846
56	83	-5.88846
89	90	5.87854
88	91	5.87854
40	71	-5.87515
41	70	-5.87515
64	99	5.87328
65	98	5.87328
2	9	5.87262
3	8	5.87262
27	78	5.87112
26	79	5.87112
19	78	5.86655
18	79	5.86655
5	48	5.86587
4	49	5.86587
47	48	5.86493
46	49	5.86493
64	87	5.86285
65	86	5.86285
46	79	5.8622
47	78	5.8622
6	75	5.86157
7	74	5.86157
21	68	5.85996
20	69	5.85996
8	21	5.85938
9	20	5.85938
37	86	5.85865
36	87	5.85865
46	77	5.85647
47	76	5.85647
37	98	5.85537
36	99	5.85537
41	84	-5.84983
40	85	-5.84983
48	75	5.84666
49	74	5.84666
7	72	5.84481
6	73	5.84481
6	81	5.84153
7	80	5.84153
0	37	5.83879
1	36	5.83879
36	93	5.8358
37	92	5.8358
1	64	5.83573
0	65	5.83573
5	6	5.83366
4	7	5.83366
55	90	5.83071
54	91	5.83071
13	78	5.82418
12	79	5.82418
93	98	5.82121
92	99	5.82121
27	76	5.816
26	77	5.816
18	27	5.81598
19	26	5.81598
73	78	5.81056
72	79	5.81056
18	49	5.80883
19	48	5.80883
41	56	5.80751
40	57	5.80751
41	66	5.8063
40	67	5.8063
75	80	5.80362
74	81	5.80362
4	73	5.79694
5	72	5.79694
77	78	5.79582
76	79	5.79582
31	96	5.79434
30	97	5.79434
28	89	5.79078
29	88	5.79078
56	97	-5.78988
57	96	-5.78988
8	69	5.78927
9	68	5.78927
25	42	5.77846
24	43	5.77846
5	12	5.76968
4	13	5.76968
41	96	-5.76923
40	97	-5.76923
67	84	-5.76906
66	85	-5.76906
41	82	-5.76422
40	83	-5.76422
39	88	-5.76279
38	89	-5.76279
45	86	5.76181
44	87	5.76181
33	92	5.75535
32	93	5.75535
19	80	5.7532
18	81	5.7532
31	82	5.75307
30	83	5.75307
67	70	-5.75073
66	71	-5.75073
44	65	5.74753
45	64	5.74753
22	97	5.74676
23	96	5.74676
18	67	5.74382
19	66	5.74382
86	93	5.74213
87	92	5.74213
22	83	5.74205
23	82	5.74205
12	27	5.74188
13	26	5.74188
21	28	5.73832
20	29	5.73832
1	92	5.73749
0	93	5.73749
46	75	5.73452
47	74	5.73452
42	63	5.73353
43	62	5.73353
19	56	5.73228
18	57	5.73228
34	43	5.73194
35	42	5.73194
8	11	5.73021
9	10	5.73021
5	18	5.7295
4	19	5.7295
61	90	5.72078
60	91	5.72078
52	63	5.70761
53	62	5.70761
28	69	5.70721
29	68	5.70721
26	75	5.70161
27	74	5.70161
94	97	5.70026
95	96	5.70026
49	72	5.69018
48	73	5.69018
33	44	5.68731
32	45	5.68731
55	88	5.68514
54	89	5.68514
14	47	5.68276
15	46	5.68276
50	55	5.68187
51	54	5.68187
70	93	-5.67442
71	92	-5.67442
4	77	5.6721
5	76	5.6721
10	97	5.67088
11	96	5.67088
2	29	5.67077
3	28	5.67077
27	56	5.66873
26	57	5.66873
6	79	5.66741
7	78	5.66741
41	44	5.65831
40	45	5.65831
8	23	5.65807
9	22	5.65807
66	83	-5.65627
67	82	-5.65627
70	87	-5.6548
71	86	-5.6548
13	14	5.65449
12	15	5.65449
60	69	5.65064
61	68	5.65064
11	82	5.64812
10	83	5.64812
20	39	-5.64531
21	38	-5.64531
5	26	5.64427
4	27	5.64427
36	45	5.64303
37	44	5.64303
32	99	5.6393
33	98	5.6393
16	91	5.63918
17	90	5.63918
27	46	5.63669
26	47	5.63669
31	84	5.63061
30	85	5.63061
22	85	5.61667
23	84	5.61667
39	90	-5.61322
38	91	-5.61322
83	94	5.61156
82	95	5.61156
7	18	5.60819
6	19	5.60819
0	33	5.60727
1	32	5.60727
12	75	5.60566
13	74	5.60566
21	60	5.60485
20	61	5.60485
5	80	5.60077
4	81	5.60077
26	73	5.59049
27	72	5.59049
3	60	5.58684
2	61	5.58684
9	30	5.57792
8	31	5.57792
35	52	5.57546
34	53	5.57546
67	72	5.57307
66	73	5.57307
38	69	-5.57014
39	68	-5.57014
28	91	5.56985
29	90	5.56985
16	35	5.56827
17	34	5.56827
42	51	5.56742
43	50	5.56742
56	71	-5.56697
57	70	-5.56697
78	81	5.55773
79	80	5.55773
6	47	5.54756
7	46	5.54756
9	94	5.54666
8	95	5.54666
67	96	-5.54653
66	97	-5.54653
74	77	5.54203
75	76	5.54203
27	82	-5.54196
26	83	-5.54196
3	38	-5.53443
2	39	-5.53443
27	84	-5.53428
26	85	-5.53428
14	77	5.52618
15	76	5.52618
35	54	5.52272
34	55	5.52272
71	84	5.52235
70	85	5.52235
32	71	-5.51735
33	70	-5.51735
86	99	5.51682
87	98	5.51682
6	49	5.51189
7	48	5.51189
10	85	5.50879
11	84	5.50879
19	46	5.50606
18	47	5.50606
68	89	5.50097
69	88	5.50097
44	67	5.49633
45	66	5.49633
64	71	-5.49596
65	70	-5.49596
47	72	5.4948
46	73	5.4948
47	58	5.49052
46	59	5.49052
44	99	5.4894
45	98	5.4894
18	85	-5.48571
19	84	-5.48571
85	94	5.47953
84	95	5.47953
66	81	5.479
67	80	5.479
19	76	5.46582
18	77	5.46582
0	87	5.46316
1	86	5.46316
26	67	5.46061
27	66	5.46061
16	51	5.4606
17	50	5.4606
12	19	5.45859
13	18	5.45859
57	72	5.45847
56	73	5.45847
50	91	5.45613
51	90	5.45613
12	59	5.45356
13	58	5.45356
43	52	5.44045
42	53	5.44045
48	57	5.43836
49	56	5.43836
23	56	-5.42746
22	57	-5.42746
57	78	5.42661
56	79	5.42661
67	74	5.41423
66	75	5.41423
18	83	-5.41205
19	82	-5.41205
30	57	-5.40681
31	56	-5.40681
35	62	5.40678
34	63	5.40678
49	80	5.39421
48	81	5.39421
24	63	5.39361
25	62	5.39361
22	27	-5.39334
23	26	-5.39334
51	52	5.38896
50	53	5.38896
3	88	5.38705
2	89	5.38705
67	86	5.38543
66	87	5.38543
37	70	-5.38314
36	71	-5.38314
34	91	5.38148
35	90	5.38148
70	83	5.37941
71	82	5.37941
57	74	5.37854
56	75	5.37854
1	44	5.37442
0	45	5.37442
71	96	5.37049
70	97	5.37049
27	96	-5.36222
26	97	-5.36222
4	15	5.35796
5	14	5.35796
10	21	5.35751
11	20	5.35751
13	72	5.34981
12	73	5.34981
17	62	5.34654
16	63	5.34654
67	78	5.3457
66	79	5.3457
9	28	5.34079
8	29	5.34079
55	60	5.33448
54	61	5.33448
16	55	5.3335
17	54	5.3335
58	77	5.31684
59	76	5.31684
2	11	5.31112
3	10	5.31112
7	12	5.30408
6	13	5.30408
11	56	-5.29959
10	57	-5.29959
73	76	5.29854
72	77	5.29854
21	22	5.2969
20	23	5.2969
14	49	5.29528
15	48	5.29528
48	67	5.29213
49	66	5.29213
19	40	5.28623
18	41	5.28623
20	89	5.28606
21	88	5.28606
52	91	5.28351
53	90	5.28351
27	80	5.28179
26	81	5.28179
11	26	-5.2746
10	27	-5.2746
7	26	5.26953
6	27	5.26953
41	92	5.26723
40	93	5.26723
57	80	5.26638
56	81	5.26638
17	88	5.26439
16	89	5.26439
27	30	-5.2581
26	31	-5.2581
41	86	5.2568
40	87	5.2568
15	78	5.24341
14	79	5.24341
48	85	-5.2409
49	84	-5.2409
44	57	5.23707
45	56	5.23707
30	41	-5.23172
31	40	-5.23172
49	82	-5.22993
48	83	-5.22993
18	97	-5.2208
19	96	-5.2208
16	39	-5.22027
17	38	-5.22027
56	95	-5.21737
57	94	-5.21737
24	35	5.21569
25	34	5.21569
46	81	5.21444
47	80	5.21444
2	23	5.21253
3	22	5.21253
17	60	5.2106
16	61	5.2106
9	38	-5.20459
8	39	-5.20459
8	61	5.19524
9	60	5.19524
79	84	-5.19134
78	85	-5.19134
45	84	-5.18576
44	85	-5.18576
6	77	5.17938
7	76	5.17938
32	67	5.17772
33	66	5.17772
17	42	5.17654
16	43	5.17654
11	68	5.17142
10	69	5.17142
23	40	-5.16649
22	41	-5.16649
20	31	5.16399
21	30	5.16399
51	62	5.16369
50	63	5.16369
72	85	-5.15861
73	84	-5.15861
19	70	-5.15833
18	71	-5.15833
79	82	-5.15756
78	83	-5.15756
38	55	-5.15145
39	54	-5.15145
5	58	5.14752
4	59	5.14752
70	99	-5.14671
71	98	-5.14671
4	57	5.14572
5	56	5.14572
56	77	5.14568
57	76	5.14568
26	41	5.13866
27	40	5.13866
29	54	5.13827
28	55	5.13827
5	66	5.13311
4	67	5.13311
40	95	-5.12491
41	94	-5.12491
80	87	5.12188
81	86	5.12188
3	30	5.11915
2	31	5.11915
2	95	5.11489
3	94	5.11489
67	92	5.10104
66	93	5.10104
75	84	-5.09402
74	85	-5.09402
22	77	-5.09372
23	76	-5.09372
20	95	5.09012
21	94	5.09012
7	66	5.08813
6	67	5.08813
16	29	5.08598
17	28	5.08598
32	41	5.07772
33	40	5.07772
48	59	5.07195
49	58	5.07195
73	82	-5.06962
72	83	-5.06962
23	48	-5.06807
22	49	-5.06807
23	68	5.06728
22	69	5.06728
24	51	5.06584
25	50	5.06584
69	90	5.06505
68	91	5.06505
76	83	-5.06311
77	82	-5.06311
10	41	-5.05506
11	40	-5.05506
21	76	-5.05462
20	77	-5.05462
50	89	5.05447
51	88	5.05447
13	56	5.05436
12	57	5.05436
22	67	-5.04969
23	66	-5.04969
30	67	-5.04579
31	66	-5.04579
14	75	5.04078
15	74	5.04078
44	97	-5.03954
45	96	-5.03954
15	26	5.0382
14	27	5.0382
53	54	5.03774
52	55	5.03774
49	96	-5.03651
48	97	-5.03651
45	82	-5.03154
44	83	-5.03154
75	82	-5.02795
74	83	-5.02795
41	64	5.0275
40	65	5.0275
40	73	5.02687
41	72	5.02687
76	85	-5.02565
77	84	-5.02565
12	81	5.02432
13	80	5.02432
1	70	-5.02376
0	71	-5.02376
59	78	5.02088
58	79	5.02088
18	23	-5.01735
19	22	-5.01735
70	73	-5.01018
71	72	-5.01018
27	94	-5.00664
26	95	-5.00664
9	82	5.00632
8	83	5.00632
57	86	5.00476
56	87	5.00476
8	97	5.00127
9	96	5.00127
10	77	-4.99885
11	76	-4.99885
70	81	-4.9948
71	80	-4.9948
47	56	4.99362
46	57	4.99362
64	67	4.99289
65	66	4.99289
68	95	4.98649
69	94	4.98649
8	27	-4.97919
9	26	-4.97919
31	68	4.97834
30	69	4.97834
81	84	-4.96201
80	85	-4.96201
32	81	4.96136
33	80	4.96136
78	97	-4.95989
79	96	-4.95989
77	80	4.959
76	81	4.959
7	56	4.95529
6	57	4.95529
11	48	-4.95435
10	49	-4.95435
8	77	-4.95345
9	76	-4.95345
2	91	4.95009
3	90	4.95009
35	88	4.94302
34	89	4.94302
73	86	4.93553
72	87	4.93553
23	78	-4.93549
22	79	-4.93549
19	30	-4.92961
18	31	-4.92961
12	83	-4.92916
13	82	-4.92916
31	76	-4.92826
30	77	-4.92826
31	48	-4.92286
30	49	-4.92286
10	67	-4.92264
11	66	-4.92264
7	14	4.92219
6	15	4.92219
89	98	-4.91592
88	99	-4.91592
40	81	4.913
41	80	4.913
9	88	4.91271
8	89	4.91271
36	67	4.91165
37	66	4.91165
1	88	-4.91158
0	89	-4.91158
13	84	-4.9103
12	85	-4.9103
67	76	4.9073
66	77	4.9073
37	40	4.90714
36	41	4.90714
0	61	-4.90352
1	60	-4.90352
41	78	4.90325
40	79	4.90325
13	22	-4.90275
12	23	-4.90275
21	90	4.90148
20	91	4.90148
77	96	-4.90036
76	97	-4.90036
41	74	4.89856
40	75	4.89856
41	48	4.89819
40	49	4.89819
10	19	-4.8968
11	18	-4.8968
12	21	-4.89461
13	20	-4.89461
4	85	-4.88876
5	84	-4.88876
18	87	4.88858
19	86	4.88858
66	95	-4.88424
67	94	-4.88424
73	96	-4.88252
72	97	-4.88252
46	67	4.88236
47	66	4.88236
64	91	-4.88135
65	90	-4.88135
53	88	4.87977
52	89	4.87977
18	45	4.87552
19	44	4.87552
90	99	-4.87467
91	98	-4.87467
20	27	-4.87398
21	26	-4.87398
60	99	-4.8719
61	98	-4.8719
55	92	-4.87001
54	93	-4.87001
16	33	-4.86734
17	32	-4.86734
91	92	-4.86516
90	93	-4.86516
17	86	-4.86479
16	87	-4.86479
80	83	-4.86341
81	82	-4.86341
43	54	4.86305
42	55	4.86305
13	66	4.86087
12	67	4.86087
1	28	-4.86076
0	29	-4.86076
1	90	-4.86074
0	91	-4.86074
1	38	4.85871
0	39	4.85871
37	90	-4.85674
36	91	-4.85674
9	84	4.84457
8	85	4.84457
84	87	-4.8437
85	86	-4.8437
45	80	4.84232
44	81	4.84232
5	82	-4.8421
4	83	-4.8421
25	52	4.83904
24	53	4.83904
50	71	4.83646
51	70	4.83646
27	58	4.8364
26	59	4.8364
27	70	-4.83407
26	71	-4.83407
74	97	-4.83323
75	96	-4.83323
45	54	-4.83039
44	55	-4.83039
58	75	4.82945
59	74	4.82945
70	75	-4.82504
71	74	-4.82504
11	78	-4.82483
10	79	-4.82483
29	98	-4.81417
28	99	-4.81417
39	52	-4.81157
38	53	-4.81157
39	98	4.81098
38	99	4.81098
11	12	-4.80796
10	13	-4.80796
46	85	-4.80686
47	84	-4.80686
53	60	4.8051
52	61	4.8051
45	50	-4.80454
44	51	-4.80454
31	78	-4.80344
30	79	-4.80344
34	71	4.80275
35	70	4.80275
16	37	-4.80089
17	36	-4.80089
57	92	4.79985
56	93	4.79985
44	73	4.79962
45	72	4.79962
32	57	4.7947
33	56	4.7947
47	82	-4.79353
46	83	-4.79353
53	86	-4.79125
52	87	-4.79125
89	92	-4.79056
88	93	-4.79056
62	81	-4.78924
63	80	-4.78924
65	88	-4.78833
64	89	-4.78833
55	68	4.77815
54	69	4.77815
15	18	4.77768
14	19	4.77768
42	67	-4.77658
43	66	-4.77658
40	51	-4.77559
41	50	-4.77559
9	12	-4.77523
8	13	-4.77523
9	48	-4.77503
8	49	-4.77503
63	72	-4.77298
62	73	-4.77298
33	90	-4.77195
32	91	-4.77195
12	97	-4.7714
13	96	-4.7714
54	99	-4.77124
55	98	-4.77124
16	65	-4.77022
17	64	-4.77022
34	67	-4.76445
35	66	-4.76445
32	53	-4.76371
33	52	-4.76371
36	89	-4.76286
37	88	-4.76286
45	90	-4.75438
44	91	-4.75438
32	73	4.75296
33	72	4.75296
30	71	4.75244
31	70	4.75244
35	44	-4.75212
34	45	-4.75212
15	72	4.75176
14	73	4.75176
55	64	-4.75175
54	65	-4.75175
20	49	-4.75058
21	48	-4.75058
3	76	-4.74933
2	77	-4.74933
12	31	-4.74896
13	30	-4.74896
37	60	-4.74374
36	61	-4.74374
84	93	-4.74335
85	92	-4.74335
22	75	-4.74186
23	74	-4.74186
24	27	-4.74004
25	26	-4.74004
7	58	4.73982
6	59	4.73982
42	57	-4.73979
43	56	-4.73979
86	91	-4.73672
87	90	-4.73672
35	40	-4.73434
34	41	-4.73434
51	60	4.73291
50	61	4.73291
71	78	-4.73112
70	79	-4.73112
37	38	4.73027
36	39	4.73027
60	65	-4.72892
61	64	-4.72892
42	91	4.72815
43	90	4.72815
18	95	-4.7274
19	94	-4.7274
1	54	-4.72508
0	55	-4.72508
55	70	4.7238
54	71	4.7238
18	63	-4.72328
19	62	-4.72328
18	43	-4.72235
19	42	-4.72235
23	72	-4.71408
22	73	-4.71408
51	92	-4.70877
50	93	-4.70877
80	97	-4.70658
81	96	-4.70658
51	66	-4.70635
50	67	-4.70635
62	91	4.70591
63	90	4.70591
34	87	-4.70014
35	86	-4.70014
77	94	-4.69919
76	95	-4.69919
38	65	4.6926
39	64	4.6926
5	40	4.69098
4	41	4.69098
23	70	4.69091
22	71	4.69091
8	57	-4.69059
9	56	-4.69059
28	53	4.68949
29	52	4.68949
82	87	-4.68853
83	86	-4.68853
19	32	4.68795
18	33	4.68795
49	94	-4.6874
48	95	-4.6874
65	80	4.68719
64	81	4.68719
62	75	-4.68378
63	74	-4.68378
41	98	4.68327
40	99	4.68327
37	54	-4.68045
36	55	-4.68045
28	37	-4.67976
29	36	-4.67976
37	80	4.67477
36	81	4.67477
23	46	-4.67461
22	47	-4.67461
48	71	-4.67305
49	70	-4.67305
18	25	-4.67118
19	24	-4.67118
7	84	-4.67038
6	85	-4.67038
34	57	-4.66872
35	56	-4.66872
10	29	4.66868
11	28	4.66868
34	61	4.66813
35	60	4.66813
71	94	4.66489
70	95	4.66489
7	86	4.66479
6	87	4.66479
75	86	4.66453
74	87	4.66453
69	76	-4.6641
68	77	-4.6641
5	96	-4.66239
4	97	-4.66239
24	49	-4.65841
25	48	-4.65841
21	82	4.65817
20	83	4.65817
55	62	4.65683
54	63	4.65683
25	56	-4.65461
24	57	-4.65461
21	46	-4.65385
20	47	-4.65385
87	96	-4.65374
86	97	-4.65374
50	87	-4.65203
51	86	-4.65203
33	84	-4.65138
32	85	-4.65138
29	64	-4.65116
28	65	-4.65116
1	68	-4.65099
0	69	-4.65099
29	76	-4.64943
28	77	-4.64943
50	65	-4.64928
51	64	-4.64928
9	78	-4.64835
8	79	-4.64835
33	34	-4.64788
32	35	-4.64788
10	75	-4.64781
11	74	-4.64781
3	54	4.64746
2	55	4.64746
34	93	-4.64664
35	92	-4.64664
57	64	4.64643
56	65	4.64643
81	92	4.64552
80	93	4.64552
34	65	-4.64338
35	64	-4.64338
60	93	-4.64217
61	92	-4.64217
3	26	-4.6418
2	27	-4.6418
30	73	-4.64126
31	72	-4.64126
31	74	-4.63963
30	75	-4.63963
46	97	-4.63866
47	96	-4.63866
36	53	-4.6372
37	52	-4.6372
5	22	-4.63716
4	23	-4.63716
39	76	4.63502
38	77	4.63502
41	76	4.63343
40	77	4.63343
62	67	-4.6331
63	66	-4.6331
7	70	-4.62905
6	71	-4.62905
51	56	-4.62864
50	57	-4.62864
17	44	-4.62755
16	45	-4.62755
11	72	-4.62592
10	73	-4.62592
17	92	-4.6233
16	93	-4.6233
3	12	-4.62252
2	13	-4.62252
42	85	4.62124
43	84	4.62124
26	43	-4.62076
27	42	-4.62076
20	97	4.6205
21	96	4.6205
25	78	-4.61892
24	79	-4.61892
44	75	4.6178
45	74	4.6178
38	51	-4.61748
39	50	-4.61748
93	96	-4.61664
92	97	-4.61664
25	66	-4.6147
24	67	-4.6147
34	37	-4.61465
35	36	-4.61465
6	63	-4.61141
7	62	-4.61141
32	89	-4.61076
33	88	-4.61076
50	85	4.6101
51	84	4.6101
34	85	4.60842
35	84	4.60842
5	70	-4.60776
4	71	-4.60776
43	72	-4.60629
42	73	-4.60629
69	98	-4.60576
68	99	-4.60576
54	87	-4.60549
55	86	-4.60549
23	28	4.60479
22	29	4.60479
6	83	-4.6039
7	82	-4.6039
71	90	4.60334
70	91	4.60334
21	78	-4.60333
20	79	-4.60333
32	51	-4.60242
33	50	-4.60242
82	93	-4.601
83	92	-4.601
36	51	-4.59973
37	50	-4.59973
32	55	-4.59915
33	54	-4.59915
53	80	-4.59838
52	81	-4.59838
53	64	-4.59826
52	65	-4.59826
19	58	4.59548
18	59	4.59548
0	3	-4.59462
1	2	-4.59462
25	76	-4.59186
24	77	-4.59186
44	89	-4.58943
45	88	-4.58943
11	70	4.58807
10	71	4.58807
79	94	-4.58662
78	95	-4.58662
11	46	-4.58409
10	47	-4.58409
52	67	-4.58327
53	66	-4.58327
12	41	4.58292
13	40	4.58292
1	16	-4.58074
0	17	-4.58074
33	60	-4.57921
32	61	-4.57921
35	38	-4.57903
34	39	-4.57903
16	71	4.57891
17	70	4.57891
67	98	4.57756
66	99	4.57756
7	40	4.5769
6	41	4.5769
33	38	4.57631
32	39	4.57631
40	47	4.57583
41	46	4.57583
17	98	-4.5741
16	99	-4.5741
1	20	-4.57313
0	21	-4.57313
62	79	-4.57256
63	78	-4.57256
40	43	-4.57022
41	42	-4.57022
51	98	-4.56966
50	99	-4.56966
42	71	4.5689
43	70	4.5689
42	83	4.56889
43	82	4.56889
1	40	4.56706
0	41	4.56706
15	38	4.56648
14	39	4.56648
10	39	-4.56459
11	38	-4.56459
59	72	4.56431
58	73	4.56431
43	86	-4.56192
42	87	-4.56192
36	57	4.56165
37	56	4.56165
8	47	-4.5606
9	46	-4.5606
12	69	-4.56047
13	68	-4.56047
39	92	4.55912
38	93	4.55912
12	29	-4.55863
13	28	-4.55863
29	50	4.55751
28	51	4.55751
25	84	4.55612
24	85	4.55612
1	24	-4.55406
0	25	-4.55406
16	25	4.55339
17	24	4.55339
4	11	-4.55084
5	10	-4.55084
42	79	-4.55063
43	78	-4.55063
12	39	4.54985
13	38	4.54985
65	84	-4.54926
64	85	-4.54926
42	75	-4.54843
43	74	-4.54843
73	92	4.54822
72	93	4.54822
9	18	-4.54813
8	19	-4.54813
1	50	-4.54694
0	51	-4.54694
40	55	-4.54683
41	54	-4.54683
5	62	-4.54626
4	63	-4.54626
14	21	-4.54574
15	20	-4.54574
86	89	-4.54543
87	88	-4.54543
2	49	-4.54431
3	48	-4.54431
22	81	-4.54334
23	80	-4.54334
30	47	-4.54287
31	46	-4.54287
3	98	-4.54184
2	99	-4.54184
63	86	-4.54177
62	87	-4.54177
29	92	-4.54158
28	93	-4.54158
7	44	4.5408
6	45	4.5408
18	93	4.54056
19	92	4.54056
25	82	4.54025
24	83	4.54025
42	49	-4.53919
43	48	-4.53919
13	94	-4.5381
12	95	-4.5381
7	32	4.53786
6	33	4.53786
50	83	4.53782
51	82	4.53782
26	69	-4.53721
27	68	-4.53721
3	82	4.53701
2	83	4.53701
40	59	4.53314
41	58	4.53314
34	83	4.5322
35	82	4.5322
13	24	-4.53106
12	25	-4.53106
55	58	-4.53026
54	59	-4.53026
2	97	4.52992
3	96	4.52992
24	75	-4.52913
25	74	-4.52913
20	55	4.52646
21	54	4.52646
34	99	-4.52614
35	98	-4.52614
50	97	4.52518
51	96	4.52518
26	45	4.52473
27	44	4.52473
39	58	4.52429
38	59	4.52429
15	28	-4.52396
14	29	-4.52396
32	43	-4.52262
33	42	-4.52262
53	70	4.52262
52	71	4.52262
21	84	4.52192
20	85	4.52192
65	72	4.52143
64	73	4.52143
59	96	-4.52129
58	97	-4.52129
5	30	-4.52107
4	31	-4.52107
25	72	-4.52099
24	73	-4.52099
25	36	-4.52067
24	37	-4.52067
11	60	4.51965
10	61	4.51965
42	81	-4.51928
43	80	-4.51928
1	34	-4.51671
0	35	-4.51671
8	91	4.51597
9	90	4.51597
16	69	4.51047
17	68	4.51047
31	80	-4.50958
30	81	-4.50958
23	38	-4.50948
22	39	-4.50948
33	82	-4.50947
32	83	-4.50947
28	33	-4.50914
29	32	-4.50914
44	53	-4.507
45	52	-4.507
28	35	4.50623
29	34	4.50623
56	63	-4.50548
57	62	-4.50548
15	56	4.50439
14	57	4.50439
21	98	-4.50425
20	99	-4.50425
15	80	4.50337
14	81	4.50337
72	95	-4.50143
73	94	-4.50143
52	73	-4.50055
53	72	-4.50055
32	75	4.49687
33	74	4.49687
49	62	-4.49686
48	63	-4.49686
29	30	4.49614
28	31	4.49614
4	9	-4.49497
5	8	-4.49497
44	79	4.49425
45	78	4.49425
32	63	-4.49391
33	62	-4.49391
61	76	-4.49342
60	77	-4.49342
35	96	4.49338
34	97	4.49338
14	83	-4.49312
15	82	-4.49312
24	99	-4.49258
25	98	-4.49258
10	81	-4.49174
11	80	-4.49174
25	32	-4.49161
24	33	-4.49161
58	83	-4.49109
59	82	-4.49109
9	74	-4.49094
8	75	-4.49094
17	66	-4.48956
16	67	-4.48956
7	68	-4.48925
6	69	-4.48925
33	96	-4.48897
32	97	-4.48897
59	84	-4.48732
58	85	-4.48732
36	73	4.48706
37	72	4.48706
15	84	-4.4865
14	85	-4.4865
0	67	4.4843
1	66	4.4843
5	20	-4.48182
4	21	-4.48182
60	87	-4.4811
61	86	-4.4811
2	47	-4.47906
3	46	-4.47906
19	34	-4.47795
18	35	-4.47795
19	64	4.47638
18	65	4.47638
25	64	-4.47567
24	65	-4.47567
49	68	-4.47432
48	69	-4.47432
37	42	-4.47418
36	43	-4.47418
14	97	-4.47411
15	96	-4.47411
43	96	4.47394
42	97	4.47394
24	87	-4.47169
25	86	-4.47169
42	45	-4.4715
43	44	-4.4715
74	95	-4.47061
75	94	-4.47061
29	58	-4.46819
28	59	-4.46819
27	62	-4.46809
26	63	-4.46809
38	87	4.4668
39	86	4.4668
29	94	4.46327
28	95	4.46327
6	93	4.46008
7	92	4.46008
36	85	-4.45852
37	84	-4.45852
42	65	-4.4578
43	64	-4.4578
3	6	-4.45707
2	7	-4.45707
14	61	-4.45705
15	60	-4.45705
3	78	-4.45596
2	79	-4.45596
17	20	4.45582
16	21	4.45582
23	60	4.45559
22	61	4.45559
47	68	-4.45389
46	69	-4.45389
78	87	4.45347
79	86	4.45347
4	25	-4.45299
5	24	-4.45299
4	45	4.45229
5	44	4.45229
31	44	-4.45134
30	45	-4.45134
6	97	-4.4512
7	96	-4.4512
14	55	-4.45053
15	54	-4.45053
14	41	4.44998
15	40	4.44998
56	59	4.44816
57	58	4.44816
81	94	-4.44781
80	95	-4.44781
19	52	-4.44765
18	53	-4.44765
24	47	-4.44689
25	46	-4.44689
44	59	4.44545
45	58	4.44545
52	93	-4.44537
53	92	-4.44537
2	17	4.44192
3	16	4.44192
6	23	-4.43469
7	22	-4.43469
7	8	-4.43401
6	9	-4.43401
59	92	4.43369
58	93	4.43369
47	70	-4.43338
46	71	-4.43338
24	97	4.43273
25	96	4.43273
59	70	-4.43264
58	71	-4.43264
21	56	-4.42939
20	57	-4.42939
19	36	4.42827
18	37	4.42827
20	59	-4.4276
21	58	-4.4276
13	60	-4.42597
12	61	-4.42597
44	49	4.42353
45	48	4.42353
22	25	4.42337
23	24	4.42337
3	4	-4.42301
2	5	-4.42301
59	60	-4.42225
58	61	-4.42225
63	88	4.41806
62	89	4.41806
26	87	4.41758
27	86	4.41758
65	82	-4.41601
64	83	-4.41601
69	82	4.41586
68	83	4.41586
24	41	-4.4158
25	40	-4.4158
5	68	-4.41544
4	69	-4.41544
9	72	-4.41512
8	73	-4.41512
15	22	-4.41373
14	23	-4.41373
4	43	-4.4135
5	42	-4.4135
64	97	-4.41303
65	96	-4.41303
4	87	4.41295
5	86	4.41295
44	61	-4.41157
45	60	-4.41157
68	97	4.41115
69	96	4.41115
81	98	4.40716
80	99	4.40716
31	38	-4.40668
30	39	-4.40668
68	79	-4.4063
69	78	-4.4063
6	65	4.40611
7	64	4.40611
3	84	4.40497
2	85	4.40497
29	86	-4.40203
28	87	-4.40203
14	89	-4.40175
15	88	-4.40175
58	89	-4.40157
59	88	-4.40157
6	11	-4.40002
7	10	-4.40002
24	55	4.39983
25	54	4.39983
0	43	-4.39894
1	42	-4.39894
21	74	-4.3983
20	75	-4.3983
75	92	4.3962
74	93	4.3962
70	89	4.39536
71	88	4.39536
24	71	4.39476
25	70	4.39476
44	95	-4.39446
45	94	-4.39446
18	21	-4.39369
19	20	-4.39369
24	81	-4.39369
25	80	-4.39369
28	47	-4.39314
29	46	-4.39314
8	41	-4.39238
9	40	-4.39238
16	81	-4.39178
17	80	-4.39178
23	44	-4.39143
22	45	-4.39143
55	66	-4.38507
54	67	-4.38507
53	56	-4.38351
52	57	-4.38351
0	53	-4.37946
1	52	-4.37946
18	51	-4.37681
19	50	-4.37681
42	93	-4.37672
43	92	-4.37672
70	77	-4.37618
71	76	-4.37618
14	67	4.3761
15	66	4.3761
34	73	-4.37606
35	72	-4.37606
39	94	-4.37597
38	95	-4.37597
22	59	-4.37571
23	58	-4.37571
38	47	4.3751
39	46	4.3751
6	37	4.37166
7	36	4.37166
53	98	-4.37084
52	99	-4.37084
9	66	-4.37084
8	67	-4.37084
13	70	-4.36949
12	71	-4.36949
7	30	-4.36903
6	31	-4.36903
41	52	-4.36883
40	53	-4.36883
42	99	-4.36882
43	98	-4.36882
62	71	4.36845
63	70	4.36845
31	58	-4.36705
30	59	-4.36705
17	40	-4.36679
16	41	-4.36679
31	60	4.36402
30	61	4.36402
43	76	-4.36339
42	77	-4.36339
3	74	-4.36277
2	75	-4.36277
15	30	-4.36165
14	31	-4.36165
42	89	4.36151
43	88	4.36151
46	63	-4.36145
47	62	-4.36145
46	95	-4.36094
47	94	-4.36094
37	62	-4.3608
36	63	-4.3608
11	24	4.35936
10	25	4.35936
1	80	4.35769
0	81	4.35769
41	90	-4.35645
40	91	-4.35645
27	28	-4.35609
26	29	-4.35609
10	15	-4.35542
11	14	-4.35542
5	94	-4.35444
4	95	-4.35444
6	99	4.35368
7	98	4.35368
49	86	4.35358
48	87	4.35358
36	69	-4.35324
37	68	-4.35324
52	75	-4.35105
53	74	-4.35105
24	31	4.35009
25	30	4.35009
59	80	4.34862
58	81	4.34862
59	90	-4.34838
58	91	-4.34838
24	93	-4.34699
25	92	-4.34699
61	94	4.34547
60	95	4.34547
68	75	-4.34475
69	74	-4.34475
35	80	-4.34418
34	81	-4.34418
25	44	-4.34271
24	45	-4.34271
8	81	-4.34228
9	80	-4.34228
15	70	-4.34131
14	71	-4.34131
64	69	-4.34117
65	68	-4.34117
62	85	4.34091
63	84	4.34091
0	9	-4.33947
1	8	-4.33947
39	44	4.33727
38	45	4.33727
58	99	4.33723
59	98	4.33723
59	94	-4.33563
58	95	-4.33563
37	82	-4.33521
36	83	-4.33521
14	45	4.33455
15	44	4.33455
59	66	4.33241
58	67	4.33241
8	15	-4.33216
9	14	-4.33216
29	48	-4.3317
28	49	-4.3317
37	96	-4.33066
36	97	-4.33066
12	43	-4.33058
13	42	-4.33058
6	53	-4.32937
7	52	-4.32937
15	92	4.32771
14	93	4.32771
65	74	4.3277
64	75	4.3277
10	59	-4.32672
11	58	-4.32672
6	21	-4.32523
7	20	-4.32523
2	15	-4.32521
3	14	-4.32521
6	43	-4.32368
7	42	-4.32368
62	65	-4.32181
63	64	-4.32181
27	38	4.31957
26	39	4.31957
26	35	-4.31813
27	34	-4.31813
15	68	-4.31804
14	69	-4.31804
42	47	-4.31479
43	46	-4.31479
40	63	-4.31367
41	62	-4.31367
10	45	-4.3125
11	44	-4.3125
22	43	4.31131
23	42	4.31131
56	99	4.31072
57	98	4.31072
0	7	4.30862
1	6	4.30862
29	44	-4.30851
28	45	-4.30851
4	93	4.30661
5	92	4.30661
20	37	-4.30632
21	36	-4.30632
47	60	-4.3058
46	61	-4.3058
1	58	4.30494
0	59	4.30494
52	69	4.30454
53	68	4.30454
2	57	-4.30412
3	56	-4.30412
14	91	-4.30392
15	90	-4.30392
38	49	4.3032
39	48	4.3032
6	95	-4.30188
7	94	-4.30188
3	36	-4.3015
2	37	-4.3015
45	46	4.30146
44	47	4.30146
33	78	4.30127
32	79	4.30127
2	19	-4.30115
3	18	-4.30115
68	85	4.29836
69	84	4.29836
67	90	-4.2974
66	91	-4.2974
69	92	-4.29721
68	93	-4.29721
17	72	-4.29497
16	73	-4.29497
13	62	-4.2926
12	63	-4.2926
45	62	-4.28993
44	63	-4.28993
62	83	4.2883
63	82	4.2883
11	88	4.28772
10	89	4.28772
36	75	4.28754
37	74	4.28754
14	95	-4.28726
15	94	-4.28726
69	80	-4.28527
68	81	-4.28527
61	62	4.28524
60	63	4.28524
16	57	-4.28425
17	56	-4.28425
3	72	-4.28385
2	73	-4.28385
3	64	-4.28349
2	65	-4.28349
35	74	-4.28183
34	75	-4.28183
5	32	4.28147
4	33	4.28147
8	99	-4.28111
9	98	-4.28111
31	42	4.2795
30	43	4.2795
3	80	-4.27495
2	81	-4.27495
15	98	4.2737
14	99	4.2737
21	64	-4.27358
20	65	-4.27358
50	73	-4.27311
51	72	-4.27311
62	77	-4.27289
63	76	-4.27289
20	73	-4.27185
21	72	-4.27185
68	73	-4.27161
69	72	-4.27161
72	99	4.26973
73	98	4.26973
54	85	4.26836
55	84	4.26836
55	56	-4.26702
54	57	-4.26702
17	18	-4.26624
16	19	-4.26624
6	25	-4.26514
7	24	-4.26514
76	89	-4.26462
77	88	-4.26462
26	33	4.26411
27	32	4.26411
8	55	4.26218
9	54	4.26218
79	92	4.26165
78	93	4.26165
53	84	4.26147
52	85	4.26147
84	99	-4.25973
85	98	-4.25973
12	89	-4.25516
13	88	-4.25516
1	14	4.25309
0	15	4.25309
3	52	4.25151
2	53	4.25151
18	69	-4.24937
19	68	-4.24937
11	42	4.24801
10	43	4.24801
34	79	-4.24722
35	78	-4.24722
6	89	-4.24696
7	88	-4.24696
38	63	-4.24681
39	62	-4.24681
59	64	4.24656
58	65	4.24656
27	50	-4.2465
26	51	-4.2465
47	88	-4.24569
46	89	-4.24569
50	59	-4.2445
51	58	-4.2445
25	90	4.23955
24	91	4.23955
50	81	-4.23875
51	80	-4.23875
9	58	-4.23816
8	59	-4.23816
0	57	4.23461
1	56	4.23461
29	78	-4.234
28	79	-4.234
3	92	-4.23129
2	93	-4.23129
22	89	4.2303
23	88	4.2303
3	58	-4.23025
2	59	-4.23025
58	69	-4.22892
59	68	-4.22892
60	71	4.22882
61	70	4.22882
27	60	-4.22837
26	61	-4.22837
54	97	4.22596
55	96	4.22596
53	78	-4.22509
52	79	-4.22509
30	87	-4.22474
31	86	-4.22474
35	48	-4.2244
34	49	-4.2244
30	51	4.22399
31	50	4.22399
27	92	4.22368
26	93	4.22368
9	24	4.22116
8	25	4.22116
25	94	4.22099
24	95	4.22099
48	61	-4.2209
49	60	-4.2209
7	54	-4.2186
6	55	-4.2186
87	94	-4.21785
86	95	-4.21785
4	29	-4.2175
5	28	-4.2175
0	73	4.21621
1	72	4.21621
32	49	4.21571
33	48	4.21571
56	69	-4.21466
57	68	-4.21466
51	68	4.21439
50	69	4.21439
63	96	4.21175
62	97	4.21175
20	53	4.21077
21	52	4.21077
36	59	4.20735
37	58	4.20735
46	55	-4.20722
47	54	-4.20722
31	34	4.20657
30	35	4.20657
13	44	4.20608
12	45	4.20608
38	79	4.20412
39	78	4.20412
54	83	4.2038
55	82	4.2038
33	68	-4.20236
32	69	-4.20236
22	51	4.20185
23	50	4.20185
62	93	-4.20115
63	92	-4.20115
5	52	-4.19981
4	53	-4.19981
29	62	4.19968
28	63	4.19968
50	75	-4.19954
51	74	-4.19954
4	65	4.19738
5	64	4.19738
47	92	4.19709
46	93	4.19709
23	34	4.19676
22	35	4.19676
18	99	4.19644
19	98	4.19644
52	83	4.19634
53	82	4.19634
43	60	4.19464
42	61	4.19464
16	85	4.1926
17	84	4.1926
48	93	4.19126
49	92	4.19126
17	58	-4.1906
16	59	-4.1906
9	16	4.19042
8	17	4.19042
20	93	-4.19039
21	92	-4.19039
0	85	-4.18623
1	84	-4.18623
5	54	-4.18486
4	55	-4.18486
44	77	4.18452
45	76	4.18452
42	95	4.18371
43	94	4.18371
23	86	-4.1832
22	87	-4.1832
5	88	-4.18301
4	89	-4.18301
5	38	4.17975
4	39	4.17975
20	25	4.17964
21	24	4.17964
63	68	4.1784
62	69	4.1784
97	98	-4.17837
96	99	-4.17837
64	79	4.17657
65	78	4.17657
50	79	-4.17624
51	78	-4.17624
20	67	-4.1753
21	66	-4.1753
89	94	4.17517
88	95	4.17517
30	89	4.17428
31	88	4.17428
46	87	4.17369
47	86	4.17369
1	62	-4.17311
0	63	-4.17311
41	88	-4.17279
40	89	-4.17279
51	94	4.17236
50	95	4.17236
38	71	-4.1723
39	70	-4.1723
74	99	4.17212
75	98	4.17212
26	53	-4.17179
27	52	-4.17179
20	81	-4.17071
21	80	-4.17071
82	99	-4.17043
83	98	-4.17043
15	24	-4.17019
14	25	-4.17019
14	65	4.16753
15	64	4.16753
4	61	-4.16698
5	60	-4.16698
52	97	4.16405
53	96	4.16405
49	52	-4.16382
48	53	-4.16382
17	74	-4.16348
16	75	-4.16348
34	69	4.16194
35	68	4.16194
30	93	-4.16144
31	92	-4.16144
4	35	-4.16132
5	34	-4.16132
5	98	4.16125
4	99	4.16125
15	50	-4.16061
14	51	-4.16061
20	41	-4.16007
21	40	-4.16007
3	32	-4.15917
2	33	-4.15917
48	51	-4.15893
49	50	-4.15893
38	43	-4.1589
39	42	-4.1589
20	33	-4.15619
21	32	-4.15619
62	99	-4.15558
63	98	-4.15558
11	50	4.15457
10	51	4.15457
5	36	4.15327
4	37	4.15327
29	82	4.1505
28	83	4.1505
6	17	-4.15039
7	16	-4.15039
60	79	-4.15027
61	78	-4.15027
56	91	-4.15015
57	90	-4.15015
7	60	-4.14905
6	61	-4.14905
2	51	4.14875
3	50	4.14875
7	34	-4.14804
6	35	-4.14804
7	28	-4.14721
6	29	-4.14721
54	81	-4.14697
55	80	-4.14697
27	64	4.14691
26	65	4.14691
34	95	4.14677
35	94	4.14677
11	34	4.14578
10	35	4.14578
29	70	4.14524
28	71	4.14524
33	94	-4.14452
32	95	-4.14452
0	19	4.14267
1	18	4.14267
63	94	4.14174
62	95	4.14174
3	62	4.14126
2	63	4.14126
55	72	-4.13971
54	73	-4.13971
36	79	4.13905
37	78	4.13905
23	62	4.13796
22	63	4.13796
10	87	-4.1377
11	86	-4.1377
15	36	4.137
14	37	4.137
15	16	-4.13572
14	17	-4.13572
31	62	4.13556
30	63	4.13556
92	95	-4.13318
93	94	-4.13318
55	74	-4.13165
54	75	-4.13165
69	86	-4.13119
68	87	-4.13119
31	32	-4.13076
30	33	-4.13076
28	97	4.13037
29	96	4.13037
18	55	-4.12845
19	54	-4.12845
33	58	4.12785
32	59	4.12785
16	83	4.12742
17	82	4.12742
0	75	4.12701
1	74	4.12701
11	62	4.12642
10	63	4.12642
12	55	-4.1261
13	54	-4.1261
80	91	-4.12449
81	90	-4.12449
22	93	-4.12335
23	92	-4.12335
85	90	4.12325
84	91	4.12325
0	5	4.12311
1	4	4.12311
34	59	-4.12296
35	58	-4.12296
5	50	-4.1189
4	51	-4.1189
58	87	4.11718
59	86	4.11718
0	97	-4.11624
1	96	-4.11624
46	99	4.11573
47	98	4.11573
28	43	4.11429
29	42	4.11429
28	75	-4.11376
29	74	-4.11376
20	51	4.11324
21	50	4.11324
27	36	4.11234
26	37	4.11234
48	65	4.11182
49	64	4.11182
0	83	-4.11169
1	82	-4.11169
80	89	-4.11164
81	88	-4.11164
53	94	4.11114
52	95	4.11114
38	83	-4.10984
39	82	-4.10984
17	96	4.10941
16	97	4.10941
7	90	-4.10844
6	91	-4.10844
2	35	4.1074
3	34	4.1074
8	71	4.10726
9	70	4.10726
9	36	-4.10658
8	37	-4.10658
48	89	-4.10592
49	88	-4.10592
2	67	-4.10551
3	66	-4.10551
67	88	-4.10415
66	89	-4.10415
12	87	4.1029
13	86	4.1029
2	41	-4.10201
3	40	-4.10201
77	90	-4.10195
76	91	-4.10195
6	51	-4.10156
7	50	-4.10156
8	53	4.10008
9	52	4.10008
77	86	4.09995
76	87	4.09995
12	91	-4.09882
13	90	-4.09882
45	68	-4.09705
44	69	-4.09705
25	58	-4.097
24	59	-4.097
1	46	4.09642
0	47	4.09642
9	62	4.09557
8	63	4.09557
74	89	-4.09523
75	88	-4.09523
23	32	-4.09286
22	33	-4.09286
46	91	-4.09234
47	90	-4.09234
54	79	-4.09217
55	78	-4.09217
78	89	-4.09205
79	88	-4.09205
2	87	-4.092
3	86	-4.092
39	96	-4.09024
38	97	-4.09024
29	84	4.08979
28	85	4.08979
7	38	4.08905
6	39	4.08905
13	92	4.08873
12	93	4.08873
32	47	4.08846
33	46	4.08846
21	34	4.08826
20	35	4.08826
8	65	-4.08589
9	64	-4.08589
2	25	4.08473
3	24	4.08473
10	91	4.08314
11	90	4.08314
34	77	-4.0822
35	76	-4.0822
35	46	-4.08158
34	47	-4.08158
11	92	-4.08108
10	93	-4.08108
36	49	4.08083
37	48	4.08083
20	87	-4.08068
21	86	-4.08068
39	74	4.08062
38	75	4.08062
16	79	-4.07943
17	78	-4.07943
52	59	-4.07867
53	58	-4.07867
61	82	4.07826
60	83	4.07826
72	91	-4.07601
73	90	-4.07601
46	65	4.07582
47	64	4.07582
91	96	4.07557
90	97	4.07557
82	91	4.07507
83	90	4.07507
46	51	-4.07466
47	50	-4.07466
60	75	-4.0742
61	74	-4.0742
54	77	-4.07383
55	76	-4.07383
73	88	-4.07097
72	89	-4.07097
27	88	-4.07076
26	89	-4.07076
12	35	-4.06867
13	34	-4.06867
78	99	4.06843
79	98	4.06843
31	64	-4.06703
30	65	-4.06703
14	33	4.06695
15	32	4.06695
31	52	4.0661
30	53	4.0661
15	34	-4.06602
14	35	-4.06602
60	97	4.06598
61	96	4.06598
17	26	-4.06563
16	27	-4.06563
10	33	-4.06526
11	32	-4.06526
18	29	-4.06519
19	28	-4.06519
47	52	-4.06513
46	53	-4.06513
15	86	4.06392
14	87	4.06392
14	63	-4.06384
15	62	-4.06384
49	54	-4.06363
48	55	-4.06363
65	94	-4.06206
64	95	-4.06206
39	84	-4.06159
38	85	-4.06159
28	57	-4.05997
29	56	-4.05997
66	69	-4.05994
67	68	-4.05994
9	42	4.05958
8	43	4.05958
18	91	-4.05932
19	90	-4.05932
22	91	4.05928
23	90	4.05928
2	45	-4.05743
3	44	-4.05743
25	88	4.05743
24	89	4.05743
40	61	-4.05717
41	60	-4.05717
0	13	4.05709
1	12	4.05709
4	17	-4.05675
5	16	-4.05675
5	90	-4.05564
4	91	-4.05564
41	68	-4.05337
40	69	-4.05337
15	42	-4.05303
14	43	-4.05303
36	95	-4.05137
37	94	-4.05137
13	98	4.05116
12	99	4.05116
24	69	4.05048
25	68	4.05048
51	76	-4.04969
50	77	-4.04969
77	92	4.04951
76	93	4.04951
16	49	-4.04938
17	48	-4.04938
13	50	-4.04927
12	51	-4.04927
8	93	-4.04893
9	92	-4.04893
0	77	4.04867
1	76	4.04867
11	52	4.04773
10	53	4.04773
18	39	4.04692
19	38	4.04692
16	95	4.04436
17	94	4.04436
39	56	4.04382
38	57	4.04382
22	65	-4.04347
23	64	-4.04347
21	44	-4.0429
20	45	-4.0429
23	52	4.04187
22	53	4.04187
14	53	-4.04182
15	52	-4.04182
13	52	-4.04179
12	53	-4.04179
31	36	-4.04157
30	37	-4.04157
36	47	4.04134
37	46	4.04134
61	80	-4.04122
60	81	-4.04122
61	84	4.04107
60	85	4.04107
1	78	4.03961
0	79	4.03961
28	73	-4.03955
29	72	-4.03955
53	76	-4.03938
52	77	-4.03938
1	10	-4.03837
0	11	-4.03837
74	91	-4.03715
75	90	-4.03715
30	55	4.03683
31	54	4.03683
21	62	4.03628
20	63	4.03628
13	32	4.0358
12	33	4.0358
16	77	-4.03515
17	76	-4.03515
33	76	4.03437
32	77	4.03437
31	90	4.03377
30	91	4.03377
60	67	-4.03248
61	66	-4.03248
76	99	4.03018
77	98	4.03018
55	94	4.03018
54	95	4.03018
8	33	-4.02988
9	32	-4.02988
90	95	4.02941
91	94	4.02941
26	55	-4.02886
27	54	-4.02886
39	40	4.02884
38	41	4.02884
28	81	-4.02874
29	80	-4.02874
49	98	4.02825
48	99	4.02825
24	39	-4.02761
25	38	-4.02761
8	51	4.02699
9	50	4.02699
10	55	4.02614
11	54	4.02614
22	55	4.0261
23	54	4.0261
38	67	4.02586
39	66	4.02586
61	72	-4.0251
60	73	-4.0251
84	89	4.02485
85	88	4.02485
12	17	-4.02476
13	16	-4.02476
42	59	-4.0245
43	58	-4.0245
29	40	-4.02442
28	41	-4.02442
1	22	-4.02418
0	23	-4.02418
24	29	4.02416
25	28	4.02416
56	89	-4.02396
57	88	-4.02396
56	61	-4.02374
57	60	-4.02374
58	63	-4.0235
59	62	-4.0235
20	71	4.02312
21	70	4.02312
88	97	4.02295
89	96	4.02295
18	61	-4.02176
19	60	-4.02176
22	37	-4.02116
23	36	-4.02116
82	89	4.02054
83	88	4.02054
10	65	-4.02025
11	64	-4.02025
11	98	-4.01888
10	99	-4.01888
21	42	4.01805
20	43	4.01805
8	45	-4.01679
9	44	-4.01679
19	88	-4.01679
18	89	-4.01679
38	73	4.01666
39	72	4.01666
26	99	4.01634
27	98	4.01634
13	64	4.01583
12	65	4.01583
25	60	4.01551
24	61	4.01551
28	67	-4.01487
29	66	-4.01487
8	35	4.01342
9	34	4.01342
69	70	4.01273
68	71	4.01273
16	31	4.01267
17	30	4.01267
23	98	-4.01267
22	99	-4.01267
1	48	4.01246
0	49	4.01246
11	16	4.0119
10	17	4.0119
39	80	4.01041
38	81	4.01041
79	90	-4.01012
78	91	-4.01012
49	90	-4.00876
48	91	-4.00876
11	36	-4.0077
10	37	-4.0077
0	31	-4.0073
1	30	-4.0073
3	70	4.00705
2	71	4.00705
17	46	-4.00593
16	47	-4.00593
9	86	-4.00584
8	87	-4.00584
42	69	4.00582
43	68	4.00582
1	94	-4.00563
0	95	-4.00563
30	99	-4.00531
31	98	-4.00531
64	77	4.00437
65	76	4.00437
27	90	-4.00358
26	91	-4.00358
0	27	4.0032
1	26	4.0032
12	37	4.00307
13	36	4.00307
17	22	4.00274
16	23	4.00274
36	77	4.00049
37	76	4.00049
3	42	4.00035
2	43	4.00035
95	98	-4.00002
94	99	-4.00002
0	98	2.99472
10	22	2.99428
2	68	2.99388
36	64	2.99294
82	84	2.99235
28	38	-2.9913
22	30	2.99004
48	78	2.98955
10	30	2.98918
28	60	2.98894
82	96	2.98786
32	86	2.98785
12	76	2.98779
14	58	2.98373
38	60	-2.98234
34	50	2.98122
30	94	2.98082
72	74	2.97611
84	96	2.97434
12	46	2.97212
56	84	-2.97091
32	36	2.96971
4	74	2.96971
74	78	2.96805
4	78	2.96699
72	80	2.96651
44	70	-2.96561
10	94	2.96495
26	48	2.96484
18	72	2.96113
32	64	2.96106
64	92	2.95752
56	66	2.95658
2	20	2.95507
4	46	2.95292
18	74	2.94952
22	94	2.94922
60	88	2.94864
44	92	2.94817
16	52	2.94765
48	76	2.94543
12	48	2.94452
56	82	-2.94423
88	90	2.93927
40	70	-2.93758
64	98	2.93664
2	8	2.93631
26	78	2.93556
18	78	2.93328
4	48	2.93294
46	48	2.93246
64	86	2.93142
46	78	2.9311
6	74	2.93078
20	68	2.92998
8	20	2.92969
36	86	2.92933
46	76	2.92824
36	98	2.92768
40	84	-2.92491
48	74	2.92333
6	72	2.92241
6	80	2.92077
0	36	2.91939
36	92	2.9179
0	64	2.91786
4	6	2.91683
54	90	2.91535
12	78	2.91209
92	98	2.9106
26	76	2.908
18	26	2.90799
72	78	2.90528
18	48	2.90442
40	56	2.90376
40	66	2.90315
74	80	2.90181
4	72	2.89847
76	78	2.89791
30	96	2.89717
28	88	2.89539
56	96	-2.89494
8	68	2.89464
24	42	2.88923
4	12	2.88484
40	96	-2.88462
66	84	-2.88453
40	82	-2.88211
38	88	-2.88139
44	86	2.8809
32	92	2.87768
18	80	2.8766
30	82	2.87654
66	70	-2.87536
44	64	2.87376
22	96	2.87338
18	66	2.87191
86	92	2.87106
22	82	2.87102
12	26	2.87094
20	28	2.86916
0	92	2.86875
46	74	2.86726
42	62	2.86676
18	56	2.86614
34	42	2.86597
8	10	2.86511
4	18	2.86475
60	90	2.86039
52	62	2.85381
28	68	2.85361
26	74	2.8508
94	96	2.85013
48	72	2.84509
32	44	2.84365
54	88	2.84257
14	46	2.84138
50	54	2.84093
70	92	-2.83721
4	76	2.83605
10	96	2.83544
2	28	2.83538
26	56	2.83437
6	78	2.8337
40	44	2.82915
8	22	2.82903
66	82	-2.82814
70	86	-2.8274
12	14	2.82725
60	68	2.82532
10	82	2.82406
20	38	-2.82266
4	26	2.82214
36	44	2.82151
32	98	2.81965
16	90	2.81959
26	46	2.81835
30	84	2.81531
22	84	2.80833
38	90	-2.80661
82	94	2.80578
6	18	2.80409
0	32	2.80364
12	74	2.80283
20	60	2.80243
4	80	2.80038
26	72	2.79524
2	60	2.79342
8	30	2.78896
34	52	2.78773
66	72	2.78653
38	68	-2.78507
28	90	2.78492
16	34	2.78414
42	50	2.78371
56	70	-2.78349
78	80	2.77887
6	46	2.77378
8	94	2.77333
66	96	-2.77326
74	76	2.77101
26	82	-2.77098
2	38	-2.76721
26	84	-2.76714
14	76	2.76309
34	54	2.76136
70	84	2.76118
32	70	-2.75868
86	98	2.75841
6	48	2.75595
10	84	2.75439
18	46	2.75303
68	88	2.75049
44	66	2.74816
64	70	-2.74798
46	72	2.7474
46	58	2.74526
44	98	2.7447
18	84	-2.74286
84	94	2.73976
66	80	2.7395
18	76	2.73291
0	86	2.73158
26	66	2.73031
16	50	2.7303
12	18	2.7293
56	72	2.72923
50	90	2.72807
12	58	2.72678
42	52	2.72023
48	56	2.71918
22	56	-2.71373
56	78	2.7133
66	74	2.70711
18	82	-2.70602
30	56	-2.7034
34	62	2.70339
48	80	2.69711
24	62	2.6968
22	26	-2.69667
50	52	2.69448
2	88	2.69352
66	86	2.69272
36	70	-2.69157
34	90	2.69074
70	82	2.68971
56	74	2.68927
0	44	2.68721
70	96	2.68525
26	96	-2.68111
4	14	2.67898
10	20	2.67875
12	72	2.67491
16	62	2.67327
66	78	2.67285
8	28	2.6704
54	60	2.66724
16	54	2.66675
58	76	2.65842
2	10	2.65556
6	12	2.65204
10	56	-2.6498
72	76	2.64927
20	22	2.64845
14	48	2.64764
48	66	2.64606
18	40	2.64311
20	88	2.64303
52	90	2.64175
26	80	2.6409
10	26	-2.6373
6	26	2.63476
40	92	2.63362
56	80	2.63319
16	88	2.63219
26	30	-2.62905
40	86	2.6284
14	78	2.6217
48	84	-2.62045
44	56	2.61854
30	40	-2.61586
48	82	-2.61497
18	96	-2.6104
16	38	-2.61013
56	94	-2.60869
24	34	2.60785
46	80	2.60722
2	22	2.60626
16	60	2.6053
8	38	-2.6023
8	60	2.59762
78	84	-2.59567
44	84	-2.59288
6	76	2.58969
32	66	2.58886
16	42	2.58827
10	68	2.58571
22	40	-2.58325
20	30	2.58199
50	62	2.58185
72	84	-2.5793
18	70	-2.57916
78	82	-2.57878
38	54	-2.57572
4	58	2.57376
70	98	-2.57335
4	56	2.57286
56	76	2.57284
26	40	2.56933
28	54	2.56913
4	66	2.56655
40	94	-2.56246
80	86	2.56094
2	30	2.55957
2	94	2.55744
66	92	2.55052
74	84	-2.54701
22	76	-2.54686
20	94	2.54506
6	66	2.54406
16	28	2.54299
32	40	2.53886
48	58	2.53597
72	82	-2.53481
22	48	-2.53404
22	68	2.53364
24	50	2.53292
68	90	2.53253
76	82	-2.53156
10	40	-2.52753
20	76	-2.52731
50	88	2.52724
12	56	2.52718
22	66	-2.52485
30	66	-2.5229
14	74	2.52039
44	96	-2.51977
14	26	2.5191
52	54	2.51887
48	96	-2.51826
44	82	-2.51577
74	82	-2.51398
40	64	2.51375
40	72	2.51344
76	84	-2.51283
12	80	2.51216
0	70	-2.51188
58	78	2.51044
18	22	-2.50868
70	72	-2.50509
26	94	-2.50332
8	82	2.50316
56	86	2.50238
8	96	2.50064
10	76	-2.49943
70	80	-2.4974
46	56	2.49681
64	66	2.49644
68	94	2.49325
8	26	-2.4896
30	68	2.48917
80	84	-2.48101
32	80	2.48068
78	96	-2.47994
76	80	2.4795
6	56	2.47765
10	48	-2.47717
8	76	-2.47672
2	90	2.47505
34	88	2.47151
72	86	2.46777
22	78	-2.46775
18	30	-2.4648
12	82	-2.46458
30	76	-2.46413
30	48	-2.46143
10	66	-2.46132
6	14	2.4611
88	98	-2.45796
40	80	2.4565
8	88	2.45636
36	66	2.45582
0	88	-2.45579
12	84	-2.45515
66	76	2.45365
36	40	2.45357
0	60	-2.45176
40	78	2.45162
12	22	-2.45137
20	90	2.45074
76	96	-2.45018
40	74	2.44928
40	48	2.44909
10	18	-2.4484
12	20	-2.4473
4	84	-2.44438
18	86	2.44429
66	94	-2.44212
72	96	-2.44126
46	66	2.44118
64	90	-2.44068
52	88	2.43988
18	44	2.43776
90	98	-2.43734
20	26	-2.43699
60	98	-2.43595
54	92	-2.435
16	32	-2.43367
90	92	-2.43258
16	86	-2.43239
80	82	-2.4317
42	54	2.43153
12	66	2.43043
0	28	-2.43038
0	90	-2.43037
0	38	2.42936
36	90	-2.42837
8	84	2.42229
84	86	-2.42185
44	80	2.42116
4	82	-2.42105
24	52	2.41952
50	70	2.41823
26	58	2.4182
26	70	-2.41703
74	96	-2.41661
44	54	-2.4152
58	74	2.41472
70	74	-2.41252
10	78	-2.41242
28	98	-2.40709
38	52	-2.40578
38	98	2.40549
10	12	-2.40398
46	84	-2.40343
52	60	2.40255
44	50	-2.40227
30	78	-2.40172
34	70	2.40137
16	36	-2.40045
56	92	2.39993
44	72	2.39981
32	56	2.39735
46	82	-2.39677
52	86	-2.39562
88	92	-2.39528
62	80	-2.39462
64	88	-2.39416
54	68	2.38907
14	18	2.38884
42	66	-2.38829
40	50	-2.3878
8	12	-2.38761
8	48	-2.38751
62	72	-2.38649
32	90	-2.38598
12	96	-2.3857
54	98	-2.38562
16	64	-2.38511
34	66	-2.38222
32	52	-2.38186
36	88	-2.38143
44	90	-2.37719
32	72	2.37648
30	70	2.37622
34	44	-2.37606
14	72	2.37588
54	64	-2.37588
20	48	-2.37529
2	76	-2.37466
12	30	-2.37448
36	60	-2.37187
84	92	-2.37168
22	74	-2.37093
24	26	-2.37002
6	58	2.36991
42	56	-2.3699
86	90	-2.36836
34	40	-2.36717
50	60	2.36645
70	78	-2.36556
36	38	2.36514
60	64	-2.36446
42	90	2.36408
18	94	-2.3637
0	54	-2.36254
54	70	2.3619
18	62	-2.36164
18	42	-2.36117
22	72	-2.35704
50	92	-2.35438
80	96	-2.35329
50	66	-2.35318
62	90	2.35296
34	86	-2.35007
76	94	-2.34959
38	64	2.3463
4	40	2.34549
22	70	2.34545
8	56	-2.3453
28	52	2.34474
82	86	-2.34426
18	32	2.34398
48	94	-2.3437
64	80	2.34359
62	74	-2.34189
40	98	2.34163
36	54	-2.34022
28	36	-2.33988
36	80	2.33739
22	46	-2.3373
48	70	-2.33653
18	24	-2.33559
6	84	-2.33519
34	56	-2.33436
10	28	2.33434
34	60	2.33407
70	94	2.33244
6	86	2.33239
74	86	2.33227
68	76	-2.33205
4	96	-2.33119
24	48	-2.3292
20	82	2.32909
54	62	2.32841
24	56	-2.32731
20	46	-2.32692
86	96	-2.32687
50	86	-2.32601
32	84	-2.32569
28	64	-2.32558
0	68	-2.3255
28	76	-2.32471
50	64	-2.32464
8	78	-2.32418
32	34	-2.32394
10	74	-2.3239
2	54	2.32373
34	92	-2.32332
56	64	2.32322
80	92	2.32276
34	64	-2.32169
60	92	-2.32108
2	26	-2.3209
30	72	-2.32063
30	74	-2.31981
46	96	-2.31933
36	52	-2.3186
4	22	-2.31858
38	76	2.31751
40	76	2.31671
62	66	-2.31655
6	70	-2.31452
50	56	-2.31432
16	44	-2.31378
10	72	-2.31296
16	92	-2.31165
2	12	-2.31126
42	84	2.31062
26	42	-2.31038
20	96	2.31025
24	78	-2.30946
44	74	2.3089
38	50	-2.30874
92	96	-2.30832
24	66	-2.30735
34	36	-2.30732
6	62	-2.3057
32	88	-2.30538
50	84	2.30505
34	84	2.30421
4	70	-2.30388
42	72	-2.30315
68	98	-2.30288
54	86	-2.30274
22	28	2.3024
6	82	-2.30195
70	90	2.30167
20	78	-2.30167
32	50	-2.30121
82	92	-2.3005
36	50	-2.29987
32	54	-2.29958
52	80	-2.29919
52	64	-2.29913
18	58	2.29774
0	2	-2.29731
24	76	-2.29593
44	88	-2.29471
10	70	2.29403
78	94	-2.29331
10	46	-2.29204
52	66	-2.29163
12	40	2.29146
0	16	-2.29037
32	60	-2.2896
34	38	-2.28952
16	70	2.28945
66	98	2.28878
6	40	2.28845
32	38	2.28816
40	46	2.28792
16	98	-2.28705
0	20	-2.28657
62	78	-2.28628
40	42	-2.28511
50	98	-2.28483
42	70	2.28445
42	82	2.28444
0	40	2.28353
14	38	2.28324
10	38	-2.2823
58	72	2.28215
42	86	-2.28096
36	56	2.28082
8	46	-2.2803
12	68	-2.28023
38	92	2.27956
12	28	-2.27932
28	50	2.27876
24	84	2.27806
0	24	-2.27703
16	24	2.2767
4	10	-2.27542
42	78	-2.27531
12	38	2.27493
64	84	-2.27463
42	74	-2.27421
72	92	2.27411
8	18	-2.27407
0	50	-2.27347
40	54	-2.27341
4	62	-2.27313
14	20	-2.27287
86	88	-2.27272
2	48	-2.27216
22	80	-2.27167
30	46	-2.27143
2	98	-2.27092
62	86	-2.27088
28	92	-2.27079
6	44	2.2704
18	92	2.27028
24	82	2.27013
42	48	-2.2696
12	94	-2.26905
6	32	2.26893
50	82	2.26891
26	68	-2.26861
2	82	2.2685
40	58	2.26657
34	82	2.2661
12	24	-2.26553
54	58	-2.26513
2	96	2.26496
24	74	-2.26457
20	54	2.26323
34	98	-2.26307
50	96	2.26259
26	44	2.26237
38	58	2.26215
14	28	-2.26198
32	42	-2.26131
52	70	2.26131
20	84	2.26096
64	72	2.26071
58	96	-2.26065
4	30	-2.26054
24	72	-2.26049
24	36	-2.26034
10	60	2.25982
42	80	-2.25964
0	34	-2.25835
8	90	2.25798
16	68	2.25523
30	80	-2.25479
22	38	-2.25474
32	82	-2.25474
28	32	-2.25457
44	52	-2.2535
28	34	2.25311
56	62	-2.25274
14	56	2.2522
20	98	-2.25213
14	80	2.25169
72	94	-2.25072
52	72	-2.25028
32	74	2.24844
48	62	-2.24843
28	30	2.24807
4	8	-2.24748
44	78	2.24712
32	62	-2.24695
60	76	-2.24671
34	96	2.24669
14	82	-2.24656
24	98	-2.24629
10	80	-2.24587
24	32	-2.2458
58	82	-2.24555
8	74	-2.24547
16	66	-2.24478
6	68	-2.24463
32	96	-2.24449
58	84	-2.24366
36	72	2.24353
14	84	-2.24325
0	66	2.24215
4	20	-2.24091
60	86	-2.24055
2	46	-2.23953
18	34	-2.23897
18	64	2.23819
24	64	-2.23784
48	68	-2.23716
36	42	-2.23709
14	96	-2.23705
42	96	2.23697
24	86	-2.23585
42	44	-2.23575
74	94	-2.23531
28	58	-2.23409
26	62	-2.23404
38	86	2.2334
28	94	2.23163
6	92	2.23004
36	84	-2.22926
42	64	-2.2289
2	6	-2.22853
14	60	-2.22853
2	78	-2.22798
16	20	2.22791
22	60	2.2278
46	68	-2.22695
78	86	2.22674
4	24	-2.2265
4	44	2.22615
30	44	-2.22567
6	96	-2.2256
14	54	-2.22527
14	40	2.22499
56	58	2.22408
80	94	-2.22391
18	52	-2.22382
24	46	-2.22344
44	58	2.22272
52	92	-2.22269
2	16	2.22096
6	22	-2.21734
6	8	-2.21701
58	92	2.21684
46	70	-2.21669
24	96	2.21636
58	70	-2.21632
20	56	-2.21469
18	36	2.21413
20	58	-2.2138
12	60	-2.21299
44	48	2.21177
22	24	2.21169
2	4	-2.2115
58	60	-2.21113
62	88	2.20903
26	86	2.20879
64	82	-2.20801
68	82	2.20793
24	40	-2.2079
4	68	-2.20772
8	72	-2.20756
14	22	-2.20686
4	42	-2.20675
64	96	-2.20652
4	86	2.20648
44	60	-2.20579
68	96	2.20558
80	98	2.20358
30	38	-2.20334
68	78	-2.20315
6	64	2.20306
2	84	2.20249
28	86	-2.20101
14	88	-2.20088
58	88	-2.20079
6	10	-2.20001
24	54	2.19991
0	42	-2.19947
20	74	-2.19915
74	92	2.1981
70	88	2.19768
24	70	2.19738
44	94	-2.19723
18	20	-2.19685
24	80	-2.19684
28	46	-2.19657
8	40	-2.19619
16	80	-2.19589
22	44	-2.19571
54	66	-2.19254
52	56	-2.19175
0	52	-2.18973
18	50	-2.1884
42	92	-2.18836
70	76	-2.18809
14	66	2.18805
34	72	-2.18803
38	94	-2.18798
22	58	-2.18785
38	46	2.18755
6	36	2.18583
52	98	-2.18542
8	66	-2.18542
12	70	-2.18474
6	30	-2.18451
40	52	-2.18442
42	98	-2.18441
62	70	2.18422
30	58	-2.18352
16	40	-2.1834
30	60	2.18201
42	76	-2.18169
2	74	-2.18138
14	30	-2.18082
42	88	2.18075
46	62	-2.18073
46	94	-2.18047
36	62	-2.1804
10	24	2.17968
0	80	2.17885
40	90	-2.17823
26	28	-2.17804
10	14	-2.17771
4	94	-2.17722
6	98	2.17684
48	86	2.17679
36	68	-2.17662
52	74	-2.17553
24	30	2.17505
58	80	2.17431
58	90	-2.17419
24	92	-2.17349
60	94	2.17274
68	74	-2.17237
34	80	-2.17209
24	44	-2.17135
8	80	-2.17114
14	70	-2.17066
64	68	-2.17058
62	84	2.17045
0	8	-2.16974
38	44	2.16863
58	98	2.16861
58	94	-2.16782
36	82	-2.16761
14	44	2.16727
58	66	2.1662
8	14	-2.16608
28	48	-2.16585
36	96	-2.16533
12	42	-2.16529
6	52	-2.16468
14	92	2.16386
64	74	2.16385
10	58	-2.16336
6	20	-2.16262
2	14	-2.1626
6	42	-2.16184
62	64	-2.1609
26	38	2.15978
26	34	-2.15907
14	68	-2.15902
42	46	-2.1574
40	62	-2.15683
10	44	-2.15625
22	42	2.15565
56	98	2.15536
0	6	2.15431
28	44	-2.15425
4	92	2.15331
20	36	-2.15316
46	60	-2.1529
0	58	2.15247
52	68	2.15227
2	56	-2.15206
14	90	-2.15196
38	48	2.1516
6	94	-2.15094
2	36	-2.15075
44	46	2.15073
32	78	2.15064
2	18	-2.15058
68	84	2.14918
66	90	-2.1487
68	92	-2.14861
16	72	-2.14748
12	62	-2.1463
44	62	-2.14496
62	82	2.14415
10	88	2.14386
36	74	2.14377
14	94	-2.14363
68	80	-2.14263
60	62	2.14262
16	56	-2.14213
2	72	-2.14193
2	64	-2.14175
34	74	-2.14092
4	32	2.14074
8	98	-2.14056
30	42	2.13975
2	80	-2.13748
14	98	2.13685
20	64	-2.13679
50	72	-2.13656
62	76	-2.13645
20	72	-2.13593
68	72	-2.1358
72	98	2.13487
54	84	2.13418
54	56	-2.13351
16	18	-2.13312
6	24	-2.13257
76	88	-2.13231
26	32	2.13205
8	54	2.13109
78	92	2.13082
52	84	2.13074
84	98	-2.12987
12	88	-2.12758
0	14	2.12654
2	52	2.12576
18	68	-2.12469
10	42	2.12401
34	78	-2.12361
6	88	-2.12348
38	62	-2.1234
58	64	2.12328
26	50	-2.12325
46	88	-2.12285
50	58	-2.12225
24	90	2.11978
50	80	-2.11938
8	58	-2.11908
0	56	2.1173
28	78	-2.117
2	92	-2.11564
22	88	2.11515
2	58	-2.11513
58	68	-2.11446
60	70	2.11441
26	60	-2.11419
54	96	2.11298
52	78	-2.11254
30	86	-2.11237
34	48	-2.1122
30	50	2.11199
26	92	2.11184
8	24	2.11058
24	94	2.11049
48	60	-2.11045
6	54	-2.1093
86	94	-2.10892
4	28	-2.10875
0	72	2.1081
32	48	2.10785
56	68	-2.10733
50	68	2.1072
62	96	2.10587
20	52	2.10538
36	58	2.10368
46	54	-2.10361
30	34	2.10329
12	44	2.10304
38	78	2.10206
54	82	2.1019
32	68	-2.10118
22	50	2.10092
62	92	-2.10058
4	52	-2.09991
28	62	2.09984
50	74	-2.09977
4	64	2.09869
46	92	2.09855
22	34	2.09838
18	98	2.09822
52	82	2.09817
42	60	2.09732
16	84	2.0963
48	92	2.09563
16	58	-2.0953
8	16	2.09521
20	92	-2.0952
0	84	-2.09311
4	54	-2.09243
44	76	2.09226
42	94	2.09186
22	86	-2.0916
4	88	-2.09151
4	38	2.08988
20	24	2.08982
62	68	2.0892
96	98	-2.08919
64	78	2.08829
50	78	-2.08812
20	66	-2.08765
88	94	2.08759
30	88	2.08714
46	86	2.08684
0	62	-2.08655
40	88	-2.08639
50	94	2.08618
38	70	-2.08615
74	98	2.08606
26	52	-2.0859
20	80	-2.08535
82	98	-2.08521
14	24	-2.08509
14	64	2.08376
4	60	-2.08349
52	96	2.08202
48	52	-2.08191
16	74	-2.08174
34	68	2.08097
30	92	-2.08072
4	34	-2.08066
4	98	2.08063
14	50	-2.08031
20	40	-2.08003
2	32	-2.07959
48	50	-2.07946
38	42	-2.07945
20	32	-2.0781
62	98	-2.07779
10	50	2.07728
4	36	2.07663
28	82	2.07525
6	16	-2.0752
60	78	-2.07514
56	90	-2.07508
6	60	-2.07453
2	50	2.07437
6	34	-2.07402
6	28	-2.0736
54	80	-2.07349
26	64	2.07345
34	94	2.07338
10	34	2.07289
28	70	2.07262
32	94	-2.07226
0	18	2.07134
62	94	2.07087
2	62	2.07063
54	72	-2.06985
36	78	2.06953
22	62	2.06898
10	86	-2.06885
14	36	2.0685
14	16	-2.06786
30	62	2.06778
92	94	-2.06659
54	74	-2.06582
68	86	-2.0656
30	32	-2.06538
28	96	2.06519
18	54	-2.06422
32	58	2.06393
16	82	2.06371
0	74	2.0635
10	62	2.06321
12	54	-2.06305
80	90	-2.06225
22	92	-2.06168
84	90	2.06163
0	4	2.06155
34	58	-2.06148
4	50	-2.05945
58	86	2.05859
0	96	-2.05812
46	98	2.05787
28	42	2.05714
28	74	-2.05688
20	50	2.05662
26	36	2.05617
48	64	2.05591
0	82	-2.05585
80	88	-2.05582
52	94	2.05557
38	82	-2.05492
16	96	2.0547
6	90	-2.05422
2	34	2.0537
8	70	2.05363
8	36	-2.05329
48	88	-2.05296
2	66	-2.05276
66	88	-2.05208
12	86	2.05145
2	40	-2.051
76	90	-2.05097
6	50	-2.05078
8	52	2.05004
76	86	2.04998
12	90	-2.04941
44	68	-2.04852
24	58	-2.0485
0	46	2.04821
8	62	2.04779
74	88	-2.04762
22	32	-2.04643
46	90	-2.04617
54	78	-2.04609
78	88	-2.04603
2	86	-2.046
38	96	-2.04512
28	84	2.0449
6	38	2.04452
12	92	2.04437
32	46	2.04423
20	34	2.04413
8	64	-2.04294
2	24	2.04237
10	90	2.04157
34	76	-2.0411
34	46	-2.04079
10	92	-2.04054
36	48	2.04042
20	86	-2.04034
38	74	2.04031
16	78	-2.03972
52	58	-2.03934
60	82	2.03913
72	90	-2.038
46	64	2.03791
90	96	2.03778
82	90	2.03754
46	50	-2.03733
60	74	-2.0371
54	76	-2.03692
72	88	-2.03549
26	88	-2.03538
12	34	-2.03433
78	98	2.03422
30	64	-2.03351
14	32	2.03347
30	52	2.03305
14	34	-2.03301
60	96	2.03299
16	26	-2.03281
10	32	-2.03263
18	28	-2.0326
46	52	-2.03257
14	86	2.03196
14	62	-2.03192
48	54	-2.03181
64	94	-2.03103
38	84	-2.0308
28	56	-2.02998
66	68	-2.02997
8	42	2.02979
18	90	-2.02966
22	90	2.02964
2	44	-2.02872
24	88	2.02871
40	60	-2.02858
0	12	2.02854
4	16	-2.02837
4	90	-2.02782
40	68	-2.02669
14	42	-2.02652
36	94	-2.02568
12	98	2.02558
24	68	2.02524
50	76	-2.02485
76	92	2.02475
16	48	-2.02469
12	50	-2.02463
8	92	-2.02446
0	76	2.02433
10	52	2.02386
18	38	2.02346
16	94	2.02218
38	56	2.02191
22	64	-2.02174
20	44	-2.02145
22	52	2.02094
14	52	-2.02091
12	52	-2.0209
30	36	-2.02078
36	46	2.02067
60	80	-2.02061
60	84	2.02053
0	78	2.0198
28	72	-2.01978
52	76	-2.01969
0	10	-2.01918
74	90	-2.01857
30	54	2.01841
20	62	2.01814
12	32	2.0179
16	76	-2.01758
32	76	2.01719
30	90	2.01689
60	66	-2.01624
76	98	2.01509
54	94	2.01509
8	32	-2.01494
90	94	2.0147
26	54	-2.01443
38	40	2.01442
28	80	-2.01437
48	98	2.01413
24	38	-2.01381
8	50	2.01349
10	54	2.01307
22	54	2.01305
38	66	2.01293
60	72	-2.01255
84	88	2.01242
12	16	-2.01238
42	58	-2.01225
28	40	-2.01221
0	22	-2.01209
24	28	2.01208
56	88	-2.01198
56	60	-2.01187
58	62	-2.01175
20	70	2.01156
88	96	2.01148
18	60	-2.01088
22	36	-2.01058
82	88	2.01027
10	64	-2.01013
10	98	-2.00944
20	42	2.00902
8	44	-2.0084
18	88	-2.00839
38	72	2.00833
26	98	2.00817
12	64	2.00791
24	60	2.00776
28	66	-2.00744
8	34	2.00671
68	70	2.00637
16	30	2.00633
22	98	-2.00633
0	48	2.00623
10	16	2.00595
38	80	2.00521
78	90	-2.00506
48	90	-2.00438
10	36	-2.00385
0	30	-2.00365
2	70	2.00353
16	46	-2.00296
8	86	-2.00292
42	68	2.00291
0	94	-2.00282
30	98	-2.00266
64	76	2.00219
26	90	-2.00179
0	26	2.0016
12	36	2.00154
16	22	2.00137
36	76	2.00025
2	42	2.00017
94	98	-2.00001
