37	41	11.9987
3	53	11.9956
27	37	11.9895
9	59	11.984
27	41	11.9826
19	23	11.9793
71	87	11.9611
17	65	11.9507
5	91	11.9455
47	89	11.9444
49	61	11.9409
31	97	11.9364
65	75	11.9298
13	41	11.9219
23	65	11.9218
21	97	11.9189
51	89	11.9142
13	37	11.912
13	27	11.9092
9	57	11.8937
77	89	11.8902
13	81	11.8871
35	87	11.8805
23	75	11.8794
15	45	11.8785
31	91	11.8766
19	53	11.8755
5	31	11.8688
75	79	11.866
51	77	11.854
45	51	11.8526
57	59	11.8499
3	19	11.8494
19	75	11.8445
7	35	-11.8428
23	53	11.8396
19	65	11.8355
3	23	11.8284
5	97	11.8282
93	99	11.8248
7	69	11.8124
31	63	11.804
47	51	11.8037
17	75	11.7992
39	45	11.795
35	71	11.7926
39	51	11.7916
1	17	11.7841
17	25	11.779
17	23	11.7752
63	85	11.7682
83	95	11.7383
33	41	11.7369
21	31	11.736
91	97	11.7263
31	85	11.724
35	69	-11.7236
33	37	11.7085
39	99	11.7078
33	57	11.7072
7	71	-11.7069
1	65	11.7031
11	85	11.6898
1	75	11.6896
47	77	11.6875
1	79	11.6831
85	97	11.6805
25	65	11.6759
15	47	11.6707
7	87	-11.6694
29	55	11.6691
45	89	11.6691
45	47	11.6657
63	91	11.6644
9	67	11.66
21	85	11.645
65	79	11.6442
41	81	11.6329
17	19	11.6327
27	81	11.6257
37	81	11.6137
57	67	11.6112
15	51	11.6015
13	33	11.6001
27	33	11.594
23	25	11.5906
29	85	11.5872
3	65	11.5772
53	65	11.5765
63	97	11.5719
35	53	-11.5649
5	21	11.5595
29	63	11.5241
15	89	11.5234
23	79	11.5225
59	67	11.5102
3	25	11.5074
3	35	-11.5071
19	79	11.5064
7	15	11.4901
17	79	11.4897
19	69	11.4876
39	77	11.4871
53	75	11.483
5	63	11.4772
11	21	11.4709
25	83	11.4666
15	69	11.4647
17	83	11.4632
39	89	11.463
3	75	11.4528
33	67	11.4482
45	77	11.4427
25	53	11.4425
11	73	-11.4414
21	73	-11.438
67	81	11.4324
19	25	11.4248
43	55	11.4224
53	69	11.4051
29	43	11.4016
3	17	11.3894
51	99	11.3891
15	39	11.3882
21	91	11.3794
1	23	11.3707
17	53	11.368
25	95	11.3604
77	99	11.3587
13	67	11.349
9	33	11.3408
1	83	11.3383
25	75	11.3348
19	35	-11.3139
69	87	-11.3125
85	91	11.3121
3	69	11.3097
43	63	11.296
21	63	11.295
23	69	11.2876
39	47	11.2802
5	59	11.274
33	81	11.2624
5	85	11.261
69	71	-11.243
53	87	-11.238
11	97	11.232
1	25	11.223
1	19	11.2164
33	59	11.2088
11	49	-11.2004
3	87	-11.1947
11	29	11.1919
47	69	11.1673
69	75	11.1461
29	61	-11.1441
65	83	11.1396
41	67	11.137
39	93	11.1367
23	35	-11.124
15	77	11.1142
45	99	11.114
7	53	11.1058
11	31	11.0916
37	67	11.0811
5	9	11.0717
55	61	-11.0707
89	99	11.0336
41	57	11.032
59	91	11.0232
11	63	11.0155
3	7	11.0129
73	97	-11.0027
29	49	-10.9978
25	49	10.9814
29	31	10.9811
7	19	10.9798
37	57	10.9779
53	79	10.976
11	61	-10.9757
27	67	10.9706
13	57	10.9693
77	93	10.9655
7	45	10.964
69	79	10.958
53	71	-10.9544
25	61	10.9462
17	95	10.9429
45	69	10.9369
3	79	10.9216
65	69	10.9139
15	35	-10.9043
3	71	-10.8993
73	85	-10.8932
3	61	10.8473
19	87	-10.8241
5	57	10.8204
7	47	10.8204
27	57	10.8053
9	91	10.8044
51	93	10.7944
75	83	10.7866
25	79	10.7762
69	89	10.7709
59	97	10.7658
23	83	10.7536
29	97	10.7521
43	85	10.7429
7	23	10.7423
57	81	10.7396
53	61	10.7371
49	55	-10.7364
1	53	10.7291
1	3	10.729
55	63	10.7283
35	75	-10.7119
55	85	10.6805
49	95	10.6798
47	99	10.6777
15	71	-10.672
31	59	10.667
49	85	-10.6485
35	65	-10.6471
21	29	10.641
9	13	10.6409
23	87	-10.6298
3	49	10.6182
31	73	-10.613
9	41	10.6088
65	95	10.5922
51	69	10.5916
47	79	10.5886
29	91	10.5721
61	85	-10.5676
31	43	10.5644
19	71	-10.5545
5	11	10.5505
9	37	10.5472
9	97	10.5421
17	69	10.5362
9	81	10.5352
15	87	-10.531
1	95	10.5202
21	59	10.5201
43	91	10.5132
19	83	10.5061
49	53	10.4969
11	91	10.4928
15	99	10.4883
57	91	10.4746
89	93	10.4647
7	89	10.4539
7	75	10.4503
79	83	10.4364
9	31	10.4303
7	51	10.4281
13	59	10.4197
57	97	10.4157
41	59	10.4118
9	27	10.376
61	95	10.3685
45	93	10.3659
3	83	10.3507
37	59	10.3502
25	35	-10.35
5	73	-10.3425
23	71	-10.3405
5	29	10.3368
11	55	10.317
23	95	10.3122
9	21	10.3089
35	79	-10.3059
17	35	-10.3021
59	81	10.2964
15	19	10.295
53	83	10.2881
21	57	10.2877
23	61	10.2831
47	75	10.2787
7	65	10.2752
35	47	-10.2705
55	87	10.2608
35	45	-10.2539
79	89	10.2438
25	69	10.2372
19	47	10.2277
31	57	10.2082
61	87	-10.1901
19	61	10.188
3	95	10.1829
7	79	10.1818
1	69	10.1763
27	59	10.1733
43	97	10.1586
17	61	10.1502
7	39	10.1412
75	87	-10.1392
69	77	10.1375
17	49	10.1339
5	43	10.1294
23	49	10.1281
63	73	-10.1262
65	87	-10.1204
75	95	10.1172
15	53	10.1118
15	79	10.1113
61	65	10.1044
49	83	10.1032
39	69	10.0967
53	95	10.092
15	75	10.0715
19	95	10.0707
35	61	-10.07
45	71	-10.0669
55	71	10.0661
73	91	-10.0648
15	23	10.0526
49	73	10.0523
47	93	10.0366
61	63	-10.0273
49	65	10.0223
49	63	-10.0141
23	47	10.014
19	49	9.99621
25	87	-9.99619
3	15	9.98863
5	67	9.98689
31	55	9.95949
59	63	9.94722
29	73	-9.9463
43	61	-9.93319
7	17	9.91385
11	43	9.90071
61	83	9.89767
45	87	-9.88719
71	75	-9.8825
3	55	-9.8711
75	89	9.87107
61	71	-9.86765
5	33	9.86396
31	93	-9.86045
21	49	-9.86042
7	77	9.84785
35	89	-9.84458
21	43	9.84086
63	93	-9.83569
47	71	-9.83234
91	99	-9.83184
65	71	-9.83152
5	99	-9.82885
47	53	9.81939
51	79	9.81794
47	65	9.81433
7	25	9.81369
53	55	-9.80631
49	87	-9.80347
17	87	-9.80289
35	55	9.79664
31	99	-9.792
93	97	-9.78981
91	93	-9.78913
19	89	9.77717
85	93	-9.77039
77	79	9.76489
47	87	-9.76146
45	79	9.7558
5	93	-9.75286
97	99	-9.74019
15	65	9.73872
35	51	-9.73848
45	59	-9.72948
79	87	-9.72681
67	91	9.72515
35	49	-9.7173
19	45	9.71603
9	45	-9.71385
1	35	-9.7074
61	73	9.7073
9	63	9.7061
59	85	9.70333
11	95	-9.70065
3	47	9.69482
15	93	9.69403
61	75	9.69035
43	49	-9.68767
25	71	-9.68564
5	39	-9.68537
55	97	9.68364
9	15	-9.67574
31	49	-9.67485
15	57	-9.67037
39	59	-9.6663
49	97	-9.66426
21	93	-9.663
21	61	-9.65418
15	59	-9.64869
45	57	-9.64579
51	59	-9.63155
63	99	-9.62971
1	47	9.62554
39	91	-9.62181
45	75	9.61372
51	57	-9.61289
55	91	9.61272
79	95	9.61146
9	39	-9.60707
47	57	-9.59351
9	51	-9.59038
59	73	-9.58534
33	69	-9.58169
21	99	-9.57956
31	61	-9.57835
57	73	-9.57732
21	55	9.57662
15	67	-9.57627
7	67	-9.5747
23	89	9.57468
49	75	9.56908
57	89	-9.5605
35	81	9.55598
41	69	-9.55317
21	77	-9.55082
33	97	9.54669
37	69	-9.54135
13	69	-9.53319
71	79	-9.52584
33	47	-9.52
21	33	9.51932
17	71	-9.51856
13	35	9.5163
61	97	-9.51559
51	75	9.51411
5	51	-9.51169
33	91	9.50944
27	69	-9.50453
49	71	-9.50199
23	45	9.5013
77	97	-9.50097
7	81	-9.49115
85	99	-9.49016
81	87	9.48806
27	53	-9.48647
45	53	9.47746
19	51	9.47644
19	27	-9.47573
71	89	-9.47471
17	47	9.47367
9	85	9.47241
45	67	-9.47057
15	33	-9.46856
1	7	9.46375
51	71	-9.46363
59	89	-9.46069
19	37	-9.46018
3	27	-9.45844
31	39	-9.45669
39	57	-9.45461
39	97	-9.45099
37	53	-9.45094
9	73	-9.44531
25	55	-9.44493
19	41	-9.4447
7	13	-9.44342
5	77	-9.44329
47	59	-9.44317
29	93	-9.44315
41	53	-9.43775
9	47	-9.43724
59	99	-9.43685
57	63	9.43682
9	89	-9.43123
57	77	-9.42741
67	97	9.42427
15	17	9.42264
71	81	9.42068
33	89	-9.42011
3	37	-9.41679
69	81	-9.41518
65	89	9.41074
11	93	-9.40909
35	41	9.40497
13	53	-9.40203
3	41	-9.40185
35	39	-9.40122
23	27	-9.39891
51	97	-9.39648
35	37	9.39282
67	69	-9.39026
27	35	9.38624
7	33	-9.38497
5	45	-9.38252
1	61	9.37922
69	83	9.37899
87	89	-9.37705
23	37	-9.37478
53	89	9.37304
59	77	-9.36865
3	13	-9.36863
57	69	-9.36827
11	25	-9.3682
1	49	9.36401
3	45	9.36212
9	99	-9.35638
23	41	-9.35493
1	43	-9.34881
35	67	9.34663
51	91	-9.34643
21	51	-9.3437
25	29	-9.34188
61	69	9.3405
33	51	-9.33929
3	29	-9.33683
5	55	9.33635
7	61	9.33391
7	41	-9.33202
31	77	-9.33192
75	77	9.33166
1	15	9.33142
67	71	9.33112
1	89	9.32957
57	85	9.32829
13	87	9.32785
51	87	-9.32433
7	57	-9.3187
31	67	9.31677
29	87	9.31634
33	45	-9.3143
9	77	-9.3139
7	37	-9.30908
13	19	-9.30852
73	77	9.30635
31	33	9.30325
5	89	-9.2892
39	71	-9.28606
45	65	9.28249
31	51	-9.28221
21	39	-9.28074
23	51	9.27862
39	67	-9.27624
23	55	-9.27607
19	55	-9.27352
7	9	-9.27246
21	89	-9.27198
73	95	9.27009
7	27	-9.2699
33	35	9.26761
53	81	-9.26585
77	91	-9.26202
67	87	9.26
33	77	-9.25781
3	89	9.25657
43	93	-9.2549
35	83	-9.2521
89	97	-9.24954
29	53	-9.24814
39	79	9.2453
21	67	9.24311
51	67	-9.24246
45	91	-9.24057
27	75	-9.23806
3	81	-9.2365
35	77	-9.23544
37	75	-9.23311
41	47	-9.22743
13	71	9.22713
59	93	-9.22393
81	93	-9.22391
57	99	-9.22356
13	15	-9.22081
37	47	-9.21384
41	75	-9.21259
1	87	-9.20781
19	33	-9.20551
15	81	-9.20451
13	23	-9.20173
9	69	-9.19623
35	95	-9.19557
27	65	-9.18867
19	77	9.18671
11	59	9.18108
15	41	-9.17368
7	55	-9.1723
55	73	-9.17114
49	91	-9.17055
47	67	-9.17011
7	59	-9.16755
37	65	-9.1634
27	47	-9.15619
69	99	9.15512
9	93	-9.1551
15	37	-9.14615
51	53	9.14506
41	65	-9.13854
39	63	-9.13837
41	87	9.13778
13	47	-9.13359
33	73	-9.13014
45	97	-9.12458
27	87	9.12394
41	89	-9.12383
7	99	9.12329
37	87	9.12265
51	65	9.11802
37	89	-9.11111
17	89	9.1103
1	45	9.10576
29	71	9.10387
5	47	-9.10382
33	53	-9.10334
59	69	-9.10263
39	87	-9.09784
67	89	-9.09608
89	91	-9.09086
61	91	-9.08982
55	65	-9.08807
11	99	-9.08713
23	33	-9.08442
31	89	-9.08075
15	27	-9.08021
5	49	-9.07405
19	81	-9.07343
61	79	9.07304
49	69	9.07193
1	51	9.07171
57	93	-9.07093
13	93	-9.06514
27	89	-9.06213
31	45	-9.05974
45	81	-9.0585
37	79	-9.05662
69	95	9.05595
7	83	9.05175
73	93	9.05122
15	25	9.05073
33	75	-9.0502
67	99	-9.04924
17	55	-9.0487
13	89	-9.04843
5	15	-9.04743
17	45	9.04458
13	45	-9.04421
3	33	-9.04419
27	79	-9.04213
85	95	-9.0404
41	79	-9.03857
39	75	9.03784
21	47	-9.03543
7	49	9.0354
3	51	9.03536
77	85	-9.03137
13	51	-9.03109
87	95	-9.03042
29	95	-9.02867
41	51	-9.02742
33	39	-9.02497
81	99	-9.02142
41	71	9.02135
47	97	-9.01947
35	57	9.01612
23	77	9.01562
41	77	-9.01553
43	73	-9.01536
29	99	-9.00851
37	51	-9.00838
73	89	9.00821
37	77	-9.00771
21	45	-9.00411
17	27	-9.0037
19	39	9.00334
43	87	9.00147
37	71	9.00105
11	83	-9.0006
33	79	-8.9987
9	11	8.99485
17	43	-8.99032
27	71	8.98935
13	75	-8.98748
1	71	-8.98333
41	45	-8.98194
43	79	-8.98181
27	77	-8.98066
5	41	8.97949
33	87	8.979
29	35	8.979
25	27	-8.97738
51	81	-8.97435
67	93	-8.97099
43	83	-8.97093
17	37	-8.97056
7	95	8.96987
39	85	-8.96664
5	61	-8.96413
47	81	-8.96206
13	77	-8.96075
27	51	-8.96071
49	79	8.95983
71	77	-8.95674
23	81	-8.95617
1	77	8.9553
37	45	-8.95478
11	57	8.95379
17	41	-8.94295
33	71	8.93857
13	65	-8.93827
39	81	-8.93744
5	37	8.93554
71	95	-8.93402
73	99	8.93346
43	99	-8.9323
67	77	-8.93191
39	83	8.93032
55	69	-8.92884
63	77	-8.92623
51	73	8.92386
83	87	-8.9238
55	75	-8.92229
25	43	-8.92085
11	77	-8.91374
25	37	-8.91233
3	11	-8.9089
9	35	8.90853
65	77	8.90696
27	93	-8.90598
15	83	8.90553
81	89	-8.90205
1	39	8.90166
47	91	-8.90104
43	65	-8.90065
5	13	8.89499
27	45	-8.89494
25	47	8.89109
13	99	-8.88792
33	65	-8.88616
55	93	-8.88369
3	43	-8.8835
25	41	-8.88248
15	91	-8.8805
41	93	-8.87934
43	71	8.87735
17	51	8.87511
37	93	-8.87186
25	85	-8.86667
33	99	-8.86143
51	63	-8.86117
23	39	8.85558
45	83	8.85331
31	47	-8.85299
43	75	-8.85166
13	39	-8.84995
1	55	-8.84826
77	87	-8.84803
23	29	-8.84769
77	81	-8.84124
51	85	-8.84052
33	93	-8.83937
17	29	-8.8383
29	83	-8.83791
43	53	-8.83697
83	91	-8.83245
9	71	8.83243
57	71	8.8312
63	83	-8.82671
63	95	-8.82353
53	77	8.81693
79	99	8.81431
11	53	-8.81163
53	67	-8.80618
83	99	8.79953
47	73	8.7961
5	27	8.78908
35	59	8.78802
19	29	-8.78739
57	87	8.78537
15	97	-8.7846
71	83	-8.78235
91	95	-8.7795
39	65	8.77853
13	79	-8.77693
23	43	-8.77234
29	65	-8.77111
13	25	-8.76603
29	59	8.76026
55	95	-8.75977
39	53	8.75845
67	73	-8.75335
3	67	-8.75279
5	81	8.75012
43	59	8.74806
19	67	-8.74428
13	17	-8.74416
21	95	-8.74334
9	87	8.74137
39	41	-8.74103
19	57	-8.73909
41	99	-8.73763
63	67	8.73452
27	99	-8.7267
37	99	-8.72335
41	91	8.72302
3	77	8.72176
31	95	-8.72013
37	39	-8.7176
59	71	8.71513
55	79	-8.7075
1	99	8.70736
39	73	8.70585
41	97	8.7033
19	43	-8.69896
85	89	-8.69889
15	31	-8.69834
39	95	8.69519
83	85	-8.69449
15	21	-8.69392
75	81	-8.69375
49	93	8.68919
21	41	8.68713
37	91	8.68611
47	83	8.68362
55	83	-8.68159
27	39	-8.68123
1	27	-8.67988
17	33	-8.67854
17	39	8.67778
17	77	8.67272
15	95	8.67198
3	39	8.67171
1	37	-8.671
65	81	-8.66936
37	97	8.66748
33	63	8.66642
25	45	8.66282
45	63	-8.66222
95	97	-8.66212
83	93	8.66193
25	63	-8.66033
35	43	8.66022
13	91	8.65612
21	37	8.65458
63	89	-8.65454
11	17	-8.65091
1	29	-8.65046
1	41	-8.64736
61	93	8.64189
53	57	-8.64068
5	95	-8.63402
33	85	8.63104
57	79	-8.62997
59	87	8.62196
45	95	8.62123
61	81	-8.61827
57	75	-8.61724
23	67	-8.61646
23	57	-8.61213
11	51	-8.61048
11	39	-8.60935
5	83	-8.60471
31	83	-8.60297
3	85	-8.59984
43	95	-8.59816
27	61	-8.59671
9	29	8.59033
25	73	8.59026
13	97	8.59012
9	43	8.58955
51	83	8.58729
25	81	-8.58705
1	63	-8.5807
3	57	-8.57885
95	99	8.57597
13	61	-8.57258
25	89	8.57222
45	73	8.56666
27	91	8.5641
11	89	-8.5625
45	85	-8.5551
69	93	8.55442
11	23	-8.55423
81	91	8.55078
67	85	8.54962
35	99	-8.54813
13	21	8.54545
29	75	-8.54371
75	99	8.53947
27	97	8.53895
31	41	8.53828
73	83	8.53569
1	93	8.53162
11	87	8.53152
21	27	8.52839
11	65	-8.52525
53	85	-8.5251
1	33	-8.52486
9	19	-8.52145
55	81	8.51987
83	89	8.51406
93	95	8.51066
37	61	-8.51026
31	37	8.5061
7	93	8.5042
25	33	-8.50061
17	81	-8.4951
1	91	-8.49392
41	61	-8.49129
79	93	8.49005
67	75	-8.48492
27	49	-8.47701
79	81	-8.47623
41	73	-8.47606
47	85	-8.46588
11	19	-8.4655
7	29	-8.4636
55	99	-8.45845
13	31	8.45745
37	73	-8.45693
71	99	-8.45569
29	57	8.45516
9	53	-8.4547
57	65	-8.45052
17	63	-8.44682
47	63	-8.44557
11	33	8.44547
19	59	-8.4425
49	81	-8.44126
29	39	-8.43494
85	87	8.43438
81	97	8.43242
83	97	-8.43079
25	51	8.43014
39	43	-8.42964
13	49	-8.42399
1	13	-8.42166
9	23	-8.41377
9	75	-8.41266
9	79	-8.41145
43	57	8.40978
65	67	-8.40884
59	95	-8.4038
59	83	-8.40264
3	9	-8.40048
29	77	-8.39807
27	31	8.39599
37	49	-8.39477
3	63	-8.39404
19	99	8.39289
17	85	-8.38905
11	71	8.38817
59	79	-8.38707
11	35	8.37946
27	83	-8.37588
41	49	-8.37484
67	79	-8.37312
9	95	-8.37235
15	73	8.37223
9	83	-8.36921
59	75	-8.3667
21	81	8.36585
25	31	-8.36551
53	59	-8.36205
27	73	-8.36042
17	99	8.35737
21	83	-8.35618
65	99	8.35577
21	25	-8.35093
29	69	-8.35059
25	39	8.35012
11	47	-8.34739
67	95	-8.34504
31	81	8.345
23	59	-8.34497
43	77	-8.34399
37	83	-8.34352
5	7	-8.34265
29	79	-8.34141
87	99	-8.34086
5	69	-8.33965
15	61	8.3383
53	63	-8.33765
63	87	8.3342
15	63	-8.33083
13	55	8.32684
51	95	8.32627
41	83	-8.32296
25	91	-8.32221
23	99	8.32016
77	83	8.31724
49	99	8.31683
13	73	-8.31627
63	65	-8.31489
3	59	-8.31165
11	45	-8.307
71	85	8.30211
17	57	-8.30088
47	95	8.29998
1	5	-8.29806
9	65	-8.29733
23	85	-8.29639
67	83	-8.29423
11	67	8.29079
27	95	-8.29078
25	97	-8.28978
17	67	-8.28854
17	91	-8.2874
65	85	-8.28722
7	43	-8.28558
1	31	-8.27813
1	11	-8.27564
35	85	8.2675
1	85	-8.26696
29	51	-8.26525
11	75	-8.26453
15	85	-8.26291
61	99	8.26183
25	67	-8.26027
43	69	-8.26012
1	57	-8.25722
59	65	-8.25442
37	95	-8.24575
27	55	8.24227
75	93	8.23883
19	85	-8.23878
25	77	8.23755
63	71	8.23738
43	51	-8.23571
23	63	-8.23093
41	95	-8.22765
7	91	-8.22659
1	59	-8.22406
79	91	-8.22329
63	79	-8.21911
15	55	-8.21835
9	17	-8.21772
1	9	-8.21669
13	83	-8.21301
69	91	-8.20831
43	89	-8.20658
55	59	8.20392
15	49	8.20162
29	81	8.20137
63	75	-8.20095
89	95	8.19945
1	81	-8.19739
69	97	-8.19672
53	99	8.19581
37	55	8.19564
17	93	8.19397
17	59	-8.19383
41	55	8.19043
3	73	8.18887
5	25	-8.18604
73	81	-8.1833
13	95	-8.18319
5	79	-8.18089
21	69	-8.18006
17	31	-8.17733
33	83	-8.16794
41	63	8.1678
65	91	-8.16755
19	63	-8.16677
17	73	8.16234
35	63	8.16215
57	83	-8.16152
71	73	-8.16145
29	89	-8.16135
7	97	-8.1593
1	67	-8.15784
81	95	-8.15279
3	99	8.15162
37	63	8.15147
35	93	-8.15068
25	57	-8.15049
41	85	8.14928
43	47	-8.14888
47	61	8.14717
53	73	8.14438
5	17	-8.14343
33	61	-8.14249
75	91	-8.14195
65	93	8.14064
3	21	-8.13741
49	59	-8.13696
73	87	-8.13626
57	95	-8.13607
37	85	8.13436
25	99	8.13102
9	55	8.13087
33	43	8.13054
13	63	8.13044
3	31	-8.12533
31	69	-8.12246
1	97	-8.1214
75	85	-8.12089
29	45	-8.12006
43	67	8.11893
77	95	8.11882
73	79	8.11851
81	83	-8.1184
7	31	-8.11832
13	85	8.11647
25	93	8.11478
9	25	-8.11308
7	21	-8.11274
43	45	-8.10708
55	67	8.10684
21	53	-8.10623
49	77	8.10606
29	67	8.10543
11	15	-8.10417
13	29	8.10403
63	81	8.10199
5	35	8.09979
11	41	8.09921
71	93	-8.09879
31	79	-8.09826
27	63	8.09703
19	93	8.09676
3	97	-8.09608
65	73	8.0956
11	37	8.09318
29	33	8.09295
31	53	-8.09262
5	75	-8.09045
25	59	-8.08998
31	87	8.08936
27	85	8.08898
7	11	-8.08519
33	49	-8.08477
31	65	-8.08471
23	73	8.0837
45	61	8.08314
11	69	-8.08229
79	97	-8.08211
61	67	-8.08146
21	79	-8.08092
5	71	8.08054
59	61	-8.07984
81	85	8.07895
39	55	-8.07874
17	97	-8.07587
47	49	8.075
11	27	8.07489
9	49	-8.07397
23	93	8.07367
5	65	-8.07285
53	97	-8.07034
55	57	8.06795
33	95	-8.06344
27	29	8.06328
11	13	8.06294
61	77	8.06217
23	91	-8.06065
17	21	-8.05966
87	93	-8.05879
7	85	-8.05807
43	81	8.05765
49	57	-8.0576
69	73	8.05732
55	77	-8.05669
11	79	-8.05598
5	87	8.05583
87	97	8.05288
31	71	8.05247
27	43	8.0518
19	73	8.05123
71	91	8.05109
61	89	8.04917
37	43	8.04888
29	47	-8.04886
7	73	8.04687
47	55	-8.04597
35	97	8.04583
73	75	8.04388
57	61	-8.04374
21	87	8.04278
41	43	8.04244
31	35	8.04244
69	85	-8.04214
87	91	8.04107
35	91	8.04061
45	55	-8.0404
31	75	-8.04034
29	37	8.03782
79	85	-8.03639
9	61	-8.03637
29	41	8.0361
3	91	-8.03588
23	31	-8.03525
19	91	-8.03357
21	35	8.03306
7	63	-8.03285
15	29	-8.0328
21	23	-8.03125
1	21	-8.0311
39	49	8.03025
1	73	8.02971
19	21	-8.02751
49	89	8.02734
71	97	8.02659
35	73	-8.02651
11	81	8.02646
5	19	-8.02643
45	49	8.02612
51	61	8.02608
49	67	-8.02403
5	23	-8.02109
65	97	-8.02062
21	65	-8.02062
53	91	-8.01996
33	55	8.01859
49	51	8.01697
21	71	8.01122
19	31	-8.0111
53	93	8.01044
39	61	8.0097
75	97	-8.0095
23	97	-8.0094
21	75	-8.00882
51	55	-8.00867
13	43	8.00863
15	43	-8.00862
19	97	-8.00574
3	5	-8.00497
63	69	-8.00488
3	93	8.00263
55	89	-8.00262
5	53	-8.00125
90	91	6
22	23	6
96	97	6
84	85	6
36	37	6
16	17	6
86	87	6
34	35	6
92	93	6
66	67	6
54	55	6
82	83	6
24	25	6
30	31	6
94	95	6
28	29	6
88	89	6
26	27	6
32	33	6
50	51	6
64	65	6
56	57	6
18	19	6
58	59	6
48	49	6
46	47	6
74	75	6
60	61	6
62	63	6
68	69	6
38	39	6
76	77	6
78	79	6
44	45	6
42	43	6
72	73	6
52	53	6
80	81	6
40	41	6
70	71	6
20	21	6
14	15	6
0	1	6
98	99	6
6	7	6
12	13	6
10	11	6
8	9	6
2	3	6
4	5	6
37	40	5.99936
36	41	5.99936
2	53	5.99781
3	52	5.99781
26	37	5.99475
27	36	5.99475
8	59	5.992
9	58	5.992
26	41	5.99129
27	40	5.99129
19	22	5.98965
18	23	5.98965
70	87	5.98056
71	86	5.98056
16	65	5.97537
17	64	5.97537
5	90	5.97273
4	91	5.97273
46	89	5.97221
47	88	5.97221
48	61	5.97044
49	60	5.97044
30	97	5.96818
31	96	5.96818
64	75	5.96491
65	74	5.96491
12	41	5.96096
13	40	5.96096
22	65	5.96088
23	64	5.96088
20	97	5.95947
21	96	5.95947
50	89	5.95712
51	88	5.95712
12	37	5.95599
13	36	5.95599
13	26	5.95462
12	27	5.95462
8	57	5.94686
9	56	5.94686
76	89	5.94512
77	88	5.94512
12	81	5.94355
13	80	5.94355
34	87	5.94026
35	86	5.94026
22	75	5.9397
23	74	5.9397
15	44	5.93924
14	45	5.93924
31	90	5.93828
30	91	5.93828
19	52	5.93775
18	53	5.93775
5	30	5.9344
4	31	5.9344
74	79	5.93301
75	78	5.93301
51	76	5.92702
50	77	5.92702
45	50	5.92631
44	51	5.92631
56	59	5.92495
57	58	5.92495
2	19	5.92469
3	18	5.92469
19	74	5.92227
18	75	5.92227
6	35	-5.92142
7	34	-5.92142
22	53	5.91982
23	52	5.91982
19	64	5.91774
18	65	5.91774
2	23	5.91419
3	22	5.91419
5	96	5.91409
4	97	5.91409
92	99	5.91241
93	98	5.91241
7	68	5.90622
6	69	5.90622
31	62	5.90202
30	63	5.90202
46	51	5.90183
47	50	5.90183
17	74	5.89958
16	75	5.89958
39	44	5.89751
38	45	5.89751
34	71	5.89632
35	70	5.89632
39	50	5.89582
38	51	5.89582
0	17	5.89206
1	16	5.89206
16	25	5.88952
17	24	5.88952
16	23	5.88762
17	22	5.88762
63	84	5.88408
62	85	5.88408
83	94	5.86916
82	95	5.86916
32	41	5.86844
33	40	5.86844
20	31	5.86799
21	30	5.86799
90	97	5.86313
91	96	5.86313
31	84	5.86201
30	85	5.86201
35	68	-5.86178
34	69	-5.86178
32	37	5.85425
33	36	5.85425
38	99	5.8539
39	98	5.8539
33	56	5.85362
32	57	5.85362
7	70	-5.85343
6	71	-5.85343
0	65	5.85157
1	64	5.85157
10	85	5.84491
11	84	5.84491
0	75	5.84481
1	74	5.84481
46	77	5.84375
47	76	5.84375
0	79	5.84153
1	78	5.84153
84	97	5.84023
85	96	5.84023
24	65	5.83796
25	64	5.83796
14	47	5.83535
15	46	5.83535
6	87	-5.8347
7	86	-5.8347
28	55	5.83456
29	54	5.83456
44	89	5.83454
45	88	5.83454
45	46	5.83284
44	47	5.83284
63	90	5.8322
62	91	5.8322
8	67	5.83002
9	66	5.83002
21	84	5.82251
20	85	5.82251
64	79	5.82208
65	78	5.82208
41	80	5.81645
40	81	5.81645
17	18	5.81635
16	19	5.81635
27	80	5.81283
26	81	5.81283
36	81	5.80687
37	80	5.80687
57	66	5.80561
56	67	5.80561
15	50	5.80075
14	51	5.80075
12	33	5.80004
13	32	5.80004
26	33	5.79699
27	32	5.79699
22	25	5.79532
23	24	5.79532
29	84	5.79358
28	85	5.79358
2	65	5.78862
3	64	5.78862
52	65	5.78824
53	64	5.78824
62	97	5.78594
63	96	5.78594
35	52	-5.78245
34	53	-5.78245
5	20	5.77973
4	21	5.77973
29	62	5.76204
28	63	5.76204
15	88	5.76172
14	89	5.76172
22	79	5.76126
23	78	5.76126
59	66	5.75509
58	67	5.75509
2	25	5.75371
3	24	5.75371
3	34	-5.75353
2	35	-5.75353
18	79	5.7532
19	78	5.7532
6	15	5.74503
7	14	5.74503
16	79	5.74487
17	78	5.74487
19	68	5.74382
18	69	5.74382
39	76	5.74353
38	77	5.74353
53	74	5.74148
52	75	5.74148
4	63	5.73861
5	62	5.73861
11	20	5.73546
10	21	5.73546
24	83	5.73331
25	82	5.73331
14	69	5.73233
15	68	5.73233
17	82	5.73161
16	83	5.73161
39	88	5.73151
38	89	5.73151
2	75	5.72641
3	74	5.72641
33	66	5.72412
32	67	5.72412
45	76	5.72137
44	77	5.72137
24	53	5.72123
25	52	5.72123
11	72	-5.72071
10	73	-5.72071
21	72	-5.71901
20	73	-5.71901
67	80	5.71618
66	81	5.71618
19	24	5.71241
18	25	5.71241
42	55	5.71119
43	54	5.71119
52	69	5.70254
53	68	5.70254
29	42	5.70081
28	43	5.70081
2	17	5.6947
3	16	5.6947
50	99	5.69453
51	98	5.69453
14	39	5.69411
15	38	5.69411
21	90	5.68972
20	91	5.68972
0	23	5.68537
1	22	5.68537
17	52	5.68402
16	53	5.68402
25	94	5.68019
24	95	5.68019
77	98	5.67933
76	99	5.67933
13	66	5.67448
12	67	5.67448
8	33	5.6704
9	32	5.6704
1	82	5.66915
0	83	5.66915
25	74	5.66741
24	75	5.66741
19	34	-5.65694
18	35	-5.65694
68	87	-5.65627
69	86	-5.65627
84	91	5.65604
85	90	5.65604
2	69	5.65483
3	68	5.65483
43	62	5.64801
42	63	5.64801
21	62	5.64752
20	63	5.64752
23	68	5.64382
22	69	5.64382
39	46	5.64008
38	47	5.64008
4	59	5.63702
5	58	5.63702
32	81	5.63121
33	80	5.63121
5	84	5.63052
4	85	5.63052
68	71	-5.62149
69	70	-5.62149
53	86	-5.619
52	87	-5.619
10	97	5.61601
11	96	5.61601
0	25	5.61151
1	24	5.61151
0	19	5.60819
1	18	5.60819
33	58	5.6044
32	59	5.6044
11	48	-5.60022
10	49	-5.60022
3	86	-5.59735
2	87	-5.59735
11	28	5.59594
10	29	5.59594
47	68	5.58366
46	69	5.58366
69	74	5.57307
68	75	5.57307
28	61	-5.57206
29	60	-5.57206
65	82	5.56978
64	83	5.56978
41	66	5.56848
40	67	5.56848
39	92	5.56834
38	93	5.56834
22	35	-5.56202
23	34	-5.56202
14	77	5.55708
15	76	5.55708
44	99	5.55702
45	98	5.55702
7	52	5.55289
6	53	5.55289
11	30	5.54579
10	31	5.54579
36	67	5.54057
37	66	5.54057
5	8	5.53586
4	9	5.53586
54	61	-5.53537
55	60	-5.53537
89	98	5.51682
88	99	5.51682
41	56	5.51598
40	57	5.51598
59	90	5.51161
58	91	5.51161
10	63	5.50776
11	62	5.50776
3	6	5.50646
2	7	5.50646
73	96	-5.50133
72	97	-5.50133
28	49	-5.49892
29	48	-5.49892
24	49	5.49068
25	48	5.49068
29	30	5.49054
28	31	5.49054
6	19	5.48992
7	18	5.48992
36	57	5.48894
37	56	5.48894
52	79	5.48799
53	78	5.48799
11	60	-5.48786
10	61	-5.48786
27	66	5.48532
26	67	5.48532
13	56	5.48464
12	57	5.48464
77	92	5.48274
76	93	5.48274
7	44	5.48199
6	45	5.48199
68	79	5.479
69	78	5.479
52	71	-5.47719
53	70	-5.47719
25	60	5.47309
24	61	5.47309
16	95	5.47146
17	94	5.47146
44	69	5.46847
45	68	5.46847
2	79	5.46081
3	78	5.46081
65	68	5.45695
64	69	5.45695
15	34	-5.45213
14	35	-5.45213
3	70	-5.44964
2	71	-5.44964
72	85	-5.44658
73	84	-5.44658
3	60	5.42363
2	61	5.42363
18	87	-5.41205
19	86	-5.41205
5	56	5.41022
4	57	5.41022
6	47	5.41018
7	46	5.41018
27	56	5.40266
26	57	5.40266
9	90	5.40222
8	91	5.40222
50	93	5.39719
51	92	5.39719
74	83	5.3933
75	82	5.3933
24	79	5.38808
25	78	5.38808
69	88	5.38543
68	89	5.38543
58	97	5.3829
59	96	5.3829
23	82	5.3768
22	83	5.3768
29	96	5.37603
28	97	5.37603
42	85	5.37146
43	84	5.37146
6	23	5.37117
7	22	5.37117
57	80	5.36978
56	81	5.36978
53	60	5.36856
52	61	5.36856
48	55	-5.36819
49	54	-5.36819
1	52	5.36453
0	53	5.36453
1	2	5.3645
0	3	5.3645
55	62	5.36417
54	63	5.36417
35	74	-5.35593
34	75	-5.35593
55	84	5.34024
54	85	5.34024
48	95	5.33988
49	94	5.33988
46	99	5.33883
47	98	5.33883
14	71	-5.33602
15	70	-5.33602
30	59	5.33351
31	58	5.33351
49	84	-5.32426
48	85	-5.32426
35	64	-5.32354
34	65	-5.32354
21	28	5.32051
20	29	5.32051
9	12	5.32043
8	13	5.32043
23	86	-5.31492
22	87	-5.31492
3	48	5.30909
2	49	5.30909
30	73	-5.30649
31	72	-5.30649
8	41	5.30441
9	40	5.30441
64	95	5.29612
65	94	5.29612
51	68	5.29582
50	69	5.29582
47	78	5.2943
46	79	5.2943
28	91	5.28606
29	90	5.28606
60	85	-5.28378
61	84	-5.28378
30	43	5.28218
31	42	5.28218
18	71	-5.27727
19	70	-5.27727
5	10	5.27524
4	11	5.27524
8	37	5.27359
9	36	5.27359
8	97	5.27104
9	96	5.27104
16	69	5.2681
17	68	5.2681
8	81	5.26762
9	80	5.26762
14	87	-5.2655
15	86	-5.2655
1	94	5.26009
0	95	5.26009
20	59	5.26004
21	58	5.26004
42	91	5.25662
43	90	5.25662
18	83	5.25306
19	82	5.25306
48	53	5.24847
49	52	5.24847
11	90	5.24642
10	91	5.24642
14	99	5.24413
15	98	5.24413
56	91	5.23728
57	90	5.23728
89	92	5.23235
88	93	5.23235
6	89	5.22693
7	88	5.22693
6	75	5.22513
7	74	5.22513
78	83	5.21819
79	82	5.21819
9	30	5.21516
8	31	5.21516
6	51	5.21405
7	50	5.21405
12	59	5.20984
13	58	5.20984
56	97	5.20783
57	96	5.20783
41	58	5.2059
40	59	5.2059
9	26	5.18799
8	27	5.18799
61	94	5.18423
60	95	5.18423
44	93	5.18295
45	92	5.18295
2	83	5.17533
3	82	5.17533
37	58	5.17511
36	59	5.17511
24	35	-5.17501
25	34	-5.17501
5	72	-5.17125
4	73	-5.17125
23	70	-5.17024
22	71	-5.17024
4	29	5.16842
5	28	5.16842
10	55	5.15852
11	54	5.15852
22	95	5.15609
23	94	5.15609
9	20	5.15446
8	21	5.15446
34	79	-5.15295
35	78	-5.15295
17	34	-5.15104
16	35	-5.15104
59	80	5.14821
58	81	5.14821
15	18	5.14752
14	19	5.14752
52	83	5.14403
53	82	5.14403
21	56	5.14387
20	57	5.14387
23	60	5.14153
22	61	5.14153
46	75	5.13936
47	74	5.13936
6	65	5.13758
7	64	5.13758
35	46	-5.13527
34	47	-5.13527
55	86	5.13041
54	87	5.13041
35	44	-5.12696
34	45	-5.12696
79	88	5.12188
78	89	5.12188
25	68	5.11861
24	69	5.11861
18	47	5.11384
19	46	5.11384
30	57	5.10408
31	56	5.10408
61	86	-5.09507
60	87	-5.09507
19	60	5.09399
18	61	5.09399
3	94	5.09144
2	95	5.09144
7	78	5.09088
6	79	5.09088
1	68	5.08813
0	69	5.08813
26	59	5.08665
27	58	5.08665
43	96	5.07928
42	97	5.07928
16	61	5.07512
17	60	5.07512
6	39	5.0706
7	38	5.0706
75	86	-5.06962
74	87	-5.06962
68	77	5.06874
69	76	5.06874
16	49	5.06694
17	48	5.06694
4	43	5.0647
5	42	5.0647
23	48	5.06407
22	49	5.06407
63	72	-5.0631
62	73	-5.0631
64	87	-5.06022
65	86	-5.06022
75	94	5.0586
74	95	5.0586
14	53	5.0559
15	52	5.0559
14	79	5.05564
15	78	5.05564
60	65	5.05221
61	64	5.05221
49	82	5.05158
48	83	5.05158
38	69	5.04833
39	68	5.04833
52	95	5.04601
53	94	5.04601
14	75	5.03576
15	74	5.03576
18	95	5.03533
19	94	5.03533
35	60	-5.03499
34	61	-5.03499
45	70	-5.03345
44	71	-5.03345
55	70	5.03306
54	71	5.03306
73	90	-5.03242
72	91	-5.03242
15	22	5.02631
14	23	5.02631
49	72	5.02617
48	73	5.02617
46	93	5.01831
47	92	5.01831
60	63	-5.01366
61	62	-5.01366
49	64	5.01116
48	65	5.01116
49	62	-5.00704
48	63	-5.00704
22	47	5.00702
23	46	5.00702
18	49	4.9981
19	48	4.9981
25	86	-4.99809
24	87	-4.99809
3	14	4.99432
2	15	4.99432
5	66	4.99345
4	67	4.99345
31	54	4.97975
30	55	4.97975
58	63	4.97361
59	62	4.97361
29	72	-4.97315
28	73	-4.97315
42	61	-4.9666
43	60	-4.9666
6	17	4.95692
7	16	4.95692
11	42	4.95036
10	43	4.95036
61	82	4.94883
60	83	4.94883
45	86	-4.94359
44	87	-4.94359
70	75	-4.94125
71	74	-4.94125
3	54	-4.93555
2	55	-4.93555
75	88	4.93553
74	89	4.93553
61	70	-4.93382
60	71	-4.93382
5	32	4.93198
4	33	4.93198
31	92	-4.93023
30	93	-4.93023
21	48	-4.93021
20	49	-4.93021
7	76	4.92393
6	77	4.92393
35	88	-4.92229
34	89	-4.92229
21	42	4.92043
20	43	4.92043
63	92	-4.91785
62	93	-4.91785
47	70	-4.91617
46	71	-4.91617
90	99	-4.91592
91	98	-4.91592
65	70	-4.91576
64	71	-4.91576
5	98	-4.91443
4	99	-4.91443
47	52	4.9097
46	53	4.9097
50	79	4.90897
51	78	4.90897
46	65	4.90716
47	64	4.90716
7	24	4.90685
6	25	4.90685
52	55	-4.90315
53	54	-4.90315
48	87	-4.90174
49	86	-4.90174
16	87	-4.90144
17	86	-4.90144
35	54	4.89832
34	55	4.89832
30	99	-4.896
31	98	-4.896
92	97	-4.89491
93	96	-4.89491
90	93	-4.89457
91	92	-4.89457
18	89	4.88858
19	88	4.88858
85	92	-4.8852
84	93	-4.8852
77	78	4.88244
76	79	4.88244
47	86	-4.88073
46	87	-4.88073
44	79	4.8779
45	78	4.8779
4	93	-4.87643
5	92	-4.87643
97	98	-4.87009
96	99	-4.87009
15	64	4.86936
14	65	4.86936
35	50	-4.86924
34	51	-4.86924
45	58	-4.86474
44	59	-4.86474
79	86	-4.86341
78	87	-4.86341
66	91	4.86258
67	90	4.86258
34	49	-4.85865
35	48	-4.85865
18	45	4.85801
19	44	4.85801
8	45	-4.85692
9	44	-4.85692
1	34	-4.8537
0	35	-4.8537
61	72	4.85365
60	73	4.85365
8	63	4.85305
9	62	4.85305
59	84	4.85167
58	85	4.85167
11	94	-4.85032
10	95	-4.85032
3	46	4.84741
2	47	4.84741
15	92	4.84701
14	93	4.84701
60	75	4.84517
61	74	4.84517
43	48	-4.84384
42	49	-4.84384
25	70	-4.84282
24	71	-4.84282
5	38	-4.84268
4	39	-4.84268
54	97	4.84182
55	96	4.84182
8	15	-4.83787
9	14	-4.83787
30	49	-4.83742
31	48	-4.83742
15	56	-4.83518
14	57	-4.83518
38	59	-4.83315
39	58	-4.83315
49	96	-4.83213
48	97	-4.83213
21	92	-4.8315
20	93	-4.8315
21	60	-4.82709
20	61	-4.82709
14	59	-4.82435
15	58	-4.82435
44	57	-4.82289
45	56	-4.82289
51	58	-4.81577
50	59	-4.81577
63	98	-4.81485
62	99	-4.81485
1	46	4.81277
0	47	4.81277
39	90	-4.81091
38	91	-4.81091
44	75	4.80686
45	74	4.80686
50	57	-4.80644
51	56	-4.80644
55	90	4.80636
54	91	4.80636
79	94	4.80573
78	95	4.80573
9	38	-4.80353
8	39	-4.80353
47	56	-4.79676
46	57	-4.79676
8	51	-4.79519
9	50	-4.79519
58	73	-4.79267
59	72	-4.79267
32	69	-4.79085
33	68	-4.79085
21	98	-4.78978
20	99	-4.78978
31	60	-4.78917
30	61	-4.78917
56	73	-4.78866
57	72	-4.78866
21	54	4.78831
20	55	4.78831
15	66	-4.78813
14	67	-4.78813
7	66	-4.78735
6	67	-4.78735
22	89	4.78734
23	88	4.78734
49	74	4.78454
48	75	4.78454
57	88	-4.78025
56	89	-4.78025
34	81	4.77799
35	80	4.77799
41	68	-4.77658
40	69	-4.77658
21	76	-4.77541
20	77	-4.77541
33	96	4.77335
32	97	4.77335
36	69	-4.77068
37	68	-4.77068
13	68	-4.76659
12	69	-4.76659
70	79	-4.76292
71	78	-4.76292
32	47	-4.76
33	46	-4.76
20	33	4.75966
21	32	4.75966
17	70	-4.75928
16	71	-4.75928
13	34	4.75815
12	35	4.75815
60	97	-4.7578
61	96	-4.7578
51	74	4.75705
50	75	4.75705
5	50	-4.75585
4	51	-4.75585
33	90	4.75472
32	91	4.75472
26	69	-4.75227
27	68	-4.75227
48	71	-4.751
49	70	-4.751
22	45	4.75065
23	44	4.75065
76	97	-4.75049
77	96	-4.75049
7	80	-4.74558
6	81	-4.74558
84	99	-4.74508
85	98	-4.74508
80	87	4.74403
81	86	4.74403
26	53	-4.74323
27	52	-4.74323
44	53	4.73873
45	52	4.73873
19	50	4.73822
18	51	4.73822
19	26	-4.73787
18	27	-4.73787
70	89	-4.73735
71	88	-4.73735
16	47	4.73683
17	46	4.73683
9	84	4.73621
8	85	4.73621
45	66	-4.73529
44	67	-4.73529
14	33	-4.73428
15	32	-4.73428
1	6	4.73188
0	7	4.73188
51	70	-4.73182
50	71	-4.73182
59	88	-4.73035
58	89	-4.73035
18	37	-4.73009
19	36	-4.73009
2	27	-4.72922
3	26	-4.72922
31	38	-4.72834
30	39	-4.72834
39	56	-4.7273
38	57	-4.7273
38	97	-4.7255
39	96	-4.7255
37	52	-4.72547
36	53	-4.72547
8	73	-4.72266
9	72	-4.72266
24	55	-4.72247
25	54	-4.72247
18	41	-4.72235
19	40	-4.72235
7	12	-4.72171
6	13	-4.72171
4	77	-4.72165
5	76	-4.72165
47	58	-4.72158
46	59	-4.72158
28	93	-4.72158
29	92	-4.72158
40	53	-4.71887
41	52	-4.71887
9	46	-4.71862
8	47	-4.71862
59	98	-4.71843
58	99	-4.71843
56	63	4.71841
57	62	4.71841
9	88	-4.71561
8	89	-4.71561
57	76	-4.71371
56	77	-4.71371
67	96	4.71214
66	97	4.71214
15	16	4.71132
14	17	4.71132
71	80	4.71034
70	81	4.71034
33	88	-4.71006
32	89	-4.71006
3	36	-4.70839
2	37	-4.70839
69	80	-4.70759
68	81	-4.70759
64	89	4.70537
65	88	4.70537
10	93	-4.70455
11	92	-4.70455
35	40	4.70249
34	41	4.70249
12	53	-4.70101
13	52	-4.70101
3	40	-4.70092
2	41	-4.70092
34	39	-4.70061
35	38	-4.70061
22	27	-4.69945
23	26	-4.69945
51	96	-4.69824
50	97	-4.69824
35	36	4.69641
34	37	4.69641
66	69	-4.69513
67	68	-4.69513
27	34	4.69312
26	35	4.69312
7	32	-4.69248
6	33	-4.69248
4	45	-4.69126
5	44	-4.69126
0	61	4.68961
1	60	4.68961
69	82	4.68949
68	83	4.68949
86	89	-4.68853
87	88	-4.68853
23	36	-4.68739
22	37	-4.68739
52	89	4.68652
53	88	4.68652
59	76	-4.68433
58	77	-4.68433
2	13	-4.68432
3	12	-4.68432
56	69	-4.68413
57	68	-4.68413
11	24	-4.6841
10	25	-4.6841
0	49	4.68201
1	48	4.68201
3	44	4.68106
2	45	4.68106
9	98	-4.67819
8	99	-4.67819
23	40	-4.67747
22	41	-4.67747
1	42	-4.6744
0	43	-4.6744
35	66	4.67332
34	67	4.67332
50	91	-4.67322
51	90	-4.67322
21	50	-4.67185
20	51	-4.67185
24	29	-4.67094
25	28	-4.67094
60	69	4.67025
61	68	4.67025
32	51	-4.66964
33	50	-4.66964
2	29	-4.66841
3	28	-4.66841
4	55	4.66818
5	54	4.66818
7	60	4.66695
6	61	4.66695
7	40	-4.66601
6	41	-4.66601
31	76	-4.66596
30	77	-4.66596
75	76	4.66583
74	77	4.66583
1	14	4.66571
0	15	4.66571
67	70	4.66556
66	71	4.66556
0	89	4.66479
1	88	4.66479
57	84	4.66415
56	85	4.66415
13	86	4.66393
12	87	4.66393
50	87	-4.66216
51	86	-4.66216
7	56	-4.65935
6	57	-4.65935
30	67	4.65838
31	66	4.65838
28	87	4.65817
29	86	4.65817
32	45	-4.65715
33	44	-4.65715
9	76	-4.65695
8	77	-4.65695
6	37	-4.65454
7	36	-4.65454
13	18	-4.65426
12	19	-4.65426
73	76	4.65317
72	77	4.65317
31	32	4.65162
30	33	4.65162
5	88	-4.6446
4	89	-4.6446
39	70	-4.64303
38	71	-4.64303
44	65	4.64125
45	64	4.64125
30	51	-4.64111
31	50	-4.64111
20	39	-4.64037
21	38	-4.64037
22	51	4.63931
23	50	4.63931
38	67	-4.63812
39	66	-4.63812
23	54	-4.63803
22	55	-4.63803
18	55	-4.63676
19	54	-4.63676
7	8	-4.63623
6	9	-4.63623
21	88	-4.63599
20	89	-4.63599
72	95	4.63504
73	94	4.63504
6	27	-4.63495
7	26	-4.63495
33	34	4.6338
32	35	4.6338
53	80	-4.63293
52	81	-4.63293
77	90	-4.63101
76	91	-4.63101
67	86	4.63
66	87	4.63
32	77	-4.62891
33	76	-4.62891
2	89	4.62828
3	88	4.62828
42	93	-4.62745
43	92	-4.62745
34	83	-4.62605
35	82	-4.62605
88	97	-4.62477
89	96	-4.62477
28	53	-4.62407
29	52	-4.62407
39	78	4.62265
38	79	4.62265
20	67	4.62155
21	66	4.62155
50	67	-4.62123
51	66	-4.62123
45	90	-4.62028
44	91	-4.62028
27	74	-4.61903
26	75	-4.61903
3	80	-4.61825
2	81	-4.61825
35	76	-4.61772
34	77	-4.61772
36	75	-4.61655
37	74	-4.61655
40	47	-4.61372
41	46	-4.61372
13	70	4.61357
12	71	4.61357
58	93	-4.61196
59	92	-4.61196
80	93	-4.61195
81	92	-4.61195
56	99	-4.61178
57	98	-4.61178
12	15	-4.6104
13	14	-4.6104
36	47	-4.60692
37	46	-4.60692
40	75	-4.60629
41	74	-4.60629
0	87	-4.6039
1	86	-4.6039
19	32	-4.60275
18	33	-4.60275
14	81	-4.60225
15	80	-4.60225
13	22	-4.60087
12	23	-4.60087
8	69	-4.59811
9	68	-4.59811
34	95	-4.59778
35	94	-4.59778
26	65	-4.59433
27	64	-4.59433
18	77	4.59336
19	76	4.59336
11	58	4.59054
10	59	4.59054
14	41	-4.58684
15	40	-4.58684
7	54	-4.58615
6	55	-4.58615
55	72	-4.58557
54	73	-4.58557
49	90	-4.58527
48	91	-4.58527
46	67	-4.58506
47	66	-4.58506
7	58	-4.58378
6	59	-4.58378
37	64	-4.5817
36	65	-4.5817
26	47	-4.57809
27	46	-4.57809
68	99	4.57756
69	98	4.57756
8	93	-4.57755
9	92	-4.57755
14	37	-4.57308
15	36	-4.57308
51	52	4.57253
50	53	4.57253
40	65	-4.56927
41	64	-4.56927
39	62	-4.56918
38	63	-4.56918
41	86	4.56889
40	87	4.56889
12	47	-4.56679
13	46	-4.56679
33	72	-4.56507
32	73	-4.56507
45	96	-4.56229
44	97	-4.56229
26	87	4.56197
27	86	4.56197
40	89	-4.56192
41	88	-4.56192
7	98	4.56165
6	99	4.56165
37	86	4.56132
36	87	4.56132
50	65	4.55901
51	64	4.55901
37	88	-4.55556
36	89	-4.55556
16	89	4.55515
17	88	4.55515
1	44	4.55288
0	45	4.55288
28	71	4.55193
29	70	4.55193
4	47	-4.55191
5	46	-4.55191
33	52	-4.55167
32	53	-4.55167
58	69	-4.55132
59	68	-4.55132
39	86	-4.54892
38	87	-4.54892
67	88	-4.54804
66	89	-4.54804
88	91	-4.54543
89	90	-4.54543
61	90	-4.54491
60	91	-4.54491
55	64	-4.54404
54	65	-4.54404
10	99	-4.54356
11	98	-4.54356
22	33	-4.54221
23	32	-4.54221
31	88	-4.54038
30	89	-4.54038
15	26	-4.5401
14	27	-4.5401
4	49	-4.53703
5	48	-4.53703
18	81	-4.53671
19	80	-4.53671
61	78	4.53652
60	79	4.53652
49	68	4.53597
48	69	4.53597
1	50	4.53586
0	51	4.53586
57	92	-4.53547
56	93	-4.53547
13	92	-4.53257
12	93	-4.53257
26	89	-4.53107
27	88	-4.53107
31	44	-4.52987
30	45	-4.52987
44	81	-4.52925
45	80	-4.52925
37	78	-4.52831
36	79	-4.52831
68	95	4.52798
69	94	4.52798
7	82	4.52588
6	83	4.52588
72	93	4.52561
73	92	4.52561
15	24	4.52536
14	25	4.52536
33	74	-4.5251
32	75	-4.5251
67	98	-4.52462
66	99	-4.52462
16	55	-4.52435
17	54	-4.52435
12	89	-4.52421
13	88	-4.52421
4	15	-4.52372
5	14	-4.52372
17	44	4.52229
16	45	4.52229
12	45	-4.5221
13	44	-4.5221
3	32	-4.5221
2	33	-4.5221
26	79	-4.52106
27	78	-4.52106
84	95	-4.5202
85	94	-4.5202
41	78	-4.51928
40	79	-4.51928
38	75	4.51892
39	74	4.51892
20	47	-4.51772
21	46	-4.51772
7	48	4.5177
6	49	4.5177
2	51	4.51768
3	50	4.51768
77	84	-4.51568
76	85	-4.51568
12	51	-4.51554
13	50	-4.51554
87	94	-4.51521
86	95	-4.51521
29	94	-4.51434
28	95	-4.51434
41	50	-4.51371
40	51	-4.51371
33	38	-4.51249
32	39	-4.51249
80	99	-4.51071
81	98	-4.51071
40	71	4.51067
41	70	4.51067
47	96	-4.50973
46	97	-4.50973
35	56	4.50806
34	57	4.50806
23	76	4.50781
22	77	4.50781
41	76	-4.50777
40	77	-4.50777
42	73	-4.50768
43	72	-4.50768
29	98	-4.50425
28	99	-4.50425
37	50	-4.50419
36	51	-4.50419
72	89	4.50411
73	88	4.50411
36	77	-4.50385
37	76	-4.50385
21	44	-4.50205
20	45	-4.50205
17	26	-4.50185
16	27	-4.50185
18	39	4.50167
19	38	4.50167
42	87	4.50073
43	86	4.50073
36	71	4.50053
37	70	4.50053
10	83	-4.5003
11	82	-4.5003
32	79	-4.49935
33	78	-4.49935
8	11	4.49742
9	10	4.49742
16	43	-4.49516
17	42	-4.49516
26	71	4.49468
27	70	4.49468
12	75	-4.49374
13	74	-4.49374
1	70	-4.49167
0	71	-4.49167
41	44	-4.49097
40	45	-4.49097
43	78	-4.49091
42	79	-4.49091
26	77	-4.49033
27	76	-4.49033
4	41	4.48974
5	40	4.48974
33	86	4.4895
32	87	4.4895
29	34	4.4895
28	35	4.4895
24	27	-4.48869
25	26	-4.48869
51	80	-4.48717
50	81	-4.48717
66	93	-4.4855
67	92	-4.4855
42	83	-4.48547
43	82	-4.48547
17	36	-4.48528
16	37	-4.48528
7	94	4.48494
6	95	4.48494
39	84	-4.48332
38	85	-4.48332
4	61	-4.48207
5	60	-4.48207
47	80	-4.48103
46	81	-4.48103
12	77	-4.48037
13	76	-4.48037
26	51	-4.48035
27	50	-4.48035
48	79	4.47991
49	78	4.47991
70	77	-4.47837
71	76	-4.47837
23	80	-4.47809
22	81	-4.47809
0	77	4.47765
1	76	4.47765
37	44	-4.47739
36	45	-4.47739
10	57	4.4769
11	56	4.4769
16	41	-4.47148
17	40	-4.47148
32	71	4.46929
33	70	4.46929
12	65	-4.46913
13	64	-4.46913
38	81	-4.46872
39	80	-4.46872
4	37	4.46777
5	36	4.46777
70	95	-4.46701
71	94	-4.46701
72	99	4.46673
73	98	4.46673
42	99	-4.46615
43	98	-4.46615
66	77	-4.46595
67	76	-4.46595
39	82	4.46516
38	83	4.46516
54	69	-4.46442
55	68	-4.46442
63	76	-4.46311
62	77	-4.46311
50	73	4.46193
51	72	4.46193
82	87	-4.4619
83	86	-4.4619
55	74	-4.46114
54	75	-4.46114
24	43	-4.46043
25	42	-4.46043
11	76	-4.45687
10	77	-4.45687
24	37	-4.45616
25	36	-4.45616
2	11	-4.45445
3	10	-4.45445
9	34	4.45426
8	35	4.45426
64	77	4.45348
65	76	4.45348
26	93	-4.45299
27	92	-4.45299
15	82	4.45276
14	83	4.45276
80	89	-4.45103
81	88	-4.45103
0	39	4.45083
1	38	4.45083
47	90	-4.45052
46	91	-4.45052
43	64	-4.45033
42	65	-4.45033
4	13	4.44749
5	12	4.44749
26	45	-4.44747
27	44	-4.44747
24	47	4.44554
25	46	4.44554
12	99	-4.44396
13	98	-4.44396
33	64	-4.44308
32	65	-4.44308
55	92	-4.44185
54	93	-4.44185
2	43	-4.44175
3	42	-4.44175
24	41	-4.44124
25	40	-4.44124
14	91	-4.44025
15	90	-4.44025
40	93	-4.43967
41	92	-4.43967
43	70	4.43867
42	71	4.43867
17	50	4.43756
16	51	4.43756
36	93	-4.43593
37	92	-4.43593
24	85	-4.43334
25	84	-4.43334
32	99	-4.43072
33	98	-4.43072
51	62	-4.43059
50	63	-4.43059
22	39	4.42779
23	38	4.42779
45	82	4.42666
44	83	4.42666
31	46	-4.42649
30	47	-4.42649
43	74	-4.42583
42	75	-4.42583
13	38	-4.42498
12	39	-4.42498
1	54	-4.42413
0	55	-4.42413
77	86	-4.42402
76	87	-4.42402
23	28	-4.42385
22	29	-4.42385
77	80	-4.42062
76	81	-4.42062
50	85	-4.42026
51	84	-4.42026
33	92	-4.41968
32	93	-4.41968
16	29	-4.41915
17	28	-4.41915
29	82	-4.41895
28	83	-4.41895
42	53	-4.41848
43	52	-4.41848
83	90	-4.41623
82	91	-4.41623
9	70	4.41622
8	71	4.41622
57	70	4.4156
56	71	4.4156
62	83	-4.41336
63	82	-4.41336
63	94	-4.41176
62	95	-4.41176
53	76	4.40846
52	77	4.40846
79	98	4.40716
78	99	4.40716
11	52	-4.40581
10	53	-4.40581
52	67	-4.40309
53	66	-4.40309
83	98	4.39977
82	99	4.39977
46	73	4.39805
47	72	4.39805
5	26	4.39454
4	27	4.39454
35	58	4.39401
34	59	4.39401
19	28	-4.39369
18	29	-4.39369
56	87	4.39268
57	86	4.39268
14	97	-4.3923
15	96	-4.3923
70	83	-4.39118
71	82	-4.39118
91	94	-4.38975
90	95	-4.38975
39	64	4.38926
38	65	4.38926
12	79	-4.38847
13	78	-4.38847
23	42	-4.38617
22	43	-4.38617
28	65	-4.38556
29	64	-4.38556
13	24	-4.38301
12	25	-4.38301
28	59	4.38013
29	58	4.38013
55	94	-4.37988
54	95	-4.37988
38	53	4.37922
39	52	4.37922
67	72	-4.37667
66	73	-4.37667
3	66	-4.3764
2	67	-4.3764
4	81	4.37506
5	80	4.37506
42	59	4.37403
43	58	4.37403
19	66	-4.37214
18	67	-4.37214
13	16	-4.37208
12	17	-4.37208
21	94	-4.37167
20	95	-4.37167
9	86	4.37069
8	87	4.37069
39	40	-4.37052
38	41	-4.37052
19	56	-4.36954
18	57	-4.36954
41	98	-4.36882
40	99	-4.36882
62	67	4.36726
63	66	4.36726
27	98	-4.36335
26	99	-4.36335
37	98	-4.36168
36	99	-4.36168
41	90	4.36151
40	91	4.36151
3	76	4.36088
2	77	4.36088
31	94	-4.36006
30	95	-4.36006
37	38	-4.3588
36	39	-4.3588
59	70	4.35757
58	71	4.35757
55	78	-4.35375
54	79	-4.35375
1	98	4.35368
0	99	4.35368
39	72	4.35293
38	73	4.35293
40	97	4.35165
41	96	4.35165
18	43	-4.34948
19	42	-4.34948
84	89	-4.34944
85	88	-4.34944
14	31	-4.34917
15	30	-4.34917
38	95	4.3476
39	94	4.3476
82	85	-4.34725
83	84	-4.34725
15	20	-4.34696
14	21	-4.34696
74	81	-4.34688
75	80	-4.34688
49	92	4.34459
48	93	4.34459
21	40	4.34356
20	41	4.34356
36	91	4.34305
37	90	4.34305
47	82	4.34181
46	83	4.34181
54	83	-4.34079
55	82	-4.34079
27	38	-4.34062
26	39	-4.34062
0	27	-4.33994
1	26	-4.33994
16	33	-4.33927
17	32	-4.33927
17	38	4.33889
16	39	4.33889
17	76	4.33636
16	77	4.33636
15	94	4.33599
14	95	4.33599
3	38	4.33585
2	39	4.33585
1	36	-4.3355
0	37	-4.3355
65	80	-4.33468
64	81	-4.33468
37	96	4.33374
36	97	4.33374
33	62	4.33321
32	63	4.33321
24	45	4.33141
25	44	4.33141
44	63	-4.33111
45	62	-4.33111
95	96	-4.33106
94	97	-4.33106
83	92	4.33097
82	93	4.33097
24	63	-4.33016
25	62	-4.33016
34	43	4.33011
35	42	4.33011
12	91	4.32806
13	90	4.32806
21	36	4.32729
20	37	4.32729
63	88	-4.32727
62	89	-4.32727
10	17	-4.32545
11	16	-4.32545
0	29	-4.32523
1	28	-4.32523
1	40	-4.32368
0	41	-4.32368
61	92	4.32094
60	93	4.32094
53	56	-4.32034
52	57	-4.32034
5	94	-4.31701
4	95	-4.31701
32	85	4.31552
33	84	4.31552
56	79	-4.31498
57	78	-4.31498
59	86	4.31098
58	87	4.31098
45	94	4.31061
44	95	4.31061
60	81	-4.30913
61	80	-4.30913
57	74	-4.30862
56	75	-4.30862
23	66	-4.30823
22	67	-4.30823
22	57	-4.30606
23	56	-4.30606
11	50	-4.30524
10	51	-4.30524
10	39	-4.30467
11	38	-4.30467
5	82	-4.30236
4	83	-4.30236
30	83	-4.30148
31	82	-4.30148
2	85	-4.29992
3	84	-4.29992
43	94	-4.29908
42	95	-4.29908
27	60	-4.29835
26	61	-4.29835
9	28	4.29516
8	29	4.29516
25	72	4.29513
24	73	4.29513
12	97	4.29506
13	96	4.29506
9	42	4.29478
8	43	4.29478
50	83	4.29365
51	82	4.29365
24	81	-4.29353
25	80	-4.29353
1	62	-4.29035
0	63	-4.29035
2	57	-4.28943
3	56	-4.28943
95	98	4.28799
94	99	4.28799
12	61	-4.28629
13	60	-4.28629
25	88	4.28611
24	89	4.28611
45	72	4.28333
44	73	4.28333
27	90	4.28205
26	91	4.28205
10	89	-4.28125
11	88	-4.28125
45	84	-4.27755
44	85	-4.27755
69	92	4.27721
68	93	4.27721
11	22	-4.27712
10	23	-4.27712
81	90	4.27539
80	91	4.27539
66	85	4.27481
67	84	4.27481
34	99	-4.27407
35	98	-4.27407
12	21	4.27272
13	20	4.27272
29	74	-4.27185
28	75	-4.27185
75	98	4.26973
74	99	4.26973
27	96	4.26948
26	97	4.26948
31	40	4.26914
30	41	4.26914
73	82	4.26784
72	83	4.26784
1	92	4.26581
0	93	4.26581
10	87	4.26576
11	86	4.26576
20	27	4.2642
21	26	4.2642
11	64	-4.26263
10	65	-4.26263
52	85	-4.26255
53	84	-4.26255
1	32	-4.26243
0	33	-4.26243
8	19	-4.26073
9	18	-4.26073
55	80	4.25993
54	81	4.25993
83	88	4.25703
82	89	4.25703
92	95	4.25533
93	94	4.25533
36	61	-4.25513
37	60	-4.25513
31	36	4.25305
30	37	4.25305
7	92	4.2521
6	93	4.2521
25	32	-4.2503
24	33	-4.2503
17	80	-4.24755
16	81	-4.24755
1	90	-4.24696
0	91	-4.24696
40	61	-4.24565
41	60	-4.24565
78	93	4.24502
79	92	4.24502
66	75	-4.24246
67	74	-4.24246
27	48	-4.23851
26	49	-4.23851
78	81	-4.23812
79	80	-4.23812
41	72	-4.23803
40	73	-4.23803
47	84	-4.23294
46	85	-4.23294
10	19	-4.23275
11	18	-4.23275
6	29	-4.2318
7	28	-4.2318
55	98	-4.22922
54	99	-4.22922
13	30	4.22872
12	31	4.22872
36	73	-4.22846
37	72	-4.22846
71	98	-4.22785
70	99	-4.22785
28	57	4.22758
29	56	4.22758
9	52	-4.22735
8	53	-4.22735
56	65	-4.22526
57	64	-4.22526
17	62	-4.22341
16	63	-4.22341
47	62	-4.22279
46	63	-4.22279
10	33	4.22273
11	32	4.22273
19	58	-4.22125
18	59	-4.22125
48	81	-4.22063
49	80	-4.22063
28	39	-4.21747
29	38	-4.21747
85	86	4.21719
84	87	4.21719
81	96	4.21621
80	97	4.21621
82	97	-4.21539
83	96	-4.21539
25	50	4.21507
24	51	4.21507
39	42	-4.21482
38	43	-4.21482
13	48	-4.21199
12	49	-4.21199
1	12	-4.21083
0	13	-4.21083
9	22	-4.20689
8	23	-4.20689
9	74	-4.20633
8	75	-4.20633
9	78	-4.20573
8	79	-4.20573
43	56	4.20489
42	57	4.20489
64	67	-4.20442
65	66	-4.20442
59	94	-4.2019
58	95	-4.2019
58	83	-4.20132
59	82	-4.20132
2	9	-4.20024
3	8	-4.20024
28	77	-4.19903
29	76	-4.19903
27	30	4.19799
26	31	4.19799
36	49	-4.19739
37	48	-4.19739
3	62	-4.19702
2	63	-4.19702
18	99	4.19644
19	98	4.19644
17	84	-4.19452
16	85	-4.19452
10	71	4.19409
11	70	4.19409
58	79	-4.19354
59	78	-4.19354
10	35	4.18973
11	34	4.18973
26	83	-4.18794
27	82	-4.18794
41	48	-4.18742
40	49	-4.18742
66	79	-4.18656
67	78	-4.18656
9	94	-4.18618
8	95	-4.18618
14	73	4.18611
15	72	4.18611
8	83	-4.18461
9	82	-4.18461
58	75	-4.18335
59	74	-4.18335
21	80	4.18292
20	81	4.18292
25	30	-4.18276
24	31	-4.18276
52	59	-4.18102
53	58	-4.18102
26	73	-4.18021
27	72	-4.18021
17	98	4.17869
16	99	4.17869
21	82	-4.17809
20	83	-4.17809
65	98	4.17789
64	99	4.17789
20	25	-4.17546
21	24	-4.17546
29	68	-4.1753
28	69	-4.1753
25	38	4.17506
24	39	4.17506
10	47	-4.17369
11	46	-4.17369
67	94	-4.17252
66	95	-4.17252
30	81	4.1725
31	80	4.1725
23	58	-4.17248
22	59	-4.17248
42	77	-4.172
43	76	-4.172
37	82	-4.17176
36	83	-4.17176
5	6	-4.17132
4	7	-4.17132
28	79	-4.17071
29	78	-4.17071
87	98	-4.17043
86	99	-4.17043
5	68	-4.16983
4	69	-4.16983
15	60	4.16915
14	61	4.16915
53	62	-4.16882
52	63	-4.16882
63	86	4.1671
62	87	4.1671
14	63	-4.16541
15	62	-4.16541
13	54	4.16342
12	55	4.16342
51	94	4.16313
50	95	4.16313
41	82	-4.16148
40	83	-4.16148
25	90	-4.1611
24	91	-4.1611
23	98	4.16008
22	99	4.16008
77	82	4.15862
76	83	4.15862
49	98	4.15842
48	99	4.15842
12	73	-4.15813
13	72	-4.15813
63	64	-4.15745
62	65	-4.15745
2	59	-4.15582
3	58	-4.15582
10	45	-4.1535
11	44	-4.1535
71	84	4.15106
70	85	4.15106
16	57	-4.15044
17	56	-4.15044
46	95	4.14999
47	94	4.14999
0	5	-4.14903
1	4	-4.14903
8	65	-4.14867
9	64	-4.14867
22	85	-4.1482
23	84	-4.1482
67	82	-4.14712
66	83	-4.14712
11	66	4.1454
10	67	4.1454
26	95	-4.14539
27	94	-4.14539
25	96	-4.14489
24	97	-4.14489
16	67	-4.14427
17	66	-4.14427
17	90	-4.1437
16	91	-4.1437
65	84	-4.14361
64	85	-4.14361
7	42	-4.14279
6	43	-4.14279
0	31	-4.13906
1	30	-4.13906
1	10	-4.13782
0	11	-4.13782
35	84	4.13375
34	85	4.13375
0	85	-4.13348
1	84	-4.13348
28	51	-4.13262
29	50	-4.13262
11	74	-4.13227
10	75	-4.13227
14	85	-4.13146
15	84	-4.13146
61	98	4.13092
60	99	4.13092
24	67	-4.13014
25	66	-4.13014
43	68	-4.13006
42	69	-4.13006
1	56	-4.12861
0	57	-4.12861
58	65	-4.12721
59	64	-4.12721
36	95	-4.12287
37	94	-4.12287
27	54	4.12113
26	55	4.12113
75	92	4.11941
74	93	4.11941
18	85	-4.11939
19	84	-4.11939
24	77	4.11877
25	76	4.11877
63	70	4.11869
62	71	4.11869
43	50	-4.11786
42	51	-4.11786
23	62	-4.11546
22	63	-4.11546
40	95	-4.11382
41	94	-4.11382
6	91	-4.1133
7	90	-4.1133
0	59	-4.11203
1	58	-4.11203
79	90	-4.11164
78	91	-4.11164
62	79	-4.10956
63	78	-4.10956
15	54	-4.10918
14	55	-4.10918
8	17	-4.10886
9	16	-4.10886
0	9	-4.10835
1	8	-4.10835
13	82	-4.10651
12	83	-4.10651
69	90	-4.10415
68	91	-4.10415
43	88	-4.10329
42	89	-4.10329
55	58	4.10196
54	59	4.10196
14	49	4.10081
15	48	4.10081
29	80	4.10068
28	81	4.10068
63	74	-4.10047
62	75	-4.10047
88	95	4.09972
89	94	4.09972
1	80	-4.09869
0	81	-4.09869
68	97	-4.09836
69	96	-4.09836
53	98	4.09791
52	99	4.09791
37	54	4.09782
36	55	4.09782
17	92	4.09698
16	93	4.09698
16	59	-4.09691
17	58	-4.09691
41	54	4.09521
40	55	4.09521
3	72	4.09444
2	73	4.09444
4	25	-4.09302
5	24	-4.09302
73	80	-4.09165
72	81	-4.09165
13	94	-4.0916
12	95	-4.0916
4	79	-4.09045
5	78	-4.09045
21	68	-4.09003
20	69	-4.09003
16	31	-4.08867
17	30	-4.08867
33	82	-4.08397
32	83	-4.08397
40	63	4.0839
41	62	4.0839
65	90	-4.08378
64	91	-4.08378
19	62	-4.08338
18	63	-4.08338
16	73	4.08117
17	72	4.08117
35	62	4.08108
34	63	4.08108
56	83	-4.08076
57	82	-4.08076
70	73	-4.08073
71	72	-4.08073
29	88	-4.08068
28	89	-4.08068
7	96	-4.07965
6	97	-4.07965
1	66	-4.07892
0	67	-4.07892
80	95	-4.0764
81	94	-4.0764
3	98	4.07581
2	99	4.07581
36	63	4.07574
37	62	4.07574
35	92	-4.07534
34	93	-4.07534
25	56	-4.07524
24	57	-4.07524
41	84	4.07464
40	85	4.07464
42	47	-4.07444
43	46	-4.07444
47	60	4.07358
46	61	4.07358
52	73	4.07219
53	72	4.07219
5	16	-4.07171
4	17	-4.07171
32	61	-4.07125
33	60	-4.07125
75	90	-4.07097
74	91	-4.07097
65	92	4.07032
64	93	4.07032
3	20	-4.06871
2	21	-4.06871
49	58	-4.06848
48	59	-4.06848
73	86	-4.06813
72	87	-4.06813
56	95	-4.06803
57	94	-4.06803
37	84	4.06718
36	85	4.06718
25	98	4.06551
24	99	4.06551
9	54	4.06544
8	55	4.06544
32	43	4.06527
33	42	4.06527
12	63	4.06522
13	62	4.06522
2	31	-4.06267
3	30	-4.06267
30	69	-4.06123
31	68	-4.06123
1	96	-4.0607
0	97	-4.0607
75	84	-4.06044
74	85	-4.06044
29	44	-4.06003
28	45	-4.06003
42	67	4.05946
43	66	4.05946
77	94	4.05941
76	95	4.05941
73	78	4.05926
72	79	4.05926
81	82	-4.0592
80	83	-4.0592
6	31	-4.05916
7	30	-4.05916
12	85	4.05824
13	84	4.05824
25	92	4.05739
24	93	4.05739
9	24	-4.05654
8	25	-4.05654
6	21	-4.05637
7	20	-4.05637
42	45	-4.05354
43	44	-4.05354
55	66	4.05342
54	67	4.05342
20	53	-4.05311
21	52	-4.05311
49	76	4.05303
48	77	4.05303
28	67	4.05271
29	66	4.05271
10	15	-4.05208
11	14	-4.05208
13	28	4.05201
12	29	4.05201
62	81	4.05099
63	80	4.05099
4	35	4.0499
5	34	4.0499
11	40	4.04961
10	41	4.04961
70	93	-4.0494
71	92	-4.0494
30	79	-4.04913
31	78	-4.04913
27	62	4.04852
26	63	4.04852
18	93	4.04838
19	92	4.04838
2	97	-4.04804
3	96	-4.04804
64	73	4.0478
65	72	4.0478
11	36	4.04659
10	37	4.04659
28	33	4.04648
29	32	4.04648
30	53	-4.04631
31	52	-4.04631
4	75	-4.04523
5	74	-4.04523
25	58	-4.04499
24	59	-4.04499
30	87	4.04468
31	86	4.04468
27	84	4.04449
26	85	4.04449
7	10	-4.0426
6	11	-4.0426
32	49	-4.04239
33	48	-4.04239
30	65	-4.04236
31	64	-4.04236
23	72	4.04185
22	73	4.04185
45	60	4.04157
44	61	4.04157
11	68	-4.04115
10	69	-4.04115
79	96	-4.04105
78	97	-4.04105
60	67	-4.04073
61	66	-4.04073
20	79	-4.04046
21	78	-4.04046
4	71	4.04027
5	70	4.04027
58	61	-4.03992
59	60	-4.03992
80	85	4.03947
81	84	4.03947
38	55	-4.03937
39	54	-4.03937
17	96	-4.03794
16	97	-4.03794
47	48	4.0375
46	49	4.0375
11	26	4.03745
10	27	4.03745
8	49	-4.03698
9	48	-4.03698
23	92	4.03683
22	93	4.03683
4	65	-4.03642
5	64	-4.03642
52	97	-4.03517
53	96	-4.03517
54	57	4.03397
55	56	4.03397
33	94	-4.03172
32	95	-4.03172
27	28	4.03164
26	29	4.03164
10	13	4.03147
11	12	4.03147
61	76	4.03109
60	77	4.03109
22	91	-4.03032
23	90	-4.03032
17	20	-4.02983
16	21	-4.02983
87	92	-4.0294
86	93	-4.0294
6	85	-4.02904
7	84	-4.02904
42	81	4.02882
43	80	4.02882
48	57	-4.0288
49	56	-4.0288
69	72	4.02866
68	73	4.02866
55	76	-4.02835
54	77	-4.02835
11	78	-4.02799
10	79	-4.02799
4	87	4.02791
5	86	4.02791
86	97	4.02644
87	96	4.02644
30	71	4.02624
31	70	4.02624
26	43	4.0259
27	42	4.0259
19	72	4.02562
18	73	4.02562
70	91	4.02555
71	90	4.02555
61	88	4.02459
60	89	4.02459
37	42	4.02444
36	43	4.02444
28	47	-4.02443
29	46	-4.02443
6	73	4.02344
7	72	4.02344
47	54	-4.02299
46	55	-4.02299
35	96	4.02291
34	97	4.02291
73	74	4.02194
72	75	4.02194
57	60	-4.02187
56	61	-4.02187
20	87	4.02139
21	86	4.02139
40	43	4.02122
41	42	4.02122
30	35	4.02122
31	34	4.02122
68	85	-4.02107
69	84	-4.02107
86	91	4.02054
87	90	4.02054
34	91	4.02031
35	90	4.02031
45	54	-4.0202
44	55	-4.0202
30	75	-4.02017
31	74	-4.02017
29	36	4.01891
28	37	4.01891
78	85	-4.01819
79	84	-4.01819
9	60	-4.01818
8	61	-4.01818
28	41	4.01805
29	40	4.01805
2	91	-4.01794
3	90	-4.01794
23	30	-4.01762
22	31	-4.01762
18	91	-4.01679
19	90	-4.01679
20	35	4.01653
21	34	4.01653
7	62	-4.01643
6	63	-4.01643
14	29	-4.0164
15	28	-4.0164
20	23	-4.01563
21	22	-4.01563
0	21	-4.01555
1	20	-4.01555
39	48	4.01512
38	49	4.01512
1	72	4.01486
0	73	4.01486
18	21	-4.01375
19	20	-4.01375
49	88	4.01367
48	89	4.01367
70	97	4.0133
71	96	4.0133
34	73	-4.01326
35	72	-4.01326
10	81	4.01323
11	80	4.01323
4	19	-4.01322
5	18	-4.01322
45	48	4.01306
44	49	4.01306
50	61	4.01304
51	60	4.01304
48	67	-4.01202
49	66	-4.01202
4	23	-4.01054
5	22	-4.01054
64	97	-4.01031
65	96	-4.01031
20	65	-4.01031
21	64	-4.01031
52	91	-4.00998
53	90	-4.00998
33	54	4.00929
32	55	4.00929
49	50	4.00849
48	51	4.00849
21	70	4.00561
20	71	4.00561
19	30	-4.00555
18	31	-4.00555
52	93	4.00522
53	92	4.00522
39	60	4.00485
38	61	4.00485
75	96	-4.00475
74	97	-4.00475
23	96	-4.0047
22	97	-4.0047
21	74	-4.00441
20	75	-4.00441
50	55	-4.00433
51	54	-4.00433
13	42	4.00431
12	43	4.00431
14	43	-4.00431
15	42	-4.00431
18	97	-4.00287
19	96	-4.00287
2	5	-4.00249
3	4	-4.00249
62	69	-4.00244
63	68	-4.00244
3	92	4.00132
2	93	4.00132
55	88	-4.00131
54	89	-4.00131
5	52	-4.00063
4	53	-4.00063
36	40	2.99968
2	52	2.9989
26	36	2.99738
8	58	2.996
26	40	2.99565
18	22	2.99482
70	86	2.99028
16	64	2.98769
4	90	2.98636
46	88	2.98611
48	60	2.98522
30	96	2.98409
64	74	2.98245
12	40	2.98048
22	64	2.98044
20	96	2.97974
50	88	2.97856
12	36	2.97799
12	26	2.97731
8	56	2.97343
76	88	2.97256
12	80	2.97178
34	86	2.97013
22	74	2.96985
14	44	2.96962
30	90	2.96914
18	52	2.96887
4	30	2.9672
74	78	2.96651
50	76	2.96351
44	50	2.96315
56	58	2.96248
2	18	2.96234
18	74	2.96113
6	34	-2.96071
22	52	2.95991
18	64	2.95887
2	22	2.95709
4	96	2.95704
92	98	2.9562
6	68	2.95311
30	62	2.95101
46	50	2.95091
16	74	2.94979
38	44	2.94875
34	70	2.94816
38	50	2.94791
0	16	2.94603
16	24	2.94476
16	22	2.94381
62	84	2.94204
82	94	2.93458
32	40	2.93422
20	30	2.93399
90	96	2.93156
30	84	2.93101
34	68	-2.93089
32	36	2.92713
38	98	2.92695
32	56	2.92681
6	70	-2.92672
0	64	2.92578
10	84	2.92246
0	74	2.92241
46	76	2.92187
0	78	2.92077
84	96	2.92011
24	64	2.91898
14	46	2.91768
6	86	-2.91735
28	54	2.91728
44	88	2.91727
44	46	2.91642
62	90	2.9161
8	66	2.91501
20	84	2.91126
64	78	2.91104
40	80	2.90823
16	18	2.90817
26	80	2.90641
36	80	2.90343
56	66	2.9028
14	50	2.90038
12	32	2.90002
26	32	2.8985
22	24	2.89766
28	84	2.89679
2	64	2.89431
52	64	2.89412
62	96	2.89297
34	52	-2.89123
4	20	2.88986
28	62	2.88102
14	88	2.88086
22	78	2.88063
58	66	2.87755
2	24	2.87686
2	34	-2.87677
18	78	2.8766
6	14	2.87252
16	78	2.87243
18	68	2.87191
38	76	2.87177
52	74	2.87074
4	62	2.86931
10	20	2.86773
24	82	2.86666
14	68	2.86616
16	82	2.86581
38	88	2.86576
2	74	2.86321
32	66	2.86206
44	76	2.86068
24	52	2.86061
10	72	-2.86036
20	72	-2.85951
66	80	2.85809
18	24	2.85621
42	54	2.8556
52	68	2.85127
28	42	2.85041
2	16	2.84735
50	98	2.84727
14	38	2.84706
20	90	2.84486
0	22	2.84269
16	52	2.84201
24	94	2.84009
76	98	2.83966
12	66	2.83724
8	32	2.8352
0	82	2.83458
24	74	2.8337
18	34	-2.82847
68	86	-2.82814
84	90	2.82802
2	68	2.82741
42	62	2.824
20	62	2.82376
22	68	2.82191
38	46	2.82004
4	58	2.81851
32	80	2.8156
4	84	2.81526
68	70	-2.81074
52	86	-2.8095
10	96	2.808
0	24	2.80576
0	18	2.80409
32	58	2.8022
10	48	-2.80011
2	86	-2.79867
10	28	2.79797
46	68	2.79183
68	74	2.78653
28	60	-2.78603
64	82	2.78489
40	66	2.78424
38	92	2.78417
22	34	-2.78101
14	76	2.77854
44	98	2.77851
6	52	2.77644
10	30	2.7729
36	66	2.77029
4	8	2.76793
54	60	-2.76768
88	98	2.75841
40	56	2.75799
58	90	2.7558
10	62	2.75388
2	6	2.75323
72	96	-2.75066
28	48	-2.74946
24	48	2.74534
28	30	2.74527
6	18	2.74496
36	56	2.74447
52	78	2.74399
10	60	-2.74393
26	66	2.74266
12	56	2.74232
76	92	2.74137
6	44	2.74099
68	78	2.7395
52	70	-2.7386
24	60	2.73654
16	94	2.73573
44	68	2.73424
2	78	2.73041
64	68	2.72847
14	34	-2.72607
2	70	-2.72482
72	84	-2.72329
2	60	2.71181
18	86	-2.70602
4	56	2.70511
6	46	2.70509
26	56	2.70133
8	90	2.70111
50	92	2.6986
74	82	2.69665
24	78	2.69404
68	88	2.69272
58	96	2.69145
22	82	2.6884
28	96	2.68802
42	84	2.68573
6	22	2.68559
56	80	2.68489
52	60	2.68428
48	54	-2.68409
0	52	2.68226
0	2	2.68225
54	62	2.68209
34	74	-2.67797
54	84	2.67012
48	94	2.66994
46	98	2.66941
14	70	-2.66801
30	58	2.66676
48	84	-2.66213
34	64	-2.66177
20	28	2.66026
8	12	2.66022
22	86	-2.65746
2	48	2.65455
30	72	-2.65324
8	40	2.6522
64	94	2.64806
50	68	2.64791
46	78	2.64715
28	90	2.64303
60	84	-2.64189
30	42	2.64109
18	70	-2.63863
4	10	2.63762
8	36	2.6368
8	96	2.63552
16	68	2.63405
8	80	2.63381
14	86	-2.63275
0	94	2.63004
20	58	2.63002
42	90	2.62831
18	82	2.62653
48	52	2.62424
10	90	2.62321
14	98	2.62206
56	90	2.61864
88	92	2.61618
6	88	2.61346
6	74	2.61257
78	82	2.60909
8	30	2.60758
6	50	2.60703
12	58	2.60492
56	96	2.60391
40	58	2.60295
8	26	2.594
60	94	2.59211
44	92	2.59147
2	82	2.58767
36	58	2.58756
24	34	-2.58751
4	72	-2.58562
22	70	-2.58512
4	28	2.58421
10	54	2.57926
22	94	2.57805
8	20	2.57723
34	78	-2.57648
16	34	-2.57552
58	80	2.5741
14	18	2.57376
52	82	2.57202
20	56	2.57194
22	60	2.57077
46	74	2.56968
6	64	2.56879
34	46	-2.56764
54	86	2.56521
34	44	-2.56348
78	88	2.56094
24	68	2.5593
18	46	2.55692
30	56	2.55204
60	86	-2.54753
18	60	2.547
2	94	2.54572
6	78	2.54544
0	68	2.54406
26	58	2.54332
42	96	2.53964
16	60	2.53756
6	38	2.5353
74	86	-2.53481
68	76	2.53437
16	48	2.53347
4	42	2.53235
22	48	2.53203
62	72	-2.53155
64	86	-2.53011
74	94	2.5293
14	52	2.52795
14	78	2.52782
60	64	2.5261
48	82	2.52579
38	68	2.52417
52	94	2.52301
14	74	2.51788
18	94	2.51767
34	60	-2.51749
44	70	-2.51672
54	70	2.51653
72	90	-2.51621
14	22	2.51316
48	72	2.51309
46	92	2.50916
60	62	-2.50683
48	64	2.50558
48	62	-2.50352
22	46	2.50351
18	48	2.49905
24	86	-2.49905
2	14	2.49716
4	66	2.49672
30	54	2.48987
58	62	2.48681
28	72	-2.48658
42	60	-2.4833
6	16	2.47846
10	42	2.47518
60	82	2.47442
44	86	-2.4718
70	74	-2.47063
2	54	-2.46778
74	88	2.46777
60	70	-2.46691
4	32	2.46599
30	92	-2.46511
20	48	-2.46511
6	76	2.46196
34	88	-2.46115
20	42	2.46022
62	92	-2.45892
46	70	-2.45809
90	98	-2.45796
64	70	-2.45788
4	98	-2.45721
46	52	2.45485
50	78	2.45449
46	64	2.45358
6	24	2.45342
52	54	-2.45158
48	86	-2.45087
16	86	-2.45072
34	54	2.44916
30	98	-2.448
92	96	-2.44745
90	92	-2.44728
18	88	2.44429
84	92	-2.4426
76	78	2.44122
46	86	-2.44037
44	78	2.43895
4	92	-2.43821
96	98	-2.43505
14	64	2.43468
34	50	-2.43462
44	58	-2.43237
78	86	-2.4317
66	90	2.43129
34	48	-2.42933
18	44	2.42901
8	44	-2.42846
0	34	-2.42685
60	72	2.42683
8	62	2.42652
58	84	2.42583
10	94	-2.42516
2	46	2.42371
14	92	2.42351
60	74	2.42259
42	48	-2.42192
24	70	-2.42141
4	38	-2.42134
54	96	2.42091
8	14	-2.41894
30	48	-2.41871
14	56	-2.41759
38	58	-2.41657
48	96	-2.41606
20	92	-2.41575
20	60	-2.41355
14	58	-2.41217
44	56	-2.41145
50	58	-2.40789
62	98	-2.40743
0	46	2.40639
38	90	-2.40545
44	74	2.40343
50	56	-2.40322
54	90	2.40318
78	94	2.40287
8	38	-2.40177
46	56	-2.39838
8	50	-2.39759
58	72	-2.39633
32	68	-2.39542
20	98	-2.39489
30	60	-2.39459
56	72	-2.39433
20	54	2.39415
14	66	-2.39407
6	66	-2.39368
22	88	2.39367
48	74	2.39227
56	88	-2.39013
34	80	2.389
40	68	-2.38829
20	76	-2.3877
32	96	2.38667
36	68	-2.38534
12	68	-2.3833
70	78	-2.38146
32	46	-2.38
20	32	2.37983
16	70	-2.37964
12	34	2.37907
60	96	-2.3789
50	74	2.37853
4	50	-2.37792
32	90	2.37736
26	68	-2.37613
48	70	-2.3755
22	44	2.37533
76	96	-2.37524
6	80	-2.37279
84	98	-2.37254
80	86	2.37202
26	52	-2.37162
44	52	2.36936
18	50	2.36911
18	26	-2.36893
70	88	-2.36868
16	46	2.36842
8	84	2.3681
44	66	-2.36764
14	32	-2.36714
0	6	2.36594
50	70	-2.36591
58	88	-2.36517
18	36	-2.36505
2	26	-2.36461
30	38	-2.36417
38	56	-2.36365
38	96	-2.36275
36	52	-2.36274
8	72	-2.36133
24	54	-2.36123
18	40	-2.36117
6	12	-2.36086
4	76	-2.36082
46	58	-2.36079
28	92	-2.36079
40	52	-2.35944
8	46	-2.35931
58	98	-2.35921
56	62	2.35921
8	88	-2.35781
56	76	-2.35685
66	96	2.35607
14	16	2.35566
70	80	2.35517
32	88	-2.35503
2	36	-2.3542
68	80	-2.35379
64	88	2.35268
10	92	-2.35227
34	40	2.35124
12	52	-2.35051
2	40	-2.35046
34	38	-2.35031
22	26	-2.34973
50	96	-2.34912
34	36	2.3482
66	68	-2.34757
26	34	2.34656
6	32	-2.34624
4	44	-2.34563
0	60	2.3448
68	82	2.34475
86	88	-2.34426
22	36	-2.3437
52	88	2.34326
58	76	-2.34216
2	12	-2.34216
56	68	-2.34207
10	24	-2.34205
0	48	2.341
2	44	2.34053
8	98	-2.33909
22	40	-2.33873
0	42	-2.3372
34	66	2.33666
50	90	-2.33661
20	50	-2.33592
24	28	-2.33547
60	68	2.33512
32	50	-2.33482
2	28	-2.33421
4	54	2.33409
6	60	2.33348
6	40	-2.33301
30	76	-2.33298
74	76	2.33292
0	14	2.33285
66	70	2.33278
0	88	2.33239
56	84	2.33207
12	86	2.33196
50	86	-2.33108
6	56	-2.32968
30	66	2.32919
28	86	2.32909
32	44	-2.32857
8	76	-2.32848
6	36	-2.32727
12	18	-2.32713
72	76	2.32659
30	32	2.32581
4	88	-2.3223
38	70	-2.32151
44	64	2.32062
30	50	-2.32055
20	38	-2.32018
22	50	2.31965
38	66	-2.31906
22	54	-2.31902
18	54	-2.31838
6	8	-2.31812
20	88	-2.31799
72	94	2.31752
6	26	-2.31748
32	34	2.3169
52	80	-2.31646
76	90	-2.3155
66	86	2.315
32	76	-2.31445
2	88	2.31414
42	92	-2.31373
34	82	-2.31303
88	96	-2.31238
28	52	-2.31203
38	78	2.31132
20	66	2.31078
50	66	-2.31062
44	90	-2.31014
26	74	-2.30951
2	80	-2.30913
34	76	-2.30886
36	74	-2.30828
40	46	-2.30686
12	70	2.30678
58	92	-2.30598
80	92	-2.30598
56	98	-2.30589
12	14	-2.3052
36	46	-2.30346
40	74	-2.30315
0	86	-2.30195
18	32	-2.30138
14	80	-2.30113
12	22	-2.30043
8	68	-2.29906
34	94	-2.29889
26	64	-2.29717
18	76	2.29668
10	58	2.29527
14	40	-2.29342
6	54	-2.29308
54	72	-2.29279
48	90	-2.29264
46	66	-2.29253
6	58	-2.29189
36	64	-2.29085
26	46	-2.28905
68	98	2.28878
8	92	-2.28878
14	36	-2.28654
50	52	2.28627
40	64	-2.28463
38	62	-2.28459
40	86	2.28444
12	46	-2.2834
32	72	-2.28254
44	96	-2.28115
26	86	2.28098
40	88	-2.28096
6	98	2.28082
36	86	2.28066
50	64	2.2795
36	88	-2.27778
16	88	2.27758
0	44	2.27644
28	70	2.27597
4	46	-2.27596
32	52	-2.27583
58	68	-2.27566
38	86	-2.27446
66	88	-2.27402
88	90	-2.27272
60	90	-2.27246
54	64	-2.27202
10	98	-2.27178
22	32	-2.2711
30	88	-2.27019
14	26	-2.27005
4	48	-2.26851
18	80	-2.26836
60	78	2.26826
48	68	2.26798
0	50	2.26793
56	92	-2.26773
12	92	-2.26629
26	88	-2.26553
30	44	-2.26493
44	80	-2.26463
36	78	-2.26416
68	94	2.26399
6	82	2.26294
72	92	2.26281
14	24	2.26268
32	74	-2.26255
66	98	-2.26231
16	54	-2.26217
12	88	-2.26211
4	14	-2.26186
16	44	2.26114
12	44	-2.26105
2	32	-2.26105
26	78	-2.26053
84	94	-2.2601
40	78	-2.25964
38	74	2.25946
20	46	-2.25886
6	48	2.25885
2	50	2.25884
76	84	-2.25784
12	50	-2.25777
86	94	-2.25761
28	94	-2.25717
40	50	-2.25686
32	38	-2.25624
80	98	-2.25536
40	70	2.25534
46	96	-2.25487
34	56	2.25403
22	76	2.2539
40	76	-2.25388
42	72	-2.25384
28	98	-2.25213
36	50	-2.25209
72	88	2.25205
36	76	-2.25193
20	44	-2.25103
16	26	-2.25092
18	38	2.25084
42	86	2.25037
36	70	2.25026
10	82	-2.25015
32	78	-2.24968
8	10	2.24871
16	42	-2.24758
26	70	2.24734
12	74	-2.24687
0	70	-2.24583
40	44	-2.24549
42	78	-2.24545
26	76	-2.24516
4	40	2.24487
32	86	2.24475
28	34	2.24475
24	26	-2.24434
50	80	-2.24359
66	92	-2.24275
42	82	-2.24273
16	36	-2.24264
6	94	2.24247
38	84	-2.24166
4	60	-2.24103
46	80	-2.24051
12	76	-2.24019
26	50	-2.24018
48	78	2.23996
70	76	-2.23918
22	80	-2.23904
0	76	2.23882
36	44	-2.2387
10	56	2.23845
16	40	-2.23574
32	70	2.23464
12	64	-2.23457
38	80	-2.23436
4	36	2.23389
70	94	-2.2335
72	98	2.23336
42	98	-2.23307
66	76	-2.23298
38	82	2.23258
54	68	-2.23221
62	76	-2.23156
50	72	2.23096
82	86	-2.23095
54	74	-2.23057
24	42	-2.23021
10	76	-2.22843
24	36	-2.22808
2	10	-2.22722
8	34	2.22713
64	76	2.22674
26	92	-2.22649
14	82	2.22638
80	88	-2.22551
0	38	2.22542
46	90	-2.22526
42	64	-2.22516
4	12	2.22375
26	44	-2.22374
24	46	2.22277
12	98	-2.22198
32	64	-2.22154
54	92	-2.22092
2	42	-2.22088
24	40	-2.22062
14	90	-2.22012
40	92	-2.21984
42	70	2.21934
16	50	2.21878
36	92	-2.21797
24	84	-2.21667
32	98	-2.21536
50	62	-2.21529
22	38	2.21389
44	82	2.21333
30	46	-2.21325
42	74	-2.21292
12	38	-2.21249
0	54	-2.21207
76	86	-2.21201
22	28	-2.21192
76	80	-2.21031
50	84	-2.21013
32	92	-2.20984
16	28	-2.20957
28	82	-2.20948
42	52	-2.20924
82	90	-2.20811
8	70	2.20811
56	70	2.2078
62	82	-2.20668
62	94	-2.20588
52	76	2.20423
78	98	2.20358
10	52	-2.20291
52	66	-2.20155
82	98	2.19988
46	72	2.19902
4	26	2.19727
34	58	2.19701
18	28	-2.19685
56	86	2.19634
14	96	-2.19615
70	82	-2.19559
90	94	-2.19488
38	64	2.19463
12	78	-2.19423
22	42	-2.19309
28	64	-2.19278
12	24	-2.19151
28	58	2.19006
54	94	-2.18994
38	52	2.18961
66	72	-2.18834
2	66	-2.1882
4	80	2.18753
42	58	2.18701
18	66	-2.18607
12	16	-2.18604
20	94	-2.18583
8	86	2.18534
38	40	-2.18526
18	56	-2.18477
40	98	-2.18441
62	66	2.18363
26	98	-2.18167
36	98	-2.18084
40	90	2.18075
2	76	2.18044
30	94	-2.18003
36	38	-2.1794
58	70	2.17878
54	78	-2.17688
0	98	2.17684
38	72	2.17646
40	96	2.17583
18	42	-2.17474
84	88	-2.17472
14	30	-2.17459
38	94	2.1738
82	84	-2.17362
14	20	-2.17348
74	80	-2.17344
48	92	2.1723
20	40	2.17178
36	90	2.17153
46	82	2.17091
54	82	-2.1704
26	38	-2.17031
0	26	-2.16997
16	32	-2.16963
16	38	2.16944
16	76	2.16818
14	94	2.16799
2	38	2.16793
0	36	-2.16775
64	80	-2.16734
36	96	2.16687
32	62	2.16661
24	44	2.16571
44	62	-2.16556
94	96	-2.16553
82	92	2.16548
24	62	-2.16508
34	42	2.16506
12	90	2.16403
20	36	2.16364
62	88	-2.16364
10	16	-2.16273
0	28	-2.16262
0	40	-2.16184
60	92	2.16047
52	56	-2.16017
4	94	-2.15851
32	84	2.15776
56	78	-2.15749
58	86	2.15549
44	94	2.15531
60	80	-2.15457
56	74	-2.15431
22	66	-2.15412
22	56	-2.15303
10	50	-2.15262
10	38	-2.15234
4	82	-2.15118
30	82	-2.15074
2	84	-2.14996
42	94	-2.14954
26	60	-2.14918
8	28	2.14758
24	72	2.14756
12	96	2.14753
8	42	2.14739
50	82	2.14682
24	80	-2.14676
0	62	-2.14518
2	56	-2.14471
94	98	2.14399
12	60	-2.14314
24	88	2.14305
44	72	2.14166
26	90	2.14103
10	88	-2.14062
44	84	-2.13878
68	92	2.1386
10	22	-2.13856
80	90	2.1377
66	84	2.1374
34	98	-2.13703
12	20	2.13636
28	74	-2.13593
74	98	2.13487
26	96	2.13474
30	40	2.13457
72	82	2.13392
0	92	2.1329
10	86	2.13288
20	26	2.1321
10	64	-2.13131
52	84	-2.13127
0	32	-2.13122
8	18	-2.13036
54	80	2.12997
82	88	2.12852
92	94	2.12767
36	60	-2.12757
30	36	2.12652
6	92	2.12605
24	32	-2.12515
16	80	-2.12377
0	90	-2.12348
40	60	-2.12282
78	92	2.12251
66	74	-2.12123
26	48	-2.11925
78	80	-2.11906
40	72	-2.11902
46	84	-2.11647
10	18	-2.11637
6	28	-2.1159
54	98	-2.11461
12	30	2.11436
36	72	-2.11423
70	98	-2.11392
28	56	2.11379
8	52	-2.11368
56	64	-2.11263
16	62	-2.11171
46	62	-2.11139
10	32	2.11137
18	58	-2.11063
48	80	-2.11032
28	38	-2.10873
84	86	2.10859
80	96	2.1081
82	96	-2.1077
24	50	2.10754
38	42	-2.10741
12	48	-2.106
0	12	-2.10541
8	22	-2.10344
8	74	-2.10317
8	78	-2.10286
42	56	2.10245
64	66	-2.10221
58	94	-2.10095
58	82	-2.10066
2	8	-2.10012
28	76	-2.09952
26	30	2.099
36	48	-2.09869
2	62	-2.09851
18	98	2.09822
16	84	-2.09726
10	70	2.09704
58	78	-2.09677
10	34	2.09486
26	82	-2.09397
40	48	-2.09371
66	78	-2.09328
8	94	-2.09309
14	72	2.09306
8	82	-2.0923
58	74	-2.09167
20	80	2.09146
24	30	-2.09138
52	58	-2.09051
26	72	-2.0901
16	98	2.08934
20	82	-2.08904
64	98	2.08894
20	24	-2.08773
28	68	-2.08765
24	38	2.08753
10	46	-2.08685
66	94	-2.08626
30	80	2.08625
22	58	-2.08624
42	76	-2.086
36	82	-2.08588
4	6	-2.08566
28	78	-2.08535
86	98	-2.08521
4	68	-2.08491
14	60	2.08457
52	62	-2.08441
62	86	2.08355
14	62	-2.08271
12	54	2.08171
50	94	2.08157
40	82	-2.08074
24	90	-2.08055
22	98	2.08004
76	82	2.07931
48	98	2.07921
12	72	-2.07907
62	64	-2.07872
2	58	-2.07791
10	44	-2.07675
70	84	2.07553
16	56	-2.07522
46	94	2.07499
0	4	-2.07452
8	64	-2.07433
22	84	-2.0741
66	82	-2.07356
10	66	2.0727
26	94	-2.0727
24	96	-2.07244
16	66	-2.07213
16	90	-2.07185
64	84	-2.07181
6	42	-2.07139
0	30	-2.06953
0	10	-2.06891
34	84	2.06687
0	84	-2.06674
28	50	-2.06631
10	74	-2.06613
14	84	-2.06573
60	98	2.06546
24	66	-2.06507
42	68	-2.06503
0	56	-2.0643
58	64	-2.0636
36	94	-2.06144
26	54	2.06057
74	92	2.05971
18	84	-2.0597
24	76	2.05939
62	70	2.05935
42	50	-2.05893
22	62	-2.05773
40	94	-2.05691
6	90	-2.05665
0	58	-2.05602
78	90	-2.05582
62	78	-2.05478
14	54	-2.05459
8	16	-2.05443
0	8	-2.05417
12	82	-2.05325
68	90	-2.05208
42	88	-2.05165
54	58	2.05098
14	48	2.0504
28	80	2.05034
62	74	-2.05024
88	94	2.04986
0	80	-2.04935
68	96	-2.04918
52	98	2.04895
36	54	2.04891
16	92	2.04849
16	58	-2.04846
40	54	2.04761
2	72	2.04722
4	24	-2.04651
72	80	-2.04583
12	94	-2.0458
4	78	-2.04522
20	68	-2.04502
16	30	-2.04433
32	82	-2.04198
40	62	2.04195
64	90	-2.04189
18	62	-2.04169
16	72	2.04058
34	62	2.04054
56	82	-2.04038
70	72	-2.04036
28	88	-2.04034
6	96	-2.03983
0	66	-2.03946
80	94	-2.0382
2	98	2.0379
36	62	2.03787
34	92	-2.03767
24	56	-2.03762
40	84	2.03732
42	46	-2.03722
46	60	2.03679
52	72	2.0361
4	16	-2.03586
32	60	-2.03562
74	90	-2.03549
64	92	2.03516
2	20	-2.03435
48	58	-2.03424
72	86	-2.03407
56	94	-2.03402
36	84	2.03359
24	98	2.03276
8	54	2.03272
32	42	2.03263
12	62	2.03261
2	30	-2.03133
30	68	-2.03061
0	96	-2.03035
74	84	-2.03022
28	44	-2.03001
42	66	2.02973
76	94	2.02971
72	78	2.02963
80	82	-2.0296
6	30	-2.02958
12	84	2.02912
24	92	2.02869
8	24	-2.02827
6	20	-2.02818
42	44	-2.02677
54	66	2.02671
20	52	-2.02656
48	76	2.02652
28	66	2.02636
10	14	-2.02604
12	28	2.02601
62	80	2.0255
4	34	2.02495
10	40	2.0248
70	92	-2.0247
30	78	-2.02457
26	62	2.02426
18	92	2.02419
2	96	-2.02402
64	72	2.0239
10	36	2.02329
28	32	2.02324
30	52	-2.02315
4	74	-2.02261
24	58	-2.0225
30	86	2.02234
26	84	2.02225
6	10	-2.0213
32	48	-2.02119
30	64	-2.02118
22	72	2.02093
44	60	2.02078
10	68	-2.02057
78	96	-2.02053
60	66	-2.02037
20	78	-2.02023
4	70	2.02013
58	60	-2.01996
80	84	2.01974
38	54	-2.01968
16	96	-2.01897
46	48	2.01875
10	26	2.01872
8	48	-2.01849
22	92	2.01842
4	64	-2.01821
52	96	-2.01758
54	56	2.01699
32	94	-2.01586
26	28	2.01582
10	12	2.01573
60	76	2.01554
22	90	-2.01516
16	20	-2.01491
86	92	-2.0147
6	84	-2.01452
42	80	2.01441
48	56	-2.0144
68	72	2.01433
54	76	-2.01417
10	78	-2.01399
4	86	2.01396
86	96	2.01322
30	70	2.01312
26	42	2.01295
18	72	2.01281
70	90	2.01277
60	88	2.01229
36	42	2.01222
28	46	-2.01222
6	72	2.01172
46	54	-2.01149
34	96	2.01146
72	74	2.01097
56	60	-2.01094
20	86	2.01069
40	42	2.01061
30	34	2.01061
68	84	-2.01054
86	90	2.01027
34	90	2.01015
44	54	-2.0101
30	74	-2.01009
28	36	2.00946
78	84	-2.0091
8	60	-2.00909
28	40	2.00902
2	90	-2.00897
22	30	-2.00881
18	90	-2.00839
20	34	2.00826
6	62	-2.00821
14	28	-2.0082
20	22	-2.00781
0	20	-2.00778
38	48	2.00756
0	72	2.00743
18	20	-2.00688
48	88	2.00684
70	96	2.00665
34	72	-2.00663
10	80	2.00661
4	18	-2.00661
44	48	2.00653
50	60	2.00652
48	66	-2.00601
4	22	-2.00527
64	96	-2.00516
20	64	-2.00515
52	90	-2.00499
32	54	2.00465
48	50	2.00424
20	70	2.0028
18	30	-2.00278
52	92	2.00261
38	60	2.00243
74	96	-2.00237
22	96	-2.00235
20	74	-2.0022
50	54	-2.00217
12	42	2.00216
14	42	-2.00216
18	96	-2.00143
2	4	-2.00124
62	68	-2.00122
2	92	2.00066
54	88	-2.00065
4	52	-2.00031
