11	67	199.903
23	51	199.829
41	65	199.827
39	75	199.69
31	49	199.656
55	85	-199.537
5	61	199.33
1	55	-199.236
63	85	199.11
1	63	199.002
15	81	198.808
21	25	198.77
55	63	-198.729
23	89	198.573
25	67	198.33
51	89	198.304
1	85	198.282
19	59	198.097
11	25	197.984
3	81	197.966
93	99	197.834
65	99	197.551
73	93	197.51
5	69	197.432
41	99	196.985
29	53	196.287
77	93	196.246
7	11	196.095
19	95	196.048
73	77	195.893
21	67	195.887
89	97	195.74
27	97	195.581
7	67	194.897
11	21	194.885
1	65	-194.558
15	85	194.491
3	15	194.286
61	69	194.272
55	91	-194.011
1	41	-193.989
17	21	193.715
65	93	193.642
13	83	193.573
7	25	193.302
27	53	193.243
43	75	192.915
47	79	192.69
9	95	192.435
15	63	192.189
41	63	-192.047
1	91	192.044
63	65	-191.96
41	93	191.953
53	97	191.83
57	81	191.82
75	83	191.476
43	83	191.309
77	99	191.277
85	91	191.235
15	55	-191.152
73	99	191.046
5	49	190.876
5	31	190.644
65	77	190.49
31	69	190.289
23	97	190.176
77	91	-190.163
55	65	190.012
39	43	189.995
3	57	189.699
59	95	189.336
49	61	189.335
81	85	189.297
41	55	189.262
51	97	189.066
39	83	188.944
9	19	188.775
49	69	188.767
31	61	188.247
1	77	-188.022
41	77	187.937
63	91	187.772
65	85	-187.675
15	57	187.624
1	15	187.496
17	25	187.363
37	43	187.356
41	85	-187.318
7	21	186.803
1	99	-186.434
9	99	185.941
57	79	185.893
45	89	185.847
63	81	185.644
55	81	-185.262
27	89	185.202
55	77	185.071
13	69	185.016
41	95	184.77
65	73	184.619
33	59	184.378
71	91	184.166
29	97	184.068
45	51	184.024
51	77	183.869
1	93	-183.577
23	77	183.421
13	75	183.356
27	71	-183.104
9	41	182.602
13	39	182.34
17	67	182.292
35	59	182.232
41	73	182.003
63	99	-181.887
65	95	181.866
23	45	181.806
37	83	181.709
27	29	181.339
65	91	-181.267
63	77	-181.096
23	91	-180.886
9	65	180.85
51	73	180.757
45	97	180.632
23	71	-180.514
55	99	180.387
1	81	180.254
9	59	180.195
77	85	-180.165
11	17	180.061
95	99	179.868
71	97	-179.654
3	85	179.388
71	89	-179.387
57	85	179.182
51	91	-179.131
19	35	179.045
23	73	178.964
41	91	-178.814
15	91	178.482
23	27	178.326
47	71	178.225
91	93	-178.172
53	89	178.11
55	93	178.107
71	79	177.289
51	71	-177.279
63	93	-177.074
85	99	-176.75
9	93	176.63
55	57	-176.443
27	51	176.043
5	13	175.969
27	87	-175.915
73	91	-175.73
33	35	175.621
3	63	175.349
1	73	-174.943
57	91	174.599
29	45	174.526
91	99	-174.471
3	55	-174.289
13	43	174.196
77	89	173.8
81	91	173.533
19	33	173.333
85	93	-173.311
5	39	172.837
89	91	-172.794
39	61	172.733
9	35	172.699
47	87	172.594
39	69	172.18
17	61	-172.018
57	63	171.983
15	41	-171.962
57	71	171.489
15	65	-171.487
51	93	171.189
63	95	-171.095
29	89	170.963
13	61	170.9
45	53	170.491
55	73	169.965
69	75	169.892
23	93	169.854
73	89	169.792
5	75	169.371
17	39	-169.251
1	57	169.158
1	95	-168.907
61	75	168.757
1	3	168.612
19	41	168.595
53	87	-168.492
23	53	167.89
37	75	167.692
69	83	167.675
93	95	167.304
63	73	-166.934
51	53	166.669
7	17	166.35
5	17	-165.685
55	71	-165.658
35	95	165.54
9	73	165.253
19	65	165.071
47	57	164.653
19	99	164.573
17	75	-164.443
71	77	-164.35
73	85	-164.302
27	45	163.655
85	95	-162.67
71	85	162.585
27	47	-162.558
37	39	162.461
41	81	-162.37
55	95	162.23
1	9	-162.17
65	81	-161.945
53	71	-161.769
3	91	161.695
23	55	161.576
7	29	161.491
13	37	161.483
79	81	161.445
45	73	161.228
1	23	-160.976
9	63	-160.723
9	77	160.656
91	97	-160.353
51	55	160.238
5	83	160.216
1	71	160.176
15	77	-160.118
1	51	-160.088
23	29	159.943
29	51	159.622
3	79	159.422
89	93	159.047
13	31	158.777
51	99	158.658
79	91	158.228
87	97	-157.854
15	99	-157.576
23	99	157.574
21	61	-157.217
51	65	156.739
61	83	156.441
23	65	156.419
71	87	156.092
23	85	-156.023
41	59	155.773
15	79	155.614
77	97	155.548
45	77	155.541
13	49	155.463
33	95	155.398
63	71	154.954
77	95	154.868
51	85	-154.61
9	55	154.594
29	87	-153.939
15	95	-153.872
15	71	153.838
71	81	153.679
17	69	-153.562
27	91	-153.549
19	63	-153.1
73	95	153.067
11	29	153.001
9	85	-152.894
41	51	152.781
23	63	-152.565
23	41	152.464
15	93	-152.459
59	65	152.032
77	81	-151.969
51	63	-151.588
55	89	151.581
59	99	151.418
61	67	-151.185
19	93	150.964
79	85	150.636
29	67	150.527
3	41	-150.481
71	73	-150.398
1	89	-150.336
5	21	-150.315
1	19	-150.197
73	97	150.189
7	53	150.036
25	61	-149.97
55	79	-149.873
3	65	-149.769
27	79	-149.687
43	69	149.311
11	61	-148.76
57	65	-148.568
33	37	-148.537
79	87	147.996
81	99	-147.925
47	91	147.896
41	57	-147.859
47	97	-147.37
37	71	147.353
57	77	-147.068
71	93	-147.021
45	93	146.925
29	71	-146.887
31	39	146.867
85	89	-146.338
83	91	146.292
39	49	146.19
89	99	146.18
21	39	-145.981
13	81	145.724
5	43	145.704
9	33	145.638
13	15	145.622
17	49	-145.577
43	77	-145.306
45	71	-145.3
81	95	-145.242
3	71	145.176
65	89	144.941
11	53	144.847
75	77	-144.794
65	71	-144.564
5	67	-144.544
19	85	-144.514
43	91	144.508
13	57	144.417
23	37	-144.374
37	89	-144.331
1	39	144.264
39	77	-144.231
1	75	144.194
23	43	-144.159
39	65	-144.114
55	83	-144.093
45	91	-144.038
43	61	144.011
43	51	-143.864
31	75	143.823
37	97	-143.756
75	91	143.676
19	55	143.606
9	17	143.591
83	85	143.499
5	25	-143.432
39	41	-143.392
81	93	-143.351
65	75	-143.29
55	75	-143.285
13	85	143.276
15	73	-143.244
37	51	-143.034
39	55	-143.031
91	95	-143.01
3	13	142.976
27	37	-142.836
49	75	142.82
53	67	142.785
15	69	142.72
1	79	142.652
17	43	-142.529
41	75	-142.432
17	31	-142.413
39	93	-142.411
63	79	142.352
63	89	-142.318
5	11	-142.309
27	77	142.263
39	99	-142.219
39	91	142.203
47	53	-142.19
1	83	142.129
75	93	-141.998
39	63	141.991
13	55	-141.972
87	89	-141.781
63	75	141.716
69	81	141.696
59	63	-141.586
9	91	-141.466
75	85	141.463
13	17	-141.442
41	71	-141.426
39	85	141.325
23	57	-141.308
75	99	-141.256
37	91	141.212
63	83	141.204
21	75	-141.124
41	89	141.071
43	73	-141.002
11	35	140.901
3	69	140.886
13	63	140.657
35	67	140.577
43	89	-140.352
47	89	-140.349
33	43	-140.34
25	29	140.267
7	35	140.162
15	23	-140.16
9	21	140.129
43	93	-139.931
17	83	-139.883
23	47	-139.819
3	77	-139.807
73	75	-139.793
9	15	-139.67
39	73	-139.635
71	83	139.589
15	83	139.481
57	83	139.467
93	97	139.451
25	35	139.41
71	99	-139.384
79	97	-139.059
1	13	139.019
13	91	138.929
15	19	-138.691
15	51	-138.635
1	43	138.566
51	57	-138.504
21	69	-138.492
5	15	138.473
31	83	138.341
5	63	138.285
63	69	138.17
43	55	-138.126
1	59	-138.093
17	95	138.079
3	95	-138.061
59	93	138.017
69	85	137.972
81	83	137.719
17	99	137.699
61	63	137.628
55	97	137.575
21	35	137.561
43	65	-137.467
19	73	137.379
47	81	137.366
57	99	-137.336
43	71	137.157
57	89	-137.148
23	79	-137.017
19	77	137.01
35	99	136.893
77	83	-136.801
9	25	136.741
11	87	-136.718
43	99	-136.695
47	51	-136.688
23	81	-136.611
67	87	-136.441
5	85	136.432
25	39	-136.225
3	99	-136.209
41	43	-136.13
27	57	-135.915
57	93	-135.838
5	81	135.82
17	19	135.784
49	83	135.705
15	61	135.58
55	69	-135.488
79	89	-135.482
43	85	135.407
49	67	-135.4
35	41	135.349
17	41	135.311
21	49	-135.299
73	81	-135.213
1	97	-135.045
61	85	135.024
27	73	134.997
37	77	-134.976
51	81	-134.958
19	67	134.838
1	5	134.835
23	87	-134.795
61	95	-134.771
43	63	134.736
9	67	134.677
17	65	134.594
41	61	-134.558
7	61	-134.508
1	61	134.493
1	69	134.419
5	55	-134.382
57	97	-134.33
53	91	-134.302
59	67	134.248
19	21	134.225
65	83	-134.199
3	47	134.003
3	5	133.951
11	19	133.873
45	99	133.795
11	49	-133.787
47	55	-133.766
51	79	-133.742
37	59	-133.557
11	59	133.537
59	85	-133.522
9	11	133.493
49	87	133.448
41	83	-133.423
67	69	-133.409
55	61	-133.284
61	65	-133.279
85	97	-133.198
17	93	133.193
15	47	133.178
77	79	-133.039
23	75	-132.966
15	89	-132.946
47	85	132.927
25	69	-132.887
37	53	-132.879
21	95	132.832
51	75	-132.784
5	41	-132.759
23	83	-132.734
35	65	132.705
37	55	-132.637
51	87	-132.626
15	75	132.488
15	39	132.432
61	81	132.279
43	97	-132.251
55	59	132.204
19	25	132.186
33	83	-132.167
25	53	132.167
9	81	-132.126
3	83	132.123
3	31	132.107
31	67	-132.005
21	31	-131.948
19	81	-131.889
3	93	-131.757
39	95	-131.736
1	37	131.728
11	69	-131.713
25	75	-131.705
17	59	131.691
53	79	-131.629
5	65	-131.628
21	59	131.515
7	87	-131.492
51	83	-131.49
21	29	131.375
7	79	-131.227
5	95	-131.203
81	89	-130.881
33	75	-130.872
25	49	-130.848
17	35	130.825
79	83	130.808
27	55	130.781
15	31	130.776
37	85	130.645
37	47	130.567
11	31	-130.554
23	39	-130.433
75	95	-130.354
39	51	-130.353
25	59	130.341
67	95	130.336
57	73	-130.282
15	59	-130.256
31	81	130.224
57	69	130.064
5	7	-130.044
13	79	130.028
3	61	129.979
39	67	-129.963
33	53	129.902
7	27	129.894
9	39	-129.848
3	49	129.617
1	45	-129.599
13	71	129.547
83	93	-129.433
45	55	129.407
3	23	-129.348
33	39	-129.332
15	49	129.259
25	95	129.253
31	87	129.198
45	65	129.186
37	63	129.119
11	95	128.997
19	61	-128.923
19	37	-128.72
83	99	-128.679
83	89	-128.628
25	87	-128.592
13	65	-128.538
53	77	128.518
37	79	128.474
37	45	-128.473
75	81	128.466
41	69	-128.445
29	47	-128.338
13	41	-128.321
63	97	-128.284
43	45	-128.261
39	81	128.249
9	75	-128.206
49	81	128.176
45	87	-128.139
3	51	-128.078
37	73	-128.044
47	77	-127.898
1	47	127.894
37	65	-127.861
71	75	127.86
97	99	127.844
25	31	-127.812
3	19	-127.701
65	97	127.701
61	99	-127.692
65	69	-127.67
11	39	-127.57
73	83	-127.507
29	33	127.494
37	69	127.315
17	73	127.259
1	27	-127.238
27	85	-127.133
65	79	-127.133
37	41	-127.109
37	93	-127.03
75	89	-127.02
35	93	126.671
57	95	-126.658
43	59	-126.529
13	77	-126.517
19	39	-126.422
21	99	126.411
27	93	126.381
11	27	126.333
13	21	-126.24
41	45	126.151
37	57	126.103
45	85	-126.088
33	67	125.996
57	75	125.906
3	89	-125.872
21	87	-125.844
59	61	-125.832
11	33	125.819
43	95	-125.763
27	43	-125.75
7	9	125.748
41	79	-125.744
59	73	125.73
47	63	125.623
7	97	125.62
19	75	-125.521
29	37	-125.507
67	75	-125.481
19	91	-125.474
7	59	125.371
5	99	-125.362
31	43	125.328
37	95	-125.313
15	43	125.173
59	77	125.137
69	91	125.116
3	73	-125.057
3	9	-125.022
7	19	125.013
37	99	-124.975
29	91	-124.97
5	19	-124.963
7	47	-124.953
39	71	124.922
53	73	124.855
19	43	-124.835
3	45	-124.829
59	81	-124.79
27	67	124.784
39	57	124.759
21	53	124.724
1	17	-124.721
33	87	-124.703
31	63	124.691
17	77	124.645
25	79	-124.61
9	61	-124.549
39	59	-124.506
79	93	-124.476
49	63	124.458
9	51	124.419
41	97	124.403
7	69	-124.389
45	63	-124.329
39	89	-124.259
59	75	-124.197
9	43	-124.169
27	33	123.974
81	97	-123.8
29	79	-123.781
15	97	-123.746
69	95	-123.73
17	63	-123.719
21	41	123.702
7	49	-123.66
43	49	123.572
7	57	-123.515
31	85	123.401
3	35	-123.362
3	7	-123.343
31	45	-123.326
11	75	-123.253
9	23	123.242
43	57	123.202
15	37	123.068
73	79	-122.969
79	99	-122.961
9	57	-122.882
49	85	122.698
83	97	-122.696
5	91	122.693
21	65	122.622
47	83	122.592
3	59	-122.556
83	95	-122.541
47	73	-122.46
61	93	-122.431
53	57	-122.393
5	57	122.391
29	35	122.259
29	77	122.16
37	87	122.104
7	31	-122.101
35	63	-122.068
5	59	-122.067
17	33	122.026
45	81	-121.943
3	75	121.93
13	25	-121.876
3	39	121.837
11	79	-121.829
35	79	-121.82
43	81	121.674
21	83	-121.665
27	63	-121.621
21	43	-121.543
15	45	-121.468
61	91	121.347
45	49	-121.293
21	33	121.282
13	99	-121.273
25	47	-121.244
3	97	-121.236
21	93	121.118
25	33	121.036
17	55	120.834
25	99	120.83
35	57	-120.819
29	57	-120.814
29	73	120.755
5	93	-120.739
21	79	-120.721
67	79	-120.698
5	37	120.663
49	95	-120.636
37	81	120.625
69	99	-120.584
59	83	-120.553
61	77	-120.521
5	9	-120.498
31	55	-120.455
35	81	-120.427
3	29	-120.397
13	93	-120.307
7	33	120.298
47	93	-120.239
13	33	-120.233
61	87	120.151
1	35	-120.135
27	81	-120.132
11	47	-120.123
27	83	-120.114
1	31	120.109
5	77	-120.045
11	97	119.93
1	49	119.908
17	85	-119.905
87	91	119.871
33	41	119.868
49	55	-119.86
15	35	-119.593
13	23	-119.486
7	45	119.451
19	83	-119.403
7	95	119.394
15	27	-119.388
47	67	-119.334
43	79	119.262
35	37	-119.22
57	87	118.984
69	77	-118.889
57	61	118.79
45	57	-118.674
33	97	118.619
51	95	118.588
13	51	-118.446
31	95	-118.371
25	41	118.336
13	67	-118.332
27	65	118.315
13	95	-118.291
67	97	118.275
21	47	-118.196
35	43	-118.096
41	49	-118.064
23	95	118.062
9	37	-118.033
33	61	-118.013
37	61	118.011
35	73	117.921
35	85	-117.904
13	47	117.389
11	13	-117.372
75	97	-117.351
19	69	-117.347
69	93	-117.293
7	39	-117.28
67	99	117.23
7	13	-117.229
31	41	-117.215
25	65	117.208
27	99	117.167
33	65	117.157
13	73	-117.103
3	27	-117.091
5	87	117.025
33	99	116.917
35	53	116.895
17	87	-116.883
43	47	116.874
49	65	-116.81
35	55	116.809
47	65	-116.776
29	49	-116.775
75	79	116.712
45	75	-116.657
9	79	-116.636
29	31	-116.512
43	53	-116.5
25	27	116.472
19	49	-116.439
19	57	-116.351
61	73	-116.297
47	99	-116.189
41	67	116.131
31	65	-116.104
25	83	-116.018
53	93	115.975
31	57	115.872
13	89	-115.799
59	91	-115.796
11	99	115.794
5	33	-115.684
27	41	115.666
25	93	115.637
53	55	115.572
21	73	115.494
7	81	-115.493
45	83	-115.473
9	83	-115.394
59	87	-115.385
5	73	-115.27
3	43	115.264
45	47	-115.262
39	79	115.156
25	57	-115.125
41	47	-115.079
59	69	-115.031
9	89	114.956
49	59	-114.898
3	37	114.86
39	45	-114.771
65	67	114.74
11	41	114.672
39	97	-114.544
29	81	-114.342
17	91	-114.271
3	53	-114.265
25	43	-114.257
7	75	-114.138
3	11	-114.135
35	47	-114.114
29	59	114.108
35	39	-114.103
3	25	-114.048
15	17	-113.983
19	31	-113.95
17	29	113.845
35	77	113.814
35	75	-113.77
49	57	113.591
53	59	113.588
17	37	-113.519
11	57	-113.466
13	19	-113.458
11	65	113.317
1	53	-113.285
3	67	-113.284
13	59	-113.279
9	69	-113.276
45	69	-113.195
69	73	-113.149
7	89	113.14
1	21	-113.025
53	85	-112.96
21	63	-112.904
49	53	-112.821
17	79	-112.63
9	71	-112.517
57	67	-112.487
31	59	-112.393
21	57	-112.279
21	77	112.173
53	81	-112.067
29	93	112.055
49	99	-112.054
33	69	-112.038
27	75	-111.777
29	43	-111.712
33	63	-111.683
67	93	111.569
45	79	-111.525
31	53	-111.517
3	21	-111.494
17	81	-111.491
21	27	111.341
67	83	-111.315
71	95	-111.256
13	45	-111.249
31	99	-111.247
11	45	111.185
25	97	111.134
13	97	-110.979
57	59	-110.911
9	47	-110.752
89	95	110.711
19	87	-110.602
25	73	110.588
47	75	110.487
17	47	-110.449
29	55	110.442
11	93	110.337
15	29	-110.331
9	45	110.299
69	79	110.281
17	53	110.243
7	71	-110.236
11	83	-110.207
7	15	-110.152
21	55	110.088
77	87	-110.066
69	87	110.047
3	17	-110.033
25	81	-109.941
21	85	-109.929
9	49	-109.914
31	91	109.871
33	89	109.864
9	13	-109.859
15	53	-109.774
17	57	-109.714
45	67	109.651
53	83	-109.535
79	95	-109.5
69	71	109.422
53	63	-109.285
49	93	-109.283
27	39	-109.22
1	33	-109.195
11	81	-109.162
73	87	-109.133
21	81	-109.131
5	45	-109.109
25	63	-109.089
13	27	-109.062
43	67	-109.044
49	91	109.03
33	93	109.004
19	29	109.001
35	87	-108.989
31	93	-108.963
29	85	-108.934
39	47	108.808
1	25	-108.807
67	81	-108.791
29	61	-108.747
7	99	108.725
33	49	-108.685
7	83	-108.648
35	61	-108.604
15	21	-108.586
1	29	-108.494
53	99	108.429
31	37	108.405
53	65	108.295
11	89	108.249
31	77	-108.216
9	31	-108.173
19	53	108.079
31	73	-108.071
3	33	-108.035
15	33	-108.017
49	77	-107.97
49	73	-107.936
15	25	-107.882
19	51	107.84
63	67	-107.759
5	29	-107.742
11	43	-107.681
25	77	107.544
19	23	107.431
33	85	-107.407
7	41	107.367
29	69	-107.347
51	69	-107.343
23	69	-107.295
27	35	107.223
35	91	-107.163
67	89	107.127
7	23	107.02
1	67	-107.01
31	33	-106.994
27	59	106.984
15	67	-106.883
25	85	-106.859
55	87	-106.841
45	61	-106.836
35	83	-106.832
11	15	-106.813
11	63	-106.805
33	71	-106.774
7	51	106.768
33	45	106.714
25	55	106.638
37	49	106.624
67	73	106.624
21	97	106.579
41	53	106.523
33	81	-106.47
33	55	106.462
7	65	106.408
17	51	106.121
53	61	-106.102
27	49	-106.087
29	83	-106.078
1	11	-106.014
23	33	105.963
29	63	-105.949
33	47	-105.85
5	71	105.799
11	73	105.713
85	87	105.684
17	23	105.624
5	35	-105.608
19	79	-105.574
11	71	-105.572
29	99	105.539
33	51	105.431
5	51	-105.431
45	95	105.381
67	85	-105.359
5	23	-105.32
87	95	-105.259
25	45	105.237
35	97	105.1
5	79	105.006
43	87	104.968
55	67	104.935
7	93	104.924
29	65	104.853
9	97	104.769
67	77	104.737
67	71	-104.727
27	31	-104.688
11	85	-104.678
51	61	-104.633
69	89	-104.62
1	87	104.599
21	91	-104.594
23	61	-104.529
5	53	-104.452
53	75	-104.447
13	29	-104.444
61	71	104.428
87	93	-104.365
83	87	104.332
81	87	104.283
31	51	-104.225
11	55	104.187
49	97	-104.018
31	97	-103.939
11	77	103.89
33	73	103.818
31	89	-103.733
7	63	-103.712
7	85	-103.65
33	77	103.648
11	23	103.631
15	87	103.601
59	97	103.597
47	49	103.54
29	41	103.533
19	89	103.419
11	51	103.402
35	45	103.387
61	79	103.369
49	51	-103.344
23	31	-103.323
7	43	-103.271
51	59	103.237
59	79	-103.223
25	89	103.167
95	97	103.163
21	37	-103.157
25	71	-103.106
63	87	103.098
19	71	-103.075
23	59	103.057
13	53	-103.035
19	27	103.033
49	89	-103.017
23	67	102.963
39	53	-102.888
17	27	102.794
9	87	-102.763
51	67	102.762
29	95	102.731
7	55	102.591
3	87	102.587
1	7	-102.584
53	69	-102.532
23	49	-102.524
47	95	-102.52
9	29	102.502
5	89	-102.48
31	47	102.47
53	95	102.444
35	71	-102.418
17	89	102.416
7	73	102.303
33	79	-102.28
7	37	-102.161
25	91	-102.128
21	45	101.998
29	75	-101.921
27	61	-101.713
47	69	101.712
61	89	-101.703
35	69	-101.695
19	97	101.601
31	79	101.575
59	89	101.533
19	47	-101.524
47	59	-101.445
13	35	-101.443
27	95	101.416
33	91	-101.408
35	49	-101.334
9	53	101.334
33	57	-101.324
17	71	-101.295
21	89	101.283
25	37	-101.276
69	97	-101.258
21	71	-101.248
87	99	-101.183
17	97	101.058
9	27	101.057
7	91	-101.054
13	87	101.021
35	89	101.02
21	51	100.982
65	87	-100.943
25	51	100.941
19	45	100.93
23	25	100.929
29	39	-100.918
49	79	100.842
21	23	100.802
7	77	100.793
5	27	-100.776
59	71	-100.75
67	91	-100.719
31	71	100.682
35	51	100.613
31	35	-100.59
17	45	100.508
41	87	-100.486
49	71	100.483
11	91	-100.44
23	35	100.401
11	37	-100.133
45	59	100.126
5	97	-100.097
5	47	100.095
75	87	100.087
37	67	-100.08
39	87	100.049
47	61	100.044
61	97	-100.028
27	69	-100.007
40	41	20
44	45	20
36	37	20
42	43	20
46	47	20
34	35	20
94	95	20
86	87	20
88	89	20
32	33	20
96	97	20
38	39	20
92	93	20
48	49	20
90	91	20
78	79	20
14	15	20
74	75	20
72	73	20
16	17	20
70	71	20
80	81	20
18	19	20
68	69	20
82	83	20
66	67	20
20	21	20
64	65	20
62	63	20
60	61	20
22	23	20
58	59	20
56	57	20
24	25	20
54	55	20
26	27	20
52	53	20
50	51	20
76	77	20
84	85	20
30	31	20
28	29	20
0	1	20
98	99	20
4	5	20
2	3	20
10	11	20
8	9	20
12	13	20
6	7	20
10	67	19.9903
11	66	19.9903
22	51	19.9829
23	50	19.9829
40	65	19.9827
41	64	19.9827
39	74	19.969
38	75	19.969
31	48	19.9656
30	49	19.9656
54	85	-19.9537
55	84	-19.9537
4	61	19.933
5	60	19.933
1	54	-19.9236
0	55	-19.9236
62	85	19.911
63	84	19.911
0	63	19.9002
1	62	19.9002
14	81	19.8808
15	80	19.8808
20	25	19.877
21	24	19.877
55	62	-19.8729
54	63	-19.8729
22	89	19.8573
23	88	19.8573
24	67	19.833
25	66	19.833
50	89	19.8304
51	88	19.8304
1	84	19.8282
0	85	19.8282
18	59	19.8097
19	58	19.8097
10	25	19.7984
11	24	19.7984
2	81	19.7966
3	80	19.7966
93	98	19.7834
92	99	19.7834
65	98	19.7551
64	99	19.7551
73	92	19.751
72	93	19.751
4	69	19.7432
5	68	19.7432
41	98	19.6985
40	99	19.6985
29	52	19.6287
28	53	19.6287
76	93	19.6246
77	92	19.6246
7	10	19.6095
6	11	19.6095
18	95	19.6048
19	94	19.6048
72	77	19.5893
73	76	19.5893
20	67	19.5887
21	66	19.5887
88	97	19.574
89	96	19.574
26	97	19.5581
27	96	19.5581
7	66	19.4897
6	67	19.4897
10	21	19.4885
11	20	19.4885
0	65	-19.4558
1	64	-19.4558
14	85	19.4491
15	84	19.4491
2	15	19.4286
3	14	19.4286
60	69	19.4272
61	68	19.4272
54	91	-19.4011
55	90	-19.4011
0	41	-19.3989
1	40	-19.3989
16	21	19.3715
17	20	19.3715
65	92	19.3642
64	93	19.3642
12	83	19.3573
13	82	19.3573
6	25	19.3302
7	24	19.3302
26	53	19.3243
27	52	19.3243
43	74	19.2915
42	75	19.2915
47	78	19.269
46	79	19.269
9	94	19.2435
8	95	19.2435
14	63	19.2189
15	62	19.2189
40	63	-19.2047
41	62	-19.2047
0	91	19.2044
1	90	19.2044
63	64	-19.196
62	65	-19.196
41	92	19.1953
40	93	19.1953
52	97	19.183
53	96	19.183
57	80	19.182
56	81	19.182
75	82	19.1476
74	83	19.1476
42	83	19.1309
43	82	19.1309
76	99	19.1277
77	98	19.1277
85	90	19.1235
84	91	19.1235
14	55	-19.1152
15	54	-19.1152
73	98	19.1046
72	99	19.1046
4	49	19.0876
5	48	19.0876
5	30	19.0644
4	31	19.0644
65	76	19.049
64	77	19.049
31	68	19.0289
30	69	19.0289
22	97	19.0176
23	96	19.0176
77	90	-19.0163
76	91	-19.0163
55	64	19.0012
54	65	19.0012
39	42	18.9995
38	43	18.9995
2	57	18.9699
3	56	18.9699
59	94	18.9336
58	95	18.9336
49	60	18.9335
48	61	18.9335
80	85	18.9297
81	84	18.9297
40	55	18.9262
41	54	18.9262
50	97	18.9066
51	96	18.9066
39	82	18.8944
38	83	18.8944
8	19	18.8775
9	18	18.8775
48	69	18.8767
49	68	18.8767
31	60	18.8247
30	61	18.8247
0	77	-18.8022
1	76	-18.8022
40	77	18.7937
41	76	18.7937
62	91	18.7772
63	90	18.7772
64	85	-18.7675
65	84	-18.7675
14	57	18.7624
15	56	18.7624
0	15	18.7496
1	14	18.7496
17	24	18.7363
16	25	18.7363
37	42	18.7356
36	43	18.7356
41	84	-18.7318
40	85	-18.7318
7	20	18.6803
6	21	18.6803
0	99	-18.6434
1	98	-18.6434
8	99	18.5941
9	98	18.5941
56	79	18.5893
57	78	18.5893
45	88	18.5847
44	89	18.5847
63	80	18.5644
62	81	18.5644
54	81	-18.5262
55	80	-18.5262
27	88	18.5202
26	89	18.5202
55	76	18.5071
54	77	18.5071
12	69	18.5016
13	68	18.5016
40	95	18.477
41	94	18.477
64	73	18.4619
65	72	18.4619
33	58	18.4378
32	59	18.4378
71	90	18.4166
70	91	18.4166
29	96	18.4068
28	97	18.4068
45	50	18.4024
44	51	18.4024
50	77	18.3869
51	76	18.3869
1	92	-18.3577
0	93	-18.3577
23	76	18.3421
22	77	18.3421
12	75	18.3356
13	74	18.3356
27	70	-18.3104
26	71	-18.3104
8	41	18.2602
9	40	18.2602
12	39	18.234
13	38	18.234
16	67	18.2292
17	66	18.2292
35	58	18.2232
34	59	18.2232
40	73	18.2003
41	72	18.2003
62	99	-18.1887
63	98	-18.1887
64	95	18.1866
65	94	18.1866
22	45	18.1806
23	44	18.1806
36	83	18.1709
37	82	18.1709
27	28	18.1339
26	29	18.1339
65	90	-18.1267
64	91	-18.1267
63	76	-18.1096
62	77	-18.1096
22	91	-18.0886
23	90	-18.0886
8	65	18.085
9	64	18.085
51	72	18.0757
50	73	18.0757
45	96	18.0632
44	97	18.0632
22	71	-18.0514
23	70	-18.0514
54	99	18.0387
55	98	18.0387
1	80	18.0254
0	81	18.0254
8	59	18.0195
9	58	18.0195
77	84	-18.0165
76	85	-18.0165
10	17	18.0061
11	16	18.0061
95	98	17.9868
94	99	17.9868
70	97	-17.9654
71	96	-17.9654
3	84	17.9388
2	85	17.9388
71	88	-17.9387
70	89	-17.9387
56	85	17.9182
57	84	17.9182
50	91	-17.9131
51	90	-17.9131
18	35	17.9045
19	34	17.9045
23	72	17.8964
22	73	17.8964
41	90	-17.8814
40	91	-17.8814
14	91	17.8482
15	90	17.8482
23	26	17.8326
22	27	17.8326
47	70	17.8225
46	71	17.8225
90	93	-17.8172
91	92	-17.8172
53	88	17.811
52	89	17.811
55	92	17.8107
54	93	17.8107
71	78	17.7289
70	79	17.7289
51	70	-17.7279
50	71	-17.7279
62	93	-17.7074
63	92	-17.7074
84	99	-17.675
85	98	-17.675
8	93	17.663
9	92	17.663
55	56	-17.6443
54	57	-17.6443
26	51	17.6043
27	50	17.6043
5	12	17.5969
4	13	17.5969
26	87	-17.5915
27	86	-17.5915
72	91	-17.573
73	90	-17.573
33	34	17.5621
32	35	17.5621
2	63	17.5349
3	62	17.5349
1	72	-17.4943
0	73	-17.4943
57	90	17.4599
56	91	17.4599
28	45	17.4526
29	44	17.4526
91	98	-17.4471
90	99	-17.4471
3	54	-17.4289
2	55	-17.4289
13	42	17.4196
12	43	17.4196
76	89	17.38
77	88	17.38
81	90	17.3533
80	91	17.3533
18	33	17.3333
19	32	17.3333
85	92	-17.3311
84	93	-17.3311
4	39	17.2837
5	38	17.2837
88	91	-17.2794
89	90	-17.2794
38	61	17.2733
39	60	17.2733
9	34	17.2699
8	35	17.2699
47	86	17.2594
46	87	17.2594
38	69	17.218
39	68	17.218
17	60	-17.2018
16	61	-17.2018
57	62	17.1983
56	63	17.1983
15	40	-17.1962
14	41	-17.1962
56	71	17.1489
57	70	17.1489
15	64	-17.1487
14	65	-17.1487
51	92	17.1189
50	93	17.1189
62	95	-17.1095
63	94	-17.1095
28	89	17.0963
29	88	17.0963
12	61	17.09
13	60	17.09
44	53	17.0491
45	52	17.0491
54	73	16.9965
55	72	16.9965
69	74	16.9892
68	75	16.9892
22	93	16.9854
23	92	16.9854
72	89	16.9792
73	88	16.9792
5	74	16.9371
4	75	16.9371
16	39	-16.9251
17	38	-16.9251
0	57	16.9158
1	56	16.9158
0	95	-16.8907
1	94	-16.8907
60	75	16.8757
61	74	16.8757
0	3	16.8612
1	2	16.8612
18	41	16.8595
19	40	16.8595
52	87	-16.8492
53	86	-16.8492
23	52	16.789
22	53	16.789
36	75	16.7692
37	74	16.7692
69	82	16.7675
68	83	16.7675
93	94	16.7304
92	95	16.7304
62	73	-16.6934
63	72	-16.6934
50	53	16.6669
51	52	16.6669
6	17	16.635
7	16	16.635
4	17	-16.5685
5	16	-16.5685
55	70	-16.5658
54	71	-16.5658
35	94	16.554
34	95	16.554
9	72	16.5253
8	73	16.5253
18	65	16.5071
19	64	16.5071
47	56	16.4653
46	57	16.4653
18	99	16.4573
19	98	16.4573
16	75	-16.4443
17	74	-16.4443
71	76	-16.435
70	77	-16.435
73	84	-16.4302
72	85	-16.4302
27	44	16.3655
26	45	16.3655
85	94	-16.267
84	95	-16.267
71	84	16.2585
70	85	16.2585
26	47	-16.2558
27	46	-16.2558
36	39	16.2461
37	38	16.2461
41	80	-16.237
40	81	-16.237
54	95	16.223
55	94	16.223
1	8	-16.217
0	9	-16.217
64	81	-16.1945
65	80	-16.1945
52	71	-16.1769
53	70	-16.1769
2	91	16.1695
3	90	16.1695
22	55	16.1576
23	54	16.1576
6	29	16.1491
7	28	16.1491
12	37	16.1483
13	36	16.1483
78	81	16.1445
79	80	16.1445
44	73	16.1228
45	72	16.1228
1	22	-16.0976
0	23	-16.0976
9	62	-16.0723
8	63	-16.0723
8	77	16.0656
9	76	16.0656
91	96	-16.0353
90	97	-16.0353
51	54	16.0238
50	55	16.0238
4	83	16.0216
5	82	16.0216
1	70	16.0176
0	71	16.0176
14	77	-16.0118
15	76	-16.0118
0	51	-16.0088
1	50	-16.0088
22	29	15.9943
23	28	15.9943
29	50	15.9622
28	51	15.9622
2	79	15.9422
3	78	15.9422
89	92	15.9047
88	93	15.9047
12	31	15.8777
13	30	15.8777
50	99	15.8658
51	98	15.8658
78	91	15.8228
79	90	15.8228
86	97	-15.7854
87	96	-15.7854
14	99	-15.7576
15	98	-15.7576
23	98	15.7574
22	99	15.7574
20	61	-15.7217
21	60	-15.7217
51	64	15.6739
50	65	15.6739
61	82	15.6441
60	83	15.6441
22	65	15.6419
23	64	15.6419
71	86	15.6092
70	87	15.6092
23	84	-15.6023
22	85	-15.6023
41	58	15.5773
40	59	15.5773
14	79	15.5614
15	78	15.5614
76	97	15.5548
77	96	15.5548
44	77	15.5541
45	76	15.5541
13	48	15.5463
12	49	15.5463
32	95	15.5398
33	94	15.5398
63	70	15.4954
62	71	15.4954
76	95	15.4868
77	94	15.4868
50	85	-15.461
51	84	-15.461
9	54	15.4594
8	55	15.4594
29	86	-15.3939
28	87	-15.3939
15	94	-15.3872
14	95	-15.3872
14	71	15.3838
15	70	15.3838
71	80	15.3679
70	81	15.3679
16	69	-15.3562
17	68	-15.3562
27	90	-15.3549
26	91	-15.3549
18	63	-15.31
19	62	-15.31
73	94	15.3067
72	95	15.3067
11	28	15.3001
10	29	15.3001
9	84	-15.2894
8	85	-15.2894
40	51	15.2781
41	50	15.2781
23	62	-15.2565
22	63	-15.2565
22	41	15.2464
23	40	15.2464
15	92	-15.2459
14	93	-15.2459
59	64	15.2032
58	65	15.2032
77	80	-15.1969
76	81	-15.1969
51	62	-15.1588
50	63	-15.1588
54	89	15.1581
55	88	15.1581
58	99	15.1418
59	98	15.1418
61	66	-15.1185
60	67	-15.1185
18	93	15.0964
19	92	15.0964
79	84	15.0636
78	85	15.0636
29	66	15.0527
28	67	15.0527
3	40	-15.0481
2	41	-15.0481
71	72	-15.0398
70	73	-15.0398
0	89	-15.0336
1	88	-15.0336
5	20	-15.0315
4	21	-15.0315
0	19	-15.0197
1	18	-15.0197
73	96	15.0189
72	97	15.0189
6	53	15.0036
7	52	15.0036
25	60	-14.997
24	61	-14.997
54	79	-14.9873
55	78	-14.9873
2	65	-14.9769
3	64	-14.9769
27	78	-14.9687
26	79	-14.9687
43	68	14.9311
42	69	14.9311
11	60	-14.876
10	61	-14.876
57	64	-14.8568
56	65	-14.8568
32	37	-14.8537
33	36	-14.8537
79	86	14.7996
78	87	14.7996
81	98	-14.7925
80	99	-14.7925
46	91	14.7896
47	90	14.7896
41	56	-14.7859
40	57	-14.7859
47	96	-14.737
46	97	-14.737
36	71	14.7353
37	70	14.7353
57	76	-14.7068
56	77	-14.7068
70	93	-14.7021
71	92	-14.7021
44	93	14.6925
45	92	14.6925
28	71	-14.6887
29	70	-14.6887
31	38	14.6867
30	39	14.6867
84	89	-14.6338
85	88	-14.6338
83	90	14.6292
82	91	14.6292
38	49	14.619
39	48	14.619
88	99	14.618
89	98	14.618
20	39	-14.5981
21	38	-14.5981
12	81	14.5724
13	80	14.5724
5	42	14.5704
4	43	14.5704
8	33	14.5638
9	32	14.5638
13	14	14.5622
12	15	14.5622
16	49	-14.5577
17	48	-14.5577
43	76	-14.5306
42	77	-14.5306
44	71	-14.53
45	70	-14.53
80	95	-14.5242
81	94	-14.5242
3	70	14.5176
2	71	14.5176
64	89	14.4941
65	88	14.4941
10	53	14.4847
11	52	14.4847
75	76	-14.4794
74	77	-14.4794
65	70	-14.4564
64	71	-14.4564
4	67	-14.4544
5	66	-14.4544
19	84	-14.4514
18	85	-14.4514
42	91	14.4508
43	90	14.4508
12	57	14.4417
13	56	14.4417
22	37	-14.4374
23	36	-14.4374
36	89	-14.4331
37	88	-14.4331
0	39	14.4264
1	38	14.4264
39	76	-14.4231
38	77	-14.4231
1	74	14.4194
0	75	14.4194
23	42	-14.4159
22	43	-14.4159
38	65	-14.4114
39	64	-14.4114
54	83	-14.4093
55	82	-14.4093
44	91	-14.4038
45	90	-14.4038
43	60	14.4011
42	61	14.4011
43	50	-14.3864
42	51	-14.3864
30	75	14.3823
31	74	14.3823
37	96	-14.3756
36	97	-14.3756
74	91	14.3676
75	90	14.3676
19	54	14.3606
18	55	14.3606
9	16	14.3591
8	17	14.3591
83	84	14.3499
82	85	14.3499
5	24	-14.3432
4	25	-14.3432
39	40	-14.3392
38	41	-14.3392
81	92	-14.3351
80	93	-14.3351
64	75	-14.329
65	74	-14.329
54	75	-14.3285
55	74	-14.3285
12	85	14.3276
13	84	14.3276
15	72	-14.3244
14	73	-14.3244
36	51	-14.3034
37	50	-14.3034
39	54	-14.3031
38	55	-14.3031
90	95	-14.301
91	94	-14.301
3	12	14.2976
2	13	14.2976
26	37	-14.2836
27	36	-14.2836
48	75	14.282
49	74	14.282
52	67	14.2785
53	66	14.2785
15	68	14.272
14	69	14.272
0	79	14.2652
1	78	14.2652
17	42	-14.2529
16	43	-14.2529
41	74	-14.2432
40	75	-14.2432
16	31	-14.2413
17	30	-14.2413
38	93	-14.2411
39	92	-14.2411
62	79	14.2352
63	78	14.2352
62	89	-14.2318
63	88	-14.2318
5	10	-14.2309
4	11	-14.2309
26	77	14.2263
27	76	14.2263
39	98	-14.2219
38	99	-14.2219
38	91	14.2203
39	90	14.2203
47	52	-14.219
46	53	-14.219
0	83	14.2129
1	82	14.2129
74	93	-14.1998
75	92	-14.1998
38	63	14.1991
39	62	14.1991
13	54	-14.1972
12	55	-14.1972
86	89	-14.1781
87	88	-14.1781
63	74	14.1716
62	75	14.1716
68	81	14.1696
69	80	14.1696
59	62	-14.1586
58	63	-14.1586
8	91	-14.1466
9	90	-14.1466
75	84	14.1463
74	85	14.1463
12	17	-14.1442
13	16	-14.1442
40	71	-14.1426
41	70	-14.1426
39	84	14.1325
38	85	14.1325
23	56	-14.1308
22	57	-14.1308
75	98	-14.1256
74	99	-14.1256
36	91	14.1212
37	90	14.1212
63	82	14.1204
62	83	14.1204
21	74	-14.1124
20	75	-14.1124
41	88	14.1071
40	89	14.1071
42	73	-14.1002
43	72	-14.1002
11	34	14.0901
10	35	14.0901
2	69	14.0886
3	68	14.0886
13	62	14.0657
12	63	14.0657
34	67	14.0577
35	66	14.0577
42	89	-14.0352
43	88	-14.0352
47	88	-14.0349
46	89	-14.0349
33	42	-14.034
32	43	-14.034
24	29	14.0267
25	28	14.0267
7	34	14.0162
6	35	14.0162
14	23	-14.016
15	22	-14.016
8	21	14.0129
9	20	14.0129
42	93	-13.9931
43	92	-13.9931
16	83	-13.9883
17	82	-13.9883
22	47	-13.9819
23	46	-13.9819
2	77	-13.9807
3	76	-13.9807
73	74	-13.9793
72	75	-13.9793
9	14	-13.967
8	15	-13.967
39	72	-13.9635
38	73	-13.9635
71	82	13.9589
70	83	13.9589
15	82	13.9481
14	83	13.9481
56	83	13.9467
57	82	13.9467
93	96	13.9451
92	97	13.9451
25	34	13.941
24	35	13.941
70	99	-13.9384
71	98	-13.9384
79	96	-13.9059
78	97	-13.9059
1	12	13.9019
0	13	13.9019
13	90	13.8929
12	91	13.8929
15	18	-13.8691
14	19	-13.8691
15	50	-13.8635
14	51	-13.8635
0	43	13.8566
1	42	13.8566
50	57	-13.8504
51	56	-13.8504
20	69	-13.8492
21	68	-13.8492
5	14	13.8473
4	15	13.8473
31	82	13.8341
30	83	13.8341
4	63	13.8285
5	62	13.8285
63	68	13.817
62	69	13.817
43	54	-13.8126
42	55	-13.8126
0	59	-13.8093
1	58	-13.8093
16	95	13.8079
17	94	13.8079
2	95	-13.8061
3	94	-13.8061
59	92	13.8017
58	93	13.8017
68	85	13.7972
69	84	13.7972
80	83	13.7719
81	82	13.7719
16	99	13.7699
17	98	13.7699
60	63	13.7628
61	62	13.7628
54	97	13.7575
55	96	13.7575
21	34	13.7561
20	35	13.7561
43	64	-13.7467
42	65	-13.7467
19	72	13.7379
18	73	13.7379
47	80	13.7366
46	81	13.7366
57	98	-13.7336
56	99	-13.7336
43	70	13.7157
42	71	13.7157
56	89	-13.7148
57	88	-13.7148
22	79	-13.7017
23	78	-13.7017
19	76	13.701
18	77	13.701
35	98	13.6893
34	99	13.6893
76	83	-13.6801
77	82	-13.6801
8	25	13.6741
9	24	13.6741
11	86	-13.6718
10	87	-13.6718
43	98	-13.6695
42	99	-13.6695
47	50	-13.6688
46	51	-13.6688
22	81	-13.6611
23	80	-13.6611
67	86	-13.6441
66	87	-13.6441
5	84	13.6432
4	85	13.6432
25	38	-13.6225
24	39	-13.6225
3	98	-13.6209
2	99	-13.6209
40	43	-13.613
41	42	-13.613
27	56	-13.5915
26	57	-13.5915
57	92	-13.5838
56	93	-13.5838
4	81	13.582
5	80	13.582
17	18	13.5784
16	19	13.5784
48	83	13.5705
49	82	13.5705
14	61	13.558
15	60	13.558
55	68	-13.5488
54	69	-13.5488
79	88	-13.5482
78	89	-13.5482
42	85	13.5407
43	84	13.5407
49	66	-13.54
48	67	-13.54
34	41	13.5349
35	40	13.5349
16	41	13.5311
17	40	13.5311
21	48	-13.5299
20	49	-13.5299
73	80	-13.5213
72	81	-13.5213
0	97	-13.5045
1	96	-13.5045
60	85	13.5024
61	84	13.5024
26	73	13.4997
27	72	13.4997
37	76	-13.4976
36	77	-13.4976
51	80	-13.4958
50	81	-13.4958
18	67	13.4838
19	66	13.4838
0	5	13.4835
1	4	13.4835
22	87	-13.4795
23	86	-13.4795
60	95	-13.4771
61	94	-13.4771
42	63	13.4736
43	62	13.4736
8	67	13.4677
9	66	13.4677
16	65	13.4594
17	64	13.4594
40	61	-13.4558
41	60	-13.4558
6	61	-13.4508
7	60	-13.4508
1	60	13.4493
0	61	13.4493
0	69	13.4419
1	68	13.4419
5	54	-13.4382
4	55	-13.4382
56	97	-13.433
57	96	-13.433
52	91	-13.4302
53	90	-13.4302
58	67	13.4248
59	66	13.4248
19	20	13.4225
18	21	13.4225
64	83	-13.4199
65	82	-13.4199
2	47	13.4003
3	46	13.4003
3	4	13.3951
2	5	13.3951
10	19	13.3873
11	18	13.3873
44	99	13.3795
45	98	13.3795
10	49	-13.3787
11	48	-13.3787
47	54	-13.3766
46	55	-13.3766
51	78	-13.3742
50	79	-13.3742
36	59	-13.3557
37	58	-13.3557
11	58	13.3537
10	59	13.3537
59	84	-13.3522
58	85	-13.3522
8	11	13.3493
9	10	13.3493
48	87	13.3448
49	86	13.3448
41	82	-13.3423
40	83	-13.3423
66	69	-13.3409
67	68	-13.3409
55	60	-13.3284
54	61	-13.3284
60	65	-13.3279
61	64	-13.3279
85	96	-13.3198
84	97	-13.3198
16	93	13.3193
17	92	13.3193
15	46	13.3178
14	47	13.3178
76	79	-13.3039
77	78	-13.3039
22	75	-13.2966
23	74	-13.2966
14	89	-13.2946
15	88	-13.2946
46	85	13.2927
47	84	13.2927
25	68	-13.2887
24	69	-13.2887
36	53	-13.2879
37	52	-13.2879
20	95	13.2832
21	94	13.2832
50	75	-13.2784
51	74	-13.2784
4	41	-13.2759
5	40	-13.2759
23	82	-13.2734
22	83	-13.2734
34	65	13.2705
35	64	13.2705
37	54	-13.2637
36	55	-13.2637
50	87	-13.2626
51	86	-13.2626
15	74	13.2488
14	75	13.2488
14	39	13.2432
15	38	13.2432
61	80	13.2279
60	81	13.2279
42	97	-13.2251
43	96	-13.2251
54	59	13.2204
55	58	13.2204
18	25	13.2186
19	24	13.2186
33	82	-13.2167
32	83	-13.2167
25	52	13.2167
24	53	13.2167
8	81	-13.2126
9	80	-13.2126
2	83	13.2123
3	82	13.2123
3	30	13.2107
2	31	13.2107
30	67	-13.2005
31	66	-13.2005
20	31	-13.1948
21	30	-13.1948
19	80	-13.1889
18	81	-13.1889
2	93	-13.1757
3	92	-13.1757
39	94	-13.1736
38	95	-13.1736
1	36	13.1728
0	37	13.1728
10	69	-13.1713
11	68	-13.1713
25	74	-13.1705
24	75	-13.1705
16	59	13.1691
17	58	13.1691
52	79	-13.1629
53	78	-13.1629
5	64	-13.1628
4	65	-13.1628
20	59	13.1515
21	58	13.1515
7	86	-13.1492
6	87	-13.1492
50	83	-13.149
51	82	-13.149
21	28	13.1375
20	29	13.1375
7	78	-13.1227
6	79	-13.1227
4	95	-13.1203
5	94	-13.1203
80	89	-13.0881
81	88	-13.0881
32	75	-13.0872
33	74	-13.0872
25	48	-13.0848
24	49	-13.0848
17	34	13.0825
16	35	13.0825
78	83	13.0808
79	82	13.0808
26	55	13.0781
27	54	13.0781
14	31	13.0776
15	30	13.0776
36	85	13.0645
37	84	13.0645
37	46	13.0567
36	47	13.0567
11	30	-13.0554
10	31	-13.0554
22	39	-13.0433
23	38	-13.0433
74	95	-13.0354
75	94	-13.0354
39	50	-13.0353
38	51	-13.0353
24	59	13.0341
25	58	13.0341
67	94	13.0336
66	95	13.0336
57	72	-13.0282
56	73	-13.0282
15	58	-13.0256
14	59	-13.0256
30	81	13.0224
31	80	13.0224
56	69	13.0064
57	68	13.0064
4	7	-13.0044
5	6	-13.0044
12	79	13.0028
13	78	13.0028
3	60	12.9979
2	61	12.9979
38	67	-12.9963
39	66	-12.9963
33	52	12.9902
32	53	12.9902
7	26	12.9894
6	27	12.9894
9	38	-12.9848
8	39	-12.9848
2	49	12.9617
3	48	12.9617
0	45	-12.9599
1	44	-12.9599
13	70	12.9547
12	71	12.9547
83	92	-12.9433
82	93	-12.9433
44	55	12.9407
45	54	12.9407
3	22	-12.9348
2	23	-12.9348
33	38	-12.9332
32	39	-12.9332
14	49	12.9259
15	48	12.9259
24	95	12.9253
25	94	12.9253
31	86	12.9198
30	87	12.9198
44	65	12.9186
45	64	12.9186
37	62	12.9119
36	63	12.9119
10	95	12.8997
11	94	12.8997
18	61	-12.8923
19	60	-12.8923
19	36	-12.872
18	37	-12.872
83	98	-12.8679
82	99	-12.8679
83	88	-12.8628
82	89	-12.8628
25	86	-12.8592
24	87	-12.8592
12	65	-12.8538
13	64	-12.8538
53	76	12.8518
52	77	12.8518
36	79	12.8474
37	78	12.8474
36	45	-12.8473
37	44	-12.8473
75	80	12.8466
74	81	12.8466
40	69	-12.8445
41	68	-12.8445
28	47	-12.8338
29	46	-12.8338
13	40	-12.8321
12	41	-12.8321
62	97	-12.8284
63	96	-12.8284
42	45	-12.8261
43	44	-12.8261
38	81	12.8249
39	80	12.8249
8	75	-12.8206
9	74	-12.8206
49	80	12.8176
48	81	12.8176
44	87	-12.8139
45	86	-12.8139
3	50	-12.8078
2	51	-12.8078
37	72	-12.8044
36	73	-12.8044
46	77	-12.7898
47	76	-12.7898
0	47	12.7894
1	46	12.7894
37	64	-12.7861
36	65	-12.7861
70	75	12.786
71	74	12.786
96	99	12.7844
97	98	12.7844
24	31	-12.7812
25	30	-12.7812
2	19	-12.7701
3	18	-12.7701
64	97	12.7701
65	96	12.7701
61	98	-12.7692
60	99	-12.7692
65	68	-12.767
64	69	-12.767
11	38	-12.757
10	39	-12.757
73	82	-12.7507
72	83	-12.7507
28	33	12.7494
29	32	12.7494
37	68	12.7315
36	69	12.7315
17	72	12.7259
16	73	12.7259
1	26	-12.7238
0	27	-12.7238
27	84	-12.7133
26	85	-12.7133
65	78	-12.7133
64	79	-12.7133
36	41	-12.7109
37	40	-12.7109
36	93	-12.703
37	92	-12.703
75	88	-12.702
74	89	-12.702
34	93	12.6671
35	92	12.6671
57	94	-12.6658
56	95	-12.6658
43	58	-12.6529
42	59	-12.6529
13	76	-12.6517
12	77	-12.6517
19	38	-12.6422
18	39	-12.6422
21	98	12.6411
20	99	12.6411
26	93	12.6381
27	92	12.6381
11	26	12.6333
10	27	12.6333
13	20	-12.624
12	21	-12.624
41	44	12.6151
40	45	12.6151
37	56	12.6103
36	57	12.6103
44	85	-12.6088
45	84	-12.6088
33	66	12.5996
32	67	12.5996
56	75	12.5906
57	74	12.5906
3	88	-12.5872
2	89	-12.5872
20	87	-12.5844
21	86	-12.5844
58	61	-12.5832
59	60	-12.5832
10	33	12.5819
11	32	12.5819
42	95	-12.5763
43	94	-12.5763
26	43	-12.575
27	42	-12.575
6	9	12.5748
7	8	12.5748
41	78	-12.5744
40	79	-12.5744
59	72	12.573
58	73	12.573
46	63	12.5623
47	62	12.5623
7	96	12.562
6	97	12.562
18	75	-12.5521
19	74	-12.5521
29	36	-12.5507
28	37	-12.5507
66	75	-12.5481
67	74	-12.5481
18	91	-12.5474
19	90	-12.5474
6	59	12.5371
7	58	12.5371
4	99	-12.5362
5	98	-12.5362
31	42	12.5328
30	43	12.5328
36	95	-12.5313
37	94	-12.5313
15	42	12.5173
14	43	12.5173
58	77	12.5137
59	76	12.5137
68	91	12.5116
69	90	12.5116
2	73	-12.5057
3	72	-12.5057
2	9	-12.5022
3	8	-12.5022
7	18	12.5013
6	19	12.5013
37	98	-12.4975
36	99	-12.4975
29	90	-12.497
28	91	-12.497
4	19	-12.4963
5	18	-12.4963
7	46	-12.4953
6	47	-12.4953
39	70	12.4922
38	71	12.4922
52	73	12.4855
53	72	12.4855
19	42	-12.4835
18	43	-12.4835
2	45	-12.4829
3	44	-12.4829
59	80	-12.479
58	81	-12.479
26	67	12.4784
27	66	12.4784
38	57	12.4759
39	56	12.4759
20	53	12.4724
21	52	12.4724
0	17	-12.4721
1	16	-12.4721
33	86	-12.4703
32	87	-12.4703
31	62	12.4691
30	63	12.4691
16	77	12.4645
17	76	12.4645
25	78	-12.461
24	79	-12.461
9	60	-12.4549
8	61	-12.4549
38	59	-12.4506
39	58	-12.4506
79	92	-12.4476
78	93	-12.4476
48	63	12.4458
49	62	12.4458
8	51	12.4419
9	50	12.4419
41	96	12.4403
40	97	12.4403
7	68	-12.4389
6	69	-12.4389
45	62	-12.4329
44	63	-12.4329
39	88	-12.4259
38	89	-12.4259
59	74	-12.4197
58	75	-12.4197
8	43	-12.4169
9	42	-12.4169
26	33	12.3974
27	32	12.3974
80	97	-12.38
81	96	-12.38
29	78	-12.3781
28	79	-12.3781
14	97	-12.3746
15	96	-12.3746
68	95	-12.373
69	94	-12.373
17	62	-12.3719
16	63	-12.3719
20	41	12.3702
21	40	12.3702
7	48	-12.366
6	49	-12.366
42	49	12.3572
43	48	12.3572
7	56	-12.3515
6	57	-12.3515
31	84	12.3401
30	85	12.3401
3	34	-12.3362
2	35	-12.3362
3	6	-12.3343
2	7	-12.3343
30	45	-12.3326
31	44	-12.3326
11	74	-12.3253
10	75	-12.3253
9	22	12.3242
8	23	12.3242
43	56	12.3202
42	57	12.3202
14	37	12.3068
15	36	12.3068
72	79	-12.2969
73	78	-12.2969
79	98	-12.2961
78	99	-12.2961
9	56	-12.2882
8	57	-12.2882
49	84	12.2698
48	85	12.2698
83	96	-12.2696
82	97	-12.2696
4	91	12.2693
5	90	12.2693
20	65	12.2622
21	64	12.2622
47	82	12.2592
46	83	12.2592
3	58	-12.2556
2	59	-12.2556
82	95	-12.2541
83	94	-12.2541
46	73	-12.246
47	72	-12.246
61	92	-12.2431
60	93	-12.2431
52	57	-12.2393
53	56	-12.2393
5	56	12.2391
4	57	12.2391
29	34	12.2259
28	35	12.2259
28	77	12.216
29	76	12.216
37	86	12.2104
36	87	12.2104
6	31	-12.2101
7	30	-12.2101
34	63	-12.2068
35	62	-12.2068
5	58	-12.2067
4	59	-12.2067
16	33	12.2026
17	32	12.2026
45	80	-12.1943
44	81	-12.1943
3	74	12.193
2	75	12.193
13	24	-12.1876
12	25	-12.1876
3	38	12.1837
2	39	12.1837
11	78	-12.1829
10	79	-12.1829
34	79	-12.182
35	78	-12.182
43	80	12.1674
42	81	12.1674
21	82	-12.1665
20	83	-12.1665
27	62	-12.1621
26	63	-12.1621
20	43	-12.1543
21	42	-12.1543
15	44	-12.1468
14	45	-12.1468
61	90	12.1347
60	91	12.1347
44	49	-12.1293
45	48	-12.1293
20	33	12.1282
21	32	12.1282
13	98	-12.1273
12	99	-12.1273
24	47	-12.1244
25	46	-12.1244
3	96	-12.1236
2	97	-12.1236
21	92	12.1118
20	93	12.1118
24	33	12.1036
25	32	12.1036
17	54	12.0834
16	55	12.0834
24	99	12.083
25	98	12.083
35	56	-12.0819
34	57	-12.0819
28	57	-12.0814
29	56	-12.0814
28	73	12.0755
29	72	12.0755
5	92	-12.0739
4	93	-12.0739
20	79	-12.0721
21	78	-12.0721
66	79	-12.0698
67	78	-12.0698
5	36	12.0663
4	37	12.0663
49	94	-12.0636
48	95	-12.0636
37	80	12.0625
36	81	12.0625
68	99	-12.0584
69	98	-12.0584
58	83	-12.0553
59	82	-12.0553
60	77	-12.0521
61	76	-12.0521
4	9	-12.0498
5	8	-12.0498
31	54	-12.0455
30	55	-12.0455
35	80	-12.0427
34	81	-12.0427
2	29	-12.0397
3	28	-12.0397
13	92	-12.0307
12	93	-12.0307
6	33	12.0298
7	32	12.0298
47	92	-12.0239
46	93	-12.0239
12	33	-12.0233
13	32	-12.0233
61	86	12.0151
60	87	12.0151
1	34	-12.0135
0	35	-12.0135
27	80	-12.0132
26	81	-12.0132
11	46	-12.0123
10	47	-12.0123
26	83	-12.0114
27	82	-12.0114
1	30	12.0109
0	31	12.0109
5	76	-12.0045
4	77	-12.0045
10	97	11.993
11	96	11.993
0	49	11.9908
1	48	11.9908
17	84	-11.9905
16	85	-11.9905
87	90	11.9871
86	91	11.9871
33	40	11.9868
32	41	11.9868
49	54	-11.986
48	55	-11.986
15	34	-11.9593
14	35	-11.9593
12	23	-11.9486
13	22	-11.9486
6	45	11.9451
7	44	11.9451
18	83	-11.9403
19	82	-11.9403
6	95	11.9394
7	94	11.9394
15	26	-11.9388
14	27	-11.9388
46	67	-11.9334
47	66	-11.9334
42	79	11.9262
43	78	11.9262
34	37	-11.922
35	36	-11.922
56	87	11.8984
57	86	11.8984
69	76	-11.8889
68	77	-11.8889
56	61	11.879
57	60	11.879
45	56	-11.8674
44	57	-11.8674
32	97	11.8619
33	96	11.8619
50	95	11.8588
51	94	11.8588
13	50	-11.8446
12	51	-11.8446
31	94	-11.8371
30	95	-11.8371
25	40	11.8336
24	41	11.8336
13	66	-11.8332
12	67	-11.8332
27	64	11.8315
26	65	11.8315
13	94	-11.8291
12	95	-11.8291
67	96	11.8275
66	97	11.8275
20	47	-11.8196
21	46	-11.8196
34	43	-11.8096
35	42	-11.8096
40	49	-11.8064
41	48	-11.8064
22	95	11.8062
23	94	11.8062
9	36	-11.8033
8	37	-11.8033
32	61	-11.8013
33	60	-11.8013
37	60	11.8011
36	61	11.8011
35	72	11.7921
34	73	11.7921
35	84	-11.7904
34	85	-11.7904
13	46	11.7389
12	47	11.7389
11	12	-11.7372
10	13	-11.7372
74	97	-11.7351
75	96	-11.7351
18	69	-11.7347
19	68	-11.7347
68	93	-11.7293
69	92	-11.7293
7	38	-11.728
6	39	-11.728
66	99	11.723
67	98	11.723
7	12	-11.7229
6	13	-11.7229
30	41	-11.7215
31	40	-11.7215
24	65	11.7208
25	64	11.7208
26	99	11.7167
27	98	11.7167
33	64	11.7157
32	65	11.7157
12	73	-11.7103
13	72	-11.7103
3	26	-11.7091
2	27	-11.7091
5	86	11.7025
4	87	11.7025
33	98	11.6917
32	99	11.6917
34	53	11.6895
35	52	11.6895
16	87	-11.6883
17	86	-11.6883
43	46	11.6874
42	47	11.6874
48	65	-11.681
49	64	-11.681
34	55	11.6809
35	54	11.6809
46	65	-11.6776
47	64	-11.6776
28	49	-11.6775
29	48	-11.6775
75	78	11.6712
74	79	11.6712
44	75	-11.6657
45	74	-11.6657
9	78	-11.6636
8	79	-11.6636
28	31	-11.6512
29	30	-11.6512
43	52	-11.65
42	53	-11.65
24	27	11.6472
25	26	11.6472
19	48	-11.6439
18	49	-11.6439
18	57	-11.6351
19	56	-11.6351
61	72	-11.6297
60	73	-11.6297
46	99	-11.6189
47	98	-11.6189
41	66	11.6131
40	67	11.6131
31	64	-11.6104
30	65	-11.6104
25	82	-11.6018
24	83	-11.6018
53	92	11.5975
52	93	11.5975
31	56	11.5872
30	57	11.5872
13	88	-11.5799
12	89	-11.5799
59	90	-11.5796
58	91	-11.5796
10	99	11.5794
11	98	11.5794
4	33	-11.5684
5	32	-11.5684
27	40	11.5666
26	41	11.5666
24	93	11.5637
25	92	11.5637
52	55	11.5572
53	54	11.5572
21	72	11.5494
20	73	11.5494
6	81	-11.5493
7	80	-11.5493
45	82	-11.5473
44	83	-11.5473
8	83	-11.5394
9	82	-11.5394
59	86	-11.5385
58	87	-11.5385
4	73	-11.527
5	72	-11.527
3	42	11.5264
2	43	11.5264
44	47	-11.5262
45	46	-11.5262
39	78	11.5156
38	79	11.5156
25	56	-11.5125
24	57	-11.5125
41	46	-11.5079
40	47	-11.5079
59	68	-11.5031
58	69	-11.5031
8	89	11.4956
9	88	11.4956
49	58	-11.4898
48	59	-11.4898
2	37	11.486
3	36	11.486
38	45	-11.4771
39	44	-11.4771
64	67	11.474
65	66	11.474
11	40	11.4672
10	41	11.4672
39	96	-11.4544
38	97	-11.4544
28	81	-11.4342
29	80	-11.4342
17	90	-11.4271
16	91	-11.4271
3	52	-11.4265
2	53	-11.4265
25	42	-11.4257
24	43	-11.4257
6	75	-11.4138
7	74	-11.4138
3	10	-11.4135
2	11	-11.4135
34	47	-11.4114
35	46	-11.4114
29	58	11.4108
28	59	11.4108
35	38	-11.4103
34	39	-11.4103
2	25	-11.4048
3	24	-11.4048
15	16	-11.3983
14	17	-11.3983
18	31	-11.395
19	30	-11.395
17	28	11.3845
16	29	11.3845
34	77	11.3814
35	76	11.3814
35	74	-11.377
34	75	-11.377
49	56	11.3591
48	57	11.3591
52	59	11.3588
53	58	11.3588
16	37	-11.3519
17	36	-11.3519
11	56	-11.3466
10	57	-11.3466
12	19	-11.3458
13	18	-11.3458
11	64	11.3317
10	65	11.3317
0	53	-11.3285
1	52	-11.3285
3	66	-11.3284
2	67	-11.3284
12	59	-11.3279
13	58	-11.3279
8	69	-11.3276
9	68	-11.3276
45	68	-11.3195
44	69	-11.3195
68	73	-11.3149
69	72	-11.3149
7	88	11.314
6	89	11.314
0	21	-11.3025
1	20	-11.3025
52	85	-11.296
53	84	-11.296
20	63	-11.2904
21	62	-11.2904
48	53	-11.2821
49	52	-11.2821
16	79	-11.263
17	78	-11.263
8	71	-11.2517
9	70	-11.2517
57	66	-11.2487
56	67	-11.2487
31	58	-11.2393
30	59	-11.2393
20	57	-11.2279
21	56	-11.2279
20	77	11.2173
21	76	11.2173
53	80	-11.2067
52	81	-11.2067
28	93	11.2055
29	92	11.2055
48	99	-11.2054
49	98	-11.2054
33	68	-11.2038
32	69	-11.2038
26	75	-11.1777
27	74	-11.1777
29	42	-11.1712
28	43	-11.1712
33	62	-11.1683
32	63	-11.1683
67	92	11.1569
66	93	11.1569
45	78	-11.1525
44	79	-11.1525
31	52	-11.1517
30	53	-11.1517
2	21	-11.1494
3	20	-11.1494
17	80	-11.1491
16	81	-11.1491
21	26	11.1341
20	27	11.1341
67	82	-11.1315
66	83	-11.1315
70	95	-11.1256
71	94	-11.1256
13	44	-11.1249
12	45	-11.1249
30	99	-11.1247
31	98	-11.1247
10	45	11.1185
11	44	11.1185
24	97	11.1134
25	96	11.1134
13	96	-11.0979
12	97	-11.0979
57	58	-11.0911
56	59	-11.0911
8	47	-11.0752
9	46	-11.0752
88	95	11.0711
89	94	11.0711
18	87	-11.0602
19	86	-11.0602
24	73	11.0588
25	72	11.0588
46	75	11.0487
47	74	11.0487
16	47	-11.0449
17	46	-11.0449
29	54	11.0442
28	55	11.0442
11	92	11.0337
10	93	11.0337
14	29	-11.0331
15	28	-11.0331
9	44	11.0299
8	45	11.0299
69	78	11.0281
68	79	11.0281
16	53	11.0243
17	52	11.0243
6	71	-11.0236
7	70	-11.0236
11	82	-11.0207
10	83	-11.0207
6	15	-11.0152
7	14	-11.0152
20	55	11.0088
21	54	11.0088
77	86	-11.0066
76	87	-11.0066
68	87	11.0047
69	86	11.0047
2	17	-11.0033
3	16	-11.0033
25	80	-10.9941
24	81	-10.9941
20	85	-10.9929
21	84	-10.9929
9	48	-10.9914
8	49	-10.9914
30	91	10.9871
31	90	10.9871
32	89	10.9864
33	88	10.9864
9	12	-10.9859
8	13	-10.9859
15	52	-10.9774
14	53	-10.9774
17	56	-10.9714
16	57	-10.9714
44	67	10.9651
45	66	10.9651
52	83	-10.9535
53	82	-10.9535
78	95	-10.95
79	94	-10.95
69	70	10.9422
68	71	10.9422
53	62	-10.9285
52	63	-10.9285
49	92	-10.9283
48	93	-10.9283
27	38	-10.922
26	39	-10.922
1	32	-10.9195
0	33	-10.9195
10	81	-10.9162
11	80	-10.9162
73	86	-10.9133
72	87	-10.9133
21	80	-10.9131
20	81	-10.9131
5	44	-10.9109
4	45	-10.9109
24	63	-10.9089
25	62	-10.9089
12	27	-10.9062
13	26	-10.9062
42	67	-10.9044
43	66	-10.9044
48	91	10.903
49	90	10.903
33	92	10.9004
32	93	10.9004
19	28	10.9001
18	29	10.9001
35	86	-10.8989
34	87	-10.8989
31	92	-10.8963
30	93	-10.8963
28	85	-10.8934
29	84	-10.8934
38	47	10.8808
39	46	10.8808
1	24	-10.8807
0	25	-10.8807
67	80	-10.8791
66	81	-10.8791
29	60	-10.8747
28	61	-10.8747
7	98	10.8725
6	99	10.8725
33	48	-10.8685
32	49	-10.8685
7	82	-10.8648
6	83	-10.8648
35	60	-10.8604
34	61	-10.8604
15	20	-10.8586
14	21	-10.8586
0	29	-10.8494
1	28	-10.8494
53	98	10.8429
52	99	10.8429
31	36	10.8405
30	37	10.8405
53	64	10.8295
52	65	10.8295
10	89	10.8249
11	88	10.8249
30	77	-10.8216
31	76	-10.8216
9	30	-10.8173
8	31	-10.8173
19	52	10.8079
18	53	10.8079
31	72	-10.8071
30	73	-10.8071
3	32	-10.8035
2	33	-10.8035
15	32	-10.8017
14	33	-10.8017
49	76	-10.797
48	77	-10.797
49	72	-10.7936
48	73	-10.7936
14	25	-10.7882
15	24	-10.7882
18	51	10.784
19	50	10.784
62	67	-10.7759
63	66	-10.7759
5	28	-10.7742
4	29	-10.7742
10	43	-10.7681
11	42	-10.7681
24	77	10.7544
25	76	10.7544
18	23	10.7431
19	22	10.7431
32	85	-10.7407
33	84	-10.7407
7	40	10.7367
6	41	10.7367
29	68	-10.7347
28	69	-10.7347
51	68	-10.7343
50	69	-10.7343
23	68	-10.7295
22	69	-10.7295
26	35	10.7223
27	34	10.7223
35	90	-10.7163
34	91	-10.7163
66	89	10.7127
67	88	10.7127
6	23	10.702
7	22	10.702
1	66	-10.701
0	67	-10.701
30	33	-10.6994
31	32	-10.6994
26	59	10.6984
27	58	10.6984
14	67	-10.6883
15	66	-10.6883
24	85	-10.6859
25	84	-10.6859
54	87	-10.6841
55	86	-10.6841
45	60	-10.6836
44	61	-10.6836
35	82	-10.6832
34	83	-10.6832
10	15	-10.6813
11	14	-10.6813
11	62	-10.6805
10	63	-10.6805
32	71	-10.6774
33	70	-10.6774
7	50	10.6768
6	51	10.6768
32	45	10.6714
33	44	10.6714
24	55	10.6638
25	54	10.6638
36	49	10.6624
37	48	10.6624
66	73	10.6624
67	72	10.6624
20	97	10.6579
21	96	10.6579
40	53	10.6523
41	52	10.6523
33	80	-10.647
32	81	-10.647
33	54	10.6462
32	55	10.6462
6	65	10.6408
7	64	10.6408
17	50	10.6121
16	51	10.6121
53	60	-10.6102
52	61	-10.6102
27	48	-10.6087
26	49	-10.6087
28	83	-10.6078
29	82	-10.6078
0	11	-10.6014
1	10	-10.6014
23	32	10.5963
22	33	10.5963
28	63	-10.5949
29	62	-10.5949
33	46	-10.585
32	47	-10.585
4	71	10.5799
5	70	10.5799
11	72	10.5713
10	73	10.5713
85	86	10.5684
84	87	10.5684
16	23	10.5624
17	22	10.5624
5	34	-10.5608
4	35	-10.5608
19	78	-10.5574
18	79	-10.5574
10	71	-10.5572
11	70	-10.5572
29	98	10.5539
28	99	10.5539
33	50	10.5431
32	51	10.5431
5	50	-10.5431
4	51	-10.5431
44	95	10.5381
45	94	10.5381
67	84	-10.5359
66	85	-10.5359
4	23	-10.532
5	22	-10.532
87	94	-10.5259
86	95	-10.5259
25	44	10.5237
24	45	10.5237
34	97	10.51
35	96	10.51
5	78	10.5006
4	79	10.5006
43	86	10.4968
42	87	10.4968
55	66	10.4935
54	67	10.4935
6	93	10.4924
7	92	10.4924
29	64	10.4853
28	65	10.4853
8	97	10.4769
9	96	10.4769
66	77	10.4737
67	76	10.4737
67	70	-10.4727
66	71	-10.4727
27	30	-10.4688
26	31	-10.4688
11	84	-10.4678
10	85	-10.4678
51	60	-10.4633
50	61	-10.4633
69	88	-10.462
68	89	-10.462
1	86	10.4599
0	87	10.4599
21	90	-10.4594
20	91	-10.4594
23	60	-10.4529
22	61	-10.4529
4	53	-10.4452
5	52	-10.4452
53	74	-10.4447
52	75	-10.4447
13	28	-10.4444
12	29	-10.4444
61	70	10.4428
60	71	10.4428
86	93	-10.4365
87	92	-10.4365
82	87	10.4332
83	86	10.4332
81	86	10.4283
80	87	10.4283
30	51	-10.4225
31	50	-10.4225
11	54	10.4187
10	55	10.4187
49	96	-10.4018
48	97	-10.4018
30	97	-10.3939
31	96	-10.3939
10	77	10.389
11	76	10.389
33	72	10.3818
32	73	10.3818
30	89	-10.3733
31	88	-10.3733
6	63	-10.3712
7	62	-10.3712
6	85	-10.365
7	84	-10.365
33	76	10.3648
32	77	10.3648
10	23	10.3631
11	22	10.3631
14	87	10.3601
15	86	10.3601
59	96	10.3597
58	97	10.3597
47	48	10.354
46	49	10.354
29	40	10.3533
28	41	10.3533
19	88	10.3419
18	89	10.3419
11	50	10.3402
10	51	10.3402
34	45	10.3387
35	44	10.3387
60	79	10.3369
61	78	10.3369
48	51	-10.3344
49	50	-10.3344
23	30	-10.3323
22	31	-10.3323
7	42	-10.3271
6	43	-10.3271
51	58	10.3237
50	59	10.3237
58	79	-10.3223
59	78	-10.3223
25	88	10.3167
24	89	10.3167
95	96	10.3163
94	97	10.3163
20	37	-10.3157
21	36	-10.3157
24	71	-10.3106
25	70	-10.3106
63	86	10.3098
62	87	10.3098
19	70	-10.3075
18	71	-10.3075
23	58	10.3057
22	59	10.3057
13	52	-10.3035
12	53	-10.3035
18	27	10.3033
19	26	10.3033
49	88	-10.3017
48	89	-10.3017
22	67	10.2963
23	66	10.2963
39	52	-10.2888
38	53	-10.2888
17	26	10.2794
16	27	10.2794
8	87	-10.2763
9	86	-10.2763
50	67	10.2762
51	66	10.2762
28	95	10.2731
29	94	10.2731
7	54	10.2591
6	55	10.2591
3	86	10.2587
2	87	10.2587
1	6	-10.2584
0	7	-10.2584
52	69	-10.2532
53	68	-10.2532
23	48	-10.2524
22	49	-10.2524
47	94	-10.252
46	95	-10.252
9	28	10.2502
8	29	10.2502
4	89	-10.248
5	88	-10.248
31	46	10.247
30	47	10.247
53	94	10.2444
52	95	10.2444
35	70	-10.2418
34	71	-10.2418
17	88	10.2416
16	89	10.2416
7	72	10.2303
6	73	10.2303
32	79	-10.228
33	78	-10.228
6	37	-10.2161
7	36	-10.2161
25	90	-10.2128
24	91	-10.2128
21	44	10.1998
20	45	10.1998
29	74	-10.1921
28	75	-10.1921
26	61	-10.1713
27	60	-10.1713
46	69	10.1712
47	68	10.1712
61	88	-10.1703
60	89	-10.1703
35	68	-10.1695
34	69	-10.1695
18	97	10.1601
19	96	10.1601
31	78	10.1575
30	79	10.1575
58	89	10.1533
59	88	10.1533
18	47	-10.1524
19	46	-10.1524
47	58	-10.1445
46	59	-10.1445
12	35	-10.1443
13	34	-10.1443
26	95	10.1416
27	94	10.1416
33	90	-10.1408
32	91	-10.1408
34	49	-10.1334
35	48	-10.1334
9	52	10.1334
8	53	10.1334
32	57	-10.1324
33	56	-10.1324
16	71	-10.1295
17	70	-10.1295
20	89	10.1283
21	88	10.1283
24	37	-10.1276
25	36	-10.1276
69	96	-10.1258
68	97	-10.1258
20	71	-10.1248
21	70	-10.1248
87	98	-10.1183
86	99	-10.1183
17	96	10.1058
16	97	10.1058
8	27	10.1057
9	26	10.1057
6	91	-10.1054
7	90	-10.1054
12	87	10.1021
13	86	10.1021
34	89	10.102
35	88	10.102
20	51	10.0982
21	50	10.0982
65	86	-10.0943
64	87	-10.0943
25	50	10.0941
24	51	10.0941
18	45	10.093
19	44	10.093
23	24	10.0929
22	25	10.0929
29	38	-10.0918
28	39	-10.0918
49	78	10.0842
48	79	10.0842
21	22	10.0802
20	23	10.0802
6	77	10.0793
7	76	10.0793
5	26	-10.0776
4	27	-10.0776
58	71	-10.075
59	70	-10.075
67	90	-10.0719
66	91	-10.0719
30	71	10.0682
31	70	10.0682
34	51	10.0613
35	50	10.0613
31	34	-10.059
30	35	-10.059
17	44	10.0508
16	45	10.0508
41	86	-10.0486
40	87	-10.0486
48	71	10.0483
49	70	10.0483
11	90	-10.044
10	91	-10.044
22	35	10.0401
23	34	10.0401
10	37	-10.0133
11	36	-10.0133
45	58	10.0126
44	59	10.0126
5	96	-10.0097
4	97	-10.0097
4	47	10.0095
5	46	10.0095
75	86	10.0087
74	87	10.0087
36	67	-10.008
37	66	-10.008
39	86	10.0049
38	87	10.0049
46	61	10.0044
47	60	10.0044
61	96	-10.0028
60	97	-10.0028
27	68	-10.0007
26	69	-10.0007
10	66	1.99903
22	50	1.99829
40	64	1.99827
38	74	1.9969
30	48	1.99656
54	84	-1.99537
4	60	1.9933
0	54	-1.99236
62	84	1.9911
0	62	1.99002
14	80	1.98808
20	24	1.9877
54	62	-1.98729
22	88	1.98573
24	66	1.9833
50	88	1.98304
0	84	1.98282
18	58	1.98097
10	24	1.97984
2	80	1.97966
92	98	1.97834
64	98	1.97551
72	92	1.9751
4	68	1.97432
40	98	1.96985
28	52	1.96287
76	92	1.96246
6	10	1.96095
18	94	1.96048
72	76	1.95893
20	66	1.95887
88	96	1.9574
26	96	1.95581
6	66	1.94897
10	20	1.94885
0	64	-1.94558
14	84	1.94491
2	14	1.94286
60	68	1.94272
54	90	-1.94011
0	40	-1.93989
16	20	1.93715
64	92	1.93642
12	82	1.93573
6	24	1.93302
26	52	1.93243
42	74	1.92915
46	78	1.9269
8	94	1.92435
14	62	1.92189
40	62	-1.92047
0	90	1.92044
62	64	-1.9196
40	92	1.91953
52	96	1.9183
56	80	1.9182
74	82	1.91476
42	82	1.91309
76	98	1.91277
84	90	1.91235
14	54	-1.91152
72	98	1.91046
4	48	1.90876
4	30	1.90644
64	76	1.9049
30	68	1.90289
22	96	1.90176
76	90	-1.90163
54	64	1.90012
38	42	1.89995
2	56	1.89699
58	94	1.89336
48	60	1.89335
80	84	1.89297
40	54	1.89262
50	96	1.89066
38	82	1.88944
8	18	1.88775
48	68	1.88767
30	60	1.88247
0	76	-1.88022
40	76	1.87937
62	90	1.87772
64	84	-1.87675
14	56	1.87624
0	14	1.87496
16	24	1.87363
36	42	1.87356
40	84	-1.87318
6	20	1.86803
0	98	-1.86434
8	98	1.85941
56	78	1.85893
44	88	1.85847
62	80	1.85644
54	80	-1.85262
26	88	1.85202
54	76	1.85071
12	68	1.85016
40	94	1.8477
64	72	1.84619
32	58	1.84378
70	90	1.84166
28	96	1.84068
44	50	1.84024
50	76	1.83869
0	92	-1.83577
22	76	1.83421
12	74	1.83356
26	70	-1.83104
8	40	1.82602
12	38	1.8234
16	66	1.82292
34	58	1.82232
40	72	1.82003
62	98	-1.81887
64	94	1.81866
22	44	1.81806
36	82	1.81709
26	28	1.81339
64	90	-1.81267
62	76	-1.81096
22	90	-1.80886
8	64	1.8085
50	72	1.80757
44	96	1.80632
22	70	-1.80514
54	98	1.80387
0	80	1.80254
8	58	1.80195
76	84	-1.80165
10	16	1.80061
94	98	1.79868
70	96	-1.79654
2	84	1.79388
70	88	-1.79387
56	84	1.79182
50	90	-1.79131
18	34	1.79045
22	72	1.78964
40	90	-1.78814
14	90	1.78482
22	26	1.78326
46	70	1.78225
90	92	-1.78172
52	88	1.7811
54	92	1.78107
70	78	1.77289
50	70	-1.77279
62	92	-1.77074
84	98	-1.7675
8	92	1.7663
54	56	-1.76443
26	50	1.76043
4	12	1.75969
26	86	-1.75915
72	90	-1.7573
32	34	1.75621
2	62	1.75349
0	72	-1.74943
56	90	1.74599
28	44	1.74526
90	98	-1.74471
2	54	-1.74289
12	42	1.74196
76	88	1.738
80	90	1.73533
18	32	1.73333
84	92	-1.73311
4	38	1.72837
88	90	-1.72794
38	60	1.72733
8	34	1.72699
46	86	1.72594
38	68	1.7218
16	60	-1.72018
56	62	1.71983
14	40	-1.71962
56	70	1.71489
14	64	-1.71487
50	92	1.71189
62	94	-1.71095
28	88	1.70963
12	60	1.709
44	52	1.70491
54	72	1.69965
68	74	1.69892
22	92	1.69854
72	88	1.69792
4	74	1.69371
16	38	-1.69251
0	56	1.69158
0	94	-1.68907
60	74	1.68757
0	2	1.68612
18	40	1.68595
52	86	-1.68492
22	52	1.6789
36	74	1.67692
68	82	1.67675
92	94	1.67304
62	72	-1.66934
50	52	1.66669
6	16	1.6635
4	16	-1.65685
54	70	-1.65658
34	94	1.6554
8	72	1.65253
18	64	1.65071
46	56	1.64653
18	98	1.64573
16	74	-1.64443
70	76	-1.6435
72	84	-1.64302
26	44	1.63655
84	94	-1.6267
70	84	1.62585
26	46	-1.62558
36	38	1.62461
40	80	-1.6237
54	94	1.6223
0	8	-1.6217
64	80	-1.61945
52	70	-1.61769
2	90	1.61695
22	54	1.61576
6	28	1.61491
12	36	1.61483
78	80	1.61445
44	72	1.61228
0	22	-1.60976
8	62	-1.60723
8	76	1.60656
90	96	-1.60353
50	54	1.60238
4	82	1.60216
0	70	1.60176
14	76	-1.60118
0	50	-1.60088
22	28	1.59943
28	50	1.59622
2	78	1.59422
88	92	1.59047
12	30	1.58777
50	98	1.58658
78	90	1.58228
86	96	-1.57854
14	98	-1.57576
22	98	1.57574
20	60	-1.57217
50	64	1.56739
60	82	1.56441
22	64	1.56419
70	86	1.56092
22	84	-1.56023
40	58	1.55773
14	78	1.55614
76	96	1.55548
44	76	1.55541
12	48	1.55463
32	94	1.55398
62	70	1.54954
76	94	1.54868
50	84	-1.5461
8	54	1.54594
28	86	-1.53939
14	94	-1.53872
14	70	1.53838
70	80	1.53679
16	68	-1.53562
26	90	-1.53549
18	62	-1.531
72	94	1.53067
10	28	1.53001
8	84	-1.52894
40	50	1.52781
22	62	-1.52565
22	40	1.52464
14	92	-1.52459
58	64	1.52032
76	80	-1.51969
50	62	-1.51588
54	88	1.51581
58	98	1.51418
60	66	-1.51185
18	92	1.50964
78	84	1.50636
28	66	1.50527
2	40	-1.50481
70	72	-1.50398
0	88	-1.50336
4	20	-1.50315
0	18	-1.50197
72	96	1.50189
6	52	1.50036
24	60	-1.4997
54	78	-1.49873
2	64	-1.49769
26	78	-1.49687
42	68	1.49311
10	60	-1.4876
56	64	-1.48568
32	36	-1.48537
78	86	1.47996
80	98	-1.47925
46	90	1.47896
40	56	-1.47859
46	96	-1.4737
36	70	1.47353
56	76	-1.47068
70	92	-1.47021
44	92	1.46925
28	70	-1.46887
30	38	1.46867
84	88	-1.46338
82	90	1.46292
38	48	1.4619
88	98	1.4618
20	38	-1.45981
12	80	1.45724
4	42	1.45704
8	32	1.45638
12	14	1.45622
16	48	-1.45577
42	76	-1.45306
44	70	-1.453
80	94	-1.45242
2	70	1.45176
64	88	1.44941
10	52	1.44847
74	76	-1.44794
64	70	-1.44564
4	66	-1.44544
18	84	-1.44514
42	90	1.44508
12	56	1.44417
22	36	-1.44374
36	88	-1.44331
0	38	1.44264
38	76	-1.44231
0	74	1.44194
22	42	-1.44159
38	64	-1.44114
54	82	-1.44093
44	90	-1.44038
42	60	1.44011
42	50	-1.43864
30	74	1.43823
36	96	-1.43756
74	90	1.43676
18	54	1.43606
8	16	1.43591
82	84	1.43499
4	24	-1.43432
38	40	-1.43392
80	92	-1.43351
64	74	-1.4329
54	74	-1.43285
12	84	1.43276
14	72	-1.43244
36	50	-1.43034
38	54	-1.43031
90	94	-1.4301
2	12	1.42976
26	36	-1.42836
48	74	1.4282
52	66	1.42785
14	68	1.4272
0	78	1.42652
16	42	-1.42529
40	74	-1.42432
16	30	-1.42413
38	92	-1.42411
62	78	1.42352
62	88	-1.42318
4	10	-1.42309
26	76	1.42263
38	98	-1.42219
38	90	1.42203
46	52	-1.4219
0	82	1.42129
74	92	-1.41998
38	62	1.41991
12	54	-1.41972
86	88	-1.41781
62	74	1.41716
68	80	1.41696
58	62	-1.41586
8	90	-1.41466
74	84	1.41463
12	16	-1.41442
40	70	-1.41426
38	84	1.41325
22	56	-1.41308
74	98	-1.41256
36	90	1.41212
62	82	1.41204
20	74	-1.41124
40	88	1.41071
42	72	-1.41002
10	34	1.40901
2	68	1.40886
12	62	1.40657
34	66	1.40577
42	88	-1.40352
46	88	-1.40349
32	42	-1.4034
24	28	1.40267
6	34	1.40162
14	22	-1.4016
8	20	1.40129
42	92	-1.39931
16	82	-1.39883
22	46	-1.39819
2	76	-1.39807
72	74	-1.39793
8	14	-1.3967
38	72	-1.39635
70	82	1.39589
14	82	1.39481
56	82	1.39467
92	96	1.39451
24	34	1.3941
70	98	-1.39384
78	96	-1.39059
0	12	1.39019
12	90	1.38929
14	18	-1.38691
14	50	-1.38635
0	42	1.38566
50	56	-1.38504
20	68	-1.38492
4	14	1.38473
30	82	1.38341
4	62	1.38285
62	68	1.3817
42	54	-1.38126
0	58	-1.38093
16	94	1.38079
2	94	-1.38061
58	92	1.38017
68	84	1.37972
80	82	1.37719
16	98	1.37699
60	62	1.37628
54	96	1.37575
20	34	1.37561
42	64	-1.37467
18	72	1.37379
46	80	1.37366
56	98	-1.37336
42	70	1.37157
56	88	-1.37148
22	78	-1.37017
18	76	1.3701
34	98	1.36893
76	82	-1.36801
8	24	1.36741
10	86	-1.36718
42	98	-1.36695
46	50	-1.36688
22	80	-1.36611
66	86	-1.36441
4	84	1.36432
24	38	-1.36225
2	98	-1.36209
40	42	-1.3613
26	56	-1.35915
56	92	-1.35838
4	80	1.3582
16	18	1.35784
48	82	1.35705
14	60	1.3558
54	68	-1.35488
78	88	-1.35482
42	84	1.35407
48	66	-1.354
34	40	1.35349
16	40	1.35311
20	48	-1.35299
72	80	-1.35213
0	96	-1.35045
60	84	1.35024
26	72	1.34997
36	76	-1.34976
50	80	-1.34958
18	66	1.34838
0	4	1.34835
22	86	-1.34795
60	94	-1.34771
42	62	1.34736
8	66	1.34677
16	64	1.34594
40	60	-1.34558
6	60	-1.34508
0	60	1.34493
0	68	1.34419
4	54	-1.34382
56	96	-1.3433
52	90	-1.34302
58	66	1.34248
18	20	1.34225
64	82	-1.34199
2	46	1.34003
2	4	1.33951
10	18	1.33873
44	98	1.33795
10	48	-1.33787
46	54	-1.33766
50	78	-1.33742
36	58	-1.33557
10	58	1.33537
58	84	-1.33522
8	10	1.33493
48	86	1.33448
40	82	-1.33423
66	68	-1.33409
54	60	-1.33284
60	64	-1.33279
84	96	-1.33198
16	92	1.33193
14	46	1.33178
76	78	-1.33039
22	74	-1.32966
14	88	-1.32946
46	84	1.32927
24	68	-1.32887
36	52	-1.32879
20	94	1.32832
50	74	-1.32784
4	40	-1.32759
22	82	-1.32734
34	64	1.32705
36	54	-1.32637
50	86	-1.32626
14	74	1.32488
14	38	1.32432
60	80	1.32279
42	96	-1.32251
54	58	1.32204
18	24	1.32186
32	82	-1.32167
24	52	1.32167
8	80	-1.32126
2	82	1.32123
2	30	1.32107
30	66	-1.32005
20	30	-1.31948
18	80	-1.31889
2	92	-1.31757
38	94	-1.31736
0	36	1.31728
10	68	-1.31713
24	74	-1.31705
16	58	1.31691
52	78	-1.31629
4	64	-1.31628
20	58	1.31515
6	86	-1.31492
50	82	-1.3149
20	28	1.31375
6	78	-1.31227
4	94	-1.31203
80	88	-1.30881
32	74	-1.30872
24	48	-1.30848
16	34	1.30825
78	82	1.30808
26	54	1.30781
14	30	1.30776
36	84	1.30645
36	46	1.30567
10	30	-1.30554
22	38	-1.30433
74	94	-1.30354
38	50	-1.30353
24	58	1.30341
66	94	1.30336
56	72	-1.30282
14	58	-1.30256
30	80	1.30224
56	68	1.30064
4	6	-1.30044
12	78	1.30028
2	60	1.29979
38	66	-1.29963
32	52	1.29902
6	26	1.29894
8	38	-1.29848
2	48	1.29617
0	44	-1.29599
12	70	1.29547
82	92	-1.29433
44	54	1.29407
2	22	-1.29348
32	38	-1.29332
14	48	1.29259
24	94	1.29253
30	86	1.29198
44	64	1.29186
36	62	1.29119
10	94	1.28997
18	60	-1.28923
18	36	-1.2872
82	98	-1.28679
82	88	-1.28628
24	86	-1.28592
12	64	-1.28538
52	76	1.28518
36	78	1.28474
36	44	-1.28473
74	80	1.28466
40	68	-1.28445
28	46	-1.28338
12	40	-1.28321
62	96	-1.28284
42	44	-1.28261
38	80	1.28249
8	74	-1.28206
48	80	1.28176
44	86	-1.28139
2	50	-1.28078
36	72	-1.28044
46	76	-1.27898
0	46	1.27894
36	64	-1.27861
70	74	1.2786
96	98	1.27844
24	30	-1.27812
2	18	-1.27701
64	96	1.27701
60	98	-1.27692
64	68	-1.2767
10	38	-1.2757
72	82	-1.27507
28	32	1.27494
36	68	1.27315
16	72	1.27259
0	26	-1.27238
26	84	-1.27133
64	78	-1.27133
36	40	-1.27109
36	92	-1.2703
74	88	-1.2702
34	92	1.26671
56	94	-1.26658
42	58	-1.26529
12	76	-1.26517
18	38	-1.26422
20	98	1.26411
26	92	1.26381
10	26	1.26333
12	20	-1.2624
40	44	1.26151
36	56	1.26103
44	84	-1.26088
32	66	1.25996
56	74	1.25906
2	88	-1.25872
20	86	-1.25844
58	60	-1.25832
10	32	1.25819
42	94	-1.25763
26	42	-1.2575
6	8	1.25748
40	78	-1.25744
58	72	1.2573
46	62	1.25623
6	96	1.2562
18	74	-1.25521
28	36	-1.25507
66	74	-1.25481
18	90	-1.25474
6	58	1.25371
4	98	-1.25362
30	42	1.25328
36	94	-1.25313
14	42	1.25173
58	76	1.25137
68	90	1.25116
2	72	-1.25057
2	8	-1.25022
6	18	1.25013
36	98	-1.24975
28	90	-1.2497
4	18	-1.24963
6	46	-1.24953
38	70	1.24922
52	72	1.24855
18	42	-1.24835
2	44	-1.24829
58	80	-1.2479
26	66	1.24784
38	56	1.24759
20	52	1.24724
0	16	-1.24721
32	86	-1.24703
30	62	1.24691
16	76	1.24645
24	78	-1.2461
8	60	-1.24549
38	58	-1.24506
78	92	-1.24476
48	62	1.24458
8	50	1.24419
40	96	1.24403
6	68	-1.24389
44	62	-1.24329
38	88	-1.24259
58	74	-1.24197
8	42	-1.24169
26	32	1.23974
80	96	-1.238
28	78	-1.23781
14	96	-1.23746
68	94	-1.2373
16	62	-1.23719
20	40	1.23702
6	48	-1.2366
42	48	1.23572
6	56	-1.23515
30	84	1.23401
2	34	-1.23362
2	6	-1.23343
30	44	-1.23326
10	74	-1.23253
8	22	1.23242
42	56	1.23202
14	36	1.23068
72	78	-1.22969
78	98	-1.22961
8	56	-1.22882
48	84	1.22698
82	96	-1.22696
4	90	1.22693
20	64	1.22622
46	82	1.22592
2	58	-1.22556
82	94	-1.22541
46	72	-1.2246
60	92	-1.22431
52	56	-1.22393
4	56	1.22391
28	34	1.22259
28	76	1.2216
36	86	1.22104
6	30	-1.22101
34	62	-1.22068
4	58	-1.22067
16	32	1.22026
44	80	-1.21943
2	74	1.2193
12	24	-1.21876
2	38	1.21837
10	78	-1.21829
34	78	-1.2182
42	80	1.21674
20	82	-1.21665
26	62	-1.21621
20	42	-1.21543
14	44	-1.21468
60	90	1.21347
44	48	-1.21293
20	32	1.21282
12	98	-1.21273
24	46	-1.21244
2	96	-1.21236
20	92	1.21118
24	32	1.21036
16	54	1.20834
24	98	1.2083
34	56	-1.20819
28	56	-1.20814
28	72	1.20755
4	92	-1.20739
20	78	-1.20721
66	78	-1.20698
4	36	1.20663
48	94	-1.20636
36	80	1.20625
68	98	-1.20584
58	82	-1.20553
60	76	-1.20521
4	8	-1.20498
30	54	-1.20455
34	80	-1.20427
2	28	-1.20397
12	92	-1.20307
6	32	1.20298
46	92	-1.20239
12	32	-1.20233
60	86	1.20151
0	34	-1.20135
26	80	-1.20132
10	46	-1.20123
26	82	-1.20114
0	30	1.20109
4	76	-1.20045
10	96	1.1993
0	48	1.19908
16	84	-1.19905
86	90	1.19871
32	40	1.19868
48	54	-1.1986
14	34	-1.19593
12	22	-1.19486
6	44	1.19451
18	82	-1.19403
6	94	1.19394
14	26	-1.19388
46	66	-1.19334
42	78	1.19262
34	36	-1.1922
56	86	1.18984
68	76	-1.18889
56	60	1.1879
44	56	-1.18674
32	96	1.18619
50	94	1.18588
12	50	-1.18446
30	94	-1.18371
24	40	1.18336
12	66	-1.18332
26	64	1.18315
12	94	-1.18291
66	96	1.18275
20	46	-1.18196
34	42	-1.18096
40	48	-1.18064
22	94	1.18062
8	36	-1.18033
32	60	-1.18013
36	60	1.18011
34	72	1.17921
34	84	-1.17904
12	46	1.17389
10	12	-1.17372
74	96	-1.17351
18	68	-1.17347
68	92	-1.17293
6	38	-1.1728
66	98	1.1723
6	12	-1.17229
30	40	-1.17215
24	64	1.17208
26	98	1.17167
32	64	1.17157
12	72	-1.17103
2	26	-1.17091
4	86	1.17025
32	98	1.16917
34	52	1.16895
16	86	-1.16883
42	46	1.16874
48	64	-1.1681
34	54	1.16809
46	64	-1.16776
28	48	-1.16775
74	78	1.16712
44	74	-1.16657
8	78	-1.16636
28	30	-1.16512
42	52	-1.165
24	26	1.16472
18	48	-1.16439
18	56	-1.16351
60	72	-1.16297
46	98	-1.16189
40	66	1.16131
30	64	-1.16104
24	82	-1.16018
52	92	1.15975
30	56	1.15872
12	88	-1.15799
58	90	-1.15796
10	98	1.15794
4	32	-1.15684
26	40	1.15666
24	92	1.15637
52	54	1.15572
20	72	1.15494
6	80	-1.15493
44	82	-1.15473
8	82	-1.15394
58	86	-1.15385
4	72	-1.1527
2	42	1.15264
44	46	-1.15262
38	78	1.15156
24	56	-1.15125
40	46	-1.15079
58	68	-1.15031
8	88	1.14956
48	58	-1.14898
2	36	1.1486
38	44	-1.14771
64	66	1.1474
10	40	1.14672
38	96	-1.14544
28	80	-1.14342
16	90	-1.14271
2	52	-1.14265
24	42	-1.14257
6	74	-1.14138
2	10	-1.14135
34	46	-1.14114
28	58	1.14108
34	38	-1.14103
2	24	-1.14048
14	16	-1.13983
18	30	-1.1395
16	28	1.13845
34	76	1.13814
34	74	-1.1377
48	56	1.13591
52	58	1.13588
16	36	-1.13519
10	56	-1.13466
12	18	-1.13458
10	64	1.13317
0	52	-1.13285
2	66	-1.13284
12	58	-1.13279
8	68	-1.13276
44	68	-1.13195
68	72	-1.13149
6	88	1.1314
0	20	-1.13025
52	84	-1.1296
20	62	-1.12904
48	52	-1.12821
16	78	-1.1263
8	70	-1.12517
56	66	-1.12487
30	58	-1.12393
20	56	-1.12279
20	76	1.12173
52	80	-1.12067
28	92	1.12055
48	98	-1.12054
32	68	-1.12038
26	74	-1.11777
28	42	-1.11712
32	62	-1.11683
66	92	1.11569
44	78	-1.11525
30	52	-1.11517
2	20	-1.11494
16	80	-1.11491
20	26	1.11341
66	82	-1.11315
70	94	-1.11256
12	44	-1.11249
30	98	-1.11247
10	44	1.11185
24	96	1.11134
12	96	-1.10979
56	58	-1.10911
8	46	-1.10752
88	94	1.10711
18	86	-1.10602
24	72	1.10588
46	74	1.10487
16	46	-1.10449
28	54	1.10442
10	92	1.10337
14	28	-1.10331
8	44	1.10299
68	78	1.10281
16	52	1.10243
6	70	-1.10236
10	82	-1.10207
6	14	-1.10152
20	54	1.10088
76	86	-1.10066
68	86	1.10047
2	16	-1.10033
24	80	-1.09941
20	84	-1.09929
8	48	-1.09914
30	90	1.09871
32	88	1.09864
8	12	-1.09859
14	52	-1.09774
16	56	-1.09714
44	66	1.09651
52	82	-1.09535
78	94	-1.095
68	70	1.09422
52	62	-1.09285
48	92	-1.09283
26	38	-1.0922
0	32	-1.09195
10	80	-1.09162
72	86	-1.09133
20	80	-1.09131
4	44	-1.09109
24	62	-1.09089
12	26	-1.09062
42	66	-1.09044
48	90	1.0903
32	92	1.09004
18	28	1.09001
34	86	-1.08989
30	92	-1.08963
28	84	-1.08934
38	46	1.08808
0	24	-1.08807
66	80	-1.08791
28	60	-1.08747
6	98	1.08725
32	48	-1.08685
6	82	-1.08648
34	60	-1.08604
14	20	-1.08586
0	28	-1.08494
52	98	1.08429
30	36	1.08405
52	64	1.08295
10	88	1.08249
30	76	-1.08216
8	30	-1.08173
18	52	1.08079
30	72	-1.08071
2	32	-1.08035
14	32	-1.08017
48	76	-1.0797
48	72	-1.07936
14	24	-1.07882
18	50	1.0784
62	66	-1.07759
4	28	-1.07742
10	42	-1.07681
24	76	1.07544
18	22	1.07431
32	84	-1.07407
6	40	1.07367
28	68	-1.07347
50	68	-1.07343
22	68	-1.07295
26	34	1.07223
34	90	-1.07163
66	88	1.07127
6	22	1.0702
0	66	-1.0701
30	32	-1.06994
26	58	1.06984
14	66	-1.06883
24	84	-1.06859
54	86	-1.06841
44	60	-1.06836
34	82	-1.06832
10	14	-1.06813
10	62	-1.06805
32	70	-1.06774
6	50	1.06768
32	44	1.06714
24	54	1.06638
36	48	1.06624
66	72	1.06624
20	96	1.06579
40	52	1.06523
32	80	-1.0647
32	54	1.06462
6	64	1.06408
16	50	1.06121
52	60	-1.06102
26	48	-1.06087
28	82	-1.06078
0	10	-1.06014
22	32	1.05963
28	62	-1.05949
32	46	-1.0585
4	70	1.05799
10	72	1.05713
84	86	1.05684
16	22	1.05624
4	34	-1.05608
18	78	-1.05574
10	70	-1.05572
28	98	1.05539
32	50	1.05431
4	50	-1.05431
44	94	1.05381
66	84	-1.05359
4	22	-1.0532
86	94	-1.05259
24	44	1.05237
34	96	1.051
4	78	1.05006
42	86	1.04968
54	66	1.04935
6	92	1.04924
28	64	1.04853
8	96	1.04769
66	76	1.04737
66	70	-1.04727
26	30	-1.04688
10	84	-1.04678
50	60	-1.04633
68	88	-1.0462
0	86	1.04599
20	90	-1.04594
22	60	-1.04529
4	52	-1.04452
52	74	-1.04447
12	28	-1.04444
60	70	1.04428
86	92	-1.04365
82	86	1.04332
80	86	1.04283
30	50	-1.04225
10	54	1.04187
48	96	-1.04018
30	96	-1.03939
10	76	1.0389
32	72	1.03818
30	88	-1.03733
6	62	-1.03712
6	84	-1.0365
32	76	1.03648
10	22	1.03631
14	86	1.03601
58	96	1.03597
46	48	1.0354
28	40	1.03533
18	88	1.03419
10	50	1.03402
34	44	1.03387
60	78	1.03369
48	50	-1.03344
22	30	-1.03323
6	42	-1.03271
50	58	1.03237
58	78	-1.03223
24	88	1.03167
94	96	1.03163
20	36	-1.03157
24	70	-1.03106
62	86	1.03098
18	70	-1.03075
22	58	1.03057
12	52	-1.03035
18	26	1.03033
48	88	-1.03017
22	66	1.02963
38	52	-1.02888
16	26	1.02794
8	86	-1.02763
50	66	1.02762
28	94	1.02731
6	54	1.02591
2	86	1.02587
0	6	-1.02584
52	68	-1.02532
22	48	-1.02524
46	94	-1.0252
8	28	1.02502
4	88	-1.0248
30	46	1.0247
52	94	1.02444
34	70	-1.02418
16	88	1.02416
6	72	1.02303
32	78	-1.0228
6	36	-1.02161
24	90	-1.02128
20	44	1.01998
28	74	-1.01921
26	60	-1.01713
46	68	1.01712
60	88	-1.01703
34	68	-1.01695
18	96	1.01601
30	78	1.01575
58	88	1.01533
18	46	-1.01524
46	58	-1.01445
12	34	-1.01443
26	94	1.01416
32	90	-1.01408
34	48	-1.01334
8	52	1.01334
32	56	-1.01324
16	70	-1.01295
20	88	1.01283
24	36	-1.01276
68	96	-1.01258
20	70	-1.01248
86	98	-1.01183
16	96	1.01058
8	26	1.01057
6	90	-1.01054
12	86	1.01021
34	88	1.0102
20	50	1.00982
64	86	-1.00943
24	50	1.00941
18	44	1.0093
22	24	1.00929
28	38	-1.00918
48	78	1.00842
20	22	1.00802
6	76	1.00793
4	26	-1.00776
58	70	-1.0075
66	90	-1.00719
30	70	1.00682
34	50	1.00613
30	34	-1.0059
16	44	1.00508
40	86	-1.00486
48	70	1.00483
10	90	-1.0044
22	34	1.00401
10	36	-1.00133
44	58	1.00126
4	96	-1.00097
4	46	1.00095
74	86	1.00087
36	66	-1.0008
38	86	1.00049
46	60	1.00044
60	96	-1.00028
26	68	-1.00007
