7	35	11.9979
81	89	11.9945
19	87	11.9945
87	97	11.9943
13	83	11.9899
57	67	11.9814
59	93	11.9813
37	85	11.9804
19	97	11.9784
5	57	11.9761
71	77	11.9741
5	67	11.9741
19	47	11.9718
37	73	11.9645
47	51	11.9618
17	63	11.9608
47	87	11.9563
17	21	11.9546
9	67	-11.9537
19	51	11.9508
45	59	11.9409
21	43	11.9316
63	85	11.9275
37	63	11.9251
29	43	11.9226
47	97	11.9222
9	57	-11.9199
9	81	11.9141
51	87	11.913
21	63	11.9094
89	91	11.9084
33	79	-11.9069
53	85	11.9028
73	85	11.893
9	11	-11.8844
33	95	-11.8826
1	71	11.869
9	89	11.8681
51	97	11.8654
45	93	11.8652
63	73	11.8618
5	9	-11.8617
17	43	11.8602
81	91	11.8601
23	49	11.8594
11	67	11.8446
1	41	11.8419
25	29	11.8401
53	63	11.8344
57	65	11.8158
37	53	11.8014
27	41	11.795
75	97	11.7916
17	85	11.7887
17	37	11.7851
79	95	11.7814
23	65	11.781
57	81	-11.7774
75	87	11.777
67	81	-11.7769
21	73	11.7703
1	77	11.7679
47	75	11.7605
13	41	11.76
13	31	11.7596
21	37	11.7568
11	71	11.7462
29	39	11.7375
5	11	11.7362
17	53	11.729
19	75	11.7289
49	61	11.7277
11	57	11.7267
17	73	11.7223
43	63	11.7183
31	83	11.7173
21	29	11.7156
33	97	-11.7121
31	99	11.7107
57	89	-11.7087
27	99	11.7078
15	61	11.707
67	89	-11.7052
21	85	11.7037
27	31	11.7035
65	81	-11.7029
5	65	11.7002
65	67	11.694
11	81	-11.6694
41	83	11.6691
65	89	-11.6669
25	43	11.6613
9	65	-11.6603
33	87	-11.6476
11	77	11.6407
35	51	11.6387
5	81	-11.6367
41	71	11.6323
17	29	11.6202
53	73	11.6112
11	89	-11.6046
19	33	-11.5985
41	77	11.596
9	91	11.5916
13	27	11.5869
7	51	11.5856
15	69	11.5661
5	89	-11.5502
51	75	11.5487
1	11	11.5303
21	53	11.5286
25	39	11.5186
23	57	11.5176
95	97	11.4939
43	73	11.4818
5	23	11.4728
3	79	-11.4665
27	83	11.463
15	45	11.4618
13	77	11.4616
31	41	11.4609
39	43	11.4608
37	43	11.4558
77	83	11.4489
35	47	11.4343
23	93	11.4229
55	83	11.4083
67	71	11.4055
17	25	11.3972
43	85	11.3962
87	95	11.3939
29	63	11.39
1	13	11.386
33	47	-11.3855
21	25	11.3761
1	27	11.3746
7	47	11.3731
33	51	-11.3709
65	91	-11.3681
13	71	11.3596
67	77	11.3556
9	71	-11.3512
19	35	11.3498
79	97	11.3489
5	71	11.3449
23	67	11.3375
5	77	11.3372
49	65	11.3317
67	91	-11.3293
57	91	-11.3286
71	83	11.3218
23	61	11.3067
19	95	11.3039
11	91	-11.2985
1	83	11.2923
33	75	-11.2853
13	55	11.2822
7	19	11.2822
55	77	11.2765
79	87	11.2712
23	59	11.2696
75	95	11.2549
9	77	-11.2447
43	53	11.244
65	93	11.2435
35	87	11.2378
49	93	11.227
19	79	11.223
11	65	11.2189
57	71	11.2094
45	61	11.1892
57	77	11.168
7	87	11.1662
15	59	11.1648
9	23	-11.1512
13	99	11.1464
49	59	11.1298
35	97	11.1245
5	91	-11.1168
41	99	11.114
15	49	11.1014
21	39	11.1001
25	63	11.1
5	49	11.0885
47	95	11.0839
23	81	-11.0839
29	73	11.0749
49	57	11.072
23	45	11.0715
45	49	11.0675
61	69	11.0501
7	97	11.0492
15	93	11.0395
29	37	11.0381
59	61	11.0379
83	99	11.0336
59	65	11.0269
55	71	11.0234
61	93	11.0199
1	9	-11.0162
23	89	-11.0146
3	33	11.0031
51	79	10.9928
1	67	10.9792
29	85	10.9743
51	95	10.9739
27	71	10.9648
11	41	10.964
47	79	10.9533
7	93	-10.9531
35	93	-10.9499
71	81	-10.9316
27	77	10.9251
35	59	-10.909
7	59	-10.9027
3	95	-10.8916
49	67	10.8767
17	39	10.8727
1	5	10.8512
29	53	10.8454
1	31	10.8345
71	89	-10.832
75	79	10.7859
77	81	-10.782
1	57	10.7396
41	55	10.7143
25	53	10.705
15	23	10.6981
11	23	10.6894
31	77	10.6857
45	65	10.6851
77	89	-10.6718
25	85	10.6588
25	37	10.6503
35	75	10.6368
1	81	-10.6361
9	49	-10.6062
31	71	10.6014
31	55	10.6013
35	45	-10.5987
25	73	10.595
23	91	-10.5921
39	63	10.5869
7	45	-10.5809
1	55	10.5629
7	75	10.5594
1	89	-10.5557
5	55	10.5412
61	65	10.5383
51	59	-10.5141
57	93	10.5065
11	13	10.4933
33	35	-10.4921
49	81	-10.4599
11	83	10.4539
45	79	-10.4501
71	91	-10.4482
65	71	10.4459
89	93	-10.4458
81	93	-10.4415
51	93	-10.4397
1	99	10.4323
11	55	10.4193
53	95	10.4157
45	69	10.4138
7	33	-10.4092
65	77	10.3906
55	67	10.3878
49	89	-10.3741
45	51	-10.3717
39	73	10.3669
41	67	10.3537
7	91	10.3517
3	45	10.3482
9	41	-10.3331
5	93	10.3206
19	59	-10.2975
3	15	10.292
7	65	-10.2843
33	45	10.2817
91	93	-10.2807
35	91	10.2667
5	41	10.2665
1	91	-10.2663
55	57	10.2656
57	59	10.2574
77	91	-10.2539
67	93	10.2517
59	79	-10.2462
37	39	10.2357
3	69	10.2322
35	65	-10.2258
19	45	-10.2221
9	93	-10.2043
59	87	-10.2001
11	49	10.1982
59	89	-10.1971
27	55	10.1952
59	81	-10.1901
35	79	10.1892
19	93	-10.1872
5	61	10.183
47	59	-10.1804
57	61	10.1723
33	59	10.1591
45	87	-10.1447
49	69	10.1439
11	27	10.1412
59	97	-10.138
39	85	10.1128
7	79	10.1122
7	89	10.1075
45	97	-10.1055
9	55	-10.0977
41	57	10.0974
47	93	-10.0962
87	93	-10.0806
3	97	-10.08
5	59	10.0749
23	77	10.071
45	47	-10.064
59	91	-10.0495
23	71	10.0486
35	89	10.0273
5	83	10.0231
59	69	10.0197
79	93	-10.0163
7	81	10.0126
13	67	10.0099
67	83	10.0095
93	97	-10.0074
5	13	10.0065
3	87	-10
15	65	9.99998
59	67	9.99942
77	99	9.99348
3	59	9.98576
71	99	9.98561
85	95	9.98418
61	67	9.96905
3	19	-9.96553
7	23	-9.95838
33	93	9.95739
1	65	9.95392
9	59	-9.94909
35	81	9.93387
35	95	9.92442
23	35	-9.92259
45	57	9.91849
49	91	-9.9165
39	53	9.89343
41	81	-9.88719
9	13	-9.88466
69	93	9.87481
9	83	-9.86498
7	95	9.83939
45	89	-9.80601
45	81	-9.80347
41	89	-9.79871
3	51	-9.79203
15	79	-9.78953
57	83	9.78495
13	57	9.77755
49	77	9.773
5	45	9.75931
33	53	-9.75283
37	95	9.74332
95	99	-9.74019
3	93	9.73469
9	61	-9.7299
49	71	9.70942
53	79	9.69904
55	99	9.69608
31	95	-9.67837
3	47	-9.67764
23	69	9.6728
45	95	-9.66426
45	67	9.6642
1	85	-9.66413
45	91	-9.66122
1	37	-9.65585
63	71	-9.65039
41	53	-9.64579
71	85	-9.64577
23	55	9.64065
75	99	-9.6405
11	31	9.64034
49	55	9.63748
63	95	9.63456
63	77	-9.63146
37	71	-9.63033
61	81	-9.62883
53	77	-9.62648
17	77	-9.62307
33	99	9.62196
53	71	-9.62196
55	81	-9.61793
1	73	-9.61695
41	85	-9.61353
17	71	-9.61199
13	53	-9.59854
77	85	-9.59799
1	53	-9.59634
9	45	-9.59443
55	65	9.58772
71	73	-9.58045
53	75	9.57577
97	99	-9.5755
11	73	-9.5747
11	93	9.57181
21	71	-9.5671
11	21	-9.56699
37	77	-9.56402
7	57	-9.56288
1	63	-9.56228
61	89	-9.56192
37	41	-9.56123
53	83	-9.5605
5	43	-9.55696
21	77	-9.55333
7	49	-9.55005
5	29	-9.54723
43	67	-9.54455
11	63	-9.53699
11	37	-9.53155
35	49	-9.53113
7	9	9.52753
21	67	-9.5223
87	99	-9.5214
43	57	-9.51754
59	95	-9.51559
11	17	-9.51379
55	89	-9.51317
41	91	-9.50662
29	57	-9.5018
1	23	9.49846
35	57	-9.4981
5	21	-9.49567
15	33	9.49554
29	67	-9.49274
73	77	-9.49113
27	67	9.49058
41	63	-9.48793
15	57	9.48584
9	21	9.48499
9	27	-9.48462
23	39	-9.48025
11	43	-9.47808
11	85	-9.47745
43	77	-9.47358
41	73	-9.47057
9	43	9.46298
21	57	-9.46127
31	33	9.46055
19	99	-9.46022
79	99	-9.4587
9	35	9.45518
27	53	-9.45461
43	71	-9.45387
31	79	-9.45299
27	95	-9.45099
3	75	-9.45084
1	17	-9.44737
17	67	-9.44269
5	17	-9.43303
17	95	9.43266
31	53	-9.43039
39	65	-9.42861
73	95	9.42427
5	15	9.42153
59	75	-9.41736
27	85	-9.41699
1	21	-9.41411
13	85	-9.41192
5	25	-9.41051
5	27	9.40923
45	75	-9.39961
13	81	-9.39945
9	73	9.39856
5	39	-9.39218
47	99	-9.38578
11	61	9.38454
63	67	-9.38443
39	57	-9.38363
7	67	-9.38119
9	17	9.3783
81	83	-9.37705
17	41	-9.3768
13	63	-9.37353
75	85	9.36822
9	29	9.36716
17	57	-9.36691
27	37	-9.36154
69	79	-9.35906
9	63	9.35685
29	65	-9.3521
83	85	-9.35173
13	17	-9.34791
5	63	-9.34513
33	85	-9.34181
67	73	-9.34135
3	35	-9.33987
29	77	-9.336
63	83	-9.33497
11	59	9.33391
17	83	-9.32867
39	67	-9.32245
11	29	-9.32046
5	7	-9.3199
93	95	-9.31937
39	49	-9.31875
11	53	-9.3187
35	67	-9.31544
23	29	-9.31431
3	53	-9.31298
25	57	-9.3126
9	37	9.31247
13	37	-9.31137
75	93	-9.30876
13	89	-9.30444
21	81	9.30317
21	41	-9.30129
53	97	9.30045
25	55	-9.29952
3	7	-9.29645
25	67	-9.29588
13	95	-9.29342
15	67	9.29164
41	65	9.28974
43	65	-9.28965
57	63	-9.28806
37	67	-9.2846
29	71	-9.28362
3	61	9.28225
83	89	-9.28136
43	81	9.27933
15	35	-9.27883
27	73	-9.27624
27	75	-9.26321
7	15	-9.26058
73	81	9.26
5	35	-9.25924
51	99	-9.25465
23	25	-9.25249
27	57	9.25184
15	51	-9.25151
21	89	9.24979
83	95	-9.24954
79	85	9.2494
51	65	-9.24788
37	83	-9.24602
31	85	-9.2453
5	73	-9.24525
25	77	-9.24478
27	63	-9.2414
57	73	-9.23597
15	81	-9.23307
9	85	9.23012
35	61	-9.22995
73	89	9.22597
1	43	-9.2253
7	61	-9.22465
15	19	-9.22384
53	99	-9.22356
67	85	-9.22282
43	89	9.22051
13	21	-9.21497
25	49	-9.21222
61	91	-9.21112
15	89	-9.21065
37	75	9.20844
5	37	-9.20602
1	49	9.20001
9	39	9.19671
15	87	-9.19599
15	97	-9.19431
21	83	-9.186
29	81	9.18563
23	51	-9.18389
9	15	-9.18329
55	91	-9.18074
53	87	9.17775
27	33	9.1762
31	63	-9.17611
37	57	-9.16972
65	69	9.1695
21	65	-9.16818
13	73	-9.16672
85	99	-9.16501
5	85	-9.15742
17	81	9.15166
31	37	-9.1478
13	43	-9.14467
23	43	-9.1413
63	81	9.14119
31	97	-9.13895
3	31	9.13655
17	31	-9.13646
43	83	-9.13633
29	49	-9.13386
25	71	-9.13265
25	65	-9.13205
41	43	-9.13093
39	93	-9.13026
37	81	9.1302
31	75	-9.12853
51	91	9.12652
33	37	-9.12652
41	95	-9.12458
31	67	9.1233
11	99	9.12329
29	89	9.12318
37	99	-9.11482
21	95	9.11143
17	27	-9.10808
5	31	9.1033
9	25	9.10328
57	85	-9.10254
27	81	-9.09784
73	83	-9.09608
53	55	-9.09453
17	89	9.09121
15	47	-9.0888
37	89	9.08756
63	89	9.08674
39	81	9.08626
15	95	-9.08225
17	55	-9.08148
53	67	-9.07968
73	91	9.07812
11	25	-9.0761
31	87	-9.06568
29	83	-9.06151
27	97	-9.05908
25	83	-9.0585
19	53	9.05626
21	27	-9.05575
11	39	-9.05451
51	61	-9.05214
5	53	-9.04961
13	29	-9.04939
73	99	-9.04924
33	69	9.04859
15	91	-9.04557
9	31	-9.04542
21	31	-9.0435
39	59	-9.04052
27	79	-9.03805
9	53	9.03752
63	99	-9.03579
11	45	9.0354
39	89	9.03454
37	79	9.03407
29	55	-9.03402
39	77	-9.02912
27	89	-9.02851
49	51	-9.02785
33	63	-9.02698
61	79	-9.02399
31	39	-9.02372
81	85	9.02113
61	77	9.01813
17	65	-9.01752
31	73	-9.01701
85	97	9.01294
13	91	-9.01103
21	91	9.00978
65	83	9.00792
13	25	-9.00782
1	29	-8.99988
19	31	-8.99684
13	65	8.99657
31	43	-8.99544
69	91	-8.99475
61	71	8.99125
13	79	-8.99109
43	55	-8.99046
73	75	8.99009
83	91	-8.98932
27	87	-8.98813
69	89	-8.98453
69	81	-8.98219
63	79	8.98209
63	75	8.97673
79	83	-8.97633
55	61	8.97511
55	63	-8.97459
39	71	-8.97379
85	89	8.97368
13	33	8.97154
23	41	8.9631
7	11	-8.95971
39	99	-8.95961
19	61	-8.95948
53	57	-8.95774
1	69	8.95737
57	69	8.95622
43	91	8.9503
47	65	-8.94758
17	99	-8.94348
39	83	-8.94182
51	89	8.94153
29	31	-8.93976
21	23	-8.93974
9	69	-8.93937
21	99	-8.93891
29	41	-8.93617
33	83	8.9336
47	61	-8.93236
47	53	8.9284
13	39	-8.9284
19	65	-8.92783
19	23	-8.92309
23	47	-8.92299
39	61	-8.9226
21	55	-8.92054
31	57	8.91799
61	87	-8.91799
39	45	-8.91736
37	91	8.91604
3	85	-8.91481
63	65	-8.91388
43	49	-8.91254
19	27	-8.90967
11	69	8.90554
85	87	8.90481
5	69	8.90407
15	75	-8.90098
67	69	8.89631
65	73	-8.89584
11	35	-8.89541
27	43	-8.89423
61	97	-8.88656
31	47	-8.88276
33	61	8.88147
69	95	-8.88024
3	99	8.87824
25	81	8.87571
51	81	8.87222
63	91	8.86457
47	91	8.86104
43	99	-8.85912
17	33	-8.85908
55	85	-8.85889
33	73	-8.85598
11	15	8.85486
27	69	8.85062
17	79	8.8458
3	83	8.84488
37	97	8.8435
47	49	-8.84222
39	55	-8.8412
17	91	8.8409
27	47	-8.83861
23	83	8.83516
19	49	-8.83502
29	91	8.83371
23	87	-8.83117
17	23	-8.83025
71	93	8.82447
43	95	8.82279
65	87	-8.82118
27	91	-8.81996
25	31	-8.81569
61	75	-8.8128
3	13	8.81118
25	89	8.80695
13	23	8.80174
77	93	8.79659
25	61	-8.79513
19	85	8.79441
37	65	-8.7912
85	91	8.791
53	81	8.78537
1	25	-8.78487
19	91	8.78224
41	75	-8.78142
33	41	8.78011
29	99	-8.77857
41	49	8.77835
31	51	-8.77774
73	79	8.77118
49	87	-8.7648
17	75	8.76465
37	55	-8.7646
39	91	8.76335
3	37	-8.76127
23	97	-8.76002
25	41	-8.75875
3	63	-8.75272
41	69	8.75175
37	87	8.74532
39	41	-8.74329
65	97	-8.73722
53	89	8.73036
3	49	8.7303
1	61	8.73025
27	29	-8.72928
51	53	8.72534
69	75	-8.72447
1	39	-8.72423
13	75	-8.71847
29	93	-8.71287
1	95	-8.71277
49	97	-8.7078
69	97	-8.70723
49	83	8.70715
41	79	-8.70516
65	85	-8.70405
47	85	8.70007
27	39	-8.69887
21	49	-8.69425
63	97	8.69136
23	79	-8.68902
49	79	-8.68534
23	63	-8.68232
47	89	8.68185
27	51	-8.67841
3	17	-8.6781
87	91	8.67736
69	87	-8.67674
69	99	8.67446
31	81	-8.67042
13	49	8.666
69	71	8.66534
29	61	-8.66447
19	69	-8.6603
75	83	-8.65277
19	37	8.64464
59	71	8.6424
15	39	-8.64084
23	33	8.63913
13	97	-8.63829
55	73	-8.63379
19	89	8.63044
73	97	8.63035
17	49	-8.62574
67	99	8.62144
3	27	8.62111
47	81	8.61974
59	77	8.61952
3	23	8.61713
51	57	-8.60862
35	99	-8.60834
33	49	8.6064
25	95	8.60542
31	89	-8.6053
29	59	-8.60439
21	33	-8.60286
69	73	-8.60216
9	99	-8.60061
63	87	8.59984
3	73	-8.59562
27	65	8.59161
51	69	-8.58774
91	97	8.58771
83	97	-8.58607
41	97	-8.58422
23	73	-8.58386
5	99	8.57979
21	79	8.57901
19	81	8.57413
21	75	8.57132
77	95	-8.5701
13	87	-8.56836
37	47	8.56581
7	99	-8.56223
25	93	-8.55737
47	69	-8.55543
73	87	8.54715
33	65	8.54573
29	95	8.54383
53	65	-8.54274
49	75	-8.54225
71	95	-8.54116
65	79	-8.53852
43	93	-8.53801
87	89	8.53615
9	51	8.53531
53	91	8.53359
25	91	8.52594
17	97	8.52457
69	77	8.52433
37	69	-8.52403
61	95	-8.52119
55	95	-8.52002
83	87	-8.51943
23	37	-8.51843
41	87	-8.5158
25	27	-8.51411
25	99	-8.5124
19	63	8.51017
51	85	8.50807
13	19	-8.50244
1	93	8.48929
35	69	-8.48613
3	55	8.48545
81	87	8.48434
49	63	-8.47789
7	69	-8.47633
29	45	-8.47515
69	85	-8.46989
25	59	-8.46812
51	67	-8.46706
19	73	8.46175
23	85	-8.46141
89	97	8.45963
57	99	8.45863
19	83	-8.45753
3	41	8.45704
5	51	-8.45585
15	71	8.45294
43	61	-8.44885
3	21	-8.44855
1	75	-8.44809
19	41	-8.44598
45	71	8.4448
17	87	8.44469
41	61	8.44244
55	93	8.43864
23	75	-8.43642
45	77	8.4305
47	63	8.42975
43	59	-8.42972
31	91	-8.42779
7	39	8.42338
13	47	-8.42065
15	77	8.41658
3	91	-8.416
31	69	8.4147
81	97	8.41248
35	39	8.40755
3	65	8.40704
1	15	8.40617
47	73	8.40279
47	57	-8.39853
43	79	8.39748
33	43	-8.39662
1	33	8.39299
37	51	8.39147
23	27	8.38639
25	45	-8.38627
47	83	-8.38115
41	47	-8.37998
49	73	-8.37332
19	57	-8.37235
23	53	-8.37009
17	19	8.36861
21	93	-8.36811
55	79	-8.36708
15	25	-8.36131
1	59	8.35109
43	75	8.35032
31	65	8.34811
21	97	8.34774
65	75	-8.34472
81	99	-8.34086
3	25	-8.33908
9	47	8.33648
27	49	8.33538
37	49	-8.33381
1	79	-8.33185
53	69	-8.32608
55	59	8.3249
25	75	8.32331
3	43	-8.31783
13	51	-8.3176
45	99	8.31683
7	71	-8.31465
55	75	-8.3129
15	29	-8.31249
9	19	8.30893
33	91	-8.30796
57	87	-8.30208
89	99	-8.29964
43	45	-8.29939
17	47	8.29932
13	69	8.29886
49	85	-8.29669
25	79	8.29644
27	61	8.29572
15	99	8.29123
33	55	8.28852
51	63	8.28819
21	61	-8.28573
51	83	-8.28544
21	87	8.28503
47	67	-8.28418
75	91	8.2813
5	47	-8.28121
35	71	-8.27642
79	91	8.27405
33	77	8.2737
21	59	-8.27057
15	55	8.27041
7	55	-8.26877
7	77	-8.26831
63	69	-8.26805
77	79	-8.26766
61	83	8.2653
23	95	-8.26526
59	99	8.26183
19	67	-8.2604
41	51	-8.26033
49	95	-8.26022
51	73	8.25816
1	97	-8.25813
25	33	-8.25772
5	19	-8.25534
13	61	8.25416
3	89	-8.25352
33	71	8.25103
57	97	-8.24887
17	93	-8.24801
35	55	-8.24623
33	89	-8.24592
9	87	8.24491
31	35	-8.24432
49	53	-8.24046
15	27	8.23664
29	79	8.23645
17	61	-8.23507
69	83	8.23436
35	77	-8.2335
1	3	8.22967
45	55	8.22932
71	79	-8.22887
19	21	8.22653
23	31	8.22467
71	75	-8.2234
75	77	-8.22088
33	81	-8.21968
29	33	-8.2184
1	45	8.21779
3	81	-8.21616
79	89	8.21401
7	31	-8.21316
1	87	-8.21012
65	95	-8.20769
15	41	8.20391
3	29	-8.20245
67	87	-8.20213
11	51	-8.19954
5	87	-8.1981
9	97	8.19723
29	75	8.19557
93	99	8.1907
79	81	8.19058
61	99	8.18953
39	69	-8.18829
91	99	-8.18736
47	55	-8.18734
17	51	8.18642
61	73	-8.18417
7	29	8.1841
43	97	8.18261
3	77	8.18036
31	45	8.17882
21	69	-8.17695
21	47	8.17575
75	89	8.17298
17	59	-8.17074
1	7	-8.1684
29	35	8.16641
63	93	-8.16484
1	19	-8.16352
31	49	8.16167
67	97	-8.15947
61	63	-8.15941
11	95	-8.1593
55	97	-8.15878
15	43	-8.15771
21	45	-8.15684
5	97	-8.15556
41	93	8.15518
15	73	-8.1534
27	35	-8.1531
55	87	-8.14865
33	57	8.14731
3	71	8.1467
73	93	-8.14665
17	69	-8.14411
37	61	-8.14395
57	79	-8.14305
75	81	8.14148
1	35	-8.14131
43	87	8.13908
7	43	8.13695
19	55	-8.13463
35	53	8.13214
7	27	-8.12758
51	55	-8.12636
1	47	-8.12462
39	51	8.12346
31	59	8.12117
35	43	8.11986
25	97	8.11899
39	95	8.11883
15	31	8.1116
61	85	-8.11147
15	37	-8.10928
7	53	8.10858
7	25	8.10585
71	97	-8.10483
77	97	-8.10428
59	63	-8.10112
19	43	8.1011
65	99	8.09907
21	51	8.09863
9	33	-8.09712
25	87	8.09586
7	21	8.09472
25	35	8.09458
5	79	-8.09181
3	57	8.09001
25	47	8.08971
11	47	-8.08952
17	45	-8.08946
37	93	-8.08943
5	33	8.08937
83	93	8.08782
33	67	8.08764
15	85	-8.08473
55	69	8.08348
41	59	8.08314
43	69	-8.0823
91	95	8.08154
59	73	-8.08146
21	35	8.08115
13	93	8.08098
3	9	-8.08052
11	19	-8.08048
67	79	-8.0804
25	69	-8.07977
9	79	8.0793
15	21	-8.07486
39	79	8.07446
7	73	8.07304
71	87	-8.07301
31	93	8.07263
77	87	-8.07161
19	25	8.07143
35	85	8.07084
29	69	-8.06911
43	47	8.06827
35	73	8.06661
29	97	8.06612
1	51	-8.06262
7	85	8.06003
89	95	8.05991
57	75	-8.05969
85	93	-8.05849
45	53	-8.0576
35	37	8.05676
49	99	8.05651
11	87	-8.05539
19	39	8.05373
7	37	8.05339
81	95	8.05288
67	95	-8.05242
33	39	-8.05216
39	47	8.05038
59	83	8.04917
15	53	-8.04768
19	71	-8.04704
9	95	8.04675
53	61	-8.04669
3	39	-8.0465
5	95	-8.04615
31	61	8.04548
19	77	-8.04454
57	95	-8.04424
3	67	8.04419
13	59	8.04406
53	93	-8.04383
53	59	-8.04374
3	5	8.04295
11	33	8.04244
29	87	8.04222
11	97	-8.04211
37	59	-8.04134
45	63	-8.03794
3	11	8.03781
39	87	8.03483
25	51	8.03448
7	63	8.03359
35	63	8.03328
15	17	-8.03272
23	99	8.03268
5	75	-8.03183
15	63	-8.03112
27	45	8.03025
9	75	8.03007
43	51	8.02987
7	17	8.02898
45	83	8.02734
41	45	8.02612
59	85	-8.0257
13	15	8.02457
39	97	8.02425
17	35	8.02408
45	73	-8.02403
19	29	8.02361
47	71	-8.02242
13	45	8.02232
11	79	-8.0223
47	77	-8.022
11	75	-8.02088
67	75	-8.01982
39	75	8.01622
35	83	-8.01589
7	41	-8.01546
13	35	-8.01541
35	41	-8.01443
15	83	8.01413
7	83	-8.01169
29	47	8.01156
51	71	-8.01094
27	59	8.0097
7	13	-8.00896
27	93	8.00526
45	85	-8.00509
37	45	-8.00389
51	77	-8.00346
29	51	8.00336
28	29	6
74	75	6
16	17	6
24	25	6
42	43	6
88	89	6
46	47	6
54	55	6
56	57	6
96	97	6
36	37	6
26	27	6
18	19	6
82	83	6
76	77	6
14	15	6
68	69	6
48	49	6
70	71	6
38	39	6
44	45	6
64	65	6
34	35	6
20	21	6
84	85	6
50	51	6
86	87	6
58	59	6
90	91	6
72	73	6
40	41	6
32	33	6
60	61	6
52	53	6
30	31	6
22	23	6
92	93	6
78	79	6
66	67	6
94	95	6
62	63	6
80	81	6
0	1	6
98	99	6
4	5	6
2	3	6
6	7	6
8	9	6
10	11	6
12	13	6
6	35	5.99894
7	34	5.99894
81	88	5.99727
80	89	5.99727
19	86	5.99724
18	87	5.99724
86	97	5.99714
87	96	5.99714
13	82	5.99495
12	83	5.99495
57	66	5.99068
56	67	5.99068
59	92	5.99064
58	93	5.99064
36	85	5.9902
37	84	5.9902
18	97	5.98921
19	96	5.98921
4	57	5.98803
5	56	5.98803
70	77	5.98707
71	76	5.98707
4	67	5.98706
5	66	5.98706
19	46	5.9859
18	47	5.9859
37	72	5.98224
36	73	5.98224
47	50	5.98089
46	51	5.98089
16	63	5.98039
17	62	5.98039
47	86	5.97817
46	87	5.97817
16	21	5.97732
17	20	5.97732
9	66	-5.97685
8	67	-5.97685
19	50	5.97538
18	51	5.97538
44	59	5.97044
45	58	5.97044
20	43	5.96581
21	42	5.96581
62	85	5.96377
63	84	5.96377
36	63	5.96256
37	62	5.96256
28	43	5.96128
29	42	5.96128
47	96	5.96112
46	97	5.96112
9	56	-5.95993
8	57	-5.95993
8	81	5.95707
9	80	5.95707
50	87	5.9565
51	86	5.9565
21	62	5.9547
20	63	5.9547
88	91	5.95418
89	90	5.95418
32	79	-5.95347
33	78	-5.95347
53	84	5.95142
52	85	5.95142
72	85	5.94649
73	84	5.94649
9	10	-5.94221
8	11	-5.94221
33	94	-5.94131
32	95	-5.94131
0	71	5.93451
1	70	5.93451
9	88	5.93404
8	89	5.93404
50	97	5.93268
51	96	5.93268
44	93	5.93262
45	92	5.93262
63	72	5.9309
62	73	5.9309
5	8	-5.93087
4	9	-5.93087
17	42	5.93012
16	43	5.93012
81	90	5.93007
80	91	5.93007
22	49	5.92969
23	48	5.92969
10	67	5.9223
11	66	5.9223
1	40	5.92096
0	41	5.92096
24	29	5.92004
25	28	5.92004
53	62	5.91721
52	63	5.91721
57	64	5.90792
56	65	5.90792
37	52	5.90071
36	53	5.90071
27	40	5.89751
26	41	5.89751
75	96	5.89578
74	97	5.89578
16	85	5.89437
17	84	5.89437
17	36	5.89257
16	37	5.89257
79	94	5.89068
78	95	5.89068
22	65	5.89051
23	64	5.89051
56	81	-5.8887
57	80	-5.8887
74	87	5.88852
75	86	5.88852
66	81	-5.88846
67	80	-5.88846
21	72	5.88513
20	73	5.88513
0	77	5.88393
1	76	5.88393
47	74	5.88024
46	75	5.88024
12	41	5.88002
13	40	5.88002
13	30	5.87982
12	31	5.87982
21	36	5.8784
20	37	5.8784
10	71	5.87312
11	70	5.87312
28	39	5.86877
29	38	5.86877
4	11	5.86808
5	10	5.86808
17	52	5.86451
16	53	5.86451
19	74	5.86443
18	75	5.86443
48	61	5.86387
49	60	5.86387
10	57	5.86335
11	56	5.86335
16	73	5.86117
17	72	5.86117
43	62	5.85914
42	63	5.85914
31	82	5.85865
30	83	5.85865
20	29	5.85779
21	28	5.85779
33	96	-5.85606
32	97	-5.85606
31	98	5.85537
30	99	5.85537
56	89	-5.85433
57	88	-5.85433
26	99	5.8539
27	98	5.8539
14	61	5.85351
15	60	5.85351
66	89	-5.8526
67	88	-5.8526
21	84	5.85186
20	85	5.85186
27	30	5.85176
26	31	5.85176
65	80	-5.85146
64	81	-5.85146
4	65	5.85012
5	64	5.85012
65	66	5.84701
64	67	5.84701
10	81	-5.8347
11	80	-5.8347
41	82	5.83454
40	83	5.83454
65	88	-5.83345
64	89	-5.83345
25	42	5.83065
24	43	5.83065
9	64	-5.83015
8	65	-5.83015
32	87	-5.8238
33	86	-5.8238
10	77	5.82033
11	76	5.82033
34	51	5.81936
35	50	5.81936
5	80	-5.81833
4	81	-5.81833
40	71	5.81616
41	70	5.81616
16	29	5.81011
17	28	5.81011
52	73	5.80561
53	72	5.80561
10	89	-5.80231
11	88	-5.80231
19	32	-5.79923
18	33	-5.79923
40	77	5.79799
41	76	5.79799
8	91	5.79582
9	90	5.79582
13	26	5.79347
12	27	5.79347
6	51	5.79278
7	50	5.79278
15	68	5.78304
14	69	5.78304
5	88	-5.77512
4	89	-5.77512
51	74	5.77437
50	75	5.77437
1	10	5.76513
0	11	5.76513
21	52	5.76432
20	53	5.76432
24	39	5.7593
25	38	5.7593
23	56	5.75882
22	57	5.75882
95	96	5.74696
94	97	5.74696
43	72	5.74092
42	73	5.74092
4	23	5.73641
5	22	5.73641
3	78	-5.73324
2	79	-5.73324
26	83	5.73151
27	82	5.73151
15	44	5.73088
14	45	5.73088
12	77	5.73079
13	76	5.73079
30	41	5.73046
31	40	5.73046
39	42	5.73041
38	43	5.73041
37	42	5.72788
36	43	5.72788
76	83	5.72447
77	82	5.72447
34	47	5.71717
35	46	5.71717
23	92	5.71147
22	93	5.71147
55	82	5.70416
54	83	5.70416
67	70	5.70273
66	71	5.70273
16	25	5.69858
17	24	5.69858
43	84	5.69812
42	85	5.69812
87	94	5.69693
86	95	5.69693
29	62	5.69501
28	63	5.69501
0	13	5.69299
1	12	5.69299
32	47	-5.69277
33	46	-5.69277
20	25	5.68805
21	24	5.68805
1	26	5.6873
0	27	5.6873
7	46	5.68654
6	47	5.68654
32	51	-5.68547
33	50	-5.68547
64	91	-5.68405
65	90	-5.68405
13	70	5.67979
12	71	5.67979
66	77	5.67779
67	76	5.67779
9	70	-5.67561
8	71	-5.67561
18	35	5.67492
19	34	5.67492
78	97	5.67443
79	96	5.67443
4	71	5.67244
5	70	5.67244
23	66	5.66873
22	67	5.66873
4	77	5.66862
5	76	5.66862
49	64	5.66583
48	65	5.66583
67	90	-5.66464
66	91	-5.66464
56	91	-5.66428
57	90	-5.66428
71	82	5.6609
70	83	5.6609
22	61	5.65335
23	60	5.65335
18	95	5.65196
19	94	5.65196
10	91	-5.64925
11	90	-5.64925
1	82	5.64615
0	83	5.64615
32	75	-5.64266
33	74	-5.64266
13	54	5.6411
12	55	5.6411
6	19	5.64109
7	18	5.64109
54	77	5.63827
55	76	5.63827
79	86	5.63561
78	87	5.63561
22	59	5.63479
23	58	5.63479
74	95	5.62746
75	94	5.62746
8	77	-5.62235
9	76	-5.62235
43	52	5.622
42	53	5.622
64	93	5.62177
65	92	5.62177
35	86	5.61891
34	87	5.61891
48	93	5.61349
49	92	5.61349
18	79	5.61151
19	78	5.61151
11	64	5.60946
10	65	5.60946
57	70	5.60472
56	71	5.60472
44	61	5.59459
45	60	5.59459
57	76	5.584
56	77	5.584
6	87	5.58309
7	86	5.58309
14	59	5.58241
15	58	5.58241
8	23	-5.57559
9	22	-5.57559
12	99	5.5732
13	98	5.5732
49	58	5.56491
48	59	5.56491
34	97	5.56227
35	96	5.56227
4	91	-5.5584
5	90	-5.5584
40	99	5.55702
41	98	5.55702
15	48	5.5507
14	49	5.5507
21	38	5.55005
20	39	5.55005
24	63	5.54999
25	62	5.54999
5	48	5.54425
4	49	5.54425
47	94	5.54197
46	95	5.54197
22	81	-5.54196
23	80	-5.54196
29	72	5.53746
28	73	5.53746
48	57	5.53602
49	56	5.53602
23	44	5.53573
22	45	5.53573
45	48	5.53377
44	49	5.53377
61	68	5.52504
60	69	5.52504
7	96	5.52462
6	97	5.52462
14	93	5.51974
15	92	5.51974
29	36	5.51903
28	37	5.51903
59	60	5.51894
58	61	5.51894
82	99	5.51682
83	98	5.51682
59	64	5.51347
58	65	5.51347
55	70	5.51172
54	71	5.51172
61	92	5.50995
60	93	5.50995
0	9	-5.50809
1	8	-5.50809
23	88	-5.5073
22	89	-5.5073
3	32	5.50154
2	33	5.50154
51	78	5.49639
50	79	5.49639
1	66	5.48959
0	67	5.48959
29	84	5.48716
28	85	5.48716
50	95	5.48696
51	94	5.48696
26	71	5.48241
27	70	5.48241
10	41	5.48199
11	40	5.48199
47	78	5.47667
46	79	5.47667
7	92	-5.47656
6	93	-5.47656
35	92	-5.47493
34	93	-5.47493
70	81	-5.46581
71	80	-5.46581
26	77	5.46256
27	76	5.46256
34	59	-5.4545
35	58	-5.4545
7	58	-5.45136
6	59	-5.45136
2	95	-5.44581
3	94	-5.44581
49	66	5.43836
48	67	5.43836
16	39	5.43633
17	38	5.43633
0	5	5.42558
1	4	5.42558
28	53	5.42272
29	52	5.42272
1	30	5.41727
0	31	5.41727
70	89	-5.41598
71	88	-5.41598
74	79	5.39297
75	78	5.39297
77	80	-5.391
76	81	-5.391
0	57	5.36982
1	56	5.36982
40	55	5.35713
41	54	5.35713
24	53	5.35252
25	52	5.35252
15	22	5.34903
14	23	5.34903
10	23	5.34471
11	22	5.34471
31	76	5.34285
30	77	5.34285
45	64	5.34254
44	65	5.34254
76	89	-5.33589
77	88	-5.33589
25	84	5.32938
24	85	5.32938
24	37	5.32514
25	36	5.32514
34	75	5.31841
35	74	5.31841
0	81	-5.31806
1	80	-5.31806
8	49	-5.30312
9	48	-5.30312
31	70	5.30069
30	71	5.30069
31	54	5.30066
30	55	5.30066
34	45	-5.29934
35	44	-5.29934
25	72	5.29751
24	73	5.29751
22	91	-5.29606
23	90	-5.29606
38	63	5.29344
39	62	5.29344
7	44	-5.29044
6	45	-5.29044
0	55	5.28144
1	54	5.28144
6	75	5.27968
7	74	5.27968
1	88	-5.27783
0	89	-5.27783
4	55	5.2706
5	54	5.2706
61	64	5.26915
60	65	5.26915
51	58	-5.25705
50	59	-5.25705
57	92	5.25323
56	93	5.25323
10	13	5.24663
11	12	5.24663
33	34	-5.24604
32	35	-5.24604
49	80	-5.22993
48	81	-5.22993
10	83	5.22693
11	82	5.22693
44	79	-5.22506
45	78	-5.22506
70	91	-5.2241
71	90	-5.2241
65	70	5.22295
64	71	5.22295
89	92	-5.22292
88	93	-5.22292
81	92	-5.22077
80	93	-5.22077
51	92	-5.21983
50	93	-5.21983
0	99	5.21613
1	98	5.21613
11	54	5.20964
10	55	5.20964
52	95	5.20783
53	94	5.20783
44	69	5.20688
45	68	5.20688
6	33	-5.20459
7	32	-5.20459
65	76	5.19532
64	77	5.19532
54	67	5.1939
55	66	5.1939
49	88	-5.18703
48	89	-5.18703
44	51	-5.18583
45	50	-5.18583
38	73	5.18346
39	72	5.18346
40	67	5.17686
41	66	5.17686
6	91	5.17583
7	90	5.17583
2	45	5.17408
3	44	5.17408
8	41	-5.16657
9	40	-5.16657
4	93	5.16028
5	92	5.16028
18	59	-5.14875
19	58	-5.14875
3	14	5.14601
2	15	5.14601
7	64	-5.14215
6	65	-5.14215
32	45	5.14084
33	44	5.14084
91	92	-5.14037
90	93	-5.14037
35	90	5.13333
34	91	5.13333
5	40	5.13326
4	41	5.13326
0	91	-5.13315
1	90	-5.13315
55	56	5.1328
54	57	5.1328
57	58	5.12868
56	59	5.12868
76	91	-5.12695
77	90	-5.12695
67	92	5.12585
66	93	5.12585
59	78	-5.12311
58	79	-5.12311
36	39	5.11786
37	38	5.11786
3	68	5.11612
2	69	5.11612
35	64	-5.11292
34	65	-5.11292
18	45	-5.11106
19	44	-5.11106
9	92	-5.10217
8	93	-5.10217
59	86	-5.10006
58	87	-5.10006
11	48	5.09909
10	49	5.09909
59	88	-5.09855
58	89	-5.09855
26	55	5.09758
27	54	5.09758
59	80	-5.09507
58	81	-5.09507
34	79	5.0946
35	78	5.0946
19	92	-5.09359
18	93	-5.09359
5	60	5.09149
4	61	5.09149
47	58	-5.0902
46	59	-5.0902
57	60	5.08617
56	61	5.08617
33	58	5.07956
32	59	5.07956
45	86	-5.07236
44	87	-5.07236
49	68	5.07195
48	69	5.07195
11	26	5.0706
10	27	5.0706
58	97	-5.06902
59	96	-5.06902
39	84	5.05638
38	85	5.05638
6	79	5.05608
7	78	5.05608
6	89	5.05374
7	88	5.05374
44	97	-5.05277
45	96	-5.05277
9	54	-5.04885
8	55	-5.04885
41	56	5.0487
40	57	5.0487
46	93	-5.04809
47	92	-5.04809
86	93	-5.04028
87	92	-5.04028
2	97	-5.04
3	96	-5.04
5	58	5.03743
4	59	5.03743
23	76	5.03549
22	77	5.03549
45	46	-5.03201
44	47	-5.03201
58	91	-5.02477
59	90	-5.02477
22	71	5.02432
23	70	5.02432
35	88	5.01364
34	89	5.01364
4	83	5.01154
5	82	5.01154
59	68	5.00984
58	69	5.00984
78	93	-5.00816
79	92	-5.00816
7	80	5.00632
6	81	5.00632
13	66	5.00494
12	67	5.00494
67	82	5.00476
66	83	5.00476
93	96	-5.0037
92	97	-5.0037
4	13	5.00326
5	12	5.00326
2	87	-5.00002
3	86	-5.00002
15	64	4.99999
14	65	4.99999
58	67	4.99971
59	66	4.99971
76	99	4.99674
77	98	4.99674
2	59	4.99288
3	58	4.99288
71	98	4.9928
70	99	4.9928
85	94	4.99209
84	95	4.99209
60	67	4.98452
61	66	4.98452
3	18	-4.98277
2	19	-4.98277
6	23	-4.97919
7	22	-4.97919
33	92	4.9787
32	93	4.9787
0	65	4.97696
1	64	4.97696
9	58	-4.97454
8	59	-4.97454
34	81	4.96693
35	80	4.96693
35	94	4.96221
34	95	4.96221
22	35	-4.9613
23	34	-4.9613
44	57	4.95924
45	56	4.95924
48	91	-4.95825
49	90	-4.95825
38	53	4.94672
39	52	4.94672
41	80	-4.94359
40	81	-4.94359
8	13	-4.94233
9	12	-4.94233
69	92	4.9374
68	93	4.9374
9	82	-4.93249
8	83	-4.93249
6	95	4.9197
7	94	4.9197
45	88	-4.903
44	89	-4.903
45	80	-4.90174
44	81	-4.90174
41	88	-4.89935
40	89	-4.89935
3	50	-4.89602
2	51	-4.89602
15	78	-4.89477
14	79	-4.89477
56	83	4.89247
57	82	4.89247
13	56	4.88878
12	57	4.88878
48	77	4.8865
49	76	4.8865
4	45	4.87965
5	44	4.87965
32	53	-4.87642
33	52	-4.87642
36	95	4.87166
37	94	4.87166
95	98	-4.87009
94	99	-4.87009
2	93	4.86734
3	92	4.86734
8	61	-4.86495
9	60	-4.86495
48	71	4.85471
49	70	4.85471
52	79	4.84952
53	78	4.84952
55	98	4.84804
54	99	4.84804
31	94	-4.83919
30	95	-4.83919
3	46	-4.83882
2	47	-4.83882
22	69	4.8364
23	68	4.8364
45	94	-4.83213
44	95	-4.83213
44	67	4.8321
45	66	4.8321
0	85	-4.83207
1	84	-4.83207
44	91	-4.83061
45	90	-4.83061
1	36	-4.82792
0	37	-4.82792
63	70	-4.82519
62	71	-4.82519
41	52	-4.82289
40	53	-4.82289
70	85	-4.82288
71	84	-4.82288
23	54	4.82032
22	55	4.82032
74	99	-4.82025
75	98	-4.82025
10	31	4.82017
11	30	4.82017
48	55	4.81874
49	54	4.81874
62	95	4.81728
63	94	4.81728
62	77	-4.81573
63	76	-4.81573
37	70	-4.81517
36	71	-4.81517
61	80	-4.81442
60	81	-4.81442
53	76	-4.81324
52	77	-4.81324
16	77	-4.81153
17	76	-4.81153
32	99	4.81098
33	98	4.81098
53	70	-4.81098
52	71	-4.81098
55	80	-4.80897
54	81	-4.80897
0	73	-4.80847
1	72	-4.80847
41	84	-4.80677
40	85	-4.80677
16	71	-4.80599
17	70	-4.80599
13	52	-4.79927
12	53	-4.79927
77	84	-4.79899
76	85	-4.79899
1	52	-4.79817
0	53	-4.79817
8	45	-4.79722
9	44	-4.79722
55	64	4.79386
54	65	4.79386
70	73	-4.79022
71	72	-4.79022
53	74	4.78789
52	75	4.78789
96	99	-4.78775
97	98	-4.78775
10	73	-4.78735
11	72	-4.78735
11	92	4.78591
10	93	4.78591
20	71	-4.78355
21	70	-4.78355
10	21	-4.78349
11	20	-4.78349
36	77	-4.78201
37	76	-4.78201
6	57	-4.78144
7	56	-4.78144
1	62	-4.78114
0	63	-4.78114
61	88	-4.78096
60	89	-4.78096
36	41	-4.78061
37	40	-4.78061
53	82	-4.78025
52	83	-4.78025
4	43	-4.77848
5	42	-4.77848
20	77	-4.77666
21	76	-4.77666
7	48	-4.77503
6	49	-4.77503
4	29	-4.77361
5	28	-4.77361
43	66	-4.77228
42	67	-4.77228
11	62	-4.7685
10	63	-4.7685
10	37	-4.76577
11	36	-4.76577
34	49	-4.76556
35	48	-4.76556
7	8	4.76376
6	9	4.76376
20	67	-4.76115
21	66	-4.76115
87	98	-4.7607
86	99	-4.7607
42	57	-4.75877
43	56	-4.75877
58	95	-4.7578
59	94	-4.7578
10	17	-4.75689
11	16	-4.75689
55	88	-4.75658
54	89	-4.75658
40	91	-4.75331
41	90	-4.75331
28	57	-4.7509
29	56	-4.7509
0	23	4.74923
1	22	4.74923
35	56	-4.74905
34	57	-4.74905
5	20	-4.74783
4	21	-4.74783
15	32	4.74777
14	33	4.74777
28	67	-4.74637
29	66	-4.74637
72	77	-4.74556
73	76	-4.74556
27	66	4.74529
26	67	4.74529
40	63	-4.74396
41	62	-4.74396
15	56	4.74292
14	57	4.74292
9	20	4.74249
8	21	4.74249
8	27	-4.74231
9	26	-4.74231
22	39	-4.74012
23	38	-4.74012
10	43	-4.73904
11	42	-4.73904
11	84	-4.73873
10	85	-4.73873
42	77	-4.73679
43	76	-4.73679
40	73	-4.73529
41	72	-4.73529
8	43	4.73149
9	42	4.73149
21	56	-4.73063
20	57	-4.73063
30	33	4.73027
31	32	4.73027
19	98	-4.73011
18	99	-4.73011
78	99	-4.72935
79	98	-4.72935
8	35	4.72759
9	34	4.72759
26	53	-4.7273
27	52	-4.7273
43	70	-4.72694
42	71	-4.72694
31	78	-4.7265
30	79	-4.7265
27	94	-4.7255
26	95	-4.7255
2	75	-4.72542
3	74	-4.72542
1	16	-4.72369
0	17	-4.72369
17	66	-4.72135
16	67	-4.72135
5	16	-4.71651
4	17	-4.71651
16	95	4.71633
17	94	4.71633
30	53	-4.7152
31	52	-4.7152
39	64	-4.7143
38	65	-4.7143
73	94	4.71214
72	95	4.71214
4	15	4.71076
5	14	4.71076
59	74	-4.70868
58	75	-4.70868
26	85	-4.70849
27	84	-4.70849
1	20	-4.70705
0	21	-4.70705
13	84	-4.70596
12	85	-4.70596
4	25	-4.70526
5	24	-4.70526
5	26	4.70462
4	27	4.70462
44	75	-4.6998
45	74	-4.6998
12	81	-4.69973
13	80	-4.69973
8	73	4.69928
9	72	4.69928
4	39	-4.69609
5	38	-4.69609
47	98	-4.69289
46	99	-4.69289
10	61	4.69227
11	60	4.69227
63	66	-4.69221
62	67	-4.69221
38	57	-4.69181
39	56	-4.69181
6	67	-4.69059
7	66	-4.69059
9	16	4.68915
8	17	4.68915
81	82	-4.68853
80	83	-4.68853
16	41	-4.6884
17	40	-4.6884
12	63	-4.68677
13	62	-4.68677
74	85	4.68411
75	84	4.68411
9	28	4.68358
8	29	4.68358
17	56	-4.68346
16	57	-4.68346
27	36	-4.68077
26	37	-4.68077
68	79	-4.67953
69	78	-4.67953
8	63	4.67843
9	62	4.67843
29	64	-4.67605
28	65	-4.67605
82	85	-4.67587
83	84	-4.67587
13	16	-4.67396
12	17	-4.67396
4	63	-4.67256
5	62	-4.67256
33	84	-4.67091
32	85	-4.67091
66	73	-4.67067
67	72	-4.67067
2	35	-4.66994
3	34	-4.66994
29	76	-4.668
28	77	-4.668
62	83	-4.66749
63	82	-4.66749
11	58	4.66695
10	59	4.66695
16	83	-4.66434
17	82	-4.66434
38	67	-4.66123
39	66	-4.66123
11	28	-4.66023
10	29	-4.66023
5	6	-4.65995
4	7	-4.65995
93	94	-4.65968
92	95	-4.65968
39	48	-4.65937
38	49	-4.65937
11	52	-4.65935
10	53	-4.65935
34	67	-4.65772
35	66	-4.65772
23	28	-4.65715
22	29	-4.65715
2	53	-4.65649
3	52	-4.65649
25	56	-4.6563
24	57	-4.6563
8	37	4.65624
9	36	4.65624
13	36	-4.65569
12	37	-4.65569
75	92	-4.65438
74	93	-4.65438
13	88	-4.65222
12	89	-4.65222
20	81	4.65158
21	80	4.65158
21	40	-4.65065
20	41	-4.65065
53	96	4.65022
52	97	4.65022
24	55	-4.64976
25	54	-4.64976
2	7	-4.64823
3	6	-4.64823
25	66	-4.64794
24	67	-4.64794
12	95	-4.64671
13	94	-4.64671
15	66	4.64582
14	67	4.64582
41	64	4.64487
40	65	4.64487
43	64	-4.64483
42	65	-4.64483
57	62	-4.64403
56	63	-4.64403
36	67	-4.6423
37	66	-4.6423
28	71	-4.64181
29	70	-4.64181
2	61	4.64112
3	60	4.64112
83	88	-4.64068
82	89	-4.64068
43	80	4.63966
42	81	4.63966
14	35	-4.63942
15	34	-4.63942
26	73	-4.63812
27	72	-4.63812
27	74	-4.63161
26	75	-4.63161
7	14	-4.63029
6	15	-4.63029
72	81	4.63
73	80	4.63
5	34	-4.62962
4	35	-4.62962
50	99	-4.62732
51	98	-4.62732
23	24	-4.62625
22	25	-4.62625
26	57	4.62592
27	56	4.62592
15	50	-4.62575
14	51	-4.62575
20	89	4.62489
21	88	4.62489
82	95	-4.62477
83	94	-4.62477
78	85	4.6247
79	84	4.6247
50	65	-4.62394
51	64	-4.62394
37	82	-4.62301
36	83	-4.62301
31	84	-4.62265
30	85	-4.62265
5	72	-4.62262
4	73	-4.62262
25	76	-4.62239
24	77	-4.62239
26	63	-4.6207
27	62	-4.6207
56	73	-4.61798
57	72	-4.61798
15	80	-4.61654
14	81	-4.61654
8	85	4.61506
9	84	4.61506
35	60	-4.61498
34	61	-4.61498
73	88	4.61299
72	89	4.61299
0	43	-4.61265
1	42	-4.61265
7	60	-4.61233
6	61	-4.61233
15	18	-4.61192
14	19	-4.61192
53	98	-4.61178
52	99	-4.61178
66	85	-4.61141
67	84	-4.61141
43	88	4.61026
42	89	4.61026
12	21	-4.60749
13	20	-4.60749
24	49	-4.60611
25	48	-4.60611
60	91	-4.60556
61	90	-4.60556
15	88	-4.60532
14	89	-4.60532
37	74	4.60422
36	75	4.60422
5	36	-4.60301
4	37	-4.60301
0	49	4.60001
1	48	4.60001
8	39	4.59835
9	38	4.59835
14	87	-4.598
15	86	-4.598
15	96	-4.59715
14	97	-4.59715
20	83	-4.593
21	82	-4.593
28	81	4.59281
29	80	4.59281
23	50	-4.59195
22	51	-4.59195
8	15	-4.59165
9	14	-4.59165
55	90	-4.59037
54	91	-4.59037
52	87	4.58888
53	86	4.58888
26	33	4.5881
27	32	4.5881
31	62	-4.58805
30	63	-4.58805
37	56	-4.58486
36	57	-4.58486
65	68	4.58475
64	69	4.58475
20	65	-4.58409
21	64	-4.58409
12	73	-4.58336
13	72	-4.58336
85	98	-4.58251
84	99	-4.58251
5	84	-4.57871
4	85	-4.57871
17	80	4.57583
16	81	4.57583
30	37	-4.5739
31	36	-4.5739
13	42	-4.57234
12	43	-4.57234
23	42	-4.57065
22	43	-4.57065
63	80	4.5706
62	81	4.5706
31	96	-4.56948
30	97	-4.56948
2	31	4.56828
3	30	4.56828
17	30	-4.56823
16	31	-4.56823
42	83	-4.56816
43	82	-4.56816
28	49	-4.56693
29	48	-4.56693
25	70	-4.56633
24	71	-4.56633
25	64	-4.56603
24	65	-4.56603
40	43	-4.56546
41	42	-4.56546
38	93	-4.56513
39	92	-4.56513
36	81	4.5651
37	80	4.5651
30	75	-4.56426
31	74	-4.56426
50	91	4.56326
51	90	4.56326
32	37	-4.56326
33	36	-4.56326
41	94	-4.56229
40	95	-4.56229
31	66	4.56165
30	67	4.56165
11	98	4.56165
10	99	4.56165
28	89	4.56159
29	88	4.56159
36	99	-4.55741
37	98	-4.55741
21	94	4.55571
20	95	4.55571
16	27	-4.55404
17	26	-4.55404
4	31	4.55165
5	30	4.55165
9	24	4.55164
8	25	4.55164
57	84	-4.55127
56	85	-4.55127
26	81	-4.54892
27	80	-4.54892
72	83	-4.54804
73	82	-4.54804
52	55	-4.54727
53	54	-4.54727
17	88	4.5456
16	89	4.5456
15	46	-4.5444
14	47	-4.5444
37	88	4.54378
36	89	4.54378
63	88	4.54337
62	89	4.54337
38	81	4.54313
39	80	4.54313
14	95	-4.54112
15	94	-4.54112
16	55	-4.54074
17	54	-4.54074
53	66	-4.53984
52	67	-4.53984
73	90	4.53906
72	91	4.53906
10	25	-4.53805
11	24	-4.53805
31	86	-4.53284
30	87	-4.53284
29	82	-4.53075
28	83	-4.53075
26	97	-4.52954
27	96	-4.52954
25	82	-4.52925
24	83	-4.52925
19	52	4.52813
18	53	4.52813
20	27	-4.52787
21	26	-4.52787
11	38	-4.52725
10	39	-4.52725
51	60	-4.52607
50	61	-4.52607
5	52	-4.52481
4	53	-4.52481
13	28	-4.52469
12	29	-4.52469
72	99	-4.52462
73	98	-4.52462
32	69	4.52429
33	68	4.52429
14	91	-4.52279
15	90	-4.52279
9	30	-4.52271
8	31	-4.52271
21	30	-4.52175
20	31	-4.52175
39	58	-4.52026
38	59	-4.52026
27	78	-4.51902
26	79	-4.51902
9	52	4.51876
8	53	4.51876
63	98	-4.51789
62	99	-4.51789
11	44	4.5177
10	45	4.5177
38	89	4.51727
39	88	4.51727
36	79	4.51704
37	78	4.51704
29	54	-4.51701
28	55	-4.51701
39	76	-4.51456
38	77	-4.51456
27	88	-4.51426
26	89	-4.51426
48	51	-4.51392
49	50	-4.51392
32	63	-4.51349
33	62	-4.51349
61	78	-4.512
60	79	-4.512
31	38	-4.51186
30	39	-4.51186
80	85	4.51057
81	84	4.51057
60	77	4.50906
61	76	4.50906
16	65	-4.50876
17	64	-4.50876
30	73	-4.5085
31	72	-4.5085
85	96	4.50647
84	97	4.50647
13	90	-4.50552
12	91	-4.50552
21	90	4.50489
20	91	4.50489
65	82	4.50396
64	83	4.50396
12	25	-4.50391
13	24	-4.50391
1	28	-4.49994
0	29	-4.49994
18	31	-4.49842
19	30	-4.49842
12	65	4.49829
13	64	4.49829
30	43	-4.49772
31	42	-4.49772
69	90	-4.49738
68	91	-4.49738
60	71	4.49563
61	70	4.49563
13	78	-4.49555
12	79	-4.49555
42	55	-4.49523
43	54	-4.49523
72	75	4.49505
73	74	4.49505
83	90	-4.49466
82	91	-4.49466
27	86	-4.49406
26	87	-4.49406
69	88	-4.49226
68	89	-4.49226
68	81	-4.49109
69	80	-4.49109
63	78	4.49105
62	79	4.49105
63	74	4.48837
62	75	4.48837
79	82	-4.48816
78	83	-4.48816
55	60	4.48755
54	61	4.48755
55	62	-4.4873
54	63	-4.4873
39	70	-4.48689
38	71	-4.48689
84	89	4.48684
85	88	4.48684
12	33	4.48577
13	32	4.48577
22	41	4.48155
23	40	4.48155
6	11	-4.47986
7	10	-4.47986
38	99	-4.4798
39	98	-4.4798
18	61	-4.47974
19	60	-4.47974
53	56	-4.47887
52	57	-4.47887
1	68	4.47869
0	69	4.47869
57	68	4.47811
56	69	4.47811
43	90	4.47515
42	91	4.47515
46	65	-4.47379
47	64	-4.47379
16	99	-4.47174
17	98	-4.47174
38	83	-4.47091
39	82	-4.47091
50	89	4.47076
51	88	4.47076
29	30	-4.46988
28	31	-4.46988
21	22	-4.46987
20	23	-4.46987
8	69	-4.46968
9	68	-4.46968
20	99	-4.46945
21	98	-4.46945
29	40	-4.46808
28	41	-4.46808
33	82	4.4668
32	83	4.4668
46	61	-4.46618
47	60	-4.46618
47	52	4.4642
46	53	4.4642
12	39	-4.4642
13	38	-4.4642
18	65	-4.46391
19	64	-4.46391
19	22	-4.46154
18	23	-4.46154
23	46	-4.4615
22	47	-4.4615
38	61	-4.4613
39	60	-4.4613
21	54	-4.46027
20	55	-4.46027
30	57	4.459
31	56	4.459
61	86	-4.459
60	87	-4.459
39	44	-4.45868
38	45	-4.45868
37	90	4.45802
36	91	4.45802
3	84	-4.45741
2	85	-4.45741
62	65	-4.45694
63	64	-4.45694
42	49	-4.45627
43	48	-4.45627
19	26	-4.45483
18	27	-4.45483
10	69	4.45277
11	68	4.45277
85	86	4.45241
84	87	4.45241
5	68	4.45204
4	69	4.45204
14	75	-4.45049
15	74	-4.45049
67	68	4.44816
66	69	4.44816
64	73	-4.44792
65	72	-4.44792
11	34	-4.44771
10	35	-4.44771
26	43	-4.44712
27	42	-4.44712
61	96	-4.44328
60	97	-4.44328
31	46	-4.44138
30	47	-4.44138
32	61	4.44074
33	60	4.44074
68	95	-4.44012
69	94	-4.44012
2	99	4.43912
3	98	4.43912
24	81	4.43785
25	80	4.43785
50	81	4.43611
51	80	4.43611
63	90	4.43228
62	91	4.43228
47	90	4.43052
46	91	4.43052
42	99	-4.42956
43	98	-4.42956
17	32	-4.42954
16	33	-4.42954
55	84	-4.42945
54	85	-4.42945
33	72	-4.42799
32	73	-4.42799
10	15	4.42743
11	14	4.42743
26	69	4.42531
27	68	4.42531
17	78	4.4229
16	79	4.4229
2	83	4.42244
3	82	4.42244
37	96	4.42175
36	97	4.42175
46	49	-4.42111
47	48	-4.42111
39	54	-4.4206
38	55	-4.4206
17	90	4.42045
16	91	4.42045
26	47	-4.4193
27	46	-4.4193
22	83	4.41758
23	82	4.41758
19	48	-4.41751
18	49	-4.41751
29	90	4.41686
28	91	4.41686
22	87	-4.41559
23	86	-4.41559
17	22	-4.41513
16	23	-4.41513
70	93	4.41224
71	92	4.41224
42	95	4.41139
43	94	4.41139
64	87	-4.41059
65	86	-4.41059
26	91	-4.40998
27	90	-4.40998
24	31	-4.40784
25	30	-4.40784
60	75	-4.4064
61	74	-4.4064
2	13	4.40559
3	12	4.40559
25	88	4.40347
24	89	4.40347
13	22	4.40087
12	23	4.40087
76	93	4.39829
77	92	4.39829
25	60	-4.39757
24	61	-4.39757
19	84	4.39721
18	85	4.39721
37	64	-4.3956
36	65	-4.3956
85	90	4.3955
84	91	4.3955
52	81	4.39268
53	80	4.39268
1	24	-4.39243
0	25	-4.39243
19	90	4.39112
18	91	4.39112
40	75	-4.39071
41	74	-4.39071
32	41	4.39005
33	40	4.39005
29	98	-4.38928
28	99	-4.38928
40	49	4.38918
41	48	4.38918
30	51	-4.38887
31	50	-4.38887
72	79	4.38559
73	78	4.38559
49	86	-4.3824
48	87	-4.3824
16	75	4.38232
17	74	4.38232
37	54	-4.3823
36	55	-4.3823
38	91	4.38167
39	90	4.38167
3	36	-4.38064
2	37	-4.38064
22	97	-4.38001
23	96	-4.38001
24	41	-4.37937
25	40	-4.37937
2	63	-4.37636
3	62	-4.37636
41	68	4.37587
40	69	4.37587
36	87	4.37266
37	86	4.37266
38	41	-4.37164
39	40	-4.37164
65	96	-4.36861
64	97	-4.36861
52	89	4.36518
53	88	4.36518
2	49	4.36515
3	48	4.36515
1	60	4.36513
0	61	4.36513
27	28	-4.36464
26	29	-4.36464
50	53	4.36267
51	52	4.36267
68	75	-4.36224
69	74	-4.36224
1	38	-4.36211
0	39	-4.36211
13	74	-4.35924
12	75	-4.35924
28	93	-4.35643
29	92	-4.35643
0	95	-4.35639
1	94	-4.35639
48	97	-4.3539
49	96	-4.3539
68	97	-4.35361
69	96	-4.35361
49	82	4.35358
48	83	4.35358
40	79	-4.35258
41	78	-4.35258
65	84	-4.35203
64	85	-4.35203
47	84	4.35004
46	85	4.35004
26	39	-4.34943
27	38	-4.34943
20	49	-4.34713
21	48	-4.34713
62	97	4.34568
63	96	4.34568
22	79	-4.34451
23	78	-4.34451
48	79	-4.34267
49	78	-4.34267
23	62	-4.34116
22	63	-4.34116
46	89	4.34093
47	88	4.34093
27	50	-4.3392
26	51	-4.3392
2	17	-4.33905
3	16	-4.33905
87	90	4.33868
86	91	4.33868
68	87	-4.33837
69	86	-4.33837
68	99	4.33723
69	98	4.33723
31	80	-4.33521
30	81	-4.33521
13	48	4.333
12	49	4.333
69	70	4.33267
68	71	4.33267
28	61	-4.33223
29	60	-4.33223
18	69	-4.33015
19	68	-4.33015
74	83	-4.32639
75	82	-4.32639
18	37	4.32232
19	36	4.32232
59	70	4.3212
58	71	4.3212
15	38	-4.32042
14	39	-4.32042
23	32	4.31957
22	33	4.31957
13	96	-4.31915
12	97	-4.31915
55	72	-4.31689
54	73	-4.31689
19	88	4.31522
18	89	4.31522
73	96	4.31517
72	97	4.31517
16	49	-4.31287
17	48	-4.31287
66	99	4.31072
67	98	4.31072
2	27	4.31056
3	26	4.31056
46	81	4.30987
47	80	4.30987
58	77	4.30976
59	76	4.30976
2	23	4.30857
3	22	4.30857
51	56	-4.30431
50	57	-4.30431
34	99	-4.30417
35	98	-4.30417
32	49	4.3032
33	48	4.3032
24	95	4.30271
25	94	4.30271
31	88	-4.30265
30	89	-4.30265
29	58	-4.30219
28	59	-4.30219
21	32	-4.30143
20	33	-4.30143
69	72	-4.30108
68	73	-4.30108
9	98	-4.30031
8	99	-4.30031
63	86	4.29992
62	87	4.29992
2	73	-4.29781
3	72	-4.29781
27	64	4.2958
26	65	4.2958
51	68	-4.29387
50	69	-4.29387
91	96	4.29386
90	97	4.29386
83	96	-4.29304
82	97	-4.29304
41	96	-4.29211
40	97	-4.29211
23	72	-4.29193
22	73	-4.29193
4	99	4.28989
5	98	4.28989
20	79	4.2895
21	78	4.2895
19	80	4.28707
18	81	4.28707
20	75	4.28566
21	74	4.28566
77	94	-4.28505
76	95	-4.28505
13	86	-4.28418
12	87	-4.28418
36	47	4.2829
37	46	4.2829
6	99	-4.28111
7	98	-4.28111
25	92	-4.27868
24	93	-4.27868
46	69	-4.27771
47	68	-4.27771
73	86	4.27357
72	87	4.27357
33	64	4.27287
32	65	4.27287
28	95	4.27192
29	94	4.27192
52	65	-4.27137
53	64	-4.27137
49	74	-4.27113
48	75	-4.27113
70	95	-4.27058
71	94	-4.27058
64	79	-4.26926
65	78	-4.26926
43	92	-4.26901
42	93	-4.26901
87	88	4.26807
86	89	4.26807
8	51	4.26766
9	50	4.26766
52	91	4.2668
53	90	4.2668
24	91	4.26297
25	90	4.26297
16	97	4.26228
17	96	4.26228
69	76	4.26216
68	77	4.26216
37	68	-4.26201
36	69	-4.26201
60	95	-4.26059
61	94	-4.26059
54	95	-4.26001
55	94	-4.26001
82	87	-4.25971
83	86	-4.25971
22	37	-4.25922
23	36	-4.25922
41	86	-4.2579
40	87	-4.2579
24	27	-4.25705
25	26	-4.25705
25	98	-4.2562
24	99	-4.2562
18	63	4.25509
19	62	4.25509
50	85	4.25404
51	84	4.25404
13	18	-4.25122
12	19	-4.25122
0	93	4.24465
1	92	4.24465
35	68	-4.24307
34	69	-4.24307
3	54	4.24273
2	55	4.24273
80	87	4.24217
81	86	4.24217
49	62	-4.23894
48	63	-4.23894
6	69	-4.23816
7	68	-4.23816
28	45	-4.23758
29	44	-4.23758
69	84	-4.23494
68	85	-4.23494
25	58	-4.23406
24	59	-4.23406
51	66	-4.23353
50	67	-4.23353
19	72	4.23088
18	73	4.23088
22	85	-4.23071
23	84	-4.23071
88	97	4.22982
89	96	4.22982
56	99	4.22932
57	98	4.22932
18	83	-4.22876
19	82	-4.22876
3	40	4.22852
2	41	4.22852
4	51	-4.22792
5	50	-4.22792
14	71	4.22647
15	70	4.22647
42	61	-4.22442
43	60	-4.22442
2	21	-4.22428
3	20	-4.22428
0	75	-4.22405
1	74	-4.22405
19	40	-4.22299
18	41	-4.22299
45	70	4.2224
44	71	4.2224
16	87	4.22235
17	86	4.22235
41	60	4.22122
40	61	4.22122
55	92	4.21932
54	93	4.21932
22	75	-4.21821
23	74	-4.21821
45	76	4.21525
44	77	4.21525
46	63	4.21488
47	62	4.21488
43	58	-4.21486
42	59	-4.21486
31	90	-4.2139
30	91	-4.2139
6	39	4.21169
7	38	4.21169
12	47	-4.21032
13	46	-4.21032
15	76	4.20829
14	77	4.20829
2	91	-4.208
3	90	-4.208
31	68	4.20735
30	69	4.20735
80	97	4.20624
81	96	4.20624
34	39	4.20377
35	38	4.20377
2	65	4.20352
3	64	4.20352
1	14	4.20309
0	15	4.20309
47	72	4.2014
46	73	4.2014
47	56	-4.19926
46	57	-4.19926
42	79	4.19874
43	78	4.19874
32	43	-4.19831
33	42	-4.19831
1	32	4.19649
0	33	4.19649
37	50	4.19573
36	51	4.19573
22	27	4.1932
23	26	4.1932
25	44	-4.19313
24	45	-4.19313
47	82	-4.19058
46	83	-4.19058
40	47	-4.18999
41	46	-4.18999
48	73	-4.18666
49	72	-4.18666
18	57	-4.18617
19	56	-4.18617
23	52	-4.18504
22	53	-4.18504
17	18	4.18431
16	19	4.18431
20	93	-4.18406
21	92	-4.18406
55	78	-4.18354
54	79	-4.18354
14	25	-4.18065
15	24	-4.18065
0	59	4.17554
1	58	4.17554
42	75	4.17516
43	74	4.17516
31	64	4.17406
30	65	4.17406
21	96	4.17387
20	97	4.17387
65	74	-4.17236
64	75	-4.17236
81	98	-4.17043
80	99	-4.17043
3	24	-4.16954
2	25	-4.16954
8	47	4.16824
9	46	4.16824
27	48	4.16769
26	49	4.16769
37	48	-4.1669
36	49	-4.1669
1	78	-4.16593
0	79	-4.16593
52	69	-4.16304
53	68	-4.16304
55	58	4.16245
54	59	4.16245
24	75	4.16165
25	74	4.16165
3	42	-4.15892
2	43	-4.15892
13	50	-4.1588
12	51	-4.1588
44	99	4.15842
45	98	4.15842
6	71	-4.15732
7	70	-4.15732
54	75	-4.15645
55	74	-4.15645
15	28	-4.15625
14	29	-4.15625
9	18	4.15447
8	19	4.15447
32	91	-4.15398
33	90	-4.15398
57	86	-4.15104
56	87	-4.15104
89	98	-4.14982
88	99	-4.14982
43	44	-4.14969
42	45	-4.14969
17	46	4.14966
16	47	4.14966
13	68	4.14943
12	69	4.14943
49	84	-4.14834
48	85	-4.14834
24	79	4.14822
25	78	4.14822
26	61	4.14786
27	60	4.14786
15	98	4.14562
14	99	4.14562
33	54	4.14426
32	55	4.14426
51	62	4.14409
50	63	4.14409
21	60	-4.14287
20	61	-4.14287
51	82	-4.14272
50	83	-4.14272
21	86	4.14252
20	87	4.14252
46	67	-4.14209
47	66	-4.14209
75	90	4.14065
74	91	4.14065
4	47	-4.14061
5	46	-4.14061
35	70	-4.13821
34	71	-4.13821
79	90	4.13703
78	91	4.13703
33	76	4.13685
32	77	4.13685
20	59	-4.13528
21	58	-4.13528
15	54	4.1352
14	55	4.1352
7	54	-4.13439
6	55	-4.13439
7	76	-4.13415
6	77	-4.13415
63	68	-4.13403
62	69	-4.13403
76	79	-4.13383
77	78	-4.13383
60	83	4.13265
61	82	4.13265
23	94	-4.13263
22	95	-4.13263
58	99	4.13092
59	98	4.13092
18	67	-4.1302
19	66	-4.1302
40	51	-4.13017
41	50	-4.13017
49	94	-4.13011
48	95	-4.13011
51	72	4.12908
50	73	4.12908
0	97	-4.12907
1	96	-4.12907
24	33	-4.12886
25	32	-4.12886
4	19	-4.12767
5	18	-4.12767
13	60	4.12708
12	61	4.12708
3	88	-4.12676
2	89	-4.12676
33	70	4.12552
32	71	4.12552
57	96	-4.12443
56	97	-4.12443
17	92	-4.124
16	93	-4.124
35	54	-4.12311
34	55	-4.12311
33	88	-4.12296
32	89	-4.12296
8	87	4.12245
9	86	4.12245
30	35	-4.12216
31	34	-4.12216
49	52	-4.12023
48	53	-4.12023
14	27	4.11832
15	26	4.11832
29	78	4.11823
28	79	4.11823
17	60	-4.11753
16	61	-4.11753
69	82	4.11718
68	83	4.11718
35	76	-4.11675
34	77	-4.11675
0	3	4.11483
1	2	4.11483
44	55	4.11466
45	54	4.11466
71	78	-4.11443
70	79	-4.11443
19	20	4.11326
18	21	4.11326
22	31	4.11234
23	30	4.11234
70	75	-4.1117
71	74	-4.1117
75	76	-4.11044
74	77	-4.11044
32	81	-4.10984
33	80	-4.10984
29	32	-4.1092
28	33	-4.1092
0	45	4.1089
1	44	4.1089
2	81	-4.10808
3	80	-4.10808
79	88	4.10701
78	89	4.10701
7	30	-4.10658
6	31	-4.10658
1	86	-4.10506
0	87	-4.10506
65	94	-4.10385
64	95	-4.10385
14	41	4.10196
15	40	4.10196
3	28	-4.10123
2	29	-4.10123
67	86	-4.10106
66	87	-4.10106
11	50	-4.09977
10	51	-4.09977
5	86	-4.09905
4	87	-4.09905
9	96	4.09861
8	97	4.09861
28	75	4.09778
29	74	4.09778
92	99	4.09535
93	98	4.09535
79	80	4.09529
78	81	4.09529
61	98	4.09477
60	99	4.09477
39	68	-4.09415
38	69	-4.09415
90	99	-4.09368
91	98	-4.09368
47	54	-4.09367
46	55	-4.09367
17	50	4.09321
16	51	4.09321
60	73	-4.09208
61	72	-4.09208
7	28	4.09205
6	29	4.09205
43	96	4.09131
42	97	4.09131
3	76	4.09018
2	77	4.09018
30	45	4.08941
31	44	4.08941
20	69	-4.08847
21	68	-4.08847
21	46	4.08787
20	47	4.08787
74	89	4.08649
75	88	4.08649
16	59	-4.08537
17	58	-4.08537
0	7	-4.0842
1	6	-4.0842
28	35	4.0832
29	34	4.0832
63	92	-4.08242
62	93	-4.08242
0	19	-4.08176
1	18	-4.08176
30	49	4.08083
31	48	4.08083
66	97	-4.07974
67	96	-4.07974
60	63	-4.07971
61	62	-4.07971
11	94	-4.07965
10	95	-4.07965
54	97	-4.07939
55	96	-4.07939
15	42	-4.07885
14	43	-4.07885
20	45	-4.07842
21	44	-4.07842
4	97	-4.07778
5	96	-4.07778
41	92	4.07759
40	93	4.07759
15	72	-4.0767
14	73	-4.0767
27	34	-4.07655
26	35	-4.07655
55	86	-4.07433
54	87	-4.07433
32	57	4.07365
33	56	4.07365
2	71	4.07335
3	70	4.07335
72	93	-4.07333
73	92	-4.07333
17	68	-4.07206
16	69	-4.07206
36	61	-4.07198
37	60	-4.07198
56	79	-4.07152
57	78	-4.07152
74	81	4.07074
75	80	4.07074
1	34	-4.07066
0	35	-4.07066
43	86	4.06954
42	87	4.06954
7	42	4.06848
6	43	4.06848
18	55	-4.06732
19	54	-4.06732
34	53	4.06607
35	52	4.06607
6	27	-4.06379
7	26	-4.06379
51	54	-4.06318
50	55	-4.06318
0	47	-4.06231
1	46	-4.06231
38	51	4.06173
39	50	4.06173
31	58	4.06059
30	59	4.06059
34	43	4.05993
35	42	4.05993
24	97	4.05949
25	96	4.05949
39	94	4.05941
38	95	4.05941
15	30	4.0558
14	31	4.0558
61	84	-4.05574
60	85	-4.05574
15	36	-4.05464
14	37	-4.05464
6	53	4.05429
7	52	4.05429
7	24	4.05293
6	25	4.05293
71	96	-4.05241
70	97	-4.05241
76	97	-4.05214
77	96	-4.05214
59	62	-4.05056
58	63	-4.05056
18	43	4.05055
19	42	4.05055
65	98	4.04953
64	99	4.04953
21	50	4.04931
20	51	4.04931
8	33	-4.04856
9	32	-4.04856
24	87	4.04793
25	86	4.04793
6	21	4.04736
7	20	4.04736
25	34	4.04729
24	35	4.04729
5	78	-4.04591
4	79	-4.04591
2	57	4.045
3	56	4.045
25	46	4.04485
24	47	4.04485
10	47	-4.04476
11	46	-4.04476
17	44	-4.04473
16	45	-4.04473
37	92	-4.04472
36	93	-4.04472
4	33	4.04468
5	32	4.04468
82	93	4.04391
83	92	4.04391
32	67	4.04382
33	66	4.04382
14	85	-4.04236
15	84	-4.04236
55	68	4.04174
54	69	4.04174
41	58	4.04157
40	59	4.04157
43	68	-4.04115
42	69	-4.04115
91	94	4.04077
90	95	4.04077
58	73	-4.04073
59	72	-4.04073
21	34	4.04058
20	35	4.04058
12	93	4.04049
13	92	4.04049
2	9	-4.04026
3	8	-4.04026
11	18	-4.04024
10	19	-4.04024
66	79	-4.0402
67	78	-4.0402
25	68	-4.03988
24	69	-4.03988
8	79	4.03965
9	78	4.03965
14	21	-4.03743
15	20	-4.03743
38	79	4.03723
39	78	4.03723
7	72	4.03652
6	73	4.03652
71	86	-4.0365
70	87	-4.0365
31	92	4.03631
30	93	4.03631
76	87	-4.0358
77	86	-4.0358
18	25	4.03571
19	24	4.03571
34	85	4.03542
35	84	4.03542
28	69	-4.03455
29	68	-4.03455
43	46	4.03413
42	47	4.03413
34	73	4.03331
35	72	4.03331
29	96	4.03306
28	97	4.03306
0	51	-4.03131
1	50	-4.03131
6	85	4.03001
7	84	4.03001
89	94	4.02996
88	95	4.02996
57	74	-4.02984
56	75	-4.02984
84	93	-4.02925
85	92	-4.02925
45	52	-4.0288
44	53	-4.0288
35	36	4.02838
34	37	4.02838
48	99	4.02825
49	98	4.02825
11	86	-4.0277
10	87	-4.0277
19	38	4.02687
18	39	4.02687
7	36	4.02669
6	37	4.02669
81	94	4.02644
80	95	4.02644
67	94	-4.02621
66	95	-4.02621
32	39	-4.02608
33	38	-4.02608
38	47	4.02519
39	46	4.02519
58	83	4.02459
59	82	4.02459
15	52	-4.02384
14	53	-4.02384
19	70	-4.02352
18	71	-4.02352
8	95	4.02338
9	94	4.02338
52	61	-4.02335
53	60	-4.02335
3	38	-4.02325
2	39	-4.02325
4	95	-4.02308
5	94	-4.02308
30	61	4.02274
31	60	4.02274
19	76	-4.02227
18	77	-4.02227
57	94	-4.02212
56	95	-4.02212
2	67	4.0221
3	66	4.0221
12	59	4.02203
13	58	4.02203
53	92	-4.02192
52	93	-4.02192
52	59	-4.02187
53	58	-4.02187
2	5	4.02147
3	4	4.02147
11	32	4.02122
10	33	4.02122
29	86	4.02111
28	87	4.02111
10	97	-4.02106
11	96	-4.02106
36	59	-4.02067
37	58	-4.02067
44	63	-4.01897
45	62	-4.01897
2	11	4.01891
3	10	4.01891
39	86	4.01741
38	87	4.01741
24	51	4.01724
25	50	4.01724
6	63	4.01679
7	62	4.01679
35	62	4.01664
34	63	4.01664
14	17	-4.01636
15	16	-4.01636
22	99	4.01634
23	98	4.01634
5	74	-4.01591
4	75	-4.01591
14	63	-4.01556
15	62	-4.01556
27	44	4.01512
26	45	4.01512
9	74	4.01504
8	75	4.01504
42	51	4.01494
43	50	4.01494
6	17	4.01449
7	16	4.01449
44	83	4.01367
45	82	4.01367
41	44	4.01306
40	45	4.01306
58	85	-4.01285
59	84	-4.01285
12	15	4.01228
13	14	4.01228
38	97	4.01212
39	96	4.01212
17	34	4.01204
16	35	4.01204
45	72	-4.01202
44	73	-4.01202
19	28	4.0118
18	29	4.0118
47	70	-4.01121
46	71	-4.01121
12	45	4.01116
13	44	4.01116
10	79	-4.01115
11	78	-4.01115
46	77	-4.011
47	76	-4.011
10	75	-4.01044
11	74	-4.01044
66	75	-4.00991
67	74	-4.00991
39	74	4.00811
38	75	4.00811
34	83	-4.00794
35	82	-4.00794
7	40	-4.00773
6	41	-4.00773
12	35	-4.00771
13	34	-4.00771
35	40	-4.00721
34	41	-4.00721
15	82	4.00706
14	83	4.00706
7	82	-4.00584
6	83	-4.00584
29	46	4.00578
28	47	4.00578
50	71	-4.00547
51	70	-4.00547
27	58	4.00485
26	59	4.00485
6	13	-4.00448
7	12	-4.00448
27	92	4.00263
26	93	4.00263
45	84	-4.00255
44	85	-4.00255
37	44	-4.00194
36	45	-4.00194
51	76	-4.00173
50	77	-4.00173
29	50	4.00168
28	51	4.00168
6	34	2.99947
80	88	2.99864
18	86	2.99862
86	96	2.99857
12	82	2.99747
56	66	2.99534
58	92	2.99532
36	84	2.9951
18	96	2.9946
4	56	2.99401
70	76	2.99354
4	66	2.99353
18	46	2.99295
36	72	2.99112
46	50	2.99045
16	62	2.9902
46	86	2.98909
16	20	2.98866
8	66	-2.98843
18	50	2.98769
44	58	2.98522
20	42	2.98291
62	84	2.98188
36	62	2.98128
28	42	2.98064
46	96	2.98056
8	56	-2.97996
8	80	2.97853
50	86	2.97825
20	62	2.97735
88	90	2.97709
32	78	-2.97674
52	84	2.97571
72	84	2.97325
8	10	-2.97111
32	94	-2.97066
0	70	2.96725
8	88	2.96702
50	96	2.96634
44	92	2.96631
62	72	2.96545
4	8	-2.96544
16	42	2.96506
80	90	2.96503
22	48	2.96484
10	66	2.96115
0	40	2.96048
24	28	2.96002
52	62	2.9586
56	64	2.95396
36	52	2.95035
26	40	2.94875
74	96	2.94789
16	84	2.94718
16	36	2.94628
78	94	2.94534
22	64	2.94526
56	80	-2.94435
74	86	2.94426
66	80	-2.94423
20	72	2.94256
0	76	2.94196
46	74	2.94012
12	40	2.94001
12	30	2.93991
20	36	2.9392
10	70	2.93656
28	38	2.93438
4	10	2.93404
16	52	2.93225
18	74	2.93222
48	60	2.93193
10	56	2.93167
16	72	2.93059
42	62	2.92957
30	82	2.92933
20	28	2.92889
32	96	-2.92803
30	98	2.92768
56	88	-2.92716
26	98	2.92695
14	60	2.92676
66	88	-2.9263
20	84	2.92593
26	30	2.92588
64	80	-2.92573
4	64	2.92506
64	66	2.92351
10	80	-2.91735
40	82	2.91727
64	88	-2.91673
24	42	2.91532
8	64	-2.91507
32	86	-2.9119
10	76	2.91017
34	50	2.90968
4	80	-2.90917
40	70	2.90808
16	28	2.90505
52	72	2.9028
10	88	-2.90116
18	32	-2.89962
40	76	2.89899
8	90	2.89791
12	26	2.89674
6	50	2.89639
14	68	2.89152
4	88	-2.88756
50	74	2.88718
0	10	2.88256
20	52	2.88216
24	38	2.87965
22	56	2.87941
94	96	2.87348
42	72	2.87046
4	22	2.86821
2	78	-2.86662
26	82	2.86576
14	44	2.86544
12	76	2.8654
30	40	2.86523
38	42	2.8652
36	42	2.86394
76	82	2.86224
34	46	2.85859
22	92	2.85574
54	82	2.85208
66	70	2.85137
16	24	2.84929
42	84	2.84906
86	94	2.84847
28	62	2.8475
0	12	2.8465
32	46	-2.84638
20	24	2.84403
0	26	2.84365
6	46	2.84327
32	50	-2.84273
64	90	-2.84202
12	70	2.8399
66	76	2.83889
8	70	-2.8378
18	34	2.83746
78	96	2.83721
4	70	2.83622
22	66	2.83437
4	76	2.83431
48	64	2.83291
66	90	-2.83232
56	90	-2.83214
70	82	2.83045
22	60	2.82667
18	94	2.82598
10	90	-2.82462
0	82	2.82307
32	74	-2.82133
12	54	2.82055
6	18	2.82054
54	76	2.81914
78	86	2.81781
22	58	2.81739
74	94	2.81373
8	76	-2.81118
42	52	2.811
64	92	2.81088
34	86	2.80945
48	92	2.80674
18	78	2.80576
10	64	2.80473
56	70	2.80236
44	60	2.7973
56	76	2.792
6	86	2.79155
14	58	2.79121
8	22	-2.78779
12	98	2.7866
48	58	2.78245
34	96	2.78114
4	90	-2.7792
40	98	2.77851
14	48	2.77535
20	38	2.77503
24	62	2.775
4	48	2.77213
46	94	2.77098
22	80	-2.77098
28	72	2.76873
48	56	2.76801
22	44	2.76786
44	48	2.76689
60	68	2.76252
6	96	2.76231
14	92	2.75987
28	36	2.75951
58	60	2.75947
82	98	2.75841
58	64	2.75673
54	70	2.75586
60	92	2.75497
0	8	-2.75405
22	88	-2.75365
2	32	2.75077
50	78	2.74819
0	66	2.7448
28	84	2.74358
50	94	2.74348
26	70	2.74121
10	40	2.74099
46	78	2.73833
6	92	-2.73828
34	92	-2.73747
70	80	-2.73291
26	76	2.73128
34	58	-2.72725
6	58	-2.72568
2	94	-2.7229
48	66	2.71918
16	38	2.71816
0	4	2.71279
28	52	2.71136
0	30	2.70863
70	88	-2.70799
74	78	2.69648
76	80	-2.6955
0	56	2.68491
40	54	2.67856
24	52	2.67626
14	22	2.67452
10	22	2.67236
30	76	2.67143
44	64	2.67127
76	88	-2.66794
24	84	2.66469
24	36	2.66257
34	74	2.65921
0	80	-2.65903
8	48	-2.65156
30	70	2.65035
30	54	2.65033
34	44	-2.64967
24	72	2.64876
22	90	-2.64803
38	62	2.64672
6	44	-2.64522
0	54	2.64072
6	74	2.63984
0	88	-2.63891
4	54	2.6353
60	64	2.63457
50	58	-2.62852
56	92	2.62662
10	12	2.62331
32	34	-2.62302
48	80	-2.61497
10	82	2.61346
44	78	-2.61253
70	90	-2.61205
64	70	2.61148
88	92	-2.61146
80	92	-2.61039
50	92	-2.60991
0	98	2.60807
10	54	2.60482
52	94	2.60391
44	68	2.60344
6	32	-2.6023
64	76	2.59766
54	66	2.59695
48	88	-2.59352
44	50	-2.59292
38	72	2.59173
40	66	2.58843
6	90	2.58792
2	44	2.58704
8	40	-2.58329
4	92	2.58014
18	58	-2.57437
2	14	2.57301
6	64	-2.57108
32	44	2.57042
90	92	-2.57018
34	90	2.56667
4	40	2.56663
0	90	-2.56658
54	56	2.5664
56	58	2.56434
76	90	-2.56347
66	92	2.56292
58	78	-2.56156
36	38	2.55893
2	68	2.55806
34	64	-2.55646
18	44	-2.55553
8	92	-2.55109
58	86	-2.55003
10	48	2.54955
58	88	-2.54927
26	54	2.54879
58	80	-2.54753
34	78	2.5473
18	92	-2.54679
4	60	2.54575
46	58	-2.5451
56	60	2.54309
32	58	2.53978
44	86	-2.53618
48	68	2.53597
10	26	2.5353
58	96	-2.53451
38	84	2.52819
6	78	2.52804
6	88	2.52687
44	96	-2.52638
8	54	-2.52443
40	56	2.52435
46	92	-2.52404
86	92	-2.52014
2	96	-2.52
4	58	2.51872
22	76	2.51775
44	46	-2.51601
58	90	-2.51238
22	70	2.51216
34	88	2.50682
4	82	2.50577
58	68	2.50492
78	92	-2.50408
6	80	2.50316
12	66	2.50247
66	82	2.50238
92	96	-2.50185
4	12	2.50163
2	86	-2.50001
14	64	2.5
58	66	2.49986
76	98	2.49837
2	58	2.49644
70	98	2.4964
84	94	2.49604
60	66	2.49226
2	18	-2.49138
6	22	-2.4896
32	92	2.48935
0	64	2.48848
8	58	-2.48727
34	80	2.48347
34	94	2.48111
22	34	-2.48065
44	56	2.47962
48	90	-2.47912
38	52	2.47336
40	80	-2.4718
8	12	-2.47117
68	92	2.4687
8	82	-2.46624
6	94	2.45985
44	88	-2.4515
44	80	-2.45087
40	88	-2.44968
2	50	-2.44801
14	78	-2.44738
56	82	2.44624
12	56	2.44439
48	76	2.44325
4	44	2.43983
32	52	-2.43821
36	94	2.43583
94	98	-2.43505
2	92	2.43367
8	60	-2.43247
48	70	2.42735
52	78	2.42476
54	98	2.42402
30	94	-2.41959
2	46	-2.41941
22	68	2.4182
44	94	-2.41606
44	66	2.41605
0	84	-2.41603
44	90	-2.4153
0	36	-2.41396
62	70	-2.4126
40	52	-2.41145
70	84	-2.41144
22	54	2.41016
74	98	-2.41013
10	30	2.41008
48	54	2.40937
62	94	2.40864
62	76	-2.40787
36	70	-2.40758
60	80	-2.40721
52	76	-2.40662
16	76	-2.40577
32	98	2.40549
52	70	-2.40549
54	80	-2.40448
0	72	-2.40424
40	84	-2.40338
16	70	-2.403
12	52	-2.39963
76	84	-2.3995
0	52	-2.39908
8	44	-2.39861
54	64	2.39693
70	72	-2.39511
52	74	2.39394
96	98	-2.39387
10	72	-2.39368
10	92	2.39295
20	70	-2.39177
10	20	-2.39175
36	76	-2.391
6	56	-2.39072
0	62	-2.39057
60	88	-2.39048
36	40	-2.39031
52	82	-2.39013
4	42	-2.38924
20	76	-2.38833
6	48	-2.38751
4	28	-2.38681
42	66	-2.38614
10	62	-2.38425
10	36	-2.38289
34	48	-2.38278
6	8	2.38188
20	66	-2.38057
86	98	-2.38035
42	56	-2.37939
58	94	-2.3789
10	16	-2.37845
54	88	-2.37829
40	90	-2.37666
28	56	-2.37545
0	22	2.37462
34	56	-2.37453
4	20	-2.37392
14	32	2.37388
28	66	-2.37319
72	76	-2.37278
26	66	2.37265
40	62	-2.37198
14	56	2.37146
8	20	2.37125
8	26	-2.37116
22	38	-2.37006
10	42	-2.36952
10	84	-2.36936
42	76	-2.3684
40	72	-2.36764
8	42	2.36574
20	56	-2.36532
30	32	2.36514
18	98	-2.36505
78	98	-2.36468
8	34	2.3638
26	52	-2.36365
42	70	-2.36347
30	78	-2.36325
26	94	-2.36275
2	74	-2.36271
0	16	-2.36184
16	66	-2.36067
4	16	-2.35826
16	94	2.35816
30	52	-2.3576
38	64	-2.35715
72	94	2.35607
4	14	2.35538
58	74	-2.35434
26	84	-2.35425
0	20	-2.35353
12	84	-2.35298
4	24	-2.35263
4	26	2.35231
44	74	-2.3499
12	80	-2.34986
8	72	2.34964
4	38	-2.34804
46	98	-2.34644
10	60	2.34614
62	66	-2.34611
38	56	-2.34591
6	66	-2.3453
8	16	2.34458
80	82	-2.34426
16	40	-2.3442
12	62	-2.34338
74	84	2.34205
8	28	2.34179
16	56	-2.34173
26	36	-2.34038
68	78	-2.33977
8	62	2.33921
28	64	-2.33802
82	84	-2.33793
12	16	-2.33698
4	62	-2.33628
32	84	-2.33545
66	72	-2.33534
2	34	-2.33497
28	76	-2.334
62	82	-2.33374
10	58	2.33348
16	82	-2.33217
38	66	-2.33061
10	28	-2.33011
4	6	-2.32997
92	94	-2.32984
38	48	-2.32969
10	52	-2.32968
34	66	-2.32886
22	28	-2.32858
2	52	-2.32824
24	56	-2.32815
8	36	2.32812
12	36	-2.32784
74	92	-2.32719
12	88	-2.32611
20	80	2.32579
20	40	-2.32532
52	96	2.32511
24	54	-2.32488
2	6	-2.32411
24	66	-2.32397
12	94	-2.32335
14	66	2.32291
40	64	2.32244
42	64	-2.32241
56	62	-2.32201
36	66	-2.32115
28	70	-2.3209
2	60	2.32056
82	88	-2.32034
42	80	2.31983
14	34	-2.31971
26	72	-2.31906
26	74	-2.3158
6	14	-2.31514
72	80	2.315
4	34	-2.31481
50	98	-2.31366
22	24	-2.31312
26	56	2.31296
14	50	-2.31288
20	88	2.31245
82	94	-2.31238
78	84	2.31235
50	64	-2.31197
36	82	-2.31151
30	84	-2.31132
4	72	-2.31131
24	76	-2.31119
26	62	-2.31035
56	72	-2.30899
14	80	-2.30827
8	84	2.30753
34	60	-2.30749
72	88	2.30649
0	42	-2.30633
6	60	-2.30616
14	18	-2.30596
52	98	-2.30589
66	84	-2.3057
42	88	2.30513
12	20	-2.30374
24	48	-2.30306
60	90	-2.30278
14	88	-2.30266
36	74	2.30211
4	36	-2.30151
0	48	2.3
8	38	2.29918
14	86	-2.299
14	96	-2.29858
20	82	-2.2965
28	80	2.29641
22	50	-2.29597
8	14	-2.29582
54	90	-2.29518
52	86	2.29444
26	32	2.29405
30	62	-2.29403
36	56	-2.29243
64	68	2.29238
20	64	-2.29204
12	72	-2.29168
84	98	-2.29125
4	84	-2.28935
16	80	2.28791
30	36	-2.28695
12	42	-2.28617
22	42	-2.28532
62	80	2.2853
30	96	-2.28474
2	30	2.28414
16	30	-2.28412
42	82	-2.28408
28	48	-2.28346
24	70	-2.28316
24	64	-2.28301
40	42	-2.28273
38	92	-2.28257
36	80	2.28255
30	74	-2.28213
50	90	2.28163
32	36	-2.28163
40	94	-2.28115
30	66	2.28082
10	98	2.28082
28	88	2.2808
36	98	-2.27871
20	94	2.27786
16	26	-2.27702
4	30	2.27582
8	24	2.27582
56	84	-2.27563
26	80	-2.27446
72	82	-2.27402
52	54	-2.27363
16	88	2.2728
14	46	-2.2722
36	88	2.27189
62	88	2.27168
38	80	2.27157
14	94	-2.27056
16	54	-2.27037
52	66	-2.26992
72	90	2.26953
10	24	-2.26903
30	86	-2.26642
28	82	-2.26538
26	96	-2.26477
24	82	-2.26462
18	52	2.26406
20	26	-2.26394
10	38	-2.26363
50	60	-2.26303
4	52	-2.2624
12	28	-2.26235
72	98	-2.26231
32	68	2.26215
14	90	-2.26139
8	30	-2.26135
20	30	-2.26088
38	58	-2.26013
26	78	-2.25951
8	52	2.25938
62	98	-2.25895
10	44	2.25885
38	88	2.25863
36	78	2.25852
28	54	-2.25851
38	76	-2.25728
26	88	-2.25713
48	50	-2.25696
32	62	-2.25674
60	78	-2.256
30	38	-2.25593
80	84	2.25528
60	76	2.25453
16	64	-2.25438
30	72	-2.25425
84	96	2.25324
12	90	-2.25276
20	90	2.25245
64	82	2.25198
12	24	-2.25196
0	28	-2.24997
18	30	-2.24921
12	64	2.24914
30	42	-2.24886
68	90	-2.24869
60	70	2.24781
12	78	-2.24777
42	54	-2.24761
72	74	2.24752
82	90	-2.24733
26	86	-2.24703
68	88	-2.24613
68	80	-2.24555
62	78	2.24552
62	74	2.24418
78	82	-2.24408
54	60	2.24378
54	62	-2.24365
38	70	-2.24345
84	88	2.24342
12	32	2.24288
22	40	2.24077
6	10	-2.23993
38	98	-2.2399
18	60	-2.23987
52	56	-2.23944
0	68	2.23934
56	68	2.23906
42	90	2.23757
46	64	-2.2369
16	98	-2.23587
38	82	-2.23546
50	88	2.23538
28	30	-2.23494
20	22	-2.23494
8	68	-2.23484
20	98	-2.23473
28	40	-2.23404
32	82	2.2334
46	60	-2.23309
46	52	2.2321
12	38	-2.2321
18	64	-2.23196
18	22	-2.23077
22	46	-2.23075
38	60	-2.23065
20	54	-2.23014
30	56	2.2295
60	86	-2.2295
38	44	-2.22934
36	90	2.22901
2	84	-2.2287
62	64	-2.22847
42	48	-2.22814
18	26	-2.22742
10	68	2.22638
84	86	2.2262
4	68	2.22602
14	74	-2.22524
66	68	2.22408
64	72	-2.22396
10	34	-2.22385
26	42	-2.22356
60	96	-2.22164
30	46	-2.22069
32	60	2.22037
68	94	-2.22006
2	98	2.21956
24	80	2.21893
50	80	2.21805
62	90	2.21614
46	90	2.21526
42	98	-2.21478
16	32	-2.21477
54	84	-2.21472
32	72	-2.21399
10	14	2.21371
26	68	2.21265
16	78	2.21145
2	82	2.21122
36	96	2.21088
46	48	-2.21056
38	54	-2.2103
16	90	2.21022
26	46	-2.20965
22	82	2.20879
18	48	-2.20875
28	90	2.20843
22	86	-2.20779
16	22	-2.20756
70	92	2.20612
42	94	2.2057
64	86	-2.20529
26	90	-2.20499
24	30	-2.20392
60	74	-2.2032
2	12	2.2028
24	88	2.20174
12	22	2.20044
76	92	2.19915
24	60	-2.19878
18	84	2.1986
36	64	-2.1978
84	90	2.19775
52	80	2.19634
0	24	-2.19622
18	90	2.19556
40	74	-2.19535
32	40	2.19503
28	98	-2.19464
40	48	2.19459
30	50	-2.19443
72	78	2.1928
48	86	-2.1912
16	74	2.19116
36	54	-2.19115
38	90	2.19084
2	36	-2.19032
22	96	-2.19001
24	40	-2.18969
2	62	-2.18818
40	68	2.18794
36	86	2.18633
38	40	-2.18582
64	96	-2.18431
52	88	2.18259
2	48	2.18257
0	60	2.18256
26	28	-2.18232
50	52	2.18134
68	74	-2.18112
0	38	-2.18106
12	74	-2.17962
28	92	-2.17822
0	94	-2.17819
48	96	-2.17695
68	96	-2.17681
48	82	2.17679
40	78	-2.17629
64	84	-2.17601
46	84	2.17502
26	38	-2.17472
20	48	-2.17356
62	96	2.17284
22	78	-2.17226
48	78	-2.17133
22	62	-2.17058
46	88	2.17046
26	50	-2.1696
2	16	-2.16952
86	90	2.16934
68	86	-2.16919
68	98	2.16861
30	80	-2.16761
12	48	2.1665
68	70	2.16634
28	60	-2.16612
18	68	-2.16507
74	82	-2.16319
18	36	2.16116
58	70	2.1606
14	38	-2.16021
22	32	2.15978
12	96	-2.15957
54	72	-2.15845
18	88	2.15761
72	96	2.15759
16	48	-2.15644
66	98	2.15536
2	26	2.15528
46	80	2.15494
58	76	2.15488
2	22	2.15428
50	56	-2.15215
34	98	-2.15209
32	48	2.1516
24	94	2.15135
30	88	-2.15133
28	58	-2.1511
20	32	-2.15071
68	72	-2.15054
8	98	-2.15015
62	86	2.14996
2	72	-2.14891
26	64	2.1479
50	68	-2.14693
90	96	2.14693
82	96	-2.14652
40	96	-2.14605
22	72	-2.14597
4	98	2.14495
20	78	2.14475
18	80	2.14353
20	74	2.14283
76	94	-2.14252
12	86	-2.14209
36	46	2.14145
6	98	-2.14056
24	92	-2.13934
46	68	-2.13886
72	86	2.13679
32	64	2.13643
28	94	2.13596
52	64	-2.13568
48	74	-2.13556
70	94	-2.13529
64	78	-2.13463
42	92	-2.1345
86	88	2.13404
8	50	2.13383
52	90	2.1334
24	90	2.13149
16	96	2.13114
68	76	2.13108
36	68	-2.13101
60	94	-2.1303
54	94	-2.13
82	86	-2.12986
22	36	-2.12961
40	86	-2.12895
24	26	-2.12853
24	98	-2.1281
18	62	2.12754
50	84	2.12702
12	18	-2.12561
0	92	2.12232
34	68	-2.12153
2	54	2.12136
80	86	2.12108
48	62	-2.11947
6	68	-2.11908
28	44	-2.11879
68	84	-2.11747
24	58	-2.11703
50	66	-2.11677
18	72	2.11544
22	84	-2.11535
88	96	2.11491
56	98	2.11466
18	82	-2.11438
2	40	2.11426
4	50	-2.11396
14	70	2.11324
42	60	-2.11221
2	20	-2.11214
0	74	-2.11202
18	40	-2.11149
44	70	2.1112
16	86	2.11117
40	60	2.11061
54	92	2.10966
22	74	-2.10911
44	76	2.10763
46	62	2.10744
42	58	-2.10743
30	90	-2.10695
6	38	2.10584
12	46	-2.10516
14	76	2.10414
2	90	-2.104
30	68	2.10368
80	96	2.10312
34	38	2.10189
2	64	2.10176
0	14	2.10154
46	72	2.1007
46	56	-2.09963
42	78	2.09937
32	42	-2.09915
0	32	2.09825
36	50	2.09787
22	26	2.0966
24	44	-2.09657
46	82	-2.09529
40	46	-2.095
48	72	-2.09333
18	56	-2.09309
22	52	-2.09252
16	18	2.09215
20	92	-2.09203
54	78	-2.09177
14	24	-2.09033
0	58	2.08777
42	74	2.08758
30	64	2.08703
20	96	2.08694
64	74	-2.08618
80	98	-2.08521
2	24	-2.08477
8	46	2.08412
26	48	2.08384
36	48	-2.08345
0	78	-2.08296
52	68	-2.08152
54	58	2.08123
24	74	2.08083
2	42	-2.07946
12	50	-2.0794
44	98	2.07921
6	70	-2.07866
54	74	-2.07822
14	28	-2.07812
8	18	2.07723
32	90	-2.07699
56	86	-2.07552
88	98	-2.07491
42	44	-2.07485
16	46	2.07483
12	68	2.07471
48	84	-2.07417
24	78	2.07411
26	60	2.07393
14	98	2.07281
32	54	2.07213
50	62	2.07205
20	60	-2.07143
50	82	-2.07136
20	86	2.07126
46	66	-2.07104
74	90	2.07032
4	46	-2.0703
34	70	-2.0691
78	90	2.06851
32	76	2.06843
20	58	-2.06764
14	54	2.0676
6	54	-2.06719
6	76	-2.06708
62	68	-2.06701
76	78	-2.06691
60	82	2.06632
22	94	-2.06631
58	98	2.06546
18	66	-2.0651
40	50	-2.06508
48	94	-2.06506
50	72	2.06454
0	96	-2.06453
24	32	-2.06443
4	18	-2.06384
12	60	2.06354
2	88	-2.06338
32	70	2.06276
56	96	-2.06222
16	92	-2.062
34	54	-2.06156
32	88	-2.06148
8	86	2.06123
30	34	-2.06108
48	52	-2.06011
14	26	2.05916
28	78	2.05911
16	60	-2.05877
68	82	2.05859
34	76	-2.05837
0	2	2.05742
44	54	2.05733
70	78	-2.05722
18	20	2.05663
22	30	2.05617
70	74	-2.05585
74	76	-2.05522
32	80	-2.05492
28	32	-2.0546
0	44	2.05445
2	80	-2.05404
78	88	2.0535
6	30	-2.05329
0	86	-2.05253
64	94	-2.05192
14	40	2.05098
2	28	-2.05061
66	86	-2.05053
10	50	-2.04988
4	86	-2.04952
8	96	2.04931
28	74	2.04889
92	98	2.04768
78	80	2.04764
60	98	2.04738
38	68	-2.04707
90	98	-2.04684
46	54	-2.04683
16	50	2.0466
60	72	-2.04604
6	28	2.04603
42	96	2.04565
2	76	2.04509
30	44	2.0447
20	68	-2.04424
20	46	2.04394
74	88	2.04324
16	58	-2.04269
0	6	-2.0421
28	34	2.0416
62	92	-2.04121
0	18	-2.04088
30	48	2.04042
66	96	-2.03987
60	62	-2.03985
10	94	-2.03983
54	96	-2.03969
14	42	-2.03943
20	44	-2.03921
4	96	-2.03889
40	92	2.0388
14	72	-2.03835
26	34	-2.03827
54	86	-2.03716
32	56	2.03683
2	70	2.03667
72	92	-2.03666
16	68	-2.03603
36	60	-2.03599
56	78	-2.03576
74	80	2.03537
0	34	-2.03533
42	86	2.03477
6	42	2.03424
18	54	-2.03366
34	52	2.03304
6	26	-2.0319
50	54	-2.03159
0	46	-2.03115
38	50	2.03086
30	58	2.03029
34	42	2.02997
24	96	2.02975
38	94	2.02971
14	30	2.0279
60	84	-2.02787
14	36	-2.02732
6	52	2.02715
6	24	2.02646
70	96	-2.02621
76	96	-2.02607
58	62	-2.02528
18	42	2.02528
64	98	2.02477
20	50	2.02466
8	32	-2.02428
24	86	2.02396
6	20	2.02368
24	34	2.02364
4	78	-2.02295
2	56	2.0225
24	46	2.02243
10	46	-2.02238
16	44	-2.02237
36	92	-2.02236
4	32	2.02234
82	92	2.02196
32	66	2.02191
14	84	-2.02118
54	68	2.02087
40	58	2.02078
42	68	-2.02057
90	94	2.02039
58	72	-2.02037
20	34	2.02029
12	92	2.02024
2	8	-2.02013
10	18	-2.02012
66	78	-2.0201
24	68	-2.01994
8	78	2.01982
14	20	-2.01871
38	78	2.01861
6	72	2.01826
70	86	-2.01825
30	92	2.01816
76	86	-2.0179
18	24	2.01786
34	84	2.01771
28	68	-2.01728
42	46	2.01707
34	72	2.01665
28	96	2.01653
0	50	-2.01566
6	84	2.01501
88	94	2.01498
56	74	-2.01492
84	92	-2.01462
44	52	-2.0144
34	36	2.01419
48	98	2.01413
10	86	-2.01385
18	38	2.01343
6	36	2.01335
80	94	2.01322
66	94	-2.01311
32	38	-2.01304
38	46	2.0126
58	82	2.01229
14	52	-2.01192
18	70	-2.01176
8	94	2.01169
52	60	-2.01167
2	38	-2.01162
4	94	-2.01154
30	60	2.01137
18	76	-2.01114
56	94	-2.01106
2	66	2.01105
12	58	2.01101
52	92	-2.01096
52	58	-2.01094
2	4	2.01074
10	32	2.01061
28	86	2.01056
10	96	-2.01053
36	58	-2.01033
44	62	-2.00949
2	10	2.00945
38	86	2.00871
24	50	2.00862
6	62	2.0084
34	62	2.00832
14	16	-2.00818
22	98	2.00817
4	74	-2.00796
14	62	-2.00778
26	44	2.00756
8	74	2.00752
42	50	2.00747
6	16	2.00724
44	82	2.00684
40	44	2.00653
58	84	-2.00642
12	14	2.00614
38	96	2.00606
16	34	2.00602
44	72	-2.00601
18	28	2.0059
46	70	-2.0056
12	44	2.00558
10	78	-2.00558
46	76	-2.0055
10	74	-2.00522
66	74	-2.00495
38	74	2.00405
34	82	-2.00397
6	40	-2.00387
12	34	-2.00385
34	40	-2.00361
14	82	2.00353
6	82	-2.00292
28	46	2.00289
50	70	-2.00273
26	58	2.00243
6	12	-2.00224
26	92	2.00131
44	84	-2.00127
36	44	-2.00097
50	76	-2.00086
28	50	2.00084
