53	67	11.9866
3	15	-11.9825
27	73	11.9762
19	51	11.9717
23	57	11.9713
29	47	-11.9564
37	61	11.9558
1	27	11.955
39	53	11.949
41	45	11.9475
7	49	11.9419
43	81	11.9347
15	93	-11.9333
45	99	11.9316
65	79	11.9289
89	99	11.9287
1	73	11.9198
77	97	11.9122
89	97	11.903
9	63	11.9024
63	79	11.9001
41	87	11.8952
39	67	11.8842
61	77	11.8765
41	61	11.8753
65	71	11.8732
3	93	11.861
45	61	11.8596
35	83	-11.8576
27	87	11.8574
73	87	11.8519
97	99	11.8359
33	55	11.8304
7	53	11.8292
37	87	11.828
71	79	11.8274
11	51	11.8172
33	71	11.8151
7	39	11.8074
61	97	11.806
9	21	11.8038
37	41	11.802
37	77	11.8
7	67	11.7991
19	65	11.7962
7	93	11.7823
61	87	11.7726
13	67	11.7644
41	99	11.7634
3	35	11.7595
17	31	11.7535
45	89	11.7487
45	97	11.7472
1	5	11.7419
39	49	11.7378
19	71	11.7316
75	91	11.7271
61	99	11.7269
5	27	11.7225
33	95	11.7153
31	75	11.7095
45	87	11.7039
37	45	11.7038
67	93	11.7004
11	19	11.6842
63	65	11.6709
49	53	11.6666
1	87	11.6603
51	65	11.6587
13	53	11.6517
77	89	11.6442
57	89	11.639
63	71	11.6388
9	79	11.636
59	91	11.636
53	93	11.6288
77	85	11.6281
45	77	11.6224
15	35	-11.6193
37	97	11.618
9	81	11.6146
77	99	11.6084
41	73	11.6015
21	63	11.5992
61	89	11.5913
35	95	11.5908
49	67	11.5905
41	97	11.5757
13	93	11.5568
27	41	11.5506
5	73	11.5499
49	93	11.5496
41	77	11.5455
51	71	11.5411
37	85	11.5376
31	91	11.5346
7	15	-11.5228
19	79	11.5118
41	89	11.4963
5	87	11.4892
27	37	11.4868
37	99	11.4867
57	99	11.4832
19	33	11.483
19	95	11.4824
23	89	11.4682
83	95	-11.4606
21	81	11.4504
53	69	11.4361
39	69	11.4334
11	95	11.4323
33	65	11.4295
39	93	11.4183
55	71	11.4153
51	95	11.4148
37	73	11.4144
55	95	11.4135
3	7	11.4085
67	69	11.4076
61	85	11.4058
29	55	-11.4045
15	67	-11.3958
71	95	11.3824
87	99	11.3802
13	15	-11.3759
13	39	11.3748
77	87	11.3636
21	79	11.3586
3	83	-11.3526
23	99	11.3465
33	79	11.3432
31	59	11.3358
47	83	-11.3338
5	37	11.3302
27	61	11.3277
35	93	11.3127
37	89	11.309
51	79	11.3086
9	43	11.3062
61	73	11.3013
45	73	11.2991
7	13	11.2936
15	53	-11.2887
33	51	11.285
13	69	11.2797
9	65	11.2765
21	43	11.2608
1	41	11.2573
15	49	-11.2554
87	97	11.2454
85	97	11.234
29	83	11.2333
57	97	11.2303
27	45	11.2255
55	83	-11.2205
9	71	11.2184
3	67	11.2064
1	37	11.2043
63	81	11.2033
3	13	11.1821
47	55	11.1817
33	63	11.1653
15	83	11.1574
3	49	11.1559
43	85	-11.1508
25	97	11.1211
45	57	11.1058
3	53	11.0964
81	85	-11.0757
33	83	-11.0686
19	63	11.0572
11	65	11.0519
17	75	11.0418
3	95	11.0418
87	89	11.039
59	75	11.0383
65	95	11.0316
25	89	11.021
15	39	-11.0199
5	61	11.0198
5	41	11.0084
23	97	11.0015
1	61	10.998
21	65	10.9938
11	71	10.9911
25	77	10.9855
23	45	10.9662
17	59	10.9622
17	25	10.9611
85	87	10.9505
33	35	10.9391
13	49	10.9228
11	33	10.9223
41	85	10.8788
1	45	10.877
5	85	10.8752
73	99	10.8718
55	79	10.8576
35	55	10.8549
55	65	10.8504
19	55	10.8451
15	95	-10.8387
17	91	10.8356
55	63	10.8324
3	39	10.8254
45	85	10.8236
11	49	10.8133
27	77	10.7976
43	63	10.7952
51	63	10.7915
7	69	10.7869
29	33	-10.7867
27	99	10.7808
5	29	10.7575
11	35	10.7472
7	35	10.7425
73	77	10.7412
79	95	10.7411
57	77	10.7387
83	93	-10.7303
21	71	10.7225
85	89	10.7207
35	47	10.7114
41	57	10.71
9	33	10.6981
85	99	10.692
17	57	10.6765
1	29	10.6718
57	61	10.669
25	57	10.667
79	81	10.6605
25	31	10.6412
5	55	-10.629
5	45	10.6272
5	77	10.6106
73	97	10.6103
7	11	10.6093
51	55	10.6049
27	97	10.6015
29	35	-10.5969
49	69	10.5901
25	99	10.5895
11	79	10.5793
23	41	10.5696
27	85	10.5643
33	47	10.5634
3	11	10.5621
93	95	10.5568
17	23	10.5551
35	49	10.5518
29	95	-10.5322
9	19	10.5008
23	77	10.4887
25	85	10.4822
69	93	10.4809
19	35	10.4728
23	61	10.4648
9	55	10.4603
11	15	-10.456
47	95	10.4502
11	93	10.4499
35	51	10.4425
1	77	10.4348
73	89	10.43
25	61	10.4212
5	47	-10.4128
1	47	-10.405
1	99	10.3924
73	85	10.3826
23	25	10.3743
63	95	10.364
71	83	-10.3622
27	89	10.3574
35	67	10.3342
35	71	10.3323
13	35	10.3149
1	85	10.3025
11	83	-10.2957
27	29	10.2952
37	57	10.2765
25	45	10.2697
11	55	10.2614
19	83	-10.2363
35	53	10.2224
7	95	10.2204
5	97	10.2174
9	51	10.2155
43	79	10.213
25	75	10.2124
49	95	10.21
1	97	10.2078
5	81	-10.1974
71	81	10.178
25	37	10.172
19	21	10.1676
5	99	10.1577
65	81	10.1491
51	83	-10.1346
29	73	10.1346
9	85	-10.1196
3	33	10.1189
43	77	-10.0945
57	87	10.0914
17	89	10.0885
21	33	10.0764
23	37	10.0731
1	55	-10.0702
37	81	-10.0677
29	71	-10.0632
3	51	10.0589
7	83	-10.051
15	69	-10.0408
5	33	-10.0249
37	43	-10.0198
49	51	10.014
27	47	-10.0091
77	81	-10.001
3	19	9.99932
11	63	9.99266
25	41	9.96704
5	9	-9.96571
35	39	9.96455
1	89	9.95363
5	43	-9.9515
23	87	9.94642
5	63	-9.94347
21	51	9.92913
3	55	9.92449
35	65	9.92048
15	51	-9.91944
3	47	9.90725
15	33	-9.88086
47	73	-9.87067
11	39	9.86531
49	83	-9.86413
11	53	9.8599
7	51	9.84134
15	19	-9.84087
65	83	-9.83589
11	67	9.83152
69	97	-9.82977
31	57	9.82818
51	93	9.82473
5	89	9.81085
9	95	9.80899
61	81	-9.80786
47	71	9.80729
55	81	9.80586
69	77	-9.8042
27	55	-9.80261
43	61	-9.79773
5	71	-9.7858
17	97	9.78554
3	69	9.7855
19	49	9.77203
33	81	9.77109
61	69	-9.77045
13	83	-9.76438
69	89	-9.76372
13	57	-9.76257
21	55	9.75716
21	85	-9.74961
69	99	-9.74918
25	39	-9.73468
13	23	-9.72992
45	69	-9.72738
3	29	-9.72266
23	31	9.70407
43	71	9.69794
19	93	9.69664
43	65	9.69468
63	85	-9.69362
7	25	-9.68845
25	49	-9.68796
37	69	-9.68341
57	85	9.68297
15	47	-9.68188
79	83	-9.6759
67	83	-9.67392
15	55	-9.67167
25	53	-9.6632
35	79	9.65818
41	69	-9.65455
7	19	9.63187
17	99	9.63155
43	97	-9.63111
13	89	-9.63048
3	71	9.62177
5	79	-9.61536
29	87	9.60319
25	67	-9.60069
3	17	-9.59524
55	73	-9.58591
11	75	-9.58545
67	89	-9.57766
15	17	9.57583
25	87	9.5745
67	95	9.56971
81	87	-9.55981
57	73	9.55629
19	29	-9.55535
17	93	-9.5544
53	83	-9.55352
33	93	9.5461
53	89	-9.54505
13	99	-9.52939
17	35	-9.52867
53	97	-9.52828
81	97	-9.52662
67	97	-9.52208
53	95	9.51593
29	63	-9.5148
57	67	-9.50277
63	83	-9.4985
39	97	-9.49771
31	95	-9.49604
51	75	-9.49342
69	87	-9.49182
15	29	9.48916
91	95	-9.4812
23	85	9.47047
69	85	-9.46822
19	75	-9.46257
33	91	-9.45898
23	73	9.45717
1	33	-9.45585
29	79	-9.45258
13	97	-9.44124
29	65	-9.44035
39	89	-9.44001
43	87	-9.439
55	59	-9.43533
39	77	-9.42857
27	81	-9.42674
9	37	-9.42662
15	71	-9.4236
27	57	9.42359
59	95	-9.41789
25	91	9.41743
75	95	-9.41669
33	59	-9.41526
7	17	-9.41497
71	91	-9.41202
25	93	-9.41155
53	57	-9.40946
9	11	9.40599
57	69	-9.40466
57	93	-9.4014
19	91	-9.3998
43	55	9.39874
29	51	-9.39768
67	99	-9.39455
53	77	-9.39314
11	13	9.39289
23	67	-9.38743
31	35	-9.38729
3	65	9.38659
19	47	9.38031
17	77	9.37864
5	65	-9.37408
13	95	9.37391
39	95	9.37118
21	95	9.36956
31	89	9.36876
41	81	-9.36822
35	63	9.36093
53	99	-9.35658
67	77	-9.35579
51	91	-9.34366
15	57	9.33831
25	43	-9.33764
17	67	-9.32849
1	81	-9.32845
23	93	-9.32785
33	43	9.32112
13	45	-9.32096
47	87	-9.32017
11	31	-9.31901
3	31	-9.31873
19	81	9.31807
11	29	-9.3178
25	69	-9.31719
11	91	-9.31506
9	29	-9.31103
23	27	9.30991
7	31	-9.30736
17	53	-9.30714
39	83	-9.30277
41	43	-9.29809
15	23	9.29719
31	49	-9.29492
17	83	9.2921
23	69	-9.28672
17	49	-9.28538
17	95	-9.2847
55	87	-9.28464
23	53	-9.28019
55	93	9.2799
45	81	-9.27713
31	93	-9.27395
35	59	-9.27392
15	31	9.27054
59	83	9.2681
27	43	-9.26054
47	63	9.26008
11	47	9.25961
5	21	-9.2589
47	51	9.25056
65	91	-9.25029
43	45	-9.24941
39	99	-9.24859
5	83	9.24831
27	33	-9.24039
15	65	-9.23701
47	93	9.23355
3	57	-9.23284
59	69	-9.22463
17	39	-9.22126
43	89	-9.21806
1	71	-9.21763
55	91	-9.21427
47	65	9.21343
33	49	9.21267
1	63	-9.21023
47	79	9.20975
29	37	9.20958
73	81	-9.20838
7	33	9.20254
27	63	-9.2009
9	27	-9.19966
3	23	-9.19886
39	57	-9.1983
15	25	9.19708
37	63	-9.19616
9	87	-9.19599
71	75	-9.19516
45	67	-9.19382
49	75	-9.19255
13	77	-9.19152
89	93	-9.18814
7	89	-9.18809
33	75	-9.18607
17	45	9.18177
43	99	-9.17835
5	95	-9.17816
9	61	-9.17615
57	75	9.17309
45	53	-9.1699
71	93	9.16915
9	83	-9.16733
51	67	9.16707
13	25	-9.16306
1	9	-9.16211
51	53	9.16195
53	61	-9.161
9	77	-9.16027
7	97	-9.16023
31	97	9.15853
39	61	-9.15842
65	75	-9.15813
1	43	-9.15583
81	99	-9.15517
69	73	-9.15434
31	83	9.1536
79	85	-9.15302
11	21	9.14876
13	17	-9.14757
29	81	-9.14693
61	67	-9.14655
31	33	-9.14609
27	69	-9.14488
79	91	-9.14447
7	57	-9.14331
31	51	-9.13532
25	59	9.13402
19	31	-9.12791
81	89	-9.12729
39	51	9.12131
59	71	-9.12053
13	61	-9.11998
39	85	-9.11956
3	25	-9.11695
37	55	-9.11544
21	23	-9.10942
55	85	-9.10591
31	39	-9.10547
63	87	-9.10261
3	79	9.10086
13	41	-9.10056
9	47	9.0953
39	45	-9.09437
31	53	-9.09136
27	71	-9.09116
23	75	9.08188
33	73	-9.07443
7	75	-9.07242
1	57	9.0716
31	67	-9.06408
63	73	-9.05801
29	93	-9.05757
43	73	-9.05664
1	79	-9.05476
65	93	9.05403
51	81	9.05314
3	59	-9.05236
23	39	-9.0504
21	37	-9.04792
9	73	-9.03498
29	41	9.03304
35	91	-9.03135
93	97	-9.03112
25	81	-9.03035
5	19	-9.02955
25	73	9.02094
49	97	-9.01971
27	79	-9.01914
37	39	-9.01827
7	77	-9.01711
7	23	-9.01664
29	59	9.01446
1	83	9.01411
25	27	9.00632
17	61	9.00413
49	71	9.00258
17	69	-9.00242
9	41	-9.00036
49	89	-8.9989
15	59	8.99695
35	75	-8.99687
19	67	8.99591
15	89	8.99475
47	81	8.993
49	91	-8.99272
37	53	-8.99016
41	67	-8.98977
63	91	-8.98864
29	43	-8.98723
41	53	-8.97851
19	53	8.97802
31	99	8.97776
9	35	8.97663
1	23	8.9752
49	65	8.97487
71	73	-8.97405
53	85	-8.974
21	83	-8.97299
39	59	-8.9694
11	17	-8.96745
59	93	-8.96715
1	65	-8.96638
13	51	8.96576
37	67	-8.96273
15	79	-8.95804
53	59	-8.95665
7	99	-8.9528
93	99	-8.95249
31	71	-8.9522
75	79	-8.94769
61	63	-8.94734
57	59	8.94264
7	71	8.94147
21	77	-8.9404
23	59	8.93791
73	79	-8.9376
59	67	-8.93697
7	59	-8.93506
39	41	-8.93296
37	47	-8.93245
7	91	-8.92899
5	69	-8.92887
1	69	-8.92712
31	55	-8.92691
71	85	-8.92667
49	77	-8.92403
19	59	-8.92144
29	85	8.92005
19	39	8.91778
21	61	-8.91411
29	61	8.91119
47	59	-8.91102
19	43	8.91062
43	47	8.91001
13	37	-8.90864
27	65	-8.90384
21	57	-8.90106
35	69	8.89935
83	91	8.89856
67	85	-8.89203
75	89	8.89103
7	65	8.89028
49	57	-8.88985
9	45	-8.88968
3	75	-8.87881
79	87	-8.87876
41	63	-8.87707
39	75	-8.8758
81	95	8.8741
57	91	8.87346
65	73	-8.86776
39	91	-8.8677
75	93	-8.86626
49	59	-8.86384
21	35	8.85973
31	77	8.85928
7	55	8.8588
3	89	-8.85837
13	19	8.85711
23	91	8.8552
63	77	-8.84802
55	75	-8.84509
5	57	8.84178
37	79	-8.83982
5	51	-8.83876
23	43	-8.83693
11	59	-8.83641
1	95	-8.8319
17	41	8.83188
33	87	-8.83117
17	33	-8.83025
21	87	-8.82849
21	29	-8.82745
51	59	-8.82741
15	75	8.82579
3	91	-8.82546
49	55	8.82471
21	45	-8.81851
9	97	-8.81575
43	57	-8.81479
33	85	-8.81438
21	41	-8.81372
1	19	-8.81369
31	69	-8.81157
71	87	-8.80915
21	99	-8.80264
41	47	-8.79996
15	97	8.79906
77	93	-8.79768
59	65	-8.79516
3	63	8.79203
55	61	-8.79195
31	65	-8.78589
5	25	8.7818
91	93	-8.78115
35	57	-8.77978
41	55	-8.77838
49	99	-8.77674
11	25	-8.776
13	21	8.77297
23	35	-8.77284
53	75	-8.77214
69	91	-8.7705
75	83	8.76816
53	91	-8.767
13	87	-8.76602
65	85	-8.76567
15	91	8.76513
23	81	-8.76396
15	99	8.76377
23	49	-8.75993
79	93	8.75665
59	79	-8.75342
9	99	-8.75332
21	47	8.75017
7	45	-8.74734
1	51	-8.74437
1	25	8.74292
13	59	-8.74249
75	97	8.74115
45	63	-8.73981
21	97	-8.738
7	61	-8.7366
13	31	-8.73208
5	35	-8.73197
7	47	8.73137
25	35	-8.72709
9	91	-8.72565
17	51	-8.72477
65	87	-8.72444
5	23	8.7239
17	37	8.72331
57	81	-8.72208
21	27	-8.72132
27	83	8.72081
37	71	-8.71938
17	55	-8.7149
11	69	8.7134
17	19	-8.71251
33	37	-8.71218
67	75	-8.70725
53	87	-8.70722
67	91	-8.70586
39	87	-8.70449
59	63	-8.70169
19	73	-8.70125
67	87	-8.7004
41	79	-8.7003
47	85	-8.69934
21	89	-8.6979
17	85	8.69762
19	27	-8.69617
45	93	-8.69569
63	75	-8.68842
43	51	8.68664
43	69	8.68652
29	45	8.6862
47	49	8.68488
33	67	8.6754
9	23	-8.67508
47	61	-8.6733
51	73	-8.67227
3	97	-8.66505
81	83	-8.66386
15	63	-8.66049
7	85	-8.65739
49	85	-8.65702
75	99	8.65598
3	21	8.64925
61	79	-8.64518
1	21	-8.64475
31	45	8.64285
13	85	-8.63754
21	73	-8.63608
27	51	-8.63102
33	53	8.63096
49	61	-8.62945
3	99	-8.62935
69	81	8.61689
9	89	-8.61665
27	95	-8.61324
15	21	-8.61201
45	49	-8.6086
31	79	-8.60643
13	33	8.59878
49	79	8.59844
73	83	8.59671
7	29	-8.59473
37	65	-8.59342
61	93	-8.58829
45	79	-8.58255
63	99	-8.58246
7	37	-8.57745
13	65	8.57736
41	65	-8.57442
29	77	8.57273
7	41	-8.56363
17	71	-8.55891
29	49	-8.55764
63	97	-8.55741
15	77	8.55713
55	77	-8.55659
23	83	8.55519
13	47	8.5548
7	79	8.55006
43	95	8.54655
29	91	8.54577
17	47	-8.53935
57	83	8.53672
9	57	-8.53427
23	63	-8.53219
41	71	-8.53118
33	39	8.52822
31	61	8.52778
75	77	8.52466
43	83	-8.52453
23	79	-8.52381
5	59	8.52044
1	11	-8.52011
73	95	-8.51947
1	35	-8.5194
3	9	8.51739
25	95	-8.51242
15	45	8.5075
9	59	-8.50071
77	79	-8.49879
17	29	8.4976
45	47	-8.49622
37	49	-8.49609
29	31	8.49523
45	55	-8.49413
61	71	-8.4926
69	75	-8.48565
65	67	8.48273
31	47	-8.48127
41	93	-8.47911
23	65	-8.47585
5	11	-8.47515
39	43	8.47106
67	71	8.46884
45	65	-8.46836
45	75	8.46292
13	71	8.46263
11	73	-8.46107
41	49	-8.461
13	73	-8.46097
33	41	-8.45817
21	91	-8.45814
63	93	8.45688
19	87	-8.45678
33	61	-8.45674
55	67	8.45585
11	81	8.45558
47	67	8.45174
69	83	-8.45076
89	91	8.45041
79	99	-8.45021
13	79	8.44793
21	93	8.44658
47	91	-8.44595
17	87	8.44469
53	65	8.44282
61	65	-8.44142
21	69	8.43883
3	77	-8.43677
53	71	8.43482
13	55	8.43206
9	15	-8.42407
9	75	-8.41847
63	89	-8.41572
37	93	-8.41113
31	63	-8.4108
31	85	8.40809
53	55	8.40675
13	27	-8.40613
59	89	8.40596
51	87	-8.40525
39	73	-8.40472
31	41	8.40311
35	81	8.40032
17	65	-8.39985
13	29	-8.39794
11	27	-8.39567
57	63	-8.39029
53	73	-8.3902
47	53	8.39006
3	45	-8.38675
25	51	-8.38658
15	61	8.38533
25	83	8.3852
47	77	-8.38487
27	39	-8.38189
67	73	-8.38093
35	89	-8.37822
29	99	8.37489
57	79	-8.37072
69	95	8.36961
13	91	-8.36958
45	71	-8.36929
39	65	8.36344
39	71	8.36133
27	53	-8.36113
85	93	-8.35572
65	99	-8.35387
43	53	8.35276
23	51	-8.35256
29	97	8.35106
27	67	-8.34857
13	43	8.34556
29	75	8.34426
71	77	-8.34103
31	37	8.33735
19	23	-8.33606
57	65	-8.33434
7	87	-8.33334
19	41	-8.33214
51	69	8.33187
41	75	8.32933
13	75	-8.32372
29	67	-8.32319
11	23	-8.32222
41	51	-8.31999
79	97	-8.31426
39	81	8.31312
27	35	-8.31292
61	75	8.31252
11	57	-8.31165
83	87	8.31158
43	67	8.31152
15	41	8.30839
47	75	-8.30674
9	13	8.30616
23	95	-8.30552
39	55	8.30494
19	85	-8.30147
33	77	-8.30095
57	95	-8.2994
21	67	8.29859
13	63	8.29859
91	97	8.29535
55	97	-8.29481
39	47	8.29429
19	25	-8.29288
1	59	8.28427
81	91	-8.2842
9	69	8.28094
3	61	-8.27872
91	99	8.27872
87	95	-8.2776
65	77	-8.27757
35	43	8.27718
51	57	-8.27636
49	87	-8.276
79	89	-8.27478
67	79	8.27183
21	25	-8.27145
29	53	-8.27019
9	25	-8.26959
49	63	8.26886
21	75	-8.26844
17	79	-8.26586
13	81	8.26382
19	37	-8.26094
33	45	-8.26089
45	51	-8.25428
59	97	8.25373
9	93	8.25245
19	57	-8.25025
19	45	-8.24921
7	63	8.24821
55	99	-8.2443
5	91	8.24375
5	39	-8.24161
47	99	-8.24158
1	39	-8.23805
1	13	-8.2372
23	71	-8.23564
35	97	-8.23467
15	37	8.23421
35	73	-8.23255
73	75	8.22889
87	93	-8.22845
53	79	8.2282
21	53	8.22758
21	59	-8.22463
75	85	8.22447
53	81	8.2204
11	43	8.21961
19	69	8.21949
71	99	-8.21774
59	81	-8.2149
47	97	-8.21131
3	41	-8.21016
59	99	8.20853
85	95	-8.2076
1	53	-8.20708
35	99	-8.20574
5	53	-8.203
11	87	-8.19949
29	89	8.19895
51	99	-8.19845
9	31	-8.19519
3	5	-8.19332
1	67	-8.19278
43	49	8.1923
27	59	8.1919
67	81	8.19104
65	89	-8.18739
29	39	-8.18572
11	89	-8.18437
5	67	-8.18297
37	51	-8.1822
37	83	8.17958
19	99	-8.17815
37	75	8.17727
37	95	-8.1745
51	85	-8.17405
11	41	-8.17336
75	87	8.17291
15	85	8.17104
5	13	-8.17092
11	99	-8.16901
17	73	8.16874
7	43	8.16871
65	97	-8.16858
19	61	-8.16625
83	89	8.16622
1	75	8.16186
17	43	-8.16167
31	87	8.16062
11	45	-8.15865
49	73	-8.15632
71	97	-8.15588
39	79	8.15369
3	37	-8.15288
63	69	8.14771
77	91	8.14768
27	75	8.14742
7	21	8.145
57	71	-8.14263
7	73	-8.14257
43	91	-8.14177
3	81	8.14083
45	91	8.13807
17	27	8.13784
17	63	-8.137
3	43	8.13659
15	43	-8.13427
21	39	8.1339
25	33	-8.13125
59	77	8.13068
83	85	8.12732
59	73	8.12569
51	61	-8.12435
1	91	8.12349
55	89	-8.12294
33	97	-8.11528
5	15	8.11357
15	81	-8.11198
11	97	-8.11178
51	89	-8.11164
27	49	-8.11079
47	89	-8.10893
7	27	-8.10886
43	93	8.10881
15	87	8.10776
65	69	8.10605
35	77	-8.10478
3	85	-8.10283
23	47	-8.10063
33	99	-8.10059
63	67	8.09903
69	79	8.09865
23	33	-8.09651
1	3	-8.0945
43	59	-8.09076
25	63	-8.09034
41	83	8.08911
71	89	-8.08846
75	81	-8.08589
47	57	-8.08565
73	91	8.08499
19	89	-8.08322
61	83	8.08214
35	87	-8.07882
41	95	-8.0785
27	91	8.07674
21	31	-8.0755
83	97	8.07539
59	85	8.07526
25	71	-8.07505
49	81	8.07494
1	49	-8.07473
89	95	-8.07272
21	49	8.07257
17	21	-8.07212
45	59	8.07071
37	59	8.06926
83	99	8.06922
35	45	-8.06891
43	75	-8.06745
7	9	8.0674
59	87	8.06568
53	63	8.0651
9	49	8.06492
41	91	8.06354
9	67	8.0634
61	95	-8.06315
7	81	8.06178
5	17	8.06116
85	91	8.05987
59	61	8.05963
33	57	-8.05772
17	81	-8.05595
3	87	-8.05515
31	43	-8.0542
81	93	8.05276
29	57	8.0522
73	93	-8.05186
25	65	-8.05157
31	73	8.05114
23	29	8.05084
35	37	-8.0488
1	17	8.04753
25	55	-8.04706
35	61	-8.04666
19	77	-8.04628
61	91	8.04382
5	75	8.04369
1	7	-8.0429
11	77	-8.042
1	15	8.04098
5	93	-8.03744
9	53	8.03702
27	93	-8.03665
77	83	8.03545
11	61	-8.03535
45	83	8.03467
77	95	-8.03454
51	97	-8.03338
9	17	-8.03272
95	97	-8.03238
5	31	8.0304
11	37	-8.02972
55	69	8.02783
5	7	-8.02679
3	27	-8.02658
19	97	-8.02541
25	47	-8.0254
11	85	-8.02452
31	81	-8.02441
33	69	8.02431
33	89	-8.02364
41	59	8.02257
27	31	8.02182
29	69	-8.02043
39	63	8.02025
87	91	8.01989
35	85	-8.01955
23	55	-8.01851
35	41	-8.01822
9	39	8.01822
51	77	-8.01663
25	79	-8.01638
69	71	8.01406
5	49	-8.01272
15	27	8.01255
45	95	-8.01233
95	99	-8.0109
55	57	-8.00909
3	73	-8.00748
15	73	8.00706
25	29	8.00548
1	31	8.00538
37	91	8.0047
1	93	-8.00243
47	69	8.00217
34	35	6
18	19	6
58	59	6
88	89	6
48	49	6
50	51	6
90	91	6
28	29	6
20	21	6
92	93	6
36	37	6
56	57	6
52	53	6
94	95	6
74	75	6
70	71	6
54	55	6
96	97	6
30	31	6
46	47	6
86	87	6
24	25	6
78	79	6
16	17	6
38	39	6
40	41	6
80	81	6
66	67	6
42	43	6
82	83	6
68	69	6
32	33	6
64	65	6
62	63	6
14	15	6
72	73	6
76	77	6
84	85	6
60	61	6
44	45	6
26	27	6
22	23	6
0	1	6
98	99	6
6	7	6
8	9	6
12	13	6
2	3	6
4	5	6
10	11	6
53	66	5.99328
52	67	5.99328
3	14	-5.99127
2	15	-5.99127
27	72	5.9881
26	73	5.9881
19	50	5.98583
18	51	5.98583
22	57	5.98566
23	56	5.98566
29	46	-5.97819
28	47	-5.97819
37	60	5.97789
36	61	5.97789
1	26	5.97751
0	27	5.97751
38	53	5.97448
39	52	5.97448
40	45	5.97376
41	44	5.97376
6	49	5.97093
7	48	5.97093
43	80	5.96737
42	81	5.96737
15	92	-5.96664
14	93	-5.96664
45	98	5.96582
44	99	5.96582
64	79	5.96447
65	78	5.96447
88	99	5.96435
89	98	5.96435
1	72	5.95988
0	73	5.95988
76	97	5.9561
77	96	5.9561
89	96	5.9515
88	97	5.9515
9	62	5.95119
8	63	5.95119
63	78	5.95004
62	79	5.95004
41	86	5.94758
40	87	5.94758
38	67	5.94208
39	66	5.94208
61	76	5.93825
60	77	5.93825
41	60	5.93763
40	61	5.93763
65	70	5.93661
64	71	5.93661
2	93	5.93049
3	92	5.93049
45	60	5.92979
44	61	5.92979
34	83	-5.92879
35	82	-5.92879
27	86	5.92869
26	87	5.92869
73	86	5.92594
72	87	5.92594
96	99	5.91793
97	98	5.91793
32	55	5.91519
33	54	5.91519
7	52	5.91459
6	53	5.91459
36	87	5.91399
37	86	5.91399
70	79	5.91371
71	78	5.91371
10	51	5.90858
11	50	5.90858
33	70	5.90756
32	71	5.90756
7	38	5.90372
6	39	5.90372
60	97	5.90301
61	96	5.90301
9	20	5.90191
8	21	5.90191
36	41	5.90098
37	40	5.90098
37	76	5.9
36	77	5.9
6	67	5.89956
7	66	5.89956
18	65	5.89809
19	64	5.89809
6	93	5.89114
7	92	5.89114
61	86	5.88628
60	87	5.88628
12	67	5.8822
13	66	5.8822
41	98	5.88172
40	99	5.88172
3	34	5.87973
2	35	5.87973
16	31	5.87677
17	30	5.87677
44	89	5.87433
45	88	5.87433
44	97	5.87358
45	96	5.87358
1	4	5.87093
0	5	5.87093
38	49	5.86892
39	48	5.86892
19	70	5.86579
18	71	5.86579
75	90	5.86357
74	91	5.86357
61	98	5.86347
60	99	5.86347
4	27	5.86125
5	26	5.86125
33	94	5.85767
32	95	5.85767
31	74	5.85477
30	75	5.85477
45	86	5.85195
44	87	5.85195
37	44	5.85191
36	45	5.85191
67	92	5.85019
66	93	5.85019
11	18	5.8421
10	19	5.8421
62	65	5.83544
63	64	5.83544
48	53	5.83332
49	52	5.83332
0	87	5.83016
1	86	5.83016
50	65	5.82937
51	64	5.82937
13	52	5.82585
12	53	5.82585
77	88	5.82211
76	89	5.82211
57	88	5.81951
56	89	5.81951
63	70	5.8194
62	71	5.8194
9	78	5.81802
8	79	5.81802
59	90	5.81801
58	91	5.81801
52	93	5.81439
53	92	5.81439
77	84	5.81403
76	85	5.81403
45	76	5.81118
44	77	5.81118
15	34	-5.80964
14	35	-5.80964
37	96	5.80898
36	97	5.80898
8	81	5.80732
9	80	5.80732
76	99	5.8042
77	98	5.8042
41	72	5.80076
40	73	5.80076
21	62	5.79959
20	63	5.79959
61	88	5.79567
60	89	5.79567
35	94	5.79542
34	95	5.79542
49	66	5.79526
48	67	5.79526
40	97	5.78786
41	96	5.78786
13	92	5.77838
12	93	5.77838
26	41	5.77532
27	40	5.77532
5	72	5.77496
4	73	5.77496
48	93	5.77482
49	92	5.77482
41	76	5.77273
40	77	5.77273
51	70	5.77053
50	71	5.77053
37	84	5.76878
36	85	5.76878
31	90	5.7673
30	91	5.7673
7	14	-5.76139
6	15	-5.76139
19	78	5.75588
18	79	5.75588
40	89	5.74816
41	88	5.74816
4	87	5.74458
5	86	5.74458
27	36	5.7434
26	37	5.7434
36	99	5.74337
37	98	5.74337
56	99	5.7416
57	98	5.7416
18	33	5.74151
19	32	5.74151
19	94	5.74122
18	95	5.74122
22	89	5.73411
23	88	5.73411
82	95	-5.73029
83	94	-5.73029
21	80	5.72521
20	81	5.72521
52	69	5.71806
53	68	5.71806
39	68	5.71668
38	69	5.71668
10	95	5.71617
11	94	5.71617
32	65	5.71474
33	64	5.71474
39	92	5.70913
38	93	5.70913
54	71	5.70766
55	70	5.70766
51	94	5.7074
50	95	5.7074
36	73	5.70721
37	72	5.70721
55	94	5.70674
54	95	5.70674
3	6	5.70424
2	7	5.70424
66	69	5.70381
67	68	5.70381
60	85	5.7029
61	84	5.7029
29	54	-5.70225
28	55	-5.70225
15	66	-5.69791
14	67	-5.69791
70	95	5.69121
71	94	5.69121
87	98	5.69009
86	99	5.69009
12	15	-5.68795
13	14	-5.68795
13	38	5.68741
12	39	5.68741
76	87	5.68182
77	86	5.68182
20	79	5.67932
21	78	5.67932
3	82	-5.6763
2	83	-5.6763
22	99	5.67325
23	98	5.67325
33	78	5.6716
32	79	5.6716
31	58	5.6679
30	59	5.6679
46	83	-5.66688
47	82	-5.66688
5	36	5.66511
4	37	5.66511
27	60	5.66385
26	61	5.66385
34	93	5.65633
35	92	5.65633
37	88	5.6545
36	89	5.6545
51	78	5.65428
50	79	5.65428
8	43	5.65308
9	42	5.65308
60	73	5.65064
61	72	5.65064
44	73	5.64955
45	72	5.64955
7	12	5.64681
6	13	5.64681
14	53	-5.64434
15	52	-5.64434
32	51	5.64248
33	50	5.64248
13	68	5.63986
12	69	5.63986
8	65	5.63824
9	64	5.63824
21	42	5.63038
20	43	5.63038
0	41	5.62863
1	40	5.62863
14	49	-5.62771
15	48	-5.62771
87	96	5.6227
86	97	5.6227
85	96	5.61698
84	97	5.61698
28	83	5.61667
29	82	5.61667
57	96	5.61515
56	97	5.61515
27	44	5.61276
26	45	5.61276
55	82	-5.61023
54	83	-5.61023
9	70	5.60918
8	71	5.60918
3	66	5.60322
2	67	5.60322
0	37	5.60213
1	36	5.60213
62	81	5.60167
63	80	5.60167
2	13	5.59107
3	12	5.59107
46	55	5.59084
47	54	5.59084
32	63	5.58263
33	62	5.58263
15	82	5.57872
14	83	5.57872
3	48	5.57795
2	49	5.57795
43	84	-5.57541
42	85	-5.57541
24	97	5.56055
25	96	5.56055
44	57	5.5529
45	56	5.5529
2	53	5.54822
3	52	5.54822
81	84	-5.53787
80	85	-5.53787
32	83	-5.53428
33	82	-5.53428
19	62	5.52861
18	63	5.52861
11	64	5.52597
10	65	5.52597
17	74	5.5209
16	75	5.5209
3	94	5.5209
2	95	5.5209
86	89	5.51948
87	88	5.51948
59	74	5.51913
58	75	5.51913
65	94	5.51579
64	95	5.51579
25	88	5.51051
24	89	5.51051
15	38	-5.50994
14	39	-5.50994
4	61	5.5099
5	60	5.5099
4	41	5.50419
5	40	5.50419
23	96	5.50076
22	97	5.50076
1	60	5.49898
0	61	5.49898
21	64	5.49692
20	65	5.49692
10	71	5.49554
11	70	5.49554
25	76	5.49275
24	77	5.49275
23	44	5.48308
22	45	5.48308
17	58	5.48111
16	59	5.48111
16	25	5.48056
17	24	5.48056
85	86	5.47525
84	87	5.47525
32	35	5.46955
33	34	5.46955
12	49	5.46139
13	48	5.46139
11	32	5.46116
10	33	5.46116
41	84	5.43938
40	85	5.43938
0	45	5.43851
1	44	5.43851
4	85	5.43758
5	84	5.43758
72	99	5.43588
73	98	5.43588
55	78	5.42881
54	79	5.42881
35	54	5.42747
34	55	5.42747
55	64	5.42519
54	65	5.42519
19	54	5.42255
18	55	5.42255
15	94	-5.41937
14	95	-5.41937
17	90	5.41782
16	91	5.41782
54	63	5.4162
55	62	5.4162
2	39	5.41271
3	38	5.41271
45	84	5.41181
44	85	5.41181
10	49	5.40665
11	48	5.40665
27	76	5.3988
26	77	5.3988
43	62	5.39762
42	63	5.39762
50	63	5.39575
51	62	5.39575
7	68	5.39344
6	69	5.39344
29	32	-5.39334
28	33	-5.39334
27	98	5.39039
26	99	5.39039
4	29	5.37875
5	28	5.37875
11	34	5.3736
10	35	5.3736
7	34	5.37127
6	35	5.37127
72	77	5.37059
73	76	5.37059
78	95	5.37054
79	94	5.37054
56	77	5.36936
57	76	5.36936
83	92	-5.36516
82	93	-5.36516
21	70	5.36124
20	71	5.36124
84	89	5.36036
85	88	5.36036
35	46	5.35568
34	47	5.35568
41	56	5.35501
40	57	5.35501
9	32	5.34903
8	33	5.34903
84	99	5.34601
85	98	5.34601
16	57	5.33824
17	56	5.33824
0	29	5.33589
1	28	5.33589
56	61	5.33448
57	60	5.33448
25	56	5.3335
24	57	5.3335
78	81	5.33025
79	80	5.33025
24	31	5.32059
25	30	5.32059
5	54	-5.31448
4	55	-5.31448
5	44	5.3136
4	45	5.3136
5	76	5.3053
4	77	5.3053
73	96	5.30517
72	97	5.30517
7	10	5.30467
6	11	5.30467
50	55	5.30247
51	54	5.30247
27	96	5.30074
26	97	5.30074
28	35	-5.29845
29	34	-5.29845
48	69	5.29506
49	68	5.29506
24	99	5.29476
25	98	5.29476
11	78	5.28966
10	79	5.28966
22	41	5.28482
23	40	5.28482
26	85	5.28214
27	84	5.28214
32	47	5.28168
33	46	5.28168
3	10	5.28104
2	11	5.28104
92	95	5.27842
93	94	5.27842
16	23	5.27753
17	22	5.27753
35	48	5.2759
34	49	5.2759
28	95	-5.26608
29	94	-5.26608
8	19	5.25041
9	18	5.25041
23	76	5.24436
22	77	5.24436
24	85	5.24108
25	84	5.24108
68	93	5.24046
69	92	5.24046
19	34	5.23641
18	35	5.23641
22	61	5.23239
23	60	5.23239
9	54	5.23013
8	55	5.23013
10	15	-5.22799
11	14	-5.22799
46	95	5.22509
47	94	5.22509
11	92	5.22494
10	93	5.22494
35	50	5.22123
34	51	5.22123
1	76	5.21741
0	77	5.21741
72	89	5.21502
73	88	5.21502
24	61	5.2106
25	60	5.2106
5	46	-5.20639
4	47	-5.20639
0	47	-5.2025
1	46	-5.2025
0	99	5.19619
1	98	5.19619
72	85	5.19129
73	84	5.19129
23	24	5.18713
22	25	5.18713
62	95	5.18198
63	94	5.18198
71	82	-5.18112
70	83	-5.18112
26	89	5.1787
27	88	5.1787
35	66	5.1671
34	67	5.1671
34	71	5.16613
35	70	5.16613
12	35	5.15745
13	34	5.15745
0	85	5.15126
1	84	5.15126
10	83	-5.14785
11	82	-5.14785
27	28	5.14758
26	29	5.14758
36	57	5.13827
37	56	5.13827
25	44	5.13484
24	45	5.13484
10	55	5.13068
11	54	5.13068
19	82	-5.11813
18	83	-5.11813
34	53	5.11118
35	52	5.11118
7	94	5.11022
6	95	5.11022
4	97	5.10871
5	96	5.10871
8	51	5.10773
9	50	5.10773
42	79	5.10649
43	78	5.10649
25	74	5.10619
24	75	5.10619
49	94	5.10501
48	95	5.10501
0	97	5.10389
1	96	5.10389
4	81	-5.09871
5	80	-5.09871
70	81	5.08899
71	80	5.08899
24	37	5.08598
25	36	5.08598
19	20	5.08381
18	21	5.08381
4	99	5.07887
5	98	5.07887
64	81	5.07453
65	80	5.07453
50	83	-5.0673
51	82	-5.0673
29	72	5.06728
28	73	5.06728
9	84	-5.05978
8	85	-5.05978
3	32	5.05945
2	33	5.05945
43	76	-5.04726
42	77	-5.04726
56	87	5.04568
57	86	5.04568
17	88	5.04426
16	89	5.04426
21	32	5.0382
20	33	5.0382
22	37	5.03655
23	36	5.03655
1	54	-5.03512
0	55	-5.03512
36	81	-5.03383
37	80	-5.03383
29	70	-5.0316
28	71	-5.0316
2	51	5.02947
3	50	5.02947
7	82	-5.02551
6	83	-5.02551
14	69	-5.02041
15	68	-5.02041
4	33	-5.01245
5	32	-5.01245
36	43	-5.00989
37	42	-5.00989
48	51	5.007
49	50	5.007
27	46	-5.00455
26	47	-5.00455
77	80	-5.00049
76	81	-5.00049
2	19	4.99966
3	18	4.99966
10	63	4.99633
11	62	4.99633
24	41	4.98352
25	40	4.98352
5	8	-4.98286
4	9	-4.98286
34	39	4.98227
35	38	4.98227
0	89	4.97682
1	88	4.97682
4	43	-4.97575
5	42	-4.97575
23	86	4.97321
22	87	4.97321
5	62	-4.97174
4	63	-4.97174
21	50	4.96456
20	51	4.96456
2	55	4.96225
3	54	4.96225
34	65	4.96024
35	64	4.96024
14	51	-4.95972
15	50	-4.95972
2	47	4.95363
3	46	4.95363
14	33	-4.94043
15	32	-4.94043
46	73	-4.93534
47	72	-4.93534
11	38	4.93265
10	39	4.93265
49	82	-4.93206
48	83	-4.93206
11	52	4.92995
10	53	4.92995
7	50	4.92067
6	51	4.92067
15	18	-4.92044
14	19	-4.92044
64	83	-4.91794
65	82	-4.91794
10	67	4.91576
11	66	4.91576
68	97	-4.91488
69	96	-4.91488
31	56	4.91409
30	57	4.91409
50	93	4.91237
51	92	4.91237
5	88	4.90542
4	89	4.90542
8	95	4.9045
9	94	4.9045
61	80	-4.90393
60	81	-4.90393
47	70	4.90365
46	71	4.90365
54	81	4.90293
55	80	4.90293
68	77	-4.9021
69	76	-4.9021
26	55	-4.90131
27	54	-4.90131
43	60	-4.89887
42	61	-4.89887
5	70	-4.8929
4	71	-4.8929
17	96	4.89277
16	97	4.89277
3	68	4.89275
2	69	4.89275
18	49	4.88601
19	48	4.88601
33	80	4.88555
32	81	4.88555
61	68	-4.88523
60	69	-4.88523
13	82	-4.88219
12	83	-4.88219
68	89	-4.88186
69	88	-4.88186
13	56	-4.88129
12	57	-4.88129
21	54	4.87858
20	55	4.87858
21	84	-4.8748
20	85	-4.8748
69	98	-4.87459
68	99	-4.87459
24	39	-4.86734
25	38	-4.86734
12	23	-4.86496
13	22	-4.86496
44	69	-4.86369
45	68	-4.86369
2	29	-4.86133
3	28	-4.86133
23	30	4.85204
22	31	4.85204
43	70	4.84897
42	71	4.84897
18	93	4.84832
19	92	4.84832
42	65	4.84734
43	64	4.84734
62	85	-4.84681
63	84	-4.84681
6	25	-4.84423
7	24	-4.84423
25	48	-4.84398
24	49	-4.84398
37	68	-4.8417
36	69	-4.8417
56	85	4.84149
57	84	4.84149
15	46	-4.84094
14	47	-4.84094
78	83	-4.83795
79	82	-4.83795
66	83	-4.83696
67	82	-4.83696
15	54	-4.83584
14	55	-4.83584
24	53	-4.8316
25	52	-4.8316
35	78	4.82909
34	79	4.82909
41	68	-4.82727
40	69	-4.82727
7	18	4.81594
6	19	4.81594
16	99	4.81577
17	98	4.81577
42	97	-4.81555
43	96	-4.81555
12	89	-4.81524
13	88	-4.81524
3	70	4.81089
2	71	4.81089
4	79	-4.80768
5	78	-4.80768
28	87	4.80159
29	86	4.80159
24	67	-4.80034
25	66	-4.80034
3	16	-4.79762
2	17	-4.79762
55	72	-4.79295
54	73	-4.79295
11	74	-4.79272
10	75	-4.79272
67	88	-4.78883
66	89	-4.78883
14	17	4.78792
15	16	4.78792
25	86	4.78725
24	87	4.78725
67	94	4.78486
66	95	4.78486
80	87	-4.77991
81	86	-4.77991
56	73	4.77815
57	72	4.77815
18	29	-4.77767
19	28	-4.77767
17	92	-4.7772
16	93	-4.7772
53	82	-4.77676
52	83	-4.77676
33	92	4.77305
32	93	4.77305
52	89	-4.77253
53	88	-4.77253
13	98	-4.76469
12	99	-4.76469
16	35	-4.76434
17	34	-4.76434
52	97	-4.76414
53	96	-4.76414
80	97	-4.76331
81	96	-4.76331
66	97	-4.76104
67	96	-4.76104
53	94	4.75796
52	95	4.75796
28	63	-4.7574
29	62	-4.7574
57	66	-4.75139
56	67	-4.75139
62	83	-4.74925
63	82	-4.74925
39	96	-4.74885
38	97	-4.74885
30	95	-4.74802
31	94	-4.74802
51	74	-4.74671
50	75	-4.74671
69	86	-4.74591
68	87	-4.74591
14	29	4.74458
15	28	4.74458
90	95	-4.7406
91	94	-4.7406
23	84	4.73523
22	85	4.73523
69	84	-4.73411
68	85	-4.73411
18	75	-4.73128
19	74	-4.73128
33	90	-4.72949
32	91	-4.72949
23	72	4.72858
22	73	4.72858
0	33	-4.72793
1	32	-4.72793
29	78	-4.72629
28	79	-4.72629
12	97	-4.72062
13	96	-4.72062
29	64	-4.72018
28	65	-4.72018
39	88	-4.72
38	89	-4.72
43	86	-4.7195
42	87	-4.7195
54	59	-4.71766
55	58	-4.71766
38	77	-4.71429
39	76	-4.71429
26	81	-4.71337
27	80	-4.71337
8	37	-4.71331
9	36	-4.71331
14	71	-4.7118
15	70	-4.7118
27	56	4.71179
26	57	4.71179
59	94	-4.70894
58	95	-4.70894
24	91	4.70871
25	90	4.70871
75	94	-4.70835
74	95	-4.70835
33	58	-4.70763
32	59	-4.70763
6	17	-4.70748
7	16	-4.70748
71	90	-4.70601
70	91	-4.70601
25	92	-4.70577
24	93	-4.70577
53	56	-4.70473
52	57	-4.70473
9	10	4.70299
8	11	4.70299
57	68	-4.70233
56	69	-4.70233
56	93	-4.7007
57	92	-4.7007
18	91	-4.6999
19	90	-4.6999
42	55	4.69937
43	54	4.69937
29	50	-4.69884
28	51	-4.69884
67	98	-4.69727
66	99	-4.69727
52	77	-4.69657
53	76	-4.69657
10	13	4.69645
11	12	4.69645
22	67	-4.69371
23	66	-4.69371
31	34	-4.69364
30	35	-4.69364
2	65	4.6933
3	64	4.6933
18	47	4.69015
19	46	4.69015
16	77	4.68932
17	76	4.68932
5	64	-4.68704
4	65	-4.68704
13	94	4.68696
12	95	4.68696
39	94	4.68559
38	95	4.68559
21	94	4.68478
20	95	4.68478
31	88	4.68438
30	89	4.68438
41	80	-4.68411
40	81	-4.68411
35	62	4.68046
34	63	4.68046
52	99	-4.67829
53	98	-4.67829
66	77	-4.67789
67	76	-4.67789
51	90	-4.67183
50	91	-4.67183
14	57	4.66915
15	56	4.66915
25	42	-4.66882
24	43	-4.66882
17	66	-4.66425
16	67	-4.66425
1	80	-4.66423
0	81	-4.66423
22	93	-4.66393
23	92	-4.66393
33	42	4.66056
32	43	4.66056
12	45	-4.66048
13	44	-4.66048
46	87	-4.66009
47	86	-4.66009
11	30	-4.6595
10	31	-4.6595
3	30	-4.65936
2	31	-4.65936
19	80	4.65903
18	81	4.65903
10	29	-4.6589
11	28	-4.6589
24	69	-4.6586
25	68	-4.6586
11	90	-4.65753
10	91	-4.65753
8	29	-4.65551
9	28	-4.65551
23	26	4.65495
22	27	4.65495
7	30	-4.65368
6	31	-4.65368
16	53	-4.65357
17	52	-4.65357
39	82	-4.65138
38	83	-4.65138
41	42	-4.64904
40	43	-4.64904
15	22	4.6486
14	23	4.6486
30	49	-4.64746
31	48	-4.64746
16	83	4.64605
17	82	4.64605
23	68	-4.64336
22	69	-4.64336
17	48	-4.64269
16	49	-4.64269
16	95	-4.64235
17	94	-4.64235
55	86	-4.64232
54	87	-4.64232
22	53	-4.64009
23	52	-4.64009
55	92	4.63995
54	93	4.63995
44	81	-4.63856
45	80	-4.63856
30	93	-4.63697
31	92	-4.63697
34	59	-4.63696
35	58	-4.63696
14	31	4.63527
15	30	4.63527
59	82	4.63405
58	83	4.63405
27	42	-4.63027
26	43	-4.63027
47	62	4.63004
46	63	4.63004
11	46	4.62981
10	47	4.62981
4	21	-4.62945
5	20	-4.62945
47	50	4.62528
46	51	4.62528
64	91	-4.62514
65	90	-4.62514
43	44	-4.62471
42	45	-4.62471
38	99	-4.62429
39	98	-4.62429
4	83	4.62416
5	82	4.62416
27	32	-4.6202
26	33	-4.6202
14	65	-4.6185
15	64	-4.6185
47	92	4.61678
46	93	4.61678
3	56	-4.61642
2	57	-4.61642
59	68	-4.61231
58	69	-4.61231
17	38	-4.61063
16	39	-4.61063
42	89	-4.60903
43	88	-4.60903
1	70	-4.60881
0	71	-4.60881
54	91	-4.60713
55	90	-4.60713
47	64	4.60672
46	65	4.60672
32	49	4.60633
33	48	4.60633
0	63	-4.60511
1	62	-4.60511
46	79	4.60488
47	78	4.60488
28	37	4.60479
29	36	4.60479
73	80	-4.60419
72	81	-4.60419
7	32	4.60127
6	33	4.60127
26	63	-4.60045
27	62	-4.60045
9	26	-4.59983
8	27	-4.59983
2	23	-4.59943
3	22	-4.59943
39	56	-4.59915
38	57	-4.59915
14	25	4.59854
15	24	4.59854
37	62	-4.59808
36	63	-4.59808
8	87	-4.598
9	86	-4.598
71	74	-4.59758
70	75	-4.59758
44	67	-4.59691
45	66	-4.59691
49	74	-4.59627
48	75	-4.59627
13	76	-4.59576
12	77	-4.59576
88	93	-4.59407
89	92	-4.59407
7	88	-4.59404
6	89	-4.59404
32	75	-4.59304
33	74	-4.59304
16	45	4.59088
17	44	4.59088
42	99	-4.58917
43	98	-4.58917
5	94	-4.58908
4	95	-4.58908
8	61	-4.58807
9	60	-4.58807
57	74	4.58654
56	75	4.58654
45	52	-4.58495
44	53	-4.58495
71	92	4.58458
70	93	4.58458
8	83	-4.58366
9	82	-4.58366
50	67	4.58354
51	66	4.58354
12	25	-4.58153
13	24	-4.58153
0	9	-4.58105
1	8	-4.58105
50	53	4.58097
51	52	4.58097
53	60	-4.5805
52	61	-4.5805
9	76	-4.58013
8	77	-4.58013
6	97	-4.58011
7	96	-4.58011
31	96	4.57927
30	97	4.57927
38	61	-4.57921
39	60	-4.57921
65	74	-4.57906
64	75	-4.57906
0	43	-4.57791
1	42	-4.57791
81	98	-4.57759
80	99	-4.57759
69	72	-4.57717
68	73	-4.57717
31	82	4.5768
30	83	4.5768
79	84	-4.57651
78	85	-4.57651
11	20	4.57438
10	21	4.57438
13	16	-4.57378
12	17	-4.57378
28	81	-4.57346
29	80	-4.57346
60	67	-4.57327
61	66	-4.57327
31	32	-4.57305
30	33	-4.57305
26	69	-4.57244
27	68	-4.57244
79	90	-4.57223
78	91	-4.57223
6	57	-4.57165
7	56	-4.57165
31	50	-4.56766
30	51	-4.56766
24	59	4.56701
25	58	4.56701
19	30	-4.56395
18	31	-4.56395
80	89	-4.56365
81	88	-4.56365
39	50	4.56066
38	51	4.56066
59	70	-4.56027
58	71	-4.56027
12	61	-4.55999
13	60	-4.55999
39	84	-4.55978
38	85	-4.55978
3	24	-4.55847
2	25	-4.55847
37	54	-4.55772
36	55	-4.55772
20	23	-4.55471
21	22	-4.55471
55	84	-4.55295
54	85	-4.55295
30	39	-4.55274
31	38	-4.55274
62	87	-4.5513
63	86	-4.5513
2	79	4.55043
3	78	4.55043
12	41	-4.55028
13	40	-4.55028
9	46	4.54765
8	47	4.54765
38	45	-4.54719
39	44	-4.54719
30	53	-4.54568
31	52	-4.54568
27	70	-4.54558
26	71	-4.54558
22	75	4.54094
23	74	4.54094
32	73	-4.53721
33	72	-4.53721
7	74	-4.53621
6	75	-4.53621
1	56	4.5358
0	57	4.5358
31	66	-4.53204
30	67	-4.53204
63	72	-4.529
62	73	-4.529
28	93	-4.52879
29	92	-4.52879
43	72	-4.52832
42	73	-4.52832
1	78	-4.52738
0	79	-4.52738
64	93	4.52701
65	92	4.52701
51	80	4.52657
50	81	4.52657
3	58	-4.52618
2	59	-4.52618
23	38	-4.5252
22	39	-4.5252
20	37	-4.52396
21	36	-4.52396
8	73	-4.51749
9	72	-4.51749
28	41	4.51652
29	40	4.51652
35	90	-4.51567
34	91	-4.51567
93	96	-4.51556
92	97	-4.51556
25	80	-4.51517
24	81	-4.51517
4	19	-4.51477
5	18	-4.51477
25	72	4.51047
24	73	4.51047
48	97	-4.50985
49	96	-4.50985
26	79	-4.50957
27	78	-4.50957
36	39	-4.50914
37	38	-4.50914
6	77	-4.50855
7	76	-4.50855
6	23	-4.50832
7	22	-4.50832
29	58	4.50723
28	59	4.50723
0	83	4.50705
1	82	4.50705
25	26	4.50316
24	27	4.50316
16	61	4.50206
17	60	4.50206
48	71	4.50129
49	70	4.50129
17	68	-4.50121
16	69	-4.50121
8	41	-4.50018
9	40	-4.50018
48	89	-4.49945
49	88	-4.49945
15	58	4.49847
14	59	4.49847
35	74	-4.49844
34	75	-4.49844
18	67	4.49795
19	66	4.49795
15	88	4.49737
14	89	4.49737
47	80	4.4965
46	81	4.4965
48	91	-4.49636
49	90	-4.49636
37	52	-4.49508
36	53	-4.49508
41	66	-4.49489
40	67	-4.49489
63	90	-4.49432
62	91	-4.49432
28	43	-4.49362
29	42	-4.49362
40	53	-4.48926
41	52	-4.48926
18	53	4.48901
19	52	4.48901
31	98	4.48888
30	99	4.48888
8	35	4.48831
9	34	4.48831
1	22	4.4876
0	23	4.4876
49	64	4.48744
48	65	4.48744
70	73	-4.48702
71	72	-4.48702
53	84	-4.487
52	85	-4.487
20	83	-4.4865
21	82	-4.4865
38	59	-4.4847
39	58	-4.4847
10	17	-4.48372
11	16	-4.48372
59	92	-4.48358
58	93	-4.48358
1	64	-4.48319
0	65	-4.48319
12	51	4.48288
13	50	4.48288
36	67	-4.48137
37	66	-4.48137
15	78	-4.47902
14	79	-4.47902
53	58	-4.47833
52	59	-4.47833
7	98	-4.4764
6	99	-4.4764
92	99	-4.47624
93	98	-4.47624
30	71	-4.4761
31	70	-4.4761
75	78	-4.47384
74	79	-4.47384
61	62	-4.47367
60	63	-4.47367
56	59	4.47132
57	58	4.47132
6	71	4.47074
7	70	4.47074
20	77	-4.4702
21	76	-4.4702
22	59	4.46896
23	58	4.46896
73	78	-4.4688
72	79	-4.4688
58	67	-4.46849
59	66	-4.46849
7	58	-4.46753
6	59	-4.46753
39	40	-4.46648
38	41	-4.46648
37	46	-4.46623
36	47	-4.46623
6	91	-4.46449
7	90	-4.46449
4	69	-4.46443
5	68	-4.46443
1	68	-4.46356
0	69	-4.46356
30	55	-4.46346
31	54	-4.46346
71	84	-4.46333
70	85	-4.46333
48	77	-4.46201
49	76	-4.46201
19	58	-4.46072
18	59	-4.46072
29	84	4.46002
28	85	4.46002
19	38	4.45889
18	39	4.45889
21	60	-4.45705
20	61	-4.45705
29	60	4.45559
28	61	4.45559
46	59	-4.45551
47	58	-4.45551
18	43	4.45531
19	42	4.45531
43	46	4.45501
42	47	4.45501
13	36	-4.45432
12	37	-4.45432
27	64	-4.45192
26	65	-4.45192
20	57	-4.45053
21	56	-4.45053
35	68	4.44967
34	69	4.44967
82	91	4.44928
83	90	4.44928
67	84	-4.44602
66	85	-4.44602
75	88	4.44552
74	89	4.44552
7	64	4.44514
6	65	4.44514
48	57	-4.44493
49	56	-4.44493
9	44	-4.44484
8	45	-4.44484
2	75	-4.43941
3	74	-4.43941
78	87	-4.43938
79	86	-4.43938
40	63	-4.43853
41	62	-4.43853
38	75	-4.4379
39	74	-4.4379
81	94	4.43705
80	95	4.43705
56	91	4.43673
57	90	4.43673
65	72	-4.43388
64	73	-4.43388
39	90	-4.43385
38	91	-4.43385
74	93	-4.43313
75	92	-4.43313
48	59	-4.43192
49	58	-4.43192
21	34	4.42986
20	35	4.42986
30	77	4.42964
31	76	4.42964
7	54	4.4294
6	55	4.4294
3	88	-4.42919
2	89	-4.42919
12	19	4.42856
13	18	4.42856
22	91	4.4276
23	90	4.4276
63	76	-4.42401
62	77	-4.42401
55	74	-4.42255
54	75	-4.42255
5	56	4.42089
4	57	4.42089
36	79	-4.41991
37	78	-4.41991
5	50	-4.41938
4	51	-4.41938
23	42	-4.41847
22	43	-4.41847
10	59	-4.4182
11	58	-4.4182
0	95	-4.41595
1	94	-4.41595
16	41	4.41594
17	40	4.41594
32	87	-4.41559
33	86	-4.41559
17	32	-4.41513
16	33	-4.41513
20	87	-4.41424
21	86	-4.41424
21	28	-4.41373
20	29	-4.41373
50	59	-4.41371
51	58	-4.41371
14	75	4.4129
15	74	4.4129
2	91	-4.41273
3	90	-4.41273
49	54	4.41236
48	55	4.41236
21	44	-4.40926
20	45	-4.40926
9	96	-4.40787
8	97	-4.40787
43	56	-4.4074
42	57	-4.4074
32	85	-4.40719
33	84	-4.40719
21	40	-4.40686
20	41	-4.40686
0	19	-4.40684
1	18	-4.40684
31	68	-4.40579
30	69	-4.40579
70	87	-4.40457
71	86	-4.40457
21	98	-4.40132
20	99	-4.40132
40	47	-4.39998
41	46	-4.39998
14	97	4.39953
15	96	4.39953
76	93	-4.39884
77	92	-4.39884
59	64	-4.39758
58	65	-4.39758
3	62	4.39601
2	63	4.39601
54	61	-4.39598
55	60	-4.39598
30	65	-4.39294
31	64	-4.39294
4	25	4.3909
5	24	4.3909
91	92	-4.39057
90	93	-4.39057
35	56	-4.38989
34	57	-4.38989
41	54	-4.38919
40	55	-4.38919
49	98	-4.38837
48	99	-4.38837
11	24	-4.388
10	25	-4.388
13	20	4.38648
12	21	4.38648
22	35	-4.38642
23	34	-4.38642
53	74	-4.38607
52	75	-4.38607
68	91	-4.38525
69	90	-4.38525
74	83	4.38408
75	82	4.38408
52	91	-4.3835
53	90	-4.3835
13	86	-4.38301
12	87	-4.38301
64	85	-4.38283
65	84	-4.38283
14	91	4.38257
15	90	4.38257
23	80	-4.38198
22	81	-4.38198
14	99	4.38189
15	98	4.38189
23	48	-4.37997
22	49	-4.37997
79	92	4.37832
78	93	4.37832
58	79	-4.37671
59	78	-4.37671
9	98	-4.37666
8	99	-4.37666
20	47	4.37508
21	46	4.37508
6	45	-4.37367
7	44	-4.37367
0	51	-4.37218
1	50	-4.37218
0	25	4.37146
1	24	4.37146
12	59	-4.37125
13	58	-4.37125
74	97	4.37057
75	96	4.37057
44	63	-4.3699
45	62	-4.3699
20	97	-4.369
21	96	-4.369
6	61	-4.3683
7	60	-4.3683
12	31	-4.36604
13	30	-4.36604
5	34	-4.36598
4	35	-4.36598
7	46	4.36568
6	47	4.36568
25	34	-4.36354
24	35	-4.36354
9	90	-4.36283
8	91	-4.36283
17	50	-4.36238
16	51	-4.36238
64	87	-4.36222
65	86	-4.36222
4	23	4.36195
5	22	4.36195
16	37	4.36165
17	36	4.36165
57	80	-4.36104
56	81	-4.36104
20	27	-4.36066
21	26	-4.36066
27	82	4.3604
26	83	4.3604
37	70	-4.35969
36	71	-4.35969
17	54	-4.35745
16	55	-4.35745
10	69	4.3567
11	68	4.3567
17	18	-4.35625
16	19	-4.35625
33	36	-4.35609
32	37	-4.35609
66	75	-4.35363
67	74	-4.35363
52	87	-4.35361
53	86	-4.35361
66	91	-4.35293
67	90	-4.35293
39	86	-4.35224
38	87	-4.35224
59	62	-4.35084
58	63	-4.35084
19	72	-4.35062
18	73	-4.35062
67	86	-4.3502
66	87	-4.3502
40	79	-4.35015
41	78	-4.35015
46	85	-4.34967
47	84	-4.34967
21	88	-4.34895
20	89	-4.34895
17	84	4.34881
16	85	4.34881
18	27	-4.34809
19	26	-4.34809
45	92	-4.34785
44	93	-4.34785
62	75	-4.34421
63	74	-4.34421
43	50	4.34332
42	51	4.34332
43	68	4.34326
42	69	4.34326
29	44	4.3431
28	45	4.3431
46	49	4.34244
47	48	4.34244
32	67	4.3377
33	66	4.3377
8	23	-4.33754
9	22	-4.33754
47	60	-4.33665
46	61	-4.33665
51	72	-4.33614
50	73	-4.33614
3	96	-4.33252
2	97	-4.33252
80	83	-4.33193
81	82	-4.33193
14	63	-4.33024
15	62	-4.33024
7	84	-4.32869
6	85	-4.32869
48	85	-4.32851
49	84	-4.32851
75	98	4.32799
74	99	4.32799
3	20	4.32462
2	21	4.32462
61	78	-4.32259
60	79	-4.32259
0	21	-4.32237
1	20	-4.32237
30	45	4.32142
31	44	4.32142
13	84	-4.31877
12	85	-4.31877
21	72	-4.31804
20	73	-4.31804
27	50	-4.31551
26	51	-4.31551
32	53	4.31548
33	52	4.31548
49	60	-4.31473
48	61	-4.31473
3	98	-4.31468
2	99	-4.31468
69	80	4.30844
68	81	4.30844
9	88	-4.30833
8	89	-4.30833
27	94	-4.30662
26	95	-4.30662
15	20	-4.30601
14	21	-4.30601
45	48	-4.3043
44	49	-4.3043
31	78	-4.30322
30	79	-4.30322
13	32	4.29939
12	33	4.29939
48	79	4.29922
49	78	4.29922
72	83	4.29836
73	82	4.29836
6	29	-4.29737
7	28	-4.29737
36	65	-4.29671
37	64	-4.29671
61	92	-4.29415
60	93	-4.29415
44	79	-4.29127
45	78	-4.29127
63	98	-4.29123
62	99	-4.29123
6	37	-4.28872
7	36	-4.28872
13	64	4.28868
12	65	4.28868
40	65	-4.28721
41	64	-4.28721
29	76	4.28637
28	77	4.28637
7	40	-4.28182
6	41	-4.28182
17	70	-4.27946
16	71	-4.27946
29	48	-4.27882
28	49	-4.27882
63	96	-4.2787
62	97	-4.2787
14	77	4.27856
15	76	4.27856
55	76	-4.27829
54	77	-4.27829
23	82	4.2776
22	83	4.2776
12	47	4.2774
13	46	4.2774
7	78	4.27503
6	79	4.27503
43	94	4.27328
42	95	4.27328
29	90	4.27288
28	91	4.27288
16	47	-4.26967
17	46	-4.26967
57	82	4.26836
56	83	4.26836
9	56	-4.26714
8	57	-4.26714
22	63	-4.2661
23	62	-4.2661
41	70	-4.26559
40	71	-4.26559
33	38	4.26411
32	39	4.26411
30	61	4.26389
31	60	4.26389
74	77	4.26233
75	76	4.26233
42	83	-4.26226
43	82	-4.26226
22	79	-4.26191
23	78	-4.26191
5	58	4.26022
4	59	4.26022
1	10	-4.26005
0	11	-4.26005
72	95	-4.25974
73	94	-4.25974
1	34	-4.2597
0	35	-4.2597
2	9	4.25869
3	8	4.25869
24	95	-4.25621
25	94	-4.25621
14	45	4.25375
15	44	4.25375
8	59	-4.25036
9	58	-4.25036
77	78	-4.2494
76	79	-4.2494
17	28	4.2488
16	29	4.2488
45	46	-4.24811
44	47	-4.24811
37	48	-4.24805
36	49	-4.24805
29	30	4.24761
28	31	4.24761
44	55	-4.24706
45	54	-4.24706
61	70	-4.2463
60	71	-4.2463
69	74	-4.24282
68	75	-4.24282
65	66	4.24136
64	67	4.24136
31	46	-4.24064
30	47	-4.24064
41	92	-4.23955
40	93	-4.23955
22	65	-4.23792
23	64	-4.23792
5	10	-4.23757
4	11	-4.23757
39	42	4.23553
38	43	4.23553
67	70	4.23442
66	71	4.23442
45	64	-4.23418
44	65	-4.23418
44	75	4.23146
45	74	4.23146
13	70	4.23131
12	71	4.23131
11	72	-4.23053
10	73	-4.23053
41	48	-4.2305
40	49	-4.2305
13	72	-4.23049
12	73	-4.23049
32	41	-4.22909
33	40	-4.22909
20	91	-4.22907
21	90	-4.22907
63	92	4.22844
62	93	4.22844
18	87	-4.22839
19	86	-4.22839
33	60	-4.22837
32	61	-4.22837
55	66	4.22792
54	67	4.22792
11	80	4.22779
10	81	4.22779
47	66	4.22587
46	67	4.22587
68	83	-4.22538
69	82	-4.22538
88	91	4.2252
89	90	4.2252
79	98	-4.2251
78	99	-4.2251
13	78	4.22396
12	79	4.22396
20	93	4.22329
21	92	4.22329
46	91	-4.22298
47	90	-4.22298
17	86	4.22235
16	87	4.22235
53	64	4.22141
52	65	4.22141
61	64	-4.22071
60	65	-4.22071
21	68	4.21941
20	69	4.21941
3	76	-4.21839
2	77	-4.21839
53	70	4.21741
52	71	4.21741
13	54	4.21603
12	55	4.21603
9	14	-4.21203
8	15	-4.21203
9	74	-4.20923
8	75	-4.20923
63	88	-4.20786
62	89	-4.20786
36	93	-4.20557
37	92	-4.20557
30	63	-4.2054
31	62	-4.2054
30	85	4.20405
31	84	4.20405
52	55	4.20337
53	54	4.20337
13	26	-4.20307
12	27	-4.20307
58	89	4.20298
59	88	4.20298
51	86	-4.20262
50	87	-4.20262
38	73	-4.20236
39	72	-4.20236
31	40	4.20156
30	41	4.20156
35	80	4.20016
34	81	4.20016
17	64	-4.19993
16	65	-4.19993
13	28	-4.19897
12	29	-4.19897
11	26	-4.19783
10	27	-4.19783
57	62	-4.19514
56	63	-4.19514
53	72	-4.1951
52	73	-4.1951
46	53	4.19503
47	52	4.19503
2	45	-4.19337
3	44	-4.19337
24	51	-4.19329
25	50	-4.19329
14	61	4.19266
15	60	4.19266
25	82	4.1926
24	83	4.1926
47	76	-4.19244
46	77	-4.19244
27	38	-4.19095
26	39	-4.19095
67	72	-4.19046
66	73	-4.19046
35	88	-4.18911
34	89	-4.18911
28	99	4.18744
29	98	4.18744
57	78	-4.18536
56	79	-4.18536
68	95	4.1848
69	94	4.1848
12	91	-4.18479
13	90	-4.18479
45	70	-4.18465
44	71	-4.18465
39	64	4.18172
38	65	4.18172
38	71	4.18067
39	70	4.18067
26	53	-4.18056
27	52	-4.18056
84	93	-4.17786
85	92	-4.17786
65	98	-4.17693
64	99	-4.17693
43	52	4.17638
42	53	4.17638
23	50	-4.17628
22	51	-4.17628
29	96	4.17553
28	97	4.17553
27	66	-4.17429
26	67	-4.17429
12	43	4.17278
13	42	4.17278
28	75	4.17213
29	74	4.17213
71	76	-4.17052
70	77	-4.17052
30	37	4.16868
31	36	4.16868
18	23	-4.16803
19	22	-4.16803
57	64	-4.16717
56	65	-4.16717
7	86	-4.16667
6	87	-4.16667
18	41	-4.16607
19	40	-4.16607
51	68	4.16593
50	69	4.16593
41	74	4.16466
40	75	4.16466
13	74	-4.16186
12	75	-4.16186
28	67	-4.16159
29	66	-4.16159
11	22	-4.16111
10	23	-4.16111
41	50	-4.16
40	51	-4.16
79	96	-4.15713
78	97	-4.15713
39	80	4.15656
38	81	4.15656
27	34	-4.15646
26	35	-4.15646
61	74	4.15626
60	75	4.15626
11	56	-4.15582
10	57	-4.15582
82	87	4.15579
83	86	4.15579
42	67	4.15576
43	66	4.15576
14	41	4.15419
15	40	4.15419
46	75	-4.15337
47	74	-4.15337
8	13	4.15308
9	12	4.15308
23	94	-4.15276
22	95	-4.15276
39	54	4.15247
38	55	4.15247
19	84	-4.15073
18	85	-4.15073
33	76	-4.15048
32	77	-4.15048
56	95	-4.1497
57	94	-4.1497
21	66	4.1493
20	67	4.1493
12	63	4.14929
13	62	4.14929
91	96	4.14768
90	97	4.14768
55	96	-4.14741
54	97	-4.14741
38	47	4.14714
39	46	4.14714
18	25	-4.14644
19	24	-4.14644
1	58	4.14214
0	59	4.14214
80	91	-4.1421
81	90	-4.1421
8	69	4.14047
9	68	4.14047
2	61	-4.13936
3	60	-4.13936
90	99	4.13936
91	98	4.13936
87	94	-4.1388
86	95	-4.1388
64	77	-4.13879
65	76	-4.13879
35	42	4.13859
34	43	4.13859
51	56	-4.13818
50	57	-4.13818
49	86	-4.138
48	87	-4.138
78	89	-4.13739
79	88	-4.13739
66	79	4.13591
67	78	4.13591
20	25	-4.13572
21	24	-4.13572
29	52	-4.1351
28	53	-4.1351
9	24	-4.13479
8	25	-4.13479
48	63	4.13443
49	62	4.13443
20	75	-4.13422
21	74	-4.13422
16	79	-4.13293
17	78	-4.13293
13	80	4.13191
12	81	4.13191
19	36	-4.13047
18	37	-4.13047
33	44	-4.13044
32	45	-4.13044
44	51	-4.12714
45	50	-4.12714
59	96	4.12686
58	97	4.12686
8	93	4.12623
9	92	4.12623
19	56	-4.12513
18	57	-4.12513
18	45	-4.12461
19	44	-4.12461
7	62	4.12411
6	63	4.12411
55	98	-4.12215
54	99	-4.12215
5	90	4.12188
4	91	4.12188
4	39	-4.12081
5	38	-4.12081
47	98	-4.12079
46	99	-4.12079
0	39	-4.11903
1	38	-4.11903
0	13	-4.1186
1	12	-4.1186
23	70	-4.11782
22	71	-4.11782
35	96	-4.11734
34	97	-4.11734
15	36	4.11711
14	37	4.11711
35	72	-4.11628
34	73	-4.11628
72	75	4.11444
73	74	4.11444
86	93	-4.11423
87	92	-4.11423
53	78	4.1141
52	79	4.1141
21	52	4.11379
20	53	4.11379
20	59	-4.11231
21	58	-4.11231
74	85	4.11223
75	84	4.11223
52	81	4.1102
53	80	4.1102
11	42	4.1098
10	43	4.1098
19	68	4.10974
18	69	4.10974
71	98	-4.10887
70	99	-4.10887
59	80	-4.10745
58	81	-4.10745
47	96	-4.10566
46	97	-4.10566
2	41	-4.10508
3	40	-4.10508
59	98	4.10426
58	99	4.10426
84	95	-4.1038
85	94	-4.1038
0	53	-4.10354
1	52	-4.10354
35	98	-4.10287
34	99	-4.10287
4	53	-4.1015
5	52	-4.1015
11	86	-4.09975
10	87	-4.09975
29	88	4.09948
28	89	4.09948
51	98	-4.09923
50	99	-4.09923
9	30	-4.09759
8	31	-4.09759
2	5	-4.09666
3	4	-4.09666
1	66	-4.09639
0	67	-4.09639
42	49	4.09615
43	48	4.09615
27	58	4.09595
26	59	4.09595
67	80	4.09552
66	81	4.09552
64	89	-4.0937
65	88	-4.0937
29	38	-4.09286
28	39	-4.09286
11	88	-4.09218
10	89	-4.09218
4	67	-4.09148
5	66	-4.09148
36	51	-4.0911
37	50	-4.0911
36	83	4.08979
37	82	4.08979
18	99	-4.08908
19	98	-4.08908
37	74	4.08863
36	75	4.08863
36	95	-4.08725
37	94	-4.08725
51	84	-4.08703
50	85	-4.08703
11	40	-4.08668
10	41	-4.08668
74	87	4.08645
75	86	4.08645
15	84	4.08552
14	85	4.08552
5	12	-4.08546
4	13	-4.08546
11	98	-4.08451
10	99	-4.08451
17	72	4.08437
16	73	4.08437
7	42	4.08435
6	43	4.08435
65	96	-4.08429
64	97	-4.08429
18	61	-4.08313
19	60	-4.08313
83	88	4.08311
82	89	4.08311
0	75	4.08093
1	74	4.08093
16	43	-4.08083
17	42	-4.08083
30	87	4.08031
31	86	4.08031
10	45	-4.07932
11	44	-4.07932
48	73	-4.07816
49	72	-4.07816
70	97	-4.07794
71	96	-4.07794
38	79	4.07684
39	78	4.07684
2	37	-4.07644
3	36	-4.07644
63	68	4.07385
62	69	4.07385
76	91	4.07384
77	90	4.07384
26	75	4.07371
27	74	4.07371
6	21	4.0725
7	20	4.0725
56	71	-4.07132
57	70	-4.07132
7	72	-4.07129
6	73	-4.07129
43	90	-4.07089
42	91	-4.07089
2	81	4.07042
3	80	4.07042
44	91	4.06904
45	90	4.06904
16	27	4.06892
17	26	4.06892
17	62	-4.0685
16	63	-4.0685
3	42	4.06829
2	43	4.06829
15	42	-4.06713
14	43	-4.06713
20	39	4.06695
21	38	4.06695
25	32	-4.06563
24	33	-4.06563
59	76	4.06534
58	77	4.06534
83	84	4.06366
82	85	4.06366
58	73	4.06285
59	72	4.06285
50	61	-4.06217
51	60	-4.06217
0	91	4.06174
1	90	4.06174
55	88	-4.06147
54	89	-4.06147
32	97	-4.05764
33	96	-4.05764
5	14	4.05679
4	15	4.05679
14	81	-4.05599
15	80	-4.05599
11	96	-4.05589
10	97	-4.05589
51	88	-4.05582
50	89	-4.05582
27	48	-4.05539
26	49	-4.05539
46	89	-4.05446
47	88	-4.05446
6	27	-4.05443
7	26	-4.05443
42	93	4.0544
43	92	4.0544
14	87	4.05388
15	86	4.05388
65	68	4.05302
64	69	4.05302
35	76	-4.05239
34	77	-4.05239
2	85	-4.05142
3	84	-4.05142
22	47	-4.05031
23	46	-4.05031
32	99	-4.0503
33	98	-4.0503
62	67	4.04952
63	66	4.04952
69	78	4.04932
68	79	4.04932
22	33	-4.04826
23	32	-4.04826
1	2	-4.04725
0	3	-4.04725
42	59	-4.04538
43	58	-4.04538
24	63	-4.04517
25	62	-4.04517
41	82	4.04455
40	83	4.04455
70	89	-4.04423
71	88	-4.04423
74	81	-4.04295
75	80	-4.04295
46	57	-4.04283
47	56	-4.04283
72	91	4.0425
73	90	4.0425
19	88	-4.04161
18	89	-4.04161
60	83	4.04107
61	82	4.04107
34	87	-4.03941
35	86	-4.03941
40	95	-4.03925
41	94	-4.03925
26	91	4.03837
27	90	4.03837
20	31	-4.03775
21	30	-4.03775
83	96	4.03769
82	97	4.03769
59	84	4.03763
58	85	4.03763
24	71	-4.03752
25	70	-4.03752
48	81	4.03747
49	80	4.03747
0	49	-4.03737
1	48	-4.03737
89	94	-4.03636
88	95	-4.03636
20	49	4.03628
21	48	4.03628
17	20	-4.03606
16	21	-4.03606
44	59	4.03535
45	58	4.03535
36	59	4.03463
37	58	4.03463
83	98	4.03461
82	99	4.03461
34	45	-4.03445
35	44	-4.03445
43	74	-4.03373
42	75	-4.03373
7	8	4.0337
6	9	4.0337
58	87	4.03284
59	86	4.03284
53	62	4.03255
52	63	4.03255
9	48	4.03246
8	49	4.03246
41	90	4.03177
40	91	4.03177
8	67	4.0317
9	66	4.0317
61	94	-4.03157
60	95	-4.03157
7	80	4.03089
6	81	4.03089
5	16	4.03058
4	17	4.03058
84	91	4.02994
85	90	4.02994
58	61	4.02982
59	60	4.02982
33	56	-4.02886
32	57	-4.02886
16	81	-4.02797
17	80	-4.02797
2	87	-4.02758
3	86	-4.02758
30	43	-4.0271
31	42	-4.0271
81	92	4.02638
80	93	4.02638
29	56	4.0261
28	57	4.0261
73	92	-4.02593
72	93	-4.02593
24	65	-4.02578
25	64	-4.02578
30	73	4.02557
31	72	4.02557
23	28	4.02542
22	29	4.02542
34	37	-4.0244
35	36	-4.0244
0	17	4.02377
1	16	4.02377
24	55	-4.02353
25	54	-4.02353
34	61	-4.02333
35	60	-4.02333
18	77	-4.02314
19	76	-4.02314
60	91	4.02191
61	90	4.02191
5	74	4.02185
4	75	4.02185
0	7	-4.02145
1	6	-4.02145
10	77	-4.021
11	76	-4.021
1	14	4.02049
0	15	4.02049
4	93	-4.01872
5	92	-4.01872
9	52	4.01851
8	53	4.01851
27	92	-4.01832
26	93	-4.01832
77	82	4.01773
76	83	4.01773
10	61	-4.01767
11	60	-4.01767
44	83	4.01733
45	82	4.01733
77	94	-4.01727
76	95	-4.01727
51	96	-4.01669
50	97	-4.01669
9	16	-4.01636
8	17	-4.01636
95	96	-4.01619
94	97	-4.01619
5	30	4.0152
4	31	4.0152
11	36	-4.01486
10	37	-4.01486
55	68	4.01391
54	69	4.01391
5	6	-4.0134
4	7	-4.0134
3	26	-4.01329
2	27	-4.01329
19	96	-4.0127
18	97	-4.0127
25	46	-4.0127
24	47	-4.0127
11	84	-4.01226
10	85	-4.01226
30	81	-4.0122
31	80	-4.0122
33	68	4.01215
32	69	4.01215
32	89	-4.01182
33	88	-4.01182
40	59	4.01129
41	58	4.01129
27	30	4.01091
26	31	4.01091
29	68	-4.01022
28	69	-4.01022
39	62	4.01012
38	63	4.01012
86	91	4.00995
87	90	4.00995
35	84	-4.00978
34	85	-4.00978
22	55	-4.00925
23	54	-4.00925
35	40	-4.00911
34	41	-4.00911
8	39	4.00911
9	38	4.00911
50	77	-4.00832
51	76	-4.00832
24	79	-4.00819
25	78	-4.00819
68	71	4.00703
69	70	4.00703
5	48	-4.00636
4	49	-4.00636
14	27	4.00628
15	26	4.00628
45	94	-4.00617
44	95	-4.00617
94	99	-4.00545
95	98	-4.00545
54	57	-4.00454
55	56	-4.00454
2	73	-4.00374
3	72	-4.00374
14	73	4.00353
15	72	4.00353
24	29	4.00274
25	28	4.00274
1	30	4.00269
0	31	4.00269
37	90	4.00235
36	91	4.00235
1	92	-4.00121
0	93	-4.00121
46	69	4.00109
47	68	4.00109
52	66	2.99664
2	14	-2.99564
26	72	2.99405
18	50	2.99292
22	56	2.99283
28	46	-2.9891
36	60	2.98894
0	26	2.98876
38	52	2.98724
40	44	2.98688
6	48	2.98547
42	80	2.98369
14	92	-2.98332
44	98	2.98291
64	78	2.98224
88	98	2.98218
0	72	2.97994
76	96	2.97805
88	96	2.97575
8	62	2.97559
62	78	2.97502
40	86	2.97379
38	66	2.97104
60	76	2.96912
40	60	2.96882
64	70	2.9683
2	92	2.96524
44	60	2.9649
34	82	-2.96439
26	86	2.96434
72	86	2.96297
96	98	2.95896
32	54	2.9576
6	52	2.95729
36	86	2.957
70	78	2.95685
10	50	2.95429
32	70	2.95378
6	38	2.95186
60	96	2.95151
8	20	2.95095
36	40	2.95049
36	76	2.95
6	66	2.94978
18	64	2.94904
6	92	2.94557
60	86	2.94314
12	66	2.9411
40	98	2.94086
2	34	2.93986
16	30	2.93839
44	88	2.93717
44	96	2.93679
0	4	2.93546
38	48	2.93446
18	70	2.93289
74	90	2.93178
60	98	2.93174
4	26	2.93062
32	94	2.92884
30	74	2.92739
44	86	2.92598
36	44	2.92596
66	92	2.92509
10	18	2.92105
62	64	2.91772
48	52	2.91666
0	86	2.91508
50	64	2.91469
12	52	2.91292
76	88	2.91106
56	88	2.90976
62	70	2.9097
8	78	2.90901
58	90	2.90901
52	92	2.9072
76	84	2.90701
44	76	2.90559
14	34	-2.90482
36	96	2.90449
8	80	2.90366
76	98	2.9021
40	72	2.90038
20	62	2.8998
60	88	2.89784
34	94	2.89771
48	66	2.89763
40	96	2.89393
12	92	2.88919
26	40	2.88766
4	72	2.88748
48	92	2.88741
40	76	2.88636
50	70	2.88527
36	84	2.88439
30	90	2.88365
6	14	-2.88069
18	78	2.87794
40	88	2.87408
4	86	2.87229
26	36	2.8717
36	98	2.87168
56	98	2.8708
18	32	2.87076
18	94	2.87061
22	88	2.86705
82	94	-2.86515
20	80	2.8626
52	68	2.85903
38	68	2.85834
10	94	2.85808
32	64	2.85737
38	92	2.85457
54	70	2.85383
50	94	2.8537
36	72	2.85361
54	94	2.85337
2	6	2.85212
66	68	2.8519
60	84	2.85145
28	54	-2.85112
14	66	-2.84896
70	94	2.8456
86	98	2.84504
12	14	-2.84397
12	38	2.8437
76	86	2.84091
20	78	2.83966
2	82	-2.83815
22	98	2.83662
32	78	2.8358
30	58	2.83395
46	82	-2.83344
4	36	2.83256
26	60	2.83192
34	92	2.82817
36	88	2.82725
50	78	2.82714
8	42	2.82654
60	72	2.82532
44	72	2.82478
6	12	2.8234
14	52	-2.82217
32	50	2.82124
12	68	2.81993
8	64	2.81912
20	42	2.81519
0	40	2.81431
14	48	-2.81385
86	96	2.81135
84	96	2.80849
28	82	2.80833
56	96	2.80758
26	44	2.80638
54	82	-2.80512
8	70	2.80459
2	66	2.80161
0	36	2.80106
62	80	2.80084
2	12	2.79553
46	54	2.79542
32	62	2.79132
14	82	2.78936
2	48	2.78897
42	84	-2.78771
24	96	2.78027
44	56	2.77645
2	52	2.77411
80	84	-2.76893
32	82	-2.76714
18	62	2.76431
10	64	2.76299
16	74	2.76045
2	94	2.76045
86	88	2.75974
58	74	2.75956
64	94	2.7579
24	88	2.75526
14	38	-2.75497
4	60	2.75495
4	40	2.7521
22	96	2.75038
0	60	2.74949
20	64	2.74846
10	70	2.74777
24	76	2.74638
22	44	2.74154
16	58	2.74055
16	24	2.74028
84	86	2.73763
32	34	2.73477
12	48	2.7307
10	32	2.73058
40	84	2.71969
0	44	2.71926
4	84	2.71879
72	98	2.71794
54	78	2.7144
34	54	2.71374
54	64	2.7126
18	54	2.71128
14	94	-2.70968
16	90	2.70891
54	62	2.7081
2	38	2.70635
44	84	2.70591
10	48	2.70333
26	76	2.6994
42	62	2.69881
50	62	2.69788
6	68	2.69672
28	32	-2.69667
26	98	2.69519
4	28	2.68937
10	34	2.6868
6	34	2.68564
72	76	2.6853
78	94	2.68527
56	76	2.68468
82	92	-2.68258
20	70	2.68062
84	88	2.68018
34	46	2.67784
40	56	2.6775
8	32	2.67452
84	98	2.673
16	56	2.66912
0	28	2.66795
56	60	2.66724
24	56	2.66675
78	80	2.66513
24	30	2.6603
4	54	-2.65724
4	44	2.6568
4	76	2.65265
72	96	2.65259
6	10	2.65233
50	54	2.65124
26	96	2.65037
28	34	-2.64922
48	68	2.64753
24	98	2.64738
10	78	2.64483
22	40	2.64241
26	84	2.64107
32	46	2.64084
2	10	2.64052
92	94	2.63921
16	22	2.63877
34	48	2.63795
28	94	-2.63304
8	18	2.62521
22	76	2.62218
24	84	2.62054
68	92	2.62023
18	34	2.6182
22	60	2.61619
8	54	2.61507
10	14	-2.61399
46	94	2.61254
10	92	2.61247
34	50	2.61062
0	76	2.6087
72	88	2.60751
24	60	2.6053
4	46	-2.60319
0	46	-2.60125
0	98	2.5981
72	84	2.59565
22	24	2.59356
62	94	2.59099
70	82	-2.59056
26	88	2.58935
34	66	2.58355
34	70	2.58307
12	34	2.57873
0	84	2.57563
10	82	-2.57393
26	28	2.57379
36	56	2.56913
24	44	2.56742
10	54	2.56534
18	82	-2.55907
34	52	2.55559
6	94	2.55511
4	96	2.55435
8	50	2.55387
42	78	2.55324
24	74	2.5531
48	94	2.55251
0	96	2.55194
4	80	-2.54935
70	80	2.5445
24	36	2.54299
18	20	2.54191
4	98	2.53944
64	80	2.53726
50	82	-2.53365
28	72	2.53364
8	84	-2.52989
2	32	2.52973
42	76	-2.52363
56	86	2.52284
16	88	2.52213
20	32	2.5191
22	36	2.51828
0	54	-2.51756
36	80	-2.51691
28	70	-2.5158
2	50	2.51473
6	82	-2.51276
14	68	-2.51021
4	32	-2.50623
36	42	-2.50495
48	50	2.5035
26	46	-2.50228
76	80	-2.50025
2	18	2.49983
10	62	2.49816
24	40	2.49176
4	8	-2.49143
34	38	2.49114
0	88	2.48841
4	42	-2.48787
22	86	2.4866
4	62	-2.48587
20	50	2.48228
2	54	2.48112
34	64	2.48012
14	50	-2.47986
2	46	2.47681
14	32	-2.47021
46	72	-2.46767
10	38	2.46633
48	82	-2.46603
10	52	2.46498
6	50	2.46033
14	18	-2.46022
64	82	-2.45897
10	66	2.45788
68	96	-2.45744
30	56	2.45704
50	92	2.45618
4	88	2.45271
8	94	2.45225
60	80	-2.45197
46	70	2.45182
54	80	2.45146
68	76	-2.45105
26	54	-2.45065
42	60	-2.44943
4	70	-2.44645
16	96	2.44638
2	68	2.44638
18	48	2.44301
32	80	2.44277
60	68	-2.44261
12	82	-2.4411
68	88	-2.44093
12	56	-2.44064
20	54	2.43929
20	84	-2.4374
68	98	-2.4373
24	38	-2.43367
12	22	-2.43248
44	68	-2.43185
2	28	-2.43066
22	30	2.42602
42	70	2.42448
18	92	2.42416
42	64	2.42367
62	84	-2.42341
6	24	-2.42211
24	48	-2.42199
36	68	-2.42085
56	84	2.42074
14	46	-2.42047
78	82	-2.41897
66	82	-2.41848
14	54	-2.41792
24	52	-2.4158
34	78	2.41455
40	68	-2.41364
6	18	2.40797
16	98	2.40789
42	96	-2.40778
12	88	-2.40762
2	70	2.40544
4	78	-2.40384
28	86	2.4008
24	66	-2.40017
2	16	-2.39881
54	72	-2.39648
10	74	-2.39636
66	88	-2.39442
14	16	2.39396
24	86	2.39362
66	94	2.39243
80	86	-2.38995
56	72	2.38907
18	28	-2.38884
16	92	-2.3886
52	82	-2.38838
32	92	2.38652
52	88	-2.38626
12	98	-2.38235
16	34	-2.38217
52	96	-2.38207
80	96	-2.38166
66	96	-2.38052
52	94	2.37898
28	62	-2.3787
56	66	-2.37569
62	82	-2.37462
38	96	-2.37443
30	94	-2.37401
50	74	-2.37335
68	86	-2.37295
14	28	2.37229
90	94	-2.3703
22	84	2.36762
68	84	-2.36706
18	74	-2.36564
32	90	-2.36474
22	72	2.36429
0	32	-2.36396
28	78	-2.36314
12	96	-2.36031
28	64	-2.36009
38	88	-2.36
42	86	-2.35975
54	58	-2.35883
38	76	-2.35714
26	80	-2.35669
8	36	-2.35666
14	70	-2.3559
26	56	2.3559
58	94	-2.35447
24	90	2.35436
74	94	-2.35417
32	58	-2.35382
6	16	-2.35374
70	90	-2.353
24	92	-2.35289
52	56	-2.35237
8	10	2.3515
56	68	-2.35116
56	92	-2.35035
18	90	-2.34995
42	54	2.34968
28	50	-2.34942
66	98	-2.34864
52	76	-2.34829
10	12	2.34822
22	66	-2.34686
30	34	-2.34682
2	64	2.34665
18	46	2.34508
16	76	2.34466
4	64	-2.34352
12	94	2.34348
38	94	2.34279
20	94	2.34239
30	88	2.34219
40	80	-2.34206
34	62	2.34023
52	98	-2.33915
66	76	-2.33895
50	90	-2.33592
14	56	2.33458
24	42	-2.33441
16	66	-2.33212
0	80	-2.33211
22	92	-2.33196
32	42	2.33028
12	44	-2.33024
46	86	-2.33004
10	30	-2.32975
2	30	-2.32968
18	80	2.32952
10	28	-2.32945
24	68	-2.3293
10	90	-2.32877
8	28	-2.32776
22	26	2.32748
6	30	-2.32684
16	52	-2.32679
38	82	-2.32569
40	42	-2.32452
14	22	2.3243
30	48	-2.32373
16	82	2.32302
22	68	-2.32168
16	48	-2.32134
16	94	-2.32118
54	86	-2.32116
22	52	-2.32005
54	92	2.31997
44	80	-2.31928
30	92	-2.31849
34	58	-2.31848
14	30	2.31763
58	82	2.31703
26	42	-2.31513
46	62	2.31502
10	46	2.3149
4	20	-2.31473
46	50	2.31264
64	90	-2.31257
42	44	-2.31235
38	98	-2.31215
4	82	2.31208
26	32	-2.3101
14	64	-2.30925
46	92	2.30839
2	56	-2.30821
58	68	-2.30616
16	38	-2.30532
42	88	-2.30452
0	70	-2.30441
54	90	-2.30357
46	64	2.30336
32	48	2.30317
0	62	-2.30256
46	78	2.30244
28	36	2.3024
72	80	-2.3021
6	32	2.30063
26	62	-2.30023
8	26	-2.29991
2	22	-2.29971
38	56	-2.29958
14	24	2.29927
36	62	-2.29904
8	86	-2.299
70	74	-2.29879
44	66	-2.29846
48	74	-2.29814
12	76	-2.29788
88	92	-2.29704
6	88	-2.29702
32	74	-2.29652
16	44	2.29544
42	98	-2.29459
4	94	-2.29454
8	60	-2.29404
56	74	2.29327
44	52	-2.29247
70	92	2.29229
8	82	-2.29183
50	66	2.29177
12	24	-2.29077
0	8	-2.29053
50	52	2.29049
52	60	-2.29025
8	76	-2.29007
6	96	-2.29006
30	96	2.28963
38	60	-2.2896
64	74	-2.28953
0	42	-2.28896
80	98	-2.28879
68	72	-2.28858
30	82	2.2884
78	84	-2.28826
10	20	2.28719
12	16	-2.28689
28	80	-2.28673
60	66	-2.28664
30	32	-2.28652
26	68	-2.28622
78	90	-2.28612
6	56	-2.28583
30	50	-2.28383
24	58	2.2835
18	30	-2.28198
80	88	-2.28182
38	50	2.28033
58	70	-2.28013
12	60	-2.28
38	84	-2.27989
2	24	-2.27924
36	54	-2.27886
20	22	-2.27736
54	84	-2.27648
30	38	-2.27637
62	86	-2.27565
2	78	2.27521
12	40	-2.27514
8	46	2.27382
38	44	-2.27359
30	52	-2.27284
26	70	-2.27279
22	74	2.27047
32	72	-2.26861
6	74	-2.26811
0	56	2.2679
30	66	-2.26602
62	72	-2.2645
28	92	-2.26439
42	72	-2.26416
0	78	-2.26369
64	92	2.26351
50	80	2.26328
2	58	-2.26309
22	38	-2.2626
20	36	-2.26198
8	72	-2.25874
28	40	2.25826
34	90	-2.25784
92	96	-2.25778
24	80	-2.25759
4	18	-2.25739
24	72	2.25523
48	96	-2.25493
26	78	-2.25478
36	38	-2.25457
6	76	-2.25428
6	22	-2.25416
28	58	2.25361
0	82	2.25353
24	26	2.25158
16	60	2.25103
48	70	2.25064
16	68	-2.25061
8	40	-2.25009
48	88	-2.24973
14	58	2.24924
34	74	-2.24922
18	66	2.24898
14	88	2.24869
46	80	2.24825
48	90	-2.24818
36	52	-2.24754
40	66	-2.24744
62	90	-2.24716
28	42	-2.24681
40	52	-2.24463
18	52	2.24451
30	98	2.24444
8	34	2.24416
0	22	2.2438
48	64	2.24372
70	72	-2.24351
52	84	-2.2435
20	82	-2.24325
38	58	-2.24235
10	16	-2.24186
58	92	-2.24179
0	64	-2.24159
12	50	2.24144
36	66	-2.24068
14	78	-2.23951
52	58	-2.23916
6	98	-2.2382
92	98	-2.23812
30	70	-2.23805
74	78	-2.23692
60	62	-2.23683
56	58	2.23566
6	70	2.23537
20	76	-2.2351
22	58	2.23448
72	78	-2.2344
58	66	-2.23424
6	58	-2.23377
38	40	-2.23324
36	46	-2.23311
6	90	-2.23225
4	68	-2.23222
0	68	-2.23178
30	54	-2.23173
70	84	-2.23167
48	76	-2.23101
18	58	-2.23036
28	84	2.23001
18	38	2.22944
20	60	-2.22853
28	60	2.2278
46	58	-2.22776
18	42	2.22765
42	46	2.2275
12	36	-2.22716
26	64	-2.22596
20	56	-2.22527
34	68	2.22484
82	90	2.22464
66	84	-2.22301
74	88	2.22276
6	64	2.22257
48	56	-2.22246
8	44	-2.22242
2	74	-2.2197
78	86	-2.21969
40	62	-2.21927
38	74	-2.21895
80	94	2.21852
56	90	2.21837
64	72	-2.21694
38	90	-2.21692
74	92	-2.21657
48	58	-2.21596
20	34	2.21493
30	76	2.21482
6	54	2.2147
2	88	-2.21459
12	18	2.21428
22	90	2.2138
62	76	-2.212
54	74	-2.21127
4	56	2.21045
36	78	-2.20996
4	50	-2.20969
22	42	-2.20923
10	58	-2.2091
0	94	-2.20798
16	40	2.20797
32	86	-2.20779
16	32	-2.20756
20	86	-2.20712
20	28	-2.20686
50	58	-2.20685
14	74	2.20645
2	90	-2.20637
48	54	2.20618
20	44	-2.20463
8	96	-2.20394
42	56	-2.2037
32	84	-2.20359
20	40	-2.20343
0	18	-2.20342
30	68	-2.20289
70	86	-2.20229
20	98	-2.20066
40	46	-2.19999
14	96	2.19977
76	92	-2.19942
58	64	-2.19879
2	62	2.19801
54	60	-2.19799
30	64	-2.19647
4	24	2.19545
90	92	-2.19529
34	56	-2.19495
40	54	-2.19459
48	98	-2.19419
10	24	-2.194
12	20	2.19324
22	34	-2.19321
52	74	-2.19303
68	90	-2.19263
74	82	2.19204
52	90	-2.19175
12	86	-2.1915
64	84	-2.19142
14	90	2.19128
22	80	-2.19099
14	98	2.19094
22	48	-2.18998
78	92	2.18916
58	78	-2.18835
8	98	-2.18833
20	46	2.18754
6	44	-2.18684
0	50	-2.18609
0	24	2.18573
12	58	-2.18562
74	96	2.18529
44	62	-2.18495
20	96	-2.1845
6	60	-2.18415
12	30	-2.18302
4	34	-2.18299
6	46	2.18284
24	34	-2.18177
8	90	-2.18141
16	50	-2.18119
64	86	-2.18111
4	22	2.18098
16	36	2.18083
56	80	-2.18052
20	26	-2.18033
26	82	2.1802
36	70	-2.17984
16	54	-2.17872
10	68	2.17835
16	18	-2.17813
32	36	-2.17804
66	74	-2.17681
52	86	-2.17681
66	90	-2.17647
38	86	-2.17612
58	62	-2.17542
18	72	-2.17531
66	86	-2.1751
40	78	-2.17508
46	84	-2.17484
20	88	-2.17448
16	84	2.17441
18	26	-2.17404
44	92	-2.17392
62	74	-2.17211
42	50	2.17166
42	68	2.17163
28	44	2.17155
46	48	2.17122
32	66	2.16885
8	22	-2.16877
46	60	-2.16833
50	72	-2.16807
2	96	-2.16626
80	82	-2.16597
14	62	-2.16512
6	84	-2.16435
48	84	-2.16426
74	98	2.164
2	20	2.16231
60	78	-2.16129
0	20	-2.16119
30	44	2.16071
12	84	-2.15938
20	72	-2.15902
26	50	-2.15775
32	52	2.15774
48	60	-2.15736
2	98	-2.15734
68	80	2.15422
8	88	-2.15416
26	94	-2.15331
14	20	-2.153
44	48	-2.15215
30	78	-2.15161
12	32	2.1497
48	78	2.14961
72	82	2.14918
6	28	-2.14868
36	64	-2.14836
60	92	-2.14707
44	78	-2.14564
62	98	-2.14561
6	36	-2.14436
12	64	2.14434
40	64	-2.1436
28	76	2.14318
6	40	-2.14091
16	70	-2.13973
28	48	-2.13941
62	96	-2.13935
14	76	2.13928
54	76	-2.13915
22	82	2.1388
12	46	2.1387
6	78	2.13752
42	94	2.13664
28	90	2.13644
16	46	-2.13484
56	82	2.13418
8	56	-2.13357
22	62	-2.13305
40	70	-2.1328
32	38	2.13205
30	60	2.13194
74	76	2.13117
42	82	-2.13113
22	78	-2.13095
4	58	2.13011
0	10	-2.13003
72	94	-2.12987
0	34	-2.12985
2	8	2.12935
24	94	-2.1281
14	44	2.12688
8	58	-2.12518
76	78	-2.1247
16	28	2.1244
44	46	-2.12406
36	48	-2.12402
28	30	2.12381
44	54	-2.12353
60	70	-2.12315
68	74	-2.12141
64	66	2.12068
30	46	-2.12032
40	92	-2.11978
22	64	-2.11896
4	10	-2.11879
38	42	2.11777
66	70	2.11721
44	64	-2.11709
44	74	2.11573
12	70	2.11566
10	72	-2.11527
40	48	-2.11525
12	72	-2.11524
32	40	-2.11454
20	90	-2.11454
62	92	2.11422
18	86	-2.11419
32	60	-2.11419
54	66	2.11396
10	80	2.1139
46	66	2.11293
68	82	-2.11269
88	90	2.1126
78	98	-2.11255
12	78	2.11198
20	92	2.11164
46	90	-2.11149
16	86	2.11117
52	64	2.11071
60	64	-2.11036
20	68	2.10971
2	76	-2.10919
52	70	2.1087
12	54	2.10802
8	14	-2.10602
8	74	-2.10462
62	88	-2.10393
36	92	-2.10278
30	62	-2.1027
30	84	2.10202
52	54	2.10169
12	26	-2.10153
58	88	2.10149
50	86	-2.10131
38	72	-2.10118
30	40	2.10078
34	80	2.10008
16	64	-2.09996
12	28	-2.09949
10	26	-2.09892
56	62	-2.09757
52	72	-2.09755
46	52	2.09751
2	44	-2.09669
24	50	-2.09665
14	60	2.09633
24	82	2.0963
46	76	-2.09622
26	38	-2.09547
66	72	-2.09523
34	88	-2.09456
28	98	2.09372
56	78	-2.09268
68	94	2.0924
12	90	-2.0924
44	70	-2.09232
38	64	2.09086
38	70	2.09033
26	52	-2.09028
84	92	-2.08893
64	98	-2.08847
42	52	2.08819
22	50	-2.08814
28	96	2.08777
26	66	-2.08714
12	42	2.08639
28	74	2.08606
70	76	-2.08526
30	36	2.08434
18	22	-2.08401
56	64	-2.08359
6	86	-2.08333
18	40	-2.08303
50	68	2.08297
40	74	2.08233
12	74	-2.08093
28	66	-2.0808
10	22	-2.08055
40	50	-2.08
78	96	-2.07857
38	80	2.07828
26	34	-2.07823
60	74	2.07813
10	56	-2.07791
82	86	2.07789
42	66	2.07788
14	40	2.0771
46	74	-2.07669
8	12	2.07654
22	94	-2.07638
38	54	2.07624
18	84	-2.07537
32	76	-2.07524
56	94	-2.07485
20	66	2.07465
12	62	2.07465
90	96	2.07384
54	96	-2.0737
38	46	2.07357
18	24	-2.07322
0	58	2.07107
80	90	-2.07105
8	68	2.07024
2	60	-2.06968
90	98	2.06968
86	94	-2.0694
64	76	-2.06939
34	42	2.0693
50	56	-2.06909
48	86	-2.069
78	88	-2.0687
66	78	2.06796
20	24	-2.06786
28	52	-2.06755
8	24	-2.0674
48	62	2.06721
20	74	-2.06711
16	78	-2.06647
12	80	2.06596
18	36	-2.06523
32	44	-2.06522
44	50	-2.06357
58	96	2.06343
8	92	2.06311
18	56	-2.06256
18	44	-2.0623
6	62	2.06205
54	98	-2.06107
4	90	2.06094
4	38	-2.0604
46	98	-2.0604
0	38	-2.05951
0	12	-2.0593
22	70	-2.05891
34	96	-2.05867
14	36	2.05855
34	72	-2.05814
72	74	2.05722
86	92	-2.05711
52	78	2.05705
20	52	2.0569
20	58	-2.05616
74	84	2.05612
52	80	2.0551
10	42	2.0549
18	68	2.05487
70	98	-2.05443
58	80	-2.05373
46	96	-2.05283
2	40	-2.05254
58	98	2.05213
84	94	-2.0519
0	52	-2.05177
34	98	-2.05143
4	52	-2.05075
10	86	-2.04987
28	88	2.04974
50	98	-2.04961
8	30	-2.0488
2	4	-2.04833
0	66	-2.0482
42	48	2.04808
26	58	2.04797
66	80	2.04776
64	88	-2.04685
28	38	-2.04643
10	88	-2.04609
4	66	-2.04574
36	50	-2.04555
36	82	2.0449
18	98	-2.04454
36	74	2.04432
36	94	-2.04363
50	84	-2.04351
10	40	-2.04334
74	86	2.04323
14	84	2.04276
4	12	-2.04273
10	98	-2.04225
16	72	2.04219
6	42	2.04218
64	96	-2.04214
18	60	-2.04156
82	88	2.04155
0	74	2.04046
16	42	-2.04042
30	86	2.04015
10	44	-2.03966
48	72	-2.03908
70	96	-2.03897
38	78	2.03842
2	36	-2.03822
62	68	2.03693
76	90	2.03692
26	74	2.03685
6	20	2.03625
56	70	-2.03566
6	72	-2.03564
42	90	-2.03544
2	80	2.03521
44	90	2.03452
16	26	2.03446
16	62	-2.03425
2	42	2.03415
14	42	-2.03357
20	38	2.03347
24	32	-2.03281
58	76	2.03267
82	84	2.03183
58	72	2.03142
50	60	-2.03109
0	90	2.03087
54	88	-2.03074
32	96	-2.02882
4	14	2.02839
14	80	-2.02799
10	96	-2.02794
50	88	-2.02791
26	48	-2.0277
46	88	-2.02723
6	26	-2.02721
42	92	2.0272
14	86	2.02694
64	68	2.02651
34	76	-2.0262
2	84	-2.02571
22	46	-2.02516
32	98	-2.02515
62	66	2.02476
68	78	2.02466
22	32	-2.02413
0	2	-2.02362
42	58	-2.02269
24	62	-2.02258
40	82	2.02228
70	88	-2.02212
74	80	-2.02147
46	56	-2.02141
72	90	2.02125
18	88	-2.0208
60	82	2.02053
34	86	-2.01971
40	94	-2.01963
26	90	2.01918
20	30	-2.01888
82	96	2.01885
58	84	2.01882
24	70	-2.01876
48	80	2.01873
0	48	-2.01868
88	94	-2.01818
20	48	2.01814
16	20	-2.01803
44	58	2.01768
36	58	2.01732
82	98	2.0173
34	44	-2.01723
42	74	-2.01686
6	8	2.01685
58	86	2.01642
52	62	2.01627
8	48	2.01623
40	90	2.01589
8	66	2.01585
60	94	-2.01579
6	80	2.01544
4	16	2.01529
84	90	2.01497
58	60	2.01491
32	56	-2.01443
16	80	-2.01399
2	86	-2.01379
30	42	-2.01355
80	92	2.01319
28	56	2.01305
72	92	-2.01296
24	64	-2.01289
30	72	2.01279
22	28	2.01271
34	36	-2.0122
0	16	2.01188
24	54	-2.01176
34	60	-2.01167
18	76	-2.01157
60	90	2.01095
4	74	2.01092
0	6	-2.01073
10	76	-2.0105
0	14	2.01024
4	92	-2.00936
8	52	2.00926
26	92	-2.00916
76	82	2.00886
10	60	-2.00884
44	82	2.00867
76	94	-2.00864
50	96	-2.00835
8	16	-2.00818
94	96	-2.0081
4	30	2.0076
10	36	-2.00743
54	68	2.00696
4	6	-2.0067
2	26	-2.00664
18	96	-2.00635
24	46	-2.00635
10	84	-2.00613
30	80	-2.0061
32	68	2.00608
32	88	-2.00591
40	58	2.00564
26	30	2.00545
28	68	-2.00511
38	62	2.00506
86	90	2.00497
34	84	-2.00489
22	54	-2.00463
34	40	-2.00456
8	38	2.00455
50	76	-2.00416
24	78	-2.00409
68	70	2.00351
4	48	-2.00318
14	26	2.00314
44	94	-2.00308
94	98	-2.00272
54	56	-2.00227
2	72	-2.00187
14	72	2.00177
24	28	2.00137
0	30	2.00134
36	90	2.00118
0	92	-2.00061
46	68	2.00054
