27	55	199.965
5	33	199.949
9	25	199.815
15	59	199.751
31	71	199.727
55	89	199.662
27	89	199.623
19	85	199.504
13	87	199.457
51	97	199.307
45	89	199.084
35	69	199.033
29	41	198.725
45	55	198.696
53	81	198.553
1	11	198.503
73	81	198.475
37	93	198.469
3	91	198.442
27	45	198.302
61	87	197.68
53	73	197.427
83	91	-197.376
45	93	197.27
9	59	197.244
35	47	196.997
15	31	196.971
67	79	196.89
9	15	196.719
59	71	196.694
31	59	196.666
3	83	-196.571
15	71	196.497
13	61	196.307
25	59	196.073
27	61	195.926
7	99	-195.415
73	99	195.277
55	61	195.254
15	25	195.219
31	77	195.134
23	49	194.772
63	79	194.577
43	75	-194.223
15	77	193.848
61	89	193.761
33	37	193.688
5	37	193.543
17	83	-193.526
89	93	193.403
37	45	193.369
55	93	193.369
53	85	193.333
57	99	193.254
43	47	-193.231
5	93	193.223
35	57	193.155
47	69	193.081
29	65	192.911
33	93	192.845
27	87	192.789
71	77	192.679
17	39	192.602
27	93	192.415
39	51	192.347
55	87	192.332
47	57	191.592
3	77	191.555
59	77	191.533
77	91	191.489
19	53	191.196
5	19	191.077
19	33	190.952
63	67	190.928
15	91	190.379
39	97	190.368
47	75	190.265
37	55	189.894
57	69	189.591
21	69	189.397
87	89	189.383
45	61	189.294
81	99	189.167
7	57	-189.096
81	85	188.93
13	27	188.808
27	37	188.788
9	91	188.776
37	89	188.763
7	73	-188.596
93	95	-188.518
7	75	-188.445
9	71	188.362
9	31	188.323
13	55	188.183
41	65	188.023
21	57	187.972
5	85	187.882
59	91	187.776
45	95	-187.683
33	85	187.551
53	99	186.846
21	35	186.814
25	91	186.501
25	71	186.438
25	31	186.123
45	87	185.966
79	95	185.842
5	95	-185.746
19	81	185.38
57	75	185.24
17	91	185.022
3	15	184.855
13	89	184.832
33	95	-184.211
9	77	184.201
89	95	-183.655
7	81	-183.413
47	49	183.4
73	85	183.35
5	45	183.295
17	97	183.168
49	69	183.096
35	49	182.659
7	65	182.599
33	45	182.561
35	43	-182.515
31	91	182.481
17	51	181.737
3	17	181.689
3	59	181.406
9	83	-181.232
77	83	-181.126
25	77	181.085
13	45	180.651
37	95	-180.629
3	9	180.507
55	95	-180.243
19	73	180.191
1	43	180.152
7	41	179.989
15	83	-179.947
35	75	179.794
71	91	179.585
65	81	-179.581
61	93	179.459
27	95	-179.342
25	83	-179.211
57	73	179.049
3	31	178.85
37	87	178.765
87	93	178.668
43	49	-178.505
41	75	-178.447
21	99	177.984
1	75	-177.852
7	29	177.76
3	25	177.567
75	99	177.506
59	83	-176.967
43	57	-176.95
7	53	-176.896
39	83	-176.843
7	47	-176.557
37	61	176.557
65	73	-176.092
1	71	175.949
11	71	175.895
43	69	-175.841
5	89	175.712
23	77	-175.473
21	47	175.289
3	71	175.201
5	55	175.184
19	95	-175.17
35	99	175.122
67	95	174.948
85	95	-174.921
33	89	174.896
23	43	-174.673
33	55	174.548
47	99	174.227
5	27	173.59
1	31	173.336
13	37	173.026
27	33	172.938
11	31	172.586
13	93	172.551
19	93	172.181
19	37	172.089
9	17	172.028
63	95	171.993
69	75	171.691
7	35	-171.482
17	25	171.408
65	99	-171.261
29	75	-171.024
1	41	170.843
7	43	170.599
23	47	170.5
69	99	170.318
11	43	170.109
53	65	-169.731
31	83	-169.082
57	81	168.954
11	75	-168.365
85	93	168.356
5	53	167.984
33	53	167.91
39	91	167.627
11	41	167.376
37	85	167.366
53	57	166.676
21	73	166.017
25	39	165.869
71	83	-165.859
85	99	165.393
23	35	165.142
9	39	164.763
23	31	-164.635
7	69	-164.308
23	69	164.177
15	17	163.94
7	21	-163.526
65	75	-162.733
61	95	-162.536
11	59	162.456
19	99	162.177
41	99	-162.164
17	59	161.718
3	23	-161.683
49	75	161.644
41	43	161.302
49	57	161.084
83	97	-161.062
23	71	-161.009
3	39	160.838
73	75	160.716
1	29	160.69
1	59	160.646
29	99	-160.565
43	99	-160.261
11	15	160.215
29	81	-160.009
31	43	159.853
5	81	159.697
43	71	159.63
33	81	159.402
17	77	159.399
29	73	-159.236
1	15	159.06
51	83	-159.021
45	79	-158.934
21	53	158.876
79	85	-158.785
1	47	-158.774
19	45	158.656
1	77	158.043
11	29	157.559
41	73	-157.506
63	85	-157.208
79	93	-157.126
21	75	157.003
49	77	-156.661
79	89	-156.369
41	81	-156.357
5	79	-156.214
5	87	156.154
87	95	-156.149
33	87	156.058
65	85	-156.001
35	73	155.978
5	61	155.74
19	79	-155.74
21	81	155.6
11	77	155.48
33	61	155.248
45	85	155.236
15	23	-155.06
43	77	154.855
23	91	-154.641
57	65	-154.263
33	79	-154.176
63	65	154.165
47	73	154.046
41	57	-154.008
21	49	153.942
23	75	153.829
7	85	-153.515
21	43	-152.731
5	73	152.69
33	73	152.67
19	63	-152.433
29	43	152.432
75	81	152.427
53	95	-152.147
63	81	-152.039
23	59	-151.889
69	73	151.811
55	79	-151.604
1	7	151.496
41	47	-151.308
27	79	-151.072
15	39	151.004
19	65	-150.126
39	59	150.112
53	97	-150.051
29	53	-149.66
13	95	-149.652
19	89	149.59
51	81	-149.472
45	67	-149.457
29	57	-149.402
5	13	149.383
51	53	-149.35
13	33	149.338
31	49	-149.2
9	11	149.105
7	19	-149.04
81	97	-148.985
17	31	148.902
67	89	-148.751
53	63	-148.399
11	47	-148.205
19	55	148.085
85	97	-148.062
81	95	-147.892
11	25	147.889
73	97	-147.625
1	23	-147.5
51	85	-147.334
51	73	-147.28
19	97	-147.066
91	97	146.977
37	79	-146.942
5	17	-146.855
17	19	-146.733
17	33	-146.63
5	83	146.541
49	71	-146.506
33	83	146.421
17	71	146.396
19	27	146.351
41	53	-146.325
85	89	146.305
3	37	-146.304
91	93	-146.155
17	85	-146.026
3	93	-145.994
83	93	145.988
1	9	145.957
5	63	-145.931
39	85	-145.93
51	91	145.709
37	83	145.707
19	51	-145.655
53	75	145.14
45	91	-145.128
35	81	145.081
67	93	-145.07
27	77	-144.843
55	77	-144.823
77	89	-144.683
29	47	-144.679
37	91	-144.566
55	85	144.468
1	57	-144.291
19	39	-144.278
1	25	144.273
1	35	-144.177
67	85	-144.154
23	83	144.103
33	63	-144.076
3	45	-144.009
45	77	-143.969
79	81	-143.957
55	67	-143.938
27	67	-143.771
37	53	143.734
53	79	-143.709
9	95	143.669
53	93	143.664
47	81	143.544
25	95	143.34
89	91	-143.295
7	11	143.269
15	43	143.263
3	97	143.259
23	57	143.226
35	53	143.018
55	91	-142.996
61	77	-142.791
27	85	142.785
43	59	142.64
3	55	-142.58
27	91	-142.568
63	93	-142.568
45	83	142.452
5	91	-142.446
57	85	142.372
71	75	-142.23
1	49	-142.211
63	73	-142.206
3	5	-142.136
91	95	142.107
3	33	-142.104
33	91	-142.101
3	27	-142.097
15	89	-142.001
5	67	-141.978
3	89	-141.974
47	65	-141.868
45	63	-141.745
25	79	141.692
31	75	-141.464
31	89	-141.43
19	67	-141.413
15	45	-141.371
43	65	141.196
69	81	141.194
3	51	141.185
17	93	-141.176
39	53	-141.134
9	23	-141.096
17	95	141.073
77	87	-141.045
83	95	-140.914
13	23	140.8
39	81	-140.73
39	95	140.671
77	93	-140.669
27	31	-140.624
21	85	140.622
39	77	140.509
15	27	-140.402
43	73	-140.394
19	21	140.389
15	55	-140.369
59	89	-140.362
31	55	-140.327
17	37	-140.187
15	95	140.165
97	99	-140.127
9	79	140.121
33	67	-140.084
53	69	140.081
3	49	-140.032
25	67	139.899
19	57	139.858
71	89	-139.786
7	49	-139.765
59	95	139.673
55	83	139.584
83	89	139.571
45	59	-139.566
25	51	139.557
47	53	139.501
35	41	-139.44
51	99	-139.369
31	45	-139.362
23	87	139.279
13	77	-139.079
27	83	138.988
31	61	-138.973
11	23	-138.97
31	47	-138.773
27	71	-138.759
15	49	-138.71
37	77	-138.639
27	59	-138.53
9	51	138.528
55	59	-138.461
55	71	-138.419
19	83	138.352
63	89	-138.303
1	65	138.296
47	71	-138.252
25	97	138.231
23	25	-138.111
5	39	-138.004
3	87	-137.957
9	67	137.954
73	95	-137.934
9	45	-137.741
45	71	-137.522
61	79	-137.514
9	97	137.474
9	89	-137.447
15	93	-137.366
5	97	-137.363
49	99	137.35
1	69	-137.298
33	39	-137.295
33	97	-137.181
3	61	-137.177
61	71	-137.105
3	95	137.029
39	63	137.016
17	53	-136.825
61	91	-136.71
49	59	-136.664
39	79	136.659
17	45	-136.659
47	77	-136.594
83	85	136.388
51	65	136.284
81	93	136.272
35	65	-136.028
25	45	-135.864
15	61	-135.86
65	79	135.856
11	57	-135.815
3	13	-135.658
37	81	135.584
25	89	-135.54
39	73	-135.493
1	99	-135.413
5	51	-135.375
87	91	-135.269
59	93	-135.223
11	35	-135.19
9	55	-135.082
9	93	-135.032
33	51	-134.989
9	27	-134.972
37	67	-134.932
7	51	134.915
37	63	-134.775
55	63	-134.632
11	91	134.537
31	39	134.489
23	61	134.451
29	35	-134.362
73	79	-134.264
49	91	-134.166
1	91	134.137
7	97	134.021
27	63	-133.984
59	61	-133.935
29	85	-133.903
33	99	133.881
13	49	133.873
11	65	133.867
77	95	133.832
75	77	-133.816
31	87	-133.794
5	99	133.703
61	67	-133.693
17	89	-133.548
31	93	-133.447
25	93	-133.188
39	71	133.072
17	81	-133.048
17	55	-133.046
25	55	-133.002
59	79	132.914
25	27	-132.894
61	83	132.881
11	49	-132.866
31	95	132.848
15	37	-132.723
1	3	132.698
21	23	132.636
83	87	132.57
13	91	-132.569
29	63	132.497
17	27	-132.489
65	97	132.458
3	11	132.326
25	63	132.275
51	95	132.239
71	95	132.092
53	67	-132.076
67	81	-132.071
59	67	131.747
13	31	-131.703
15	79	131.666
39	93	-131.639
43	81	-131.627
41	69	-131.62
71	87	-131.327
71	93	-131.277
79	87	-131.098
49	87	131.078
19	91	-131.007
95	97	130.761
45	53	130.663
15	87	-130.549
65	69	-130.513
9	63	130.312
37	59	-130.235
21	67	-130.151
13	83	130.125
5	9	-130.018
5	77	-129.996
15	67	129.873
33	77	-129.623
9	37	-129.618
11	69	-129.559
19	29	-129.496
93	97	-129.351
31	37	-129.302
3	19	-129.269
39	45	-129.26
13	71	-129.229
3	43	129.179
85	91	-129.15
37	73	129.142
9	33	-129.09
23	27	129.079
13	43	-129.076
21	65	-129.018
63	99	-128.949
73	93	128.941
41	85	-128.825
5	15	-128.815
23	55	128.79
5	25	-128.755
9	61	-128.659
17	73	-128.589
39	67	128.498
43	61	-128.416
11	99	-128.413
39	65	128.376
19	61	128.234
31	35	-128.222
37	39	-128.169
37	97	-128.122
59	87	-128.102
17	79	128.098
15	33	-128.059
19	87	128
9	43	127.976
51	93	-127.933
35	71	-127.847
13	15	-127.829
5	65	-127.811
25	33	-127.794
25	37	-127.592
9	49	-127.536
7	23	-127.448
29	69	-127.44
33	65	-127.403
13	79	-127.36
39	89	-127.29
57	97	-127.27
7	63	127.173
17	61	-127.13
79	91	127.066
43	91	127.025
41	49	-126.952
67	87	-126.913
5	59	-126.861
37	71	-126.854
35	77	-126.828
51	63	126.813
3	85	-126.783
43	87	-126.747
45	97	-126.548
25	61	-126.477
15	51	126.387
23	89	126.326
15	97	126.222
49	61	126.171
65	95	126.154
65	67	126.121
33	59	-126.067
43	53	-126.029
1	21	-126.026
51	57	-126.021
45	51	-125.928
59	75	-125.834
21	41	-125.823
25	49	-125.816
15	75	-125.766
37	51	-125.74
39	55	-125.707
25	43	125.684
31	69	-125.603
17	87	-125.532
61	97	-125.511
27	39	-125.429
13	59	-125.391
51	59	125.39
89	97	-125.386
69	71	-125.312
67	69	-125.145
55	97	-125.139
27	97	-125.053
51	89	-125.042
59	97	125.041
67	73	-124.979
61	85	124.979
17	63	124.971
51	79	124.963
21	97	-124.943
79	83	-124.935
23	41	-124.922
19	41	-124.834
15	47	-124.701
45	81	124.664
51	61	-124.528
69	77	-124.512
13	67	-124.481
21	63	-124.378
23	45	124.363
51	55	-124.354
27	51	-124.326
67	71	124.297
49	83	124.294
85	87	124.28
47	59	-124.161
29	49	-124.11
39	99	-124.012
71	79	124
41	71	123.765
29	51	123.667
13	17	-123.634
11	21	-123.58
41	63	123.496
1	61	-123.48
31	79	123.411
53	83	123.192
31	67	123.159
13	47	123.14
63	69	-123.087
53	89	123.014
11	83	-122.906
9	87	-122.783
87	97	-122.761
13	97	-122.738
61	63	-122.723
23	37	122.588
21	29	-122.352
13	19	122.344
63	97	122.297
21	51	-122.277
75	85	122.203
23	99	122.144
17	23	-122.111
5	7	-122.063
5	31	-122.048
7	33	-122.034
9	19	-121.945
31	41	121.938
1	73	-121.895
23	29	-121.895
35	85	121.727
9	85	-121.69
1	83	-121.67
19	25	-121.668
25	85	-121.628
59	63	121.612
53	55	121.579
21	79	-121.521
39	61	-121.469
31	33	-121.433
67	91	121.38
79	97	121.193
23	93	120.966
21	33	120.922
63	87	-120.776
51	87	-120.703
29	97	120.69
15	63	120.659
49	65	-120.652
13	51	-120.488
25	87	-120.449
49	63	-120.448
77	97	120.438
3	79	120.426
69	85	120.381
41	51	120.38
5	21	120.309
27	53	120.25
79	99	-120.183
49	73	120.147
5	71	-120.131
77	79	120.092
19	35	119.957
95	99	-119.924
9	13	-119.914
47	87	119.847
7	39	119.798
63	91	119.782
17	67	119.725
11	61	-119.723
51	77	119.599
63	83	-119.542
33	71	-119.498
49	67	-119.489
35	67	-119.248
47	61	119.209
57	63	-119.012
19	75	118.997
13	85	118.941
19	69	118.896
35	63	-118.876
27	43	-118.871
13	63	-118.866
1	27	-118.786
27	49	118.777
81	83	118.767
1	89	-118.682
13	35	118.344
49	55	118.338
1	55	-117.998
1	87	-117.992
43	55	-117.986
1	13	-117.95
67	83	-117.942
45	73	117.927
41	97	117.921
47	85	117.904
67	77	117.898
81	89	117.858
13	25	-117.647
15	35	-117.191
57	71	-117.178
11	89	-117.125
39	87	-117.108
35	59	-117.09
13	75	117.074
15	19	-117.035
43	89	-116.99
17	99	-116.977
61	75	116.957
11	73	-116.921
31	57	-116.885
1	81	-116.869
13	69	116.808
11	27	-116.775
51	67	116.728
59	69	-116.518
15	69	-116.334
55	81	116.334
33	57	116.3
49	89	116.128
29	79	116.112
11	55	-116.111
15	85	-116.065
67	99	-116.038
5	57	116.022
3	47	-116.016
29	71	115.88
69	79	-115.835
19	59	-115.813
19	47	115.802
13	39	-115.663
7	79	115.57
43	83	-115.54
51	75	-115.405
27	81	115.193
53	91	-115.169
3	67	115.135
59	85	-115.01
19	77	-114.987
35	87	114.94
17	65	114.918
3	63	114.911
75	97	-114.773
75	87	114.707
73	83	114.522
23	65	-114.512
1	45	-114.504
29	31	114.445
37	99	114.242
11	87	-114.21
29	39	114.098
41	77	114.034
23	63	-114.033
57	67	-113.995
7	71	113.979
35	97	-113.838
9	75	-113.8
31	97	113.794
9	47	-113.724
45	49	113.7
11	13	-113.696
31	51	113.69
93	99	113.646
57	77	-113.552
49	81	113.549
37	65	-113.526
11	45	-113.508
69	87	113.448
7	95	113.441
47	91	-113.399
65	93	-113.376
3	53	-113.322
7	31	113.278
29	33	-113.27
35	61	113.2
77	85	-113.197
67	97	113.185
5	29	-113.129
23	67	-113.027
35	51	-112.949
69	97	-112.92
63	71	112.767
43	45	-112.641
11	81	-112.62
31	63	112.596
71	97	112.542
51	71	112.541
25	47	-112.469
3	75	-112.369
25	75	-112.293
47	63	-112.238
49	79	-112.236
63	77	112.141
51	69	-112.075
73	89	112.046
21	71	-111.975
21	39	-111.965
1	53	-111.707
41	59	111.638
81	91	-111.572
35	79	-111.568
47	97	-111.493
25	69	-111.437
57	79	-111.369
9	69	-111.268
75	91	-111.222
37	49	111.215
61	69	111.148
39	57	-111.081
47	51	-111.031
55	73	110.956
15	41	110.914
49	53	110.884
47	67	-110.796
21	31	-110.786
7	17	110.624
7	67	110.497
21	95	-110.417
23	33	110.315
5	23	110.197
9	35	-110.123
3	35	-110.068
49	93	110.047
23	39	-110.043
27	73	110.013
25	53	-109.993
39	41	109.986
29	67	109.973
41	79	109.866
27	47	109.866
11	17	109.823
25	35	-109.793
9	53	-109.692
3	81	-109.441
19	31	-109.431
23	95	-109.383
21	25	-109.376
33	41	-109.326
47	55	109.196
13	57	109.139
3	69	-109.122
5	41	-109.121
11	67	109.104
29	77	109.04
23	79	-109.008
29	95	108.903
23	73	108.652
11	53	-108.608
7	77	108.536
63	75	-108.524
43	85	-108.506
27	75	108.446
31	85	-108.393
17	49	-108.388
25	81	-108.367
21	59	-108.358
19	71	-108.287
17	21	-108.235
53	61	108.147
9	21	-108.063
47	89	107.975
11	95	107.97
1	93	-107.962
9	81	-107.934
1	17	107.907
35	91	-107.867
53	87	107.835
11	93	-107.8
55	75	107.726
73	91	-107.67
21	37	107.482
57	59	-107.461
71	85	-107.383
15	57	-107.328
75	89	107.231
69	91	-107.229
45	65	-107.194
1	95	107.152
15	21	-106.921
19	43	-106.726
7	93	-106.703
7	37	-106.692
57	87	106.638
11	37	-106.567
43	93	-106.559
57	61	106.508
71	99	-106.478
29	37	-106.44
1	37	-106.336
57	95	-106.313
45	99	106.282
1	67	106.266
3	73	-106.255
21	77	-106.231
29	59	106.212
11	79	106.179
31	99	-106.1
21	93	106.016
17	57	-105.943
47	83	105.89
15	29	105.737
83	99	105.475
47	79	-105.466
37	43	-105.45
17	29	105.375
27	35	105.354
43	51	105.271
43	97	105.147
65	83	-105.073
61	81	105.048
41	67	105.045
45	47	105.029
13	41	-104.972
41	95	104.95
13	53	104.929
35	55	104.877
15	53	-104.867
33	35	104.767
7	59	104.744
7	15	104.645
5	35	104.565
33	69	104.559
81	87	104.527
23	81	104.519
25	73	-104.399
5	69	104.343
9	41	104.339
13	29	-104.32
53	59	-104.318
3	41	104.271
39	69	-104.252
27	69	104.169
75	83	104.154
29	93	-104.153
45	75	104.137
39	49	-104.116
1	79	104.11
37	57	104.074
9	73	-104.074
43	67	104.067
65	71	103.98
43	63	103.974
65	89	-103.97
41	61	-103.944
41	87	-103.944
39	75	-103.889
35	89	103.834
13	21	103.827
25	41	103.78
55	69	103.766
37	41	-103.684
77	99	-103.675
7	13	-103.667
49	95	-103.537
57	93	103.513
3	29	103.452
35	39	-103.4
29	87	-103.398
55	65	-103.337
5	75	103.336
33	75	103.335
15	81	-103.334
7	61	-103.332
31	65	103.328
11	39	103.311
17	43	103.261
89	99	103.244
53	77	-103.112
59	81	-102.956
27	65	-102.864
55	99	102.854
69	89	102.85
17	41	102.842
23	53	102.739
33	47	102.702
61	73	102.668
5	47	102.609
41	91	102.513
35	83	102.506
33	49	102.488
27	99	102.479
7	45	-102.444
9	57	-102.443
13	81	102.413
5	49	102.413
11	33	-102.348
3	57	-102.284
73	87	102.279
25	57	-102.272
7	87	-102.255
1	39	102.25
5	11	-102.247
43	95	102.216
69	83	102.181
25	65	102.137
21	87	102.135
69	95	-102
67	75	-101.991
29	61	-101.987
13	99	101.982
47	93	101.946
35	45	101.939
13	65	-101.875
37	47	101.831
1	85	-101.81
29	83	-101.81
7	83	-101.81
41	93	-101.738
21	45	101.738
75	79	-101.699
65	91	101.688
61	99	101.653
77	81	-101.639
9	65	101.633
3	65	101.629
65	87	-101.573
91	99	-101.555
39	47	-101.545
49	85	101.532
27	57	101.516
21	83	101.467
23	51	-101.441
23	97	-101.428
9	29	101.382
57	91	-101.379
1	5	-101.365
29	91	101.354
1	33	-101.352
55	57	101.335
45	69	101.279
7	89	-101.266
21	61	101.257
87	99	101.221
65	77	101.209
3	99	-101.203
41	83	-101.125
25	29	101.122
15	73	-101.114
1	19	-101.091
49	51	-101.085
75	95	-101.083
35	95	-101.072
75	93	101.067
19	23	101.051
13	73	101.04
7	55	-101.031
59	99	-101.021
11	85	-101.015
15	99	-101.011
7	27	-101.009
31	53	-101.003
35	37	101.001
43	79	100.997
19	49	100.986
45	57	100.954
57	89	100.953
71	73	-100.904
5	43	-100.901
29	45	-100.881
11	19	-100.872
31	73	-100.859
59	73	-100.847
73	77	-100.835
11	63	100.831
33	43	-100.826
7	9	100.813
27	41	-100.75
31	81	-100.743
37	69	100.733
17	75	-100.718
1	51	100.703
7	91	100.68
53	71	-100.664
35	93	100.645
21	91	-100.607
71	81	-100.6
57	83	100.588
41	55	-100.587
3	7	100.571
49	97	-100.555
7	25	100.528
1	97	100.476
59	65	100.467
21	89	100.464
17	69	-100.46
37	75	100.433
11	97	100.411
23	85	100.404
41	89	-100.393
29	55	-100.369
17	35	-100.325
27	29	-100.322
39	43	100.306
15	65	100.306
17	47	-100.306
69	93	100.292
21	55	100.256
25	99	-100.202
1	63	100.192
11	51	100.18
21	27	100.143
61	65	-100.14
29	89	-100.119
3	21	-100.114
9	99	-100.106
41	45	-100.061
47	95	-100.04
94	95	20
56	57	20
84	85	20
62	63	20
82	83	20
96	97	20
64	65	20
90	91	20
36	37	20
44	45	20
80	81	20
92	93	20
78	79	20
28	29	20
86	87	20
88	89	20
50	51	20
40	41	20
22	23	20
48	49	20
70	71	20
66	67	20
24	25	20
34	35	20
58	59	20
32	33	20
42	43	20
72	73	20
76	77	20
16	17	20
54	55	20
20	21	20
60	61	20
74	75	20
38	39	20
30	31	20
46	47	20
18	19	20
14	15	20
68	69	20
52	53	20
26	27	20
0	1	20
98	99	20
4	5	20
10	11	20
12	13	20
8	9	20
6	7	20
2	3	20
26	55	19.9965
27	54	19.9965
5	32	19.9949
4	33	19.9949
9	24	19.9815
8	25	19.9815
14	59	19.9751
15	58	19.9751
30	71	19.9727
31	70	19.9727
55	88	19.9662
54	89	19.9662
26	89	19.9623
27	88	19.9623
19	84	19.9504
18	85	19.9504
13	86	19.9457
12	87	19.9457
50	97	19.9307
51	96	19.9307
44	89	19.9084
45	88	19.9084
35	68	19.9033
34	69	19.9033
28	41	19.8725
29	40	19.8725
44	55	19.8696
45	54	19.8696
53	80	19.8553
52	81	19.8553
1	10	19.8503
0	11	19.8503
72	81	19.8475
73	80	19.8475
36	93	19.8469
37	92	19.8469
2	91	19.8442
3	90	19.8442
26	45	19.8302
27	44	19.8302
61	86	19.768
60	87	19.768
53	72	19.7427
52	73	19.7427
82	91	-19.7376
83	90	-19.7376
44	93	19.727
45	92	19.727
8	59	19.7244
9	58	19.7244
35	46	19.6997
34	47	19.6997
14	31	19.6971
15	30	19.6971
66	79	19.689
67	78	19.689
8	15	19.6719
9	14	19.6719
58	71	19.6694
59	70	19.6694
31	58	19.6666
30	59	19.6666
3	82	-19.6571
2	83	-19.6571
14	71	19.6497
15	70	19.6497
12	61	19.6307
13	60	19.6307
25	58	19.6073
24	59	19.6073
27	60	19.5926
26	61	19.5926
7	98	-19.5415
6	99	-19.5415
72	99	19.5277
73	98	19.5277
55	60	19.5254
54	61	19.5254
14	25	19.5219
15	24	19.5219
30	77	19.5134
31	76	19.5134
23	48	19.4772
22	49	19.4772
62	79	19.4577
63	78	19.4577
42	75	-19.4223
43	74	-19.4223
15	76	19.3848
14	77	19.3848
60	89	19.3761
61	88	19.3761
32	37	19.3688
33	36	19.3688
5	36	19.3543
4	37	19.3543
16	83	-19.3526
17	82	-19.3526
89	92	19.3403
88	93	19.3403
36	45	19.3369
37	44	19.3369
55	92	19.3369
54	93	19.3369
53	84	19.3333
52	85	19.3333
57	98	19.3254
56	99	19.3254
43	46	-19.3231
42	47	-19.3231
4	93	19.3223
5	92	19.3223
35	56	19.3155
34	57	19.3155
46	69	19.3081
47	68	19.3081
28	65	19.2911
29	64	19.2911
32	93	19.2845
33	92	19.2845
26	87	19.2789
27	86	19.2789
71	76	19.2679
70	77	19.2679
16	39	19.2602
17	38	19.2602
27	92	19.2415
26	93	19.2415
39	50	19.2347
38	51	19.2347
54	87	19.2332
55	86	19.2332
46	57	19.1592
47	56	19.1592
2	77	19.1555
3	76	19.1555
58	77	19.1533
59	76	19.1533
76	91	19.1489
77	90	19.1489
18	53	19.1196
19	52	19.1196
4	19	19.1077
5	18	19.1077
18	33	19.0952
19	32	19.0952
62	67	19.0928
63	66	19.0928
14	91	19.0379
15	90	19.0379
39	96	19.0368
38	97	19.0368
47	74	19.0265
46	75	19.0265
36	55	18.9894
37	54	18.9894
57	68	18.9591
56	69	18.9591
20	69	18.9397
21	68	18.9397
87	88	18.9383
86	89	18.9383
45	60	18.9294
44	61	18.9294
81	98	18.9167
80	99	18.9167
6	57	-18.9096
7	56	-18.9096
80	85	18.893
81	84	18.893
12	27	18.8808
13	26	18.8808
27	36	18.8788
26	37	18.8788
9	90	18.8776
8	91	18.8776
36	89	18.8763
37	88	18.8763
6	73	-18.8596
7	72	-18.8596
93	94	-18.8518
92	95	-18.8518
6	75	-18.8445
7	74	-18.8445
9	70	18.8362
8	71	18.8362
8	31	18.8323
9	30	18.8323
12	55	18.8183
13	54	18.8183
41	64	18.8023
40	65	18.8023
20	57	18.7972
21	56	18.7972
5	84	18.7882
4	85	18.7882
59	90	18.7776
58	91	18.7776
45	94	-18.7683
44	95	-18.7683
33	84	18.7551
32	85	18.7551
53	98	18.6846
52	99	18.6846
20	35	18.6814
21	34	18.6814
24	91	18.6501
25	90	18.6501
24	71	18.6438
25	70	18.6438
25	30	18.6123
24	31	18.6123
45	86	18.5966
44	87	18.5966
78	95	18.5842
79	94	18.5842
4	95	-18.5746
5	94	-18.5746
19	80	18.538
18	81	18.538
57	74	18.524
56	75	18.524
17	90	18.5022
16	91	18.5022
3	14	18.4855
2	15	18.4855
12	89	18.4832
13	88	18.4832
33	94	-18.4211
32	95	-18.4211
9	76	18.4201
8	77	18.4201
88	95	-18.3655
89	94	-18.3655
6	81	-18.3413
7	80	-18.3413
47	48	18.34
46	49	18.34
72	85	18.335
73	84	18.335
4	45	18.3295
5	44	18.3295
16	97	18.3168
17	96	18.3168
49	68	18.3096
48	69	18.3096
34	49	18.2659
35	48	18.2659
6	65	18.2599
7	64	18.2599
33	44	18.2561
32	45	18.2561
34	43	-18.2515
35	42	-18.2515
30	91	18.2481
31	90	18.2481
16	51	18.1737
17	50	18.1737
3	16	18.1689
2	17	18.1689
2	59	18.1406
3	58	18.1406
8	83	-18.1232
9	82	-18.1232
77	82	-18.1126
76	83	-18.1126
25	76	18.1085
24	77	18.1085
12	45	18.0651
13	44	18.0651
36	95	-18.0629
37	94	-18.0629
2	9	18.0507
3	8	18.0507
54	95	-18.0243
55	94	-18.0243
19	72	18.0191
18	73	18.0191
0	43	18.0152
1	42	18.0152
6	41	17.9989
7	40	17.9989
14	83	-17.9947
15	82	-17.9947
34	75	17.9794
35	74	17.9794
71	90	17.9585
70	91	17.9585
64	81	-17.9581
65	80	-17.9581
60	93	17.9459
61	92	17.9459
27	94	-17.9342
26	95	-17.9342
24	83	-17.9211
25	82	-17.9211
57	72	17.9049
56	73	17.9049
2	31	17.885
3	30	17.885
37	86	17.8765
36	87	17.8765
86	93	17.8668
87	92	17.8668
43	48	-17.8505
42	49	-17.8505
40	75	-17.8447
41	74	-17.8447
20	99	17.7984
21	98	17.7984
0	75	-17.7852
1	74	-17.7852
6	29	17.776
7	28	17.776
3	24	17.7567
2	25	17.7567
75	98	17.7506
74	99	17.7506
58	83	-17.6967
59	82	-17.6967
43	56	-17.695
42	57	-17.695
7	52	-17.6896
6	53	-17.6896
39	82	-17.6843
38	83	-17.6843
6	47	-17.6557
7	46	-17.6557
36	61	17.6557
37	60	17.6557
64	73	-17.6092
65	72	-17.6092
0	71	17.5949
1	70	17.5949
10	71	17.5895
11	70	17.5895
42	69	-17.5841
43	68	-17.5841
4	89	17.5712
5	88	17.5712
23	76	-17.5473
22	77	-17.5473
21	46	17.5289
20	47	17.5289
2	71	17.5201
3	70	17.5201
4	55	17.5184
5	54	17.5184
18	95	-17.517
19	94	-17.517
35	98	17.5122
34	99	17.5122
66	95	17.4948
67	94	17.4948
85	94	-17.4921
84	95	-17.4921
32	89	17.4896
33	88	17.4896
23	42	-17.4673
22	43	-17.4673
32	55	17.4548
33	54	17.4548
47	98	17.4227
46	99	17.4227
5	26	17.359
4	27	17.359
0	31	17.3336
1	30	17.3336
12	37	17.3026
13	36	17.3026
26	33	17.2938
27	32	17.2938
11	30	17.2586
10	31	17.2586
13	92	17.2551
12	93	17.2551
19	92	17.2181
18	93	17.2181
18	37	17.2089
19	36	17.2089
9	16	17.2028
8	17	17.2028
62	95	17.1993
63	94	17.1993
68	75	17.1691
69	74	17.1691
6	35	-17.1482
7	34	-17.1482
16	25	17.1408
17	24	17.1408
64	99	-17.1261
65	98	-17.1261
29	74	-17.1024
28	75	-17.1024
0	41	17.0843
1	40	17.0843
6	43	17.0599
7	42	17.0599
23	46	17.05
22	47	17.05
68	99	17.0318
69	98	17.0318
10	43	17.0109
11	42	17.0109
52	65	-16.9731
53	64	-16.9731
30	83	-16.9082
31	82	-16.9082
56	81	16.8954
57	80	16.8954
10	75	-16.8365
11	74	-16.8365
85	92	16.8356
84	93	16.8356
4	53	16.7984
5	52	16.7984
32	53	16.791
33	52	16.791
38	91	16.7627
39	90	16.7627
11	40	16.7376
10	41	16.7376
37	84	16.7366
36	85	16.7366
52	57	16.6676
53	56	16.6676
21	72	16.6017
20	73	16.6017
24	39	16.5869
25	38	16.5869
70	83	-16.5859
71	82	-16.5859
84	99	16.5393
85	98	16.5393
22	35	16.5142
23	34	16.5142
8	39	16.4763
9	38	16.4763
23	30	-16.4635
22	31	-16.4635
6	69	-16.4308
7	68	-16.4308
23	68	16.4177
22	69	16.4177
15	16	16.394
14	17	16.394
6	21	-16.3526
7	20	-16.3526
65	74	-16.2733
64	75	-16.2733
61	94	-16.2536
60	95	-16.2536
11	58	16.2456
10	59	16.2456
19	98	16.2177
18	99	16.2177
40	99	-16.2164
41	98	-16.2164
17	58	16.1718
16	59	16.1718
3	22	-16.1683
2	23	-16.1683
48	75	16.1644
49	74	16.1644
41	42	16.1302
40	43	16.1302
49	56	16.1084
48	57	16.1084
82	97	-16.1062
83	96	-16.1062
23	70	-16.1009
22	71	-16.1009
2	39	16.0838
3	38	16.0838
72	75	16.0716
73	74	16.0716
1	28	16.069
0	29	16.069
1	58	16.0646
0	59	16.0646
28	99	-16.0565
29	98	-16.0565
43	98	-16.0261
42	99	-16.0261
10	15	16.0215
11	14	16.0215
29	80	-16.0009
28	81	-16.0009
30	43	15.9853
31	42	15.9853
4	81	15.9697
5	80	15.9697
42	71	15.963
43	70	15.963
32	81	15.9402
33	80	15.9402
17	76	15.9399
16	77	15.9399
28	73	-15.9236
29	72	-15.9236
0	15	15.906
1	14	15.906
50	83	-15.9021
51	82	-15.9021
44	79	-15.8934
45	78	-15.8934
21	52	15.8876
20	53	15.8876
79	84	-15.8785
78	85	-15.8785
0	47	-15.8774
1	46	-15.8774
19	44	15.8656
18	45	15.8656
0	77	15.8043
1	76	15.8043
11	28	15.7559
10	29	15.7559
40	73	-15.7506
41	72	-15.7506
62	85	-15.7208
63	84	-15.7208
79	92	-15.7126
78	93	-15.7126
20	75	15.7003
21	74	15.7003
48	77	-15.6661
49	76	-15.6661
78	89	-15.6369
79	88	-15.6369
41	80	-15.6357
40	81	-15.6357
5	78	-15.6214
4	79	-15.6214
4	87	15.6154
5	86	15.6154
87	94	-15.6149
86	95	-15.6149
33	86	15.6058
32	87	15.6058
64	85	-15.6001
65	84	-15.6001
35	72	15.5978
34	73	15.5978
4	61	15.574
5	60	15.574
19	78	-15.574
18	79	-15.574
21	80	15.56
20	81	15.56
10	77	15.548
11	76	15.548
32	61	15.5248
33	60	15.5248
45	84	15.5236
44	85	15.5236
15	22	-15.506
14	23	-15.506
42	77	15.4855
43	76	15.4855
22	91	-15.4641
23	90	-15.4641
57	64	-15.4263
56	65	-15.4263
32	79	-15.4176
33	78	-15.4176
63	64	15.4165
62	65	15.4165
46	73	15.4046
47	72	15.4046
40	57	-15.4008
41	56	-15.4008
21	48	15.3942
20	49	15.3942
23	74	15.3829
22	75	15.3829
7	84	-15.3515
6	85	-15.3515
20	43	-15.2731
21	42	-15.2731
4	73	15.269
5	72	15.269
33	72	15.267
32	73	15.267
18	63	-15.2433
19	62	-15.2433
29	42	15.2432
28	43	15.2432
75	80	15.2427
74	81	15.2427
53	94	-15.2147
52	95	-15.2147
62	81	-15.2039
63	80	-15.2039
23	58	-15.1889
22	59	-15.1889
68	73	15.1811
69	72	15.1811
55	78	-15.1604
54	79	-15.1604
1	6	15.1496
0	7	15.1496
40	47	-15.1308
41	46	-15.1308
26	79	-15.1072
27	78	-15.1072
15	38	15.1004
14	39	15.1004
18	65	-15.0126
19	64	-15.0126
39	58	15.0112
38	59	15.0112
53	96	-15.0051
52	97	-15.0051
28	53	-14.966
29	52	-14.966
12	95	-14.9652
13	94	-14.9652
19	88	14.959
18	89	14.959
51	80	-14.9472
50	81	-14.9472
44	67	-14.9457
45	66	-14.9457
28	57	-14.9402
29	56	-14.9402
4	13	14.9383
5	12	14.9383
50	53	-14.935
51	52	-14.935
12	33	14.9338
13	32	14.9338
30	49	-14.92
31	48	-14.92
8	11	14.9105
9	10	14.9105
6	19	-14.904
7	18	-14.904
80	97	-14.8985
81	96	-14.8985
17	30	14.8902
16	31	14.8902
66	89	-14.8751
67	88	-14.8751
52	63	-14.8399
53	62	-14.8399
11	46	-14.8205
10	47	-14.8205
19	54	14.8085
18	55	14.8085
84	97	-14.8062
85	96	-14.8062
80	95	-14.7892
81	94	-14.7892
10	25	14.7889
11	24	14.7889
73	96	-14.7625
72	97	-14.7625
1	22	-14.75
0	23	-14.75
50	85	-14.7334
51	84	-14.7334
50	73	-14.728
51	72	-14.728
18	97	-14.7066
19	96	-14.7066
91	96	14.6977
90	97	14.6977
37	78	-14.6942
36	79	-14.6942
5	16	-14.6855
4	17	-14.6855
16	19	-14.6733
17	18	-14.6733
16	33	-14.663
17	32	-14.663
4	83	14.6541
5	82	14.6541
48	71	-14.6506
49	70	-14.6506
33	82	14.6421
32	83	14.6421
16	71	14.6396
17	70	14.6396
18	27	14.6351
19	26	14.6351
41	52	-14.6325
40	53	-14.6325
84	89	14.6305
85	88	14.6305
2	37	-14.6304
3	36	-14.6304
91	92	-14.6155
90	93	-14.6155
16	85	-14.6026
17	84	-14.6026
2	93	-14.5994
3	92	-14.5994
83	92	14.5988
82	93	14.5988
1	8	14.5957
0	9	14.5957
4	63	-14.5931
5	62	-14.5931
39	84	-14.593
38	85	-14.593
50	91	14.5709
51	90	14.5709
36	83	14.5707
37	82	14.5707
19	50	-14.5655
18	51	-14.5655
53	74	14.514
52	75	14.514
45	90	-14.5128
44	91	-14.5128
34	81	14.5081
35	80	14.5081
66	93	-14.507
67	92	-14.507
26	77	-14.4843
27	76	-14.4843
55	76	-14.4823
54	77	-14.4823
76	89	-14.4683
77	88	-14.4683
29	46	-14.4679
28	47	-14.4679
37	90	-14.4566
36	91	-14.4566
55	84	14.4468
54	85	14.4468
0	57	-14.4291
1	56	-14.4291
18	39	-14.4278
19	38	-14.4278
1	24	14.4273
0	25	14.4273
1	34	-14.4177
0	35	-14.4177
67	84	-14.4154
66	85	-14.4154
22	83	14.4103
23	82	14.4103
32	63	-14.4076
33	62	-14.4076
3	44	-14.4009
2	45	-14.4009
45	76	-14.3969
44	77	-14.3969
79	80	-14.3957
78	81	-14.3957
54	67	-14.3938
55	66	-14.3938
26	67	-14.3771
27	66	-14.3771
37	52	14.3734
36	53	14.3734
53	78	-14.3709
52	79	-14.3709
9	94	14.3669
8	95	14.3669
52	93	14.3664
53	92	14.3664
46	81	14.3544
47	80	14.3544
24	95	14.334
25	94	14.334
88	91	-14.3295
89	90	-14.3295
7	10	14.3269
6	11	14.3269
15	42	14.3263
14	43	14.3263
2	97	14.3259
3	96	14.3259
23	56	14.3226
22	57	14.3226
35	52	14.3018
34	53	14.3018
54	91	-14.2996
55	90	-14.2996
60	77	-14.2791
61	76	-14.2791
26	85	14.2785
27	84	14.2785
42	59	14.264
43	58	14.264
2	55	-14.258
3	54	-14.258
27	90	-14.2568
26	91	-14.2568
63	92	-14.2568
62	93	-14.2568
44	83	14.2452
45	82	14.2452
4	91	-14.2446
5	90	-14.2446
57	84	14.2372
56	85	14.2372
71	74	-14.223
70	75	-14.223
1	48	-14.2211
0	49	-14.2211
62	73	-14.2206
63	72	-14.2206
3	4	-14.2136
2	5	-14.2136
91	94	14.2107
90	95	14.2107
3	32	-14.2104
2	33	-14.2104
32	91	-14.2101
33	90	-14.2101
3	26	-14.2097
2	27	-14.2097
14	89	-14.2001
15	88	-14.2001
4	67	-14.1978
5	66	-14.1978
2	89	-14.1974
3	88	-14.1974
46	65	-14.1868
47	64	-14.1868
44	63	-14.1745
45	62	-14.1745
25	78	14.1692
24	79	14.1692
31	74	-14.1464
30	75	-14.1464
31	88	-14.143
30	89	-14.143
18	67	-14.1413
19	66	-14.1413
14	45	-14.1371
15	44	-14.1371
42	65	14.1196
43	64	14.1196
69	80	14.1194
68	81	14.1194
3	50	14.1185
2	51	14.1185
16	93	-14.1176
17	92	-14.1176
38	53	-14.1134
39	52	-14.1134
9	22	-14.1096
8	23	-14.1096
17	94	14.1073
16	95	14.1073
77	86	-14.1045
76	87	-14.1045
83	94	-14.0914
82	95	-14.0914
13	22	14.08
12	23	14.08
39	80	-14.073
38	81	-14.073
38	95	14.0671
39	94	14.0671
76	93	-14.0669
77	92	-14.0669
27	30	-14.0624
26	31	-14.0624
20	85	14.0622
21	84	14.0622
39	76	14.0509
38	77	14.0509
15	26	-14.0402
14	27	-14.0402
43	72	-14.0394
42	73	-14.0394
18	21	14.0389
19	20	14.0389
15	54	-14.0369
14	55	-14.0369
59	88	-14.0362
58	89	-14.0362
31	54	-14.0327
30	55	-14.0327
16	37	-14.0187
17	36	-14.0187
15	94	14.0165
14	95	14.0165
97	98	-14.0127
96	99	-14.0127
8	79	14.0121
9	78	14.0121
32	67	-14.0084
33	66	-14.0084
52	69	14.0081
53	68	14.0081
3	48	-14.0032
2	49	-14.0032
24	67	13.9899
25	66	13.9899
19	56	13.9858
18	57	13.9858
70	89	-13.9786
71	88	-13.9786
7	48	-13.9765
6	49	-13.9765
58	95	13.9673
59	94	13.9673
55	82	13.9584
54	83	13.9584
82	89	13.9571
83	88	13.9571
45	58	-13.9566
44	59	-13.9566
24	51	13.9557
25	50	13.9557
46	53	13.9501
47	52	13.9501
34	41	-13.944
35	40	-13.944
50	99	-13.9369
51	98	-13.9369
30	45	-13.9362
31	44	-13.9362
23	86	13.9279
22	87	13.9279
13	76	-13.9079
12	77	-13.9079
27	82	13.8988
26	83	13.8988
30	61	-13.8973
31	60	-13.8973
10	23	-13.897
11	22	-13.897
30	47	-13.8773
31	46	-13.8773
27	70	-13.8759
26	71	-13.8759
15	48	-13.871
14	49	-13.871
37	76	-13.8639
36	77	-13.8639
26	59	-13.853
27	58	-13.853
8	51	13.8528
9	50	13.8528
55	58	-13.8461
54	59	-13.8461
55	70	-13.8419
54	71	-13.8419
18	83	13.8352
19	82	13.8352
63	88	-13.8303
62	89	-13.8303
1	64	13.8296
0	65	13.8296
46	71	-13.8252
47	70	-13.8252
24	97	13.8231
25	96	13.8231
23	24	-13.8111
22	25	-13.8111
4	39	-13.8004
5	38	-13.8004
2	87	-13.7957
3	86	-13.7957
8	67	13.7954
9	66	13.7954
72	95	-13.7934
73	94	-13.7934
9	44	-13.7741
8	45	-13.7741
45	70	-13.7522
44	71	-13.7522
60	79	-13.7514
61	78	-13.7514
9	96	13.7474
8	97	13.7474
8	89	-13.7447
9	88	-13.7447
15	92	-13.7366
14	93	-13.7366
4	97	-13.7363
5	96	-13.7363
48	99	13.735
49	98	13.735
0	69	-13.7298
1	68	-13.7298
33	38	-13.7295
32	39	-13.7295
32	97	-13.7181
33	96	-13.7181
2	61	-13.7177
3	60	-13.7177
61	70	-13.7105
60	71	-13.7105
2	95	13.7029
3	94	13.7029
38	63	13.7016
39	62	13.7016
17	52	-13.6825
16	53	-13.6825
60	91	-13.671
61	90	-13.671
48	59	-13.6664
49	58	-13.6664
39	78	13.6659
38	79	13.6659
16	45	-13.6659
17	44	-13.6659
47	76	-13.6594
46	77	-13.6594
82	85	13.6388
83	84	13.6388
50	65	13.6284
51	64	13.6284
80	93	13.6272
81	92	13.6272
34	65	-13.6028
35	64	-13.6028
25	44	-13.5864
24	45	-13.5864
14	61	-13.586
15	60	-13.586
65	78	13.5856
64	79	13.5856
11	56	-13.5815
10	57	-13.5815
2	13	-13.5658
3	12	-13.5658
37	80	13.5584
36	81	13.5584
24	89	-13.554
25	88	-13.554
38	73	-13.5493
39	72	-13.5493
0	99	-13.5413
1	98	-13.5413
5	50	-13.5375
4	51	-13.5375
87	90	-13.5269
86	91	-13.5269
59	92	-13.5223
58	93	-13.5223
11	34	-13.519
10	35	-13.519
8	55	-13.5082
9	54	-13.5082
8	93	-13.5032
9	92	-13.5032
33	50	-13.4989
32	51	-13.4989
8	27	-13.4972
9	26	-13.4972
36	67	-13.4932
37	66	-13.4932
7	50	13.4915
6	51	13.4915
36	63	-13.4775
37	62	-13.4775
55	62	-13.4632
54	63	-13.4632
11	90	13.4537
10	91	13.4537
31	38	13.4489
30	39	13.4489
22	61	13.4451
23	60	13.4451
28	35	-13.4362
29	34	-13.4362
72	79	-13.4264
73	78	-13.4264
48	91	-13.4166
49	90	-13.4166
1	90	13.4137
0	91	13.4137
6	97	13.4021
7	96	13.4021
26	63	-13.3984
27	62	-13.3984
58	61	-13.3935
59	60	-13.3935
28	85	-13.3903
29	84	-13.3903
32	99	13.3881
33	98	13.3881
13	48	13.3873
12	49	13.3873
10	65	13.3867
11	64	13.3867
76	95	13.3832
77	94	13.3832
74	77	-13.3816
75	76	-13.3816
31	86	-13.3794
30	87	-13.3794
5	98	13.3703
4	99	13.3703
60	67	-13.3693
61	66	-13.3693
16	89	-13.3548
17	88	-13.3548
30	93	-13.3447
31	92	-13.3447
25	92	-13.3188
24	93	-13.3188
38	71	13.3072
39	70	13.3072
17	80	-13.3048
16	81	-13.3048
16	55	-13.3046
17	54	-13.3046
24	55	-13.3002
25	54	-13.3002
59	78	13.2914
58	79	13.2914
24	27	-13.2894
25	26	-13.2894
60	83	13.2881
61	82	13.2881
10	49	-13.2866
11	48	-13.2866
31	94	13.2848
30	95	13.2848
14	37	-13.2723
15	36	-13.2723
0	3	13.2698
1	2	13.2698
20	23	13.2636
21	22	13.2636
82	87	13.257
83	86	13.257
12	91	-13.2569
13	90	-13.2569
29	62	13.2497
28	63	13.2497
17	26	-13.2489
16	27	-13.2489
64	97	13.2458
65	96	13.2458
2	11	13.2326
3	10	13.2326
25	62	13.2275
24	63	13.2275
50	95	13.2239
51	94	13.2239
70	95	13.2092
71	94	13.2092
53	66	-13.2076
52	67	-13.2076
66	81	-13.2071
67	80	-13.2071
59	66	13.1747
58	67	13.1747
13	30	-13.1703
12	31	-13.1703
14	79	13.1666
15	78	13.1666
39	92	-13.1639
38	93	-13.1639
43	80	-13.1627
42	81	-13.1627
41	68	-13.162
40	69	-13.162
70	87	-13.1327
71	86	-13.1327
70	93	-13.1277
71	92	-13.1277
79	86	-13.1098
78	87	-13.1098
49	86	13.1078
48	87	13.1078
19	90	-13.1007
18	91	-13.1007
95	96	13.0761
94	97	13.0761
44	53	13.0663
45	52	13.0663
15	86	-13.0549
14	87	-13.0549
64	69	-13.0513
65	68	-13.0513
8	63	13.0312
9	62	13.0312
36	59	-13.0235
37	58	-13.0235
21	66	-13.0151
20	67	-13.0151
13	82	13.0125
12	83	13.0125
5	8	-13.0018
4	9	-13.0018
5	76	-12.9996
4	77	-12.9996
14	67	12.9873
15	66	12.9873
32	77	-12.9623
33	76	-12.9623
9	36	-12.9618
8	37	-12.9618
10	69	-12.9559
11	68	-12.9559
19	28	-12.9496
18	29	-12.9496
93	96	-12.9351
92	97	-12.9351
31	36	-12.9302
30	37	-12.9302
2	19	-12.9269
3	18	-12.9269
39	44	-12.926
38	45	-12.926
13	70	-12.9229
12	71	-12.9229
3	42	12.9179
2	43	12.9179
85	90	-12.915
84	91	-12.915
36	73	12.9142
37	72	12.9142
9	32	-12.909
8	33	-12.909
23	26	12.9079
22	27	12.9079
13	42	-12.9076
12	43	-12.9076
21	64	-12.9018
20	65	-12.9018
63	98	-12.8949
62	99	-12.8949
73	92	12.8941
72	93	12.8941
40	85	-12.8825
41	84	-12.8825
5	14	-12.8815
4	15	-12.8815
23	54	12.879
22	55	12.879
4	25	-12.8755
5	24	-12.8755
8	61	-12.8659
9	60	-12.8659
17	72	-12.8589
16	73	-12.8589
39	66	12.8498
38	67	12.8498
43	60	-12.8416
42	61	-12.8416
11	98	-12.8413
10	99	-12.8413
38	65	12.8376
39	64	12.8376
19	60	12.8234
18	61	12.8234
30	35	-12.8222
31	34	-12.8222
37	38	-12.8169
36	39	-12.8169
36	97	-12.8122
37	96	-12.8122
59	86	-12.8102
58	87	-12.8102
16	79	12.8098
17	78	12.8098
15	32	-12.8059
14	33	-12.8059
18	87	12.8
19	86	12.8
9	42	12.7976
8	43	12.7976
51	92	-12.7933
50	93	-12.7933
34	71	-12.7847
35	70	-12.7847
13	14	-12.7829
12	15	-12.7829
5	64	-12.7811
4	65	-12.7811
24	33	-12.7794
25	32	-12.7794
24	37	-12.7592
25	36	-12.7592
8	49	-12.7536
9	48	-12.7536
7	22	-12.7448
6	23	-12.7448
29	68	-12.744
28	69	-12.744
32	65	-12.7403
33	64	-12.7403
12	79	-12.736
13	78	-12.736
38	89	-12.729
39	88	-12.729
56	97	-12.727
57	96	-12.727
7	62	12.7173
6	63	12.7173
16	61	-12.713
17	60	-12.713
78	91	12.7066
79	90	12.7066
43	90	12.7025
42	91	12.7025
41	48	-12.6952
40	49	-12.6952
66	87	-12.6913
67	86	-12.6913
5	58	-12.6861
4	59	-12.6861
36	71	-12.6854
37	70	-12.6854
34	77	-12.6828
35	76	-12.6828
51	62	12.6813
50	63	12.6813
2	85	-12.6783
3	84	-12.6783
43	86	-12.6747
42	87	-12.6747
45	96	-12.6548
44	97	-12.6548
25	60	-12.6477
24	61	-12.6477
14	51	12.6387
15	50	12.6387
23	88	12.6326
22	89	12.6326
15	96	12.6222
14	97	12.6222
49	60	12.6171
48	61	12.6171
64	95	12.6154
65	94	12.6154
64	67	12.6121
65	66	12.6121
33	58	-12.6067
32	59	-12.6067
43	52	-12.6029
42	53	-12.6029
1	20	-12.6026
0	21	-12.6026
51	56	-12.6021
50	57	-12.6021
44	51	-12.5928
45	50	-12.5928
58	75	-12.5834
59	74	-12.5834
21	40	-12.5823
20	41	-12.5823
24	49	-12.5816
25	48	-12.5816
15	74	-12.5766
14	75	-12.5766
37	50	-12.574
36	51	-12.574
39	54	-12.5707
38	55	-12.5707
25	42	12.5684
24	43	12.5684
31	68	-12.5603
30	69	-12.5603
16	87	-12.5532
17	86	-12.5532
60	97	-12.5511
61	96	-12.5511
26	39	-12.5429
27	38	-12.5429
13	58	-12.5391
12	59	-12.5391
50	59	12.539
51	58	12.539
88	97	-12.5386
89	96	-12.5386
68	71	-12.5312
69	70	-12.5312
66	69	-12.5145
67	68	-12.5145
55	96	-12.5139
54	97	-12.5139
27	96	-12.5053
26	97	-12.5053
50	89	-12.5042
51	88	-12.5042
58	97	12.5041
59	96	12.5041
67	72	-12.4979
66	73	-12.4979
60	85	12.4979
61	84	12.4979
16	63	12.4971
17	62	12.4971
51	78	12.4963
50	79	12.4963
21	96	-12.4943
20	97	-12.4943
79	82	-12.4935
78	83	-12.4935
23	40	-12.4922
22	41	-12.4922
19	40	-12.4834
18	41	-12.4834
14	47	-12.4701
15	46	-12.4701
44	81	12.4664
45	80	12.4664
50	61	-12.4528
51	60	-12.4528
69	76	-12.4512
68	77	-12.4512
12	67	-12.4481
13	66	-12.4481
20	63	-12.4378
21	62	-12.4378
22	45	12.4363
23	44	12.4363
51	54	-12.4354
50	55	-12.4354
26	51	-12.4326
27	50	-12.4326
67	70	12.4297
66	71	12.4297
49	82	12.4294
48	83	12.4294
84	87	12.428
85	86	12.428
46	59	-12.4161
47	58	-12.4161
28	49	-12.411
29	48	-12.411
38	99	-12.4012
39	98	-12.4012
71	78	12.4
70	79	12.4
40	71	12.3765
41	70	12.3765
28	51	12.3667
29	50	12.3667
13	16	-12.3634
12	17	-12.3634
10	21	-12.358
11	20	-12.358
40	63	12.3496
41	62	12.3496
0	61	-12.348
1	60	-12.348
31	78	12.3411
30	79	12.3411
52	83	12.3192
53	82	12.3192
30	67	12.3159
31	66	12.3159
12	47	12.314
13	46	12.314
62	69	-12.3087
63	68	-12.3087
53	88	12.3014
52	89	12.3014
11	82	-12.2906
10	83	-12.2906
8	87	-12.2783
9	86	-12.2783
87	96	-12.2761
86	97	-12.2761
12	97	-12.2738
13	96	-12.2738
60	63	-12.2723
61	62	-12.2723
22	37	12.2588
23	36	12.2588
21	28	-12.2352
20	29	-12.2352
13	18	12.2344
12	19	12.2344
63	96	12.2297
62	97	12.2297
21	50	-12.2277
20	51	-12.2277
75	84	12.2203
74	85	12.2203
22	99	12.2144
23	98	12.2144
17	22	-12.2111
16	23	-12.2111
4	7	-12.2063
5	6	-12.2063
4	31	-12.2048
5	30	-12.2048
6	33	-12.2034
7	32	-12.2034
8	19	-12.1945
9	18	-12.1945
30	41	12.1938
31	40	12.1938
1	72	-12.1895
0	73	-12.1895
23	28	-12.1895
22	29	-12.1895
35	84	12.1727
34	85	12.1727
8	85	-12.169
9	84	-12.169
1	82	-12.167
0	83	-12.167
18	25	-12.1668
19	24	-12.1668
24	85	-12.1628
25	84	-12.1628
58	63	12.1612
59	62	12.1612
52	55	12.1579
53	54	12.1579
21	78	-12.1521
20	79	-12.1521
38	61	-12.1469
39	60	-12.1469
30	33	-12.1433
31	32	-12.1433
67	90	12.138
66	91	12.138
78	97	12.1193
79	96	12.1193
22	93	12.0966
23	92	12.0966
21	32	12.0922
20	33	12.0922
62	87	-12.0776
63	86	-12.0776
50	87	-12.0703
51	86	-12.0703
28	97	12.069
29	96	12.069
15	62	12.0659
14	63	12.0659
49	64	-12.0652
48	65	-12.0652
13	50	-12.0488
12	51	-12.0488
25	86	-12.0449
24	87	-12.0449
48	63	-12.0448
49	62	-12.0448
77	96	12.0438
76	97	12.0438
3	78	12.0426
2	79	12.0426
68	85	12.0381
69	84	12.0381
41	50	12.038
40	51	12.038
4	21	12.0309
5	20	12.0309
27	52	12.025
26	53	12.025
78	99	-12.0183
79	98	-12.0183
48	73	12.0147
49	72	12.0147
5	70	-12.0131
4	71	-12.0131
77	78	12.0092
76	79	12.0092
19	34	11.9957
18	35	11.9957
95	98	-11.9924
94	99	-11.9924
9	12	-11.9914
8	13	-11.9914
46	87	11.9847
47	86	11.9847
6	39	11.9798
7	38	11.9798
62	91	11.9782
63	90	11.9782
16	67	11.9725
17	66	11.9725
11	60	-11.9723
10	61	-11.9723
50	77	11.9599
51	76	11.9599
63	82	-11.9542
62	83	-11.9542
33	70	-11.9498
32	71	-11.9498
48	67	-11.9489
49	66	-11.9489
35	66	-11.9248
34	67	-11.9248
47	60	11.9209
46	61	11.9209
57	62	-11.9012
56	63	-11.9012
19	74	11.8997
18	75	11.8997
12	85	11.8941
13	84	11.8941
18	69	11.8896
19	68	11.8896
34	63	-11.8876
35	62	-11.8876
26	43	-11.8871
27	42	-11.8871
12	63	-11.8866
13	62	-11.8866
0	27	-11.8786
1	26	-11.8786
26	49	11.8777
27	48	11.8777
80	83	11.8767
81	82	11.8767
1	88	-11.8682
0	89	-11.8682
13	34	11.8344
12	35	11.8344
49	54	11.8338
48	55	11.8338
0	55	-11.7998
1	54	-11.7998
1	86	-11.7992
0	87	-11.7992
43	54	-11.7986
42	55	-11.7986
0	13	-11.795
1	12	-11.795
66	83	-11.7942
67	82	-11.7942
45	72	11.7927
44	73	11.7927
40	97	11.7921
41	96	11.7921
46	85	11.7904
47	84	11.7904
67	76	11.7898
66	77	11.7898
80	89	11.7858
81	88	11.7858
12	25	-11.7647
13	24	-11.7647
15	34	-11.7191
14	35	-11.7191
57	70	-11.7178
56	71	-11.7178
11	88	-11.7125
10	89	-11.7125
39	86	-11.7108
38	87	-11.7108
34	59	-11.709
35	58	-11.709
13	74	11.7074
12	75	11.7074
15	18	-11.7035
14	19	-11.7035
42	89	-11.699
43	88	-11.699
16	99	-11.6977
17	98	-11.6977
61	74	11.6957
60	75	11.6957
11	72	-11.6921
10	73	-11.6921
31	56	-11.6885
30	57	-11.6885
0	81	-11.6869
1	80	-11.6869
13	68	11.6808
12	69	11.6808
10	27	-11.6775
11	26	-11.6775
51	66	11.6728
50	67	11.6728
58	69	-11.6518
59	68	-11.6518
15	68	-11.6334
14	69	-11.6334
55	80	11.6334
54	81	11.6334
32	57	11.63
33	56	11.63
48	89	11.6128
49	88	11.6128
29	78	11.6112
28	79	11.6112
10	55	-11.6111
11	54	-11.6111
14	85	-11.6065
15	84	-11.6065
67	98	-11.6038
66	99	-11.6038
4	57	11.6022
5	56	11.6022
3	46	-11.6016
2	47	-11.6016
29	70	11.588
28	71	11.588
69	78	-11.5835
68	79	-11.5835
18	59	-11.5813
19	58	-11.5813
18	47	11.5802
19	46	11.5802
12	39	-11.5663
13	38	-11.5663
6	79	11.557
7	78	11.557
42	83	-11.554
43	82	-11.554
51	74	-11.5405
50	75	-11.5405
27	80	11.5193
26	81	11.5193
53	90	-11.5169
52	91	-11.5169
3	66	11.5135
2	67	11.5135
58	85	-11.501
59	84	-11.501
19	76	-11.4987
18	77	-11.4987
34	87	11.494
35	86	11.494
16	65	11.4918
17	64	11.4918
2	63	11.4911
3	62	11.4911
74	97	-11.4773
75	96	-11.4773
75	86	11.4707
74	87	11.4707
73	82	11.4522
72	83	11.4522
22	65	-11.4512
23	64	-11.4512
0	45	-11.4504
1	44	-11.4504
29	30	11.4445
28	31	11.4445
37	98	11.4242
36	99	11.4242
10	87	-11.421
11	86	-11.421
29	38	11.4098
28	39	11.4098
40	77	11.4034
41	76	11.4034
23	62	-11.4033
22	63	-11.4033
57	66	-11.3995
56	67	-11.3995
6	71	11.3979
7	70	11.3979
35	96	-11.3838
34	97	-11.3838
8	75	-11.38
9	74	-11.38
31	96	11.3794
30	97	11.3794
8	47	-11.3724
9	46	-11.3724
45	48	11.37
44	49	11.37
11	12	-11.3696
10	13	-11.3696
30	51	11.369
31	50	11.369
93	98	11.3646
92	99	11.3646
57	76	-11.3552
56	77	-11.3552
49	80	11.3549
48	81	11.3549
36	65	-11.3526
37	64	-11.3526
11	44	-11.3508
10	45	-11.3508
68	87	11.3448
69	86	11.3448
7	94	11.3441
6	95	11.3441
47	90	-11.3399
46	91	-11.3399
65	92	-11.3376
64	93	-11.3376
2	53	-11.3322
3	52	-11.3322
6	31	11.3278
7	30	11.3278
28	33	-11.327
29	32	-11.327
34	61	11.32
35	60	11.32
77	84	-11.3197
76	85	-11.3197
67	96	11.3185
66	97	11.3185
4	29	-11.3129
5	28	-11.3129
23	66	-11.3027
22	67	-11.3027
35	50	-11.2949
34	51	-11.2949
68	97	-11.292
69	96	-11.292
62	71	11.2767
63	70	11.2767
43	44	-11.2641
42	45	-11.2641
11	80	-11.262
10	81	-11.262
31	62	11.2596
30	63	11.2596
70	97	11.2542
71	96	11.2542
51	70	11.2541
50	71	11.2541
24	47	-11.2469
25	46	-11.2469
2	75	-11.2369
3	74	-11.2369
24	75	-11.2293
25	74	-11.2293
46	63	-11.2238
47	62	-11.2238
48	79	-11.2236
49	78	-11.2236
62	77	11.2141
63	76	11.2141
50	69	-11.2075
51	68	-11.2075
73	88	11.2046
72	89	11.2046
21	70	-11.1975
20	71	-11.1975
20	39	-11.1965
21	38	-11.1965
0	53	-11.1707
1	52	-11.1707
40	59	11.1638
41	58	11.1638
81	90	-11.1572
80	91	-11.1572
35	78	-11.1568
34	79	-11.1568
46	97	-11.1493
47	96	-11.1493
24	69	-11.1437
25	68	-11.1437
57	78	-11.1369
56	79	-11.1369
8	69	-11.1268
9	68	-11.1268
74	91	-11.1222
75	90	-11.1222
37	48	11.1215
36	49	11.1215
60	69	11.1148
61	68	11.1148
38	57	-11.1081
39	56	-11.1081
47	50	-11.1031
46	51	-11.1031
55	72	11.0956
54	73	11.0956
14	41	11.0914
15	40	11.0914
48	53	11.0884
49	52	11.0884
46	67	-11.0796
47	66	-11.0796
21	30	-11.0786
20	31	-11.0786
6	17	11.0624
7	16	11.0624
6	67	11.0497
7	66	11.0497
21	94	-11.0417
20	95	-11.0417
22	33	11.0315
23	32	11.0315
4	23	11.0197
5	22	11.0197
8	35	-11.0123
9	34	-11.0123
2	35	-11.0068
3	34	-11.0068
48	93	11.0047
49	92	11.0047
23	38	-11.0043
22	39	-11.0043
27	72	11.0013
26	73	11.0013
25	52	-10.9993
24	53	-10.9993
38	41	10.9986
39	40	10.9986
28	67	10.9973
29	66	10.9973
41	78	10.9866
40	79	10.9866
27	46	10.9866
26	47	10.9866
10	17	10.9823
11	16	10.9823
24	35	-10.9793
25	34	-10.9793
8	53	-10.9692
9	52	-10.9692
3	80	-10.9441
2	81	-10.9441
19	30	-10.9431
18	31	-10.9431
22	95	-10.9383
23	94	-10.9383
20	25	-10.9376
21	24	-10.9376
32	41	-10.9326
33	40	-10.9326
47	54	10.9196
46	55	10.9196
13	56	10.9139
12	57	10.9139
3	68	-10.9122
2	69	-10.9122
4	41	-10.9121
5	40	-10.9121
10	67	10.9104
11	66	10.9104
28	77	10.904
29	76	10.904
23	78	-10.9008
22	79	-10.9008
29	94	10.8903
28	95	10.8903
22	73	10.8652
23	72	10.8652
11	52	-10.8608
10	53	-10.8608
6	77	10.8536
7	76	10.8536
63	74	-10.8524
62	75	-10.8524
43	84	-10.8506
42	85	-10.8506
27	74	10.8446
26	75	10.8446
30	85	-10.8393
31	84	-10.8393
16	49	-10.8388
17	48	-10.8388
25	80	-10.8367
24	81	-10.8367
21	58	-10.8358
20	59	-10.8358
19	70	-10.8287
18	71	-10.8287
16	21	-10.8235
17	20	-10.8235
53	60	10.8147
52	61	10.8147
9	20	-10.8063
8	21	-10.8063
47	88	10.7975
46	89	10.7975
11	94	10.797
10	95	10.797
1	92	-10.7962
0	93	-10.7962
9	80	-10.7934
8	81	-10.7934
1	16	10.7907
0	17	10.7907
34	91	-10.7867
35	90	-10.7867
52	87	10.7835
53	86	10.7835
11	92	-10.78
10	93	-10.78
54	75	10.7726
55	74	10.7726
72	91	-10.767
73	90	-10.767
20	37	10.7482
21	36	10.7482
56	59	-10.7461
57	58	-10.7461
71	84	-10.7383
70	85	-10.7383
14	57	-10.7328
15	56	-10.7328
74	89	10.7231
75	88	10.7231
69	90	-10.7229
68	91	-10.7229
44	65	-10.7194
45	64	-10.7194
1	94	10.7152
0	95	10.7152
14	21	-10.6921
15	20	-10.6921
19	42	-10.6726
18	43	-10.6726
6	93	-10.6703
7	92	-10.6703
6	37	-10.6692
7	36	-10.6692
56	87	10.6638
57	86	10.6638
11	36	-10.6567
10	37	-10.6567
42	93	-10.6559
43	92	-10.6559
56	61	10.6508
57	60	10.6508
70	99	-10.6478
71	98	-10.6478
29	36	-10.644
28	37	-10.644
1	36	-10.6336
0	37	-10.6336
56	95	-10.6313
57	94	-10.6313
44	99	10.6282
45	98	10.6282
0	67	10.6266
1	66	10.6266
3	72	-10.6255
2	73	-10.6255
21	76	-10.6231
20	77	-10.6231
28	59	10.6212
29	58	10.6212
11	78	10.6179
10	79	10.6179
30	99	-10.61
31	98	-10.61
20	93	10.6016
21	92	10.6016
16	57	-10.5943
17	56	-10.5943
46	83	10.589
47	82	10.589
15	28	10.5737
14	29	10.5737
83	98	10.5475
82	99	10.5475
47	78	-10.5466
46	79	-10.5466
37	42	-10.545
36	43	-10.545
16	29	10.5375
17	28	10.5375
26	35	10.5354
27	34	10.5354
42	51	10.5271
43	50	10.5271
42	97	10.5147
43	96	10.5147
65	82	-10.5073
64	83	-10.5073
60	81	10.5048
61	80	10.5048
40	67	10.5045
41	66	10.5045
44	47	10.5029
45	46	10.5029
13	40	-10.4972
12	41	-10.4972
40	95	10.495
41	94	10.495
13	52	10.4929
12	53	10.4929
34	55	10.4877
35	54	10.4877
14	53	-10.4867
15	52	-10.4867
32	35	10.4767
33	34	10.4767
7	58	10.4744
6	59	10.4744
6	15	10.4645
7	14	10.4645
4	35	10.4565
5	34	10.4565
32	69	10.4559
33	68	10.4559
80	87	10.4527
81	86	10.4527
22	81	10.4519
23	80	10.4519
25	72	-10.4399
24	73	-10.4399
5	68	10.4343
4	69	10.4343
9	40	10.4339
8	41	10.4339
12	29	-10.432
13	28	-10.432
53	58	-10.4318
52	59	-10.4318
2	41	10.4271
3	40	10.4271
39	68	-10.4252
38	69	-10.4252
26	69	10.4169
27	68	10.4169
75	82	10.4154
74	83	10.4154
28	93	-10.4153
29	92	-10.4153
44	75	10.4137
45	74	10.4137
39	48	-10.4116
38	49	-10.4116
0	79	10.411
1	78	10.411
37	56	10.4074
36	57	10.4074
9	72	-10.4074
8	73	-10.4074
43	66	10.4067
42	67	10.4067
65	70	10.398
64	71	10.398
43	62	10.3974
42	63	10.3974
65	88	-10.397
64	89	-10.397
41	60	-10.3944
40	61	-10.3944
40	87	-10.3944
41	86	-10.3944
38	75	-10.3889
39	74	-10.3889
35	88	10.3834
34	89	10.3834
13	20	10.3827
12	21	10.3827
24	41	10.378
25	40	10.378
54	69	10.3766
55	68	10.3766
36	41	-10.3684
37	40	-10.3684
76	99	-10.3675
77	98	-10.3675
7	12	-10.3667
6	13	-10.3667
48	95	-10.3537
49	94	-10.3537
57	92	10.3513
56	93	10.3513
3	28	10.3452
2	29	10.3452
35	38	-10.34
34	39	-10.34
28	87	-10.3398
29	86	-10.3398
54	65	-10.3337
55	64	-10.3337
5	74	10.3336
4	75	10.3336
33	74	10.3335
32	75	10.3335
15	80	-10.3334
14	81	-10.3334
7	60	-10.3332
6	61	-10.3332
31	64	10.3328
30	65	10.3328
10	39	10.3311
11	38	10.3311
16	43	10.3261
17	42	10.3261
88	99	10.3244
89	98	10.3244
52	77	-10.3112
53	76	-10.3112
58	81	-10.2956
59	80	-10.2956
27	64	-10.2864
26	65	-10.2864
54	99	10.2854
55	98	10.2854
68	89	10.285
69	88	10.285
17	40	10.2842
16	41	10.2842
22	53	10.2739
23	52	10.2739
32	47	10.2702
33	46	10.2702
60	73	10.2668
61	72	10.2668
4	47	10.2609
5	46	10.2609
40	91	10.2513
41	90	10.2513
34	83	10.2506
35	82	10.2506
33	48	10.2488
32	49	10.2488
27	98	10.2479
26	99	10.2479
7	44	-10.2444
6	45	-10.2444
8	57	-10.2443
9	56	-10.2443
12	81	10.2413
13	80	10.2413
5	48	10.2413
4	49	10.2413
11	32	-10.2348
10	33	-10.2348
3	56	-10.2284
2	57	-10.2284
73	86	10.2279
72	87	10.2279
24	57	-10.2272
25	56	-10.2272
7	86	-10.2255
6	87	-10.2255
1	38	10.225
0	39	10.225
4	11	-10.2247
5	10	-10.2247
42	95	10.2216
43	94	10.2216
68	83	10.2181
69	82	10.2181
24	65	10.2137
25	64	10.2137
21	86	10.2135
20	87	10.2135
69	94	-10.2
68	95	-10.2
66	75	-10.1991
67	74	-10.1991
29	60	-10.1987
28	61	-10.1987
13	98	10.1982
12	99	10.1982
47	92	10.1946
46	93	10.1946
35	44	10.1939
34	45	10.1939
13	64	-10.1875
12	65	-10.1875
36	47	10.1831
37	46	10.1831
1	84	-10.181
0	85	-10.181
29	82	-10.181
28	83	-10.181
6	83	-10.181
7	82	-10.181
41	92	-10.1738
40	93	-10.1738
20	45	10.1738
21	44	10.1738
75	78	-10.1699
74	79	-10.1699
64	91	10.1688
65	90	10.1688
60	99	10.1653
61	98	10.1653
77	80	-10.1639
76	81	-10.1639
8	65	10.1633
9	64	10.1633
2	65	10.1629
3	64	10.1629
64	87	-10.1573
65	86	-10.1573
91	98	-10.1555
90	99	-10.1555
38	47	-10.1545
39	46	-10.1545
49	84	10.1532
48	85	10.1532
26	57	10.1516
27	56	10.1516
20	83	10.1467
21	82	10.1467
22	51	-10.1441
23	50	-10.1441
22	97	-10.1428
23	96	-10.1428
9	28	10.1382
8	29	10.1382
57	90	-10.1379
56	91	-10.1379
0	5	-10.1365
1	4	-10.1365
28	91	10.1354
29	90	10.1354
1	32	-10.1352
0	33	-10.1352
55	56	10.1335
54	57	10.1335
44	69	10.1279
45	68	10.1279
7	88	-10.1266
6	89	-10.1266
21	60	10.1257
20	61	10.1257
87	98	10.1221
86	99	10.1221
65	76	10.1209
64	77	10.1209
3	98	-10.1203
2	99	-10.1203
40	83	-10.1125
41	82	-10.1125
24	29	10.1122
25	28	10.1122
15	72	-10.1114
14	73	-10.1114
1	18	-10.1091
0	19	-10.1091
49	50	-10.1085
48	51	-10.1085
75	94	-10.1083
74	95	-10.1083
35	94	-10.1072
34	95	-10.1072
75	92	10.1067
74	93	10.1067
18	23	10.1051
19	22	10.1051
13	72	10.104
12	73	10.104
7	54	-10.1031
6	55	-10.1031
59	98	-10.1021
58	99	-10.1021
11	84	-10.1015
10	85	-10.1015
14	99	-10.1011
15	98	-10.1011
6	27	-10.1009
7	26	-10.1009
30	53	-10.1003
31	52	-10.1003
34	37	10.1001
35	36	10.1001
42	79	10.0997
43	78	10.0997
19	48	10.0986
18	49	10.0986
45	56	10.0954
44	57	10.0954
57	88	10.0953
56	89	10.0953
71	72	-10.0904
70	73	-10.0904
5	42	-10.0901
4	43	-10.0901
28	45	-10.0881
29	44	-10.0881
10	19	-10.0872
11	18	-10.0872
30	73	-10.0859
31	72	-10.0859
58	73	-10.0847
59	72	-10.0847
72	77	-10.0835
73	76	-10.0835
10	63	10.0831
11	62	10.0831
33	42	-10.0826
32	43	-10.0826
7	8	10.0813
6	9	10.0813
26	41	-10.075
27	40	-10.075
31	80	-10.0743
30	81	-10.0743
36	69	10.0733
37	68	10.0733
16	75	-10.0718
17	74	-10.0718
1	50	10.0703
0	51	10.0703
7	90	10.068
6	91	10.068
53	70	-10.0664
52	71	-10.0664
34	93	10.0645
35	92	10.0645
20	91	-10.0607
21	90	-10.0607
71	80	-10.06
70	81	-10.06
57	82	10.0588
56	83	10.0588
40	55	-10.0587
41	54	-10.0587
2	7	10.0571
3	6	10.0571
48	97	-10.0555
49	96	-10.0555
7	24	10.0528
6	25	10.0528
1	96	10.0476
0	97	10.0476
59	64	10.0467
58	65	10.0467
21	88	10.0464
20	89	10.0464
17	68	-10.046
16	69	-10.046
37	74	10.0433
36	75	10.0433
10	97	10.0411
11	96	10.0411
23	84	10.0404
22	85	10.0404
40	89	-10.0393
41	88	-10.0393
29	54	-10.0369
28	55	-10.0369
16	35	-10.0325
17	34	-10.0325
27	28	-10.0322
26	29	-10.0322
38	43	10.0306
39	42	10.0306
15	64	10.0306
14	65	10.0306
16	47	-10.0306
17	46	-10.0306
69	92	10.0292
68	93	10.0292
21	54	10.0256
20	55	10.0256
25	98	-10.0202
24	99	-10.0202
0	63	10.0192
1	62	10.0192
10	51	10.018
11	50	10.018
21	26	10.0143
20	27	10.0143
61	64	-10.014
60	65	-10.014
28	89	-10.0119
29	88	-10.0119
3	20	-10.0114
2	21	-10.0114
9	98	-10.0106
8	99	-10.0106
41	44	-10.0061
40	45	-10.0061
46	95	-10.004
47	94	-10.004
26	54	1.99965
4	32	1.99949
8	24	1.99815
14	58	1.99751
30	70	1.99727
54	88	1.99662
26	88	1.99623
18	84	1.99504
12	86	1.99457
50	96	1.99307
44	88	1.99084
34	68	1.99033
28	40	1.98725
44	54	1.98696
52	80	1.98553
0	10	1.98503
72	80	1.98475
36	92	1.98469
2	90	1.98442
26	44	1.98302
60	86	1.9768
52	72	1.97427
82	90	-1.97376
44	92	1.9727
8	58	1.97244
34	46	1.96997
14	30	1.96971
66	78	1.9689
8	14	1.96719
58	70	1.96694
30	58	1.96666
2	82	-1.96571
14	70	1.96497
12	60	1.96307
24	58	1.96073
26	60	1.95926
6	98	-1.95415
72	98	1.95277
54	60	1.95254
14	24	1.95219
30	76	1.95134
22	48	1.94772
62	78	1.94577
42	74	-1.94223
14	76	1.93848
60	88	1.93761
32	36	1.93688
4	36	1.93543
16	82	-1.93526
88	92	1.93403
36	44	1.93369
54	92	1.93369
52	84	1.93333
56	98	1.93254
42	46	-1.93231
4	92	1.93223
34	56	1.93155
46	68	1.93081
28	64	1.92911
32	92	1.92845
26	86	1.92789
70	76	1.92679
16	38	1.92602
26	92	1.92415
38	50	1.92347
54	86	1.92332
46	56	1.91592
2	76	1.91555
58	76	1.91533
76	90	1.91489
18	52	1.91196
4	18	1.91077
18	32	1.90952
62	66	1.90928
14	90	1.90379
38	96	1.90368
46	74	1.90265
36	54	1.89894
56	68	1.89591
20	68	1.89397
86	88	1.89383
44	60	1.89294
80	98	1.89167
6	56	-1.89096
80	84	1.8893
12	26	1.88808
26	36	1.88788
8	90	1.88776
36	88	1.88763
6	72	-1.88596
92	94	-1.88518
6	74	-1.88445
8	70	1.88362
8	30	1.88323
12	54	1.88183
40	64	1.88023
20	56	1.87972
4	84	1.87882
58	90	1.87776
44	94	-1.87683
32	84	1.87551
52	98	1.86846
20	34	1.86814
24	90	1.86501
24	70	1.86438
24	30	1.86123
44	86	1.85966
78	94	1.85842
4	94	-1.85746
18	80	1.8538
56	74	1.8524
16	90	1.85022
2	14	1.84855
12	88	1.84832
32	94	-1.84211
8	76	1.84201
88	94	-1.83655
6	80	-1.83413
46	48	1.834
72	84	1.8335
4	44	1.83295
16	96	1.83168
48	68	1.83096
34	48	1.82659
6	64	1.82599
32	44	1.82561
34	42	-1.82515
30	90	1.82481
16	50	1.81737
2	16	1.81689
2	58	1.81406
8	82	-1.81232
76	82	-1.81126
24	76	1.81085
12	44	1.80651
36	94	-1.80629
2	8	1.80507
54	94	-1.80243
18	72	1.80191
0	42	1.80152
6	40	1.79989
14	82	-1.79947
34	74	1.79794
70	90	1.79585
64	80	-1.79581
60	92	1.79459
26	94	-1.79342
24	82	-1.79211
56	72	1.79049
2	30	1.7885
36	86	1.78765
86	92	1.78668
42	48	-1.78505
40	74	-1.78447
20	98	1.77984
0	74	-1.77852
6	28	1.7776
2	24	1.77567
74	98	1.77506
58	82	-1.76967
42	56	-1.7695
6	52	-1.76896
38	82	-1.76843
6	46	-1.76557
36	60	1.76557
64	72	-1.76092
0	70	1.75949
10	70	1.75895
42	68	-1.75841
4	88	1.75712
22	76	-1.75473
20	46	1.75289
2	70	1.75201
4	54	1.75184
18	94	-1.7517
34	98	1.75122
66	94	1.74948
84	94	-1.74921
32	88	1.74896
22	42	-1.74673
32	54	1.74548
46	98	1.74227
4	26	1.7359
0	30	1.73336
12	36	1.73026
26	32	1.72938
10	30	1.72586
12	92	1.72551
18	92	1.72181
18	36	1.72089
8	16	1.72028
62	94	1.71993
68	74	1.71691
6	34	-1.71482
16	24	1.71408
64	98	-1.71261
28	74	-1.71024
0	40	1.70843
6	42	1.70599
22	46	1.705
68	98	1.70318
10	42	1.70109
52	64	-1.69731
30	82	-1.69082
56	80	1.68954
10	74	-1.68365
84	92	1.68356
4	52	1.67984
32	52	1.6791
38	90	1.67627
10	40	1.67376
36	84	1.67366
52	56	1.66676
20	72	1.66017
24	38	1.65869
70	82	-1.65859
84	98	1.65393
22	34	1.65142
8	38	1.64763
22	30	-1.64635
6	68	-1.64308
22	68	1.64177
14	16	1.6394
6	20	-1.63526
64	74	-1.62733
60	94	-1.62536
10	58	1.62456
18	98	1.62177
40	98	-1.62164
16	58	1.61718
2	22	-1.61683
48	74	1.61644
40	42	1.61302
48	56	1.61084
82	96	-1.61062
22	70	-1.61009
2	38	1.60838
72	74	1.60716
0	28	1.6069
0	58	1.60646
28	98	-1.60565
42	98	-1.60261
10	14	1.60215
28	80	-1.60009
30	42	1.59853
4	80	1.59697
42	70	1.5963
32	80	1.59402
16	76	1.59399
28	72	-1.59236
0	14	1.5906
50	82	-1.59021
44	78	-1.58934
20	52	1.58876
78	84	-1.58785
0	46	-1.58774
18	44	1.58656
0	76	1.58043
10	28	1.57559
40	72	-1.57506
62	84	-1.57208
78	92	-1.57126
20	74	1.57003
48	76	-1.56661
78	88	-1.56369
40	80	-1.56357
4	78	-1.56214
4	86	1.56154
86	94	-1.56149
32	86	1.56058
64	84	-1.56001
34	72	1.55978
4	60	1.5574
18	78	-1.5574
20	80	1.556
10	76	1.5548
32	60	1.55248
44	84	1.55236
14	22	-1.5506
42	76	1.54855
22	90	-1.54641
56	64	-1.54263
32	78	-1.54176
62	64	1.54165
46	72	1.54046
40	56	-1.54008
20	48	1.53942
22	74	1.53829
6	84	-1.53515
20	42	-1.52731
4	72	1.5269
32	72	1.5267
18	62	-1.52433
28	42	1.52432
74	80	1.52427
52	94	-1.52147
62	80	-1.52039
22	58	-1.51889
68	72	1.51811
54	78	-1.51604
0	6	1.51496
40	46	-1.51308
26	78	-1.51072
14	38	1.51004
18	64	-1.50126
38	58	1.50112
52	96	-1.50051
28	52	-1.4966
12	94	-1.49652
18	88	1.4959
50	80	-1.49472
44	66	-1.49457
28	56	-1.49402
4	12	1.49383
50	52	-1.4935
12	32	1.49338
30	48	-1.492
8	10	1.49105
6	18	-1.4904
80	96	-1.48985
16	30	1.48902
66	88	-1.48751
52	62	-1.48399
10	46	-1.48205
18	54	1.48085
84	96	-1.48062
80	94	-1.47892
10	24	1.47889
72	96	-1.47625
0	22	-1.475
50	84	-1.47334
50	72	-1.4728
18	96	-1.47066
90	96	1.46977
36	78	-1.46942
4	16	-1.46855
16	18	-1.46733
16	32	-1.4663
4	82	1.46541
48	70	-1.46506
32	82	1.46421
16	70	1.46396
18	26	1.46351
40	52	-1.46325
84	88	1.46305
2	36	-1.46304
90	92	-1.46155
16	84	-1.46026
2	92	-1.45994
82	92	1.45988
0	8	1.45957
4	62	-1.45931
38	84	-1.4593
50	90	1.45709
36	82	1.45707
18	50	-1.45655
52	74	1.4514
44	90	-1.45128
34	80	1.45081
66	92	-1.4507
26	76	-1.44843
54	76	-1.44823
76	88	-1.44683
28	46	-1.44679
36	90	-1.44566
54	84	1.44468
0	56	-1.44291
18	38	-1.44278
0	24	1.44273
0	34	-1.44177
66	84	-1.44154
22	82	1.44103
32	62	-1.44076
2	44	-1.44009
44	76	-1.43969
78	80	-1.43957
54	66	-1.43938
26	66	-1.43771
36	52	1.43734
52	78	-1.43709
8	94	1.43669
52	92	1.43664
46	80	1.43544
24	94	1.4334
88	90	-1.43295
6	10	1.43269
14	42	1.43263
2	96	1.43259
22	56	1.43226
34	52	1.43018
54	90	-1.42996
60	76	-1.42791
26	84	1.42785
42	58	1.4264
2	54	-1.4258
26	90	-1.42568
62	92	-1.42568
44	82	1.42452
4	90	-1.42446
56	84	1.42372
70	74	-1.4223
0	48	-1.42211
62	72	-1.42206
2	4	-1.42136
90	94	1.42107
2	32	-1.42104
32	90	-1.42101
2	26	-1.42097
14	88	-1.42001
4	66	-1.41978
2	88	-1.41974
46	64	-1.41868
44	62	-1.41745
24	78	1.41692
30	74	-1.41464
30	88	-1.4143
18	66	-1.41413
14	44	-1.41371
42	64	1.41196
68	80	1.41194
2	50	1.41185
16	92	-1.41176
38	52	-1.41134
8	22	-1.41096
16	94	1.41073
76	86	-1.41045
82	94	-1.40914
12	22	1.408
38	80	-1.4073
38	94	1.40671
76	92	-1.40669
26	30	-1.40624
20	84	1.40622
38	76	1.40509
14	26	-1.40402
42	72	-1.40394
18	20	1.40389
14	54	-1.40369
58	88	-1.40362
30	54	-1.40327
16	36	-1.40187
14	94	1.40165
96	98	-1.40127
8	78	1.40121
32	66	-1.40084
52	68	1.40081
2	48	-1.40032
24	66	1.39899
18	56	1.39858
70	88	-1.39786
6	48	-1.39765
58	94	1.39673
54	82	1.39584
82	88	1.39571
44	58	-1.39566
24	50	1.39557
46	52	1.39501
34	40	-1.3944
50	98	-1.39369
30	44	-1.39362
22	86	1.39279
12	76	-1.39079
26	82	1.38988
30	60	-1.38973
10	22	-1.3897
30	46	-1.38773
26	70	-1.38759
14	48	-1.3871
36	76	-1.38639
26	58	-1.3853
8	50	1.38528
54	58	-1.38461
54	70	-1.38419
18	82	1.38352
62	88	-1.38303
0	64	1.38296
46	70	-1.38252
24	96	1.38231
22	24	-1.38111
4	38	-1.38004
2	86	-1.37957
8	66	1.37954
72	94	-1.37934
8	44	-1.37741
44	70	-1.37522
60	78	-1.37514
8	96	1.37474
8	88	-1.37447
14	92	-1.37366
4	96	-1.37363
48	98	1.3735
0	68	-1.37298
32	38	-1.37295
32	96	-1.37181
2	60	-1.37177
60	70	-1.37105
2	94	1.37029
38	62	1.37016
16	52	-1.36825
60	90	-1.3671
48	58	-1.36664
38	78	1.36659
16	44	-1.36659
46	76	-1.36594
82	84	1.36388
50	64	1.36284
80	92	1.36272
34	64	-1.36028
24	44	-1.35864
14	60	-1.3586
64	78	1.35856
10	56	-1.35815
2	12	-1.35658
36	80	1.35584
24	88	-1.3554
38	72	-1.35493
0	98	-1.35413
4	50	-1.35375
86	90	-1.35269
58	92	-1.35223
10	34	-1.3519
8	54	-1.35082
8	92	-1.35032
32	50	-1.34989
8	26	-1.34972
36	66	-1.34932
6	50	1.34915
36	62	-1.34775
54	62	-1.34632
10	90	1.34537
30	38	1.34489
22	60	1.34451
28	34	-1.34362
72	78	-1.34264
48	90	-1.34166
0	90	1.34137
6	96	1.34021
26	62	-1.33984
58	60	-1.33935
28	84	-1.33903
32	98	1.33881
12	48	1.33873
10	64	1.33867
76	94	1.33832
74	76	-1.33816
30	86	-1.33794
4	98	1.33703
60	66	-1.33693
16	88	-1.33548
30	92	-1.33447
24	92	-1.33188
38	70	1.33072
16	80	-1.33048
16	54	-1.33046
24	54	-1.33002
58	78	1.32914
24	26	-1.32894
60	82	1.32881
10	48	-1.32866
30	94	1.32848
14	36	-1.32723
0	2	1.32698
20	22	1.32636
82	86	1.3257
12	90	-1.32569
28	62	1.32497
16	26	-1.32489
64	96	1.32458
2	10	1.32326
24	62	1.32275
50	94	1.32239
70	94	1.32092
52	66	-1.32076
66	80	-1.32071
58	66	1.31747
12	30	-1.31703
14	78	1.31666
38	92	-1.31639
42	80	-1.31627
40	68	-1.3162
70	86	-1.31327
70	92	-1.31277
78	86	-1.31098
48	86	1.31078
18	90	-1.31007
94	96	1.30761
44	52	1.30663
14	86	-1.30549
64	68	-1.30513
8	62	1.30312
36	58	-1.30235
20	66	-1.30151
12	82	1.30125
4	8	-1.30018
4	76	-1.29996
14	66	1.29873
32	76	-1.29623
8	36	-1.29618
10	68	-1.29559
18	28	-1.29496
92	96	-1.29351
30	36	-1.29302
2	18	-1.29269
38	44	-1.2926
12	70	-1.29229
2	42	1.29179
84	90	-1.2915
36	72	1.29142
8	32	-1.2909
22	26	1.29079
12	42	-1.29076
20	64	-1.29018
62	98	-1.28949
72	92	1.28941
40	84	-1.28825
4	14	-1.28815
22	54	1.2879
4	24	-1.28755
8	60	-1.28659
16	72	-1.28589
38	66	1.28498
42	60	-1.28416
10	98	-1.28413
38	64	1.28376
18	60	1.28234
30	34	-1.28222
36	38	-1.28169
36	96	-1.28122
58	86	-1.28102
16	78	1.28098
14	32	-1.28059
18	86	1.28
8	42	1.27976
50	92	-1.27933
34	70	-1.27847
12	14	-1.27829
4	64	-1.27811
24	32	-1.27794
24	36	-1.27592
8	48	-1.27536
6	22	-1.27448
28	68	-1.2744
32	64	-1.27403
12	78	-1.2736
38	88	-1.2729
56	96	-1.2727
6	62	1.27173
16	60	-1.2713
78	90	1.27066
42	90	1.27025
40	48	-1.26952
66	86	-1.26913
4	58	-1.26861
36	70	-1.26854
34	76	-1.26828
50	62	1.26813
2	84	-1.26783
42	86	-1.26747
44	96	-1.26548
24	60	-1.26477
14	50	1.26387
22	88	1.26326
14	96	1.26222
48	60	1.26171
64	94	1.26154
64	66	1.26121
32	58	-1.26067
42	52	-1.26029
0	20	-1.26026
50	56	-1.26021
44	50	-1.25928
58	74	-1.25834
20	40	-1.25823
24	48	-1.25816
14	74	-1.25766
36	50	-1.2574
38	54	-1.25707
24	42	1.25684
30	68	-1.25603
16	86	-1.25532
60	96	-1.25511
26	38	-1.25429
12	58	-1.25391
50	58	1.2539
88	96	-1.25386
68	70	-1.25312
66	68	-1.25145
54	96	-1.25139
26	96	-1.25053
50	88	-1.25042
58	96	1.25041
66	72	-1.24979
60	84	1.24979
16	62	1.24971
50	78	1.24963
20	96	-1.24943
78	82	-1.24935
22	40	-1.24922
18	40	-1.24834
14	46	-1.24701
44	80	1.24664
50	60	-1.24528
68	76	-1.24512
12	66	-1.24481
20	62	-1.24378
22	44	1.24363
50	54	-1.24354
26	50	-1.24326
66	70	1.24297
48	82	1.24294
84	86	1.2428
46	58	-1.24161
28	48	-1.2411
38	98	-1.24012
70	78	1.24
40	70	1.23765
28	50	1.23667
12	16	-1.23634
10	20	-1.2358
40	62	1.23496
0	60	-1.2348
30	78	1.23411
52	82	1.23192
30	66	1.23159
12	46	1.2314
62	68	-1.23087
52	88	1.23014
10	82	-1.22906
8	86	-1.22783
86	96	-1.22761
12	96	-1.22738
60	62	-1.22723
22	36	1.22588
20	28	-1.22352
12	18	1.22344
62	96	1.22297
20	50	-1.22277
74	84	1.22203
22	98	1.22144
16	22	-1.22111
4	6	-1.22063
4	30	-1.22048
6	32	-1.22034
8	18	-1.21945
30	40	1.21938
0	72	-1.21895
22	28	-1.21895
34	84	1.21727
8	84	-1.2169
0	82	-1.2167
18	24	-1.21668
24	84	-1.21628
58	62	1.21612
52	54	1.21579
20	78	-1.21521
38	60	-1.21469
30	32	-1.21433
66	90	1.2138
78	96	1.21193
22	92	1.20966
20	32	1.20922
62	86	-1.20776
50	86	-1.20703
28	96	1.2069
14	62	1.20659
48	64	-1.20652
12	50	-1.20488
24	86	-1.20449
48	62	-1.20448
76	96	1.20438
2	78	1.20426
68	84	1.20381
40	50	1.2038
4	20	1.20309
26	52	1.2025
78	98	-1.20183
48	72	1.20147
4	70	-1.20131
76	78	1.20092
18	34	1.19957
94	98	-1.19924
8	12	-1.19914
46	86	1.19847
6	38	1.19798
62	90	1.19782
16	66	1.19725
10	60	-1.19723
50	76	1.19599
62	82	-1.19542
32	70	-1.19498
48	66	-1.19489
34	66	-1.19248
46	60	1.19209
56	62	-1.19012
18	74	1.18997
12	84	1.18941
18	68	1.18896
34	62	-1.18876
26	42	-1.18871
12	62	-1.18866
0	26	-1.18786
26	48	1.18777
80	82	1.18767
0	88	-1.18682
12	34	1.18344
48	54	1.18338
0	54	-1.17998
0	86	-1.17992
42	54	-1.17986
0	12	-1.1795
66	82	-1.17942
44	72	1.17927
40	96	1.17921
46	84	1.17904
66	76	1.17898
80	88	1.17858
12	24	-1.17647
14	34	-1.17191
56	70	-1.17178
10	88	-1.17125
38	86	-1.17108
34	58	-1.1709
12	74	1.17074
14	18	-1.17035
42	88	-1.1699
16	98	-1.16977
60	74	1.16957
10	72	-1.16921
30	56	-1.16885
0	80	-1.16869
12	68	1.16808
10	26	-1.16775
50	66	1.16728
58	68	-1.16518
14	68	-1.16334
54	80	1.16334
32	56	1.163
48	88	1.16128
28	78	1.16112
10	54	-1.16111
14	84	-1.16065
66	98	-1.16038
4	56	1.16022
2	46	-1.16016
28	70	1.1588
68	78	-1.15835
18	58	-1.15813
18	46	1.15802
12	38	-1.15663
6	78	1.1557
42	82	-1.1554
50	74	-1.15405
26	80	1.15193
52	90	-1.15169
2	66	1.15135
58	84	-1.1501
18	76	-1.14987
34	86	1.1494
16	64	1.14918
2	62	1.14911
74	96	-1.14773
74	86	1.14707
72	82	1.14522
22	64	-1.14512
0	44	-1.14504
28	30	1.14445
36	98	1.14242
10	86	-1.1421
28	38	1.14098
40	76	1.14034
22	62	-1.14033
56	66	-1.13995
6	70	1.13979
34	96	-1.13838
8	74	-1.138
30	96	1.13794
8	46	-1.13724
44	48	1.137
10	12	-1.13696
30	50	1.1369
92	98	1.13646
56	76	-1.13552
48	80	1.13549
36	64	-1.13526
10	44	-1.13508
68	86	1.13448
6	94	1.13441
46	90	-1.13399
64	92	-1.13376
2	52	-1.13322
6	30	1.13278
28	32	-1.1327
34	60	1.132
76	84	-1.13197
66	96	1.13185
4	28	-1.13129
22	66	-1.13027
34	50	-1.12949
68	96	-1.1292
62	70	1.12767
42	44	-1.12641
10	80	-1.1262
30	62	1.12596
70	96	1.12542
50	70	1.12541
24	46	-1.12469
2	74	-1.12369
24	74	-1.12293
46	62	-1.12238
48	78	-1.12236
62	76	1.12141
50	68	-1.12075
72	88	1.12046
20	70	-1.11975
20	38	-1.11965
0	52	-1.11707
40	58	1.11638
80	90	-1.11572
34	78	-1.11568
46	96	-1.11493
24	68	-1.11437
56	78	-1.11369
8	68	-1.11268
74	90	-1.11222
36	48	1.11215
60	68	1.11148
38	56	-1.11081
46	50	-1.11031
54	72	1.10956
14	40	1.10914
48	52	1.10884
46	66	-1.10796
20	30	-1.10786
6	16	1.10624
6	66	1.10497
20	94	-1.10417
22	32	1.10315
4	22	1.10197
8	34	-1.10123
2	34	-1.10068
48	92	1.10047
22	38	-1.10043
26	72	1.10013
24	52	-1.09993
38	40	1.09986
28	66	1.09973
40	78	1.09866
26	46	1.09866
10	16	1.09823
24	34	-1.09793
8	52	-1.09692
2	80	-1.09441
18	30	-1.09431
22	94	-1.09383
20	24	-1.09376
32	40	-1.09326
46	54	1.09196
12	56	1.09139
2	68	-1.09122
4	40	-1.09121
10	66	1.09104
28	76	1.0904
22	78	-1.09008
28	94	1.08903
22	72	1.08652
10	52	-1.08608
6	76	1.08536
62	74	-1.08524
42	84	-1.08506
26	74	1.08446
30	84	-1.08393
16	48	-1.08388
24	80	-1.08367
20	58	-1.08358
18	70	-1.08287
16	20	-1.08235
52	60	1.08147
8	20	-1.08063
46	88	1.07975
10	94	1.0797
0	92	-1.07962
8	80	-1.07934
0	16	1.07907
34	90	-1.07867
52	86	1.07835
10	92	-1.078
54	74	1.07726
72	90	-1.0767
20	36	1.07482
56	58	-1.07461
70	84	-1.07383
14	56	-1.07328
74	88	1.07231
68	90	-1.07229
44	64	-1.07194
0	94	1.07152
14	20	-1.06921
18	42	-1.06726
6	92	-1.06703
6	36	-1.06692
56	86	1.06638
10	36	-1.06567
42	92	-1.06559
56	60	1.06508
70	98	-1.06478
28	36	-1.0644
0	36	-1.06336
56	94	-1.06313
44	98	1.06282
0	66	1.06266
2	72	-1.06255
20	76	-1.06231
28	58	1.06212
10	78	1.06179
30	98	-1.061
20	92	1.06016
16	56	-1.05943
46	82	1.0589
14	28	1.05737
82	98	1.05475
46	78	-1.05466
36	42	-1.0545
16	28	1.05375
26	34	1.05354
42	50	1.05271
42	96	1.05147
64	82	-1.05073
60	80	1.05048
40	66	1.05045
44	46	1.05029
12	40	-1.04972
40	94	1.0495
12	52	1.04929
34	54	1.04877
14	52	-1.04867
32	34	1.04767
6	58	1.04744
6	14	1.04645
4	34	1.04565
32	68	1.04559
80	86	1.04527
22	80	1.04519
24	72	-1.04399
4	68	1.04343
8	40	1.04339
12	28	-1.0432
52	58	-1.04318
2	40	1.04271
38	68	-1.04252
26	68	1.04169
74	82	1.04154
28	92	-1.04153
44	74	1.04137
38	48	-1.04116
0	78	1.0411
36	56	1.04074
8	72	-1.04074
42	66	1.04067
64	70	1.0398
42	62	1.03974
64	88	-1.0397
40	60	-1.03944
40	86	-1.03944
38	74	-1.03889
34	88	1.03834
12	20	1.03827
24	40	1.0378
54	68	1.03766
36	40	-1.03684
76	98	-1.03675
6	12	-1.03667
48	94	-1.03537
56	92	1.03513
2	28	1.03452
34	38	-1.034
28	86	-1.03398
54	64	-1.03337
4	74	1.03336
32	74	1.03335
14	80	-1.03334
6	60	-1.03332
30	64	1.03328
10	38	1.03311
16	42	1.03261
88	98	1.03244
52	76	-1.03112
58	80	-1.02956
26	64	-1.02864
54	98	1.02854
68	88	1.0285
16	40	1.02842
22	52	1.02739
32	46	1.02702
60	72	1.02668
4	46	1.02609
40	90	1.02513
34	82	1.02506
32	48	1.02488
26	98	1.02479
6	44	-1.02444
8	56	-1.02443
12	80	1.02413
4	48	1.02413
10	32	-1.02348
2	56	-1.02284
72	86	1.02279
24	56	-1.02272
6	86	-1.02255
0	38	1.0225
4	10	-1.02247
42	94	1.02216
68	82	1.02181
24	64	1.02137
20	86	1.02135
68	94	-1.02
66	74	-1.01991
28	60	-1.01987
12	98	1.01982
46	92	1.01946
34	44	1.01939
12	64	-1.01875
36	46	1.01831
0	84	-1.0181
28	82	-1.0181
6	82	-1.0181
40	92	-1.01738
20	44	1.01738
74	78	-1.01699
64	90	1.01688
60	98	1.01653
76	80	-1.01639
8	64	1.01633
2	64	1.01629
64	86	-1.01573
90	98	-1.01555
38	46	-1.01545
48	84	1.01532
26	56	1.01516
20	82	1.01467
22	50	-1.01441
22	96	-1.01428
8	28	1.01382
56	90	-1.01379
0	4	-1.01365
28	90	1.01354
0	32	-1.01352
54	56	1.01335
44	68	1.01279
6	88	-1.01266
20	60	1.01257
86	98	1.01221
64	76	1.01209
2	98	-1.01203
40	82	-1.01125
24	28	1.01122
14	72	-1.01114
0	18	-1.01091
48	50	-1.01085
74	94	-1.01083
34	94	-1.01072
74	92	1.01067
18	22	1.01051
12	72	1.0104
6	54	-1.01031
58	98	-1.01021
10	84	-1.01015
14	98	-1.01011
6	26	-1.01009
30	52	-1.01003
34	36	1.01001
42	78	1.00997
18	48	1.00986
44	56	1.00954
56	88	1.00953
70	72	-1.00904
4	42	-1.00901
28	44	-1.00881
10	18	-1.00872
30	72	-1.00859
58	72	-1.00847
72	76	-1.00835
10	62	1.00831
32	42	-1.00826
6	8	1.00813
26	40	-1.0075
30	80	-1.00743
36	68	1.00733
16	74	-1.00718
0	50	1.00703
6	90	1.0068
52	70	-1.00664
34	92	1.00645
20	90	-1.00607
70	80	-1.006
56	82	1.00588
40	54	-1.00587
2	6	1.00571
48	96	-1.00555
6	24	1.00528
0	96	1.00476
58	64	1.00467
20	88	1.00464
16	68	-1.0046
36	74	1.00433
10	96	1.00411
22	84	1.00404
40	88	-1.00393
28	54	-1.00369
16	34	-1.00325
26	28	-1.00322
38	42	1.00306
14	64	1.00306
16	46	-1.00306
68	92	1.00292
20	54	1.00256
24	98	-1.00202
0	62	1.00192
10	50	1.0018
20	26	1.00143
60	64	-1.0014
28	88	-1.00119
2	20	-1.00114
8	98	-1.00106
40	44	-1.00061
46	94	-1.0004
