13	75	199.886
45	75	-199.825
11	83	199.773
25	65	199.477
71	89	199.471
13	45	-199.433
15	37	199.354
7	39	199.093
73	79	199.06
21	65	199.034
33	67	199.033
57	91	-198.728
17	59	198.27
71	87	198.148
73	99	198.104
49	87	197.712
17	57	197.674
21	25	197.429
25	53	197.358
53	65	197.319
19	49	197.196
37	77	196.995
15	77	196.898
27	91	-196.415
87	89	196.068
9	67	195.909
5	41	195.728
21	81	-195.464
51	93	195.429
47	63	195.39
35	53	195.259
23	97	195.202
51	95	194.725
3	13	194.704
79	99	194.703
9	33	194.283
21	53	193.896
57	59	193.862
49	71	193.596
17	91	-193.526
25	35	193.427
27	57	193.378
3	75	193.217
27	63	193.031
61	69	192.946
11	97	192.818
19	87	192.71
1	13	192.69
9	35	192.6
31	99	192.505
1	75	192.362
11	51	191.79
49	89	191.647
3	7	191.633
87	95	-191.342
61	83	191.308
1	45	-191.283
3	45	-191.271
65	81	-191.126
85	99	191.01
55	89	190.864
19	89	190.738
19	71	190.65
51	83	190.461
35	65	190.456
83	97	190.282
33	85	190.185
9	53	190.139
3	39	189.644
93	97	189.624
63	81	188.597
31	73	188.571
11	61	188.455
31	85	188.186
55	71	188.055
59	91	-187.451
51	97	187.316
49	95	-187.3
25	81	-186.862
27	47	186.084
83	95	185.842
11	95	185.495
67	85	185.456
71	95	-184.842
1	3	184.707
19	39	184.703
1	7	184.188
43	53	-184.159
21	35	184.113
53	81	-184.093
17	27	184.048
7	29	-183.934
11	93	183.854
31	79	182.778
33	43	-182.515
29	69	182.319
93	95	182.293
7	13	182.274
39	49	182.204
73	85	181.768
51	87	-181.319
29	61	181.255
83	93	180.895
29	39	-180.887
63	91	-180.881
79	93	-180.856
43	81	180.452
9	25	180.402
7	75	179.748
11	23	179.687
89	95	-179.433
33	53	179.336
61	95	179.312
35	67	178.877
9	65	178.737
43	65	-178.708
27	59	178.484
47	81	178.449
21	63	-178.44
5	15	178.413
5	43	178.296
55	87	178.293
43	85	-178.201
7	19	178.194
21	43	-178.072
53	67	177.98
29	95	177.95
23	93	177.809
51	71	-177.396
1	39	177.01
7	49	176.994
9	43	-176.928
13	39	176.796
33	35	176.793
29	49	-176.573
23	83	176.355
7	45	-176.341
43	67	-175.841
5	85	-175.825
15	41	175.578
31	33	175.071
57	63	175.014
19	95	-174.875
25	43	-174.673
77	81	174.628
79	85	174.302
1	29	-174.294
31	67	174.074
51	61	174.033
39	75	173.961
47	77	173.029
73	93	-173.013
43	77	172.982
9	85	172.539
49	51	-172.321
47	91	-171.952
5	37	171.888
51	89	-171.826
95	97	171.708
9	21	171.441
69	83	171.386
27	81	171.149
23	51	170.771
87	93	-170.673
71	93	-170.661
63	65	-170.405
39	45	-170.286
37	41	169.826
39	87	169.514
5	99	-169.337
29	87	-169.217
5	77	169.063
15	43	168.833
19	55	168.795
47	57	168.781
49	55	168.701
35	43	-168.637
33	99	168.385
35	81	-168.255
61	97	167.278
19	29	-167.177
11	69	167.079
63	77	166.885
55	79	166.826
89	93	-166.147
25	63	-165.88
33	65	165.266
25	33	165.142
21	27	-164.668
55	73	164.494
29	83	164.489
25	67	164.177
67	99	163.765
7	87	163.717
51	79	-163.654
65	67	163.382
37	43	163.136
21	47	-163.046
31	55	162.907
5	73	-162.411
55	93	-162.212
3	29	-161.979
41	77	161.973
15	81	161.522
69	95	161.499
17	63	161.473
11	87	-161.437
83	87	-161.406
41	43	161.302
37	47	161.253
41	99	-160.945
93	99	-160.919
11	29	160.905
39	71	160.717
41	85	-160.613
79	97	-160.578
55	95	-160.083
37	81	159.732
51	55	-159.561
39	95	-159.449
9	81	-159.11
39	89	159.065
29	51	159.057
19	51	-158.894
3	19	158.866
21	33	158.79
5	79	-158.438
49	93	-158.317
15	47	157.522
41	73	-157.506
53	63	-157.497
29	71	-157.182
21	77	-157.169
61	93	157.098
13	29	-157.057
5	33	-156.992
17	47	156.894
27	65	-156.762
53	85	156.575
7	95	-156.57
21	67	156.135
41	79	-156.099
81	91	-156.078
33	73	155.978
49	83	-155.92
59	63	155.908
55	99	155.877
23	79	-155.57
61	87	-155.386
9	31	155.301
11	49	-155.206
51	73	-154.92
29	75	-154.77
49	61	-154.616
47	65	-154.562
47	59	154.53
11	71	-154.013
25	27	-154.01
7	71	153.881
71	83	-153.385
3	49	153.118
43	99	-152.876
37	63	152.849
21	91	152.733
1	69	-152.646
73	97	-152.542
29	89	-152.355
23	95	152.143
71	79	152.073
67	73	151.811
7	89	151.755
29	45	151.427
33	81	-151.165
79	89	151.062
65	77	-150.971
51	69	150.97
15	63	150.898
23	61	150.855
43	63	150.71
5	31	-150.551
87	97	-150.232
35	85	149.688
25	47	-149.465
23	73	-148.71
5	67	-148.101
7	69	-147.926
11	89	-147.59
53	77	-147.312
33	79	147.24
71	91	146.954
31	43	-146.946
67	81	-146.937
87	91	146.925
83	89	-146.899
31	93	-146.887
57	81	146.795
9	99	146.622
57	71	-146.596
19	93	-146.569
23	41	146.533
71	97	-146.48
57	87	-146.447
7	61	-146.364
89	91	146.218
79	95	-146.096
59	93	146.095
71	73	145.955
65	91	145.618
11	79	-145.553
27	49	-145.552
73	89	145.548
15	21	-145.461
51	59	145.416
17	71	-145.412
57	89	-145.41
27	87	-145.392
61	71	-145.253
49	91	145.114
79	87	144.738
25	77	-144.548
17	89	-144.325
29	47	144.145
5	81	144.124
17	87	-144.123
49	69	-144.112
25	91	144.103
35	63	-144.087
39	61	-144.079
43	47	144.043
47	53	-143.85
5	53	-143.611
7	81	-143.37
67	79	143.323
49	57	-143.285
19	91	143.063
39	69	-143.057
39	81	-142.996
27	95	142.979
27	77	142.966
57	95	142.844
65	85	142.785
21	37	-142.703
97	99	-142.684
1	49	142.633
27	71	-142.579
21	57	-142.529
59	95	142.461
29	63	142.294
51	99	-142.138
19	27	-142.12
69	97	142.074
1	19	142.047
69	87	-142.028
79	83	-141.847
17	55	-141.802
27	53	-141.705
17	51	141.705
15	85	-141.66
19	83	-141.653
21	39	141.554
5	9	-141.487
49	97	-141.463
23	99	-141.36
17	93	141.351
59	71	-141.344
89	97	-141.246
11	19	-141.208
25	85	141.143
17	95	141.073
59	87	-141.052
91	95	-140.914
27	89	-140.854
13	43	-140.816
49	63	-140.732
43	75	-140.719
51	57	140.616
15	65	-140.441
43	45	140.439
43	73	-140.394
19	61	-140.351
47	61	140.303
3	21	140.262
7	21	140.15
13	19	139.941
19	57	-139.749
3	65	139.627
31	41	-139.602
17	49	-139.594
33	41	-139.44
59	89	-139.394
61	89	-139.363
3	53	139.236
3	81	-139.13
39	63	-139.083
55	57	-139.051
7	63	-139.004
39	65	138.692
1	61	-138.678
3	87	138.651
47	69	138.578
39	51	-138.47
29	93	138.424
77	85	-138.352
15	53	-138.322
21	85	138.226
3	43	-138.202
55	91	138.069
73	87	137.956
73	95	-137.934
47	95	137.815
5	65	-137.733
11	73	-137.681
3	25	137.57
1	43	-137.556
5	21	-137.549
63	95	137.413
33	77	-137.344
19	63	-137.211
37	65	-137.173
63	87	-137.162
57	93	137.157
7	65	137.038
55	59	-137.004
19	75	136.877
13	49	136.513
51	91	-136.487
31	89	136.435
29	97	136.415
25	39	136.266
59	79	-136.097
81	85	-136.077
27	51	135.943
49	59	-135.92
27	29	135.91
37	85	-135.89
27	39	-135.749
17	19	-135.714
57	65	-135.625
7	51	-135.279
59	97	135.266
29	81	135.241
13	81	-135.195
1	81	-135.183
1	77	-135.097
9	73	134.942
11	59	134.874
15	25	-134.856
31	71	134.826
11	55	-134.694
39	83	-134.604
89	99	134.506
15	33	-134.496
71	99	134.429
5	23	134.337
7	27	-134.331
73	83	-134.264
37	53	-134.263
5	25	-134.258
25	57	-134.235
75	81	-134.207
7	25	134.067
23	35	-133.971
23	87	-133.872
7	83	-133.859
85	93	-133.707
39	53	133.672
59	83	133.651
49	75	133.565
55	83	-133.521
29	77	133.455
55	97	-133.448
27	35	-133.417
69	71	-133.272
69	93	133.192
19	45	-133.187
43	79	-133.088
47	49	-133.064
41	97	133.032
41	93	133.003
45	81	132.937
19	21	132.913
31	51	-132.85
13	21	132.837
47	83	132.831
69	77	132.785
7	53	132.767
13	69	-132.596
19	69	-132.557
11	39	-132.534
39	91	132.476
17	79	-132.469
17	81	132.311
55	85	132.285
9	77	-132.244
13	53	132.202
19	81	-131.919
35	47	-131.892
7	43	-131.875
59	73	-131.829
67	77	-131.819
23	71	-131.773
45	59	131.742
21	75	131.691
63	71	-131.651
91	93	-131.648
41	67	-131.62
25	37	-131.62
39	55	131.585
69	75	-131.56
13	65	131.507
9	63	-131.505
27	37	131.429
41	81	131.412
7	11	-131.395
1	15	-131.238
53	75	131.23
7	47	-131.222
49	81	-131.179
45	85	-131.164
3	69	-131.151
5	35	-131.094
17	45	131.062
19	97	-131.043
37	69	130.944
11	47	130.941
47	87	-130.926
3	71	130.778
49	79	130.777
31	53	130.762
33	45	-130.661
61	63	130.644
53	91	130.594
3	95	-130.564
1	63	-130.499
1	95	-130.474
3	9	130.468
41	53	-130.427
21	45	-130.413
7	91	130.399
65	75	130.364
3	35	130.297
59	75	-130.285
33	75	130.264
19	59	-130.213
45	53	-130.213
33	37	-130.2
1	87	130.197
13	33	130.059
3	89	129.964
45	49	-129.935
39	47	-129.869
31	35	129.809
45	69	129.806
75	85	129.761
17	75	-129.755
1	5	-129.728
39	57	-129.687
19	65	129.623
63	89	-129.505
69	89	-129.422
3	33	129.209
31	97	-129.178
11	57	129.138
45	65	-129.137
47	51	129.123
11	17	129.119
13	59	-129.1
35	77	-129.013
1	47	-128.919
21	49	128.913
9	23	-128.891
15	99	-128.864
39	43	-128.857
19	25	128.793
17	21	-128.782
13	17	-128.779
27	83	128.748
15	27	128.741
29	55	-128.675
53	99	128.661
13	85	128.641
1	37	-128.617
17	73	-128.589
57	83	128.584
13	25	128.562
27	55	-128.443
3	63	-128.427
7	57	-128.338
11	27	128.331
17	97	128.321
15	67	-128.308
23	89	-128.236
29	91	-128.21
29	57	128.179
5	45	128.15
17	83	128.098
27	43	127.968
11	99	-127.864
23	69	127.711
27	93	127.711
9	79	127.698
3	61	-127.698
77	91	-127.688
5	93	127.679
63	69	127.557
23	85	-127.511
15	69	127.489
25	75	127.41
45	57	127.401
23	59	127.384
1	59	-127.365
5	75	-127.276
27	61	127.212
1	21	127.11
9	41	-127.05
23	49	-126.992
19	47	-126.868
51	63	126.843
41	65	-126.821
87	99	126.592
57	75	-126.529
17	39	-126.515
3	67	126.484
21	41	-126.48
55	61	-126.477
13	63	-126.468
29	59	126.386
5	13	-126.295
45	67	-126.279
25	45	-126.222
9	15	-126.22
29	37	126.138
95	99	-126.108
67	75	125.985
13	57	-125.931
13	67	125.904
59	81	125.871
9	13	125.869
7	17	-125.864
63	75	-125.856
45	91	-125.82
57	97	125.627
7	77	-125.587
63	83	125.573
31	87	125.459
9	75	125.403
3	27	-125.318
75	91	125.287
23	31	-125.245
11	91	-125.231
35	91	125.21
23	67	-125.201
15	29	125.168
7	55	125.156
9	47	-125.12
37	67	-125.066
21	29	-125.062
9	45	-125.059
45	63	125.054
13	91	125.003
83	91	-124.935
25	41	-124.922
83	99	-124.885
47	71	-124.821
17	29	124.766
49	73	124.752
3	91	124.746
35	99	124.701
49	65	124.653
1	27	-124.616
35	39	124.542
1	17	-124.54
13	27	-124.452
59	99	-124.382
27	75	-124.346
27	45	124.306
19	79	124.19
11	63	124.142
7	59	-124.132
85	97	-124.035
57	79	-123.957
59	61	123.936
1	65	123.934
81	87	-123.875
37	99	-123.86
5	97	123.842
13	87	123.747
39	59	-123.675
3	17	-123.521
13	61	-123.497
3	57	-123.269
13	77	-123.22
25	49	123.072
23	33	-123.017
75	77	-123.003
17	65	-122.941
1	53	122.879
1	57	-122.841
9	37	-122.817
55	69	-122.769
35	41	-122.748
23	55	-122.693
39	93	-122.587
11	31	-122.573
15	31	-122.511
7	35	122.479
57	77	122.331
45	77	122.324
33	63	-122.227
47	89	-122.117
57	61	122.111
17	25	-122.111
61	75	-122
53	57	-121.98
19	23	-121.943
39	77	-121.929
15	35	-121.928
61	77	121.895
15	73	-121.871
77	99	-121.824
1	41	-121.813
35	97	-121.8
21	59	-121.742
31	95	-121.537
3	59	-121.522
21	87	121.457
13	35	121.438
1	91	121.336
17	99	-121.32
75	87	121.264
3	85	121.252
19	53	121.232
1	71	121.201
31	83	-121.193
5	47	120.991
5	63	120.946
91	97	-120.844
17	23	120.709
61	79	-120.706
23	25	-120.566
35	75	120.49
23	29	120.467
31	37	-120.393
23	53	-120.371
63	67	-120.341
81	95	120.322
9	97	-120.319
27	97	120.294
31	59	-120.277
29	65	-120.22
13	47	-120.085
1	25	120.039
61	91	-120.019
1	85	119.989
27	69	119.93
45	61	119.921
57	73	-119.895
67	97	-119.882
37	91	-119.828
13	95	-119.778
47	75	-119.75
17	61	119.676
35	45	-119.605
1	89	119.328
29	43	119.309
17	31	-119.304
15	75	-119.242
3	47	-119.233
19	73	119.232
45	99	-119.229
7	93	-119.223
13	15	-119.199
3	77	-119.186
45	47	119.166
9	39	119.026
7	9	118.931
15	45	118.868
1	83	-118.809
1	33	118.719
35	37	-118.69
69	81	118.639
71	81	-118.506
7	15	-118.378
33	47	-118.322
45	87	-118.274
41	45	118.253
53	73	118.247
41	55	-118.218
79	91	118.192
37	61	118.137
15	79	-118.131
35	57	-118.117
31	65	118.029
31	77	-118.022
39	97	-118.02
51	85	-117.905
23	57	117.844
47	67	-117.842
47	93	117.763
25	31	117.758
75	95	-117.667
9	27	-117.658
21	71	117.655
67	69	-117.552
37	73	-117.483
41	75	-117.455
21	89	117.455
65	99	117.453
61	81	117.446
81	89	-117.381
3	83	-117.375
75	99	117.331
65	87	117.319
33	97	-117.296
47	97	117.186
15	91	-117.144
3	5	-117.126
7	37	-116.938
25	29	-116.813
19	35	116.724
59	65	-116.667
41	51	116.635
13	71	116.596
55	67	116.58
13	41	-116.563
11	35	-116.542
23	65	-116.505
25	99	116.429
35	83	-116.384
9	83	-116.364
49	53	116.352
33	55	116.331
61	67	-116.329
31	69	-116.311
9	11	-116.265
9	61	-116.148
63	93	116.116
25	87	116.09
25	59	-116.084
7	33	116.002
1	11	-115.999
13	37	-115.982
37	75	-115.954
61	73	-115.936
35	73	115.889
13	99	115.854
67	83	-115.835
11	67	-115.824
31	45	-115.696
7	97	-115.631
3	11	-115.591
31	61	-115.586
13	89	115.555
43	91	-115.54
37	45	115.516
37	57	115.408
49	99	115.36
29	53	-115.343
9	69	-115.254
31	49	115.07
55	63	-115.051
45	95	115.028
5	55	-115.022
33	93	-115.008
15	39	-114.925
15	61	114.922
67	93	-114.672
21	95	-114.663
33	39	114.555
73	91	114.522
3	51	-114.506
73	77	-114.496
71	75	114.488
1	67	114.469
1	9	114.466
23	91	-114.367
59	69	114.252
21	99	114.241
65	89	114.194
31	75	114.108
65	71	114.107
3	15	-114.104
41	47	114.06
1	51	-114.032
37	79	-114.009
21	31	113.845
25	89	113.799
37	39	-113.754
35	61	-113.684
33	69	-113.553
7	67	113.519
75	89	113.506
81	99	-113.49
25	71	113.437
57	69	113.338
45	73	-113.249
41	63	113.237
57	99	-113.006
13	31	112.961
17	77	112.885
85	89	112.859
23	27	112.818
63	97	112.804
53	79	112.778
19	31	112.623
15	57	112.583
39	67	112.56
11	41	112.537
71	85	112.467
11	85	-112.387
69	91	-112.175
5	51	112.157
49	77	-112.131
21	23	-112.092
45	71	-112.04
5	7	-111.961
23	43	111.938
17	53	-111.817
11	33	-111.79
23	39	-111.763
31	57	-111.712
33	61	-111.689
3	37	-111.582
33	83	-111.568
35	79	111.507
73	75	111.461
47	55	-111.342
1	35	111.312
19	99	111.28
31	81	-111.276
45	89	-111.155
35	49	111.116
21	61	-111.025
43	69	110.952
17	69	110.869
77	95	110.865
63	85	-110.854
77	79	-110.811
83	85	-110.764
65	95	-110.727
19	77	-110.717
25	97	-110.675
53	97	-110.633
37	55	-110.509
27	79	-110.475
61	99	-110.416
81	83	110.403
13	83	-110.26
3	55	110.247
35	69	-110.133
17	35	-110.116
13	73	110.102
59	77	109.986
21	69	-109.978
41	83	109.866
19	43	-109.852
45	79	-109.8
43	57	109.696
1	99	109.671
53	87	109.608
9	91	109.545
61	65	-109.509
53	61	-109.469
3	41	-109.44
7	85	109.426
51	81	109.392
25	95	-109.383
65	73	109.312
11	81	109.083
25	61	-109.057
25	83	-109.008
7	23	-108.991
15	55	-108.974
75	83	-108.964
11	25	-108.791
59	85	-108.691
25	73	108.652
47	85	-108.642
53	69	-108.622
69	79	-108.586
17	37	108.585
5	39	-108.551
43	49	-108.501
91	99	108.493
9	93	-108.469
11	13	-108.437
29	79	-108.436
53	83	-108.398
27	33	-108.252
23	47	108.221
41	89	-108.193
75	79	108.188
21	83	-108.175
35	59	-108.142
11	53	-108.12
65	69	-108.096
77	83	108.08
65	97	-108.021
5	29	108.013
65	83	-107.999
31	91	107.988
29	35	-107.896
3	23	-107.855
77	87	-107.763
53	59	-107.758
3	99	107.715
27	67	-107.68
51	67	-107.644
11	65	-107.571
11	21	-107.508
85	87	107.471
3	31	107.423
45	83	107.397
15	23	107.367
3	97	-107.268
11	75	-107.232
19	37	-107.214
27	73	-107.17
5	11	107.158
39	85	107.137
69	73	-107.093
53	89	107.05
41	71	-107.033
85	95	-107.024
13	79	106.982
21	73	106.974
53	71	106.951
9	19	106.945
37	49	-106.945
25	69	-106.841
13	51	-106.806
15	19	-106.69
73	81	-106.621
69	85	-106.599
17	85	-106.596
9	29	-106.558
33	51	-106.535
23	63	106.472
11	77	106.303
15	49	-106.175
15	17	106.104
21	51	-106.069
35	87	106.029
7	41	-105.97
11	45	105.81
37	95	105.777
9	55	105.769
21	97	-105.763
37	59	105.678
51	75	-105.595
69	99	-105.585
5	27	105.548
43	93	105.547
43	61	105.541
1	31	105.533
65	79	105.53
1	73	105.493
9	57	-105.362
35	93	-105.301
53	95	-105.286
61	85	-105.193
37	83	105.156
5	83	105.153
25	79	105.11
21	55	105.098
5	69	105.062
23	37	105.017
41	59	105.001
41	95	104.95
43	97	104.933
35	89	104.896
55	77	-104.884
29	73	-104.87
3	93	-104.867
35	51	-104.784
9	51	-104.77
1	55	104.732
37	89	-104.684
29	33	-104.6
55	81	-104.543
71	77	-104.525
35	71	104.455
15	95	104.449
77	89	-104.408
23	81	104.347
29	41	104.342
1	93	-104.274
29	67	-104.241
5	89	-104.205
35	95	-104.202
45	51	104.19
37	87	-104.125
39	41	-104.064
51	65	-104.028
39	79	103.97
25	51	-103.961
21	79	103.781
11	37	103.757
5	71	-103.751
79	81	-103.732
51	77	103.73
9	49	103.694
25	55	103.692
1	79	103.681
41	69	103.672
41	87	-103.613
15	59	103.583
1	97	-103.542
55	65	103.539
43	87	-103.518
15	89	-103.492
37	71	-103.474
3	73	103.391
15	83	103.362
5	59	103.356
17	43	103.261
33	89	103.202
15	87	-103.127
67	89	103.111
19	41	-103.097
5	95	102.99
27	99	-102.877
17	41	102.842
13	55	102.821
81	97	102.781
33	71	102.771
43	55	-102.729
27	41	102.619
67	71	102.596
7	79	102.585
49	85	102.57
33	91	102.506
81	93	102.489
19	33	102.417
15	71	-102.407
15	93	102.392
11	15	102.31
39	73	102.255
15	97	102.235
43	95	102.216
67	91	102.181
27	31	-102.114
55	75	102.108
13	23	-102.034
67	95	-102
57	85	-101.991
19	67	101.985
63	79	-101.945
29	31	-101.898
31	47	-101.869
23	77	101.831
23	75	-101.769
59	67	-101.742
7	99	101.705
9	59	-101.705
9	95	-101.666
23	45	101.666
51	53	-101.648
13	97	-101.585
27	85	-101.575
47	79	-101.555
7	73	101.554
3	79	101.55
43	59	101.509
5	87	-101.479
19	85	101.458
45	55	-101.449
9	17	-101.417
43	71	-101.388
25	93	-101.349
29	85	-101.33
37	97	101.324
21	93	-101.295
5	17	101.289
29	99	-101.266
37	51	101.24
53	93	-101.239
39	99	101.218
33	59	-101.188
41	91	-101.125
75	97	-101.098
37	93	101.088
33	95	-101.072
63	99	-101.071
41	49	-101.058
13	93	-101.044
31	39	101.03
53	55	101.004
43	83	100.997
43	89	-100.997
33	49	100.995
7	31	100.957
41	61	100.934
5	91	-100.909
33	87	100.838
63	73	-100.837
11	43	100.822
65	93	-100.815
35	55	100.799
15	51	100.797
85	91	100.794
77	93	100.766
75	93	-100.75
9	87	100.713
41	57	100.685
45	97	100.68
67	87	100.635
9	89	100.617
77	97	100.6
57	67	-100.565
45	93	100.543
49	67	100.538
33	57	-100.523
5	19	-100.496
17	67	-100.46
31	63	-100.449
43	51	100.423
47	99	-100.41
9	71	100.372
47	73	-100.341
1	23	-100.339
17	33	-100.325
5	61	100.277
5	57	100.045
5	49	-100.019
66	67	20
36	37	20
92	93	20
28	29	20
96	97	20
34	35	20
74	75	20
78	79	20
54	55	20
72	73	20
40	41	20
58	59	20
20	21	20
30	31	20
64	65	20
88	89	20
24	25	20
18	19	20
62	63	20
16	17	20
38	39	20
70	71	20
26	27	20
68	69	20
60	61	20
80	81	20
22	23	20
94	95	20
44	45	20
84	85	20
48	49	20
86	87	20
42	43	20
52	53	20
82	83	20
90	91	20
56	57	20
32	33	20
14	15	20
50	51	20
46	47	20
76	77	20
0	1	20
98	99	20
4	5	20
10	11	20
2	3	20
8	9	20
12	13	20
6	7	20
12	75	19.9886
13	74	19.9886
45	74	-19.9825
44	75	-19.9825
11	82	19.9773
10	83	19.9773
24	65	19.9477
25	64	19.9477
71	88	19.9471
70	89	19.9471
12	45	-19.9433
13	44	-19.9433
14	37	19.9354
15	36	19.9354
6	39	19.9093
7	38	19.9093
73	78	19.906
72	79	19.906
21	64	19.9034
20	65	19.9034
33	66	19.9033
32	67	19.9033
57	90	-19.8728
56	91	-19.8728
16	59	19.827
17	58	19.827
70	87	19.8148
71	86	19.8148
72	99	19.8104
73	98	19.8104
48	87	19.7712
49	86	19.7712
17	56	19.7674
16	57	19.7674
20	25	19.7429
21	24	19.7429
24	53	19.7358
25	52	19.7358
53	64	19.7319
52	65	19.7319
19	48	19.7196
18	49	19.7196
36	77	19.6995
37	76	19.6995
15	76	19.6898
14	77	19.6898
26	91	-19.6415
27	90	-19.6415
86	89	19.6068
87	88	19.6068
8	67	19.5909
9	66	19.5909
4	41	19.5728
5	40	19.5728
21	80	-19.5464
20	81	-19.5464
51	92	19.5429
50	93	19.5429
46	63	19.539
47	62	19.539
35	52	19.5259
34	53	19.5259
23	96	19.5202
22	97	19.5202
51	94	19.4725
50	95	19.4725
2	13	19.4704
3	12	19.4704
79	98	19.4703
78	99	19.4703
8	33	19.4283
9	32	19.4283
21	52	19.3896
20	53	19.3896
56	59	19.3862
57	58	19.3862
48	71	19.3596
49	70	19.3596
16	91	-19.3526
17	90	-19.3526
25	34	19.3427
24	35	19.3427
27	56	19.3378
26	57	19.3378
3	74	19.3217
2	75	19.3217
26	63	19.3031
27	62	19.3031
60	69	19.2946
61	68	19.2946
10	97	19.2818
11	96	19.2818
18	87	19.271
19	86	19.271
1	12	19.269
0	13	19.269
8	35	19.26
9	34	19.26
31	98	19.2505
30	99	19.2505
0	75	19.2362
1	74	19.2362
10	51	19.179
11	50	19.179
48	89	19.1647
49	88	19.1647
3	6	19.1633
2	7	19.1633
87	94	-19.1342
86	95	-19.1342
61	82	19.1308
60	83	19.1308
0	45	-19.1283
1	44	-19.1283
3	44	-19.1271
2	45	-19.1271
64	81	-19.1126
65	80	-19.1126
85	98	19.101
84	99	19.101
55	88	19.0864
54	89	19.0864
19	88	19.0738
18	89	19.0738
19	70	19.065
18	71	19.065
50	83	19.0461
51	82	19.0461
35	64	19.0456
34	65	19.0456
83	96	19.0282
82	97	19.0282
33	84	19.0185
32	85	19.0185
8	53	19.0139
9	52	19.0139
3	38	18.9644
2	39	18.9644
92	97	18.9624
93	96	18.9624
63	80	18.8597
62	81	18.8597
31	72	18.8571
30	73	18.8571
11	60	18.8455
10	61	18.8455
30	85	18.8186
31	84	18.8186
54	71	18.8055
55	70	18.8055
59	90	-18.7451
58	91	-18.7451
51	96	18.7316
50	97	18.7316
48	95	-18.73
49	94	-18.73
24	81	-18.6862
25	80	-18.6862
27	46	18.6084
26	47	18.6084
82	95	18.5842
83	94	18.5842
10	95	18.5495
11	94	18.5495
67	84	18.5456
66	85	18.5456
71	94	-18.4842
70	95	-18.4842
0	3	18.4707
1	2	18.4707
19	38	18.4703
18	39	18.4703
1	6	18.4188
0	7	18.4188
43	52	-18.4159
42	53	-18.4159
21	34	18.4113
20	35	18.4113
52	81	-18.4093
53	80	-18.4093
16	27	18.4048
17	26	18.4048
7	28	-18.3934
6	29	-18.3934
10	93	18.3854
11	92	18.3854
30	79	18.2778
31	78	18.2778
33	42	-18.2515
32	43	-18.2515
29	68	18.2319
28	69	18.2319
93	94	18.2293
92	95	18.2293
7	12	18.2274
6	13	18.2274
39	48	18.2204
38	49	18.2204
72	85	18.1768
73	84	18.1768
50	87	-18.1319
51	86	-18.1319
28	61	18.1255
29	60	18.1255
82	93	18.0895
83	92	18.0895
29	38	-18.0887
28	39	-18.0887
62	91	-18.0881
63	90	-18.0881
79	92	-18.0856
78	93	-18.0856
43	80	18.0452
42	81	18.0452
9	24	18.0402
8	25	18.0402
7	74	17.9748
6	75	17.9748
11	22	17.9687
10	23	17.9687
88	95	-17.9433
89	94	-17.9433
32	53	17.9336
33	52	17.9336
60	95	17.9312
61	94	17.9312
34	67	17.8877
35	66	17.8877
8	65	17.8737
9	64	17.8737
43	64	-17.8708
42	65	-17.8708
26	59	17.8484
27	58	17.8484
46	81	17.8449
47	80	17.8449
20	63	-17.844
21	62	-17.844
5	14	17.8413
4	15	17.8413
4	43	17.8296
5	42	17.8296
55	86	17.8293
54	87	17.8293
42	85	-17.8201
43	84	-17.8201
6	19	17.8194
7	18	17.8194
21	42	-17.8072
20	43	-17.8072
53	66	17.798
52	67	17.798
28	95	17.795
29	94	17.795
22	93	17.7809
23	92	17.7809
51	70	-17.7396
50	71	-17.7396
0	39	17.701
1	38	17.701
6	49	17.6994
7	48	17.6994
9	42	-17.6928
8	43	-17.6928
12	39	17.6796
13	38	17.6796
32	35	17.6793
33	34	17.6793
29	48	-17.6573
28	49	-17.6573
22	83	17.6355
23	82	17.6355
7	44	-17.6341
6	45	-17.6341
43	66	-17.5841
42	67	-17.5841
4	85	-17.5825
5	84	-17.5825
15	40	17.5578
14	41	17.5578
31	32	17.5071
30	33	17.5071
56	63	17.5014
57	62	17.5014
18	95	-17.4875
19	94	-17.4875
25	42	-17.4673
24	43	-17.4673
77	80	17.4628
76	81	17.4628
78	85	17.4302
79	84	17.4302
0	29	-17.4294
1	28	-17.4294
31	66	17.4074
30	67	17.4074
50	61	17.4033
51	60	17.4033
38	75	17.3961
39	74	17.3961
46	77	17.3029
47	76	17.3029
73	92	-17.3013
72	93	-17.3013
43	76	17.2982
42	77	17.2982
9	84	17.2539
8	85	17.2539
48	51	-17.2321
49	50	-17.2321
47	90	-17.1952
46	91	-17.1952
5	36	17.1888
4	37	17.1888
51	88	-17.1826
50	89	-17.1826
94	97	17.1708
95	96	17.1708
9	20	17.1441
8	21	17.1441
69	82	17.1386
68	83	17.1386
27	80	17.1149
26	81	17.1149
22	51	17.0771
23	50	17.0771
87	92	-17.0673
86	93	-17.0673
70	93	-17.0661
71	92	-17.0661
62	65	-17.0405
63	64	-17.0405
39	44	-17.0286
38	45	-17.0286
37	40	16.9826
36	41	16.9826
39	86	16.9514
38	87	16.9514
4	99	-16.9337
5	98	-16.9337
29	86	-16.9217
28	87	-16.9217
5	76	16.9063
4	77	16.9063
14	43	16.8833
15	42	16.8833
18	55	16.8795
19	54	16.8795
46	57	16.8781
47	56	16.8781
48	55	16.8701
49	54	16.8701
35	42	-16.8637
34	43	-16.8637
32	99	16.8385
33	98	16.8385
35	80	-16.8255
34	81	-16.8255
60	97	16.7278
61	96	16.7278
19	28	-16.7177
18	29	-16.7177
10	69	16.7079
11	68	16.7079
63	76	16.6885
62	77	16.6885
55	78	16.6826
54	79	16.6826
88	93	-16.6147
89	92	-16.6147
24	63	-16.588
25	62	-16.588
33	64	16.5266
32	65	16.5266
24	33	16.5142
25	32	16.5142
20	27	-16.4668
21	26	-16.4668
54	73	16.4494
55	72	16.4494
28	83	16.4489
29	82	16.4489
25	66	16.4177
24	67	16.4177
67	98	16.3765
66	99	16.3765
7	86	16.3717
6	87	16.3717
50	79	-16.3654
51	78	-16.3654
64	67	16.3382
65	66	16.3382
36	43	16.3136
37	42	16.3136
21	46	-16.3046
20	47	-16.3046
31	54	16.2907
30	55	16.2907
4	73	-16.2411
5	72	-16.2411
54	93	-16.2212
55	92	-16.2212
2	29	-16.1979
3	28	-16.1979
40	77	16.1973
41	76	16.1973
15	80	16.1522
14	81	16.1522
68	95	16.1499
69	94	16.1499
17	62	16.1473
16	63	16.1473
10	87	-16.1437
11	86	-16.1437
82	87	-16.1406
83	86	-16.1406
41	42	16.1302
40	43	16.1302
36	47	16.1253
37	46	16.1253
41	98	-16.0945
40	99	-16.0945
92	99	-16.0919
93	98	-16.0919
10	29	16.0905
11	28	16.0905
39	70	16.0717
38	71	16.0717
41	84	-16.0613
40	85	-16.0613
78	97	-16.0578
79	96	-16.0578
55	94	-16.0083
54	95	-16.0083
37	80	15.9732
36	81	15.9732
51	54	-15.9561
50	55	-15.9561
38	95	-15.9449
39	94	-15.9449
8	81	-15.911
9	80	-15.911
38	89	15.9065
39	88	15.9065
28	51	15.9057
29	50	15.9057
19	50	-15.8894
18	51	-15.8894
2	19	15.8866
3	18	15.8866
20	33	15.879
21	32	15.879
5	78	-15.8438
4	79	-15.8438
49	92	-15.8317
48	93	-15.8317
14	47	15.7522
15	46	15.7522
40	73	-15.7506
41	72	-15.7506
52	63	-15.7497
53	62	-15.7497
28	71	-15.7182
29	70	-15.7182
20	77	-15.7169
21	76	-15.7169
61	92	15.7098
60	93	15.7098
13	28	-15.7057
12	29	-15.7057
4	33	-15.6992
5	32	-15.6992
16	47	15.6894
17	46	15.6894
26	65	-15.6762
27	64	-15.6762
53	84	15.6575
52	85	15.6575
7	94	-15.657
6	95	-15.657
21	66	15.6135
20	67	15.6135
41	78	-15.6099
40	79	-15.6099
80	91	-15.6078
81	90	-15.6078
33	72	15.5978
32	73	15.5978
48	83	-15.592
49	82	-15.592
59	62	15.5908
58	63	15.5908
55	98	15.5877
54	99	15.5877
22	79	-15.557
23	78	-15.557
60	87	-15.5386
61	86	-15.5386
9	30	15.5301
8	31	15.5301
11	48	-15.5206
10	49	-15.5206
51	72	-15.492
50	73	-15.492
29	74	-15.477
28	75	-15.477
49	60	-15.4616
48	61	-15.4616
47	64	-15.4562
46	65	-15.4562
47	58	15.453
46	59	15.453
11	70	-15.4013
10	71	-15.4013
25	26	-15.401
24	27	-15.401
7	70	15.3881
6	71	15.3881
71	82	-15.3385
70	83	-15.3385
3	48	15.3118
2	49	15.3118
42	99	-15.2876
43	98	-15.2876
37	62	15.2849
36	63	15.2849
21	90	15.2733
20	91	15.2733
1	68	-15.2646
0	69	-15.2646
72	97	-15.2542
73	96	-15.2542
29	88	-15.2355
28	89	-15.2355
22	95	15.2143
23	94	15.2143
71	78	15.2073
70	79	15.2073
67	72	15.1811
66	73	15.1811
6	89	15.1755
7	88	15.1755
28	45	15.1427
29	44	15.1427
32	81	-15.1165
33	80	-15.1165
78	89	15.1062
79	88	15.1062
64	77	-15.0971
65	76	-15.0971
51	68	15.097
50	69	15.097
15	62	15.0898
14	63	15.0898
23	60	15.0855
22	61	15.0855
43	62	15.071
42	63	15.071
5	30	-15.0551
4	31	-15.0551
86	97	-15.0232
87	96	-15.0232
34	85	14.9688
35	84	14.9688
24	47	-14.9465
25	46	-14.9465
23	72	-14.871
22	73	-14.871
5	66	-14.8101
4	67	-14.8101
6	69	-14.7926
7	68	-14.7926
11	88	-14.759
10	89	-14.759
53	76	-14.7312
52	77	-14.7312
32	79	14.724
33	78	14.724
71	90	14.6954
70	91	14.6954
30	43	-14.6946
31	42	-14.6946
67	80	-14.6937
66	81	-14.6937
87	90	14.6925
86	91	14.6925
83	88	-14.6899
82	89	-14.6899
31	92	-14.6887
30	93	-14.6887
56	81	14.6795
57	80	14.6795
8	99	14.6622
9	98	14.6622
56	71	-14.6596
57	70	-14.6596
19	92	-14.6569
18	93	-14.6569
22	41	14.6533
23	40	14.6533
70	97	-14.648
71	96	-14.648
56	87	-14.6447
57	86	-14.6447
6	61	-14.6364
7	60	-14.6364
88	91	14.6218
89	90	14.6218
79	94	-14.6096
78	95	-14.6096
58	93	14.6095
59	92	14.6095
70	73	14.5955
71	72	14.5955
65	90	14.5618
64	91	14.5618
11	78	-14.5553
10	79	-14.5553
26	49	-14.5552
27	48	-14.5552
72	89	14.5548
73	88	14.5548
14	21	-14.5461
15	20	-14.5461
50	59	14.5416
51	58	14.5416
16	71	-14.5412
17	70	-14.5412
56	89	-14.541
57	88	-14.541
26	87	-14.5392
27	86	-14.5392
60	71	-14.5253
61	70	-14.5253
49	90	14.5114
48	91	14.5114
78	87	14.4738
79	86	14.4738
24	77	-14.4548
25	76	-14.4548
17	88	-14.4325
16	89	-14.4325
28	47	14.4145
29	46	14.4145
4	81	14.4124
5	80	14.4124
17	86	-14.4123
16	87	-14.4123
48	69	-14.4112
49	68	-14.4112
25	90	14.4103
24	91	14.4103
34	63	-14.4087
35	62	-14.4087
39	60	-14.4079
38	61	-14.4079
42	47	14.4043
43	46	14.4043
47	52	-14.385
46	53	-14.385
5	52	-14.3611
4	53	-14.3611
6	81	-14.337
7	80	-14.337
66	79	14.3323
67	78	14.3323
49	56	-14.3285
48	57	-14.3285
18	91	14.3063
19	90	14.3063
39	68	-14.3057
38	69	-14.3057
38	81	-14.2996
39	80	-14.2996
26	95	14.2979
27	94	14.2979
26	77	14.2966
27	76	14.2966
56	95	14.2844
57	94	14.2844
64	85	14.2785
65	84	14.2785
21	36	-14.2703
20	37	-14.2703
96	99	-14.2684
97	98	-14.2684
1	48	14.2633
0	49	14.2633
27	70	-14.2579
26	71	-14.2579
21	56	-14.2529
20	57	-14.2529
59	94	14.2461
58	95	14.2461
28	63	14.2294
29	62	14.2294
51	98	-14.2138
50	99	-14.2138
18	27	-14.212
19	26	-14.212
69	96	14.2074
68	97	14.2074
0	19	14.2047
1	18	14.2047
68	87	-14.2028
69	86	-14.2028
78	83	-14.1847
79	82	-14.1847
17	54	-14.1802
16	55	-14.1802
26	53	-14.1705
27	52	-14.1705
16	51	14.1705
17	50	14.1705
14	85	-14.166
15	84	-14.166
18	83	-14.1653
19	82	-14.1653
20	39	14.1554
21	38	14.1554
5	8	-14.1487
4	9	-14.1487
49	96	-14.1463
48	97	-14.1463
22	99	-14.136
23	98	-14.136
16	93	14.1351
17	92	14.1351
58	71	-14.1344
59	70	-14.1344
89	96	-14.1246
88	97	-14.1246
11	18	-14.1208
10	19	-14.1208
24	85	14.1143
25	84	14.1143
17	94	14.1073
16	95	14.1073
59	86	-14.1052
58	87	-14.1052
90	95	-14.0914
91	94	-14.0914
26	89	-14.0854
27	88	-14.0854
12	43	-14.0816
13	42	-14.0816
48	63	-14.0732
49	62	-14.0732
43	74	-14.0719
42	75	-14.0719
51	56	14.0616
50	57	14.0616
14	65	-14.0441
15	64	-14.0441
42	45	14.0439
43	44	14.0439
43	72	-14.0394
42	73	-14.0394
18	61	-14.0351
19	60	-14.0351
47	60	14.0303
46	61	14.0303
3	20	14.0262
2	21	14.0262
7	20	14.015
6	21	14.015
13	18	13.9941
12	19	13.9941
18	57	-13.9749
19	56	-13.9749
3	64	13.9627
2	65	13.9627
31	40	-13.9602
30	41	-13.9602
16	49	-13.9594
17	48	-13.9594
32	41	-13.944
33	40	-13.944
58	89	-13.9394
59	88	-13.9394
60	89	-13.9363
61	88	-13.9363
2	53	13.9236
3	52	13.9236
2	81	-13.913
3	80	-13.913
39	62	-13.9083
38	63	-13.9083
54	57	-13.9051
55	56	-13.9051
7	62	-13.9004
6	63	-13.9004
38	65	13.8692
39	64	13.8692
1	60	-13.8678
0	61	-13.8678
2	87	13.8651
3	86	13.8651
47	68	13.8578
46	69	13.8578
38	51	-13.847
39	50	-13.847
29	92	13.8424
28	93	13.8424
77	84	-13.8352
76	85	-13.8352
14	53	-13.8322
15	52	-13.8322
21	84	13.8226
20	85	13.8226
3	42	-13.8202
2	43	-13.8202
54	91	13.8069
55	90	13.8069
72	87	13.7956
73	86	13.7956
73	94	-13.7934
72	95	-13.7934
46	95	13.7815
47	94	13.7815
5	64	-13.7733
4	65	-13.7733
10	73	-13.7681
11	72	-13.7681
3	24	13.757
2	25	13.757
1	42	-13.7556
0	43	-13.7556
4	21	-13.7549
5	20	-13.7549
62	95	13.7413
63	94	13.7413
33	76	-13.7344
32	77	-13.7344
18	63	-13.7211
19	62	-13.7211
36	65	-13.7173
37	64	-13.7173
63	86	-13.7162
62	87	-13.7162
56	93	13.7157
57	92	13.7157
6	65	13.7038
7	64	13.7038
54	59	-13.7004
55	58	-13.7004
18	75	13.6877
19	74	13.6877
12	49	13.6513
13	48	13.6513
51	90	-13.6487
50	91	-13.6487
31	88	13.6435
30	89	13.6435
28	97	13.6415
29	96	13.6415
25	38	13.6266
24	39	13.6266
59	78	-13.6097
58	79	-13.6097
81	84	-13.6077
80	85	-13.6077
26	51	13.5943
27	50	13.5943
49	58	-13.592
48	59	-13.592
27	28	13.591
26	29	13.591
36	85	-13.589
37	84	-13.589
26	39	-13.5749
27	38	-13.5749
16	19	-13.5714
17	18	-13.5714
56	65	-13.5625
57	64	-13.5625
6	51	-13.5279
7	50	-13.5279
58	97	13.5266
59	96	13.5266
28	81	13.5241
29	80	13.5241
12	81	-13.5195
13	80	-13.5195
0	81	-13.5183
1	80	-13.5183
1	76	-13.5097
0	77	-13.5097
8	73	13.4942
9	72	13.4942
11	58	13.4874
10	59	13.4874
15	24	-13.4856
14	25	-13.4856
31	70	13.4826
30	71	13.4826
11	54	-13.4694
10	55	-13.4694
38	83	-13.4604
39	82	-13.4604
88	99	13.4506
89	98	13.4506
15	32	-13.4496
14	33	-13.4496
70	99	13.4429
71	98	13.4429
5	22	13.4337
4	23	13.4337
7	26	-13.4331
6	27	-13.4331
73	82	-13.4264
72	83	-13.4264
37	52	-13.4263
36	53	-13.4263
5	24	-13.4258
4	25	-13.4258
25	56	-13.4235
24	57	-13.4235
75	80	-13.4207
74	81	-13.4207
7	24	13.4067
6	25	13.4067
22	35	-13.3971
23	34	-13.3971
23	86	-13.3872
22	87	-13.3872
7	82	-13.3859
6	83	-13.3859
84	93	-13.3707
85	92	-13.3707
39	52	13.3672
38	53	13.3672
58	83	13.3651
59	82	13.3651
49	74	13.3565
48	75	13.3565
54	83	-13.3521
55	82	-13.3521
28	77	13.3455
29	76	13.3455
54	97	-13.3448
55	96	-13.3448
27	34	-13.3417
26	35	-13.3417
68	71	-13.3272
69	70	-13.3272
68	93	13.3192
69	92	13.3192
18	45	-13.3187
19	44	-13.3187
42	79	-13.3088
43	78	-13.3088
47	48	-13.3064
46	49	-13.3064
40	97	13.3032
41	96	13.3032
40	93	13.3003
41	92	13.3003
45	80	13.2937
44	81	13.2937
18	21	13.2913
19	20	13.2913
31	50	-13.285
30	51	-13.285
13	20	13.2837
12	21	13.2837
47	82	13.2831
46	83	13.2831
68	77	13.2785
69	76	13.2785
6	53	13.2767
7	52	13.2767
13	68	-13.2596
12	69	-13.2596
19	68	-13.2557
18	69	-13.2557
10	39	-13.2534
11	38	-13.2534
39	90	13.2476
38	91	13.2476
17	78	-13.2469
16	79	-13.2469
17	80	13.2311
16	81	13.2311
55	84	13.2285
54	85	13.2285
9	76	-13.2244
8	77	-13.2244
13	52	13.2202
12	53	13.2202
19	80	-13.1919
18	81	-13.1919
34	47	-13.1892
35	46	-13.1892
7	42	-13.1875
6	43	-13.1875
58	73	-13.1829
59	72	-13.1829
67	76	-13.1819
66	77	-13.1819
23	70	-13.1773
22	71	-13.1773
45	58	13.1742
44	59	13.1742
20	75	13.1691
21	74	13.1691
63	70	-13.1651
62	71	-13.1651
91	92	-13.1648
90	93	-13.1648
41	66	-13.162
40	67	-13.162
25	36	-13.162
24	37	-13.162
38	55	13.1585
39	54	13.1585
69	74	-13.156
68	75	-13.156
12	65	13.1507
13	64	13.1507
9	62	-13.1505
8	63	-13.1505
27	36	13.1429
26	37	13.1429
41	80	13.1412
40	81	13.1412
6	11	-13.1395
7	10	-13.1395
0	15	-13.1238
1	14	-13.1238
52	75	13.123
53	74	13.123
6	47	-13.1222
7	46	-13.1222
49	80	-13.1179
48	81	-13.1179
45	84	-13.1164
44	85	-13.1164
2	69	-13.1151
3	68	-13.1151
4	35	-13.1094
5	34	-13.1094
17	44	13.1062
16	45	13.1062
18	97	-13.1043
19	96	-13.1043
37	68	13.0944
36	69	13.0944
11	46	13.0941
10	47	13.0941
46	87	-13.0926
47	86	-13.0926
3	70	13.0778
2	71	13.0778
48	79	13.0777
49	78	13.0777
30	53	13.0762
31	52	13.0762
33	44	-13.0661
32	45	-13.0661
60	63	13.0644
61	62	13.0644
53	90	13.0594
52	91	13.0594
3	94	-13.0564
2	95	-13.0564
1	62	-13.0499
0	63	-13.0499
0	95	-13.0474
1	94	-13.0474
3	8	13.0468
2	9	13.0468
40	53	-13.0427
41	52	-13.0427
21	44	-13.0413
20	45	-13.0413
6	91	13.0399
7	90	13.0399
65	74	13.0364
64	75	13.0364
3	34	13.0297
2	35	13.0297
59	74	-13.0285
58	75	-13.0285
32	75	13.0264
33	74	13.0264
19	58	-13.0213
18	59	-13.0213
44	53	-13.0213
45	52	-13.0213
33	36	-13.02
32	37	-13.02
1	86	13.0197
0	87	13.0197
12	33	13.0059
13	32	13.0059
3	88	12.9964
2	89	12.9964
44	49	-12.9935
45	48	-12.9935
39	46	-12.9869
38	47	-12.9869
30	35	12.9809
31	34	12.9809
44	69	12.9806
45	68	12.9806
74	85	12.9761
75	84	12.9761
17	74	-12.9755
16	75	-12.9755
1	4	-12.9728
0	5	-12.9728
38	57	-12.9687
39	56	-12.9687
18	65	12.9623
19	64	12.9623
63	88	-12.9505
62	89	-12.9505
69	88	-12.9422
68	89	-12.9422
2	33	12.9209
3	32	12.9209
31	96	-12.9178
30	97	-12.9178
10	57	12.9138
11	56	12.9138
45	64	-12.9137
44	65	-12.9137
46	51	12.9123
47	50	12.9123
10	17	12.9119
11	16	12.9119
12	59	-12.91
13	58	-12.91
35	76	-12.9013
34	77	-12.9013
1	46	-12.8919
0	47	-12.8919
20	49	12.8913
21	48	12.8913
8	23	-12.8891
9	22	-12.8891
14	99	-12.8864
15	98	-12.8864
39	42	-12.8857
38	43	-12.8857
18	25	12.8793
19	24	12.8793
16	21	-12.8782
17	20	-12.8782
13	16	-12.8779
12	17	-12.8779
27	82	12.8748
26	83	12.8748
14	27	12.8741
15	26	12.8741
28	55	-12.8675
29	54	-12.8675
52	99	12.8661
53	98	12.8661
13	84	12.8641
12	85	12.8641
1	36	-12.8617
0	37	-12.8617
17	72	-12.8589
16	73	-12.8589
56	83	12.8584
57	82	12.8584
12	25	12.8562
13	24	12.8562
26	55	-12.8443
27	54	-12.8443
2	63	-12.8427
3	62	-12.8427
6	57	-12.8338
7	56	-12.8338
10	27	12.8331
11	26	12.8331
17	96	12.8321
16	97	12.8321
15	66	-12.8308
14	67	-12.8308
23	88	-12.8236
22	89	-12.8236
28	91	-12.821
29	90	-12.821
28	57	12.8179
29	56	12.8179
5	44	12.815
4	45	12.815
16	83	12.8098
17	82	12.8098
27	42	12.7968
26	43	12.7968
10	99	-12.7864
11	98	-12.7864
23	68	12.7711
22	69	12.7711
26	93	12.7711
27	92	12.7711
8	79	12.7698
9	78	12.7698
2	61	-12.7698
3	60	-12.7698
76	91	-12.7688
77	90	-12.7688
5	92	12.7679
4	93	12.7679
63	68	12.7557
62	69	12.7557
22	85	-12.7511
23	84	-12.7511
15	68	12.7489
14	69	12.7489
25	74	12.741
24	75	12.741
45	56	12.7401
44	57	12.7401
22	59	12.7384
23	58	12.7384
1	58	-12.7365
0	59	-12.7365
4	75	-12.7276
5	74	-12.7276
26	61	12.7212
27	60	12.7212
0	21	12.711
1	20	12.711
8	41	-12.705
9	40	-12.705
22	49	-12.6992
23	48	-12.6992
19	46	-12.6868
18	47	-12.6868
51	62	12.6843
50	63	12.6843
41	64	-12.6821
40	65	-12.6821
86	99	12.6592
87	98	12.6592
56	75	-12.6529
57	74	-12.6529
17	38	-12.6515
16	39	-12.6515
3	66	12.6484
2	67	12.6484
20	41	-12.648
21	40	-12.648
54	61	-12.6477
55	60	-12.6477
12	63	-12.6468
13	62	-12.6468
29	58	12.6386
28	59	12.6386
5	12	-12.6295
4	13	-12.6295
44	67	-12.6279
45	66	-12.6279
24	45	-12.6222
25	44	-12.6222
8	15	-12.622
9	14	-12.622
29	36	12.6138
28	37	12.6138
95	98	-12.6108
94	99	-12.6108
67	74	12.5985
66	75	12.5985
13	56	-12.5931
12	57	-12.5931
13	66	12.5904
12	67	12.5904
58	81	12.5871
59	80	12.5871
9	12	12.5869
8	13	12.5869
7	16	-12.5864
6	17	-12.5864
62	75	-12.5856
63	74	-12.5856
45	90	-12.582
44	91	-12.582
57	96	12.5627
56	97	12.5627
6	77	-12.5587
7	76	-12.5587
62	83	12.5573
63	82	12.5573
31	86	12.5459
30	87	12.5459
8	75	12.5403
9	74	12.5403
3	26	-12.5318
2	27	-12.5318
74	91	12.5287
75	90	12.5287
22	31	-12.5245
23	30	-12.5245
10	91	-12.5231
11	90	-12.5231
35	90	12.521
34	91	12.521
23	66	-12.5201
22	67	-12.5201
14	29	12.5168
15	28	12.5168
7	54	12.5156
6	55	12.5156
9	46	-12.512
8	47	-12.512
36	67	-12.5066
37	66	-12.5066
21	28	-12.5062
20	29	-12.5062
9	44	-12.5059
8	45	-12.5059
44	63	12.5054
45	62	12.5054
12	91	12.5003
13	90	12.5003
82	91	-12.4935
83	90	-12.4935
24	41	-12.4922
25	40	-12.4922
82	99	-12.4885
83	98	-12.4885
46	71	-12.4821
47	70	-12.4821
17	28	12.4766
16	29	12.4766
48	73	12.4752
49	72	12.4752
3	90	12.4746
2	91	12.4746
34	99	12.4701
35	98	12.4701
49	64	12.4653
48	65	12.4653
0	27	-12.4616
1	26	-12.4616
35	38	12.4542
34	39	12.4542
1	16	-12.454
0	17	-12.454
13	26	-12.4452
12	27	-12.4452
59	98	-12.4382
58	99	-12.4382
27	74	-12.4346
26	75	-12.4346
26	45	12.4306
27	44	12.4306
19	78	12.419
18	79	12.419
11	62	12.4142
10	63	12.4142
7	58	-12.4132
6	59	-12.4132
84	97	-12.4035
85	96	-12.4035
57	78	-12.3957
56	79	-12.3957
58	61	12.3936
59	60	12.3936
0	65	12.3934
1	64	12.3934
80	87	-12.3875
81	86	-12.3875
37	98	-12.386
36	99	-12.386
4	97	12.3842
5	96	12.3842
13	86	12.3747
12	87	12.3747
39	58	-12.3675
38	59	-12.3675
2	17	-12.3521
3	16	-12.3521
13	60	-12.3497
12	61	-12.3497
2	57	-12.3269
3	56	-12.3269
12	77	-12.322
13	76	-12.322
24	49	12.3072
25	48	12.3072
22	33	-12.3017
23	32	-12.3017
75	76	-12.3003
74	77	-12.3003
16	65	-12.2941
17	64	-12.2941
0	53	12.2879
1	52	12.2879
0	57	-12.2841
1	56	-12.2841
9	36	-12.2817
8	37	-12.2817
54	69	-12.2769
55	68	-12.2769
35	40	-12.2748
34	41	-12.2748
22	55	-12.2693
23	54	-12.2693
39	92	-12.2587
38	93	-12.2587
11	30	-12.2573
10	31	-12.2573
15	30	-12.2511
14	31	-12.2511
6	35	12.2479
7	34	12.2479
57	76	12.2331
56	77	12.2331
44	77	12.2324
45	76	12.2324
32	63	-12.2227
33	62	-12.2227
47	88	-12.2117
46	89	-12.2117
57	60	12.2111
56	61	12.2111
17	24	-12.2111
16	25	-12.2111
60	75	-12.2
61	74	-12.2
52	57	-12.198
53	56	-12.198
18	23	-12.1943
19	22	-12.1943
38	77	-12.1929
39	76	-12.1929
14	35	-12.1928
15	34	-12.1928
60	77	12.1895
61	76	12.1895
14	73	-12.1871
15	72	-12.1871
77	98	-12.1824
76	99	-12.1824
0	41	-12.1813
1	40	-12.1813
35	96	-12.18
34	97	-12.18
21	58	-12.1742
20	59	-12.1742
31	94	-12.1537
30	95	-12.1537
2	59	-12.1522
3	58	-12.1522
21	86	12.1457
20	87	12.1457
12	35	12.1438
13	34	12.1438
1	90	12.1336
0	91	12.1336
16	99	-12.132
17	98	-12.132
75	86	12.1264
74	87	12.1264
3	84	12.1252
2	85	12.1252
18	53	12.1232
19	52	12.1232
1	70	12.1201
0	71	12.1201
31	82	-12.1193
30	83	-12.1193
4	47	12.0991
5	46	12.0991
4	63	12.0946
5	62	12.0946
91	96	-12.0844
90	97	-12.0844
16	23	12.0709
17	22	12.0709
60	79	-12.0706
61	78	-12.0706
22	25	-12.0566
23	24	-12.0566
34	75	12.049
35	74	12.049
22	29	12.0467
23	28	12.0467
30	37	-12.0393
31	36	-12.0393
23	52	-12.0371
22	53	-12.0371
63	66	-12.0341
62	67	-12.0341
81	94	12.0322
80	95	12.0322
8	97	-12.0319
9	96	-12.0319
26	97	12.0294
27	96	12.0294
31	58	-12.0277
30	59	-12.0277
29	64	-12.022
28	65	-12.022
12	47	-12.0085
13	46	-12.0085
0	25	12.0039
1	24	12.0039
61	90	-12.0019
60	91	-12.0019
1	84	11.9989
0	85	11.9989
26	69	11.993
27	68	11.993
45	60	11.9921
44	61	11.9921
56	73	-11.9895
57	72	-11.9895
67	96	-11.9882
66	97	-11.9882
36	91	-11.9828
37	90	-11.9828
13	94	-11.9778
12	95	-11.9778
46	75	-11.975
47	74	-11.975
16	61	11.9676
17	60	11.9676
35	44	-11.9605
34	45	-11.9605
0	89	11.9328
1	88	11.9328
28	43	11.9309
29	42	11.9309
17	30	-11.9304
16	31	-11.9304
14	75	-11.9242
15	74	-11.9242
3	46	-11.9233
2	47	-11.9233
18	73	11.9232
19	72	11.9232
44	99	-11.9229
45	98	-11.9229
6	93	-11.9223
7	92	-11.9223
13	14	-11.9199
12	15	-11.9199
3	76	-11.9186
2	77	-11.9186
44	47	11.9166
45	46	11.9166
9	38	11.9026
8	39	11.9026
6	9	11.8931
7	8	11.8931
15	44	11.8868
14	45	11.8868
0	83	-11.8809
1	82	-11.8809
1	32	11.8719
0	33	11.8719
35	36	-11.869
34	37	-11.869
68	81	11.8639
69	80	11.8639
71	80	-11.8506
70	81	-11.8506
6	15	-11.8378
7	14	-11.8378
32	47	-11.8322
33	46	-11.8322
45	86	-11.8274
44	87	-11.8274
40	45	11.8253
41	44	11.8253
52	73	11.8247
53	72	11.8247
40	55	-11.8218
41	54	-11.8218
79	90	11.8192
78	91	11.8192
36	61	11.8137
37	60	11.8137
14	79	-11.8131
15	78	-11.8131
34	57	-11.8117
35	56	-11.8117
31	64	11.8029
30	65	11.8029
31	76	-11.8022
30	77	-11.8022
38	97	-11.802
39	96	-11.802
51	84	-11.7905
50	85	-11.7905
22	57	11.7844
23	56	11.7844
47	66	-11.7842
46	67	-11.7842
47	92	11.7763
46	93	11.7763
25	30	11.7758
24	31	11.7758
75	94	-11.7667
74	95	-11.7667
8	27	-11.7658
9	26	-11.7658
20	71	11.7655
21	70	11.7655
67	68	-11.7552
66	69	-11.7552
36	73	-11.7483
37	72	-11.7483
41	74	-11.7455
40	75	-11.7455
20	89	11.7455
21	88	11.7455
65	98	11.7453
64	99	11.7453
60	81	11.7446
61	80	11.7446
80	89	-11.7381
81	88	-11.7381
3	82	-11.7375
2	83	-11.7375
74	99	11.7331
75	98	11.7331
65	86	11.7319
64	87	11.7319
33	96	-11.7296
32	97	-11.7296
47	96	11.7186
46	97	11.7186
14	91	-11.7144
15	90	-11.7144
2	5	-11.7126
3	4	-11.7126
6	37	-11.6938
7	36	-11.6938
24	29	-11.6813
25	28	-11.6813
18	35	11.6724
19	34	11.6724
58	65	-11.6667
59	64	-11.6667
41	50	11.6635
40	51	11.6635
13	70	11.6596
12	71	11.6596
54	67	11.658
55	66	11.658
13	40	-11.6563
12	41	-11.6563
11	34	-11.6542
10	35	-11.6542
23	64	-11.6505
22	65	-11.6505
25	98	11.6429
24	99	11.6429
35	82	-11.6384
34	83	-11.6384
8	83	-11.6364
9	82	-11.6364
48	53	11.6352
49	52	11.6352
33	54	11.6331
32	55	11.6331
60	67	-11.6329
61	66	-11.6329
30	69	-11.6311
31	68	-11.6311
9	10	-11.6265
8	11	-11.6265
8	61	-11.6148
9	60	-11.6148
63	92	11.6116
62	93	11.6116
24	87	11.609
25	86	11.609
25	58	-11.6084
24	59	-11.6084
7	32	11.6002
6	33	11.6002
0	11	-11.5999
1	10	-11.5999
13	36	-11.5982
12	37	-11.5982
36	75	-11.5954
37	74	-11.5954
61	72	-11.5936
60	73	-11.5936
35	72	11.5889
34	73	11.5889
13	98	11.5854
12	99	11.5854
66	83	-11.5835
67	82	-11.5835
10	67	-11.5824
11	66	-11.5824
31	44	-11.5696
30	45	-11.5696
7	96	-11.5631
6	97	-11.5631
2	11	-11.5591
3	10	-11.5591
31	60	-11.5586
30	61	-11.5586
13	88	11.5555
12	89	11.5555
42	91	-11.554
43	90	-11.554
36	45	11.5516
37	44	11.5516
36	57	11.5408
37	56	11.5408
49	98	11.536
48	99	11.536
29	52	-11.5343
28	53	-11.5343
8	69	-11.5254
9	68	-11.5254
31	48	11.507
30	49	11.507
55	62	-11.5051
54	63	-11.5051
45	94	11.5028
44	95	11.5028
5	54	-11.5022
4	55	-11.5022
32	93	-11.5008
33	92	-11.5008
15	38	-11.4925
14	39	-11.4925
14	61	11.4922
15	60	11.4922
67	92	-11.4672
66	93	-11.4672
21	94	-11.4663
20	95	-11.4663
33	38	11.4555
32	39	11.4555
73	90	11.4522
72	91	11.4522
2	51	-11.4506
3	50	-11.4506
72	77	-11.4496
73	76	-11.4496
71	74	11.4488
70	75	11.4488
0	67	11.4469
1	66	11.4469
1	8	11.4466
0	9	11.4466
22	91	-11.4367
23	90	-11.4367
59	68	11.4252
58	69	11.4252
20	99	11.4241
21	98	11.4241
65	88	11.4194
64	89	11.4194
31	74	11.4108
30	75	11.4108
64	71	11.4107
65	70	11.4107
2	15	-11.4104
3	14	-11.4104
41	46	11.406
40	47	11.406
0	51	-11.4032
1	50	-11.4032
37	78	-11.4009
36	79	-11.4009
21	30	11.3845
20	31	11.3845
24	89	11.3799
25	88	11.3799
37	38	-11.3754
36	39	-11.3754
34	61	-11.3684
35	60	-11.3684
33	68	-11.3553
32	69	-11.3553
6	67	11.3519
7	66	11.3519
75	88	11.3506
74	89	11.3506
80	99	-11.349
81	98	-11.349
25	70	11.3437
24	71	11.3437
56	69	11.3338
57	68	11.3338
44	73	-11.3249
45	72	-11.3249
41	62	11.3237
40	63	11.3237
56	99	-11.3006
57	98	-11.3006
12	31	11.2961
13	30	11.2961
17	76	11.2885
16	77	11.2885
84	89	11.2859
85	88	11.2859
23	26	11.2818
22	27	11.2818
62	97	11.2804
63	96	11.2804
52	79	11.2778
53	78	11.2778
18	31	11.2623
19	30	11.2623
15	56	11.2583
14	57	11.2583
39	66	11.256
38	67	11.256
10	41	11.2537
11	40	11.2537
71	84	11.2467
70	85	11.2467
11	84	-11.2387
10	85	-11.2387
68	91	-11.2175
69	90	-11.2175
4	51	11.2157
5	50	11.2157
48	77	-11.2131
49	76	-11.2131
21	22	-11.2092
20	23	-11.2092
44	71	-11.204
45	70	-11.204
5	6	-11.1961
4	7	-11.1961
23	42	11.1938
22	43	11.1938
17	52	-11.1817
16	53	-11.1817
11	32	-11.179
10	33	-11.179
23	38	-11.1763
22	39	-11.1763
31	56	-11.1712
30	57	-11.1712
32	61	-11.1689
33	60	-11.1689
3	36	-11.1582
2	37	-11.1582
33	82	-11.1568
32	83	-11.1568
35	78	11.1507
34	79	11.1507
72	75	11.1461
73	74	11.1461
46	55	-11.1342
47	54	-11.1342
1	34	11.1312
0	35	11.1312
18	99	11.128
19	98	11.128
30	81	-11.1276
31	80	-11.1276
45	88	-11.1155
44	89	-11.1155
34	49	11.1116
35	48	11.1116
20	61	-11.1025
21	60	-11.1025
43	68	11.0952
42	69	11.0952
17	68	11.0869
16	69	11.0869
76	95	11.0865
77	94	11.0865
62	85	-11.0854
63	84	-11.0854
76	79	-11.0811
77	78	-11.0811
82	85	-11.0764
83	84	-11.0764
65	94	-11.0727
64	95	-11.0727
19	76	-11.0717
18	77	-11.0717
25	96	-11.0675
24	97	-11.0675
53	96	-11.0633
52	97	-11.0633
36	55	-11.0509
37	54	-11.0509
26	79	-11.0475
27	78	-11.0475
60	99	-11.0416
61	98	-11.0416
80	83	11.0403
81	82	11.0403
12	83	-11.026
13	82	-11.026
3	54	11.0247
2	55	11.0247
35	68	-11.0133
34	69	-11.0133
16	35	-11.0116
17	34	-11.0116
13	72	11.0102
12	73	11.0102
59	76	10.9986
58	77	10.9986
21	68	-10.9978
20	69	-10.9978
40	83	10.9866
41	82	10.9866
19	42	-10.9852
18	43	-10.9852
44	79	-10.98
45	78	-10.98
43	56	10.9696
42	57	10.9696
0	99	10.9671
1	98	10.9671
52	87	10.9608
53	86	10.9608
9	90	10.9545
8	91	10.9545
60	65	-10.9509
61	64	-10.9509
53	60	-10.9469
52	61	-10.9469
3	40	-10.944
2	41	-10.944
6	85	10.9426
7	84	10.9426
50	81	10.9392
51	80	10.9392
24	95	-10.9383
25	94	-10.9383
65	72	10.9312
64	73	10.9312
11	80	10.9083
10	81	10.9083
25	60	-10.9057
24	61	-10.9057
24	83	-10.9008
25	82	-10.9008
7	22	-10.8991
6	23	-10.8991
14	55	-10.8974
15	54	-10.8974
74	83	-10.8964
75	82	-10.8964
10	25	-10.8791
11	24	-10.8791
59	84	-10.8691
58	85	-10.8691
24	73	10.8652
25	72	10.8652
46	85	-10.8642
47	84	-10.8642
53	68	-10.8622
52	69	-10.8622
69	78	-10.8586
68	79	-10.8586
16	37	10.8585
17	36	10.8585
5	38	-10.8551
4	39	-10.8551
42	49	-10.8501
43	48	-10.8501
90	99	10.8493
91	98	10.8493
9	92	-10.8469
8	93	-10.8469
10	13	-10.8437
11	12	-10.8437
29	78	-10.8436
28	79	-10.8436
52	83	-10.8398
53	82	-10.8398
27	32	-10.8252
26	33	-10.8252
22	47	10.8221
23	46	10.8221
41	88	-10.8193
40	89	-10.8193
75	78	10.8188
74	79	10.8188
21	82	-10.8175
20	83	-10.8175
35	58	-10.8142
34	59	-10.8142
10	53	-10.812
11	52	-10.812
65	68	-10.8096
64	69	-10.8096
76	83	10.808
77	82	10.808
65	96	-10.8021
64	97	-10.8021
5	28	10.8013
4	29	10.8013
64	83	-10.7999
65	82	-10.7999
31	90	10.7988
30	91	10.7988
28	35	-10.7896
29	34	-10.7896
3	22	-10.7855
2	23	-10.7855
77	86	-10.7763
76	87	-10.7763
53	58	-10.7758
52	59	-10.7758
3	98	10.7715
2	99	10.7715
27	66	-10.768
26	67	-10.768
50	67	-10.7644
51	66	-10.7644
11	64	-10.7571
10	65	-10.7571
10	21	-10.7508
11	20	-10.7508
84	87	10.7471
85	86	10.7471
3	30	10.7423
2	31	10.7423
44	83	10.7397
45	82	10.7397
15	22	10.7367
14	23	10.7367
3	96	-10.7268
2	97	-10.7268
11	74	-10.7232
10	75	-10.7232
18	37	-10.7214
19	36	-10.7214
27	72	-10.717
26	73	-10.717
5	10	10.7158
4	11	10.7158
39	84	10.7137
38	85	10.7137
68	73	-10.7093
69	72	-10.7093
52	89	10.705
53	88	10.705
40	71	-10.7033
41	70	-10.7033
85	94	-10.7024
84	95	-10.7024
13	78	10.6982
12	79	10.6982
20	73	10.6974
21	72	10.6974
52	71	10.6951
53	70	10.6951
8	19	10.6945
9	18	10.6945
37	48	-10.6945
36	49	-10.6945
24	69	-10.6841
25	68	-10.6841
12	51	-10.6806
13	50	-10.6806
14	19	-10.669
15	18	-10.669
73	80	-10.6621
72	81	-10.6621
68	85	-10.6599
69	84	-10.6599
17	84	-10.6596
16	85	-10.6596
8	29	-10.6558
9	28	-10.6558
32	51	-10.6535
33	50	-10.6535
22	63	10.6472
23	62	10.6472
10	77	10.6303
11	76	10.6303
14	49	-10.6175
15	48	-10.6175
15	16	10.6104
14	17	10.6104
20	51	-10.6069
21	50	-10.6069
35	86	10.6029
34	87	10.6029
7	40	-10.597
6	41	-10.597
10	45	10.581
11	44	10.581
37	94	10.5777
36	95	10.5777
9	54	10.5769
8	55	10.5769
20	97	-10.5763
21	96	-10.5763
37	58	10.5678
36	59	10.5678
51	74	-10.5595
50	75	-10.5595
69	98	-10.5585
68	99	-10.5585
5	26	10.5548
4	27	10.5548
42	93	10.5547
43	92	10.5547
42	61	10.5541
43	60	10.5541
0	31	10.5533
1	30	10.5533
64	79	10.553
65	78	10.553
1	72	10.5493
0	73	10.5493
9	56	-10.5362
8	57	-10.5362
35	92	-10.5301
34	93	-10.5301
52	95	-10.5286
53	94	-10.5286
60	85	-10.5193
61	84	-10.5193
36	83	10.5156
37	82	10.5156
4	83	10.5153
5	82	10.5153
24	79	10.511
25	78	10.511
20	55	10.5098
21	54	10.5098
4	69	10.5062
5	68	10.5062
23	36	10.5017
22	37	10.5017
41	58	10.5001
40	59	10.5001
41	94	10.495
40	95	10.495
43	96	10.4933
42	97	10.4933
35	88	10.4896
34	89	10.4896
55	76	-10.4884
54	77	-10.4884
29	72	-10.487
28	73	-10.487
2	93	-10.4867
3	92	-10.4867
35	50	-10.4784
34	51	-10.4784
8	51	-10.477
9	50	-10.477
1	54	10.4732
0	55	10.4732
36	89	-10.4684
37	88	-10.4684
28	33	-10.46
29	32	-10.46
55	80	-10.4543
54	81	-10.4543
70	77	-10.4525
71	76	-10.4525
34	71	10.4455
35	70	10.4455
14	95	10.4449
15	94	10.4449
76	89	-10.4408
77	88	-10.4408
23	80	10.4347
22	81	10.4347
29	40	10.4342
28	41	10.4342
0	93	-10.4274
1	92	-10.4274
29	66	-10.4241
28	67	-10.4241
5	88	-10.4205
4	89	-10.4205
35	94	-10.4202
34	95	-10.4202
44	51	10.419
45	50	10.419
37	86	-10.4125
36	87	-10.4125
39	40	-10.4064
38	41	-10.4064
51	64	-10.4028
50	65	-10.4028
38	79	10.397
39	78	10.397
24	51	-10.3961
25	50	-10.3961
21	78	10.3781
20	79	10.3781
11	36	10.3757
10	37	10.3757
5	70	-10.3751
4	71	-10.3751
79	80	-10.3732
78	81	-10.3732
51	76	10.373
50	77	10.373
9	48	10.3694
8	49	10.3694
25	54	10.3692
24	55	10.3692
0	79	10.3681
1	78	10.3681
41	68	10.3672
40	69	10.3672
40	87	-10.3613
41	86	-10.3613
14	59	10.3583
15	58	10.3583
0	97	-10.3542
1	96	-10.3542
55	64	10.3539
54	65	10.3539
43	86	-10.3518
42	87	-10.3518
15	88	-10.3492
14	89	-10.3492
37	70	-10.3474
36	71	-10.3474
3	72	10.3391
2	73	10.3391
15	82	10.3362
14	83	10.3362
5	58	10.3356
4	59	10.3356
16	43	10.3261
17	42	10.3261
32	89	10.3202
33	88	10.3202
14	87	-10.3127
15	86	-10.3127
67	88	10.3111
66	89	10.3111
18	41	-10.3097
19	40	-10.3097
5	94	10.299
4	95	10.299
27	98	-10.2877
26	99	-10.2877
17	40	10.2842
16	41	10.2842
12	55	10.2821
13	54	10.2821
80	97	10.2781
81	96	10.2781
33	70	10.2771
32	71	10.2771
42	55	-10.2729
43	54	-10.2729
26	41	10.2619
27	40	10.2619
66	71	10.2596
67	70	10.2596
6	79	10.2585
7	78	10.2585
48	85	10.257
49	84	10.257
32	91	10.2506
33	90	10.2506
80	93	10.2489
81	92	10.2489
19	32	10.2417
18	33	10.2417
15	70	-10.2407
14	71	-10.2407
14	93	10.2392
15	92	10.2392
10	15	10.231
11	14	10.231
38	73	10.2255
39	72	10.2255
15	96	10.2235
14	97	10.2235
43	94	10.2216
42	95	10.2216
67	90	10.2181
66	91	10.2181
26	31	-10.2114
27	30	-10.2114
55	74	10.2108
54	75	10.2108
13	22	-10.2034
12	23	-10.2034
66	95	-10.2
67	94	-10.2
56	85	-10.1991
57	84	-10.1991
19	66	10.1985
18	67	10.1985
63	78	-10.1945
62	79	-10.1945
28	31	-10.1898
29	30	-10.1898
31	46	-10.1869
30	47	-10.1869
23	76	10.1831
22	77	10.1831
22	75	-10.1769
23	74	-10.1769
59	66	-10.1742
58	67	-10.1742
6	99	10.1705
7	98	10.1705
9	58	-10.1705
8	59	-10.1705
9	94	-10.1666
8	95	-10.1666
22	45	10.1666
23	44	10.1666
51	52	-10.1648
50	53	-10.1648
12	97	-10.1585
13	96	-10.1585
26	85	-10.1575
27	84	-10.1575
47	78	-10.1555
46	79	-10.1555
6	73	10.1554
7	72	10.1554
3	78	10.155
2	79	10.155
43	58	10.1509
42	59	10.1509
4	87	-10.1479
5	86	-10.1479
18	85	10.1458
19	84	10.1458
44	55	-10.1449
45	54	-10.1449
8	17	-10.1417
9	16	-10.1417
42	71	-10.1388
43	70	-10.1388
25	92	-10.1349
24	93	-10.1349
28	85	-10.133
29	84	-10.133
36	97	10.1324
37	96	10.1324
20	93	-10.1295
21	92	-10.1295
4	17	10.1289
5	16	10.1289
29	98	-10.1266
28	99	-10.1266
36	51	10.124
37	50	10.124
52	93	-10.1239
53	92	-10.1239
39	98	10.1218
38	99	10.1218
32	59	-10.1188
33	58	-10.1188
41	90	-10.1125
40	91	-10.1125
75	96	-10.1098
74	97	-10.1098
37	92	10.1088
36	93	10.1088
33	94	-10.1072
32	95	-10.1072
63	98	-10.1071
62	99	-10.1071
41	48	-10.1058
40	49	-10.1058
12	93	-10.1044
13	92	-10.1044
31	38	10.103
30	39	10.103
52	55	10.1004
53	54	10.1004
43	82	10.0997
42	83	10.0997
42	89	-10.0997
43	88	-10.0997
32	49	10.0995
33	48	10.0995
7	30	10.0957
6	31	10.0957
40	61	10.0934
41	60	10.0934
5	90	-10.0909
4	91	-10.0909
32	87	10.0838
33	86	10.0838
62	73	-10.0837
63	72	-10.0837
10	43	10.0822
11	42	10.0822
64	93	-10.0815
65	92	-10.0815
35	54	10.0799
34	55	10.0799
15	50	10.0797
14	51	10.0797
84	91	10.0794
85	90	10.0794
77	92	10.0766
76	93	10.0766
75	92	-10.075
74	93	-10.075
8	87	10.0713
9	86	10.0713
40	57	10.0685
41	56	10.0685
45	96	10.068
44	97	10.068
66	87	10.0635
67	86	10.0635
8	89	10.0617
9	88	10.0617
77	96	10.06
76	97	10.06
56	67	-10.0565
57	66	-10.0565
44	93	10.0543
45	92	10.0543
49	66	10.0538
48	67	10.0538
32	57	-10.0523
33	56	-10.0523
5	18	-10.0496
4	19	-10.0496
16	67	-10.046
17	66	-10.046
30	63	-10.0449
31	62	-10.0449
42	51	10.0423
43	50	10.0423
47	98	-10.041
46	99	-10.041
8	71	10.0372
9	70	10.0372
47	72	-10.0341
46	73	-10.0341
1	22	-10.0339
0	23	-10.0339
16	33	-10.0325
17	32	-10.0325
4	61	10.0277
5	60	10.0277
5	56	10.0045
4	57	10.0045
5	48	-10.0019
4	49	-10.0019
12	74	1.99886
44	74	-1.99825
10	82	1.99773
24	64	1.99477
70	88	1.99471
12	44	-1.99433
14	36	1.99354
6	38	1.99093
72	78	1.9906
20	64	1.99034
32	66	1.99033
56	90	-1.98728
16	58	1.9827
70	86	1.98148
72	98	1.98104
48	86	1.97712
16	56	1.97674
20	24	1.97429
24	52	1.97358
52	64	1.97319
18	48	1.97196
36	76	1.96995
14	76	1.96898
26	90	-1.96415
86	88	1.96068
8	66	1.95909
4	40	1.95728
20	80	-1.95464
50	92	1.95429
46	62	1.9539
34	52	1.95259
22	96	1.95202
50	94	1.94725
2	12	1.94704
78	98	1.94703
8	32	1.94283
20	52	1.93896
56	58	1.93862
48	70	1.93596
16	90	-1.93526
24	34	1.93427
26	56	1.93378
2	74	1.93217
26	62	1.93031
60	68	1.92946
10	96	1.92818
18	86	1.9271
0	12	1.9269
8	34	1.926
30	98	1.92505
0	74	1.92362
10	50	1.9179
48	88	1.91647
2	6	1.91633
86	94	-1.91342
60	82	1.91308
0	44	-1.91283
2	44	-1.91271
64	80	-1.91126
84	98	1.9101
54	88	1.90864
18	88	1.90738
18	70	1.9065
50	82	1.90461
34	64	1.90456
82	96	1.90282
32	84	1.90185
8	52	1.90139
2	38	1.89644
92	96	1.89624
62	80	1.88597
30	72	1.88571
10	60	1.88455
30	84	1.88186
54	70	1.88055
58	90	-1.87451
50	96	1.87316
48	94	-1.873
24	80	-1.86862
26	46	1.86084
82	94	1.85842
10	94	1.85495
66	84	1.85456
70	94	-1.84842
0	2	1.84707
18	38	1.84703
0	6	1.84188
42	52	-1.84159
20	34	1.84113
52	80	-1.84093
16	26	1.84048
6	28	-1.83934
10	92	1.83854
30	78	1.82778
32	42	-1.82515
28	68	1.82319
92	94	1.82293
6	12	1.82274
38	48	1.82204
72	84	1.81768
50	86	-1.81319
28	60	1.81255
82	92	1.80895
28	38	-1.80887
62	90	-1.80881
78	92	-1.80856
42	80	1.80452
8	24	1.80402
6	74	1.79748
10	22	1.79687
88	94	-1.79433
32	52	1.79336
60	94	1.79312
34	66	1.78877
8	64	1.78737
42	64	-1.78708
26	58	1.78484
46	80	1.78449
20	62	-1.7844
4	14	1.78413
4	42	1.78296
54	86	1.78293
42	84	-1.78201
6	18	1.78194
20	42	-1.78072
52	66	1.7798
28	94	1.7795
22	92	1.77809
50	70	-1.77396
0	38	1.7701
6	48	1.76994
8	42	-1.76928
12	38	1.76796
32	34	1.76793
28	48	-1.76573
22	82	1.76355
6	44	-1.76341
42	66	-1.75841
4	84	-1.75825
14	40	1.75578
30	32	1.75071
56	62	1.75014
18	94	-1.74875
24	42	-1.74673
76	80	1.74628
78	84	1.74302
0	28	-1.74294
30	66	1.74074
50	60	1.74033
38	74	1.73961
46	76	1.73029
72	92	-1.73013
42	76	1.72982
8	84	1.72539
48	50	-1.72321
46	90	-1.71952
4	36	1.71888
50	88	-1.71826
94	96	1.71708
8	20	1.71441
68	82	1.71386
26	80	1.71149
22	50	1.70771
86	92	-1.70673
70	92	-1.70661
62	64	-1.70405
38	44	-1.70286
36	40	1.69826
38	86	1.69514
4	98	-1.69337
28	86	-1.69217
4	76	1.69063
14	42	1.68833
18	54	1.68795
46	56	1.68781
48	54	1.68701
34	42	-1.68637
32	98	1.68385
34	80	-1.68255
60	96	1.67278
18	28	-1.67177
10	68	1.67079
62	76	1.66885
54	78	1.66826
88	92	-1.66147
24	62	-1.6588
32	64	1.65266
24	32	1.65142
20	26	-1.64668
54	72	1.64494
28	82	1.64489
24	66	1.64177
66	98	1.63765
6	86	1.63717
50	78	-1.63654
64	66	1.63382
36	42	1.63136
20	46	-1.63046
30	54	1.62907
4	72	-1.62411
54	92	-1.62212
2	28	-1.61979
40	76	1.61973
14	80	1.61522
68	94	1.61499
16	62	1.61473
10	86	-1.61437
82	86	-1.61406
40	42	1.61302
36	46	1.61253
40	98	-1.60945
92	98	-1.60919
10	28	1.60905
38	70	1.60717
40	84	-1.60613
78	96	-1.60578
54	94	-1.60083
36	80	1.59732
50	54	-1.59561
38	94	-1.59449
8	80	-1.5911
38	88	1.59065
28	50	1.59057
18	50	-1.58894
2	18	1.58866
20	32	1.5879
4	78	-1.58438
48	92	-1.58317
14	46	1.57522
40	72	-1.57506
52	62	-1.57497
28	70	-1.57182
20	76	-1.57169
60	92	1.57098
12	28	-1.57057
4	32	-1.56992
16	46	1.56894
26	64	-1.56762
52	84	1.56575
6	94	-1.5657
20	66	1.56135
40	78	-1.56099
80	90	-1.56078
32	72	1.55978
48	82	-1.5592
58	62	1.55908
54	98	1.55877
22	78	-1.5557
60	86	-1.55386
8	30	1.55301
10	48	-1.55206
50	72	-1.5492
28	74	-1.5477
48	60	-1.54616
46	64	-1.54562
46	58	1.5453
10	70	-1.54013
24	26	-1.5401
6	70	1.53881
70	82	-1.53385
2	48	1.53118
42	98	-1.52876
36	62	1.52849
20	90	1.52733
0	68	-1.52646
72	96	-1.52542
28	88	-1.52355
22	94	1.52143
70	78	1.52073
66	72	1.51811
6	88	1.51755
28	44	1.51427
32	80	-1.51165
78	88	1.51062
64	76	-1.50971
50	68	1.5097
14	62	1.50898
22	60	1.50855
42	62	1.5071
4	30	-1.50551
86	96	-1.50232
34	84	1.49688
24	46	-1.49465
22	72	-1.4871
4	66	-1.48101
6	68	-1.47926
10	88	-1.4759
52	76	-1.47312
32	78	1.4724
70	90	1.46954
30	42	-1.46946
66	80	-1.46937
86	90	1.46925
82	88	-1.46899
30	92	-1.46887
56	80	1.46795
8	98	1.46622
56	70	-1.46596
18	92	-1.46569
22	40	1.46533
70	96	-1.4648
56	86	-1.46447
6	60	-1.46364
88	90	1.46218
78	94	-1.46096
58	92	1.46095
70	72	1.45955
64	90	1.45618
10	78	-1.45553
26	48	-1.45552
72	88	1.45548
14	20	-1.45461
50	58	1.45416
16	70	-1.45412
56	88	-1.4541
26	86	-1.45392
60	70	-1.45253
48	90	1.45114
78	86	1.44738
24	76	-1.44548
16	88	-1.44325
28	46	1.44145
4	80	1.44124
16	86	-1.44123
48	68	-1.44112
24	90	1.44103
34	62	-1.44087
38	60	-1.44079
42	46	1.44043
46	52	-1.4385
4	52	-1.43611
6	80	-1.4337
66	78	1.43323
48	56	-1.43285
18	90	1.43063
38	68	-1.43057
38	80	-1.42996
26	94	1.42979
26	76	1.42966
56	94	1.42844
64	84	1.42785
20	36	-1.42703
96	98	-1.42684
0	48	1.42633
26	70	-1.42579
20	56	-1.42529
58	94	1.42461
28	62	1.42294
50	98	-1.42138
18	26	-1.4212
68	96	1.42074
0	18	1.42047
68	86	-1.42028
78	82	-1.41847
16	54	-1.41802
26	52	-1.41705
16	50	1.41705
14	84	-1.4166
18	82	-1.41653
20	38	1.41554
4	8	-1.41487
48	96	-1.41463
22	98	-1.4136
16	92	1.41351
58	70	-1.41344
88	96	-1.41246
10	18	-1.41208
24	84	1.41143
16	94	1.41073
58	86	-1.41052
90	94	-1.40914
26	88	-1.40854
12	42	-1.40816
48	62	-1.40732
42	74	-1.40719
50	56	1.40616
14	64	-1.40441
42	44	1.40439
42	72	-1.40394
18	60	-1.40351
46	60	1.40303
2	20	1.40262
6	20	1.4015
12	18	1.39941
18	56	-1.39749
2	64	1.39627
30	40	-1.39602
16	48	-1.39594
32	40	-1.3944
58	88	-1.39394
60	88	-1.39363
2	52	1.39236
2	80	-1.3913
38	62	-1.39083
54	56	-1.39051
6	62	-1.39004
38	64	1.38692
0	60	-1.38678
2	86	1.38651
46	68	1.38578
38	50	-1.3847
28	92	1.38424
76	84	-1.38352
14	52	-1.38322
20	84	1.38226
2	42	-1.38202
54	90	1.38069
72	86	1.37956
72	94	-1.37934
46	94	1.37815
4	64	-1.37733
10	72	-1.37681
2	24	1.3757
0	42	-1.37556
4	20	-1.37549
62	94	1.37413
32	76	-1.37344
18	62	-1.37211
36	64	-1.37173
62	86	-1.37162
56	92	1.37157
6	64	1.37038
54	58	-1.37004
18	74	1.36877
12	48	1.36513
50	90	-1.36487
30	88	1.36435
28	96	1.36415
24	38	1.36266
58	78	-1.36097
80	84	-1.36077
26	50	1.35943
48	58	-1.3592
26	28	1.3591
36	84	-1.3589
26	38	-1.35749
16	18	-1.35714
56	64	-1.35625
6	50	-1.35279
58	96	1.35266
28	80	1.35241
12	80	-1.35195
0	80	-1.35183
0	76	-1.35097
8	72	1.34942
10	58	1.34874
14	24	-1.34856
30	70	1.34826
10	54	-1.34694
38	82	-1.34604
88	98	1.34506
14	32	-1.34496
70	98	1.34429
4	22	1.34337
6	26	-1.34331
72	82	-1.34264
36	52	-1.34263
4	24	-1.34258
24	56	-1.34235
74	80	-1.34207
6	24	1.34067
22	34	-1.33971
22	86	-1.33872
6	82	-1.33859
84	92	-1.33707
38	52	1.33672
58	82	1.33651
48	74	1.33565
54	82	-1.33521
28	76	1.33455
54	96	-1.33448
26	34	-1.33417
68	70	-1.33272
68	92	1.33192
18	44	-1.33187
42	78	-1.33088
46	48	-1.33064
40	96	1.33032
40	92	1.33003
44	80	1.32937
18	20	1.32913
30	50	-1.3285
12	20	1.32837
46	82	1.32831
68	76	1.32785
6	52	1.32767
12	68	-1.32596
18	68	-1.32557
10	38	-1.32534
38	90	1.32476
16	78	-1.32469
16	80	1.32311
54	84	1.32285
8	76	-1.32244
12	52	1.32202
18	80	-1.31919
34	46	-1.31892
6	42	-1.31875
58	72	-1.31829
66	76	-1.31819
22	70	-1.31773
44	58	1.31742
20	74	1.31691
62	70	-1.31651
90	92	-1.31648
40	66	-1.3162
24	36	-1.3162
38	54	1.31585
68	74	-1.3156
12	64	1.31507
8	62	-1.31505
26	36	1.31429
40	80	1.31412
6	10	-1.31395
0	14	-1.31238
52	74	1.3123
6	46	-1.31222
48	80	-1.31179
44	84	-1.31164
2	68	-1.31151
4	34	-1.31094
16	44	1.31062
18	96	-1.31043
36	68	1.30944
10	46	1.30941
46	86	-1.30926
2	70	1.30778
48	78	1.30777
30	52	1.30762
32	44	-1.30661
60	62	1.30644
52	90	1.30594
2	94	-1.30564
0	62	-1.30499
0	94	-1.30474
2	8	1.30468
40	52	-1.30427
20	44	-1.30413
6	90	1.30399
64	74	1.30364
2	34	1.30297
58	74	-1.30285
32	74	1.30264
18	58	-1.30213
44	52	-1.30213
32	36	-1.302
0	86	1.30197
12	32	1.30059
2	88	1.29964
44	48	-1.29935
38	46	-1.29869
30	34	1.29809
44	68	1.29806
74	84	1.29761
16	74	-1.29755
0	4	-1.29728
38	56	-1.29687
18	64	1.29623
62	88	-1.29505
68	88	-1.29422
2	32	1.29209
30	96	-1.29178
10	56	1.29138
44	64	-1.29137
46	50	1.29123
10	16	1.29119
12	58	-1.291
34	76	-1.29013
0	46	-1.28919
20	48	1.28913
8	22	-1.28891
14	98	-1.28864
38	42	-1.28857
18	24	1.28793
16	20	-1.28782
12	16	-1.28779
26	82	1.28748
14	26	1.28741
28	54	-1.28675
52	98	1.28661
12	84	1.28641
0	36	-1.28617
16	72	-1.28589
56	82	1.28584
12	24	1.28562
26	54	-1.28443
2	62	-1.28427
6	56	-1.28338
10	26	1.28331
16	96	1.28321
14	66	-1.28308
22	88	-1.28236
28	90	-1.2821
28	56	1.28179
4	44	1.2815
16	82	1.28098
26	42	1.27968
10	98	-1.27864
22	68	1.27711
26	92	1.27711
8	78	1.27698
2	60	-1.27698
76	90	-1.27688
4	92	1.27679
62	68	1.27557
22	84	-1.27511
14	68	1.27489
24	74	1.2741
44	56	1.27401
22	58	1.27384
0	58	-1.27365
4	74	-1.27276
26	60	1.27212
0	20	1.2711
8	40	-1.2705
22	48	-1.26992
18	46	-1.26868
50	62	1.26843
40	64	-1.26821
86	98	1.26592
56	74	-1.26529
16	38	-1.26515
2	66	1.26484
20	40	-1.2648
54	60	-1.26477
12	62	-1.26468
28	58	1.26386
4	12	-1.26295
44	66	-1.26279
24	44	-1.26222
8	14	-1.2622
28	36	1.26138
94	98	-1.26108
66	74	1.25985
12	56	-1.25931
12	66	1.25904
58	80	1.25871
8	12	1.25869
6	16	-1.25864
62	74	-1.25856
44	90	-1.2582
56	96	1.25627
6	76	-1.25587
62	82	1.25573
30	86	1.25459
8	74	1.25403
2	26	-1.25318
74	90	1.25287
22	30	-1.25245
10	90	-1.25231
34	90	1.2521
22	66	-1.25201
14	28	1.25168
6	54	1.25156
8	46	-1.2512
36	66	-1.25066
20	28	-1.25062
8	44	-1.25059
44	62	1.25054
12	90	1.25003
82	90	-1.24935
24	40	-1.24922
82	98	-1.24885
46	70	-1.24821
16	28	1.24766
48	72	1.24752
2	90	1.24746
34	98	1.24701
48	64	1.24653
0	26	-1.24616
34	38	1.24542
0	16	-1.2454
12	26	-1.24452
58	98	-1.24382
26	74	-1.24346
26	44	1.24306
18	78	1.2419
10	62	1.24142
6	58	-1.24132
84	96	-1.24035
56	78	-1.23957
58	60	1.23936
0	64	1.23934
80	86	-1.23875
36	98	-1.2386
4	96	1.23842
12	86	1.23747
38	58	-1.23675
2	16	-1.23521
12	60	-1.23497
2	56	-1.23269
12	76	-1.2322
24	48	1.23072
22	32	-1.23017
74	76	-1.23003
16	64	-1.22941
0	52	1.22879
0	56	-1.22841
8	36	-1.22817
54	68	-1.22769
34	40	-1.22748
22	54	-1.22693
38	92	-1.22587
10	30	-1.22573
14	30	-1.22511
6	34	1.22479
56	76	1.22331
44	76	1.22324
32	62	-1.22227
46	88	-1.22117
56	60	1.22111
16	24	-1.22111
60	74	-1.22
52	56	-1.2198
18	22	-1.21943
38	76	-1.21929
14	34	-1.21928
60	76	1.21895
14	72	-1.21871
76	98	-1.21824
0	40	-1.21813
34	96	-1.218
20	58	-1.21742
30	94	-1.21537
2	58	-1.21522
20	86	1.21457
12	34	1.21438
0	90	1.21336
16	98	-1.2132
74	86	1.21264
2	84	1.21252
18	52	1.21232
0	70	1.21201
30	82	-1.21193
4	46	1.20991
4	62	1.20946
90	96	-1.20844
16	22	1.20709
60	78	-1.20706
22	24	-1.20566
34	74	1.2049
22	28	1.20467
30	36	-1.20393
22	52	-1.20371
62	66	-1.20341
80	94	1.20322
8	96	-1.20319
26	96	1.20294
30	58	-1.20277
28	64	-1.2022
12	46	-1.20085
0	24	1.20039
60	90	-1.20019
0	84	1.19989
26	68	1.1993
44	60	1.19921
56	72	-1.19895
66	96	-1.19882
36	90	-1.19828
12	94	-1.19778
46	74	-1.1975
16	60	1.19676
34	44	-1.19605
0	88	1.19328
28	42	1.19309
16	30	-1.19304
14	74	-1.19242
2	46	-1.19233
18	72	1.19232
44	98	-1.19229
6	92	-1.19223
12	14	-1.19199
2	76	-1.19186
44	46	1.19166
8	38	1.19026
6	8	1.18931
14	44	1.18868
0	82	-1.18809
0	32	1.18719
34	36	-1.1869
68	80	1.18639
70	80	-1.18506
6	14	-1.18378
32	46	-1.18322
44	86	-1.18274
40	44	1.18253
52	72	1.18247
40	54	-1.18218
78	90	1.18192
36	60	1.18137
14	78	-1.18131
34	56	-1.18117
30	64	1.18029
30	76	-1.18022
38	96	-1.1802
50	84	-1.17905
22	56	1.17844
46	66	-1.17842
46	92	1.17763
24	30	1.17758
74	94	-1.17667
8	26	-1.17658
20	70	1.17655
66	68	-1.17552
36	72	-1.17483
40	74	-1.17455
20	88	1.17455
64	98	1.17453
60	80	1.17446
80	88	-1.17381
2	82	-1.17375
74	98	1.17331
64	86	1.17319
32	96	-1.17296
46	96	1.17186
14	90	-1.17144
2	4	-1.17126
6	36	-1.16938
24	28	-1.16813
18	34	1.16724
58	64	-1.16667
40	50	1.16635
12	70	1.16596
54	66	1.1658
12	40	-1.16563
10	34	-1.16542
22	64	-1.16505
24	98	1.16429
34	82	-1.16384
8	82	-1.16364
48	52	1.16352
32	54	1.16331
60	66	-1.16329
30	68	-1.16311
8	10	-1.16265
8	60	-1.16148
62	92	1.16116
24	86	1.1609
24	58	-1.16084
6	32	1.16002
0	10	-1.15999
12	36	-1.15982
36	74	-1.15954
60	72	-1.15936
34	72	1.15889
12	98	1.15854
66	82	-1.15835
10	66	-1.15824
30	44	-1.15696
6	96	-1.15631
2	10	-1.15591
30	60	-1.15586
12	88	1.15555
42	90	-1.1554
36	44	1.15516
36	56	1.15408
48	98	1.1536
28	52	-1.15343
8	68	-1.15254
30	48	1.1507
54	62	-1.15051
44	94	1.15028
4	54	-1.15022
32	92	-1.15008
14	38	-1.14925
14	60	1.14922
66	92	-1.14672
20	94	-1.14663
32	38	1.14555
72	90	1.14522
2	50	-1.14506
72	76	-1.14496
70	74	1.14488
0	66	1.14469
0	8	1.14466
22	90	-1.14367
58	68	1.14252
20	98	1.14241
64	88	1.14194
30	74	1.14108
64	70	1.14107
2	14	-1.14104
40	46	1.1406
0	50	-1.14032
36	78	-1.14009
20	30	1.13845
24	88	1.13799
36	38	-1.13754
34	60	-1.13684
32	68	-1.13553
6	66	1.13519
74	88	1.13506
80	98	-1.1349
24	70	1.13437
56	68	1.13338
44	72	-1.13249
40	62	1.13237
56	98	-1.13006
12	30	1.12961
16	76	1.12885
84	88	1.12859
22	26	1.12818
62	96	1.12804
52	78	1.12778
18	30	1.12623
14	56	1.12583
38	66	1.1256
10	40	1.12537
70	84	1.12467
10	84	-1.12387
68	90	-1.12175
4	50	1.12157
48	76	-1.12131
20	22	-1.12092
44	70	-1.1204
4	6	-1.11961
22	42	1.11938
16	52	-1.11817
10	32	-1.1179
22	38	-1.11763
30	56	-1.11712
32	60	-1.11689
2	36	-1.11582
32	82	-1.11568
34	78	1.11507
72	74	1.11461
46	54	-1.11342
0	34	1.11312
18	98	1.1128
30	80	-1.11276
44	88	-1.11155
34	48	1.11116
20	60	-1.11025
42	68	1.10952
16	68	1.10869
76	94	1.10865
62	84	-1.10854
76	78	-1.10811
82	84	-1.10764
64	94	-1.10727
18	76	-1.10717
24	96	-1.10675
52	96	-1.10633
36	54	-1.10509
26	78	-1.10475
60	98	-1.10416
80	82	1.10403
12	82	-1.1026
2	54	1.10247
34	68	-1.10133
16	34	-1.10116
12	72	1.10102
58	76	1.09986
20	68	-1.09978
40	82	1.09866
18	42	-1.09852
44	78	-1.098
42	56	1.09696
0	98	1.09671
52	86	1.09608
8	90	1.09545
60	64	-1.09509
52	60	-1.09469
2	40	-1.0944
6	84	1.09426
50	80	1.09392
24	94	-1.09383
64	72	1.09312
10	80	1.09083
24	60	-1.09057
24	82	-1.09008
6	22	-1.08991
14	54	-1.08974
74	82	-1.08964
10	24	-1.08791
58	84	-1.08691
24	72	1.08652
46	84	-1.08642
52	68	-1.08622
68	78	-1.08586
16	36	1.08585
4	38	-1.08551
42	48	-1.08501
90	98	1.08493
8	92	-1.08469
10	12	-1.08437
28	78	-1.08436
52	82	-1.08398
26	32	-1.08252
22	46	1.08221
40	88	-1.08193
74	78	1.08188
20	82	-1.08175
34	58	-1.08142
10	52	-1.0812
64	68	-1.08096
76	82	1.0808
64	96	-1.08021
4	28	1.08013
64	82	-1.07999
30	90	1.07988
28	34	-1.07896
2	22	-1.07855
76	86	-1.07763
52	58	-1.07758
2	98	1.07715
26	66	-1.0768
50	66	-1.07644
10	64	-1.07571
10	20	-1.07508
84	86	1.07471
2	30	1.07423
44	82	1.07397
14	22	1.07367
2	96	-1.07268
10	74	-1.07232
18	36	-1.07214
26	72	-1.0717
4	10	1.07158
38	84	1.07137
68	72	-1.07093
52	88	1.0705
40	70	-1.07033
84	94	-1.07024
12	78	1.06982
20	72	1.06974
52	70	1.06951
8	18	1.06945
36	48	-1.06945
24	68	-1.06841
12	50	-1.06806
14	18	-1.0669
72	80	-1.06621
68	84	-1.06599
16	84	-1.06596
8	28	-1.06558
32	50	-1.06535
22	62	1.06472
10	76	1.06303
14	48	-1.06175
14	16	1.06104
20	50	-1.06069
34	86	1.06029
6	40	-1.0597
10	44	1.0581
36	94	1.05777
8	54	1.05769
20	96	-1.05763
36	58	1.05678
50	74	-1.05595
68	98	-1.05585
4	26	1.05548
42	92	1.05547
42	60	1.05541
0	30	1.05533
64	78	1.0553
0	72	1.05493
8	56	-1.05362
34	92	-1.05301
52	94	-1.05286
60	84	-1.05193
36	82	1.05156
4	82	1.05153
24	78	1.0511
20	54	1.05098
4	68	1.05062
22	36	1.05017
40	58	1.05001
40	94	1.0495
42	96	1.04933
34	88	1.04896
54	76	-1.04884
28	72	-1.0487
2	92	-1.04867
34	50	-1.04784
8	50	-1.0477
0	54	1.04732
36	88	-1.04684
28	32	-1.046
54	80	-1.04543
70	76	-1.04525
34	70	1.04455
14	94	1.04449
76	88	-1.04408
22	80	1.04347
28	40	1.04342
0	92	-1.04274
28	66	-1.04241
4	88	-1.04205
34	94	-1.04202
44	50	1.0419
36	86	-1.04125
38	40	-1.04064
50	64	-1.04028
38	78	1.0397
24	50	-1.03961
20	78	1.03781
10	36	1.03757
4	70	-1.03751
78	80	-1.03732
50	76	1.0373
8	48	1.03694
24	54	1.03692
0	78	1.03681
40	68	1.03672
40	86	-1.03613
14	58	1.03583
0	96	-1.03542
54	64	1.03539
42	86	-1.03518
14	88	-1.03492
36	70	-1.03474
2	72	1.03391
14	82	1.03362
4	58	1.03356
16	42	1.03261
32	88	1.03202
14	86	-1.03127
66	88	1.03111
18	40	-1.03097
4	94	1.0299
26	98	-1.02877
16	40	1.02842
12	54	1.02821
80	96	1.02781
32	70	1.02771
42	54	-1.02729
26	40	1.02619
66	70	1.02596
6	78	1.02585
48	84	1.0257
32	90	1.02506
80	92	1.02489
18	32	1.02417
14	70	-1.02407
14	92	1.02392
10	14	1.0231
38	72	1.02255
14	96	1.02235
42	94	1.02216
66	90	1.02181
26	30	-1.02114
54	74	1.02108
12	22	-1.02034
66	94	-1.02
56	84	-1.01991
18	66	1.01985
62	78	-1.01945
28	30	-1.01898
30	46	-1.01869
22	76	1.01831
22	74	-1.01769
58	66	-1.01742
6	98	1.01705
8	58	-1.01705
8	94	-1.01666
22	44	1.01666
50	52	-1.01648
12	96	-1.01585
26	84	-1.01575
46	78	-1.01555
6	72	1.01554
2	78	1.0155
42	58	1.01509
4	86	-1.01479
18	84	1.01458
44	54	-1.01449
8	16	-1.01417
42	70	-1.01388
24	92	-1.01349
28	84	-1.0133
36	96	1.01324
20	92	-1.01295
4	16	1.01289
28	98	-1.01266
36	50	1.0124
52	92	-1.01239
38	98	1.01218
32	58	-1.01188
40	90	-1.01125
74	96	-1.01098
36	92	1.01088
32	94	-1.01072
62	98	-1.01071
40	48	-1.01058
12	92	-1.01044
30	38	1.0103
52	54	1.01004
42	82	1.00997
42	88	-1.00997
32	48	1.00995
6	30	1.00957
40	60	1.00934
4	90	-1.00909
32	86	1.00838
62	72	-1.00837
10	42	1.00822
64	92	-1.00815
34	54	1.00799
14	50	1.00797
84	90	1.00794
76	92	1.00766
74	92	-1.0075
8	86	1.00713
40	56	1.00685
44	96	1.0068
66	86	1.00635
8	88	1.00617
76	96	1.006
56	66	-1.00565
44	92	1.00543
48	66	1.00538
32	56	-1.00523
4	18	-1.00496
16	66	-1.0046
30	62	-1.00449
42	50	1.00423
46	98	-1.0041
8	70	1.00372
46	72	-1.00341
0	22	-1.00339
16	32	-1.00325
4	60	1.00277
4	56	1.00045
4	48	-1.00019
