13	37	199.955
5	31	199.947
65	77	199.828
11	71	199.744
27	59	199.672
13	31	199.108
39	61	198.825
31	37	198.813
5	13	198.636
29	33	198.627
67	91	198.522
33	67	198.422
5	37	198.267
13	25	-197.737
47	65	197.506
19	93	197.39
15	63	-197.305
25	31	-197.199
25	37	-197.162
5	25	-196.968
3	61	196.918
29	41	196.409
47	77	196.274
45	63	-196.267
3	89	196.251
9	57	196.216
15	45	196.097
93	99	196.043
23	99	195.807
89	95	195.036
71	87	194.95
29	67	194.473
35	41	194.412
33	91	194.205
1	61	193.907
5	97	193.355
3	39	193.302
11	87	193.291
7	25	192.601
43	71	192.57
63	81	192.547
23	93	192.543
11	59	192.316
41	81	192.194
31	97	192.174
29	35	191.903
43	55	191.601
1	39	191.556
43	87	191.543
19	79	191.486
37	91	191.393
19	69	191.31
55	87	191.253
55	81	191.198
69	93	191.179
33	41	190.827
11	27	190.766
13	91	190.611
31	91	190.588
21	69	-190.491
5	91	190.038
61	89	189.929
11	43	189.901
59	71	189.435
51	83	189.217
45	81	-189.18
35	81	189.139
25	53	188.631
65	79	188.597
11	21	188.325
3	15	188.272
19	99	187.947
37	67	187.944
77	79	187.931
21	71	187.774
29	91	187.757
25	97	-187.739
3	95	187.655
27	71	187.653
39	89	187.545
41	45	-187.503
79	85	-187.494
17	73	187.34
19	77	187.311
7	53	187.248
33	35	186.853
23	69	186.779
13	67	186.755
13	97	186.605
1	3	186.541
7	13	-186.483
7	17	186.021
7	37	-185.968
51	75	185.949
49	53	185.923
19	65	185.813
7	49	185.735
37	97	185.475
43	81	185.369
73	95	185.262
31	67	184.928
69	79	184.876
1	21	-184.55
33	37	184.349
43	63	184.34
5	67	183.926
21	27	183.324
21	43	183.139
19	23	183.021
41	67	182.986
13	33	182.85
15	81	-182.658
47	79	182.59
7	31	-182.477
35	67	181.683
15	61	181.622
5	7	-181.622
21	59	181.577
35	55	181.535
41	63	181.361
79	93	181.178
69	99	181.068
25	91	-180.681
17	37	-180.468
1	15	180.381
53	97	-180.251
55	71	180.213
5	53	-179.999
29	81	179.619
13	17	-179.617
47	85	-179.595
1	69	179.519
31	53	-179.463
31	33	179.051
23	39	178.687
1	23	178.413
27	79	-178.038
13	53	-177.975
15	89	177.894
77	93	177.853
27	85	177.625
5	33	177.612
17	25	177.559
91	97	177.26
59	87	177.246
3	63	-177.148
55	63	177.018
65	85	-176.486
37	53	-176.375
29	37	176.26
11	55	176.218
29	45	-176.18
1	63	-176.16
15	95	175.966
3	45	175.62
65	93	175.5
25	67	-175.43
17	33	-175.155
61	95	175.128
13	29	174.485
41	55	174.481
59	85	174.44
19	47	174.124
17	29	-174.087
15	43	-174.038
15	41	-173.621
27	87	173.607
77	85	-173.561
59	79	-173.418
41	91	173.11
15	39	172.919
1	89	172.631
35	91	172.447
23	61	172.376
27	69	-172.133
17	31	-171.954
35	45	-171.799
61	63	-171.752
21	87	171.71
81	87	171.631
47	83	171.583
1	43	-171.314
77	83	171.199
25	33	-171.109
47	51	170.342
21	79	-170.332
45	95	170.268
39	95	170.204
65	83	170.106
5	17	-170.085
25	49	169.91
35	63	169.735
43	45	-169.72
17	67	-169.709
33	81	169.616
29	31	169.497
45	73	169.487
19	21	-168.885
17	41	-168.78
43	59	168.471
59	69	-168.027
5	29	167.797
21	93	-167.706
17	45	167.613
21	23	-167.54
7	97	-167.534
33	45	-167.319
73	89	167.205
67	97	167.031
45	55	-166.913
45	89	166.591
27	43	166.565
11	69	-166.502
17	91	-166.256
75	83	166.226
77	99	166.072
29	63	165.788
45	61	165.419
69	71	-164.646
69	77	164.545
79	99	164.516
21	61	-164.359
19	85	-164.147
39	69	163.882
63	89	-163.781
1	45	163.563
7	73	163.475
15	73	163.397
65	69	163.369
71	81	163.281
65	99	163.012
15	55	-162.782
39	63	-162.481
1	93	162.426
21	63	162.37
7	91	-162.281
63	95	-162.145
63	71	162.133
25	29	-162.069
61	69	161.941
47	93	161.849
63	87	161.814
23	79	161.522
21	39	-161.29
41	43	161.237
51	65	161.214
35	43	161.157
1	71	-161.105
39	99	160.874
1	99	160.64
51	77	160.464
37	41	160.392
29	55	160.298
19	27	-159.909
7	67	-159.9
1	11	-159.9
7	33	-159.532
57	97	159.242
3	73	159.217
67	81	159.189
15	29	-158.981
21	55	158.667
11	81	158.53
15	21	-158.437
13	41	158.373
15	35	-158.157
11	63	158.156
17	95	157.995
13	49	-157.847
69	85	-157.789
17	49	157.259
33	97	157.136
37	49	-156.73
1	95	156.7
43	69	-156.634
21	99	-156.118
11	79	-156.051
45	67	-155.888
3	23	155.854
39	45	155.721
1	81	-155.547
39	93	155.425
17	53	155.346
31	49	-155.248
33	63	155.095
19	59	-155.063
35	87	154.996
5	49	-154.902
1	19	154.826
3	21	-154.45
63	73	-154.194
43	61	-153.757
23	77	153.422
7	29	-153.279
61	99	153.18
3	81	-153.164
15	17	152.658
53	91	-152.572
41	73	-152.364
35	37	152.341
31	41	152.164
15	71	-152.146
71	79	-151.916
3	43	-151.865
53	57	-151.266
21	81	151.046
55	59	151.033
23	65	150.898
47	69	150.711
17	35	-150.549
29	73	-150.502
21	85	150.479
13	35	150.447
27	93	-150.348
5	41	150.255
33	55	150.11
85	93	-150.1
61	93	149.532
17	63	-149.398
47	99	149.293
37	73	-149.266
15	33	-149.222
1	27	-149.206
15	87	-148.937
11	85	148.911
11	15	-148.762
17	81	-148.728
27	65	-148.588
13	73	-148.365
1	55	-148.32
45	75	148.3
33	73	-148.277
61	81	-148.179
17	97	-147.72
41	87	147.672
45	87	-147.627
49	97	-147.614
27	55	147.509
81	91	147.407
27	77	-147.365
1	87	-147.291
1	59	-147.198
25	73	147.186
3	69	146.895
39	43	-146.438
31	35	146.286
17	51	146.213
9	53	-146.01
25	41	-146.01
59	93	-145.875
29	97	145.823
69	87	-145.764
11	19	-145.727
17	83	145.642
23	89	145.515
9	97	145.441
53	67	-145.358
45	91	-145.313
45	71	-145.258
5	47	-145.198
31	47	-145.017
5	35	144.776
41	75	-144.672
3	41	-144.621
7	83	144.595
19	39	144.252
25	47	144.214
21	45	-144.187
1	79	144.124
71	85	144.041
59	65	-143.942
13	47	-143.848
63	67	143.53
27	47	-143.473
37	47	-143.45
47	97	-143.442
29	43	143.312
53	77	143.304
25	65	143.289
19	83	143.263
25	77	143.034
19	71	-142.931
59	77	-142.78
73	81	-142.772
15	75	142.746
63	75	-142.564
33	51	-142.489
53	65	142.386
61	73	142.106
29	51	-141.921
49	73	141.875
37	51	-141.752
5	65	-141.688
11	93	-141.675
41	95	-141.633
7	41	-141.506
55	67	141.462
31	65	-141.409
29	75	-141.321
9	75	-141.304
11	45	-141.269
13	51	-141.23
17	75	141.19
65	97	-141.097
67	73	-141.024
31	73	-140.778
19	53	140.688
81	95	-140.655
75	81	-140.649
5	77	-140.58
61	71	-140.546
31	77	-140.337
13	65	-140.21
81	89	-140.049
9	21	139.999
21	77	-139.989
33	53	-139.968
39	81	-139.92
17	89	139.861
51	67	-139.848
71	93	-139.803
37	45	-139.794
77	97	-139.647
21	65	-139.609
79	97	-139.537
21	89	-139.533
37	65	-139.531
35	71	139.467
19	61	139.438
13	77	-139.376
15	69	139.328
73	83	139.313
11	61	-139.302
63	69	-139.27
7	77	139.154
79	83	139.144
85	97	139.138
5	73	-139.117
47	59	-139.06
25	51	138.862
23	27	-138.74
37	77	-138.669
41	51	-138.265
21	57	138.236
7	65	138.206
15	67	-138.192
7	51	138.171
33	75	-138.12
31	51	-137.953
13	45	-137.944
27	57	137.911
11	23	-137.795
47	53	137.785
23	43	-137.749
73	75	137.73
23	47	137.718
25	35	-137.711
51	91	-137.547
53	93	137.358
23	71	-137.344
83	93	137.272
47	91	-137.161
15	23	137.131
5	51	-137.098
73	91	-136.988
41	89	-136.816
41	71	136.62
3	71	-136.619
57	59	136.571
3	17	136.498
7	47	136.378
49	83	136.347
3	99	136.34
25	83	136.314
43	89	-136.238
1	41	-135.973
11	57	135.947
41	61	-135.818
5	57	135.72
53	79	135.458
29	95	-135.456
51	73	135.333
49	99	135.263
39	71	-135.147
3	11	-135.095
39	73	135.063
35	75	-134.986
23	59	-134.954
57	71	134.915
3	55	-134.904
11	35	134.825
55	61	-134.673
59	63	134.666
57	79	-134.498
27	99	-134.476
9	69	-134.423
37	83	-134.33
11	39	-134.286
47	75	134.242
13	83	-134.207
85	99	-134.063
69	89	133.948
83	99	133.925
25	57	-133.878
49	93	133.825
31	57	133.758
49	91	-133.704
83	85	-133.623
37	81	133.619
27	63	133.466
9	11	133.452
51	85	-133.441
75	95	133.267
9	71	133.265
3	29	-133.22
43	79	-133.112
23	85	-133.097
3	93	132.925
47	67	-132.885
79	87	-132.876
49	77	132.753
23	63	-132.753
53	83	132.724
67	75	-132.716
43	95	-132.714
63	91	132.7
29	87	132.649
57	69	-132.644
45	51	132.582
33	43	132.533
59	81	132.282
55	69	-132.261
19	49	132.248
35	73	-132.243
11	41	132.113
7	45	132.024
43	93	-131.945
13	81	131.755
9	43	131.653
33	95	-131.646
3	35	-131.548
27	61	-131.544
49	67	-131.495
53	99	131.295
29	53	-131.294
9	27	131.256
5	79	-131.181
11	99	-131.129
57	75	-131.086
9	79	-131.052
7	35	-131.012
39	79	130.983
37	75	-130.977
55	91	130.938
59	99	-130.903
9	51	-130.779
19	43	-130.77
31	45	-130.658
49	65	130.588
25	79	130.512
5	85	130.505
33	49	-130.439
13	75	-130.416
71	99	-130.326
31	83	-130.231
31	79	-130.212
53	73	130.185
35	51	-130.183
3	75	130.116
51	79	130.049
59	61	-129.98
27	81	129.958
19	97	-129.945
9	59	129.737
21	47	-129.617
57	85	129.545
31	85	129.535
65	91	-129.505
5	83	-129.365
27	39	-129.363
29	89	-129.359
61	87	-129.343
15	59	-129.168
1	35	-129.084
53	69	129.06
25	45	129.012
19	25	128.821
5	45	-128.777
39	55	-128.757
33	47	-128.738
51	53	128.73
15	91	-128.648
21	95	-128.633
39	41	-128.625
1	9	-128.552
25	75	128.533
41	97	128.482
15	27	-128.447
75	91	-128.326
75	89	128.191
61	79	128.126
7	75	128.087
1	73	128.087
49	57	-128.024
43	57	127.964
77	91	-127.824
7	95	127.807
3	87	-127.786
85	87	127.728
89	99	127.636
17	55	-127.594
19	87	-127.442
35	61	-127.362
39	59	-127.346
31	75	-127.314
19	51	127.116
17	47	127.08
51	97	-127.063
43	99	-126.953
87	93	-126.92
55	75	-126.919
13	57	126.773
7	19	126.684
3	33	-126.649
5	75	-126.59
35	97	126.525
3	27	-126.507
13	79	-126.446
23	87	-126.341
9	19	-126.304
33	83	-126.27
9	49	-126.255
31	81	126.161
67	95	-126.128
29	49	-126.047
43	73	-126.022
3	59	-125.983
11	65	-125.827
69	81	-125.796
21	41	125.78
57	87	125.685
11	77	-125.633
19	57	-125.522
71	89	-125.52
55	73	-125.468
51	81	-125.461
37	79	-125.431
23	95	125.339
23	49	125.285
37	57	125.176
13	85	125.165
33	89	-125.162
23	53	125.104
65	75	125.05
5	19	-125.016
11	89	-124.97
65	67	-124.924
29	83	-124.923
37	63	124.774
9	25	-124.715
85	91	124.671
5	9	124.648
37	85	124.586
5	81	124.559
25	85	-124.535
17	77	124.523
47	57	-124.508
9	87	124.414
35	95	-124.408
3	19	124.399
75	77	124.392
19	31	-124.352
9	47	-124.301
17	65	124.289
29	61	-124.272
1	85	-124.252
43	75	-124.224
53	75	124.176
71	95	-124.138
67	83	-124.057
39	87	-124.022
35	89	-123.991
47	49	123.972
57	65	-123.83
45	69	123.827
9	65	-123.817
59	95	-123.816
11	95	-123.747
33	87	123.701
21	35	123.598
87	99	-123.499
35	39	-123.48
23	55	-123.451
67	77	-123.435
43	67	123.416
15	37	-123.369
27	89	-123.298
37	95	-123.278
73	97	-123.266
59	89	-123.239
7	57	-123.213
7	93	123.168
13	63	123.145
9	77	-123.132
89	93	123.022
9	31	123.011
91	95	-123.001
83	91	-122.994
29	47	-122.809
57	77	-122.73
51	63	-122.636
27	95	-122.582
15	51	122.504
25	93	122.503
65	71	-122.398
73	87	-122.368
51	57	-122.352
7	79	122.346
13	95	-122.325
71	77	-122.325
9	85	122.251
27	97	122.25
13	19	-122.156
55	89	-122.136
61	75	122.094
1	77	122.054
17	61	122.048
43	85	122.031
55	95	-121.98
9	93	-121.963
13	15	-121.851
93	97	-121.815
25	81	-121.585
69	97	-121.562
1	57	-121.506
49	51	121.502
1	29	-121.501
29	71	121.359
23	45	121.214
51	95	121.206
19	37	-121.102
67	89	-121.058
41	83	-121.042
33	65	-121.006
1	65	120.946
85	89	-120.87
39	85	-120.837
7	81	-120.819
45	59	-120.672
15	93	120.547
9	63	120.491
49	79	120.39
3	67	-120.32
15	99	120.259
75	97	-120.164
17	43	-120.075
53	85	-120.072
7	99	119.906
87	95	-119.883
23	81	-119.782
33	77	-119.776
59	97	119.699
51	93	119.693
57	93	-119.647
85	95	-119.582
35	49	-119.483
45	83	119.481
27	45	-119.305
11	47	-119.304
83	97	-119.181
49	69	119.169
83	95	119.14
55	99	-119.123
29	39	-119.109
9	55	119.074
69	95	119.004
63	93	-118.966
71	73	-118.698
7	15	118.693
1	75	118.631
41	49	-118.57
25	95	118.488
67	85	118.384
41	53	-118.379
89	91	-118.34
61	85	-118.226
33	61	-118.133
31	95	-118
11	73	-117.915
87	89	-117.896
69	83	117.867
63	99	-117.801
5	93	-117.798
11	29	117.683
23	83	117.681
9	15	-117.543
9	13	117.478
9	83	-117.451
31	63	117.415
49	87	-117.401
79	91	-117.381
9	23	-117.377
31	93	-117.255
3	79	117.228
55	93	-117.211
7	63	-117.129
5	95	-117.061
39	75	116.959
67	87	116.921
7	9	-116.92
37	55	116.787
9	61	-116.775
59	73	-116.725
57	91	116.373
55	57	116.185
25	99	116.129
9	37	116.112
15	31	-116.034
47	71	-116.004
5	63	115.955
9	81	115.91
19	89	115.882
17	39	115.764
51	99	115.716
49	55	-115.696
39	77	115.628
13	93	-115.611
3	91	-115.475
13	55	115.454
15	19	115.429
29	65	-115.414
25	63	-115.387
75	87	-115.375
15	25	115.101
19	63	-114.986
49	75	114.98
25	69	114.72
39	65	114.718
35	53	-114.704
43	91	114.692
37	93	-114.665
17	87	-114.663
5	15	-114.616
21	53	-114.536
3	85	-114.43
29	77	-114.386
9	39	-114.378
27	73	-114.328
33	39	-114.307
1	17	114.222
35	83	-114.207
19	55	-114.147
1	33	-114.135
55	79	-113.968
7	85	-113.894
27	83	-113.51
33	71	113.487
23	57	-113.442
35	59	113.401
61	67	-113.381
79	89	113.332
41	47	-113.205
21	97	113.202
97	99	-113.171
59	83	-113.137
51	55	-113.098
3	9	-112.979
51	89	112.976
37	89	-112.95
27	53	-112.935
9	99	-112.85
57	63	112.705
5	69	-112.674
7	89	112.652
47	73	112.488
33	85	112.455
63	79	-112.41
1	47	112.169
21	29	112.158
23	35	-112.132
13	89	-112.107
31	55	111.912
31	69	-111.862
15	83	111.798
67	79	-111.737
61	77	111.715
49	95	111.707
9	45	-111.687
41	59	111.584
77	87	-111.454
39	67	-111.448
21	73	-111.411
5	99	-111.405
7	69	111.353
95	99	111.321
15	79	111.296
27	35	111.279
3	51	111.225
7	55	-111.215
31	99	-111.085
65	87	-111.039
81	99	-111.006
71	75	-111.004
45	97	-110.975
61	65	110.937
5	55	110.897
7	23	110.896
73	85	-110.842
53	59	-110.84
57	61	-110.781
81	83	-110.768
35	47	-110.711
19	91	-110.683
23	97	-110.647
11	33	110.557
95	97	-110.551
73	77	110.234
13	99	-110.19
35	99	-110.175
5	27	110.125
57	81	110.1
57	83	-110.087
3	37	-110.085
65	73	110.071
63	83	-109.983
57	99	-109.971
87	91	109.965
27	41	109.957
81	93	-109.935
15	57	-109.856
11	49	-109.844
45	49	109.801
49	71	-109.783
49	59	-109.762
31	89	-109.648
61	91	-109.611
49	81	-109.595
37	99	-109.5
23	25	109.495
75	85	-109.49
57	67	109.418
43	77	-109.291
39	57	-109.288
27	49	-109.235
13	69	-109.226
27	31	109.188
3	13	-109.172
81	97	109.164
3	7	109.161
5	89	-109.1
43	65	-109.079
11	75	-109.029
39	91	-108.982
39	47	108.951
45	93	108.795
11	97	108.762
45	99	108.753
25	55	-108.751
93	95	108.723
83	87	-108.604
1	67	-108.438
45	53	108.386
37	69	-108.356
55	85	108.337
83	89	108.299
17	19	108.202
21	75	-108.2
41	69	-108.182
9	91	108.17
5	59	108.112
17	71	-108.09
1	53	108.074
25	27	-108.07
25	89	107.926
67	71	107.926
23	41	-107.762
3	57	-107.711
51	69	107.586
17	85	-107.558
35	69	-107.527
17	79	107.466
33	79	-107.463
29	85	107.438
21	49	-107.433
41	65	-107.265
31	59	107.259
49	85	-107.212
79	95	107.197
19	81	-107.065
55	83	-107.03
71	97	106.952
19	67	-106.724
37	43	106.699
5	23	-106.603
41	77	-106.594
11	17	-106.593
43	51	-106.593
9	89	-106.586
7	87	-106.525
79	81	-106.512
89	97	-106.432
91	93	-106.39
25	59	-106.298
21	33	106.22
3	31	-106.181
23	31	-106.168
47	87	-106.136
43	49	-105.925
13	27	105.888
53	95	105.871
11	53	-105.86
13	43	105.838
19	45	105.779
11	67	105.767
47	61	105.718
91	99	-105.678
3	83	105.655
23	51	105.582
3	5	-105.517
17	93	105.462
11	83	-105.373
27	37	105.289
3	25	105.258
35	65	-105.233
57	89	-105.194
9	41	105.184
45	57	-105.157
27	51	-105.118
7	27	-105.067
19	95	105.057
75	79	104.924
33	57	104.902
57	95	-104.885
17	57	-104.875
13	23	-104.794
53	71	-104.782
15	85	-104.746
7	59	-104.736
35	77	-104.711
39	53	104.709
51	61	104.617
71	83	-104.517
43	47	-104.516
47	95	104.515
21	25	-104.515
63	85	104.463
67	99	-104.348
5	21	104.344
13	59	104.334
23	37	-104.233
51	59	-104.214
1	91	-104.205
51	87	-104.189
9	35	104.188
53	81	-104.164
35	93	-104.123
45	47	104.113
21	83	-104.05
39	49	103.984
9	95	-103.945
9	67	103.916
17	99	103.898
19	33	-103.895
57	73	-103.876
3	77	103.875
1	49	103.858
45	79	103.829
37	59	103.819
21	31	103.781
63	97	103.743
23	73	103.713
19	75	103.689
67	93	-103.686
47	89	103.63
31	43	103.605
29	59	103.601
3	65	103.578
29	79	-103.576
37	61	-103.551
71	91	103.496
23	91	-103.492
49	63	-103.347
7	43	-103.245
27	91	103.222
23	29	-103.222
53	61	103.202
17	21	-103.19
37	87	103.18
41	99	-103.134
15	97	-103.125
15	49	103.084
5	43	103.082
13	61	-102.99
17	59	-102.984
23	67	-102.823
49	89	102.787
65	89	102.761
7	61	102.752
27	29	102.749
1	97	-102.665
13	87	102.639
39	97	-102.61
53	87	-102.538
55	97	102.529
33	99	-102.526
15	53	102.51
73	79	102.486
47	81	-102.438
77	89	102.429
21	67	102.417
69	73	102.376
39	51	102.345
59	91	102.297
11	91	102.288
69	91	-102.237
35	85	102.233
1	51	102.171
13	21	102.159
29	57	102.136
35	57	102.125
81	85	102.072
29	99	-102.063
25	43	-102.063
53	63	-102.059
17	27	-102.005
9	33	102.005
41	57	102.004
49	61	101.991
23	33	-101.977
7	11	-101.966
59	75	-101.943
37	39	-101.931
3	97	-101.926
7	71	-101.872
21	37	101.827
65	95	101.815
41	85	101.81
55	77	-101.798
9	29	101.762
53	55	-101.701
45	65	101.692
7	21	-101.685
43	83	-101.63
33	93	-101.624
29	69	-101.609
31	61	-101.608
43	97	101.591
45	77	101.589
13	39	-101.55
87	97	101.533
3	47	101.525
9	17	-101.51
55	65	-101.414
61	97	-101.388
5	11	101.386
75	93	101.352
5	61	-101.34
69	75	101.325
77	95	101.297
19	29	-101.291
63	77	-101.263
7	39	101.23
31	87	101.208
1	37	-101.175
63	65	-101.174
27	75	-101.161
33	59	101.159
61	83	101.155
27	67	101.155
15	77	101.139
3	49	101.125
31	39	-101.124
19	35	-101.113
41	93	-101.112
1	7	101.088
5	39	-101.065
11	31	101.055
25	87	-100.955
15	65	100.948
5	87	100.915
27	33	100.906
1	13	-100.905
47	63	-100.883
25	61	100.876
59	67	100.846
5	71	100.835
43	53	-100.83
73	99	100.811
17	23	100.808
1	25	100.805
41	79	-100.796
3	53	100.784
11	25	-100.781
1	83	100.758
19	73	100.745
17	69	100.745
23	75	100.744
75	99	100.718
9	73	-100.706
45	85	-100.658
21	51	-100.648
31	71	100.635
51	71	-100.588
53	89	100.587
21	91	100.58
37	71	100.443
15	47	100.432
65	81	-100.398
67	69	-100.382
73	93	100.351
29	93	-100.34
13	71	100.322
39	83	100.316
11	51	-100.294
25	71	-100.289
11	13	100.259
11	37	100.249
77	81	-100.237
33	69	-100.183
1	31	-100.181
19	41	-100.179
1	5	-100.128
35	79	-100.104
25	39	100.097
47	55	-100.017
66	67	20
76	77	20
56	57	20
24	25	20
64	65	20
78	79	20
80	81	20
20	21	20
82	83	20
22	23	20
84	85	20
86	87	20
58	59	20
88	89	20
90	91	20
92	93	20
94	95	20
96	97	20
54	55	20
26	27	20
30	31	20
28	29	20
50	51	20
48	49	20
46	47	20
68	69	20
44	45	20
42	43	20
40	41	20
18	19	20
74	75	20
16	17	20
38	39	20
36	37	20
34	35	20
14	15	20
72	73	20
62	63	20
32	33	20
52	53	20
70	71	20
60	61	20
0	1	20
98	99	20
12	13	20
8	9	20
4	5	20
10	11	20
6	7	20
2	3	20
13	36	19.9955
12	37	19.9955
4	31	19.9947
5	30	19.9947
65	76	19.9828
64	77	19.9828
11	70	19.9744
10	71	19.9744
26	59	19.9672
27	58	19.9672
12	31	19.9108
13	30	19.9108
39	60	19.8825
38	61	19.8825
30	37	19.8813
31	36	19.8813
4	13	19.8636
5	12	19.8636
29	32	19.8627
28	33	19.8627
66	91	19.8522
67	90	19.8522
32	67	19.8422
33	66	19.8422
4	37	19.8267
5	36	19.8267
13	24	-19.7737
12	25	-19.7737
47	64	19.7506
46	65	19.7506
19	92	19.739
18	93	19.739
15	62	-19.7305
14	63	-19.7305
25	30	-19.7199
24	31	-19.7199
25	36	-19.7162
24	37	-19.7162
4	25	-19.6968
5	24	-19.6968
2	61	19.6918
3	60	19.6918
29	40	19.6409
28	41	19.6409
47	76	19.6274
46	77	19.6274
44	63	-19.6267
45	62	-19.6267
3	88	19.6251
2	89	19.6251
8	57	19.6216
9	56	19.6216
15	44	19.6097
14	45	19.6097
93	98	19.6043
92	99	19.6043
23	98	19.5807
22	99	19.5807
88	95	19.5036
89	94	19.5036
70	87	19.495
71	86	19.495
29	66	19.4473
28	67	19.4473
34	41	19.4412
35	40	19.4412
33	90	19.4205
32	91	19.4205
0	61	19.3907
1	60	19.3907
5	96	19.3355
4	97	19.3355
3	38	19.3302
2	39	19.3302
10	87	19.3291
11	86	19.3291
6	25	19.2601
7	24	19.2601
42	71	19.257
43	70	19.257
62	81	19.2547
63	80	19.2547
23	92	19.2543
22	93	19.2543
10	59	19.2316
11	58	19.2316
41	80	19.2194
40	81	19.2194
30	97	19.2174
31	96	19.2174
29	34	19.1903
28	35	19.1903
43	54	19.1601
42	55	19.1601
0	39	19.1556
1	38	19.1556
42	87	19.1543
43	86	19.1543
19	78	19.1486
18	79	19.1486
37	90	19.1393
36	91	19.1393
18	69	19.131
19	68	19.131
54	87	19.1253
55	86	19.1253
55	80	19.1198
54	81	19.1198
69	92	19.1179
68	93	19.1179
32	41	19.0827
33	40	19.0827
10	27	19.0766
11	26	19.0766
12	91	19.0611
13	90	19.0611
30	91	19.0588
31	90	19.0588
21	68	-19.0491
20	69	-19.0491
4	91	19.0038
5	90	19.0038
60	89	18.9929
61	88	18.9929
10	43	18.9901
11	42	18.9901
58	71	18.9435
59	70	18.9435
50	83	18.9217
51	82	18.9217
44	81	-18.918
45	80	-18.918
34	81	18.9139
35	80	18.9139
25	52	18.8631
24	53	18.8631
64	79	18.8597
65	78	18.8597
10	21	18.8325
11	20	18.8325
2	15	18.8272
3	14	18.8272
19	98	18.7947
18	99	18.7947
36	67	18.7944
37	66	18.7944
76	79	18.7931
77	78	18.7931
20	71	18.7774
21	70	18.7774
28	91	18.7757
29	90	18.7757
24	97	-18.7739
25	96	-18.7739
2	95	18.7655
3	94	18.7655
26	71	18.7653
27	70	18.7653
38	89	18.7545
39	88	18.7545
40	45	-18.7503
41	44	-18.7503
79	84	-18.7494
78	85	-18.7494
17	72	18.734
16	73	18.734
18	77	18.7311
19	76	18.7311
7	52	18.7248
6	53	18.7248
32	35	18.6853
33	34	18.6853
23	68	18.6779
22	69	18.6779
13	66	18.6755
12	67	18.6755
12	97	18.6605
13	96	18.6605
0	3	18.6541
1	2	18.6541
7	12	-18.6483
6	13	-18.6483
7	16	18.6021
6	17	18.6021
7	36	-18.5968
6	37	-18.5968
50	75	18.5949
51	74	18.5949
48	53	18.5923
49	52	18.5923
19	64	18.5813
18	65	18.5813
6	49	18.5735
7	48	18.5735
36	97	18.5475
37	96	18.5475
42	81	18.5369
43	80	18.5369
72	95	18.5262
73	94	18.5262
31	66	18.4928
30	67	18.4928
68	79	18.4876
69	78	18.4876
0	21	-18.455
1	20	-18.455
33	36	18.4349
32	37	18.4349
43	62	18.434
42	63	18.434
4	67	18.3926
5	66	18.3926
20	27	18.3324
21	26	18.3324
20	43	18.3139
21	42	18.3139
19	22	18.3021
18	23	18.3021
41	66	18.2986
40	67	18.2986
12	33	18.285
13	32	18.285
15	80	-18.2658
14	81	-18.2658
46	79	18.259
47	78	18.259
6	31	-18.2477
7	30	-18.2477
34	67	18.1683
35	66	18.1683
15	60	18.1622
14	61	18.1622
5	6	-18.1622
4	7	-18.1622
21	58	18.1577
20	59	18.1577
35	54	18.1535
34	55	18.1535
41	62	18.1361
40	63	18.1361
78	93	18.1178
79	92	18.1178
69	98	18.1068
68	99	18.1068
24	91	-18.0681
25	90	-18.0681
17	36	-18.0468
16	37	-18.0468
0	15	18.0381
1	14	18.0381
52	97	-18.0251
53	96	-18.0251
55	70	18.0213
54	71	18.0213
4	53	-17.9999
5	52	-17.9999
28	81	17.9619
29	80	17.9619
13	16	-17.9617
12	17	-17.9617
47	84	-17.9595
46	85	-17.9595
0	69	17.9519
1	68	17.9519
31	52	-17.9463
30	53	-17.9463
30	33	17.9051
31	32	17.9051
22	39	17.8687
23	38	17.8687
1	22	17.8413
0	23	17.8413
27	78	-17.8038
26	79	-17.8038
12	53	-17.7975
13	52	-17.7975
14	89	17.7894
15	88	17.7894
77	92	17.7853
76	93	17.7853
27	84	17.7625
26	85	17.7625
4	33	17.7612
5	32	17.7612
17	24	17.7559
16	25	17.7559
90	97	17.726
91	96	17.726
58	87	17.7246
59	86	17.7246
2	63	-17.7148
3	62	-17.7148
55	62	17.7018
54	63	17.7018
64	85	-17.6486
65	84	-17.6486
36	53	-17.6375
37	52	-17.6375
28	37	17.626
29	36	17.626
11	54	17.6218
10	55	17.6218
28	45	-17.618
29	44	-17.618
0	63	-17.616
1	62	-17.616
15	94	17.5966
14	95	17.5966
3	44	17.562
2	45	17.562
65	92	17.55
64	93	17.55
24	67	-17.543
25	66	-17.543
17	32	-17.5155
16	33	-17.5155
61	94	17.5128
60	95	17.5128
12	29	17.4485
13	28	17.4485
41	54	17.4481
40	55	17.4481
59	84	17.444
58	85	17.444
18	47	17.4124
19	46	17.4124
17	28	-17.4087
16	29	-17.4087
14	43	-17.4038
15	42	-17.4038
14	41	-17.3621
15	40	-17.3621
26	87	17.3607
27	86	17.3607
77	84	-17.3561
76	85	-17.3561
59	78	-17.3418
58	79	-17.3418
41	90	17.311
40	91	17.311
15	38	17.2919
14	39	17.2919
0	89	17.2631
1	88	17.2631
34	91	17.2447
35	90	17.2447
23	60	17.2376
22	61	17.2376
27	68	-17.2133
26	69	-17.2133
16	31	-17.1954
17	30	-17.1954
35	44	-17.1799
34	45	-17.1799
61	62	-17.1752
60	63	-17.1752
20	87	17.171
21	86	17.171
81	86	17.1631
80	87	17.1631
47	82	17.1583
46	83	17.1583
0	43	-17.1314
1	42	-17.1314
77	82	17.1199
76	83	17.1199
25	32	-17.1109
24	33	-17.1109
47	50	17.0342
46	51	17.0342
20	79	-17.0332
21	78	-17.0332
45	94	17.0268
44	95	17.0268
39	94	17.0204
38	95	17.0204
64	83	17.0106
65	82	17.0106
5	16	-17.0085
4	17	-17.0085
25	48	16.991
24	49	16.991
34	63	16.9735
35	62	16.9735
42	45	-16.972
43	44	-16.972
17	66	-16.9709
16	67	-16.9709
32	81	16.9616
33	80	16.9616
28	31	16.9497
29	30	16.9497
44	73	16.9487
45	72	16.9487
19	20	-16.8885
18	21	-16.8885
17	40	-16.878
16	41	-16.878
43	58	16.8471
42	59	16.8471
59	68	-16.8027
58	69	-16.8027
5	28	16.7797
4	29	16.7797
21	92	-16.7706
20	93	-16.7706
16	45	16.7613
17	44	16.7613
20	23	-16.754
21	22	-16.754
7	96	-16.7534
6	97	-16.7534
32	45	-16.7319
33	44	-16.7319
73	88	16.7205
72	89	16.7205
66	97	16.7031
67	96	16.7031
44	55	-16.6913
45	54	-16.6913
45	88	16.6591
44	89	16.6591
27	42	16.6565
26	43	16.6565
11	68	-16.6502
10	69	-16.6502
17	90	-16.6256
16	91	-16.6256
74	83	16.6226
75	82	16.6226
77	98	16.6072
76	99	16.6072
29	62	16.5788
28	63	16.5788
44	61	16.5419
45	60	16.5419
68	71	-16.4646
69	70	-16.4646
68	77	16.4545
69	76	16.4545
79	98	16.4516
78	99	16.4516
20	61	-16.4359
21	60	-16.4359
19	84	-16.4147
18	85	-16.4147
39	68	16.3882
38	69	16.3882
63	88	-16.3781
62	89	-16.3781
0	45	16.3563
1	44	16.3563
7	72	16.3475
6	73	16.3475
15	72	16.3397
14	73	16.3397
64	69	16.3369
65	68	16.3369
71	80	16.3281
70	81	16.3281
64	99	16.3012
65	98	16.3012
15	54	-16.2782
14	55	-16.2782
38	63	-16.2481
39	62	-16.2481
0	93	16.2426
1	92	16.2426
21	62	16.237
20	63	16.237
6	91	-16.2281
7	90	-16.2281
62	95	-16.2145
63	94	-16.2145
63	70	16.2133
62	71	16.2133
24	29	-16.2069
25	28	-16.2069
60	69	16.1941
61	68	16.1941
47	92	16.1849
46	93	16.1849
62	87	16.1814
63	86	16.1814
23	78	16.1522
22	79	16.1522
20	39	-16.129
21	38	-16.129
41	42	16.1237
40	43	16.1237
50	65	16.1214
51	64	16.1214
34	43	16.1157
35	42	16.1157
0	71	-16.1105
1	70	-16.1105
39	98	16.0874
38	99	16.0874
1	98	16.064
0	99	16.064
51	76	16.0464
50	77	16.0464
36	41	16.0392
37	40	16.0392
29	54	16.0298
28	55	16.0298
19	26	-15.9909
18	27	-15.9909
7	66	-15.99
6	67	-15.99
1	10	-15.99
0	11	-15.99
6	33	-15.9532
7	32	-15.9532
56	97	15.9242
57	96	15.9242
3	72	15.9217
2	73	15.9217
66	81	15.9189
67	80	15.9189
14	29	-15.8981
15	28	-15.8981
21	54	15.8667
20	55	15.8667
10	81	15.853
11	80	15.853
15	20	-15.8437
14	21	-15.8437
13	40	15.8373
12	41	15.8373
14	35	-15.8157
15	34	-15.8157
10	63	15.8156
11	62	15.8156
16	95	15.7995
17	94	15.7995
12	49	-15.7847
13	48	-15.7847
68	85	-15.7789
69	84	-15.7789
16	49	15.7259
17	48	15.7259
33	96	15.7136
32	97	15.7136
36	49	-15.673
37	48	-15.673
1	94	15.67
0	95	15.67
42	69	-15.6634
43	68	-15.6634
20	99	-15.6118
21	98	-15.6118
10	79	-15.6051
11	78	-15.6051
44	67	-15.5888
45	66	-15.5888
3	22	15.5854
2	23	15.5854
39	44	15.5721
38	45	15.5721
0	81	-15.5547
1	80	-15.5547
39	92	15.5425
38	93	15.5425
16	53	15.5346
17	52	15.5346
30	49	-15.5248
31	48	-15.5248
32	63	15.5095
33	62	15.5095
18	59	-15.5063
19	58	-15.5063
34	87	15.4996
35	86	15.4996
5	48	-15.4902
4	49	-15.4902
0	19	15.4826
1	18	15.4826
2	21	-15.445
3	20	-15.445
63	72	-15.4194
62	73	-15.4194
42	61	-15.3757
43	60	-15.3757
23	76	15.3422
22	77	15.3422
6	29	-15.3279
7	28	-15.3279
61	98	15.318
60	99	15.318
2	81	-15.3164
3	80	-15.3164
14	17	15.2658
15	16	15.2658
53	90	-15.2572
52	91	-15.2572
40	73	-15.2364
41	72	-15.2364
35	36	15.2341
34	37	15.2341
30	41	15.2164
31	40	15.2164
15	70	-15.2146
14	71	-15.2146
71	78	-15.1916
70	79	-15.1916
2	43	-15.1865
3	42	-15.1865
52	57	-15.1266
53	56	-15.1266
21	80	15.1046
20	81	15.1046
54	59	15.1033
55	58	15.1033
23	64	15.0898
22	65	15.0898
46	69	15.0711
47	68	15.0711
17	34	-15.0549
16	35	-15.0549
28	73	-15.0502
29	72	-15.0502
21	84	15.0479
20	85	15.0479
13	34	15.0447
12	35	15.0447
27	92	-15.0348
26	93	-15.0348
5	40	15.0255
4	41	15.0255
33	54	15.011
32	55	15.011
85	92	-15.01
84	93	-15.01
61	92	14.9532
60	93	14.9532
17	62	-14.9398
16	63	-14.9398
46	99	14.9293
47	98	14.9293
37	72	-14.9266
36	73	-14.9266
15	32	-14.9222
14	33	-14.9222
1	26	-14.9206
0	27	-14.9206
15	86	-14.8937
14	87	-14.8937
10	85	14.8911
11	84	14.8911
11	14	-14.8762
10	15	-14.8762
17	80	-14.8728
16	81	-14.8728
26	65	-14.8588
27	64	-14.8588
13	72	-14.8365
12	73	-14.8365
0	55	-14.832
1	54	-14.832
45	74	14.83
44	75	14.83
32	73	-14.8277
33	72	-14.8277
61	80	-14.8179
60	81	-14.8179
17	96	-14.772
16	97	-14.772
41	86	14.7672
40	87	14.7672
44	87	-14.7627
45	86	-14.7627
49	96	-14.7614
48	97	-14.7614
26	55	14.7509
27	54	14.7509
80	91	14.7407
81	90	14.7407
26	77	-14.7365
27	76	-14.7365
0	87	-14.7291
1	86	-14.7291
0	59	-14.7198
1	58	-14.7198
24	73	14.7186
25	72	14.7186
3	68	14.6895
2	69	14.6895
39	42	-14.6438
38	43	-14.6438
31	34	14.6286
30	35	14.6286
16	51	14.6213
17	50	14.6213
8	53	-14.601
9	52	-14.601
25	40	-14.601
24	41	-14.601
59	92	-14.5875
58	93	-14.5875
29	96	14.5823
28	97	14.5823
68	87	-14.5764
69	86	-14.5764
11	18	-14.5727
10	19	-14.5727
16	83	14.5642
17	82	14.5642
22	89	14.5515
23	88	14.5515
8	97	14.5441
9	96	14.5441
52	67	-14.5358
53	66	-14.5358
44	91	-14.5313
45	90	-14.5313
45	70	-14.5258
44	71	-14.5258
5	46	-14.5198
4	47	-14.5198
31	46	-14.5017
30	47	-14.5017
5	34	14.4776
4	35	14.4776
40	75	-14.4672
41	74	-14.4672
3	40	-14.4621
2	41	-14.4621
6	83	14.4595
7	82	14.4595
19	38	14.4252
18	39	14.4252
25	46	14.4214
24	47	14.4214
20	45	-14.4187
21	44	-14.4187
0	79	14.4124
1	78	14.4124
70	85	14.4041
71	84	14.4041
58	65	-14.3942
59	64	-14.3942
13	46	-14.3848
12	47	-14.3848
63	66	14.353
62	67	14.353
26	47	-14.3473
27	46	-14.3473
37	46	-14.345
36	47	-14.345
46	97	-14.3442
47	96	-14.3442
28	43	14.3312
29	42	14.3312
53	76	14.3304
52	77	14.3304
25	64	14.3289
24	65	14.3289
18	83	14.3263
19	82	14.3263
24	77	14.3034
25	76	14.3034
18	71	-14.2931
19	70	-14.2931
59	76	-14.278
58	77	-14.278
72	81	-14.2772
73	80	-14.2772
15	74	14.2746
14	75	14.2746
62	75	-14.2564
63	74	-14.2564
33	50	-14.2489
32	51	-14.2489
52	65	14.2386
53	64	14.2386
60	73	14.2106
61	72	14.2106
29	50	-14.1921
28	51	-14.1921
48	73	14.1875
49	72	14.1875
36	51	-14.1752
37	50	-14.1752
5	64	-14.1688
4	65	-14.1688
10	93	-14.1675
11	92	-14.1675
41	94	-14.1633
40	95	-14.1633
7	40	-14.1506
6	41	-14.1506
54	67	14.1462
55	66	14.1462
31	64	-14.1409
30	65	-14.1409
28	75	-14.1321
29	74	-14.1321
9	74	-14.1304
8	75	-14.1304
11	44	-14.1269
10	45	-14.1269
12	51	-14.123
13	50	-14.123
16	75	14.119
17	74	14.119
65	96	-14.1097
64	97	-14.1097
66	73	-14.1024
67	72	-14.1024
31	72	-14.0778
30	73	-14.0778
18	53	14.0688
19	52	14.0688
81	94	-14.0655
80	95	-14.0655
75	80	-14.0649
74	81	-14.0649
5	76	-14.058
4	77	-14.058
60	71	-14.0546
61	70	-14.0546
30	77	-14.0337
31	76	-14.0337
12	65	-14.021
13	64	-14.021
80	89	-14.0049
81	88	-14.0049
8	21	13.9999
9	20	13.9999
20	77	-13.9989
21	76	-13.9989
33	52	-13.9968
32	53	-13.9968
39	80	-13.992
38	81	-13.992
17	88	13.9861
16	89	13.9861
51	66	-13.9848
50	67	-13.9848
70	93	-13.9803
71	92	-13.9803
37	44	-13.9794
36	45	-13.9794
76	97	-13.9647
77	96	-13.9647
20	65	-13.9609
21	64	-13.9609
79	96	-13.9537
78	97	-13.9537
21	88	-13.9533
20	89	-13.9533
37	64	-13.9531
36	65	-13.9531
35	70	13.9467
34	71	13.9467
19	60	13.9438
18	61	13.9438
13	76	-13.9376
12	77	-13.9376
14	69	13.9328
15	68	13.9328
73	82	13.9313
72	83	13.9313
10	61	-13.9302
11	60	-13.9302
62	69	-13.927
63	68	-13.927
7	76	13.9154
6	77	13.9154
78	83	13.9144
79	82	13.9144
85	96	13.9138
84	97	13.9138
5	72	-13.9117
4	73	-13.9117
46	59	-13.906
47	58	-13.906
25	50	13.8862
24	51	13.8862
23	26	-13.874
22	27	-13.874
36	77	-13.8669
37	76	-13.8669
40	51	-13.8265
41	50	-13.8265
21	56	13.8236
20	57	13.8236
6	65	13.8206
7	64	13.8206
14	67	-13.8192
15	66	-13.8192
7	50	13.8171
6	51	13.8171
32	75	-13.812
33	74	-13.812
30	51	-13.7953
31	50	-13.7953
12	45	-13.7944
13	44	-13.7944
27	56	13.7911
26	57	13.7911
11	22	-13.7795
10	23	-13.7795
46	53	13.7785
47	52	13.7785
23	42	-13.7749
22	43	-13.7749
72	75	13.773
73	74	13.773
22	47	13.7718
23	46	13.7718
24	35	-13.7711
25	34	-13.7711
50	91	-13.7547
51	90	-13.7547
52	93	13.7358
53	92	13.7358
22	71	-13.7344
23	70	-13.7344
83	92	13.7272
82	93	13.7272
46	91	-13.7161
47	90	-13.7161
14	23	13.7131
15	22	13.7131
5	50	-13.7098
4	51	-13.7098
72	91	-13.6988
73	90	-13.6988
41	88	-13.6816
40	89	-13.6816
41	70	13.662
40	71	13.662
2	71	-13.6619
3	70	-13.6619
56	59	13.6571
57	58	13.6571
2	17	13.6498
3	16	13.6498
6	47	13.6378
7	46	13.6378
49	82	13.6347
48	83	13.6347
3	98	13.634
2	99	13.634
25	82	13.6314
24	83	13.6314
42	89	-13.6238
43	88	-13.6238
1	40	-13.5973
0	41	-13.5973
11	56	13.5947
10	57	13.5947
40	61	-13.5818
41	60	-13.5818
4	57	13.572
5	56	13.572
53	78	13.5458
52	79	13.5458
28	95	-13.5456
29	94	-13.5456
50	73	13.5333
51	72	13.5333
48	99	13.5263
49	98	13.5263
39	70	-13.5147
38	71	-13.5147
3	10	-13.5095
2	11	-13.5095
39	72	13.5063
38	73	13.5063
35	74	-13.4986
34	75	-13.4986
22	59	-13.4954
23	58	-13.4954
56	71	13.4915
57	70	13.4915
3	54	-13.4904
2	55	-13.4904
11	34	13.4825
10	35	13.4825
55	60	-13.4673
54	61	-13.4673
58	63	13.4666
59	62	13.4666
57	78	-13.4498
56	79	-13.4498
26	99	-13.4476
27	98	-13.4476
8	69	-13.4423
9	68	-13.4423
36	83	-13.433
37	82	-13.433
11	38	-13.4286
10	39	-13.4286
46	75	13.4242
47	74	13.4242
13	82	-13.4207
12	83	-13.4207
84	99	-13.4063
85	98	-13.4063
68	89	13.3948
69	88	13.3948
82	99	13.3925
83	98	13.3925
25	56	-13.3878
24	57	-13.3878
48	93	13.3825
49	92	13.3825
31	56	13.3758
30	57	13.3758
49	90	-13.3704
48	91	-13.3704
83	84	-13.3623
82	85	-13.3623
37	80	13.3619
36	81	13.3619
27	62	13.3466
26	63	13.3466
8	11	13.3452
9	10	13.3452
50	85	-13.3441
51	84	-13.3441
75	94	13.3267
74	95	13.3267
8	71	13.3265
9	70	13.3265
2	29	-13.322
3	28	-13.322
42	79	-13.3112
43	78	-13.3112
22	85	-13.3097
23	84	-13.3097
3	92	13.2925
2	93	13.2925
47	66	-13.2885
46	67	-13.2885
78	87	-13.2876
79	86	-13.2876
49	76	13.2753
48	77	13.2753
22	63	-13.2753
23	62	-13.2753
53	82	13.2724
52	83	13.2724
66	75	-13.2716
67	74	-13.2716
43	94	-13.2714
42	95	-13.2714
62	91	13.27
63	90	13.27
28	87	13.2649
29	86	13.2649
57	68	-13.2644
56	69	-13.2644
44	51	13.2582
45	50	13.2582
32	43	13.2533
33	42	13.2533
58	81	13.2282
59	80	13.2282
54	69	-13.2261
55	68	-13.2261
19	48	13.2248
18	49	13.2248
34	73	-13.2243
35	72	-13.2243
10	41	13.2113
11	40	13.2113
7	44	13.2024
6	45	13.2024
42	93	-13.1945
43	92	-13.1945
12	81	13.1755
13	80	13.1755
9	42	13.1653
8	43	13.1653
32	95	-13.1646
33	94	-13.1646
3	34	-13.1548
2	35	-13.1548
27	60	-13.1544
26	61	-13.1544
49	66	-13.1495
48	67	-13.1495
53	98	13.1295
52	99	13.1295
28	53	-13.1294
29	52	-13.1294
8	27	13.1256
9	26	13.1256
5	78	-13.1181
4	79	-13.1181
11	98	-13.1129
10	99	-13.1129
57	74	-13.1086
56	75	-13.1086
8	79	-13.1052
9	78	-13.1052
7	34	-13.1012
6	35	-13.1012
39	78	13.0983
38	79	13.0983
37	74	-13.0977
36	75	-13.0977
54	91	13.0938
55	90	13.0938
59	98	-13.0903
58	99	-13.0903
9	50	-13.0779
8	51	-13.0779
18	43	-13.077
19	42	-13.077
31	44	-13.0658
30	45	-13.0658
48	65	13.0588
49	64	13.0588
25	78	13.0512
24	79	13.0512
5	84	13.0505
4	85	13.0505
32	49	-13.0439
33	48	-13.0439
12	75	-13.0416
13	74	-13.0416
71	98	-13.0326
70	99	-13.0326
31	82	-13.0231
30	83	-13.0231
30	79	-13.0212
31	78	-13.0212
52	73	13.0185
53	72	13.0185
35	50	-13.0183
34	51	-13.0183
3	74	13.0116
2	75	13.0116
50	79	13.0049
51	78	13.0049
59	60	-12.998
58	61	-12.998
27	80	12.9958
26	81	12.9958
19	96	-12.9945
18	97	-12.9945
8	59	12.9737
9	58	12.9737
21	46	-12.9617
20	47	-12.9617
56	85	12.9545
57	84	12.9545
31	84	12.9535
30	85	12.9535
65	90	-12.9505
64	91	-12.9505
5	82	-12.9365
4	83	-12.9365
27	38	-12.9363
26	39	-12.9363
29	88	-12.9359
28	89	-12.9359
61	86	-12.9343
60	87	-12.9343
14	59	-12.9168
15	58	-12.9168
0	35	-12.9084
1	34	-12.9084
53	68	12.906
52	69	12.906
24	45	12.9012
25	44	12.9012
19	24	12.8821
18	25	12.8821
4	45	-12.8777
5	44	-12.8777
39	54	-12.8757
38	55	-12.8757
32	47	-12.8738
33	46	-12.8738
50	53	12.873
51	52	12.873
15	90	-12.8648
14	91	-12.8648
20	95	-12.8633
21	94	-12.8633
39	40	-12.8625
38	41	-12.8625
1	8	-12.8552
0	9	-12.8552
25	74	12.8533
24	75	12.8533
41	96	12.8482
40	97	12.8482
15	26	-12.8447
14	27	-12.8447
75	90	-12.8326
74	91	-12.8326
75	88	12.8191
74	89	12.8191
60	79	12.8126
61	78	12.8126
7	74	12.8087
6	75	12.8087
1	72	12.8087
0	73	12.8087
49	56	-12.8024
48	57	-12.8024
42	57	12.7964
43	56	12.7964
77	90	-12.7824
76	91	-12.7824
7	94	12.7807
6	95	12.7807
2	87	-12.7786
3	86	-12.7786
84	87	12.7728
85	86	12.7728
89	98	12.7636
88	99	12.7636
16	55	-12.7594
17	54	-12.7594
19	86	-12.7442
18	87	-12.7442
34	61	-12.7362
35	60	-12.7362
39	58	-12.7346
38	59	-12.7346
31	74	-12.7314
30	75	-12.7314
19	50	12.7116
18	51	12.7116
17	46	12.708
16	47	12.708
50	97	-12.7063
51	96	-12.7063
43	98	-12.6953
42	99	-12.6953
87	92	-12.692
86	93	-12.692
55	74	-12.6919
54	75	-12.6919
12	57	12.6773
13	56	12.6773
7	18	12.6684
6	19	12.6684
3	32	-12.6649
2	33	-12.6649
5	74	-12.659
4	75	-12.659
35	96	12.6525
34	97	12.6525
2	27	-12.6507
3	26	-12.6507
12	79	-12.6446
13	78	-12.6446
22	87	-12.6341
23	86	-12.6341
8	19	-12.6304
9	18	-12.6304
33	82	-12.627
32	83	-12.627
8	49	-12.6255
9	48	-12.6255
31	80	12.6161
30	81	12.6161
67	94	-12.6128
66	95	-12.6128
29	48	-12.6047
28	49	-12.6047
42	73	-12.6022
43	72	-12.6022
2	59	-12.5983
3	58	-12.5983
11	64	-12.5827
10	65	-12.5827
68	81	-12.5796
69	80	-12.5796
20	41	12.578
21	40	12.578
57	86	12.5685
56	87	12.5685
10	77	-12.5633
11	76	-12.5633
19	56	-12.5522
18	57	-12.5522
71	88	-12.552
70	89	-12.552
54	73	-12.5468
55	72	-12.5468
50	81	-12.5461
51	80	-12.5461
37	78	-12.5431
36	79	-12.5431
23	94	12.5339
22	95	12.5339
23	48	12.5285
22	49	12.5285
37	56	12.5176
36	57	12.5176
13	84	12.5165
12	85	12.5165
32	89	-12.5162
33	88	-12.5162
22	53	12.5104
23	52	12.5104
64	75	12.505
65	74	12.505
4	19	-12.5016
5	18	-12.5016
10	89	-12.497
11	88	-12.497
65	66	-12.4924
64	67	-12.4924
29	82	-12.4923
28	83	-12.4923
36	63	12.4774
37	62	12.4774
9	24	-12.4715
8	25	-12.4715
85	90	12.4671
84	91	12.4671
4	9	12.4648
5	8	12.4648
36	85	12.4586
37	84	12.4586
5	80	12.4559
4	81	12.4559
25	84	-12.4535
24	85	-12.4535
17	76	12.4523
16	77	12.4523
46	57	-12.4508
47	56	-12.4508
9	86	12.4414
8	87	12.4414
34	95	-12.4408
35	94	-12.4408
2	19	12.4399
3	18	12.4399
74	77	12.4392
75	76	12.4392
18	31	-12.4352
19	30	-12.4352
8	47	-12.4301
9	46	-12.4301
17	64	12.4289
16	65	12.4289
28	61	-12.4272
29	60	-12.4272
0	85	-12.4252
1	84	-12.4252
42	75	-12.4224
43	74	-12.4224
52	75	12.4176
53	74	12.4176
71	94	-12.4138
70	95	-12.4138
66	83	-12.4057
67	82	-12.4057
39	86	-12.4022
38	87	-12.4022
35	88	-12.3991
34	89	-12.3991
46	49	12.3972
47	48	12.3972
57	64	-12.383
56	65	-12.383
44	69	12.3827
45	68	12.3827
9	64	-12.3817
8	65	-12.3817
59	94	-12.3816
58	95	-12.3816
11	94	-12.3747
10	95	-12.3747
33	86	12.3701
32	87	12.3701
21	34	12.3598
20	35	12.3598
87	98	-12.3499
86	99	-12.3499
34	39	-12.348
35	38	-12.348
23	54	-12.3451
22	55	-12.3451
66	77	-12.3435
67	76	-12.3435
43	66	12.3416
42	67	12.3416
15	36	-12.3369
14	37	-12.3369
26	89	-12.3298
27	88	-12.3298
37	94	-12.3278
36	95	-12.3278
72	97	-12.3266
73	96	-12.3266
58	89	-12.3239
59	88	-12.3239
6	57	-12.3213
7	56	-12.3213
6	93	12.3168
7	92	12.3168
13	62	12.3145
12	63	12.3145
9	76	-12.3132
8	77	-12.3132
89	92	12.3022
88	93	12.3022
9	30	12.3011
8	31	12.3011
91	94	-12.3001
90	95	-12.3001
83	90	-12.2994
82	91	-12.2994
29	46	-12.2809
28	47	-12.2809
57	76	-12.273
56	77	-12.273
50	63	-12.2636
51	62	-12.2636
27	94	-12.2582
26	95	-12.2582
15	50	12.2504
14	51	12.2504
25	92	12.2503
24	93	12.2503
65	70	-12.2398
64	71	-12.2398
72	87	-12.2368
73	86	-12.2368
50	57	-12.2352
51	56	-12.2352
6	79	12.2346
7	78	12.2346
13	94	-12.2325
12	95	-12.2325
71	76	-12.2325
70	77	-12.2325
8	85	12.2251
9	84	12.2251
26	97	12.225
27	96	12.225
13	18	-12.2156
12	19	-12.2156
54	89	-12.2136
55	88	-12.2136
60	75	12.2094
61	74	12.2094
1	76	12.2054
0	77	12.2054
17	60	12.2048
16	61	12.2048
42	85	12.2031
43	84	12.2031
54	95	-12.198
55	94	-12.198
9	92	-12.1963
8	93	-12.1963
13	14	-12.1851
12	15	-12.1851
92	97	-12.1815
93	96	-12.1815
24	81	-12.1585
25	80	-12.1585
68	97	-12.1562
69	96	-12.1562
1	56	-12.1506
0	57	-12.1506
48	51	12.1502
49	50	12.1502
0	29	-12.1501
1	28	-12.1501
29	70	12.1359
28	71	12.1359
22	45	12.1214
23	44	12.1214
51	94	12.1206
50	95	12.1206
18	37	-12.1102
19	36	-12.1102
67	88	-12.1058
66	89	-12.1058
41	82	-12.1042
40	83	-12.1042
33	64	-12.1006
32	65	-12.1006
0	65	12.0946
1	64	12.0946
85	88	-12.087
84	89	-12.087
38	85	-12.0837
39	84	-12.0837
7	80	-12.0819
6	81	-12.0819
44	59	-12.0672
45	58	-12.0672
14	93	12.0547
15	92	12.0547
9	62	12.0491
8	63	12.0491
49	78	12.039
48	79	12.039
2	67	-12.032
3	66	-12.032
15	98	12.0259
14	99	12.0259
74	97	-12.0164
75	96	-12.0164
17	42	-12.0075
16	43	-12.0075
52	85	-12.0072
53	84	-12.0072
7	98	11.9906
6	99	11.9906
86	95	-11.9883
87	94	-11.9883
22	81	-11.9782
23	80	-11.9782
32	77	-11.9776
33	76	-11.9776
59	96	11.9699
58	97	11.9699
51	92	11.9693
50	93	11.9693
57	92	-11.9647
56	93	-11.9647
84	95	-11.9582
85	94	-11.9582
35	48	-11.9483
34	49	-11.9483
45	82	11.9481
44	83	11.9481
27	44	-11.9305
26	45	-11.9305
11	46	-11.9304
10	47	-11.9304
82	97	-11.9181
83	96	-11.9181
48	69	11.9169
49	68	11.9169
82	95	11.914
83	94	11.914
54	99	-11.9123
55	98	-11.9123
29	38	-11.9109
28	39	-11.9109
9	54	11.9074
8	55	11.9074
68	95	11.9004
69	94	11.9004
62	93	-11.8966
63	92	-11.8966
70	73	-11.8698
71	72	-11.8698
6	15	11.8693
7	14	11.8693
1	74	11.8631
0	75	11.8631
41	48	-11.857
40	49	-11.857
24	95	11.8488
25	94	11.8488
67	84	11.8384
66	85	11.8384
41	52	-11.8379
40	53	-11.8379
89	90	-11.834
88	91	-11.834
61	84	-11.8226
60	85	-11.8226
32	61	-11.8133
33	60	-11.8133
31	94	-11.8
30	95	-11.8
10	73	-11.7915
11	72	-11.7915
86	89	-11.7896
87	88	-11.7896
69	82	11.7867
68	83	11.7867
62	99	-11.7801
63	98	-11.7801
4	93	-11.7798
5	92	-11.7798
10	29	11.7683
11	28	11.7683
23	82	11.7681
22	83	11.7681
9	14	-11.7543
8	15	-11.7543
9	12	11.7478
8	13	11.7478
8	83	-11.7451
9	82	-11.7451
30	63	11.7415
31	62	11.7415
49	86	-11.7401
48	87	-11.7401
79	90	-11.7381
78	91	-11.7381
8	23	-11.7377
9	22	-11.7377
31	92	-11.7255
30	93	-11.7255
2	79	11.7228
3	78	11.7228
54	93	-11.7211
55	92	-11.7211
7	62	-11.7129
6	63	-11.7129
5	94	-11.7061
4	95	-11.7061
39	74	11.6959
38	75	11.6959
66	87	11.6921
67	86	11.6921
6	9	-11.692
7	8	-11.692
37	54	11.6787
36	55	11.6787
8	61	-11.6775
9	60	-11.6775
58	73	-11.6725
59	72	-11.6725
56	91	11.6373
57	90	11.6373
55	56	11.6185
54	57	11.6185
24	99	11.6129
25	98	11.6129
9	36	11.6112
8	37	11.6112
15	30	-11.6034
14	31	-11.6034
47	70	-11.6004
46	71	-11.6004
5	62	11.5955
4	63	11.5955
8	81	11.591
9	80	11.591
18	89	11.5882
19	88	11.5882
17	38	11.5764
16	39	11.5764
51	98	11.5716
50	99	11.5716
49	54	-11.5696
48	55	-11.5696
39	76	11.5628
38	77	11.5628
13	92	-11.5611
12	93	-11.5611
2	91	-11.5475
3	90	-11.5475
13	54	11.5454
12	55	11.5454
14	19	11.5429
15	18	11.5429
29	64	-11.5414
28	65	-11.5414
24	63	-11.5387
25	62	-11.5387
75	86	-11.5375
74	87	-11.5375
14	25	11.5101
15	24	11.5101
19	62	-11.4986
18	63	-11.4986
48	75	11.498
49	74	11.498
24	69	11.472
25	68	11.472
39	64	11.4718
38	65	11.4718
35	52	-11.4704
34	53	-11.4704
43	90	11.4692
42	91	11.4692
36	93	-11.4665
37	92	-11.4665
16	87	-11.4663
17	86	-11.4663
5	14	-11.4616
4	15	-11.4616
20	53	-11.4536
21	52	-11.4536
2	85	-11.443
3	84	-11.443
28	77	-11.4386
29	76	-11.4386
9	38	-11.4378
8	39	-11.4378
27	72	-11.4328
26	73	-11.4328
33	38	-11.4307
32	39	-11.4307
0	17	11.4222
1	16	11.4222
35	82	-11.4207
34	83	-11.4207
18	55	-11.4147
19	54	-11.4147
0	33	-11.4135
1	32	-11.4135
55	78	-11.3968
54	79	-11.3968
7	84	-11.3894
6	85	-11.3894
27	82	-11.351
26	83	-11.351
32	71	11.3487
33	70	11.3487
22	57	-11.3442
23	56	-11.3442
34	59	11.3401
35	58	11.3401
60	67	-11.3381
61	66	-11.3381
79	88	11.3332
78	89	11.3332
41	46	-11.3205
40	47	-11.3205
21	96	11.3202
20	97	11.3202
97	98	-11.3171
96	99	-11.3171
59	82	-11.3137
58	83	-11.3137
50	55	-11.3098
51	54	-11.3098
3	8	-11.2979
2	9	-11.2979
50	89	11.2976
51	88	11.2976
37	88	-11.295
36	89	-11.295
26	53	-11.2935
27	52	-11.2935
8	99	-11.285
9	98	-11.285
56	63	11.2705
57	62	11.2705
4	69	-11.2674
5	68	-11.2674
6	89	11.2652
7	88	11.2652
47	72	11.2488
46	73	11.2488
33	84	11.2455
32	85	11.2455
63	78	-11.241
62	79	-11.241
0	47	11.2169
1	46	11.2169
21	28	11.2158
20	29	11.2158
23	34	-11.2132
22	35	-11.2132
13	88	-11.2107
12	89	-11.2107
30	55	11.1912
31	54	11.1912
31	68	-11.1862
30	69	-11.1862
15	82	11.1798
14	83	11.1798
66	79	-11.1737
67	78	-11.1737
61	76	11.1715
60	77	11.1715
49	94	11.1707
48	95	11.1707
8	45	-11.1687
9	44	-11.1687
41	58	11.1584
40	59	11.1584
76	87	-11.1454
77	86	-11.1454
38	67	-11.1448
39	66	-11.1448
21	72	-11.1411
20	73	-11.1411
4	99	-11.1405
5	98	-11.1405
6	69	11.1353
7	68	11.1353
95	98	11.1321
94	99	11.1321
14	79	11.1296
15	78	11.1296
27	34	11.1279
26	35	11.1279
2	51	11.1225
3	50	11.1225
6	55	-11.1215
7	54	-11.1215
30	99	-11.1085
31	98	-11.1085
64	87	-11.1039
65	86	-11.1039
81	98	-11.1006
80	99	-11.1006
71	74	-11.1004
70	75	-11.1004
45	96	-11.0975
44	97	-11.0975
60	65	11.0937
61	64	11.0937
5	54	11.0897
4	55	11.0897
7	22	11.0896
6	23	11.0896
73	84	-11.0842
72	85	-11.0842
53	58	-11.084
52	59	-11.084
56	61	-11.0781
57	60	-11.0781
81	82	-11.0768
80	83	-11.0768
34	47	-11.0711
35	46	-11.0711
18	91	-11.0683
19	90	-11.0683
23	96	-11.0647
22	97	-11.0647
11	32	11.0557
10	33	11.0557
95	96	-11.0551
94	97	-11.0551
72	77	11.0234
73	76	11.0234
12	99	-11.019
13	98	-11.019
35	98	-11.0175
34	99	-11.0175
4	27	11.0125
5	26	11.0125
56	81	11.01
57	80	11.01
57	82	-11.0087
56	83	-11.0087
2	37	-11.0085
3	36	-11.0085
65	72	11.0071
64	73	11.0071
63	82	-10.9983
62	83	-10.9983
57	98	-10.9971
56	99	-10.9971
87	90	10.9965
86	91	10.9965
26	41	10.9957
27	40	10.9957
80	93	-10.9935
81	92	-10.9935
15	56	-10.9856
14	57	-10.9856
11	48	-10.9844
10	49	-10.9844
45	48	10.9801
44	49	10.9801
49	70	-10.9783
48	71	-10.9783
49	58	-10.9762
48	59	-10.9762
30	89	-10.9648
31	88	-10.9648
60	91	-10.9611
61	90	-10.9611
49	80	-10.9595
48	81	-10.9595
37	98	-10.95
36	99	-10.95
23	24	10.9495
22	25	10.9495
74	85	-10.949
75	84	-10.949
56	67	10.9418
57	66	10.9418
42	77	-10.9291
43	76	-10.9291
39	56	-10.9288
38	57	-10.9288
26	49	-10.9235
27	48	-10.9235
12	69	-10.9226
13	68	-10.9226
27	30	10.9188
26	31	10.9188
2	13	-10.9172
3	12	-10.9172
80	97	10.9164
81	96	10.9164
3	6	10.9161
2	7	10.9161
4	89	-10.91
5	88	-10.91
42	65	-10.9079
43	64	-10.9079
10	75	-10.9029
11	74	-10.9029
38	91	-10.8982
39	90	-10.8982
39	46	10.8951
38	47	10.8951
44	93	10.8795
45	92	10.8795
11	96	10.8762
10	97	10.8762
44	99	10.8753
45	98	10.8753
25	54	-10.8751
24	55	-10.8751
92	95	10.8723
93	94	10.8723
82	87	-10.8604
83	86	-10.8604
0	67	-10.8438
1	66	-10.8438
45	52	10.8386
44	53	10.8386
36	69	-10.8356
37	68	-10.8356
55	84	10.8337
54	85	10.8337
82	89	10.8299
83	88	10.8299
16	19	10.8202
17	18	10.8202
20	75	-10.82
21	74	-10.82
41	68	-10.8182
40	69	-10.8182
9	90	10.817
8	91	10.817
4	59	10.8112
5	58	10.8112
16	71	-10.809
17	70	-10.809
0	53	10.8074
1	52	10.8074
24	27	-10.807
25	26	-10.807
24	89	10.7926
25	88	10.7926
67	70	10.7926
66	71	10.7926
22	41	-10.7762
23	40	-10.7762
2	57	-10.7711
3	56	-10.7711
51	68	10.7586
50	69	10.7586
17	84	-10.7558
16	85	-10.7558
34	69	-10.7527
35	68	-10.7527
16	79	10.7466
17	78	10.7466
32	79	-10.7463
33	78	-10.7463
28	85	10.7438
29	84	10.7438
21	48	-10.7433
20	49	-10.7433
41	64	-10.7265
40	65	-10.7265
30	59	10.7259
31	58	10.7259
48	85	-10.7212
49	84	-10.7212
79	94	10.7197
78	95	10.7197
19	80	-10.7065
18	81	-10.7065
54	83	-10.703
55	82	-10.703
71	96	10.6952
70	97	10.6952
19	66	-10.6724
18	67	-10.6724
37	42	10.6699
36	43	10.6699
4	23	-10.6603
5	22	-10.6603
40	77	-10.6594
41	76	-10.6594
11	16	-10.6593
10	17	-10.6593
43	50	-10.6593
42	51	-10.6593
8	89	-10.6586
9	88	-10.6586
7	86	-10.6525
6	87	-10.6525
79	80	-10.6512
78	81	-10.6512
89	96	-10.6432
88	97	-10.6432
91	92	-10.639
90	93	-10.639
25	58	-10.6298
24	59	-10.6298
21	32	10.622
20	33	10.622
3	30	-10.6181
2	31	-10.6181
22	31	-10.6168
23	30	-10.6168
46	87	-10.6136
47	86	-10.6136
42	49	-10.5925
43	48	-10.5925
12	27	10.5888
13	26	10.5888
53	94	10.5871
52	95	10.5871
10	53	-10.586
11	52	-10.586
12	43	10.5838
13	42	10.5838
19	44	10.5779
18	45	10.5779
11	66	10.5767
10	67	10.5767
47	60	10.5718
46	61	10.5718
90	99	-10.5678
91	98	-10.5678
2	83	10.5655
3	82	10.5655
22	51	10.5582
23	50	10.5582
2	5	-10.5517
3	4	-10.5517
17	92	10.5462
16	93	10.5462
11	82	-10.5373
10	83	-10.5373
27	36	10.5289
26	37	10.5289
3	24	10.5258
2	25	10.5258
35	64	-10.5233
34	65	-10.5233
56	89	-10.5194
57	88	-10.5194
8	41	10.5184
9	40	10.5184
44	57	-10.5157
45	56	-10.5157
26	51	-10.5118
27	50	-10.5118
6	27	-10.5067
7	26	-10.5067
19	94	10.5057
18	95	10.5057
74	79	10.4924
75	78	10.4924
33	56	10.4902
32	57	10.4902
56	95	-10.4885
57	94	-10.4885
17	56	-10.4875
16	57	-10.4875
12	23	-10.4794
13	22	-10.4794
52	71	-10.4782
53	70	-10.4782
14	85	-10.4746
15	84	-10.4746
6	59	-10.4736
7	58	-10.4736
34	77	-10.4711
35	76	-10.4711
38	53	10.4709
39	52	10.4709
51	60	10.4617
50	61	10.4617
70	83	-10.4517
71	82	-10.4517
42	47	-10.4516
43	46	-10.4516
46	95	10.4515
47	94	10.4515
20	25	-10.4515
21	24	-10.4515
62	85	10.4463
63	84	10.4463
67	98	-10.4348
66	99	-10.4348
4	21	10.4344
5	20	10.4344
12	59	10.4334
13	58	10.4334
22	37	-10.4233
23	36	-10.4233
50	59	-10.4214
51	58	-10.4214
1	90	-10.4205
0	91	-10.4205
51	86	-10.4189
50	87	-10.4189
8	35	10.4188
9	34	10.4188
52	81	-10.4164
53	80	-10.4164
34	93	-10.4123
35	92	-10.4123
45	46	10.4113
44	47	10.4113
21	82	-10.405
20	83	-10.405
39	48	10.3984
38	49	10.3984
8	95	-10.3945
9	94	-10.3945
8	67	10.3916
9	66	10.3916
16	99	10.3898
17	98	10.3898
19	32	-10.3895
18	33	-10.3895
56	73	-10.3876
57	72	-10.3876
3	76	10.3875
2	77	10.3875
1	48	10.3858
0	49	10.3858
44	79	10.3829
45	78	10.3829
36	59	10.3819
37	58	10.3819
21	30	10.3781
20	31	10.3781
63	96	10.3743
62	97	10.3743
23	72	10.3713
22	73	10.3713
19	74	10.3689
18	75	10.3689
66	93	-10.3686
67	92	-10.3686
47	88	10.363
46	89	10.363
30	43	10.3605
31	42	10.3605
28	59	10.3601
29	58	10.3601
3	64	10.3578
2	65	10.3578
29	78	-10.3576
28	79	-10.3576
37	60	-10.3551
36	61	-10.3551
71	90	10.3496
70	91	10.3496
22	91	-10.3492
23	90	-10.3492
48	63	-10.3347
49	62	-10.3347
6	43	-10.3245
7	42	-10.3245
27	90	10.3222
26	91	10.3222
23	28	-10.3222
22	29	-10.3222
53	60	10.3202
52	61	10.3202
17	20	-10.319
16	21	-10.319
37	86	10.318
36	87	10.318
41	98	-10.3134
40	99	-10.3134
14	97	-10.3125
15	96	-10.3125
14	49	10.3084
15	48	10.3084
4	43	10.3082
5	42	10.3082
13	60	-10.299
12	61	-10.299
16	59	-10.2984
17	58	-10.2984
22	67	-10.2823
23	66	-10.2823
48	89	10.2787
49	88	10.2787
65	88	10.2761
64	89	10.2761
6	61	10.2752
7	60	10.2752
27	28	10.2749
26	29	10.2749
0	97	-10.2665
1	96	-10.2665
12	87	10.2639
13	86	10.2639
39	96	-10.261
38	97	-10.261
52	87	-10.2538
53	86	-10.2538
54	97	10.2529
55	96	10.2529
33	98	-10.2526
32	99	-10.2526
15	52	10.251
14	53	10.251
73	78	10.2486
72	79	10.2486
46	81	-10.2438
47	80	-10.2438
76	89	10.2429
77	88	10.2429
21	66	10.2417
20	67	10.2417
68	73	10.2376
69	72	10.2376
39	50	10.2345
38	51	10.2345
59	90	10.2297
58	91	10.2297
11	90	10.2288
10	91	10.2288
69	90	-10.2237
68	91	-10.2237
34	85	10.2233
35	84	10.2233
1	50	10.2171
0	51	10.2171
13	20	10.2159
12	21	10.2159
28	57	10.2136
29	56	10.2136
35	56	10.2125
34	57	10.2125
80	85	10.2072
81	84	10.2072
29	98	-10.2063
28	99	-10.2063
25	42	-10.2063
24	43	-10.2063
52	63	-10.2059
53	62	-10.2059
17	26	-10.2005
16	27	-10.2005
8	33	10.2005
9	32	10.2005
41	56	10.2004
40	57	10.2004
49	60	10.1991
48	61	10.1991
23	32	-10.1977
22	33	-10.1977
7	10	-10.1966
6	11	-10.1966
58	75	-10.1943
59	74	-10.1943
36	39	-10.1931
37	38	-10.1931
2	97	-10.1926
3	96	-10.1926
7	70	-10.1872
6	71	-10.1872
21	36	10.1827
20	37	10.1827
65	94	10.1815
64	95	10.1815
40	85	10.181
41	84	10.181
54	77	-10.1798
55	76	-10.1798
8	29	10.1762
9	28	10.1762
52	55	-10.1701
53	54	-10.1701
45	64	10.1692
44	65	10.1692
6	21	-10.1685
7	20	-10.1685
42	83	-10.163
43	82	-10.163
33	92	-10.1624
32	93	-10.1624
28	69	-10.1609
29	68	-10.1609
31	60	-10.1608
30	61	-10.1608
43	96	10.1591
42	97	10.1591
45	76	10.1589
44	77	10.1589
12	39	-10.155
13	38	-10.155
87	96	10.1533
86	97	10.1533
2	47	10.1525
3	46	10.1525
8	17	-10.151
9	16	-10.151
55	64	-10.1414
54	65	-10.1414
60	97	-10.1388
61	96	-10.1388
4	11	10.1386
5	10	10.1386
75	92	10.1352
74	93	10.1352
5	60	-10.134
4	61	-10.134
68	75	10.1325
69	74	10.1325
77	94	10.1297
76	95	10.1297
18	29	-10.1291
19	28	-10.1291
63	76	-10.1263
62	77	-10.1263
7	38	10.123
6	39	10.123
31	86	10.1208
30	87	10.1208
0	37	-10.1175
1	36	-10.1175
63	64	-10.1174
62	65	-10.1174
27	74	-10.1161
26	75	-10.1161
33	58	10.1159
32	59	10.1159
61	82	10.1155
60	83	10.1155
26	67	10.1155
27	66	10.1155
14	77	10.1139
15	76	10.1139
3	48	10.1125
2	49	10.1125
31	38	-10.1124
30	39	-10.1124
18	35	-10.1113
19	34	-10.1113
41	92	-10.1112
40	93	-10.1112
1	6	10.1088
0	7	10.1088
4	39	-10.1065
5	38	-10.1065
10	31	10.1055
11	30	10.1055
24	87	-10.0955
25	86	-10.0955
14	65	10.0948
15	64	10.0948
5	86	10.0915
4	87	10.0915
26	33	10.0906
27	32	10.0906
0	13	-10.0905
1	12	-10.0905
47	62	-10.0883
46	63	-10.0883
25	60	10.0876
24	61	10.0876
59	66	10.0846
58	67	10.0846
5	70	10.0835
4	71	10.0835
42	53	-10.083
43	52	-10.083
72	99	10.0811
73	98	10.0811
17	22	10.0808
16	23	10.0808
0	25	10.0805
1	24	10.0805
41	78	-10.0796
40	79	-10.0796
3	52	10.0784
2	53	10.0784
11	24	-10.0781
10	25	-10.0781
0	83	10.0758
1	82	10.0758
18	73	10.0745
19	72	10.0745
16	69	10.0745
17	68	10.0745
23	74	10.0744
22	75	10.0744
74	99	10.0718
75	98	10.0718
9	72	-10.0706
8	73	-10.0706
45	84	-10.0658
44	85	-10.0658
21	50	-10.0648
20	51	-10.0648
31	70	10.0635
30	71	10.0635
50	71	-10.0588
51	70	-10.0588
53	88	10.0587
52	89	10.0587
20	91	10.058
21	90	10.058
36	71	10.0443
37	70	10.0443
14	47	10.0432
15	46	10.0432
64	81	-10.0398
65	80	-10.0398
67	68	-10.0382
66	69	-10.0382
72	93	10.0351
73	92	10.0351
28	93	-10.034
29	92	-10.034
13	70	10.0322
12	71	10.0322
38	83	10.0316
39	82	10.0316
11	50	-10.0294
10	51	-10.0294
25	70	-10.0289
24	71	-10.0289
10	13	10.0259
11	12	10.0259
11	36	10.0249
10	37	10.0249
77	80	-10.0237
76	81	-10.0237
32	69	-10.0183
33	68	-10.0183
0	31	-10.0181
1	30	-10.0181
19	40	-10.0179
18	41	-10.0179
1	4	-10.0128
0	5	-10.0128
35	78	-10.0104
34	79	-10.0104
24	39	10.0097
25	38	10.0097
47	54	-10.0017
46	55	-10.0017
12	36	1.99955
4	30	1.99947
64	76	1.99828
10	70	1.99744
26	58	1.99672
12	30	1.99108
38	60	1.98825
30	36	1.98813
4	12	1.98636
28	32	1.98627
66	90	1.98522
32	66	1.98422
4	36	1.98267
12	24	-1.97737
46	64	1.97506
18	92	1.9739
14	62	-1.97305
24	30	-1.97199
24	36	-1.97162
4	24	-1.96968
2	60	1.96918
28	40	1.96409
46	76	1.96274
44	62	-1.96267
2	88	1.96251
8	56	1.96216
14	44	1.96097
92	98	1.96043
22	98	1.95807
88	94	1.95036
70	86	1.9495
28	66	1.94473
34	40	1.94412
32	90	1.94205
0	60	1.93907
4	96	1.93355
2	38	1.93302
10	86	1.93291
6	24	1.92601
42	70	1.9257
62	80	1.92547
22	92	1.92543
10	58	1.92316
40	80	1.92194
30	96	1.92174
28	34	1.91903
42	54	1.91601
0	38	1.91556
42	86	1.91543
18	78	1.91486
36	90	1.91393
18	68	1.9131
54	86	1.91253
54	80	1.91198
68	92	1.91179
32	40	1.90827
10	26	1.90766
12	90	1.90611
30	90	1.90588
20	68	-1.90491
4	90	1.90038
60	88	1.89929
10	42	1.89901
58	70	1.89435
50	82	1.89217
44	80	-1.8918
34	80	1.89139
24	52	1.88631
64	78	1.88597
10	20	1.88325
2	14	1.88272
18	98	1.87947
36	66	1.87944
76	78	1.87931
20	70	1.87774
28	90	1.87757
24	96	-1.87739
2	94	1.87655
26	70	1.87653
38	88	1.87545
40	44	-1.87503
78	84	-1.87494
16	72	1.8734
18	76	1.87311
6	52	1.87248
32	34	1.86853
22	68	1.86779
12	66	1.86755
12	96	1.86605
0	2	1.86541
6	12	-1.86483
6	16	1.86021
6	36	-1.85968
50	74	1.85949
48	52	1.85923
18	64	1.85813
6	48	1.85735
36	96	1.85475
42	80	1.85369
72	94	1.85262
30	66	1.84928
68	78	1.84876
0	20	-1.8455
32	36	1.84349
42	62	1.8434
4	66	1.83926
20	26	1.83324
20	42	1.83139
18	22	1.83021
40	66	1.82986
12	32	1.8285
14	80	-1.82658
46	78	1.8259
6	30	-1.82477
34	66	1.81683
14	60	1.81622
4	6	-1.81622
20	58	1.81577
34	54	1.81535
40	62	1.81361
78	92	1.81178
68	98	1.81068
24	90	-1.80681
16	36	-1.80468
0	14	1.80381
52	96	-1.80251
54	70	1.80213
4	52	-1.79999
28	80	1.79619
12	16	-1.79617
46	84	-1.79595
0	68	1.79519
30	52	-1.79463
30	32	1.79051
22	38	1.78687
0	22	1.78413
26	78	-1.78038
12	52	-1.77975
14	88	1.77894
76	92	1.77853
26	84	1.77625
4	32	1.77612
16	24	1.77559
90	96	1.7726
58	86	1.77246
2	62	-1.77148
54	62	1.77018
64	84	-1.76486
36	52	-1.76375
28	36	1.7626
10	54	1.76218
28	44	-1.7618
0	62	-1.7616
14	94	1.75966
2	44	1.7562
64	92	1.755
24	66	-1.7543
16	32	-1.75155
60	94	1.75128
12	28	1.74485
40	54	1.74481
58	84	1.7444
18	46	1.74124
16	28	-1.74087
14	42	-1.74038
14	40	-1.73621
26	86	1.73607
76	84	-1.73561
58	78	-1.73418
40	90	1.7311
14	38	1.72919
0	88	1.72631
34	90	1.72447
22	60	1.72376
26	68	-1.72133
16	30	-1.71954
34	44	-1.71799
60	62	-1.71752
20	86	1.7171
80	86	1.71631
46	82	1.71583
0	42	-1.71314
76	82	1.71199
24	32	-1.71109
46	50	1.70342
20	78	-1.70332
44	94	1.70268
38	94	1.70204
64	82	1.70106
4	16	-1.70085
24	48	1.6991
34	62	1.69735
42	44	-1.6972
16	66	-1.69709
32	80	1.69616
28	30	1.69497
44	72	1.69487
18	20	-1.68885
16	40	-1.6878
42	58	1.68471
58	68	-1.68027
4	28	1.67797
20	92	-1.67706
16	44	1.67613
20	22	-1.6754
6	96	-1.67534
32	44	-1.67319
72	88	1.67205
66	96	1.67031
44	54	-1.66913
44	88	1.66591
26	42	1.66565
10	68	-1.66502
16	90	-1.66256
74	82	1.66226
76	98	1.66072
28	62	1.65788
44	60	1.65419
68	70	-1.64646
68	76	1.64545
78	98	1.64516
20	60	-1.64359
18	84	-1.64147
38	68	1.63882
62	88	-1.63781
0	44	1.63563
6	72	1.63475
14	72	1.63397
64	68	1.63369
70	80	1.63281
64	98	1.63012
14	54	-1.62782
38	62	-1.62481
0	92	1.62426
20	62	1.6237
6	90	-1.62281
62	94	-1.62145
62	70	1.62133
24	28	-1.62069
60	68	1.61941
46	92	1.61849
62	86	1.61814
22	78	1.61522
20	38	-1.6129
40	42	1.61237
50	64	1.61214
34	42	1.61157
0	70	-1.61105
38	98	1.60874
0	98	1.6064
50	76	1.60464
36	40	1.60392
28	54	1.60298
18	26	-1.59909
6	66	-1.599
0	10	-1.599
6	32	-1.59532
56	96	1.59242
2	72	1.59217
66	80	1.59189
14	28	-1.58981
20	54	1.58667
10	80	1.5853
14	20	-1.58437
12	40	1.58373
14	34	-1.58157
10	62	1.58156
16	94	1.57995
12	48	-1.57847
68	84	-1.57789
16	48	1.57259
32	96	1.57136
36	48	-1.5673
0	94	1.567
42	68	-1.56634
20	98	-1.56118
10	78	-1.56051
44	66	-1.55888
2	22	1.55854
38	44	1.55721
0	80	-1.55547
38	92	1.55425
16	52	1.55346
30	48	-1.55248
32	62	1.55095
18	58	-1.55063
34	86	1.54996
4	48	-1.54902
0	18	1.54826
2	20	-1.5445
62	72	-1.54194
42	60	-1.53757
22	76	1.53422
6	28	-1.53279
60	98	1.5318
2	80	-1.53164
14	16	1.52658
52	90	-1.52572
40	72	-1.52364
34	36	1.52341
30	40	1.52164
14	70	-1.52146
70	78	-1.51916
2	42	-1.51865
52	56	-1.51266
20	80	1.51046
54	58	1.51033
22	64	1.50898
46	68	1.50711
16	34	-1.50549
28	72	-1.50502
20	84	1.50479
12	34	1.50447
26	92	-1.50348
4	40	1.50255
32	54	1.5011
84	92	-1.501
60	92	1.49532
16	62	-1.49398
46	98	1.49293
36	72	-1.49266
14	32	-1.49222
0	26	-1.49206
14	86	-1.48937
10	84	1.48911
10	14	-1.48762
16	80	-1.48728
26	64	-1.48588
12	72	-1.48365
0	54	-1.4832
44	74	1.483
32	72	-1.48277
60	80	-1.48179
16	96	-1.4772
40	86	1.47672
44	86	-1.47627
48	96	-1.47614
26	54	1.47509
80	90	1.47407
26	76	-1.47365
0	86	-1.47291
0	58	-1.47198
24	72	1.47186
2	68	1.46895
38	42	-1.46438
30	34	1.46286
16	50	1.46213
8	52	-1.4601
24	40	-1.4601
58	92	-1.45875
28	96	1.45823
68	86	-1.45764
10	18	-1.45727
16	82	1.45642
22	88	1.45515
8	96	1.45441
52	66	-1.45358
44	90	-1.45313
44	70	-1.45258
4	46	-1.45198
30	46	-1.45017
4	34	1.44776
40	74	-1.44672
2	40	-1.44621
6	82	1.44595
18	38	1.44252
24	46	1.44214
20	44	-1.44187
0	78	1.44124
70	84	1.44041
58	64	-1.43942
12	46	-1.43848
62	66	1.4353
26	46	-1.43473
36	46	-1.4345
46	96	-1.43442
28	42	1.43312
52	76	1.43304
24	64	1.43289
18	82	1.43263
24	76	1.43034
18	70	-1.42931
58	76	-1.4278
72	80	-1.42772
14	74	1.42746
62	74	-1.42564
32	50	-1.42489
52	64	1.42386
60	72	1.42106
28	50	-1.41921
48	72	1.41875
36	50	-1.41752
4	64	-1.41688
10	92	-1.41675
40	94	-1.41633
6	40	-1.41506
54	66	1.41462
30	64	-1.41409
28	74	-1.41321
8	74	-1.41304
10	44	-1.41269
12	50	-1.4123
16	74	1.4119
64	96	-1.41097
66	72	-1.41024
30	72	-1.40778
18	52	1.40688
80	94	-1.40655
74	80	-1.40649
4	76	-1.4058
60	70	-1.40546
30	76	-1.40337
12	64	-1.4021
80	88	-1.40049
8	20	1.39999
20	76	-1.39989
32	52	-1.39968
38	80	-1.3992
16	88	1.39861
50	66	-1.39848
70	92	-1.39803
36	44	-1.39794
76	96	-1.39647
20	64	-1.39609
78	96	-1.39537
20	88	-1.39533
36	64	-1.39531
34	70	1.39467
18	60	1.39438
12	76	-1.39376
14	68	1.39328
72	82	1.39313
10	60	-1.39302
62	68	-1.3927
6	76	1.39154
78	82	1.39144
84	96	1.39138
4	72	-1.39117
46	58	-1.3906
24	50	1.38862
22	26	-1.3874
36	76	-1.38669
40	50	-1.38265
20	56	1.38236
6	64	1.38206
14	66	-1.38192
6	50	1.38171
32	74	-1.3812
30	50	-1.37953
12	44	-1.37944
26	56	1.37911
10	22	-1.37795
46	52	1.37785
22	42	-1.37749
72	74	1.3773
22	46	1.37718
24	34	-1.37711
50	90	-1.37547
52	92	1.37358
22	70	-1.37344
82	92	1.37272
46	90	-1.37161
14	22	1.37131
4	50	-1.37098
72	90	-1.36988
40	88	-1.36816
40	70	1.3662
2	70	-1.36619
56	58	1.36571
2	16	1.36498
6	46	1.36378
48	82	1.36347
2	98	1.3634
24	82	1.36314
42	88	-1.36238
0	40	-1.35973
10	56	1.35947
40	60	-1.35818
4	56	1.3572
52	78	1.35458
28	94	-1.35456
50	72	1.35333
48	98	1.35263
38	70	-1.35147
2	10	-1.35095
38	72	1.35063
34	74	-1.34986
22	58	-1.34954
56	70	1.34915
2	54	-1.34904
10	34	1.34825
54	60	-1.34673
58	62	1.34666
56	78	-1.34498
26	98	-1.34476
8	68	-1.34423
36	82	-1.3433
10	38	-1.34286
46	74	1.34242
12	82	-1.34207
84	98	-1.34063
68	88	1.33948
82	98	1.33925
24	56	-1.33878
48	92	1.33825
30	56	1.33758
48	90	-1.33704
82	84	-1.33623
36	80	1.33619
26	62	1.33466
8	10	1.33452
50	84	-1.33441
74	94	1.33267
8	70	1.33265
2	28	-1.3322
42	78	-1.33112
22	84	-1.33097
2	92	1.32925
46	66	-1.32885
78	86	-1.32876
48	76	1.32753
22	62	-1.32753
52	82	1.32724
66	74	-1.32716
42	94	-1.32714
62	90	1.327
28	86	1.32649
56	68	-1.32644
44	50	1.32582
32	42	1.32533
58	80	1.32282
54	68	-1.32261
18	48	1.32248
34	72	-1.32243
10	40	1.32113
6	44	1.32024
42	92	-1.31945
12	80	1.31755
8	42	1.31653
32	94	-1.31646
2	34	-1.31548
26	60	-1.31544
48	66	-1.31495
52	98	1.31295
28	52	-1.31294
8	26	1.31256
4	78	-1.31181
10	98	-1.31129
56	74	-1.31086
8	78	-1.31052
6	34	-1.31012
38	78	1.30983
36	74	-1.30977
54	90	1.30938
58	98	-1.30903
8	50	-1.30779
18	42	-1.3077
30	44	-1.30658
48	64	1.30588
24	78	1.30512
4	84	1.30505
32	48	-1.30439
12	74	-1.30416
70	98	-1.30326
30	82	-1.30231
30	78	-1.30212
52	72	1.30185
34	50	-1.30183
2	74	1.30116
50	78	1.30049
58	60	-1.2998
26	80	1.29958
18	96	-1.29945
8	58	1.29737
20	46	-1.29617
56	84	1.29545
30	84	1.29535
64	90	-1.29505
4	82	-1.29365
26	38	-1.29363
28	88	-1.29359
60	86	-1.29343
14	58	-1.29168
0	34	-1.29084
52	68	1.2906
24	44	1.29012
18	24	1.28821
4	44	-1.28777
38	54	-1.28757
32	46	-1.28738
50	52	1.2873
14	90	-1.28648
20	94	-1.28633
38	40	-1.28625
0	8	-1.28552
24	74	1.28533
40	96	1.28482
14	26	-1.28447
74	90	-1.28326
74	88	1.28191
60	78	1.28126
6	74	1.28087
0	72	1.28087
48	56	-1.28024
42	56	1.27964
76	90	-1.27824
6	94	1.27807
2	86	-1.27786
84	86	1.27728
88	98	1.27636
16	54	-1.27594
18	86	-1.27442
34	60	-1.27362
38	58	-1.27346
30	74	-1.27314
18	50	1.27116
16	46	1.2708
50	96	-1.27063
42	98	-1.26953
86	92	-1.2692
54	74	-1.26919
12	56	1.26773
6	18	1.26684
2	32	-1.26649
4	74	-1.2659
34	96	1.26525
2	26	-1.26507
12	78	-1.26446
22	86	-1.26341
8	18	-1.26304
32	82	-1.2627
8	48	-1.26255
30	80	1.26161
66	94	-1.26128
28	48	-1.26047
42	72	-1.26022
2	58	-1.25983
10	64	-1.25827
68	80	-1.25796
20	40	1.2578
56	86	1.25685
10	76	-1.25633
18	56	-1.25522
70	88	-1.2552
54	72	-1.25468
50	80	-1.25461
36	78	-1.25431
22	94	1.25339
22	48	1.25285
36	56	1.25176
12	84	1.25165
32	88	-1.25162
22	52	1.25104
64	74	1.2505
4	18	-1.25016
10	88	-1.2497
64	66	-1.24924
28	82	-1.24923
36	62	1.24774
8	24	-1.24715
84	90	1.24671
4	8	1.24648
36	84	1.24586
4	80	1.24559
24	84	-1.24535
16	76	1.24523
46	56	-1.24508
8	86	1.24414
34	94	-1.24408
2	18	1.24399
74	76	1.24392
18	30	-1.24352
8	46	-1.24301
16	64	1.24289
28	60	-1.24272
0	84	-1.24252
42	74	-1.24224
52	74	1.24176
70	94	-1.24138
66	82	-1.24057
38	86	-1.24022
34	88	-1.23991
46	48	1.23972
56	64	-1.2383
44	68	1.23827
8	64	-1.23817
58	94	-1.23816
10	94	-1.23747
32	86	1.23701
20	34	1.23598
86	98	-1.23499
34	38	-1.2348
22	54	-1.23451
66	76	-1.23435
42	66	1.23416
14	36	-1.23369
26	88	-1.23298
36	94	-1.23278
72	96	-1.23266
58	88	-1.23239
6	56	-1.23213
6	92	1.23168
12	62	1.23145
8	76	-1.23132
88	92	1.23022
8	30	1.23011
90	94	-1.23001
82	90	-1.22994
28	46	-1.22809
56	76	-1.2273
50	62	-1.22636
26	94	-1.22582
14	50	1.22504
24	92	1.22503
64	70	-1.22398
72	86	-1.22368
50	56	-1.22352
6	78	1.22346
12	94	-1.22325
70	76	-1.22325
8	84	1.22251
26	96	1.2225
12	18	-1.22156
54	88	-1.22136
60	74	1.22094
0	76	1.22054
16	60	1.22048
42	84	1.22031
54	94	-1.2198
8	92	-1.21963
12	14	-1.21851
92	96	-1.21815
24	80	-1.21585
68	96	-1.21562
0	56	-1.21506
48	50	1.21502
0	28	-1.21501
28	70	1.21359
22	44	1.21214
50	94	1.21206
18	36	-1.21102
66	88	-1.21058
40	82	-1.21042
32	64	-1.21006
0	64	1.20946
84	88	-1.2087
38	84	-1.20837
6	80	-1.20819
44	58	-1.20672
14	92	1.20547
8	62	1.20491
48	78	1.2039
2	66	-1.2032
14	98	1.20259
74	96	-1.20164
16	42	-1.20075
52	84	-1.20072
6	98	1.19906
86	94	-1.19883
22	80	-1.19782
32	76	-1.19776
58	96	1.19699
50	92	1.19693
56	92	-1.19647
84	94	-1.19582
34	48	-1.19483
44	82	1.19481
26	44	-1.19305
10	46	-1.19304
82	96	-1.19181
48	68	1.19169
82	94	1.1914
54	98	-1.19123
28	38	-1.19109
8	54	1.19074
68	94	1.19004
62	92	-1.18966
70	72	-1.18698
6	14	1.18693
0	74	1.18631
40	48	-1.1857
24	94	1.18488
66	84	1.18384
40	52	-1.18379
88	90	-1.1834
60	84	-1.18226
32	60	-1.18133
30	94	-1.18
10	72	-1.17915
86	88	-1.17896
68	82	1.17867
62	98	-1.17801
4	92	-1.17798
10	28	1.17683
22	82	1.17681
8	14	-1.17543
8	12	1.17478
8	82	-1.17451
30	62	1.17415
48	86	-1.17401
78	90	-1.17381
8	22	-1.17377
30	92	-1.17255
2	78	1.17228
54	92	-1.17211
6	62	-1.17129
4	94	-1.17061
38	74	1.16959
66	86	1.16921
6	8	-1.1692
36	54	1.16787
8	60	-1.16775
58	72	-1.16725
56	90	1.16373
54	56	1.16185
24	98	1.16129
8	36	1.16112
14	30	-1.16034
46	70	-1.16004
4	62	1.15955
8	80	1.1591
18	88	1.15882
16	38	1.15764
50	98	1.15716
48	54	-1.15696
38	76	1.15628
12	92	-1.15611
2	90	-1.15475
12	54	1.15454
14	18	1.15429
28	64	-1.15414
24	62	-1.15387
74	86	-1.15375
14	24	1.15101
18	62	-1.14986
48	74	1.1498
24	68	1.1472
38	64	1.14718
34	52	-1.14704
42	90	1.14692
36	92	-1.14665
16	86	-1.14663
4	14	-1.14616
20	52	-1.14536
2	84	-1.1443
28	76	-1.14386
8	38	-1.14378
26	72	-1.14328
32	38	-1.14307
0	16	1.14222
34	82	-1.14207
18	54	-1.14147
0	32	-1.14135
54	78	-1.13968
6	84	-1.13894
26	82	-1.1351
32	70	1.13487
22	56	-1.13442
34	58	1.13401
60	66	-1.13381
78	88	1.13332
40	46	-1.13205
20	96	1.13202
96	98	-1.13171
58	82	-1.13137
50	54	-1.13098
2	8	-1.12979
50	88	1.12976
36	88	-1.1295
26	52	-1.12935
8	98	-1.1285
56	62	1.12705
4	68	-1.12674
6	88	1.12652
46	72	1.12488
32	84	1.12455
62	78	-1.1241
0	46	1.12169
20	28	1.12158
22	34	-1.12132
12	88	-1.12107
30	54	1.11912
30	68	-1.11862
14	82	1.11798
66	78	-1.11737
60	76	1.11715
48	94	1.11707
8	44	-1.11687
40	58	1.11584
76	86	-1.11454
38	66	-1.11448
20	72	-1.11411
4	98	-1.11405
6	68	1.11353
94	98	1.11321
14	78	1.11296
26	34	1.11279
2	50	1.11225
6	54	-1.11215
30	98	-1.11085
64	86	-1.11039
80	98	-1.11006
70	74	-1.11004
44	96	-1.10975
60	64	1.10937
4	54	1.10897
6	22	1.10896
72	84	-1.10842
52	58	-1.1084
56	60	-1.10781
80	82	-1.10768
34	46	-1.10711
18	90	-1.10683
22	96	-1.10647
10	32	1.10557
94	96	-1.10551
72	76	1.10234
12	98	-1.1019
34	98	-1.10175
4	26	1.10125
56	80	1.101
56	82	-1.10087
2	36	-1.10085
64	72	1.10071
62	82	-1.09983
56	98	-1.09971
86	90	1.09965
26	40	1.09957
80	92	-1.09935
14	56	-1.09856
10	48	-1.09844
44	48	1.09801
48	70	-1.09783
48	58	-1.09762
30	88	-1.09648
60	90	-1.09611
48	80	-1.09595
36	98	-1.095
22	24	1.09495
74	84	-1.0949
56	66	1.09418
42	76	-1.09291
38	56	-1.09288
26	48	-1.09235
12	68	-1.09226
26	30	1.09188
2	12	-1.09172
80	96	1.09164
2	6	1.09161
4	88	-1.091
42	64	-1.09079
10	74	-1.09029
38	90	-1.08982
38	46	1.08951
44	92	1.08795
10	96	1.08762
44	98	1.08753
24	54	-1.08751
92	94	1.08723
82	86	-1.08604
0	66	-1.08438
44	52	1.08386
36	68	-1.08356
54	84	1.08337
82	88	1.08299
16	18	1.08202
20	74	-1.082
40	68	-1.08182
8	90	1.0817
4	58	1.08112
16	70	-1.0809
0	52	1.08074
24	26	-1.0807
24	88	1.07926
66	70	1.07926
22	40	-1.07762
2	56	-1.07711
50	68	1.07586
16	84	-1.07558
34	68	-1.07527
16	78	1.07466
32	78	-1.07463
28	84	1.07438
20	48	-1.07433
40	64	-1.07265
30	58	1.07259
48	84	-1.07212
78	94	1.07197
18	80	-1.07065
54	82	-1.0703
70	96	1.06952
18	66	-1.06724
36	42	1.06699
4	22	-1.06603
40	76	-1.06594
10	16	-1.06593
42	50	-1.06593
8	88	-1.06586
6	86	-1.06525
78	80	-1.06512
88	96	-1.06432
90	92	-1.0639
24	58	-1.06298
20	32	1.0622
2	30	-1.06181
22	30	-1.06168
46	86	-1.06136
42	48	-1.05925
12	26	1.05888
52	94	1.05871
10	52	-1.0586
12	42	1.05838
18	44	1.05779
10	66	1.05767
46	60	1.05718
90	98	-1.05678
2	82	1.05655
22	50	1.05582
2	4	-1.05517
16	92	1.05462
10	82	-1.05373
26	36	1.05289
2	24	1.05258
34	64	-1.05233
56	88	-1.05194
8	40	1.05184
44	56	-1.05157
26	50	-1.05118
6	26	-1.05067
18	94	1.05057
74	78	1.04924
32	56	1.04902
56	94	-1.04885
16	56	-1.04875
12	22	-1.04794
52	70	-1.04782
14	84	-1.04746
6	58	-1.04736
34	76	-1.04711
38	52	1.04709
50	60	1.04617
70	82	-1.04517
42	46	-1.04516
46	94	1.04515
20	24	-1.04515
62	84	1.04463
66	98	-1.04348
4	20	1.04344
12	58	1.04334
22	36	-1.04233
50	58	-1.04214
0	90	-1.04205
50	86	-1.04189
8	34	1.04188
52	80	-1.04164
34	92	-1.04123
44	46	1.04113
20	82	-1.0405
38	48	1.03984
8	94	-1.03945
8	66	1.03916
16	98	1.03898
18	32	-1.03895
56	72	-1.03876
2	76	1.03875
0	48	1.03858
44	78	1.03829
36	58	1.03819
20	30	1.03781
62	96	1.03743
22	72	1.03713
18	74	1.03689
66	92	-1.03686
46	88	1.0363
30	42	1.03605
28	58	1.03601
2	64	1.03578
28	78	-1.03576
36	60	-1.03551
70	90	1.03496
22	90	-1.03492
48	62	-1.03347
6	42	-1.03245
26	90	1.03222
22	28	-1.03222
52	60	1.03202
16	20	-1.0319
36	86	1.0318
40	98	-1.03134
14	96	-1.03125
14	48	1.03084
4	42	1.03082
12	60	-1.0299
16	58	-1.02984
22	66	-1.02823
48	88	1.02787
64	88	1.02761
6	60	1.02752
26	28	1.02749
0	96	-1.02665
12	86	1.02639
38	96	-1.0261
52	86	-1.02538
54	96	1.02529
32	98	-1.02526
14	52	1.0251
72	78	1.02486
46	80	-1.02438
76	88	1.02429
20	66	1.02417
68	72	1.02376
38	50	1.02345
58	90	1.02297
10	90	1.02288
68	90	-1.02237
34	84	1.02233
0	50	1.02171
12	20	1.02159
28	56	1.02136
34	56	1.02125
80	84	1.02072
28	98	-1.02063
24	42	-1.02063
52	62	-1.02059
16	26	-1.02005
8	32	1.02005
40	56	1.02004
48	60	1.01991
22	32	-1.01977
6	10	-1.01966
58	74	-1.01943
36	38	-1.01931
2	96	-1.01926
6	70	-1.01872
20	36	1.01827
64	94	1.01815
40	84	1.0181
54	76	-1.01798
8	28	1.01762
52	54	-1.01701
44	64	1.01692
6	20	-1.01685
42	82	-1.0163
32	92	-1.01624
28	68	-1.01609
30	60	-1.01608
42	96	1.01591
44	76	1.01589
12	38	-1.0155
86	96	1.01533
2	46	1.01525
8	16	-1.0151
54	64	-1.01414
60	96	-1.01388
4	10	1.01386
74	92	1.01352
4	60	-1.0134
68	74	1.01325
76	94	1.01297
18	28	-1.01291
62	76	-1.01263
6	38	1.0123
30	86	1.01208
0	36	-1.01175
62	64	-1.01174
26	74	-1.01161
32	58	1.01159
60	82	1.01155
26	66	1.01155
14	76	1.01139
2	48	1.01125
30	38	-1.01124
18	34	-1.01113
40	92	-1.01112
0	6	1.01088
4	38	-1.01065
10	30	1.01055
24	86	-1.00955
14	64	1.00948
4	86	1.00915
26	32	1.00906
0	12	-1.00905
46	62	-1.00883
24	60	1.00876
58	66	1.00846
4	70	1.00835
42	52	-1.0083
72	98	1.00811
16	22	1.00808
0	24	1.00805
40	78	-1.00796
2	52	1.00784
10	24	-1.00781
0	82	1.00758
18	72	1.00745
16	68	1.00745
22	74	1.00744
74	98	1.00718
8	72	-1.00706
44	84	-1.00658
20	50	-1.00648
30	70	1.00635
50	70	-1.00588
52	88	1.00587
20	90	1.0058
36	70	1.00443
14	46	1.00432
64	80	-1.00398
66	68	-1.00382
72	92	1.00351
28	92	-1.0034
12	70	1.00322
38	82	1.00316
10	50	-1.00294
24	70	-1.00289
10	12	1.00259
10	36	1.00249
76	80	-1.00237
32	68	-1.00183
0	30	-1.00181
18	40	-1.00179
0	4	-1.00128
34	78	-1.00104
24	38	1.00097
46	54	-1.00017
