57	69	11.9991
25	41	11.9989
61	65	11.9885
67	69	11.984
57	67	11.9837
3	17	-11.9826
5	31	11.9786
47	71	11.9736
23	71	11.9732
83	97	11.9708
79	93	11.968
31	59	11.9665
53	69	11.9656
53	57	11.9651
61	81	11.9615
5	59	11.9607
35	55	11.9602
15	23	11.9546
15	39	11.9526
65	81	11.95
7	97	11.9482
23	47	11.9316
79	99	11.926
93	99	11.9163
29	45	-11.9142
11	33	11.9109
53	67	11.9037
29	97	11.903
11	43	11.8928
13	81	11.8891
7	83	11.8885
21	47	11.8856
29	83	11.8836
13	65	11.8804
15	71	11.8752
71	77	11.8664
3	45	-11.8628
23	39	11.8621
15	47	11.8602
79	89	11.8348
13	61	11.8237
51	59	11.8159
13	85	11.804
47	77	11.802
37	95	11.8007
39	63	11.8001
9	35	11.7918
17	45	11.772
11	51	11.7711
21	71	11.7644
89	93	11.7633
19	85	11.76
33	59	11.7563
53	73	11.7519
31	33	11.7473
23	77	11.7473
27	43	11.7408
21	41	11.7332
7	29	11.722
39	71	11.7201
61	91	11.7104
81	91	11.7085
81	85	11.7035
33	51	11.7011
21	25	11.699
35	43	11.6663
39	47	11.6655
85	89	11.6615
21	23	11.6536
33	43	11.6513
57	73	11.6489
31	51	11.6481
45	83	-11.6463
45	97	-11.6451
15	63	11.6396
5	51	11.6272
21	77	11.6257
69	73	11.6248
13	89	11.6241
1	37	11.608
5	33	11.6058
3	29	11.5999
9	55	11.5957
65	91	11.5932
11	59	11.5837
15	21	11.5782
19	37	11.5687
67	75	11.563
89	99	11.5554
13	93	11.5503
43	55	11.5416
83	99	-11.5292
41	77	11.5207
67	73	11.517
65	85	11.5168
15	77	11.5097
25	77	11.5022
43	51	11.4926
1	95	11.4922
11	31	11.487
61	85	11.4859
9	43	11.4831
53	87	11.4793
55	63	11.4619
41	47	11.4608
3	99	-11.4599
11	27	11.4483
17	29	-11.444
13	79	11.4303
57	75	11.4252
29	99	-11.4226
25	47	11.4205
45	99	11.4162
69	75	11.4076
9	11	11.4012
9	33	11.4005
23	63	11.3831
3	79	-11.3779
11	35	11.3577
7	45	-11.3557
5	11	11.3412
41	71	11.3405
19	89	11.3238
27	55	11.3202
17	99	11.316
97	99	-11.3126
25	71	11.3019
27	35	11.2973
39	77	11.2887
21	39	11.2817
13	91	11.2811
17	79	11.2746
49	65	11.2673
73	87	11.2648
3	83	11.2571
69	87	11.2449
1	27	-11.2427
1	19	11.2311
57	87	11.2244
85	93	11.2109
65	93	11.2089
49	61	11.2086
79	85	11.2
81	89	11.1977
27	51	11.19
3	97	11.1834
13	19	11.1827
35	63	11.1712
45	79	11.1701
37	85	11.1647
53	75	11.1517
65	89	11.1507
3	93	-11.1506
63	71	11.1471
79	83	-11.1436
83	93	-11.1413
85	91	11.1401
13	99	11.138
11	55	11.1327
47	63	11.1285
33	35	11.1264
43	59	11.1211
23	41	11.1001
19	81	11.0849
81	93	11.0823
29	79	-11.0816
3	89	-11.0625
23	25	11.0551
67	87	11.0516
17	83	-11.0463
7	99	-11.0456
61	93	11.0424
5	17	-11.0398
17	89	11.0221
17	93	11.0213
61	89	11.0199
39	55	11.0042
65	79	11.0006
45	93	10.9961
27	33	10.9949
31	43	10.9893
29	93	-10.9788
17	97	-10.9734
7	87	-10.9669
79	81	10.913
19	95	10.9096
49	81	10.9017
19	51	-10.8988
79	97	-10.8923
13	49	10.8895
15	41	10.8727
93	97	-10.8723
33	55	10.8294
61	79	10.8288
73	75	10.8224
3	5	10.8211
15	25	10.8194
5	43	10.8086
3	7	10.7927
17	31	-10.791
17	59	-10.7856
85	99	10.7755
9	27	10.7749
27	63	10.7665
19	65	10.7591
19	61	10.7502
65	99	10.7471
21	63	10.7402
83	87	-10.7297
37	91	10.7201
49	93	10.6954
35	39	10.6823
37	81	10.6817
87	97	-10.6768
45	89	10.6604
19	79	10.6473
15	55	10.6285
9	51	10.6253
9	31	10.6131
19	91	10.6046
7	93	-10.6017
81	99	10.592
7	79	-10.5763
9	59	10.5661
35	51	10.5648
3	59	10.564
7	17	-10.5601
61	99	10.56
3	31	10.5572
49	91	10.5514
27	59	10.5499
19	93	10.5488
1	51	-10.54
43	63	10.5267
63	77	10.525
51	89	-10.5186
49	87	10.4911
1	43	-10.4901
39	41	10.4869
13	37	10.4831
29	89	-10.4593
83	89	-10.4458
5	89	-10.4438
59	89	-10.4397
9	63	10.4358
25	39	10.4314
49	99	10.4283
85	95	10.4256
1	85	10.4114
49	79	10.3813
19	27	-10.3591
19	59	-10.3465
23	55	10.3442
5	9	10.3406
37	61	10.339
27	31	10.3265
51	55	10.3235
91	95	10.308
17	51	-10.2997
51	85	-10.299
15	35	10.2852
37	89	10.2798
89	91	10.2746
1	11	-10.2705
37	65	10.256
35	59	10.2526
27	37	-10.2478
31	89	-10.2231
31	35	10.2046
11	19	-10.2032
5	27	10.1962
89	97	-10.1844
5	45	-10.1537
5	79	-10.153
19	99	10.1477
29	87	-10.1385
91	93	10.1358
5	19	-10.1334
3	51	10.1017
49	89	10.0848
3	13	-10.081
49	85	10.0648
59	79	-10.0462
19	43	-10.0433
3	85	-10.0361
55	71	10.0323
87	99	10.029
9	39	10.0252
19	31	-10.024
81	95	10.0239
37	51	-10.0179
23	35	10.0107
13	83	-10.0081
17	85	10.0007
13	17	9.99087
27	95	-9.9843
5	35	9.95274
19	33	-9.94904
55	59	9.94388
51	79	-9.93992
79	91	9.93706
59	85	-9.93687
27	39	9.93411
47	55	9.92444
11	63	9.9218
7	53	-9.91997
31	79	-9.89788
31	45	-9.88164
5	99	-9.87859
31	55	9.87724
49	83	-9.87234
45	59	-9.8671
17	19	9.85834
17	33	-9.84899
5	93	-9.84776
7	89	-9.83965
43	75	-9.82605
3	19	-9.82451
1	55	-9.82352
5	85	-9.8179
13	45	9.81557
87	93	9.81214
13	29	-9.79461
39	43	9.79232
1	59	-9.79203
75	87	9.79195
1	33	-9.78793
41	63	9.7819
1	35	-9.77149
13	95	9.75462
59	93	-9.74646
27	75	-9.74476
13	97	-9.73553
1	89	9.73469
7	69	-9.72969
11	75	-9.7252
65	83	-9.72364
25	63	9.72179
55	67	-9.72132
59	99	-9.72067
61	95	9.70637
49	73	9.70479
35	71	9.70459
53	63	-9.69158
7	57	-9.68523
35	75	-9.68012
31	85	-9.67452
55	69	-9.67349
13	51	-9.67151
55	57	-9.66544
51	93	-9.66337
45	85	9.66255
35	67	-9.65652
91	99	9.65354
63	69	-9.65221
57	63	-9.65082
33	89	-9.64898
55	75	-9.64869
45	87	9.64059
9	15	9.63944
5	55	9.63741
37	43	-9.6321
1	81	9.63035
39	87	-9.6254
15	87	-9.62459
11	89	-9.62058
31	99	-9.61433
3	33	9.61395
37	79	9.6119
15	27	9.60869
63	67	-9.60683
31	93	-9.6061
49	97	-9.60567
7	49	-9.60546
65	95	9.60039
5	29	9.59837
35	47	9.59142
79	87	9.58487
35	69	-9.58463
83	85	-9.57782
35	57	-9.57559
53	55	-9.56948
7	67	-9.56659
63	87	-9.56612
1	63	-9.56492
1	13	9.56476
61	83	-9.56192
1	91	9.56147
33	75	-9.56125
37	93	9.55978
11	17	-9.55901
89	95	9.55682
23	87	-9.5552
3	65	-9.55454
11	37	-9.55446
81	83	-9.54183
7	13	-9.53626
29	85	-9.53301
11	85	-9.53293
53	97	-9.53142
33	63	9.52917
51	99	-9.52888
9	75	-9.52558
1	5	-9.51767
13	59	-9.50693
47	87	-9.50492
1	31	-9.50316
27	67	-9.49933
39	53	-9.49616
71	87	-9.49579
63	73	-9.49523
3	81	-9.49485
53	83	-9.49205
51	75	-9.48226
5	13	-9.47815
43	67	-9.473
7	73	-9.4728
65	97	-9.46755
55	77	9.46381
17	65	9.46029
77	83	9.4556
27	57	-9.45506
35	53	-9.4485
27	85	-9.44794
21	55	9.4447
39	69	-9.4444
49	53	9.4407
27	69	-9.43522
39	57	-9.43459
33	85	-9.42968
9	23	9.42864
15	43	9.42285
29	65	-9.42122
25	93	-9.41808
51	95	-9.41575
17	81	9.41428
45	51	-9.40951
41	93	-9.40824
51	81	-9.40247
29	49	-9.40239
15	53	-9.40072
39	67	-9.39262
3	61	-9.3884
7	77	9.38256
21	87	-9.38223
77	97	9.37876
43	57	-9.37366
19	45	9.37152
9	67	-9.3702
45	65	9.36677
25	99	-9.36645
43	69	-9.36629
41	99	-9.35915
85	97	-9.35885
37	59	-9.3583
7	65	-9.35693
3	11	9.34662
25	79	-9.3376
29	31	9.3372
29	59	9.33607
69	97	-9.33229
13	31	-9.33107
15	69	-9.32849
27	53	-9.32751
61	97	-9.32585
41	79	-9.3236
15	57	-9.32173
81	97	-9.31827
29	81	-9.30959
71	83	9.30653
1	9	-9.30317
17	61	9.30171
77	99	-9.30081
7	71	9.29667
57	97	-9.2924
7	23	9.29069
63	75	-9.28271
45	81	9.28241
1	61	9.28225
43	85	-9.28158
77	87	-9.28157
23	53	-9.27758
65	87	9.27347
69	83	-9.27324
27	73	-9.27072
29	61	-9.26872
15	67	-9.26799
9	69	-9.26669
3	49	-9.25983
43	95	-9.25691
23	27	9.25523
9	57	-9.25258
45	49	9.25056
23	83	9.24979
29	77	9.24643
7	61	-9.23702
11	39	9.23672
57	83	-9.23538
1	65	9.2336
71	97	9.23237
59	75	-9.23149
47	83	9.22051
23	69	-9.21925
37	99	9.21795
43	89	-9.2164
39	73	-9.21541
23	57	-9.20994
45	61	9.2087
51	63	9.20771
33	37	-9.20217
59	81	-9.201
7	81	-9.20078
51	65	-9.19802
11	67	-9.19758
43	53	-9.19667
23	97	9.19465
33	79	-9.18767
53	71	-9.18693
15	73	-9.18687
27	89	-9.18525
47	53	-9.18388
73	97	-9.18192
35	77	9.18165
7	47	9.17953
73	83	-9.17793
67	97	-9.17214
23	67	-9.16988
61	87	9.16796
49	69	9.16707
9	71	9.16642
7	15	9.16344
55	73	-9.16171
51	61	-9.16168
17	49	9.15895
49	57	9.15809
31	75	-9.15631
9	91	-9.15564
19	49	9.15531
3	87	-9.15431
5	83	9.1539
25	89	-9.15317
13	25	-9.15271
25	75	-9.14523
7	39	9.14514
19	29	-9.14396
77	93	-9.14356
5	81	-9.1426
5	37	-9.14247
21	35	9.1417
13	41	-9.14042
21	99	-9.13776
13	87	9.13415
21	49	-9.13358
69	71	-9.13078
41	89	-9.13026
21	93	-9.12715
7	85	-9.12466
47	97	9.124
19	35	-9.12329
57	71	-9.12327
23	43	9.12265
41	75	-9.11857
1	75	9.11796
47	69	-9.10983
47	57	-9.10682
67	83	-9.10455
77	79	-9.10245
59	65	-9.10142
9	53	-9.09507
15	83	9.09121
9	19	-9.08884
5	65	-9.08776
41	87	-9.08746
67	71	-9.08657
39	75	-9.08493
11	95	-9.08452
11	79	-9.08302
47	99	-9.08188
45	77	-9.0813
71	99	-9.08014
31	37	-9.07796
11	57	-9.07641
25	87	-9.07096
11	69	-9.06886
79	95	9.06155
5	97	9.05984
55	87	-9.05914
21	83	9.05908
31	81	-9.05851
45	95	9.05843
47	67	-9.05653
9	47	9.05267
59	61	-9.05214
29	95	-9.05152
21	73	-9.0511
75	77	-9.04868
5	75	-9.04801
21	53	-9.04651
1	79	9.04603
17	37	9.04522
3	37	-9.04306
15	97	9.04002
35	37	-9.03959
41	83	9.03454
19	83	-9.03413
47	73	-9.03391
25	83	9.02986
5	61	-9.02657
17	43	-9.02537
23	73	-9.02283
25	65	-9.0225
29	71	9.02225
41	49	-9.02221
35	73	-9.01962
41	65	-9.01863
37	55	-9.01608
29	53	-9.01074
39	83	9.00733
19	55	-9.007
25	49	-9.00572
31	65	-9.00335
15	75	-9.00242
21	79	-9.00006
49	67	8.999
93	95	8.99896
53	77	-8.99596
27	71	8.99525
13	33	-8.9931
83	91	-8.98776
51	91	-8.98723
39	97	8.98676
47	93	-8.98558
27	47	8.98389
33	45	-8.98384
33	67	-8.9838
69	77	-8.9826
23	75	-8.98005
57	77	-8.97435
71	75	-8.97209
67	77	-8.97148
11	13	-8.96951
31	61	-8.96204
21	57	-8.96071
71	73	-8.9576
29	51	8.95709
3	95	-8.95649
21	69	-8.95527
23	29	8.95503
95	97	-8.95318
33	93	-8.95237
17	87	8.9518
71	93	-8.94603
23	99	-8.94416
81	87	8.94385
47	75	-8.94318
59	83	8.94153
33	39	8.94118
43	73	-8.94056
17	95	8.93896
7	21	8.93876
7	95	-8.9323
7	91	-8.93161
55	95	-8.93117
87	89	8.93032
1	17	8.92846
25	61	-8.9262
41	61	-8.9226
21	97	8.92171
3	77	8.92082
1	93	8.92059
29	47	8.91985
41	73	-8.91962
25	73	-8.91895
31	83	8.91612
1	73	8.91551
25	81	-8.91019
37	45	8.91001
11	15	8.90937
25	53	-8.90348
41	53	-8.90317
41	81	-8.90134
21	67	-8.89823
91	97	-8.89683
33	81	-8.89444
9	37	-8.89289
25	57	-8.89254
41	57	-8.88673
19	97	-8.88655
35	95	-8.88588
25	85	-8.88328
47	79	-8.88236
25	69	-8.88065
35	87	-8.88061
11	53	-8.8796
47	49	-8.87791
33	99	-8.87675
25	67	-8.87591
41	69	-8.87525
41	97	8.8706
1	39	-8.86857
11	81	-8.86785
41	67	-8.86689
43	71	8.86591
25	97	8.86546
21	75	-8.8615
41	85	-8.86113
71	79	-8.86037
11	93	-8.85705
59	95	-8.85694
33	57	-8.85473
1	3	-8.85449
33	69	-8.85026
3	43	8.84746
59	97	8.8424
33	91	-8.84167
95	99	8.83462
29	37	-8.83297
31	97	8.83218
29	69	-8.82983
7	41	8.82223
7	25	8.81402
43	47	8.81154
83	95	-8.81039
13	21	-8.80874
59	63	8.80721
45	71	-8.80558
17	77	-8.8053
63	95	-8.80162
23	93	-8.80129
1	67	8.8004
59	91	-8.80029
33	61	-8.79884
29	57	-8.79815
25	29	8.79723
29	41	8.79702
21	65	-8.79649
29	73	-8.79639
11	91	-8.79168
51	67	-8.78811
33	65	-8.78532
1	57	8.7845
15	29	8.77838
29	91	-8.77631
7	63	8.77527
15	99	-8.77311
9	77	8.76997
21	29	8.76105
1	69	8.75628
3	25	8.75519
19	75	8.75468
11	45	-8.75437
11	99	-8.75247
33	95	-8.74753
31	63	8.74448
17	27	-8.74265
3	41	8.74241
77	89	-8.74158
13	27	-8.7408
87	91	8.7401
49	71	-8.73861
31	91	-8.73433
53	99	8.7307
73	77	-8.72699
25	45	-8.726
15	49	-8.72477
3	91	-8.72276
41	45	-8.72072
9	85	-8.71975
23	45	-8.71795
45	47	-8.71795
5	91	-8.71646
5	95	-8.71639
11	61	-8.71316
23	79	-8.71316
9	21	8.71284
9	61	-8.71118
21	61	-8.71003
5	7	8.70611
21	27	8.70608
29	39	8.70347
21	89	-8.70159
11	65	-8.69984
37	97	-8.69891
9	81	-8.69827
13	43	-8.69634
43	79	-8.69461
5	49	-8.69417
29	67	-8.69349
23	49	-8.69182
27	81	-8.69111
1	53	8.69088
41	55	8.6879
37	49	8.68664
37	75	8.68652
1	99	8.68204
51	57	-8.67865
1	15	-8.6781
35	91	-8.67773
43	91	-8.67671
37	83	-8.67531
17	25	-8.67186
11	23	8.66944
51	83	8.66692
31	49	-8.66495
51	69	-8.66472
9	95	-8.66376
33	53	-8.66325
9	73	-8.6626
17	91	8.65928
45	91	8.65897
37	63	-8.65888
17	41	-8.65775
7	19	-8.6564
43	81	-8.65473
11	73	-8.65362
15	33	8.6524
31	95	-8.65192
15	93	-8.65094
25	55	8.64819
1	45	8.62624
21	81	-8.6251
9	65	-8.61875
7	37	-8.61834
27	91	-8.61733
27	79	-8.61652
73	99	8.61608
21	45	-8.60995
3	71	8.60817
3	27	8.60663
45	53	8.60466
39	99	-8.60355
39	51	8.59994
63	83	8.59919
75	95	8.59905
49	77	-8.59806
13	77	-8.59457
63	97	8.59349
27	87	-8.58981
5	63	8.58695
39	49	-8.58065
49	59	-8.57273
53	93	8.56896
29	33	8.56783
9	87	-8.56382
35	85	-8.56379
51	97	8.55975
9	17	-8.5586
13	47	-8.55609
15	79	-8.55242
9	89	-8.55144
3	47	8.55083
15	45	-8.53935
47	89	-8.53801
7	75	-8.53473
59	67	-8.53416
69	99	8.53206
7	59	8.52685
47	65	-8.52683
55	91	-8.52125
85	87	8.51927
3	21	8.5191
45	73	8.51852
7	31	8.51781
43	93	-8.51742
27	77	8.5156
19	25	-8.51527
21	43	8.51278
73	93	8.51244
57	99	8.51033
71	89	-8.50195
73	95	8.49976
43	61	-8.49972
51	53	-8.49871
3	23	8.4984
17	71	-8.49461
9	13	-8.49023
19	41	-8.4902
31	67	-8.49
35	41	8.4828
67	95	8.47753
9	49	-8.47742
65	77	-8.47659
13	71	-8.47643
39	95	-8.47438
43	65	-8.47323
11	71	8.47176
39	93	-8.47152
27	93	-8.47066
27	61	-8.46874
49	63	-8.46869
33	73	-8.4663
43	87	-8.46541
23	33	8.46088
1	29	-8.458
57	95	8.45736
43	77	8.45392
21	85	-8.45364
39	45	-8.45347
27	65	-8.4523
45	69	8.45174
25	35	8.44986
69	95	8.44934
47	61	-8.44885
1	23	-8.44855
19	63	-8.44619
25	91	-8.44477
17	47	-8.44304
41	91	-8.44168
7	55	8.44038
55	85	-8.43994
65	71	-8.43518
45	57	8.42949
53	79	8.42784
57	59	-8.42728
11	47	8.42641
17	21	-8.42502
33	49	-8.41892
59	69	-8.41838
43	99	-8.41666
35	89	-8.41557
3	9	8.41001
75	91	8.40453
11	29	8.40373
67	99	8.40339
53	95	8.39708
61	77	-8.39701
51	73	-8.39405
17	23	-8.38979
39	79	-8.3879
31	57	-8.38724
69	93	8.38579
43	45	-8.38338
15	51	8.38131
5	67	-8.38022
31	69	-8.37956
47	81	-8.37803
67	91	8.37463
65	73	8.3742
77	81	-8.37338
57	93	8.36925
23	89	-8.36811
61	71	-8.3642
37	67	8.36276
73	79	8.36232
13	23	-8.36079
49	51	-8.35936
17	35	-8.35606
53	65	8.35359
77	85	-8.35028
39	59	8.34973
69	91	8.3483
45	67	8.34583
15	95	-8.34553
35	81	-8.34519
23	65	-8.34507
27	99	-8.33679
75	85	8.33429
29	63	8.33264
7	35	8.3326
49	75	8.33187
3	15	8.33106
37	73	8.33084
57	91	8.32627
61	73	8.3251
37	57	8.32367
53	61	8.32356
31	39	8.32134
53	91	8.31979
1	47	-8.31783
7	51	8.31179
37	69	8.31152
1	71	-8.30852
49	95	8.30694
71	81	-8.30605
35	61	-8.30431
33	83	8.30428
33	71	8.30183
55	89	-8.29518
21	91	-8.29078
5	57	-8.28821
15	65	-8.28737
75	97	-8.28718
23	61	-8.28573
1	97	-8.2834
37	39	-8.28037
5	69	-8.28024
23	95	-8.27719
69	79	8.27542
13	15	-8.27438
67	93	8.2741
53	59	-8.27391
9	41	8.26623
33	47	8.26248
55	97	8.26175
57	79	8.26086
75	89	8.25813
63	99	-8.25641
47	85	-8.25538
3	53	-8.25445
1	83	-8.25352
33	97	8.25268
3	35	8.24896
15	89	-8.24801
31	53	-8.24578
27	45	-8.24451
9	25	8.24431
35	65	-8.24404
3	73	-8.2433
75	83	-8.24153
65	69	8.23887
3	39	8.23826
15	17	-8.23813
37	53	8.23807
15	61	-8.23507
9	79	-8.23449
13	73	8.23424
13	35	-8.23332
23	51	8.23066
61	69	8.2302
19	67	8.22678
57	65	8.22505
55	83	8.225
23	81	-8.22456
17	55	-8.22362
55	81	-8.2226
11	21	8.22094
31	73	-8.22005
1	21	-8.21874
13	53	8.21716
57	61	8.2156
5	39	8.21481
11	87	-8.21399
59	73	-8.21237
1	7	-8.21156
11	83	8.20733
71	85	-8.20569
11	49	-8.20557
11	77	8.20215
71	95	-8.2005
27	41	8.19338
17	73	8.18704
15	59	8.18642
7	9	8.18631
53	81	8.1862
67	79	8.18559
77	95	-8.18535
61	67	8.18508
55	61	-8.18327
63	93	-8.18143
19	57	8.18111
65	67	8.18001
35	97	8.17725
73	81	8.17504
25	27	8.17488
39	65	-8.17082
5	25	8.16947
35	49	-8.16734
19	69	8.1669
15	31	8.16674
87	95	8.16584
15	81	-8.16561
9	93	-8.16458
5	53	-8.1643
5	73	-8.16351
15	37	-8.16167
11	97	8.16007
17	53	8.15986
19	73	8.15877
17	39	-8.15853
29	43	8.15549
5	41	8.15455
25	37	-8.15305
77	91	-8.15279
47	91	-8.15107
19	21	-8.14991
3	69	-8.14972
1	49	8.1494
49	55	-8.14725
3	55	8.14657
47	95	-8.14547
45	63	-8.14545
17	75	8.1452
13	39	-8.14512
1	87	8.14499
35	83	8.14117
37	41	-8.13963
25	59	8.13863
39	61	-8.13833
71	91	-8.13766
3	57	-8.13722
51	71	8.13578
55	65	-8.13536
13	55	-8.13344
39	89	-8.13217
35	79	-8.13168
25	51	8.13117
73	91	8.12975
9	45	-8.12971
23	91	-8.12658
75	81	8.12651
63	79	-8.12553
41	59	8.12346
21	33	8.12292
69	81	8.12159
23	85	-8.11894
53	89	8.11813
39	91	-8.11708
47	51	8.11664
41	51	8.11558
13	69	8.11348
33	77	8.1127
19	77	-8.11095
57	81	8.10981
33	87	-8.10601
7	33	8.10533
61	75	8.10512
25	31	8.10511
5	77	8.10473
19	87	8.10435
13	57	8.10434
41	43	8.10326
19	39	-8.09999
19	53	8.09913
73	89	8.09909
23	59	8.09863
1	77	-8.09615
67	81	8.0952
5	15	8.095
29	55	8.09471
15	91	-8.09466
31	41	8.09327
23	37	-8.09126
25	43	8.09004
3	67	-8.08939
9	99	-8.08812
3	75	-8.08549
23	31	8.08259
39	81	-8.08217
17	69	8.0781
13	75	8.078
59	77	8.0777
63	91	-8.07739
27	29	8.07619
63	85	-8.0758
9	97	8.07453
29	75	-8.07414
55	79	-8.07346
43	49	-8.07262
51	77	8.07185
17	57	8.06955
65	75	8.06909
75	79	8.06706
43	83	8.06667
35	45	-8.06449
35	93	-8.06369
13	67	8.06257
15	85	-8.0623
7	11	8.06202
29	35	8.06053
31	77	8.05855
63	89	-8.05433
19	47	-8.05256
69	89	8.05243
57	89	8.04875
59	71	8.04868
7	43	8.0475
1	25	-8.04716
21	95	-8.04692
1	41	-8.0465
43	97	8.04648
15	19	-8.04328
5	23	8.0429
35	99	-8.04161
9	83	8.04156
45	55	-8.04054
37	71	-8.04045
9	29	8.03897
63	65	-8.03811
37	77	-8.03803
17	67	8.03675
51	87	-8.03635
21	51	8.03503
31	71	8.03386
55	99	-8.0334
37	87	8.03232
3	63	8.03126
73	85	8.03104
75	99	8.03021
47	59	8.02987
19	71	-8.02925
75	93	8.02919
5	87	-8.02909
55	93	-8.02876
67	89	8.02748
61	63	-8.02506
5	71	8.02255
13	63	-8.0223
37	47	-8.02158
7	27	8.0209
31	47	8.01879
27	83	8.01879
25	95	-8.01587
11	41	8.01545
11	25	8.01404
21	37	-8.01345
19	23	-8.0122
67	85	8.01198
41	95	-8.01165
53	85	8.01058
17	63	-8.01043
39	85	-8.01001
5	21	8.0092
5	47	8.00788
31	87	-8.00686
21	31	8.00458
27	97	8.00453
59	87	-8.00315
45	75	8.00217
57	85	8.00174
63	81	-8.00172
25	33	8.00172
27	49	-8.00065
69	85	8.00062
33	41	8.00034
21	59	8.00025
28	29	6
44	45	6
80	81	6
54	55	6
82	83	6
56	57	6
30	31	6
86	87	6
88	89	6
90	91	6
92	93	6
94	95	6
96	97	6
78	79	6
84	85	6
36	37	6
14	15	6
66	67	6
64	65	6
24	25	6
18	19	6
20	21	6
62	63	6
68	69	6
46	47	6
40	41	6
16	17	6
60	61	6
22	23	6
48	49	6
58	59	6
26	27	6
70	71	6
50	51	6
38	39	6
72	73	6
52	53	6
34	35	6
74	75	6
32	33	6
76	77	6
42	43	6
0	1	6
98	99	6
2	3	6
12	13	6
10	11	6
6	7	6
4	5	6
8	9	6
57	68	5.99953
56	69	5.99953
25	40	5.99943
24	41	5.99943
60	65	5.99425
61	64	5.99425
67	68	5.99201
66	69	5.99201
57	66	5.99184
56	67	5.99184
2	17	-5.99128
3	16	-5.99128
4	31	5.98928
5	30	5.98928
47	70	5.9868
46	71	5.9868
22	71	5.98661
23	70	5.98661
83	96	5.98538
82	97	5.98538
79	92	5.984
78	93	5.984
30	59	5.98326
31	58	5.98326
52	69	5.98278
53	68	5.98278
53	56	5.98253
52	57	5.98253
61	80	5.98077
60	81	5.98077
4	59	5.98035
5	58	5.98035
35	54	5.98012
34	55	5.98012
15	22	5.97732
14	23	5.97732
14	39	5.97629
15	38	5.97629
65	80	5.97501
64	81	5.97501
6	97	5.97408
7	96	5.97408
22	47	5.96581
23	46	5.96581
78	99	5.96301
79	98	5.96301
93	98	5.95816
92	99	5.95816
28	45	-5.95711
29	44	-5.95711
10	33	5.95545
11	32	5.95545
53	66	5.95185
52	67	5.95185
29	96	5.9515
28	97	5.9515
10	43	5.94642
11	42	5.94642
12	81	5.94455
13	80	5.94455
7	82	5.94427
6	83	5.94427
21	46	5.9428
20	47	5.9428
29	82	5.94179
28	83	5.94179
13	64	5.9402
12	65	5.9402
15	70	5.93759
14	71	5.93759
70	77	5.93318
71	76	5.93318
2	45	-5.93142
3	44	-5.93142
22	39	5.93103
23	38	5.93103
15	46	5.93012
14	47	5.93012
78	89	5.91741
79	88	5.91741
13	60	5.91185
12	61	5.91185
51	58	5.90796
50	59	5.90796
12	85	5.902
13	84	5.902
46	77	5.90102
47	76	5.90102
36	95	5.90036
37	94	5.90036
38	63	5.90006
39	62	5.90006
8	35	5.89588
9	34	5.89588
16	45	5.88602
17	44	5.88602
11	50	5.88555
10	51	5.88555
20	71	5.88221
21	70	5.88221
88	93	5.88167
89	92	5.88167
19	84	5.88001
18	85	5.88001
33	58	5.87814
32	59	5.87814
53	72	5.87596
52	73	5.87596
31	32	5.87365
30	33	5.87365
23	76	5.87364
22	77	5.87364
27	42	5.8704
26	43	5.8704
20	41	5.86662
21	40	5.86662
6	29	5.861
7	28	5.861
38	71	5.86003
39	70	5.86003
61	90	5.85519
60	91	5.85519
81	90	5.85423
80	91	5.85423
80	85	5.85176
81	84	5.85176
32	51	5.85053
33	50	5.85053
21	24	5.84949
20	25	5.84949
35	42	5.83317
34	43	5.83317
38	47	5.83274
39	46	5.83274
84	89	5.83077
85	88	5.83077
21	22	5.82682
20	23	5.82682
33	42	5.82563
32	43	5.82563
57	72	5.82444
56	73	5.82444
31	50	5.82404
30	51	5.82404
45	82	-5.82315
44	83	-5.82315
45	96	-5.82255
44	97	-5.82255
14	63	5.8198
15	62	5.8198
4	51	5.81358
5	50	5.81358
20	77	5.81283
21	76	5.81283
69	72	5.81238
68	73	5.81238
13	88	5.81206
12	89	5.81206
0	37	5.80401
1	36	5.80401
4	33	5.8029
5	32	5.8029
2	29	5.79993
3	28	5.79993
9	54	5.79783
8	55	5.79783
65	90	5.79659
64	91	5.79659
10	59	5.79185
11	58	5.79185
14	21	5.78909
15	20	5.78909
18	37	5.78436
19	36	5.78436
66	75	5.78149
67	74	5.78149
88	99	5.77768
89	98	5.77768
13	92	5.77516
12	93	5.77516
42	55	5.7708
43	54	5.7708
82	99	-5.76459
83	98	-5.76459
41	76	5.76033
40	77	5.76033
67	72	5.7585
66	73	5.7585
64	85	5.75841
65	84	5.75841
15	76	5.75484
14	77	5.75484
24	77	5.75109
25	76	5.75109
43	50	5.74632
42	51	5.74632
1	94	5.74608
0	95	5.74608
11	30	5.74351
10	31	5.74351
60	85	5.74296
61	84	5.74296
9	42	5.74153
8	43	5.74153
52	87	5.73964
53	86	5.73964
55	62	5.73094
54	63	5.73094
41	46	5.73041
40	47	5.73041
3	98	-5.72997
2	99	-5.72997
10	27	5.72417
11	26	5.72417
17	28	-5.722
16	29	-5.722
12	79	5.71514
13	78	5.71514
56	75	5.71259
57	74	5.71259
28	99	-5.71129
29	98	-5.71129
24	47	5.71026
25	46	5.71026
45	98	5.70812
44	99	5.70812
68	75	5.70381
69	74	5.70381
9	10	5.70058
8	11	5.70058
8	33	5.70027
9	32	5.70027
23	62	5.69155
22	63	5.69155
3	78	-5.68893
2	79	-5.68893
10	35	5.67884
11	34	5.67884
6	45	-5.67786
7	44	-5.67786
5	10	5.67059
4	11	5.67059
41	70	5.67023
40	71	5.67023
19	88	5.66192
18	89	5.66192
26	55	5.66009
27	54	5.66009
16	99	5.65799
17	98	5.65799
96	99	-5.6563
97	98	-5.6563
24	71	5.65095
25	70	5.65095
27	34	5.64867
26	35	5.64867
39	76	5.64434
38	77	5.64434
21	38	5.64083
20	39	5.64083
12	91	5.64055
13	90	5.64055
16	79	5.63732
17	78	5.63732
48	65	5.63363
49	64	5.63363
73	86	5.6324
72	87	5.6324
2	83	5.62857
3	82	5.62857
69	86	5.62244
68	87	5.62244
1	26	-5.62134
0	27	-5.62134
1	18	5.61554
0	19	5.61554
56	87	5.6122
57	86	5.6122
84	93	5.60545
85	92	5.60545
65	92	5.60446
64	93	5.60446
48	61	5.60432
49	60	5.60432
79	84	5.60002
78	85	5.60002
80	89	5.59883
81	88	5.59883
26	51	5.59498
27	50	5.59498
3	96	5.59171
2	97	5.59171
12	19	5.59134
13	18	5.59134
34	63	5.58559
35	62	5.58559
45	78	5.58507
44	79	5.58507
36	85	5.58234
37	84	5.58234
52	75	5.57587
53	74	5.57587
65	88	5.57537
64	89	5.57537
3	92	-5.57531
2	93	-5.57531
63	70	5.57353
62	71	5.57353
78	83	-5.57182
79	82	-5.57182
83	92	-5.57063
82	93	-5.57063
85	90	5.57006
84	91	5.57006
13	98	5.56899
12	99	5.56899
11	54	5.56637
10	55	5.56637
47	62	5.56424
46	63	5.56424
33	34	5.56321
32	35	5.56321
42	59	5.56053
43	58	5.56053
23	40	5.55005
22	41	5.55005
18	81	5.54244
19	80	5.54244
80	93	5.54117
81	92	5.54117
28	79	-5.54079
29	78	-5.54079
3	88	-5.53123
2	89	-5.53123
22	25	5.52756
23	24	5.52756
66	87	5.52578
67	86	5.52578
17	82	-5.52316
16	83	-5.52316
6	99	-5.52281
7	98	-5.52281
60	93	5.5212
61	92	5.5212
5	16	-5.51991
4	17	-5.51991
16	89	5.51107
17	88	5.51107
17	92	5.51064
16	93	5.51064
61	88	5.50995
60	89	5.50995
38	55	5.50212
39	54	5.50212
65	78	5.50031
64	79	5.50031
44	93	5.49805
45	92	5.49805
27	32	5.49747
26	33	5.49747
30	43	5.49467
31	42	5.49467
29	92	-5.48939
28	93	-5.48939
16	97	-5.48671
17	96	-5.48671
6	87	-5.48346
7	86	-5.48346
78	81	5.4565
79	80	5.4565
19	94	5.4548
18	95	5.4548
48	81	5.45083
49	80	5.45083
19	50	-5.44939
18	51	-5.44939
78	97	-5.44615
79	96	-5.44615
13	48	5.44477
12	49	5.44477
15	40	5.43633
14	41	5.43633
92	97	-5.43617
93	96	-5.43617
32	55	5.4147
33	54	5.4147
60	79	5.41438
61	78	5.41438
72	75	5.41122
73	74	5.41122
2	5	5.41055
3	4	5.41055
14	25	5.40972
15	24	5.40972
5	42	5.40432
4	43	5.40432
3	6	5.39635
2	7	5.39635
16	31	-5.3955
17	30	-5.3955
17	58	-5.39278
16	59	-5.39278
84	99	5.38773
85	98	5.38773
8	27	5.38746
9	26	5.38746
27	62	5.38326
26	63	5.38326
19	64	5.37953
18	65	5.37953
19	60	5.37508
18	61	5.37508
64	99	5.37356
65	98	5.37356
20	63	5.37012
21	62	5.37012
83	86	-5.36485
82	87	-5.36485
37	90	5.36004
36	91	5.36004
49	92	5.34772
48	93	5.34772
35	38	5.34114
34	39	5.34114
37	80	5.34084
36	81	5.34084
86	97	-5.33841
87	96	-5.33841
45	88	5.33019
44	89	5.33019
18	79	5.32363
19	78	5.32363
15	54	5.31426
14	55	5.31426
8	51	5.31264
9	50	5.31264
8	31	5.30653
9	30	5.30653
18	91	5.3023
19	90	5.3023
6	93	-5.30086
7	92	-5.30086
80	99	5.296
81	98	5.296
6	79	-5.28815
7	78	-5.28815
9	58	5.28303
8	59	5.28303
34	51	5.28241
35	50	5.28241
2	59	5.28198
3	58	5.28198
6	17	-5.28004
7	16	-5.28004
60	99	5.28002
61	98	5.28002
3	30	5.27859
2	31	5.27859
49	90	5.27571
48	91	5.27571
26	59	5.27494
27	58	5.27494
18	93	5.2744
19	92	5.2744
1	50	-5.26999
0	51	-5.26999
42	63	5.26333
43	62	5.26333
63	76	5.26251
62	77	5.26251
51	88	-5.25928
50	89	-5.25928
48	87	5.24555
49	86	5.24555
0	43	-5.24505
1	42	-5.24505
38	41	5.24346
39	40	5.24346
12	37	5.24156
13	36	5.24156
28	89	-5.22964
29	88	-5.22964
83	88	-5.22292
82	89	-5.22292
5	88	-5.22188
4	89	-5.22188
58	89	-5.21983
59	88	-5.21983
9	62	5.21792
8	63	5.21792
24	39	5.21569
25	38	5.21569
49	98	5.21415
48	99	5.21415
84	95	5.21282
85	94	5.21282
0	85	5.20569
1	84	5.20569
48	79	5.19064
49	78	5.19064
18	27	-5.17953
19	26	-5.17953
18	59	-5.17324
19	58	-5.17324
23	54	5.17209
22	55	5.17209
4	9	5.1703
5	8	5.1703
37	60	5.1695
36	61	5.1695
27	30	5.16325
26	31	5.16325
50	55	5.16177
51	54	5.16177
91	94	5.154
90	95	5.154
16	51	-5.14983
17	50	-5.14983
50	85	-5.14949
51	84	-5.14949
15	34	5.14259
14	35	5.14259
36	89	5.1399
37	88	5.1399
89	90	5.13732
88	91	5.13732
0	11	-5.13525
1	10	-5.13525
36	65	5.128
37	64	5.128
35	58	5.12628
34	59	5.12628
27	36	-5.12389
26	37	-5.12389
30	89	-5.11155
31	88	-5.11155
30	35	5.1023
31	34	5.1023
11	18	-5.10159
10	19	-5.10159
5	26	5.09812
4	27	5.09812
88	97	-5.09219
89	96	-5.09219
4	45	-5.07683
5	44	-5.07683
5	78	-5.07651
4	79	-5.07651
18	99	5.07383
19	98	5.07383
29	86	-5.06923
28	87	-5.06923
90	93	5.06791
91	92	5.06791
4	19	-5.06671
5	18	-5.06671
3	50	5.05086
2	51	5.05086
48	89	5.04239
49	88	5.04239
2	13	-5.04048
3	12	-5.04048
48	85	5.03239
49	84	5.03239
58	79	-5.02308
59	78	-5.02308
19	42	-5.02164
18	43	-5.02164
2	85	-5.01803
3	84	-5.01803
54	71	5.01613
55	70	5.01613
86	99	5.01449
87	98	5.01449
8	39	5.01261
9	38	5.01261
18	31	-5.01202
19	30	-5.01202
80	95	5.01195
81	94	5.01195
36	51	-5.00893
37	50	-5.00893
23	34	5.00537
22	35	5.00537
12	83	-5.00406
13	82	-5.00406
16	85	5.00036
17	84	5.00036
12	17	4.99544
13	16	4.99544
27	94	-4.99215
26	95	-4.99215
4	35	4.97637
5	34	4.97637
18	33	-4.97452
19	32	-4.97452
54	59	4.97194
55	58	4.97194
50	79	-4.96996
51	78	-4.96996
79	90	4.96853
78	91	4.96853
59	84	-4.96843
58	85	-4.96843
27	38	4.96705
26	39	4.96705
47	54	4.96222
46	55	4.96222
10	63	4.9609
11	62	4.9609
6	53	-4.95998
7	52	-4.95998
30	79	-4.94894
31	78	-4.94894
30	45	-4.94082
31	44	-4.94082
5	98	-4.9393
4	99	-4.9393
31	54	4.93862
30	55	4.93862
49	82	-4.93617
48	83	-4.93617
45	58	-4.93355
44	59	-4.93355
17	18	4.92917
16	19	4.92917
17	32	-4.9245
16	33	-4.9245
5	92	-4.92388
4	93	-4.92388
7	88	-4.91982
6	89	-4.91982
42	75	-4.91303
43	74	-4.91303
2	19	-4.91225
3	18	-4.91225
1	54	-4.91176
0	55	-4.91176
4	85	-4.90895
5	84	-4.90895
12	45	4.90778
13	44	4.90778
86	93	4.90607
87	92	4.90607
13	28	-4.8973
12	29	-4.8973
38	43	4.89616
39	42	4.89616
0	59	-4.89602
1	58	-4.89602
74	87	4.89597
75	86	4.89597
1	32	-4.89397
0	33	-4.89397
41	62	4.89095
40	63	4.89095
1	34	-4.88574
0	35	-4.88574
12	95	4.87731
13	94	4.87731
59	92	-4.87323
58	93	-4.87323
27	74	-4.87238
26	75	-4.87238
13	96	-4.86777
12	97	-4.86777
1	88	4.86734
0	89	4.86734
6	69	-4.86485
7	68	-4.86485
10	75	-4.8626
11	74	-4.8626
64	83	-4.86182
65	82	-4.86182
25	62	4.8609
24	63	4.8609
54	67	-4.86066
55	66	-4.86066
59	98	-4.86034
58	99	-4.86034
60	95	4.85319
61	94	4.85319
49	72	4.85239
48	73	4.85239
35	70	4.85229
34	71	4.85229
52	63	-4.84579
53	62	-4.84579
6	57	-4.84261
7	56	-4.84261
34	75	-4.84006
35	74	-4.84006
30	85	-4.83726
31	84	-4.83726
55	68	-4.83675
54	69	-4.83675
12	51	-4.83575
13	50	-4.83575
54	57	-4.83272
55	56	-4.83272
50	93	-4.83168
51	92	-4.83168
44	85	4.83127
45	84	4.83127
35	66	-4.82826
34	67	-4.82826
91	98	4.82677
90	99	4.82677
62	69	-4.82611
63	68	-4.82611
56	63	-4.82541
57	62	-4.82541
33	88	-4.82449
32	89	-4.82449
54	75	-4.82435
55	74	-4.82435
44	87	4.82029
45	86	4.82029
8	15	4.81972
9	14	4.81972
5	54	4.8187
4	55	4.8187
36	43	-4.81605
37	42	-4.81605
1	80	4.81517
0	81	4.81517
39	86	-4.8127
38	87	-4.8127
14	87	-4.81229
15	86	-4.81229
10	89	-4.81029
11	88	-4.81029
31	98	-4.80717
30	99	-4.80717
2	33	4.80698
3	32	4.80698
36	79	4.80595
37	78	4.80595
14	27	4.80435
15	26	4.80435
62	67	-4.80342
63	66	-4.80342
31	92	-4.80305
30	93	-4.80305
48	97	-4.80283
49	96	-4.80283
6	49	-4.80273
7	48	-4.80273
64	95	4.80019
65	94	4.80019
4	29	4.79919
5	28	4.79919
35	46	4.79571
34	47	4.79571
79	86	4.79243
78	87	4.79243
34	69	-4.79232
35	68	-4.79232
83	84	-4.78891
82	85	-4.78891
35	56	-4.7878
34	57	-4.7878
53	54	-4.78474
52	55	-4.78474
7	66	-4.7833
6	67	-4.7833
63	86	-4.78306
62	87	-4.78306
0	63	-4.78246
1	62	-4.78246
0	13	4.78238
1	12	4.78238
60	83	-4.78096
61	82	-4.78096
1	90	4.78073
0	91	4.78073
33	74	-4.78063
32	75	-4.78063
37	92	4.77989
36	93	4.77989
11	16	-4.77951
10	17	-4.77951
89	94	4.77841
88	95	4.77841
22	87	-4.7776
23	86	-4.7776
2	65	-4.77727
3	64	-4.77727
10	37	-4.77723
11	36	-4.77723
81	82	-4.77092
80	83	-4.77092
6	13	-4.76813
7	12	-4.76813
29	84	-4.76651
28	85	-4.76651
11	84	-4.76647
10	85	-4.76647
52	97	-4.76571
53	96	-4.76571
32	63	4.76458
33	62	4.76458
51	98	-4.76444
50	99	-4.76444
8	75	-4.76279
9	74	-4.76279
1	4	-4.75883
0	5	-4.75883
12	59	-4.75346
13	58	-4.75346
46	87	-4.75246
47	86	-4.75246
1	30	-4.75158
0	31	-4.75158
26	67	-4.74967
27	66	-4.74967
39	52	-4.74808
38	53	-4.74808
70	87	-4.7479
71	86	-4.7479
63	72	-4.74762
62	73	-4.74762
3	80	-4.74743
2	81	-4.74743
53	82	-4.74603
52	83	-4.74603
50	75	-4.74113
51	74	-4.74113
5	12	-4.73908
4	13	-4.73908
42	67	-4.7365
43	66	-4.7365
6	73	-4.7364
7	72	-4.7364
65	96	-4.73377
64	97	-4.73377
55	76	4.7319
54	77	4.7319
16	65	4.73014
17	64	4.73014
77	82	4.7278
76	83	4.7278
26	57	-4.72753
27	56	-4.72753
34	53	-4.72425
35	52	-4.72425
26	85	-4.72397
27	84	-4.72397
20	55	4.72235
21	54	4.72235
38	69	-4.7222
39	68	-4.7222
48	53	4.72035
49	52	4.72035
27	68	-4.71761
26	69	-4.71761
38	57	-4.71729
39	56	-4.71729
32	85	-4.71484
33	84	-4.71484
9	22	4.71432
8	23	4.71432
15	42	4.71143
14	43	4.71143
28	65	-4.71061
29	64	-4.71061
24	93	-4.70904
25	92	-4.70904
50	95	-4.70788
51	94	-4.70788
16	81	4.70714
17	80	4.70714
45	50	-4.70475
44	51	-4.70475
40	93	-4.70412
41	92	-4.70412
50	81	-4.70123
51	80	-4.70123
29	48	-4.70119
28	49	-4.70119
15	52	-4.70036
14	53	-4.70036
39	66	-4.69631
38	67	-4.69631
3	60	-4.6942
2	61	-4.6942
6	77	4.69128
7	76	4.69128
21	86	-4.69112
20	87	-4.69112
77	96	4.68938
76	97	4.68938
43	56	-4.68683
42	57	-4.68683
18	45	4.68576
19	44	4.68576
9	66	-4.6851
8	67	-4.6851
45	64	4.68339
44	65	4.68339
24	99	-4.68323
25	98	-4.68323
42	69	-4.68315
43	68	-4.68315
40	99	-4.67958
41	98	-4.67958
84	97	-4.67943
85	96	-4.67943
37	58	-4.67915
36	59	-4.67915
7	64	-4.67847
6	65	-4.67847
3	10	4.67331
2	11	4.67331
25	78	-4.6688
24	79	-4.6688
28	31	4.6686
29	30	4.6686
28	59	4.66804
29	58	4.66804
68	97	-4.66614
69	96	-4.66614
13	30	-4.66553
12	31	-4.66553
14	69	-4.66425
15	68	-4.66425
26	53	-4.66375
27	52	-4.66375
60	97	-4.66293
61	96	-4.66293
40	79	-4.6618
41	78	-4.6618
15	56	-4.66086
14	57	-4.66086
81	96	-4.65913
80	97	-4.65913
28	81	-4.65479
29	80	-4.65479
70	83	4.65326
71	82	4.65326
1	8	-4.65158
0	9	-4.65158
17	60	4.65085
16	61	4.65085
76	99	-4.65041
77	98	-4.65041
6	71	4.64834
7	70	4.64834
57	96	-4.6462
56	97	-4.6462
6	23	4.64535
7	22	4.64535
62	75	-4.64135
63	74	-4.64135
44	81	4.64121
45	80	4.64121
1	60	4.64112
0	61	4.64112
42	85	-4.64079
43	84	-4.64079
76	87	-4.64079
77	86	-4.64079
22	53	-4.63879
23	52	-4.63879
64	87	4.63674
65	86	4.63674
69	82	-4.63662
68	83	-4.63662
27	72	-4.63536
26	73	-4.63536
29	60	-4.63436
28	61	-4.63436
14	67	-4.63399
15	66	-4.63399
9	68	-4.63335
8	69	-4.63335
2	49	-4.62992
3	48	-4.62992
42	95	-4.62846
43	94	-4.62846
22	27	4.62762
23	26	4.62762
8	57	-4.62629
9	56	-4.62629
44	49	4.62528
45	48	4.62528
23	82	4.62489
22	83	4.62489
28	77	4.62321
29	76	4.62321
6	61	-4.61851
7	60	-4.61851
11	38	4.61836
10	39	4.61836
56	83	-4.61769
57	82	-4.61769
1	64	4.6168
0	65	4.6168
70	97	4.61619
71	96	4.61619
58	75	-4.61575
59	74	-4.61575
46	83	4.61026
47	82	4.61026
23	68	-4.60963
22	69	-4.60963
36	99	4.60897
37	98	4.60897
42	89	-4.6082
43	88	-4.6082
39	72	-4.6077
38	73	-4.6077
23	56	-4.60497
22	57	-4.60497
44	61	4.60435
45	60	4.60435
51	62	4.60386
50	63	4.60386
32	37	-4.60109
33	36	-4.60109
59	80	-4.6005
58	81	-4.6005
7	80	-4.60039
6	81	-4.60039
50	65	-4.59901
51	64	-4.59901
10	67	-4.59879
11	66	-4.59879
42	53	-4.59833
43	52	-4.59833
23	96	4.59732
22	97	4.59732
32	79	-4.59384
33	78	-4.59384
52	71	-4.59346
53	70	-4.59346
15	72	-4.59343
14	73	-4.59343
26	89	-4.59263
27	88	-4.59263
46	53	-4.59194
47	52	-4.59194
72	97	-4.59096
73	96	-4.59096
35	76	4.59082
34	77	4.59082
7	46	4.58977
6	47	4.58977
72	83	-4.58897
73	82	-4.58897
67	96	-4.58607
66	97	-4.58607
23	66	-4.58494
22	67	-4.58494
61	86	4.58398
60	87	4.58398
48	69	4.58354
49	68	4.58354
9	70	4.58321
8	71	4.58321
6	15	4.58172
7	14	4.58172
54	73	-4.58086
55	72	-4.58086
51	60	-4.58084
50	61	-4.58084
16	49	4.57947
17	48	4.57947
49	56	4.57904
48	57	4.57904
31	74	-4.57816
30	75	-4.57816
9	90	-4.57782
8	91	-4.57782
18	49	4.57766
19	48	4.57766
2	87	-4.57716
3	86	-4.57716
4	83	4.57695
5	82	4.57695
25	88	-4.57658
24	89	-4.57658
13	24	-4.57636
12	25	-4.57636
24	75	-4.57262
25	74	-4.57262
7	38	4.57257
6	39	4.57257
18	29	-4.57198
19	28	-4.57198
76	93	-4.57178
77	92	-4.57178
4	81	-4.5713
5	80	-4.5713
4	37	-4.57124
5	36	-4.57124
21	34	4.57085
20	35	4.57085
12	41	-4.57021
13	40	-4.57021
21	98	-4.56888
20	99	-4.56888
13	86	4.56708
12	87	4.56708
20	49	-4.56679
21	48	-4.56679
68	71	-4.56539
69	70	-4.56539
40	89	-4.56513
41	88	-4.56513
20	93	-4.56358
21	92	-4.56358
7	84	-4.56233
6	85	-4.56233
46	97	4.562
47	96	4.562
19	34	-4.56164
18	35	-4.56164
56	71	-4.56164
57	70	-4.56164
22	43	4.56133
23	42	4.56133
40	75	-4.55928
41	74	-4.55928
1	74	4.55898
0	75	4.55898
47	68	-4.55491
46	69	-4.55491
46	57	-4.55341
47	56	-4.55341
67	82	-4.55228
66	83	-4.55228
77	78	-4.55122
76	79	-4.55122
58	65	-4.55071
59	64	-4.55071
9	52	-4.54753
8	53	-4.54753
14	83	4.5456
15	82	4.5456
8	19	-4.54442
9	18	-4.54442
4	65	-4.54388
5	64	-4.54388
41	86	-4.54373
40	87	-4.54373
67	70	-4.54328
66	71	-4.54328
39	74	-4.54246
38	75	-4.54246
11	94	-4.54226
10	95	-4.54226
11	78	-4.54151
10	79	-4.54151
47	98	-4.54094
46	99	-4.54094
45	76	-4.54065
44	77	-4.54065
70	99	-4.54007
71	98	-4.54007
30	37	-4.53898
31	36	-4.53898
11	56	-4.5382
10	57	-4.5382
25	86	-4.53548
24	87	-4.53548
11	68	-4.53443
10	69	-4.53443
79	94	4.53078
78	95	4.53078
4	97	4.52992
5	96	4.52992
54	87	-4.52957
55	86	-4.52957
21	82	4.52954
20	83	4.52954
31	80	-4.52925
30	81	-4.52925
44	95	4.52921
45	94	4.52921
46	67	-4.52826
47	66	-4.52826
9	46	4.52634
8	47	4.52634
58	61	-4.52607
59	60	-4.52607
28	95	-4.52576
29	94	-4.52576
21	72	-4.52555
20	73	-4.52555
75	76	-4.52434
74	77	-4.52434
5	74	-4.524
4	75	-4.524
20	53	-4.52325
21	52	-4.52325
1	78	4.52302
0	79	4.52302
16	37	4.52261
17	36	4.52261
2	37	-4.52153
3	36	-4.52153
14	97	4.52001
15	96	4.52001
34	37	-4.51979
35	36	-4.51979
41	82	4.51727
40	83	4.51727
18	83	-4.51707
19	82	-4.51707
46	73	-4.51695
47	72	-4.51695
25	82	4.51493
24	83	4.51493
4	61	-4.51329
5	60	-4.51329
17	42	-4.51268
16	43	-4.51268
23	72	-4.51142
22	73	-4.51142
25	64	-4.51125
24	65	-4.51125
28	71	4.51112
29	70	4.51112
40	49	-4.51111
41	48	-4.51111
35	72	-4.50981
34	73	-4.50981
41	64	-4.50932
40	65	-4.50932
37	54	-4.50804
36	55	-4.50804
28	53	-4.50537
29	52	-4.50537
39	82	4.50367
38	83	4.50367
18	55	-4.5035
19	54	-4.5035
24	49	-4.50286
25	48	-4.50286
31	64	-4.50168
30	65	-4.50168
14	75	-4.50121
15	74	-4.50121
20	79	-4.50003
21	78	-4.50003
48	67	4.4995
49	66	4.4995
92	95	4.49948
93	94	4.49948
53	76	-4.49798
52	77	-4.49798
27	70	4.49762
26	71	4.49762
13	32	-4.49655
12	33	-4.49655
83	90	-4.49388
82	91	-4.49388
50	91	-4.49361
51	90	-4.49361
38	97	4.49338
39	96	4.49338
47	92	-4.49279
46	93	-4.49279
27	46	4.49194
26	47	4.49194
32	45	-4.49192
33	44	-4.49192
33	66	-4.4919
32	67	-4.4919
69	76	-4.4913
68	77	-4.4913
23	74	-4.49003
22	75	-4.49003
57	76	-4.48717
56	77	-4.48717
71	74	-4.48605
70	75	-4.48605
66	77	-4.48574
67	76	-4.48574
11	12	-4.48475
10	13	-4.48475
31	60	-4.48102
30	61	-4.48102
21	56	-4.48035
20	57	-4.48035
71	72	-4.4788
70	73	-4.4788
28	51	4.47855
29	50	4.47855
3	94	-4.47825
2	95	-4.47825
20	69	-4.47764
21	68	-4.47764
23	28	4.47752
22	29	4.47752
94	97	-4.47659
95	96	-4.47659
33	92	-4.47619
32	93	-4.47619
16	87	4.4759
17	86	4.4759
71	92	-4.47302
70	93	-4.47302
23	98	-4.47208
22	99	-4.47208
81	86	4.47193
80	87	4.47193
47	74	-4.47159
46	75	-4.47159
59	82	4.47076
58	83	4.47076
33	38	4.47059
32	39	4.47059
42	73	-4.47028
43	72	-4.47028
16	95	4.46948
17	94	4.46948
6	21	4.46938
7	20	4.46938
7	94	-4.46615
6	95	-4.46615
6	91	-4.4658
7	90	-4.4658
54	95	-4.46559
55	94	-4.46559
86	89	4.46516
87	88	4.46516
1	16	4.46423
0	17	4.46423
25	60	-4.4631
24	61	-4.4631
41	60	-4.4613
40	61	-4.4613
20	97	4.46085
21	96	4.46085
3	76	4.46041
2	77	4.46041
1	92	4.46029
0	93	4.46029
28	47	4.45993
29	46	4.45993
40	73	-4.45981
41	72	-4.45981
25	72	-4.45948
24	73	-4.45948
30	83	4.45806
31	82	4.45806
1	72	4.45776
0	73	4.45776
25	80	-4.45509
24	81	-4.45509
37	44	4.45501
36	45	4.45501
10	15	4.45468
11	14	4.45468
24	53	-4.45174
25	52	-4.45174
40	53	-4.45159
41	52	-4.45159
41	80	-4.45067
40	81	-4.45067
21	66	-4.44912
20	67	-4.44912
91	96	-4.44842
90	97	-4.44842
33	80	-4.44722
32	81	-4.44722
8	37	-4.44645
9	36	-4.44645
24	57	-4.44627
25	56	-4.44627
40	57	-4.44336
41	56	-4.44336
19	96	-4.44328
18	97	-4.44328
35	94	-4.44294
34	95	-4.44294
25	84	-4.44164
24	85	-4.44164
46	79	-4.44118
47	78	-4.44118
25	68	-4.44032
24	69	-4.44032
35	86	-4.4403
34	87	-4.4403
10	53	-4.4398
11	52	-4.4398
46	49	-4.43895
47	48	-4.43895
33	98	-4.43837
32	99	-4.43837
24	67	-4.43796
25	66	-4.43796
40	69	-4.43762
41	68	-4.43762
41	96	4.4353
40	97	4.4353
0	39	-4.43429
1	38	-4.43429
10	81	-4.43393
11	80	-4.43393
41	66	-4.43345
40	67	-4.43345
42	71	4.43296
43	70	4.43296
24	97	4.43273
25	96	4.43273
21	74	-4.43075
20	75	-4.43075
41	84	-4.43056
40	85	-4.43056
70	79	-4.43019
71	78	-4.43019
10	93	-4.42853
11	92	-4.42853
58	95	-4.42847
59	94	-4.42847
32	57	-4.42736
33	56	-4.42736
1	2	-4.42724
0	3	-4.42724
32	69	-4.42513
33	68	-4.42513
2	43	4.42373
3	42	4.42373
59	96	4.4212
58	97	4.4212
32	91	-4.42083
33	90	-4.42083
95	98	4.41731
94	99	4.41731
28	37	-4.41649
29	36	-4.41649
30	97	4.41609
31	96	4.41609
28	69	-4.41491
29	68	-4.41491
6	41	4.41112
7	40	4.41112
7	24	4.40701
6	25	4.40701
42	47	4.40577
43	46	4.40577
83	94	-4.40519
82	95	-4.40519
13	20	-4.40437
12	21	-4.40437
58	63	4.4036
59	62	4.4036
44	71	-4.40279
45	70	-4.40279
16	77	-4.40265
17	76	-4.40265
62	95	-4.40081
63	94	-4.40081
22	93	-4.40065
23	92	-4.40065
1	66	4.4002
0	67	4.4002
58	91	-4.40014
59	90	-4.40014
33	60	-4.39942
32	61	-4.39942
28	57	-4.39907
29	56	-4.39907
24	29	4.39861
25	28	4.39861
29	40	4.39851
28	41	4.39851
20	65	-4.39825
21	64	-4.39825
28	73	-4.39819
29	72	-4.39819
11	90	-4.39584
10	91	-4.39584
51	66	-4.39405
50	67	-4.39405
33	64	-4.39266
32	65	-4.39266
1	56	4.39225
0	57	4.39225
15	28	4.38919
14	29	4.38919
29	90	-4.38816
28	91	-4.38816
6	63	4.38764
7	62	4.38764
14	99	-4.38656
15	98	-4.38656
9	76	4.38498
8	77	4.38498
21	28	4.38052
20	29	4.38052
0	69	4.37814
1	68	4.37814
3	24	4.37759
2	25	4.37759
19	74	4.37734
18	75	4.37734
11	44	-4.37718
10	45	-4.37718
10	99	-4.37623
11	98	-4.37623
33	94	-4.37377
32	95	-4.37377
31	62	4.37224
30	63	4.37224
17	26	-4.37132
16	27	-4.37132
3	40	4.3712
2	41	4.3712
76	89	-4.37079
77	88	-4.37079
12	27	-4.3704
13	26	-4.3704
86	91	4.37005
87	90	4.37005
49	70	-4.3693
48	71	-4.3693
30	91	-4.36716
31	90	-4.36716
52	99	4.36535
53	98	4.36535
72	77	-4.36349
73	76	-4.36349
25	44	-4.363
24	45	-4.363
14	49	-4.36238
15	48	-4.36238
2	91	-4.36138
3	90	-4.36138
40	45	-4.36036
41	44	-4.36036
9	84	-4.35987
8	85	-4.35987
22	45	-4.35898
23	44	-4.35898
44	47	-4.35897
45	46	-4.35897
5	90	-4.35823
4	91	-4.35823
4	95	-4.3582
5	94	-4.3582
11	60	-4.35658
10	61	-4.35658
22	79	-4.35658
23	78	-4.35658
8	21	4.35642
9	20	4.35642
9	60	-4.35559
8	61	-4.35559
20	61	-4.35502
21	60	-4.35502
5	6	4.35306
4	7	4.35306
21	26	4.35304
20	27	4.35304
28	39	4.35173
29	38	4.35173
21	88	-4.35079
20	89	-4.35079
11	64	-4.34992
10	65	-4.34992
37	96	-4.34945
36	97	-4.34945
8	81	-4.34913
9	80	-4.34913
13	42	-4.34817
12	43	-4.34817
42	79	-4.34731
43	78	-4.34731
4	49	-4.34709
5	48	-4.34709
28	67	-4.34675
29	66	-4.34675
23	48	-4.34591
22	49	-4.34591
27	80	-4.34556
26	81	-4.34556
0	53	4.34544
1	52	4.34544
40	55	4.34395
41	54	4.34395
37	48	4.34332
36	49	4.34332
37	74	4.34326
36	75	4.34326
1	98	4.34102
0	99	4.34102
50	57	-4.33933
51	56	-4.33933
0	15	-4.33905
1	14	-4.33905
35	90	-4.33886
34	91	-4.33886
42	91	-4.33836
43	90	-4.33836
36	83	-4.33766
37	82	-4.33766
16	25	-4.33593
17	24	-4.33593
11	22	4.33472
10	23	4.33472
50	83	4.33346
51	82	4.33346
30	49	-4.33248
31	48	-4.33248
51	68	-4.33236
50	69	-4.33236
9	94	-4.33188
8	95	-4.33188
32	53	-4.33162
33	52	-4.33162
9	72	-4.3313
8	73	-4.3313
17	90	4.32964
16	91	4.32964
44	91	4.32949
45	90	4.32949
36	63	-4.32944
37	62	-4.32944
16	41	-4.32887
17	40	-4.32887
6	19	-4.3282
7	18	-4.3282
42	81	-4.32736
43	80	-4.32736
10	73	-4.32681
11	72	-4.32681
15	32	4.3262
14	33	4.3262
31	94	-4.32596
30	95	-4.32596
15	92	-4.32547
14	93	-4.32547
24	55	4.3241
25	54	4.3241
0	45	4.31312
1	44	4.31312
21	80	-4.31255
20	81	-4.31255
9	64	-4.30938
8	65	-4.30938
7	36	-4.30917
6	37	-4.30917
26	91	-4.30866
27	90	-4.30866
26	79	-4.30826
27	78	-4.30826
72	99	4.30804
73	98	4.30804
21	44	-4.30497
20	45	-4.30497
2	71	4.30409
3	70	4.30409
2	27	4.30332
3	26	4.30332
45	52	4.30233
44	53	4.30233
39	98	-4.30178
38	99	-4.30178
39	50	4.29997
38	51	4.29997
63	82	4.2996
62	83	4.2996
74	95	4.29952
75	94	4.29952
48	77	-4.29903
49	76	-4.29903
13	76	-4.29728
12	77	-4.29728
62	97	4.29674
63	96	4.29674
27	86	-4.29491
26	87	-4.29491
5	62	4.29348
4	63	4.29348
38	49	-4.29032
39	48	-4.29032
48	59	-4.28637
49	58	-4.28637
53	92	4.28448
52	93	4.28448
28	33	4.28391
29	32	4.28391
9	86	-4.28191
8	87	-4.28191
34	85	-4.28189
35	84	-4.28189
51	96	4.27988
50	97	4.27988
9	16	-4.2793
8	17	-4.2793
12	47	-4.27805
13	46	-4.27805
15	78	-4.27621
14	79	-4.27621
9	88	-4.27572
8	89	-4.27572
3	46	4.27542
2	47	4.27542
14	45	-4.26967
15	44	-4.26967
47	88	-4.26901
46	89	-4.26901
7	74	-4.26737
6	75	-4.26737
58	67	-4.26708
59	66	-4.26708
68	99	4.26603
69	98	4.26603
6	59	4.26342
7	58	4.26342
47	64	-4.26342
46	65	-4.26342
55	90	-4.26062
54	91	-4.26062
84	87	4.25964
85	86	4.25964
2	21	4.25955
3	20	4.25955
45	72	4.25926
44	73	4.25926
6	31	4.25891
7	30	4.25891
43	92	-4.25871
42	93	-4.25871
27	76	4.2578
26	77	4.2578
18	25	-4.25763
19	24	-4.25763
20	43	4.25639
21	42	4.25639
73	92	4.25622
72	93	4.25622
56	99	4.25517
57	98	4.25517
70	89	-4.25097
71	88	-4.25097
72	95	4.24988
73	94	4.24988
43	60	-4.24986
42	61	-4.24986
51	52	-4.24935
50	53	-4.24935
2	23	4.2492
3	22	4.2492
17	70	-4.24731
16	71	-4.24731
9	12	-4.24512
8	13	-4.24512
18	41	-4.2451
19	40	-4.2451
30	67	-4.245
31	66	-4.245
35	40	4.2414
34	41	4.2414
67	94	4.23876
66	95	4.23876
9	48	-4.23871
8	49	-4.23871
64	77	-4.2383
65	76	-4.2383
13	70	-4.23822
12	71	-4.23822
38	95	-4.23719
39	94	-4.23719
42	65	-4.23662
43	64	-4.23662
10	71	4.23588
11	70	4.23588
38	93	-4.23576
39	92	-4.23576
26	93	-4.23533
27	92	-4.23533
27	60	-4.23437
26	61	-4.23437
49	62	-4.23434
48	63	-4.23434
32	73	-4.23315
33	72	-4.23315
42	87	-4.2327
43	86	-4.2327
23	32	4.23044
22	33	4.23044
1	28	-4.229
0	29	-4.229
56	95	4.22868
57	94	4.22868
42	77	4.22696
43	76	4.22696
20	85	-4.22682
21	84	-4.22682
38	45	-4.22673
39	44	-4.22673
27	64	-4.22615
26	65	-4.22615
45	68	4.22587
44	69	4.22587
25	34	4.22493
24	35	4.22493
68	95	4.22467
69	94	4.22467
46	61	-4.22442
47	60	-4.22442
1	22	-4.22428
0	23	-4.22428
18	63	-4.22309
19	62	-4.22309
25	90	-4.22239
24	91	-4.22239
17	46	-4.22152
16	47	-4.22152
41	90	-4.22084
40	91	-4.22084
7	54	4.22019
6	55	4.22019
55	84	-4.21997
54	85	-4.21997
64	71	-4.21759
65	70	-4.21759
45	56	4.21475
44	57	4.21475
52	79	4.21392
53	78	4.21392
56	59	-4.21364
57	58	-4.21364
10	47	4.21321
11	46	4.21321
16	21	-4.21251
17	20	-4.21251
32	49	-4.20946
33	48	-4.20946
59	68	-4.20919
58	69	-4.20919
43	98	-4.20833
42	99	-4.20833
34	89	-4.20779
35	88	-4.20779
3	8	4.20501
2	9	4.20501
74	91	4.20226
75	90	4.20226
10	29	4.20186
11	28	4.20186
67	98	4.20169
66	99	4.20169
52	95	4.19854
53	94	4.19854
61	76	-4.19851
60	77	-4.19851
51	72	-4.19703
50	73	-4.19703
16	23	-4.1949
17	22	-4.1949
38	79	-4.19395
39	78	-4.19395
31	56	-4.19362
30	57	-4.19362
69	92	4.19289
68	93	4.19289
42	45	-4.19169
43	44	-4.19169
14	51	4.19066
15	50	4.19066
5	66	-4.19011
4	67	-4.19011
31	68	-4.18978
30	69	-4.18978
47	80	-4.18902
46	81	-4.18902
66	91	4.18731
67	90	4.18731
65	72	4.1871
64	73	4.1871
77	80	-4.18669
76	81	-4.18669
57	92	4.18463
56	93	4.18463
23	88	-4.18406
22	89	-4.18406
60	71	-4.1821
61	70	-4.1821
37	66	4.18138
36	67	4.18138
72	79	4.18116
73	78	4.18116
12	23	-4.18039
13	22	-4.18039
49	50	-4.17968
48	51	-4.17968
17	34	-4.17803
16	35	-4.17803
53	64	4.1768
52	65	4.1768
77	84	-4.17514
76	85	-4.17514
38	59	4.17487
39	58	4.17487
68	91	4.17415
69	90	4.17415
45	66	4.17292
44	67	4.17292
14	95	-4.17277
15	94	-4.17277
35	80	-4.17259
34	81	-4.17259
22	65	-4.17254
23	64	-4.17254
27	98	-4.16839
26	99	-4.16839
75	84	4.16714
74	85	4.16714
28	63	4.16632
29	62	4.16632
6	35	4.1663
7	34	4.1663
48	75	4.16593
49	74	4.16593
3	14	4.16553
2	15	4.16553
37	72	4.16542
36	73	4.16542
57	90	4.16313
56	91	4.16313
61	72	4.16255
60	73	4.16255
36	57	4.16184
37	56	4.16184
53	60	4.16178
52	61	4.16178
31	38	4.16067
30	39	4.16067
53	90	4.15989
52	91	4.15989
1	46	-4.15892
0	47	-4.15892
7	50	4.15589
6	51	4.15589
36	69	4.15576
37	68	4.15576
0	71	-4.15426
1	70	-4.15426
49	94	4.15347
48	95	4.15347
71	80	-4.15303
70	81	-4.15303
35	60	-4.15215
34	61	-4.15215
32	83	4.15214
33	82	4.15214
33	70	4.15091
32	71	4.15091
55	88	-4.14759
54	89	-4.14759
21	90	-4.14539
20	91	-4.14539
5	56	-4.14411
4	57	-4.14411
14	65	-4.14368
15	64	-4.14368
75	96	-4.14359
74	97	-4.14359
23	60	-4.14287
22	61	-4.14287
0	97	-4.1417
1	96	-4.1417
37	38	-4.14019
36	39	-4.14019
4	69	-4.14012
5	68	-4.14012
22	95	-4.13859
23	94	-4.13859
68	79	4.13771
69	78	4.13771
13	14	-4.13719
12	15	-4.13719
66	93	4.13705
67	92	4.13705
52	59	-4.13696
53	58	-4.13696
9	40	4.13312
8	41	4.13312
32	47	4.13124
33	46	4.13124
55	96	4.13087
54	97	4.13087
57	78	4.13043
56	79	4.13043
74	89	4.12907
75	88	4.12907
63	98	-4.1282
62	99	-4.1282
46	85	-4.12769
47	84	-4.12769
3	52	-4.12722
2	53	-4.12722
0	83	-4.12676
1	82	-4.12676
33	96	4.12634
32	97	4.12634
2	35	4.12448
3	34	4.12448
14	89	-4.124
15	88	-4.124
30	53	-4.12289
31	52	-4.12289
26	45	-4.12225
27	44	-4.12225
9	24	4.12216
8	25	4.12216
34	65	-4.12202
35	64	-4.12202
2	73	-4.12165
3	72	-4.12165
75	82	-4.12076
74	83	-4.12076
65	68	4.11943
64	69	4.11943
3	38	4.11913
2	39	4.11913
14	17	-4.11906
15	16	-4.11906
37	52	4.11903
36	53	4.11903
14	61	-4.11753
15	60	-4.11753
9	78	-4.11725
8	79	-4.11725
13	72	4.11712
12	73	4.11712
13	34	-4.11666
12	35	-4.11666
22	51	4.11533
23	50	4.11533
61	68	4.1151
60	69	4.1151
18	67	4.11339
19	66	4.11339
56	65	4.11253
57	64	4.11253
54	83	4.1125
55	82	4.1125
23	80	-4.11228
22	81	-4.11228
16	55	-4.11181
17	54	-4.11181
54	81	-4.1113
55	80	-4.1113
10	21	4.11047
11	20	4.11047
31	72	-4.11002
30	73	-4.11002
1	20	-4.10937
0	21	-4.10937
12	53	4.10858
13	52	4.10858
57	60	4.1078
56	61	4.1078
5	38	4.1074
4	39	4.1074
10	87	-4.10699
11	86	-4.10699
59	72	-4.10619
58	73	-4.10619
0	7	-4.10578
1	6	-4.10578
10	83	4.10367
11	82	4.10367
70	85	-4.10284
71	84	-4.10284
10	49	-4.10278
11	48	-4.10278
11	76	4.10107
10	77	4.10107
70	95	-4.10025
71	94	-4.10025
27	40	4.09669
26	41	4.09669
16	73	4.09352
17	72	4.09352
15	58	4.09321
14	59	4.09321
6	9	4.09315
7	8	4.09315
53	80	4.0931
52	81	4.0931
66	79	4.09279
67	78	4.09279
77	94	-4.09267
76	95	-4.09267
60	67	4.09254
61	66	4.09254
54	61	-4.09163
55	60	-4.09163
63	92	-4.09072
62	93	-4.09072
18	57	4.09055
19	56	4.09055
65	66	4.09
64	67	4.09
35	96	4.08862
34	97	4.08862
72	81	4.08752
73	80	4.08752
24	27	4.08744
25	26	4.08744
38	65	-4.08541
39	64	-4.08541
5	24	4.08473
4	25	4.08473
34	49	-4.08367
35	48	-4.08367
18	69	4.08345
19	68	4.08345
14	31	4.08337
15	30	4.08337
86	95	4.08292
87	94	4.08292
14	81	-4.08281
15	80	-4.08281
8	93	-4.08229
9	92	-4.08229
5	52	-4.08215
4	53	-4.08215
5	72	-4.08175
4	73	-4.08175
15	36	-4.08083
14	37	-4.08083
10	97	4.08003
11	96	4.08003
17	52	4.07993
16	53	4.07993
19	72	4.07939
18	73	4.07939
17	38	-4.07927
16	39	-4.07927
29	42	4.07774
28	43	4.07774
4	41	4.07727
5	40	4.07727
24	37	-4.07653
25	36	-4.07653
77	90	-4.0764
76	91	-4.0764
46	91	-4.07553
47	90	-4.07553
19	20	-4.07496
18	21	-4.07496
3	68	-4.07486
2	69	-4.07486
1	48	4.0747
0	49	4.0747
48	55	-4.07363
49	54	-4.07363
2	55	4.07329
3	54	4.07329
46	95	-4.07273
47	94	-4.07273
44	63	-4.07272
45	62	-4.07272
16	75	4.0726
17	74	4.0726
13	38	-4.07256
12	39	-4.07256
0	87	4.07249
1	86	4.07249
35	82	4.07058
34	83	4.07058
37	40	-4.06982
36	41	-4.06982
24	59	4.06931
25	58	4.06931
38	61	-4.06917
39	60	-4.06917
70	91	-4.06883
71	90	-4.06883
2	57	-4.06861
3	56	-4.06861
50	71	4.06789
51	70	4.06789
55	64	-4.06768
54	65	-4.06768
13	54	-4.06672
12	55	-4.06672
39	88	-4.06608
38	89	-4.06608
35	78	-4.06584
34	79	-4.06584
25	50	4.06558
24	51	4.06558
73	90	4.06488
72	91	4.06488
9	44	-4.06486
8	45	-4.06486
23	90	-4.06329
22	91	-4.06329
74	81	4.06326
75	80	4.06326
63	78	-4.06277
62	79	-4.06277
41	58	4.06173
40	59	4.06173
21	32	4.06146
20	33	4.06146
68	81	4.06079
69	80	4.06079
22	85	-4.05947
23	84	-4.05947
53	88	4.05906
52	89	4.05906
39	90	-4.05854
38	91	-4.05854
46	51	4.05832
47	50	4.05832
41	50	4.05779
40	51	4.05779
13	68	4.05674
12	69	4.05674
32	77	4.05635
33	76	4.05635
18	77	-4.05548
19	76	-4.05548
56	81	4.0549
57	80	4.0549
32	87	-4.053
33	86	-4.053
7	32	4.05266
6	33	4.05266
60	75	4.05256
61	74	4.05256
24	31	4.05256
25	30	4.05256
5	76	4.05237
4	77	4.05237
19	86	4.05217
18	87	4.05217
13	56	4.05217
12	57	4.05217
41	42	4.05163
40	43	4.05163
18	39	-4.05
19	38	-4.05
19	52	4.04957
18	53	4.04957
73	88	4.04955
72	89	4.04955
22	59	4.04931
23	58	4.04931
1	76	-4.04807
0	77	-4.04807
66	81	4.0476
67	80	4.0476
4	15	4.0475
5	14	4.0475
28	55	4.04736
29	54	4.04736
14	91	-4.04733
15	90	-4.04733
30	41	4.04664
31	40	4.04664
22	37	-4.04563
23	36	-4.04563
24	43	4.04502
25	42	4.04502
2	67	-4.0447
3	66	-4.0447
9	98	-4.04406
8	99	-4.04406
3	74	-4.04275
2	75	-4.04275
23	30	4.0413
22	31	4.0413
38	81	-4.04109
39	80	-4.04109
17	68	4.03905
16	69	4.03905
13	74	4.039
12	75	4.039
58	77	4.03885
59	76	4.03885
63	90	-4.0387
62	91	-4.0387
26	29	4.03809
27	28	4.03809
63	84	-4.0379
62	85	-4.0379
9	96	4.03727
8	97	4.03727
29	74	-4.03707
28	75	-4.03707
55	78	-4.03673
54	79	-4.03673
42	49	-4.03631
43	48	-4.03631
51	76	4.03592
50	77	4.03592
16	57	4.03478
17	56	4.03478
64	75	4.03455
65	74	4.03455
74	79	4.03353
75	78	4.03353
42	83	4.03334
43	82	4.03334
35	44	-4.03225
34	45	-4.03225
35	92	-4.03184
34	93	-4.03184
12	67	4.03129
13	66	4.03129
14	85	-4.03115
15	84	-4.03115
7	10	4.03101
6	11	4.03101
29	34	4.03027
28	35	4.03027
31	76	4.02928
30	77	4.02928
63	88	-4.02717
62	89	-4.02717
18	47	-4.02628
19	46	-4.02628
69	88	4.02621
68	89	4.02621
56	89	4.02438
57	88	4.02438
59	70	4.02434
58	71	4.02434
7	42	4.02375
6	43	4.02375
0	25	-4.02358
1	24	-4.02358
20	95	-4.02346
21	94	-4.02346
0	41	-4.02325
1	40	-4.02325
42	97	4.02324
43	96	4.02324
14	19	-4.02164
15	18	-4.02164
4	23	4.02145
5	22	4.02145
35	98	-4.0208
34	99	-4.0208
9	82	4.02078
8	83	4.02078
44	55	-4.02027
45	54	-4.02027
37	70	-4.02023
36	71	-4.02023
9	28	4.01949
8	29	4.01949
62	65	-4.01906
63	64	-4.01906
37	76	-4.01901
36	77	-4.01901
16	67	4.01838
17	66	4.01838
50	87	-4.01817
51	86	-4.01817
21	50	4.01751
20	51	4.01751
30	71	4.01693
31	70	4.01693
55	98	-4.0167
54	99	-4.0167
36	87	4.01616
37	86	4.01616
2	63	4.01563
3	62	4.01563
73	84	4.01552
72	85	4.01552
75	98	4.01511
74	99	4.01511
46	59	4.01494
47	58	4.01494
18	71	-4.01463
19	70	-4.01463
75	92	4.0146
74	93	4.0146
4	87	-4.01455
5	86	-4.01455
54	93	-4.01438
55	92	-4.01438
66	89	4.01374
67	88	4.01374
61	62	-4.01253
60	63	-4.01253
4	71	4.01128
5	70	4.01128
13	62	-4.01115
12	63	-4.01115
37	46	-4.01079
36	47	-4.01079
6	27	4.01045
7	26	4.01045
31	46	4.0094
30	47	4.0094
27	82	4.00939
26	83	4.00939
24	95	-4.00794
25	94	-4.00794
10	41	4.00773
11	40	4.00773
11	24	4.00702
10	25	4.00702
21	36	-4.00673
20	37	-4.00673
18	23	-4.0061
19	22	-4.0061
66	85	4.00599
67	84	4.00599
41	94	-4.00583
40	95	-4.00583
53	84	4.00529
52	85	4.00529
16	63	-4.00521
17	62	-4.00521
38	85	-4.00501
39	84	-4.00501
4	21	4.0046
5	20	4.0046
5	46	4.00394
4	47	4.00394
30	87	-4.00343
31	86	-4.00343
21	30	4.00229
20	31	4.00229
27	96	4.00227
26	97	4.00227
58	87	-4.00158
59	86	-4.00158
45	74	4.00109
44	75	4.00109
56	85	4.00087
57	84	4.00087
63	80	-4.00086
62	81	-4.00086
24	33	4.00086
25	32	4.00086
26	49	-4.00032
27	48	-4.00032
69	84	4.00031
68	85	4.00031
33	40	4.00017
32	41	4.00017
20	59	4.00012
21	58	4.00012
56	68	2.99977
24	40	2.99971
60	64	2.99713
66	68	2.99601
56	66	2.99592
2	16	-2.99564
4	30	2.99464
46	70	2.9934
22	70	2.99331
82	96	2.99269
78	92	2.992
30	58	2.99163
52	68	2.99139
52	56	2.99126
60	80	2.99038
4	58	2.99018
34	54	2.99006
14	22	2.98866
14	38	2.98815
64	80	2.9875
6	96	2.98704
22	46	2.98291
78	98	2.98151
92	98	2.97908
28	44	-2.97856
10	32	2.97772
52	66	2.97593
28	96	2.97575
10	42	2.97321
12	80	2.97228
6	82	2.97214
20	46	2.9714
28	82	2.97089
12	64	2.9701
14	70	2.9688
70	76	2.96659
2	44	-2.96571
22	38	2.96551
14	46	2.96506
78	88	2.9587
12	60	2.95593
50	58	2.95398
12	84	2.951
46	76	2.95051
36	94	2.95018
38	62	2.95003
8	34	2.94794
16	44	2.94301
10	50	2.94277
20	70	2.94111
88	92	2.94084
18	84	2.94001
32	58	2.93907
52	72	2.93798
30	32	2.93682
22	76	2.93682
26	42	2.9352
20	40	2.93331
6	28	2.9305
38	70	2.93001
60	90	2.9276
80	90	2.92711
80	84	2.92588
32	50	2.92527
20	24	2.92475
34	42	2.91658
38	46	2.91637
84	88	2.91538
20	22	2.91341
32	42	2.91281
56	72	2.91222
30	50	2.91202
44	82	-2.91157
44	96	-2.91128
14	62	2.9099
4	50	2.90679
20	76	2.90641
68	72	2.90619
12	88	2.90603
0	36	2.90201
4	32	2.90145
2	28	2.89997
8	54	2.89891
64	90	2.89829
10	58	2.89593
14	20	2.89455
18	36	2.89218
66	74	2.89075
88	98	2.88884
12	92	2.88758
42	54	2.8854
82	98	-2.8823
40	76	2.88016
66	72	2.87925
64	84	2.8792
14	76	2.87742
24	76	2.87555
42	50	2.87316
0	94	2.87304
10	30	2.87175
60	84	2.87148
8	42	2.87077
52	86	2.86982
54	62	2.86547
40	46	2.8652
2	98	-2.86499
10	26	2.86209
16	28	-2.861
12	78	2.85757
56	74	2.8563
28	98	-2.85565
24	46	2.85513
44	98	2.85406
68	74	2.8519
8	10	2.85029
8	32	2.85014
22	62	2.84578
2	78	-2.84447
10	34	2.83942
6	44	-2.83893
4	10	2.8353
40	70	2.83512
18	88	2.83096
26	54	2.83005
16	98	2.82899
96	98	-2.82815
24	70	2.82547
26	34	2.82434
38	76	2.82217
20	38	2.82042
12	90	2.82027
16	78	2.81866
48	64	2.81682
72	86	2.8162
2	82	2.81429
68	86	2.81122
0	26	-2.81067
0	18	2.80777
56	86	2.8061
84	92	2.80272
64	92	2.80223
48	60	2.80216
78	84	2.80001
80	88	2.79941
26	50	2.79749
2	96	2.79586
12	18	2.79567
34	62	2.79279
44	78	2.79254
36	84	2.79117
52	74	2.78794
64	88	2.78769
2	92	-2.78765
62	70	2.78676
78	82	-2.78591
82	92	-2.78532
84	90	2.78503
12	98	2.7845
10	54	2.78318
46	62	2.78212
32	34	2.78161
42	58	2.78026
22	40	2.77503
18	80	2.77122
80	92	2.77059
28	78	-2.77039
2	88	-2.76562
22	24	2.76378
66	86	2.76289
16	82	-2.76158
6	98	-2.7614
60	92	2.7606
4	16	-2.75996
16	88	2.75553
16	92	2.75532
60	88	2.75497
38	54	2.75106
64	78	2.75015
44	92	2.74903
26	32	2.74873
30	42	2.74733
28	92	-2.7447
16	96	-2.74336
6	86	-2.74173
78	80	2.72825
18	94	2.7274
48	80	2.72542
18	50	-2.7247
78	96	-2.72307
12	48	2.72239
14	40	2.71816
92	96	-2.71808
32	54	2.70735
60	78	2.70719
72	74	2.70561
2	4	2.70527
14	24	2.70486
4	42	2.70216
2	6	2.69817
16	30	-2.69775
16	58	-2.69639
84	98	2.69386
8	26	2.69373
26	62	2.69163
18	64	2.68976
18	60	2.68754
64	98	2.68678
20	62	2.68506
82	86	-2.68242
36	90	2.68002
48	92	2.67386
34	38	2.67057
36	80	2.67042
86	96	-2.66921
44	88	2.66509
18	78	2.66182
14	54	2.65713
8	50	2.65632
8	30	2.65327
18	90	2.65115
6	92	-2.65043
80	98	2.648
6	78	-2.64407
8	58	2.64152
34	50	2.64121
2	58	2.64099
6	16	-2.64002
60	98	2.64001
2	30	2.63929
48	90	2.63786
26	58	2.63747
18	92	2.6372
0	50	-2.635
42	62	2.63166
62	76	2.63125
50	88	-2.62964
48	86	2.62278
0	42	-2.62253
38	40	2.62173
12	36	2.62078
28	88	-2.61482
82	88	-2.61146
4	88	-2.61094
58	88	-2.60991
8	62	2.60896
24	38	2.60785
48	98	2.60707
84	94	2.60641
0	84	2.60285
48	78	2.59532
18	26	-2.58977
18	58	-2.58662
22	54	2.58604
4	8	2.58515
36	60	2.58475
26	30	2.58162
50	54	2.58088
90	94	2.577
16	50	-2.57491
50	84	-2.57475
14	34	2.57129
36	88	2.56995
88	90	2.56866
0	10	-2.56763
36	64	2.564
34	58	2.56314
26	36	-2.56195
30	88	-2.55578
30	34	2.55115
10	18	-2.55079
4	26	2.54906
88	96	-2.5461
4	44	-2.53842
4	78	-2.53825
18	98	2.53692
28	86	-2.53462
90	92	2.53395
4	18	-2.53336
2	50	2.52543
48	88	2.52119
2	12	-2.52024
48	84	2.51619
58	78	-2.51154
18	42	-2.51082
2	84	-2.50901
54	70	2.50807
86	98	2.50725
8	38	2.50631
18	30	-2.50601
80	94	2.50597
36	50	-2.50446
22	34	2.50268
12	82	-2.50203
16	84	2.50018
12	16	2.49772
26	94	-2.49608
4	34	2.48818
18	32	-2.48726
54	58	2.48597
50	78	-2.48498
78	90	2.48426
58	84	-2.48422
26	38	2.48353
46	54	2.48111
10	62	2.48045
6	52	-2.47999
30	78	-2.47447
30	44	-2.47041
4	98	-2.46965
30	54	2.46931
48	82	-2.46808
44	58	-2.46677
16	18	2.46459
16	32	-2.46225
4	92	-2.46194
6	88	-2.45991
42	74	-2.45651
2	18	-2.45613
0	54	-2.45588
4	84	-2.45447
12	44	2.45389
86	92	2.45304
12	28	-2.44865
38	42	2.44808
0	58	-2.44801
74	86	2.44799
0	32	-2.44698
40	62	2.44547
0	34	-2.44287
12	94	2.43866
58	92	-2.43662
26	74	-2.43619
12	96	-2.43388
0	88	2.43367
6	68	-2.43242
10	74	-2.4313
64	82	-2.43091
24	62	2.43045
54	66	-2.43033
58	98	-2.43017
60	94	2.42659
48	72	2.4262
34	70	2.42615
52	62	-2.4229
6	56	-2.42131
34	74	-2.42003
30	84	-2.41863
54	68	-2.41837
12	50	-2.41788
54	56	-2.41636
50	92	-2.41584
44	84	2.41564
34	66	-2.41413
90	98	2.41338
62	68	-2.41305
56	62	-2.41271
32	88	-2.41225
54	74	-2.41217
44	86	2.41015
8	14	2.40986
4	54	2.40935
36	42	-2.40802
0	80	2.40759
38	86	-2.40635
14	86	-2.40615
10	88	-2.40515
30	98	-2.40358
2	32	2.40349
36	78	2.40297
14	26	2.40217
62	66	-2.40171
30	92	-2.40152
48	96	-2.40142
6	48	-2.40136
64	94	2.4001
4	28	2.39959
34	46	2.39785
78	86	2.39622
34	68	-2.39616
82	84	-2.39446
34	56	-2.3939
52	54	-2.39237
6	66	-2.39165
62	86	-2.39153
0	62	-2.39123
0	12	2.39119
60	82	-2.39048
0	90	2.39037
32	74	-2.39031
36	92	2.38995
10	16	-2.38975
88	94	2.3892
22	86	-2.3888
2	64	-2.38864
10	36	-2.38862
80	82	-2.38546
6	12	-2.38407
28	84	-2.38325
10	84	-2.38323
52	96	-2.38285
32	62	2.38229
50	98	-2.38222
8	74	-2.38139
0	4	-2.37942
12	58	-2.37673
46	86	-2.37623
0	30	-2.37579
26	66	-2.37483
38	52	-2.37404
70	86	-2.37395
62	72	-2.37381
2	80	-2.37371
52	82	-2.37301
50	74	-2.37057
4	12	-2.36954
42	66	-2.36825
6	72	-2.3682
64	96	-2.36689
54	76	2.36595
16	64	2.36507
76	82	2.3639
26	56	-2.36376
34	52	-2.36212
26	84	-2.36199
20	54	2.36118
38	68	-2.3611
48	52	2.36017
26	68	-2.35881
38	56	-2.35865
32	84	-2.35742
8	22	2.35716
14	42	2.35571
28	64	-2.3553
24	92	-2.35452
50	94	-2.35394
16	80	2.35357
44	50	-2.35238
40	92	-2.35206
50	80	-2.35062
28	48	-2.3506
14	52	-2.35018
38	66	-2.34815
2	60	-2.3471
6	76	2.34564
20	86	-2.34556
76	96	2.34469
42	56	-2.34341
18	44	2.34288
8	66	-2.34255
44	64	2.34169
24	98	-2.34161
42	68	-2.34157
40	98	-2.33979
84	96	-2.33971
36	58	-2.33958
6	64	-2.33923
2	10	2.33665
24	78	-2.3344
28	30	2.3343
28	58	2.33402
68	96	-2.33307
12	30	-2.33277
14	68	-2.33212
26	52	-2.33188
60	96	-2.33146
40	78	-2.3309
14	56	-2.33043
80	96	-2.32957
28	80	-2.3274
70	82	2.32663
0	8	-2.32579
16	60	2.32543
76	98	-2.3252
6	70	2.32417
56	96	-2.3231
6	22	2.32267
62	74	-2.32068
44	80	2.3206
0	60	2.32056
42	84	-2.3204
76	86	-2.32039
22	52	-2.31939
64	86	2.31837
68	82	-2.31831
26	72	-2.31768
28	60	-2.31718
14	66	-2.317
8	68	-2.31667
2	48	-2.31496
42	94	-2.31423
22	26	2.31381
8	56	-2.31315
44	48	2.31264
22	82	2.31245
28	76	2.31161
6	60	-2.30925
10	38	2.30918
56	82	-2.30884
0	64	2.3084
70	96	2.30809
58	74	-2.30787
46	82	2.30513
22	68	-2.30481
36	98	2.30449
42	88	-2.3041
38	72	-2.30385
22	56	-2.30249
44	60	2.30218
50	62	2.30193
32	36	-2.30054
58	80	-2.30025
6	80	-2.30019
50	64	-2.2995
10	66	-2.2994
42	52	-2.29917
22	96	2.29866
32	78	-2.29692
52	70	-2.29673
14	72	-2.29672
26	88	-2.29631
46	52	-2.29597
72	96	-2.29548
34	76	2.29541
6	46	2.29488
72	82	-2.29448
66	96	-2.29303
22	66	-2.29247
60	86	2.29199
48	68	2.29177
8	70	2.2916
6	14	2.29086
54	72	-2.29043
50	60	-2.29042
16	48	2.28974
48	56	2.28952
30	74	-2.28908
8	90	-2.28891
18	48	2.28883
2	86	-2.28858
4	82	2.28848
24	88	-2.28829
12	24	-2.28818
24	74	-2.28631
6	38	2.28629
18	28	-2.28599
76	92	-2.28589
4	80	-2.28565
4	36	-2.28562
20	34	2.28543
12	40	-2.2851
20	98	-2.28444
12	86	2.28354
20	48	-2.28339
68	70	-2.2827
40	88	-2.28257
20	92	-2.28179
6	84	-2.28117
46	96	2.281
18	34	-2.28082
56	70	-2.28082
22	42	2.28066
40	74	-2.27964
0	74	2.27949
46	68	-2.27746
46	56	-2.2767
66	82	-2.27614
76	78	-2.27561
58	64	-2.27535
8	52	-2.27377
14	82	2.2728
8	18	-2.27221
4	64	-2.27194
40	86	-2.27187
66	70	-2.27164
38	74	-2.27123
10	94	-2.27113
10	78	-2.27076
46	98	-2.27047
44	76	-2.27032
70	98	-2.27004
30	36	-2.26949
10	56	-2.2691
24	86	-2.26774
10	68	-2.26721
78	94	2.26539
4	96	2.26496
54	86	-2.26479
20	82	2.26477
30	80	-2.26463
44	94	2.26461
46	66	-2.26413
8	46	2.26317
58	60	-2.26303
28	94	-2.26288
20	72	-2.26277
74	76	-2.26217
4	74	-2.262
20	52	-2.26163
0	78	2.26151
16	36	2.26131
2	36	-2.26077
14	96	2.26001
34	36	-2.2599
40	82	2.25863
18	82	-2.25853
46	72	-2.25848
24	82	2.25746
4	60	-2.25664
16	42	-2.25634
22	72	-2.25571
24	64	-2.25562
28	70	2.25556
40	48	-2.25555
34	72	-2.25491
40	64	-2.25466
36	54	-2.25402
28	52	-2.25269
38	82	2.25183
18	54	-2.25175
24	48	-2.25143
30	64	-2.25084
14	74	-2.25061
20	78	-2.25002
48	66	2.24975
92	94	2.24974
52	76	-2.24899
26	70	2.24881
12	32	-2.24828
82	90	-2.24694
50	90	-2.24681
38	96	2.24669
46	92	-2.24639
26	46	2.24597
32	44	-2.24596
32	66	-2.24595
68	76	-2.24565
22	74	-2.24501
56	76	-2.24359
70	74	-2.24302
66	76	-2.24287
10	12	-2.24238
30	60	-2.24051
20	56	-2.24018
70	72	-2.2394
28	50	2.23927
2	94	-2.23912
20	68	-2.23882
22	28	2.23876
94	96	-2.23829
32	92	-2.23809
16	86	2.23795
70	92	-2.23651
22	98	-2.23604
80	86	2.23596
46	74	-2.2358
58	82	2.23538
32	38	2.23529
42	72	-2.23514
16	94	2.23474
6	20	2.23469
6	94	-2.23307
6	90	-2.2329
54	94	-2.23279
86	88	2.23258
0	16	2.23211
24	60	-2.23155
40	60	-2.23065
20	96	2.23043
2	76	2.23021
0	92	2.23015
28	46	2.22996
40	72	-2.2299
24	72	-2.22974
30	82	2.22903
0	72	2.22888
24	80	-2.22755
36	44	2.2275
10	14	2.22734
24	52	-2.22587
40	52	-2.22579
40	80	-2.22534
20	66	-2.22456
90	96	-2.22421
32	80	-2.22361
8	36	-2.22322
24	56	-2.22313
40	56	-2.22168
18	96	-2.22164
34	94	-2.22147
24	84	-2.22082
46	78	-2.22059
24	68	-2.22016
34	86	-2.22015
10	52	-2.2199
46	48	-2.21948
32	98	-2.21919
24	66	-2.21898
40	68	-2.21881
40	96	2.21765
0	38	-2.21714
10	80	-2.21696
40	66	-2.21672
42	70	2.21648
24	96	2.21636
20	74	-2.21537
40	84	-2.21528
70	78	-2.21509
10	92	-2.21426
58	94	-2.21424
32	56	-2.21368
0	2	-2.21362
32	68	-2.21256
2	42	2.21187
58	96	2.2106
32	90	-2.21042
94	98	2.20866
28	36	-2.20824
30	96	2.20805
28	68	-2.20746
6	40	2.20556
6	24	2.2035
42	46	2.20289
82	94	-2.2026
12	20	-2.20218
58	62	2.2018
44	70	-2.2014
16	76	-2.20132
62	94	-2.20041
22	92	-2.20032
0	66	2.2001
58	90	-2.20007
32	60	-2.19971
28	56	-2.19954
24	28	2.19931
28	40	2.19925
20	64	-2.19912
28	72	-2.1991
10	90	-2.19792
50	66	-2.19703
32	64	-2.19633
0	56	2.19613
14	28	2.19459
28	90	-2.19408
6	62	2.19382
14	98	-2.19328
8	76	2.19249
20	28	2.19026
0	68	2.18907
2	24	2.1888
18	74	2.18867
10	44	-2.18859
10	98	-2.18812
32	94	-2.18688
30	62	2.18612
16	26	-2.18566
2	40	2.1856
76	88	-2.1854
12	26	-2.1852
86	90	2.18503
48	70	-2.18465
30	90	-2.18358
52	98	2.18267
72	76	-2.18175
24	44	-2.1815
14	48	-2.18119
2	90	-2.18069
40	44	-2.18018
8	84	-2.17994
22	44	-2.17949
44	46	-2.17949
4	90	-2.17912
4	94	-2.1791
10	60	-2.17829
22	78	-2.17829
8	20	2.17821
8	60	-2.1778
20	60	-2.17751
4	6	2.17653
20	26	2.17652
28	38	2.17587
20	88	-2.1754
10	64	-2.17496
36	96	-2.17473
8	80	-2.17457
12	42	-2.17408
42	78	-2.17365
4	48	-2.17354
28	66	-2.17337
22	48	-2.17295
26	80	-2.17278
0	52	2.17272
40	54	2.17197
36	48	2.17166
36	74	2.17163
0	98	2.17051
50	56	-2.16966
0	14	-2.16952
34	90	-2.16943
42	90	-2.16918
36	82	-2.16883
16	24	-2.16797
10	22	2.16736
50	82	2.16673
30	48	-2.16624
50	68	-2.16618
8	94	-2.16594
32	52	-2.16581
8	72	-2.16565
16	90	2.16482
44	90	2.16474
36	62	-2.16472
16	40	-2.16444
6	18	-2.1641
42	80	-2.16368
10	72	-2.1634
14	32	2.1631
30	94	-2.16298
14	92	-2.16274
24	54	2.16205
0	44	2.15656
20	80	-2.15627
8	64	-2.15469
6	36	-2.15458
26	90	-2.15433
26	78	-2.15413
72	98	2.15402
20	44	-2.15249
2	70	2.15204
2	26	2.15166
44	52	2.15117
38	98	-2.15089
38	50	2.14998
62	82	2.1498
74	94	2.14976
48	76	-2.14951
12	76	-2.14864
62	96	2.14837
26	86	-2.14745
4	62	2.14674
38	48	-2.14516
48	58	-2.14318
52	92	2.14224
28	32	2.14196
8	86	-2.14096
34	84	-2.14095
50	96	2.13994
8	16	-2.13965
12	46	-2.13902
14	78	-2.1381
8	88	-2.13786
2	46	2.13771
14	44	-2.13484
46	88	-2.1345
6	74	-2.13368
58	66	-2.13354
68	98	2.13302
6	58	2.13171
46	64	-2.13171
54	90	-2.13031
84	86	2.12982
2	20	2.12978
44	72	2.12963
6	30	2.12945
42	92	-2.12935
26	76	2.1289
18	24	-2.12882
20	42	2.12819
72	92	2.12811
56	98	2.12758
70	88	-2.12549
72	94	2.12494
42	60	-2.12493
50	52	-2.12468
2	22	2.1246
16	70	-2.12365
8	12	-2.12256
18	40	-2.12255
30	66	-2.1225
34	40	2.1207
66	94	2.11938
8	48	-2.11935
64	76	-2.11915
12	70	-2.11911
38	94	-2.11859
42	64	-2.11831
10	70	2.11794
38	92	-2.11788
26	92	-2.11766
26	60	-2.11718
48	62	-2.11717
32	72	-2.11658
42	86	-2.11635
22	32	2.11522
0	28	-2.1145
56	94	2.11434
42	76	2.11348
20	84	-2.11341
38	44	-2.11337
26	64	-2.11307
44	68	2.11293
24	34	2.11246
68	94	2.11234
46	60	-2.11221
0	22	-2.11214
18	62	-2.11155
24	90	-2.11119
16	46	-2.11076
40	90	-2.11042
6	54	2.1101
54	84	-2.10999
64	70	-2.1088
44	56	2.10737
52	78	2.10696
56	58	-2.10682
10	46	2.1066
16	20	-2.10625
32	48	-2.10473
58	68	-2.10459
42	98	-2.10416
34	88	-2.10389
2	8	2.1025
74	90	2.10113
10	28	2.10093
66	98	2.10085
52	94	2.09927
60	76	-2.09925
50	72	-2.09851
16	22	-2.09745
38	78	-2.09697
30	56	-2.09681
68	92	2.09645
42	44	-2.09584
14	50	2.09533
4	66	-2.09505
30	68	-2.09489
46	80	-2.09451
66	90	2.09366
64	72	2.09355
76	80	-2.09335
56	92	2.09231
22	88	-2.09203
60	70	-2.09105
36	66	2.09069
72	78	2.09058
12	22	-2.0902
48	50	-2.08984
16	34	-2.08902
52	64	2.0884
76	84	-2.08757
38	58	2.08743
68	90	2.08707
44	66	2.08646
14	94	-2.08638
34	80	-2.0863
22	64	-2.08627
26	98	-2.0842
74	84	2.08357
28	62	2.08316
6	34	2.08315
48	74	2.08297
2	14	2.08276
36	72	2.08271
56	90	2.08157
60	72	2.08128
36	56	2.08092
52	60	2.08089
30	38	2.08033
52	90	2.07995
0	46	-2.07946
6	50	2.07795
36	68	2.07788
0	70	-2.07713
48	94	2.07674
70	80	-2.07651
34	60	-2.07608
32	82	2.07607
32	70	2.07546
54	88	-2.0738
20	90	-2.0727
4	56	-2.07205
14	64	-2.07184
74	96	-2.0718
22	60	-2.07143
0	96	-2.07085
36	38	-2.07009
4	68	-2.07006
22	94	-2.0693
68	78	2.06885
12	14	-2.0686
66	92	2.06853
52	58	-2.06848
8	40	2.06656
32	46	2.06562
54	96	2.06544
56	78	2.06522
74	88	2.06453
62	98	-2.0641
46	84	-2.06384
2	52	-2.06361
0	82	-2.06338
32	96	2.06317
2	34	2.06224
14	88	-2.062
30	52	-2.06144
26	44	-2.06113
8	24	2.06108
34	64	-2.06101
2	72	-2.06082
74	82	-2.06038
64	68	2.05972
2	38	2.05956
14	16	-2.05953
36	52	2.05952
14	60	-2.05877
8	78	-2.05862
12	72	2.05856
12	34	-2.05833
22	50	2.05766
60	68	2.05755
18	66	2.0567
56	64	2.05626
54	82	2.05625
22	80	-2.05614
16	54	-2.05591
54	80	-2.05565
10	20	2.05523
30	72	-2.05501
0	20	-2.05468
12	52	2.05429
56	60	2.0539
4	38	2.0537
10	86	-2.0535
58	72	-2.05309
0	6	-2.05289
10	82	2.05183
70	84	-2.05142
10	48	-2.05139
10	76	2.05054
70	94	-2.05013
26	40	2.04834
16	72	2.04676
14	58	2.0466
6	8	2.04658
52	80	2.04655
66	78	2.0464
76	94	-2.04634
60	66	2.04627
54	60	-2.04582
62	92	-2.04536
18	56	2.04528
64	66	2.045
34	96	2.04431
72	80	2.04376
24	26	2.04372
38	64	-2.04271
4	24	2.04237
34	48	-2.04183
18	68	2.04173
14	30	2.04168
86	94	2.04146
14	80	-2.0414
8	92	-2.04114
4	52	-2.04107
4	72	-2.04088
14	36	-2.04042
10	96	2.04002
16	52	2.03996
18	72	2.03969
16	38	-2.03963
28	42	2.03887
4	40	2.03864
24	36	-2.03826
76	90	-2.0382
46	90	-2.03777
18	20	-2.03748
2	68	-2.03743
0	48	2.03735
48	54	-2.03681
2	54	2.03664
46	94	-2.03637
44	62	-2.03636
16	74	2.0363
12	38	-2.03628
0	86	2.03625
34	82	2.03529
36	40	-2.03491
24	58	2.03466
38	60	-2.03458
70	90	-2.03442
2	56	-2.0343
50	70	2.03395
54	64	-2.03384
12	54	-2.03336
38	88	-2.03304
34	78	-2.03292
24	50	2.03279
72	90	2.03244
8	44	-2.03243
22	90	-2.03164
74	80	2.03163
62	78	-2.03138
40	58	2.03086
20	32	2.03073
68	80	2.0304
22	84	-2.02973
52	88	2.02953
38	90	-2.02927
46	50	2.02916
40	50	2.0289
12	68	2.02837
32	76	2.02817
18	76	-2.02774
56	80	2.02745
32	86	-2.0265
6	32	2.02633
60	74	2.02628
24	30	2.02628
4	76	2.02618
18	86	2.02609
12	56	2.02609
40	42	2.02582
18	38	-2.025
18	52	2.02478
72	88	2.02477
22	58	2.02466
0	76	-2.02404
66	80	2.0238
4	14	2.02375
28	54	2.02368
14	90	-2.02366
30	40	2.02332
22	36	-2.02281
24	42	2.02251
2	66	-2.02235
8	98	-2.02203
2	74	-2.02137
22	30	2.02065
38	80	-2.02054
16	68	2.01953
12	74	2.0195
58	76	2.01943
62	90	-2.01935
26	28	2.01905
62	84	-2.01895
8	96	2.01863
28	74	-2.01854
54	78	-2.01837
42	48	-2.01816
50	76	2.01796
16	56	2.01739
64	74	2.01727
74	78	2.01677
42	82	2.01667
34	44	-2.01612
34	92	-2.01592
12	66	2.01564
14	84	-2.01557
6	10	2.0155
28	34	2.01513
30	76	2.01464
62	88	-2.01358
18	46	-2.01314
68	88	2.01311
56	88	2.01219
58	70	2.01217
6	42	2.01188
0	24	-2.01179
20	94	-2.01173
0	40	-2.01162
42	96	2.01162
14	18	-2.01082
4	22	2.01072
34	98	-2.0104
8	82	2.01039
44	54	-2.01013
36	70	-2.01011
8	28	2.00974
62	64	-2.00953
36	76	-2.00951
16	66	2.00919
50	86	-2.00909
20	50	2.00876
30	70	2.00847
54	98	-2.00835
36	86	2.00808
2	62	2.00781
72	84	2.00776
74	98	2.00755
46	58	2.00747
18	70	-2.00731
74	92	2.0073
4	86	-2.00727
54	92	-2.00719
66	88	2.00687
60	62	-2.00626
4	70	2.00564
12	62	-2.00558
36	46	-2.0054
6	26	2.00522
30	46	2.0047
26	82	2.0047
24	94	-2.00397
10	40	2.00386
10	24	2.00351
20	36	-2.00336
18	22	-2.00305
66	84	2.003
40	94	-2.00291
52	84	2.00265
16	62	-2.00261
38	84	-2.0025
4	20	2.0023
4	46	2.00197
30	86	-2.00171
20	30	2.00115
26	96	2.00113
58	86	-2.00079
44	74	2.00054
56	84	2.00044
62	80	-2.00043
24	32	2.00043
26	48	-2.00016
68	84	2.00015
32	40	2.00009
20	58	2.00006
