17	35	11.9989
25	99	11.9934
9	27	11.989
1	59	-11.9882
15	47	11.9766
7	81	-11.9709
5	37	11.97
21	41	11.9694
45	93	11.9661
31	45	-11.9636
53	99	11.9634
39	83	11.9623
67	97	11.9377
25	53	11.9367
17	95	11.9253
43	59	-11.9231
5	81	11.9181
89	93	11.9164
35	95	11.9084
61	63	11.9081
21	89	11.9074
53	97	11.9049
1	43	11.9006
43	49	11.894
31	93	-11.8873
37	81	11.8866
15	87	11.8836
47	87	11.8828
41	89	11.8654
37	91	11.8145
61	91	11.7989
45	89	11.7966
5	7	-11.7949
55	89	11.7916
13	79	11.7903
97	99	11.7883
53	67	11.7766
11	23	11.7713
7	37	-11.7686
41	93	11.7672
27	77	11.7644
79	85	11.7633
59	75	-11.7593
57	85	11.7579
39	63	11.7503
49	59	-11.7501
25	65	11.7491
29	67	11.7473
19	31	-11.7423
49	75	11.7423
21	55	11.7347
21	93	11.7332
9	77	11.7199
25	97	11.7148
65	99	11.7123
31	89	-11.7121
5	75	11.7115
5	49	11.7036
67	99	11.6909
29	99	11.6775
49	81	11.6741
29	65	11.6647
1	49	11.663
71	79	11.6615
5	91	11.6593
39	57	11.6537
1	75	11.6527
43	75	11.6486
69	83	11.6434
25	29	11.6252
69	71	11.6061
25	67	11.5994
9	73	11.5929
1	15	11.5926
29	53	11.5837
41	45	11.5745
13	71	11.5743
29	97	11.5731
7	49	-11.5676
37	75	11.5665
63	83	11.55
41	55	11.5487
33	65	11.5481
15	59	-11.5448
57	79	11.5394
19	45	11.532
21	45	11.5245
27	73	11.5194
57	83	11.5181
29	51	11.5137
37	49	11.503
55	93	11.4921
53	65	11.4912
81	91	11.4752
39	61	11.469
63	91	11.4606
1	87	11.4588
57	71	11.4466
57	63	11.4449
71	83	11.4404
51	65	11.4325
75	81	11.4254
7	85	-11.4232
57	61	11.4198
19	33	11.4033
39	69	11.403
35	67	11.4004
1	47	11.394
29	35	11.39
7	73	11.3724
31	41	-11.3709
17	67	11.3686
21	31	-11.3565
37	61	11.3521
59	87	-11.3488
17	29	11.3423
47	59	-11.3351
19	93	11.3319
5	43	11.3291
39	71	11.3213
7	91	-11.3193
45	55	11.3091
19	23	11.2973
31	55	-11.2853
41	77	11.283
15	75	11.2641
25	33	11.2518
43	81	11.2436
3	19	-11.2427
23	55	11.2411
5	59	-11.2342
23	33	11.2331
81	85	11.2281
67	95	11.2177
71	85	11.2109
65	67	11.1926
73	81	-11.1909
7	75	-11.1869
61	83	11.1856
75	91	11.1843
13	85	11.1748
65	97	11.1741
15	43	11.1528
49	73	-11.1376
33	99	11.129
57	91	11.1161
13	93	-11.1157
13	45	-11.1138
7	43	-11.1047
19	89	11.1018
5	61	11.0909
7	57	-11.0876
21	77	11.0824
1	5	11.0663
37	43	11.0638
13	41	-11.0618
23	31	-11.0603
9	85	-11.0587
47	75	11.0516
13	77	-11.0463
35	97	11.024
59	81	-11.0156
3	31	11.0031
29	95	10.9923
17	97	10.9887
57	81	10.98
37	85	10.9786
37	57	10.9775
37	59	-10.9737
43	87	10.9736
61	81	10.9667
77	79	-10.9662
39	85	10.9445
11	55	10.9295
23	89	10.9214
57	69	10.9072
37	63	10.9032
27	85	-10.8979
43	47	10.8959
13	57	10.895
3	45	-10.8902
9	79	-10.8873
49	91	10.8666
7	61	-10.8602
39	79	10.8569
43	73	-10.8553
73	85	-10.8546
33	53	10.8542
95	97	10.8495
1	81	10.8481
61	85	10.8433
35	51	10.8409
5	85	10.8385
79	83	10.8323
13	31	10.8301
39	91	10.8291
51	99	10.8242
75	87	10.8229
7	9	10.8165
25	51	10.8136
23	45	10.808
7	59	10.8077
85	91	10.7967
1	37	10.7914
83	85	10.7896
5	73	-10.788
17	51	10.7872
15	49	10.7836
13	21	-10.7813
13	89	-10.7775
19	55	10.774
23	93	10.7724
27	79	-10.7639
73	77	10.7599
77	85	-10.7539
5	57	10.7399
51	67	10.7272
69	79	10.7256
63	85	10.7217
11	25	10.7121
23	25	10.6823
35	53	10.6649
11	33	10.6625
77	89	10.6586
7	27	10.6435
1	7	-10.6416
11	53	10.6407
13	69	10.6332
37	73	-10.6283
11	99	10.6207
35	99	10.6192
29	33	10.6178
17	53	10.6172
9	13	-10.6148
7	79	-10.6147
77	93	10.6111
5	63	10.6076
31	33	-10.5878
19	21	10.5857
3	93	-10.5753
51	53	10.5666
17	99	10.5655
63	69	10.5634
23	99	10.5505
19	41	10.5499
13	27	-10.5472
63	71	10.5472
63	81	10.5263
9	81	-10.5252
47	49	10.5023
11	19	10.5015
33	51	10.5007
25	35	10.4869
21	23	10.4856
49	87	10.477
83	91	10.476
3	69	10.4704
7	63	-10.452
23	53	10.44
41	79	-10.4397
51	97	10.4385
17	25	10.4314
23	65	10.4285
27	41	10.4253
61	75	10.4193
3	13	10.418
3	71	10.4114
13	83	10.3924
59	91	-10.3887
43	91	10.3873
35	65	10.3869
53	95	10.3831
3	33	-10.3811
37	39	10.3718
45	77	10.3625
59	73	10.3569
79	81	10.3532
27	81	-10.3509
9	41	10.3438
11	89	10.3278
17	65	10.3233
63	79	10.3226
13	39	10.3177
79	93	-10.3167
69	85	10.3126
33	97	10.3084
5	15	10.3041
51	95	10.2969
73	75	-10.2882
11	31	-10.2843
45	79	-10.2829
73	79	-10.2807
49	85	10.2794
95	99	10.2688
1	73	-10.2663
61	79	10.2619
61	71	10.2564
23	41	10.2526
45	71	-10.2459
33	45	10.2274
7	39	-10.2128
19	65	10.2069
1	91	10.2009
11	97	10.1986
21	27	10.1876
39	81	10.1811
9	57	-10.1788
11	65	10.1622
55	77	10.1543
71	93	-10.1508
33	67	10.1499
49	61	10.1431
21	79	-10.1303
25	95	10.1217
9	21	10.0905
61	69	10.086
5	39	10.0844
3	89	-10.08
37	79	10.0748
57	73	-10.0705
15	37	10.064
11	93	10.0611
9	49	-10.0586
11	45	10.0472
5	47	10.0422
37	83	10.0378
13	19	-10.0359
5	9	-10.0174
31	71	10.0173
31	77	-10.0143
79	89	-10.0074
27	57	-10.0071
33	93	10.0066
7	77	10.0059
71	77	-10.0025
79	91	9.99131
13	55	-9.99018
9	37	-9.97851
11	21	9.9765
31	79	9.95739
57	77	-9.95622
49	57	9.95311
7	83	-9.9481
41	71	-9.93687
19	25	9.93411
73	91	-9.92173
27	49	-9.91095
5	79	9.90451
33	55	9.90185
65	95	9.89827
63	75	9.89661
81	83	9.89478
33	89	9.89322
15	81	9.89193
23	97	9.88735
7	71	-9.88056
9	71	-9.85602
5	27	-9.85304
5	87	9.84364
27	37	-9.81369
37	47	9.81356
75	85	9.81214
3	41	-9.79203
11	67	9.78927
19	99	9.77925
3	23	-9.77149
7	13	-9.7701
5	83	9.76671
23	87	-9.76283
71	89	-9.74871
41	85	-9.74646
3	79	9.73469
27	71	-9.73392
57	75	9.73056
27	89	9.7236
13	73	-9.72066
15	91	9.70846
71	91	9.70706
27	93	9.70704
11	87	-9.69868
77	81	-9.69829
43	85	9.695
11	41	9.69323
49	63	9.68772
21	71	-9.68198
71	81	9.67901
43	61	9.67424
3	21	-9.65844
9	93	9.65716
23	47	-9.65652
33	47	-9.65484
59	61	-9.65008
9	43	-9.64759
9	89	9.64613
13	63	9.64052
11	29	9.62945
15	33	-9.62807
25	75	-9.6254
15	23	-9.62507
75	99	-9.61783
47	81	9.61768
49	53	-9.61544
7	15	-9.6137
65	75	-9.61336
23	29	9.60768
25	59	9.6055
49	97	-9.60309
53	59	9.60055
37	87	9.59564
43	53	-9.59277
59	99	9.591
5	29	-9.58989
45	69	-9.58408
29	37	-9.57342
49	99	-9.57166
1	53	-9.56461
1	25	-9.56241
51	91	-9.55814
37	71	9.55782
53	75	-9.55152
25	49	-9.54966
1	99	-9.54452
23	67	9.54236
67	81	-9.5413
43	99	-9.5364
19	53	9.53456
49	67	-9.53309
25	43	-9.53273
29	75	-9.53064
43	97	-9.5275
27	43	-9.5208
7	67	9.51946
9	91	-9.51404
47	91	9.50724
5	67	-9.50233
19	47	-9.49933
29	81	-9.49668
1	61	9.49597
13	81	9.49349
81	87	9.49314
27	45	9.49051
13	61	9.48895
31	69	9.47551
59	97	9.4751
11	15	-9.4695
81	97	-9.4631
15	25	-9.45923
85	93	-9.45731
85	95	-9.45635
21	85	-9.45598
9	45	9.45236
3	55	-9.45084
19	71	-9.44794
5	99	-9.44729
11	47	-9.44339
61	73	-9.44223
7	97	9.43623
1	97	-9.43434
75	97	-9.43085
69	93	-9.43026
5	97	-9.42557
67	75	-9.42464
37	67	-9.42015
17	85	-9.41808
5	53	-9.41731
5	25	-9.41583
15	99	-9.41248
43	57	9.41235
1	11	-9.4118
35	85	-9.40824
7	29	9.40569
71	73	-9.40527
33	87	-9.40109
29	91	-9.39691
37	51	-9.39323
3	83	9.39321
25	47	-9.39262
21	33	9.39149
7	35	9.39145
5	65	-9.39084
45	85	-9.38745
43	67	-9.38531
35	81	-9.38471
7	17	9.38141
27	91	-9.38004
35	37	-9.37969
69	91	9.37399
15	65	-9.37382
49	79	9.37355
53	81	-9.37253
15	19	-9.37221
29	49	-9.3715
17	81	-9.37111
51	61	-9.36756
17	37	-9.36165
59	65	9.35415
15	53	-9.35117
17	57	-9.35039
81	99	-9.35009
59	67	9.34923
59	85	-9.3473
35	57	-9.34567
7	47	-9.34385
47	99	-9.34365
5	71	9.34106
47	65	-9.33905
5	35	-9.33771
7	95	9.33745
37	65	-9.336
37	99	-9.33077
39	49	9.32714
19	87	-9.32631
33	75	-9.32225
5	17	-9.31971
11	59	9.3188
5	51	-9.31165
55	79	-9.30876
31	65	-9.30796
37	97	-9.30534
41	57	-9.30257
25	81	-9.29917
43	63	9.29814
7	53	9.29731
25	37	-9.29648
81	95	-9.29574
9	61	-9.29562
25	87	-9.29329
1	23	-9.29254
1	67	-9.28844
9	75	-9.28645
37	53	-9.2863
3	65	-9.28164
49	65	-9.28152
57	95	-9.2801
1	65	-9.27977
79	95	-9.27471
47	53	-9.27386
33	41	9.2687
7	69	-9.26787
37	77	-9.26571
39	75	9.26535
33	59	9.26288
59	63	-9.26085
87	91	9.25687
7	87	-9.2533
27	55	9.25072
87	99	-9.25066
7	99	9.24799
51	75	-9.24543
1	33	-9.24506
53	87	-9.24455
35	91	-9.24291
23	51	9.24025
85	89	-9.23655
5	77	-9.2273
17	91	-9.22355
29	59	9.22327
23	59	9.21641
37	95	-9.21607
73	97	9.21415
13	37	9.21211
55	87	-9.20763
5	95	-9.1998
43	65	-9.19849
65	91	-9.19766
1	85	9.19558
19	69	-9.19498
11	43	-9.18948
7	25	9.18729
19	79	-9.18525
9	59	9.17614
27	61	-9.17462
31	47	9.17445
57	59	-9.17046
65	81	-9.16997
27	31	-9.16968
29	43	-9.16878
9	39	-9.16817
15	97	-9.16531
13	91	9.16023
27	75	-9.15995
55	71	-9.15857
25	31	-9.15807
67	73	9.15716
57	93	-9.15378
17	79	-9.15317
3	11	-9.15258
9	55	9.15122
1	63	9.15105
69	81	9.14771
19	51	9.14662
39	73	-9.14373
51	63	-9.13977
19	29	9.13907
19	77	9.13766
45	57	-9.13429
1	29	-9.131
35	79	-9.13026
9	31	-9.12918
41	73	9.12652
33	35	9.12506
49	83	9.12465
63	73	-9.12289
31	87	9.11823
3	77	-9.11674
37	69	9.11092
39	77	-9.11081
49	77	-9.10474
51	81	-9.10257
3	39	9.10243
69	89	-9.09966
47	97	-9.0952
87	97	-9.09491
15	73	-9.09192
15	67	-9.09168
21	57	-9.08774
41	69	-9.08756
35	75	-9.08746
11	51	9.08647
31	85	9.08148
9	63	-9.07889
1	9	-9.07766
15	29	-9.07482
35	61	-9.07324
17	75	-9.07096
17	33	9.07095
65	87	-9.06998
61	77	-9.06916
5	13	9.06803
25	55	9.06715
45	83	-9.06677
9	83	-9.06036
27	59	9.06028
17	61	-9.05827
15	61	9.05793
67	91	-9.05432
77	91	-9.05199
29	61	-9.04866
47	67	-9.04239
73	83	-9.03787
29	47	-9.03537
27	39	-9.03468
83	93	-9.03414
1	57	9.0315
77	83	-9.03149
13	23	-9.02577
31	99	-9.02482
15	31	9.01932
35	49	-9.01842
47	55	-9.01728
7	65	9.01498
67	85	-9.01385
91	95	-9.01263
47	95	-9.01011
33	43	-9.00735
39	43	9.00437
19	97	9.00423
17	49	-9.00391
53	73	9.00008
91	99	-8.99835
75	83	8.99781
87	89	-8.99472
23	43	-8.99341
3	57	8.99316
75	95	-8.99291
41	83	-8.99255
45	65	8.99085
55	65	8.99022
45	47	-8.98948
63	77	-8.98912
49	95	-8.98005
67	87	-8.97863
9	69	-8.97521
25	91	-8.975
7	51	8.97115
69	77	-8.97004
1	27	-8.96875
27	63	-8.96819
39	41	-8.96782
45	87	-8.95775
55	99	8.95594
13	95	-8.95574
21	69	-8.95144
69	73	-8.94977
57	89	-8.94424
15	95	-8.94155
71	95	-8.93967
27	83	-8.93364
75	79	8.93032
5	69	8.9296
39	45	-8.92339
87	93	-8.92152
39	93	-8.9207
3	85	8.92059
73	87	-8.91312
15	55	-8.91272
33	49	-8.9098
21	83	-8.90931
21	73	8.9077
47	89	-8.90739
53	91	-8.90657
47	93	-8.90648
31	83	8.9049
29	85	-8.90217
35	63	-8.90066
47	61	8.89742
91	97	-8.89401
17	39	-8.89377
35	39	-8.89325
17	63	-8.8897
21	39	-8.88834
83	89	-8.88559
31	57	8.88344
17	71	-8.88328
43	79	8.88226
23	75	-8.88061
11	75	-8.88025
9	95	8.88014
43	83	8.87981
11	69	-8.87848
27	69	-8.87831
17	47	-8.87591
29	57	-8.87387
87	95	-8.87218
55	83	-8.86965
53	55	8.86871
3	25	-8.86857
11	49	-8.86843
35	47	-8.86689
39	59	-8.86676
25	45	8.86306
35	71	-8.86113
55	69	-8.85471
47	73	-8.85309
31	53	-8.85119
73	95	8.8504
49	51	-8.84822
73	99	8.84444
61	95	-8.83873
65	93	8.83554
15	17	-8.83161
15	45	-8.83145
85	97	-8.82698
15	35	-8.82681
5	33	-8.82677
39	55	-8.82376
29	87	-8.82056
19	67	8.8166
65	89	8.81405
39	89	-8.81145
59	95	8.81082
49	71	8.81029
1	39	8.80281
51	57	-8.8023
3	47	8.8004
35	59	8.79933
3	27	-8.79293
61	87	8.79241
57	67	-8.79236
17	59	8.78953
25	89	8.78719
27	95	8.78696
61	65	-8.78423
55	63	-8.78308
25	73	8.78165
29	63	-8.78022
17	83	-8.78007
43	95	-8.77926
35	83	-8.77623
35	43	-8.77329
9	67	8.77244
13	17	-8.77072
15	89	-8.76817
3	9	-8.76684
3	99	-8.76434
35	73	8.76335
17	43	-8.76195
17	73	8.7615
1	95	-8.75806
15	63	8.75744
39	95	-8.75697
15	93	-8.75411
33	95	8.75333
41	63	-8.75287
25	93	8.75201
21	63	-8.75094
31	39	8.75019
11	83	-8.74892
29	73	8.74678
45	99	8.74627
21	87	-8.74234
13	35	-8.74181
43	77	-8.73926
9	97	8.73777
51	59	8.73689
33	37	-8.73402
59	83	-8.73107
1	19	-8.72446
1	35	-8.72423
39	51	-8.72291
15	51	-8.72195
9	17	8.71871
77	95	8.71747
1	17	-8.71643
23	77	8.71224
55	85	-8.7116
9	35	8.70874
23	49	-8.70606
47	51	-8.70386
1	83	8.6977
61	67	-8.69708
17	87	-8.69398
3	51	-8.69214
7	41	8.69172
19	59	8.68833
27	67	8.68542
63	95	-8.68505
35	87	-8.68324
13	49	8.68039
89	99	8.68022
13	33	-8.67012
3	15	8.66877
83	95	-8.66845
49	69	8.66578
11	35	8.662
27	97	8.65928
63	87	8.65486
23	69	-8.65126
93	99	8.64412
11	39	-8.63851
1	51	-8.63576
21	47	-8.63303
11	17	8.62989
43	51	-8.62795
47	63	8.62703
55	57	-8.62594
17	27	8.62522
73	93	8.6222
41	87	-8.61608
51	55	8.61558
27	35	8.61545
41	61	-8.61409
33	91	-8.6099
43	69	8.60725
51	85	-8.606
3	53	-8.60141
45	53	8.601
57	97	-8.59349
53	85	-8.59304
21	61	-8.59211
3	87	8.59105
59	79	-8.59047
19	75	-8.58981
61	99	-8.58871
73	89	8.58771
67	79	-8.57737
33	81	-8.57632
53	89	8.57341
63	89	-8.56567
11	63	-8.56453
23	71	-8.56379
25	61	-8.56367
55	61	-8.55668
11	13	-8.55401
75	77	-8.55207
51	83	-8.54816
85	99	-8.53842
41	47	-8.53416
29	39	-8.53376
61	97	-8.53201
17	77	8.52239
19	83	-8.52167
53	93	8.52089
53	61	-8.51972
71	75	8.51927
63	93	-8.51372
63	65	-8.51023
15	21	-8.5071
35	77	8.50539
19	27	8.50424
45	73	8.50384
21	65	8.50328
55	97	8.5013
7	21	8.49899
31	51	-8.49361
1	79	8.48929
43	71	8.48803
41	81	-8.48699
23	35	8.4828
17	69	-8.4802
29	31	-8.4762
9	53	8.47313
63	67	-8.47203
25	85	-8.47152
19	85	-8.47066
21	25	8.46858
35	69	-8.46715
9	19	8.46694
5	11	-8.46587
11	95	8.46179
69	95	-8.46176
29	79	-8.46032
1	69	8.45828
3	29	-8.45486
31	97	-8.45272
65	73	8.45034
45	63	-8.45009
17	23	8.44986
11	71	-8.44967
1	55	-8.44809
53	57	-8.43557
19	43	-8.42931
59	69	-8.42905
7	33	8.42872
57	99	-8.42355
9	29	8.42045
15	85	8.41761
3	73	-8.416
23	79	-8.41557
59	77	8.41306
15	41	-8.40869
23	83	-8.40712
29	55	8.40617
27	53	8.40514
3	63	8.40478
79	97	-8.40422
51	87	-8.4023
39	87	8.39419
7	93	8.39414
57	65	-8.3931
1	31	8.39299
41	65	8.39201
83	87	8.39131
15	57	8.39059
19	57	-8.38957
21	99	8.3882
29	83	-8.38739
61	89	-8.38696
65	85	-8.3799
5	23	-8.37967
11	77	8.37959
11	61	-8.37934
69	75	8.37604
25	57	-8.37093
67	77	8.36996
55	59	8.36906
39	67	-8.36787
33	71	-8.36689
19	39	-8.36536
63	99	-8.36409
11	37	-8.36316
51	89	8.35895
69	87	8.3577
33	69	-8.35668
41	91	-8.35614
15	39	8.3517
11	81	-8.35069
25	41	8.34973
27	29	8.3492
9	99	8.34915
1	77	-8.34726
21	51	8.3464
31	59	-8.34459
61	93	-8.34356
25	63	-8.34262
13	43	8.34183
13	75	8.34052
63	97	-8.33784
7	45	8.33498
21	81	-8.33038
51	73	8.32937
3	97	-8.32609
53	63	-8.32274
45	51	8.32049
21	53	8.3167
31	67	-8.31474
21	91	-8.31443
31	63	8.31286
55	67	8.31212
23	39	-8.31143
77	97	8.31115
31	73	-8.30796
7	89	8.30447
37	41	-8.30281
11	91	-8.29523
41	95	8.29324
9	25	8.29156
23	95	8.28912
29	45	8.28862
59	71	-8.28675
27	99	8.28663
45	61	-8.28176
55	73	8.2813
41	99	8.28074
45	97	8.28032
15	83	8.27852
23	37	-8.2751
47	85	8.2741
89	97	8.27377
51	93	8.27353
67	83	-8.27273
19	49	-8.26859
7	11	8.26529
9	15	-8.26467
33	61	-8.26279
47	57	8.25849
1	89	-8.25813
39	97	-8.2572
27	51	8.25615
1	45	-8.25587
39	47	8.25401
9	51	8.25285
51	79	-8.24823
55	91	-8.24674
67	71	-8.24619
23	63	-8.24619
81	93	-8.24448
41	51	8.24361
29	71	-8.24243
13	67	-8.24143
1	71	8.23939
57	87	8.2373
23	81	-8.23726
5	41	-8.23662
33	77	8.2351
11	73	8.23499
25	27	8.23422
93	97	8.23402
85	87	8.23078
1	3	8.22967
29	89	8.22183
1	93	-8.21987
41	53	8.2197
3	67	-8.21896
45	59	8.21392
29	93	8.21349
15	27	-8.21251
93	95	8.21243
3	61	8.21209
31	75	8.21197
51	77	8.21173
39	65	-8.20818
43	55	-8.2078
53	79	-8.20777
21	37	-8.20502
59	89	8.20324
45	81	-8.20295
33	79	-8.20218
3	59	-8.20142
47	83	8.20121
23	27	8.19981
45	95	8.19855
39	53	-8.19846
83	97	-8.19828
19	35	8.19338
39	99	-8.18888
51	71	-8.18661
7	31	-8.1862
21	95	8.1858
45	67	8.18116
23	91	-8.18109
11	79	-8.1807
59	93	8.17686
17	19	8.17488
81	89	-8.1734
11	57	-8.17198
79	99	-8.17129
15	69	8.17094
9	23	8.16889
55	75	-8.16422
25	39	-8.16317
5	19	-8.16306
9	87	-8.16216
31	43	8.16156
31	61	8.16124
13	59	-8.15942
47	69	8.15923
67	89	8.15616
7	23	8.15472
13	29	-8.14922
9	47	-8.14881
23	61	-8.14838
53	83	-8.1469
3	75	8.14499
67	93	8.1426
5	21	-8.14214
89	91	-8.14185
29	77	8.13976
17	41	8.13863
51	69	-8.13381
13	47	8.13282
25	79	-8.13217
89	95	8.13052
3	43	8.12959
71	97	-8.12957
13	97	-8.12863
53	77	8.12651
33	73	8.12586
91	93	-8.12475
21	97	8.12369
35	41	8.12346
41	49	-8.12248
31	95	-8.12217
69	97	-8.12141
3	7	-8.12132
27	87	-8.12125
83	99	-8.1202
9	65	8.11942
37	93	-8.11602
19	37	-8.11388
27	47	-8.11209
1	13	8.11094
1	21	-8.10896
13	87	8.10716
45	75	-8.10715
65	83	-8.10553
19	95	8.10096
33	63	-8.10069
25	83	-8.10044
31	81	8.0997
53	69	-8.09794
67	69	-8.09782
65	79	-8.09455
37	45	-8.09417
27	65	8.09129
23	73	8.09117
13	65	-8.08854
45	91	-8.08838
43	89	-8.08618
21	29	8.08615
7	55	8.08535
17	45	8.08527
17	93	8.08498
41	97	8.08204
5	93	-8.08094
43	45	-8.08056
29	69	-8.07704
37	89	-8.07608
35	45	8.07489
35	93	8.07307
23	57	-8.07149
21	59	8.07112
11	27	8.07026
17	21	8.06876
43	93	-8.06732
5	45	-8.06663
13	15	8.06662
75	93	-8.06645
77	99	8.0647
19	81	-8.06444
31	49	8.06427
23	85	-8.06369
19	91	-8.06334
1	41	-8.06262
75	89	-8.06069
15	79	8.05922
21	35	8.05832
3	95	-8.058
13	25	-8.0573
19	63	-8.05702
37	55	-8.05543
17	31	-8.05523
21	67	8.0545
9	11	8.05383
33	85	-8.05297
21	49	-8.05269
31	35	-8.05216
49	55	-8.05192
13	99	-8.05135
3	91	8.05125
3	81	8.05085
25	69	-8.04981
69	99	-8.04718
3	17	-8.04716
3	35	-8.0465
65	71	-8.04631
41	67	8.04515
49	93	-8.044
13	53	-8.04382
3	49	8.04373
33	57	-8.04311
25	77	8.04219
7	19	8.04189
5	89	-8.04185
45	49	-8.0399
71	87	8.03926
41	43	-8.0392
41	59	8.03897
31	37	8.0381
29	41	8.03787
5	31	8.03505
19	73	8.03398
55	81	-8.03373
53	71	-8.0333
17	89	8.03175
49	89	-8.02943
47	79	8.02748
77	87	-8.02696
21	43	-8.02684
13	51	-8.02651
33	83	-8.0257
31	91	8.02439
35	89	8.02425
27	33	8.02235
71	99	-8.02131
5	55	-8.0213
11	85	-8.01869
3	37	8.01775
35	55	8.01622
65	69	-8.01355
47	71	8.01198
17	55	8.01175
25	71	-8.01001
9	33	8.00874
79	87	8.00863
55	95	8.00722
47	77	-8.00612
15	77	-8.00585
19	61	-8.00482
65	77	8.00457
21	75	-8.00337
41	75	-8.00315
3	5	8.00233
33	39	-8.00182
15	71	8.00179
86	87	6
76	77	6
38	39	6
90	91	6
74	75	6
64	65	6
52	53	6
30	31	6
26	27	6
92	93	6
54	55	6
20	21	6
36	37	6
72	73	6
94	95	6
32	33	6
96	97	6
44	45	6
18	19	6
58	59	6
50	51	6
62	63	6
46	47	6
22	23	6
68	69	6
84	85	6
66	67	6
42	43	6
60	61	6
48	49	6
88	89	6
82	83	6
16	17	6
28	29	6
14	15	6
34	35	6
80	81	6
40	41	6
78	79	6
70	71	6
56	57	6
24	25	6
0	1	6
98	99	6
12	13	6
10	11	6
8	9	6
4	5	6
2	3	6
6	7	6
16	35	5.99943
17	34	5.99943
25	98	5.99669
24	99	5.99669
8	27	5.9945
9	26	5.9945
1	58	-5.9941
0	59	-5.9941
15	46	5.98831
14	47	5.98831
6	81	-5.98543
7	80	-5.98543
5	36	5.98502
4	37	5.98502
21	40	5.98469
20	41	5.98469
44	93	5.98305
45	92	5.98305
30	45	-5.98181
31	44	-5.98181
53	98	5.9817
52	99	5.9817
39	82	5.98117
38	83	5.98117
67	96	5.96885
66	97	5.96885
24	53	5.96833
25	52	5.96833
17	94	5.96265
16	95	5.96265
43	58	-5.96157
42	59	-5.96157
4	81	5.95907
5	80	5.95907
89	92	5.95818
88	93	5.95818
35	94	5.9542
34	95	5.9542
60	63	5.95403
61	62	5.95403
21	88	5.95368
20	89	5.95368
53	96	5.95246
52	97	5.95246
1	42	5.95029
0	43	5.95029
42	49	5.94702
43	48	5.94702
30	93	-5.94364
31	92	-5.94364
37	80	5.94331
36	81	5.94331
14	87	5.94182
15	86	5.94182
47	86	5.94142
46	87	5.94142
40	89	5.93268
41	88	5.93268
36	91	5.90724
37	90	5.90724
61	90	5.89947
60	91	5.89947
45	88	5.8983
44	89	5.8983
5	6	-5.89743
4	7	-5.89743
55	88	5.89578
54	89	5.89578
12	79	5.89517
13	78	5.89517
96	99	5.89416
97	98	5.89416
53	66	5.88831
52	67	5.88831
10	23	5.88567
11	22	5.88567
7	36	-5.88429
6	37	-5.88429
40	93	5.88362
41	92	5.88362
27	76	5.88219
26	77	5.88219
79	84	5.88167
78	85	5.88167
59	74	-5.87966
58	75	-5.87966
57	84	5.87893
56	85	5.87893
39	62	5.87514
38	63	5.87514
48	59	-5.87506
49	58	-5.87506
24	65	5.87455
25	64	5.87455
28	67	5.87363
29	66	5.87363
19	30	-5.87115
18	31	-5.87115
49	74	5.87113
48	75	5.87113
21	54	5.86735
20	55	5.86735
20	93	5.8666
21	92	5.8666
8	77	5.85995
9	76	5.85995
24	97	5.8574
25	96	5.8574
65	98	5.85615
64	99	5.85615
30	89	-5.85606
31	88	-5.85606
5	74	5.85574
4	75	5.85574
4	49	5.85182
5	48	5.85182
66	99	5.84546
67	98	5.84546
28	99	5.83877
29	98	5.83877
48	81	5.83704
49	80	5.83704
28	65	5.83233
29	64	5.83233
1	48	5.8315
0	49	5.8315
71	78	5.83077
70	79	5.83077
4	91	5.82965
5	90	5.82965
39	56	5.82683
38	57	5.82683
0	75	5.82636
1	74	5.82636
42	75	5.82431
43	74	5.82431
68	83	5.8217
69	82	5.8217
25	28	5.81261
24	29	5.81261
69	70	5.80304
68	71	5.80304
24	67	5.79968
25	66	5.79968
8	73	5.79647
9	72	5.79647
0	15	5.79631
1	14	5.79631
29	52	5.79187
28	53	5.79187
40	45	5.78726
41	44	5.78726
12	71	5.78713
13	70	5.78713
29	96	5.78657
28	97	5.78657
6	49	-5.78381
7	48	-5.78381
37	74	5.78323
36	75	5.78323
63	82	5.77502
62	83	5.77502
41	54	5.77437
40	55	5.77437
32	65	5.77406
33	64	5.77406
15	58	-5.77242
14	59	-5.77242
57	78	5.7697
56	79	5.7697
18	45	5.76601
19	44	5.76601
20	45	5.76227
21	44	5.76227
26	73	5.75971
27	72	5.75971
57	82	5.75904
56	83	5.75904
29	50	5.75687
28	51	5.75687
37	48	5.75151
36	49	5.75151
54	93	5.74607
55	92	5.74607
53	64	5.74561
52	65	5.74561
80	91	5.73759
81	90	5.73759
38	61	5.73452
39	60	5.73452
63	90	5.7303
62	91	5.7303
0	87	5.72941
1	86	5.72941
56	71	5.72331
57	70	5.72331
56	63	5.72245
57	62	5.72245
71	82	5.7202
70	83	5.7202
50	65	5.71623
51	64	5.71623
75	80	5.7127
74	81	5.7127
7	84	-5.71162
6	85	-5.71162
56	61	5.70992
57	60	5.70992
19	32	5.70163
18	33	5.70163
39	68	5.70152
38	69	5.70152
34	67	5.70019
35	66	5.70019
0	47	5.69701
1	46	5.69701
28	35	5.69502
29	34	5.69502
7	72	5.6862
6	73	5.6862
30	41	-5.68547
31	40	-5.68547
17	66	5.6843
16	67	5.6843
21	30	-5.67825
20	31	-5.67825
36	61	5.67604
37	60	5.67604
58	87	-5.67442
59	86	-5.67442
16	29	5.67114
17	28	5.67114
46	59	-5.66757
47	58	-5.66757
19	92	5.66597
18	93	5.66597
4	43	5.66457
5	42	5.66457
39	70	5.66065
38	71	5.66065
6	91	-5.65963
7	90	-5.65963
45	54	5.65455
44	55	5.65455
19	22	5.64867
18	23	5.64867
30	55	-5.64266
31	54	-5.64266
40	77	5.64149
41	76	5.64149
14	75	5.63204
15	74	5.63204
24	33	5.62588
25	32	5.62588
42	81	5.62181
43	80	5.62181
3	18	-5.62134
2	19	-5.62134
22	55	5.62057
23	54	5.62057
5	58	-5.61712
4	59	-5.61712
23	32	5.61655
22	33	5.61655
81	84	5.61407
80	85	5.61407
66	95	5.60883
67	94	5.60883
70	85	5.60545
71	84	5.60545
64	67	5.59628
65	66	5.59628
72	81	-5.59543
73	80	-5.59543
6	75	-5.59345
7	74	-5.59345
60	83	5.59279
61	82	5.59279
75	90	5.59217
74	91	5.59217
13	84	5.58741
12	85	5.58741
65	96	5.58707
64	97	5.58707
15	42	5.57639
14	43	5.57639
49	72	-5.56882
48	73	-5.56882
32	99	5.5645
33	98	5.5645
57	90	5.55805
56	91	5.55805
12	93	-5.55787
13	92	-5.55787
13	44	-5.55691
12	45	-5.55691
7	42	-5.55233
6	43	-5.55233
18	89	5.55092
19	88	5.55092
5	60	5.54543
4	61	5.54543
7	56	-5.54381
6	57	-5.54381
20	77	5.54122
21	76	5.54122
1	4	5.53314
0	5	5.53314
37	42	5.53189
36	43	5.53189
13	40	-5.53091
12	41	-5.53091
22	31	-5.53017
23	30	-5.53017
8	85	-5.52936
9	84	-5.52936
47	74	5.52578
46	75	5.52578
13	76	-5.52314
12	77	-5.52314
35	96	5.51202
34	97	5.51202
58	81	-5.50782
59	80	-5.50782
3	30	5.50154
2	31	5.50154
28	95	5.49615
29	94	5.49615
16	97	5.49434
17	96	5.49434
56	81	5.48999
57	80	5.48999
37	84	5.48928
36	85	5.48928
37	56	5.48873
36	57	5.48873
37	58	-5.48687
36	59	-5.48687
42	87	5.4868
43	86	5.4868
60	81	5.48334
61	80	5.48334
76	79	-5.48311
77	78	-5.48311
39	84	5.47226
38	85	5.47226
11	54	5.46477
10	55	5.46477
23	88	5.46068
22	89	5.46068
56	69	5.45361
57	68	5.45361
36	63	5.45162
37	62	5.45162
27	84	-5.44893
26	85	-5.44893
43	46	5.44797
42	47	5.44797
12	57	5.44751
13	56	5.44751
3	44	-5.44511
2	45	-5.44511
9	78	-5.44365
8	79	-5.44365
49	90	5.43331
48	91	5.43331
7	60	-5.43009
6	61	-5.43009
39	78	5.42845
38	79	5.42845
42	73	-5.42766
43	72	-5.42766
73	84	-5.42732
72	85	-5.42732
33	52	5.42708
32	53	5.42708
95	96	5.42477
94	97	5.42477
0	81	5.42406
1	80	5.42406
61	84	5.42166
60	85	5.42166
34	51	5.42044
35	50	5.42044
4	85	5.41927
5	84	5.41927
79	82	5.41616
78	83	5.41616
12	31	5.41503
13	30	5.41503
39	90	5.41457
38	91	5.41457
50	99	5.41209
51	98	5.41209
74	87	5.41144
75	86	5.41144
6	9	5.40826
7	8	5.40826
24	51	5.40678
25	50	5.40678
23	44	5.40399
22	45	5.40399
6	59	5.40384
7	58	5.40384
84	91	5.39835
85	90	5.39835
0	37	5.39572
1	36	5.39572
83	84	5.3948
82	85	5.3948
5	72	-5.394
4	73	-5.394
16	51	5.39361
17	50	5.39361
14	49	5.39181
15	48	5.39181
12	21	-5.39064
13	20	-5.39064
13	88	-5.38875
12	89	-5.38875
19	54	5.38702
18	55	5.38702
22	93	5.38618
23	92	5.38618
27	78	-5.38197
26	79	-5.38197
72	77	5.37996
73	76	5.37996
76	85	-5.37696
77	84	-5.37696
5	56	5.36996
4	57	5.36996
50	67	5.36359
51	66	5.36359
69	78	5.36279
68	79	5.36279
63	84	5.36084
62	85	5.36084
11	24	5.35604
10	25	5.35604
22	25	5.34114
23	24	5.34114
34	53	5.33243
35	52	5.33243
11	32	5.33126
10	33	5.33126
76	89	5.32928
77	88	5.32928
7	26	5.32174
6	27	5.32174
1	6	-5.32078
0	7	-5.32078
11	52	5.32033
10	53	5.32033
12	69	5.31662
13	68	5.31662
36	73	-5.31415
37	72	-5.31415
10	99	5.31033
11	98	5.31033
34	99	5.30958
35	98	5.30958
28	33	5.30892
29	32	5.30892
16	53	5.30862
17	52	5.30862
9	12	-5.30738
8	13	-5.30738
7	78	-5.30736
6	79	-5.30736
77	92	5.30556
76	93	5.30556
5	62	5.30382
4	63	5.30382
31	32	-5.29389
30	33	-5.29389
18	21	5.29283
19	20	5.29283
2	93	-5.28766
3	92	-5.28766
50	53	5.28331
51	52	5.28331
17	98	5.28275
16	99	5.28275
63	68	5.28169
62	69	5.28169
23	98	5.27525
22	99	5.27525
19	40	5.27494
18	41	5.27494
13	26	-5.27358
12	27	-5.27358
62	71	5.27358
63	70	5.27358
62	81	5.26316
63	80	5.26316
8	81	-5.2626
9	80	-5.2626
46	49	5.25115
47	48	5.25115
10	19	5.25075
11	18	5.25075
33	50	5.25033
32	51	5.25033
24	35	5.24346
25	34	5.24346
20	23	5.2428
21	22	5.2428
49	86	5.2385
48	87	5.2385
82	91	5.23802
83	90	5.23802
2	69	5.23519
3	68	5.23519
7	62	-5.226
6	63	-5.226
23	52	5.22002
22	53	5.22002
41	78	-5.21983
40	79	-5.21983
51	96	5.21924
50	97	5.21924
16	25	5.21569
17	24	5.21569
22	65	5.21426
23	64	5.21426
26	41	5.21267
27	40	5.21267
61	74	5.20966
60	75	5.20966
3	12	5.209
2	13	5.209
2	71	5.20569
3	70	5.20569
12	83	5.19621
13	82	5.19621
58	91	-5.19437
59	90	-5.19437
42	91	5.19365
43	90	5.19365
34	65	5.19346
35	64	5.19346
53	94	5.19156
52	95	5.19156
2	33	-5.19056
3	32	-5.19056
36	39	5.18591
37	38	5.18591
45	76	5.18125
44	77	5.18125
59	72	5.17843
58	73	5.17843
79	80	5.1766
78	81	5.1766
26	81	-5.17545
27	80	-5.17545
8	41	5.17191
9	40	5.17191
11	88	5.16388
10	89	5.16388
16	65	5.16164
17	64	5.16164
63	78	5.16132
62	79	5.16132
13	38	5.15883
12	39	5.15883
79	92	-5.15834
78	93	-5.15834
69	84	5.15631
68	85	5.15631
32	97	5.15421
33	96	5.15421
5	14	5.15205
4	15	5.15205
51	94	5.14845
50	95	5.14845
73	74	-5.1441
72	75	-5.1441
11	30	-5.14216
10	31	-5.14216
45	78	-5.14144
44	79	-5.14144
72	79	-5.14037
73	78	-5.14037
49	84	5.13969
48	85	5.13969
95	98	5.13442
94	99	5.13442
0	73	-5.13315
1	72	-5.13315
60	79	5.13097
61	78	5.13097
61	70	5.12821
60	71	5.12821
23	40	5.12628
22	41	5.12628
44	71	-5.12294
45	70	-5.12294
33	44	5.11372
32	45	5.11372
6	39	-5.10638
7	38	-5.10638
18	65	5.10345
19	64	5.10345
0	91	5.10044
1	90	5.10044
11	96	5.09928
10	97	5.09928
21	26	5.09378
20	27	5.09378
39	80	5.09054
38	81	5.09054
8	57	-5.08939
9	56	-5.08939
11	64	5.08109
10	65	5.08109
55	76	5.07717
54	77	5.07717
71	92	-5.07539
70	93	-5.07539
32	67	5.07494
33	66	5.07494
49	60	5.07156
48	61	5.07156
20	79	-5.06517
21	78	-5.06517
24	95	5.06083
25	94	5.06083
9	20	5.04527
8	21	5.04527
61	68	5.043
60	69	5.043
5	38	5.04222
4	39	5.04222
3	88	-5.04
2	89	-5.04
36	79	5.03739
37	78	5.03739
57	72	-5.03527
56	73	-5.03527
14	37	5.03199
15	36	5.03199
11	92	5.03053
10	93	5.03053
8	49	-5.02931
9	48	-5.02931
11	44	5.02361
10	45	5.02361
4	47	5.02109
5	46	5.02109
37	82	5.01892
36	83	5.01892
12	19	-5.01793
13	18	-5.01793
4	9	-5.0087
5	8	-5.0087
30	71	5.00866
31	70	5.00866
31	76	-5.00717
30	77	-5.00717
79	88	-5.0037
78	89	-5.0037
26	57	-5.00353
27	56	-5.00353
32	93	5.0033
33	92	5.0033
6	77	5.00296
7	76	5.00296
70	77	-5.00127
71	76	-5.00127
79	90	4.99565
78	91	4.99565
13	54	-4.99509
12	55	-4.99509
8	37	-4.98925
9	36	-4.98925
11	20	4.98825
10	21	4.98825
30	79	4.9787
31	78	4.9787
56	77	-4.97811
57	76	-4.97811
49	56	4.97656
48	57	4.97656
7	82	-4.97405
6	83	-4.97405
41	70	-4.96843
40	71	-4.96843
18	25	4.96705
19	24	4.96705
73	90	-4.96087
72	91	-4.96087
26	49	-4.95548
27	48	-4.95548
5	78	4.95226
4	79	4.95226
33	54	4.95092
32	55	4.95092
64	95	4.94913
65	94	4.94913
63	74	4.9483
62	75	4.9483
81	82	4.94739
80	83	4.94739
33	88	4.94661
32	89	4.94661
14	81	4.94597
15	80	4.94597
22	97	4.94367
23	96	4.94367
6	71	-4.94028
7	70	-4.94028
8	71	-4.92801
9	70	-4.92801
5	26	-4.92652
4	27	-4.92652
5	86	4.92182
4	87	4.92182
27	36	-4.90685
26	37	-4.90685
36	47	4.90678
37	46	4.90678
75	84	4.90607
74	85	4.90607
2	41	-4.89602
3	40	-4.89602
10	67	4.89463
11	66	4.89463
19	98	4.88963
18	99	4.88963
2	23	-4.88574
3	22	-4.88574
7	12	-4.88505
6	13	-4.88505
4	83	4.88336
5	82	4.88336
22	87	-4.88141
23	86	-4.88141
71	88	-4.87435
70	89	-4.87435
41	84	-4.87323
40	85	-4.87323
2	79	4.86734
3	78	4.86734
26	71	-4.86696
27	70	-4.86696
57	74	4.86528
56	75	4.86528
26	89	4.8618
27	88	4.8618
13	72	-4.86033
12	73	-4.86033
15	90	4.85423
14	91	4.85423
70	91	4.85353
71	90	4.85353
26	93	4.85352
27	92	4.85352
11	86	-4.84934
10	87	-4.84934
77	80	-4.84915
76	81	-4.84915
43	84	4.8475
42	85	4.8475
11	40	4.84662
10	41	4.84662
49	62	4.84386
48	63	4.84386
21	70	-4.84099
20	71	-4.84099
71	80	4.8395
70	81	4.8395
43	60	4.83712
42	61	4.83712
3	20	-4.82922
2	21	-4.82922
9	92	4.82858
8	93	4.82858
22	47	-4.82826
23	46	-4.82826
33	46	-4.82742
32	47	-4.82742
59	60	-4.82504
58	61	-4.82504
8	43	-4.8238
9	42	-4.8238
8	89	4.82306
9	88	4.82306
13	62	4.82026
12	63	4.82026
10	29	4.81472
11	28	4.81472
14	33	-4.81404
15	32	-4.81404
25	74	-4.8127
24	75	-4.8127
14	23	-4.81253
15	22	-4.81253
75	98	-4.80891
74	99	-4.80891
47	80	4.80884
46	81	4.80884
48	53	-4.80772
49	52	-4.80772
7	14	-4.80685
6	15	-4.80685
64	75	-4.80668
65	74	-4.80668
22	29	4.80384
23	28	4.80384
25	58	4.80275
24	59	4.80275
48	97	-4.80154
49	96	-4.80154
53	58	4.80027
52	59	4.80027
37	86	4.79782
36	87	4.79782
43	52	-4.79638
42	53	-4.79638
58	99	4.7955
59	98	4.7955
4	29	-4.79494
5	28	-4.79494
45	68	-4.79204
44	69	-4.79204
28	37	-4.78671
29	36	-4.78671
48	99	-4.78583
49	98	-4.78583
1	52	-4.78231
0	53	-4.78231
0	25	-4.7812
1	24	-4.7812
50	91	-4.77907
51	90	-4.77907
36	71	4.77891
37	70	4.77891
52	75	-4.77576
53	74	-4.77576
24	49	-4.77483
25	48	-4.77483
1	98	-4.77226
0	99	-4.77226
22	67	4.77118
23	66	4.77118
66	81	-4.77065
67	80	-4.77065
42	99	-4.7682
43	98	-4.7682
19	52	4.76728
18	53	4.76728
49	66	-4.76654
48	67	-4.76654
24	43	-4.76637
25	42	-4.76637
28	75	-4.76532
29	74	-4.76532
43	96	-4.76375
42	97	-4.76375
26	43	-4.7604
27	42	-4.7604
7	66	4.75973
6	67	4.75973
8	91	-4.75702
9	90	-4.75702
46	91	4.75362
47	90	4.75362
4	67	-4.75116
5	66	-4.75116
19	46	-4.74967
18	47	-4.74967
29	80	-4.74834
28	81	-4.74834
0	61	4.74798
1	60	4.74798
12	81	4.74675
13	80	4.74675
81	86	4.74657
80	87	4.74657
27	44	4.74526
26	45	4.74526
12	61	4.74448
13	60	4.74448
31	68	4.73776
30	69	4.73776
59	96	4.73755
58	97	4.73755
10	15	-4.73475
11	14	-4.73475
81	96	-4.73155
80	97	-4.73155
15	24	-4.72961
14	25	-4.72961
85	92	-4.72865
84	93	-4.72865
85	94	-4.72817
84	95	-4.72817
20	85	-4.72799
21	84	-4.72799
8	45	4.72618
9	44	4.72618
3	54	-4.72542
2	55	-4.72542
19	70	-4.72397
18	71	-4.72397
5	98	-4.72365
4	99	-4.72365
10	47	-4.72169
11	46	-4.72169
61	72	-4.72112
60	73	-4.72112
7	96	4.71812
6	97	4.71812
1	96	-4.71717
0	97	-4.71717
74	97	-4.71543
75	96	-4.71543
68	93	-4.71513
69	92	-4.71513
5	96	-4.71279
4	97	-4.71279
67	74	-4.71232
66	75	-4.71232
37	66	-4.71008
36	67	-4.71008
17	84	-4.70904
16	85	-4.70904
4	53	-4.70865
5	52	-4.70865
5	24	-4.70792
4	25	-4.70792
15	98	-4.70624
14	99	-4.70624
43	56	4.70617
42	57	4.70617
0	11	-4.7059
1	10	-4.7059
34	85	-4.70412
35	84	-4.70412
7	28	4.70284
6	29	4.70284
71	72	-4.70263
70	73	-4.70263
33	86	-4.70055
32	87	-4.70055
28	91	-4.69845
29	90	-4.69845
36	51	-4.69662
37	50	-4.69662
2	83	4.6966
3	82	4.6966
25	46	-4.69631
24	47	-4.69631
21	32	4.69575
20	33	4.69575
7	34	4.69573
6	35	4.69573
5	64	-4.69542
4	65	-4.69542
45	84	-4.69373
44	85	-4.69373
43	66	-4.69266
42	67	-4.69266
34	81	-4.69236
35	80	-4.69236
6	17	4.6907
7	16	4.6907
27	90	-4.69002
26	91	-4.69002
34	37	-4.68984
35	36	-4.68984
68	91	4.687
69	90	4.687
14	65	-4.68691
15	64	-4.68691
49	78	4.68677
48	79	4.68677
52	81	-4.68627
53	80	-4.68627
15	18	-4.6861
14	19	-4.6861
29	48	-4.68575
28	49	-4.68575
16	81	-4.68556
17	80	-4.68556
50	61	-4.68378
51	60	-4.68378
16	37	-4.68082
17	36	-4.68082
59	64	4.67708
58	65	4.67708
14	53	-4.67558
15	52	-4.67558
16	57	-4.6752
17	56	-4.6752
80	99	-4.67505
81	98	-4.67505
59	66	4.67462
58	67	4.67462
59	84	-4.67365
58	85	-4.67365
35	56	-4.67284
34	57	-4.67284
7	46	-4.67192
6	47	-4.67192
47	98	-4.67182
46	99	-4.67182
4	71	4.67053
5	70	4.67053
46	65	-4.66953
47	64	-4.66953
5	34	-4.66885
4	35	-4.66885
6	95	4.66872
7	94	4.66872
37	64	-4.668
36	65	-4.668
37	98	-4.66539
36	99	-4.66539
38	49	4.66357
39	48	4.66357
18	87	-4.66315
19	86	-4.66315
32	75	-4.66113
33	74	-4.66113
5	16	-4.65985
4	17	-4.65985
10	59	4.6594
11	58	4.6594
4	51	-4.65583
5	50	-4.65583
55	78	-4.65438
54	79	-4.65438
31	64	-4.65398
30	65	-4.65398
37	96	-4.65267
36	97	-4.65267
40	57	-4.65128
41	56	-4.65128
25	80	-4.64958
24	81	-4.64958
43	62	4.64907
42	63	4.64907
6	53	4.64866
7	52	4.64866
24	37	-4.64824
25	36	-4.64824
80	95	-4.64787
81	94	-4.64787
9	60	-4.64781
8	61	-4.64781
24	87	-4.64664
25	86	-4.64664
1	22	-4.64627
0	23	-4.64627
0	67	-4.64422
1	66	-4.64422
9	74	-4.64322
8	75	-4.64322
36	53	-4.64315
37	52	-4.64315
3	64	-4.64082
2	65	-4.64082
48	65	-4.64076
49	64	-4.64076
56	95	-4.64005
57	94	-4.64005
1	64	-4.63988
0	65	-4.63988
78	95	-4.63735
79	94	-4.63735
47	52	-4.63693
46	53	-4.63693
33	40	4.63435
32	41	4.63435
6	69	-4.63394
7	68	-4.63394
36	77	-4.63285
37	76	-4.63285
39	74	4.63267
38	75	4.63267
33	58	4.63144
32	59	4.63144
58	63	-4.63042
59	62	-4.63042
87	90	4.62844
86	91	4.62844
6	87	-4.62665
7	86	-4.62665
27	54	4.62536
26	55	4.62536
86	99	-4.62533
87	98	-4.62533
6	99	4.62399
7	98	4.62399
51	74	-4.62272
50	75	-4.62272
0	33	-4.62253
1	32	-4.62253
53	86	-4.62227
52	87	-4.62227
35	90	-4.62146
34	91	-4.62146
22	51	4.62012
23	50	4.62012
84	89	-4.61828
85	88	-4.61828
4	77	-4.61365
5	76	-4.61365
16	91	-4.61177
17	90	-4.61177
28	59	4.61163
29	58	4.61163
22	59	4.6082
23	58	4.6082
37	94	-4.60804
36	95	-4.60804
73	96	4.60707
72	97	4.60707
13	36	4.60606
12	37	4.60606
54	87	-4.60381
55	86	-4.60381
5	94	-4.5999
4	95	-4.5999
42	65	-4.59924
43	64	-4.59924
64	91	-4.59883
65	90	-4.59883
1	84	4.59779
0	85	4.59779
19	68	-4.59749
18	69	-4.59749
11	42	-4.59474
10	43	-4.59474
6	25	4.59364
7	24	4.59364
19	78	-4.59263
18	79	-4.59263
9	58	4.58807
8	59	4.58807
26	61	-4.58731
27	60	-4.58731
30	47	4.58723
31	46	4.58723
56	59	-4.58523
57	58	-4.58523
65	80	-4.58499
64	81	-4.58499
27	30	-4.58484
26	31	-4.58484
29	42	-4.58439
28	43	-4.58439
9	38	-4.58409
8	39	-4.58409
15	96	-4.58265
14	97	-4.58265
12	91	4.58011
13	90	4.58011
26	75	-4.57998
27	74	-4.57998
54	71	-4.57929
55	70	-4.57929
25	30	-4.57903
24	31	-4.57903
67	72	4.57858
66	73	4.57858
56	93	-4.57689
57	92	-4.57689
17	78	-4.57658
16	79	-4.57658
2	11	-4.57629
3	10	-4.57629
8	55	4.57561
9	54	4.57561
1	62	4.57553
0	63	4.57553
69	80	4.57385
68	81	4.57385
19	50	4.57331
18	51	4.57331
39	72	-4.57187
38	73	-4.57187
50	63	-4.56988
51	62	-4.56988
19	28	4.56954
18	29	4.56954
19	76	4.56883
18	77	4.56883
45	56	-4.56714
44	57	-4.56714
0	29	-4.5655
1	28	-4.5655
34	79	-4.56513
35	78	-4.56513
8	31	-4.56459
9	30	-4.56459
40	73	4.56326
41	72	4.56326
32	35	4.56253
33	34	4.56253
49	82	4.56233
48	83	4.56233
62	73	-4.56145
63	72	-4.56145
31	86	4.55912
30	87	4.55912
2	77	-4.55837
3	76	-4.55837
37	68	4.55546
36	69	4.55546
39	76	-4.5554
38	77	-4.5554
49	76	-4.55237
48	77	-4.55237
51	80	-4.55129
50	81	-4.55129
2	39	4.55122
3	38	4.55122
68	89	-4.54983
69	88	-4.54983
47	96	-4.5476
46	97	-4.5476
87	96	-4.54745
86	97	-4.54745
14	73	-4.54596
15	72	-4.54596
15	66	-4.54584
14	67	-4.54584
20	57	-4.54387
21	56	-4.54387
40	69	-4.54378
41	68	-4.54378
35	74	-4.54373
34	75	-4.54373
11	50	4.54324
10	51	4.54324
30	85	4.54074
31	84	4.54074
8	63	-4.53945
9	62	-4.53945
0	9	-4.53883
1	8	-4.53883
15	28	-4.53741
14	29	-4.53741
34	61	-4.53662
35	60	-4.53662
16	75	-4.53548
17	74	-4.53548
16	33	4.53547
17	32	4.53547
64	87	-4.53499
65	86	-4.53499
61	76	-4.53458
60	77	-4.53458
5	12	4.53402
4	13	4.53402
25	54	4.53357
24	55	4.53357
45	82	-4.53338
44	83	-4.53338
9	82	-4.53018
8	83	-4.53018
26	59	4.53014
27	58	4.53014
16	61	-4.52913
17	60	-4.52913
14	61	4.52896
15	60	4.52896
67	90	-4.52716
66	91	-4.52716
77	90	-4.52599
76	91	-4.52599
28	61	-4.52433
29	60	-4.52433
47	66	-4.52119
46	67	-4.52119
73	82	-4.51894
72	83	-4.51894
29	46	-4.51768
28	47	-4.51768
27	38	-4.51734
26	39	-4.51734
83	92	-4.51707
82	93	-4.51707
0	57	4.51575
1	56	4.51575
77	82	-4.51575
76	83	-4.51575
12	23	-4.51289
13	22	-4.51289
31	98	-4.51241
30	99	-4.51241
14	31	4.50966
15	30	4.50966
34	49	-4.50921
35	48	-4.50921
46	55	-4.50864
47	54	-4.50864
7	64	4.50749
6	65	4.50749
66	85	-4.50692
67	84	-4.50692
90	95	-4.50631
91	94	-4.50631
46	95	-4.50505
47	94	-4.50505
33	42	-4.50368
32	43	-4.50368
38	43	4.50218
39	42	4.50218
18	97	4.50212
19	96	4.50212
17	48	-4.50196
16	49	-4.50196
52	73	4.50004
53	72	4.50004
91	98	-4.49917
90	99	-4.49917
74	83	4.4989
75	82	4.4989
86	89	-4.49736
87	88	-4.49736
22	43	-4.49671
23	42	-4.49671
3	56	4.49658
2	57	4.49658
75	94	-4.49646
74	95	-4.49646
40	83	-4.49628
41	82	-4.49628
45	64	4.49543
44	65	4.49543
55	64	4.49511
54	65	4.49511
45	46	-4.49474
44	47	-4.49474
63	76	-4.49456
62	77	-4.49456
48	95	-4.49002
49	94	-4.49002
66	87	-4.48932
67	86	-4.48932
8	69	-4.4876
9	68	-4.4876
25	90	-4.4875
24	91	-4.4875
6	51	4.48557
7	50	4.48557
69	76	-4.48502
68	77	-4.48502
1	26	-4.48438
0	27	-4.48438
27	62	-4.4841
26	63	-4.4841
38	41	-4.48391
39	40	-4.48391
44	87	-4.47887
45	86	-4.47887
54	99	4.47797
55	98	4.47797
13	94	-4.47787
12	95	-4.47787
21	68	-4.47572
20	69	-4.47572
69	72	-4.47489
68	73	-4.47489
57	88	-4.47212
56	89	-4.47212
15	94	-4.47077
14	95	-4.47077
71	94	-4.46984
70	95	-4.46984
26	83	-4.46682
27	82	-4.46682
75	78	4.46516
74	79	4.46516
5	68	4.4648
4	69	4.4648
38	45	-4.4617
39	44	-4.4617
87	92	-4.46076
86	93	-4.46076
39	92	-4.46035
38	93	-4.46035
3	84	4.46029
2	85	4.46029
73	86	-4.45656
72	87	-4.45656
15	54	-4.45636
14	55	-4.45636
33	48	-4.4549
32	49	-4.4549
21	82	-4.45465
20	83	-4.45465
21	72	4.45385
20	73	4.45385
46	89	-4.45369
47	88	-4.45369
53	90	-4.45329
52	91	-4.45329
46	93	-4.45324
47	92	-4.45324
30	83	4.45245
31	82	4.45245
29	84	-4.45108
28	85	-4.45108
35	62	-4.45033
34	63	-4.45033
47	60	4.44871
46	61	4.44871
91	96	-4.44701
90	97	-4.44701
17	38	-4.44689
16	39	-4.44689
35	38	-4.44663
34	39	-4.44663
16	63	-4.44485
17	62	-4.44485
20	39	-4.44417
21	38	-4.44417
83	88	-4.44279
82	89	-4.44279
31	56	4.44172
30	57	4.44172
17	70	-4.44164
16	71	-4.44164
42	79	4.44113
43	78	4.44113
22	75	-4.4403
23	74	-4.4403
11	74	-4.44013
10	75	-4.44013
9	94	4.44007
8	95	4.44007
43	82	4.43991
42	83	4.43991
10	69	-4.43924
11	68	-4.43924
26	69	-4.43916
27	68	-4.43916
17	46	-4.43796
16	47	-4.43796
28	57	-4.43693
29	56	-4.43693
87	94	-4.43609
86	95	-4.43609
54	83	-4.43482
55	82	-4.43482
53	54	4.43436
52	55	4.43436
3	24	-4.43429
2	25	-4.43429
11	48	-4.43421
10	49	-4.43421
34	47	-4.43345
35	46	-4.43345
38	59	-4.43338
39	58	-4.43338
24	45	4.43153
25	44	4.43153
35	70	-4.43056
34	71	-4.43056
55	68	-4.42735
54	69	-4.42735
47	72	-4.42654
46	73	-4.42654
30	53	-4.42559
31	52	-4.42559
72	95	4.4252
73	94	4.4252
48	51	-4.42411
49	50	-4.42411
72	99	4.42222
73	98	4.42222
60	95	-4.41936
61	94	-4.41936
65	92	4.41777
64	93	4.41777
14	17	-4.4158
15	16	-4.4158
15	44	-4.41573
14	45	-4.41573
84	97	-4.41349
85	96	-4.41349
15	34	-4.4134
14	35	-4.4134
5	32	-4.41338
4	33	-4.41338
39	54	-4.41188
38	55	-4.41188
28	87	-4.41028
29	86	-4.41028
18	67	4.4083
19	66	4.4083
64	89	4.40703
65	88	4.40703
39	88	-4.40573
38	89	-4.40573
59	94	4.40541
58	95	4.40541
49	70	4.40515
48	71	4.40515
1	38	4.40141
0	39	4.40141
51	56	-4.40115
50	57	-4.40115
3	46	4.4002
2	47	4.4002
35	58	4.39966
34	59	4.39966
2	27	-4.39647
3	26	-4.39647
60	87	4.3962
61	86	4.3962
57	66	-4.39618
56	67	-4.39618
17	58	4.39476
16	59	4.39476
24	89	4.39359
25	88	4.39359
26	95	4.39348
27	94	4.39348
61	64	-4.39212
60	65	-4.39212
54	63	-4.39154
55	62	-4.39154
25	72	4.39083
24	73	4.39083
29	62	-4.39011
28	63	-4.39011
16	83	-4.39003
17	82	-4.39003
43	94	-4.38963
42	95	-4.38963
35	82	-4.38812
34	83	-4.38812
34	43	-4.38664
35	42	-4.38664
9	66	4.38622
8	67	4.38622
13	16	-4.38536
12	17	-4.38536
14	89	-4.38409
15	88	-4.38409
3	8	-4.38342
2	9	-4.38342
2	99	-4.38217
3	98	-4.38217
34	73	4.38167
35	72	4.38167
17	42	-4.38098
16	43	-4.38098
16	73	4.38075
17	72	4.38075
0	95	-4.37903
1	94	-4.37903
14	63	4.37872
15	62	4.37872
38	95	-4.37849
39	94	-4.37849
15	92	-4.37705
14	93	-4.37705
32	95	4.37666
33	94	4.37666
40	63	-4.37644
41	62	-4.37644
25	92	4.37601
24	93	4.37601
21	62	-4.37547
20	63	-4.37547
31	38	4.3751
30	39	4.3751
10	83	-4.37446
11	82	-4.37446
28	73	4.37339
29	72	4.37339
45	98	4.37313
44	99	4.37313
20	87	-4.37117
21	86	-4.37117
12	35	-4.3709
13	34	-4.3709
43	76	-4.36963
42	77	-4.36963
8	97	4.36888
9	96	4.36888
50	59	4.36845
51	58	4.36845
32	37	-4.36701
33	36	-4.36701
59	82	-4.36553
58	83	-4.36553
0	19	-4.36223
1	18	-4.36223
0	35	-4.36211
1	34	-4.36211
39	50	-4.36145
38	51	-4.36145
15	50	-4.36097
14	51	-4.36097
9	16	4.35936
8	17	4.35936
77	94	4.35874
76	95	4.35874
1	16	-4.35821
0	17	-4.35821
22	77	4.35612
23	76	4.35612
54	85	-4.3558
55	84	-4.3558
8	35	4.35437
9	34	4.35437
22	49	-4.35303
23	48	-4.35303
47	50	-4.35193
46	51	-4.35193
0	83	4.34885
1	82	4.34885
61	66	-4.34854
60	67	-4.34854
16	87	-4.34699
17	86	-4.34699
3	50	-4.34607
2	51	-4.34607
6	41	4.34586
7	40	4.34586
18	59	4.34416
19	58	4.34416
26	67	4.34271
27	66	4.34271
62	95	-4.34252
63	94	-4.34252
34	87	-4.34162
35	86	-4.34162
13	48	4.34019
12	49	4.34019
88	99	4.34011
89	98	4.34011
12	33	-4.33506
13	32	-4.33506
3	14	4.33439
2	15	4.33439
83	94	-4.33422
82	95	-4.33422
49	68	4.33289
48	69	4.33289
11	34	4.331
10	35	4.331
27	96	4.32964
26	97	4.32964
63	86	4.32743
62	87	4.32743
22	69	-4.32563
23	68	-4.32563
92	99	4.32206
93	98	4.32206
11	38	-4.31926
10	39	-4.31926
0	51	-4.31788
1	50	-4.31788
21	46	-4.31652
20	47	-4.31652
11	16	4.31495
10	17	4.31495
43	50	-4.31397
42	51	-4.31397
46	63	4.31352
47	62	4.31352
55	56	-4.31297
54	57	-4.31297
16	27	4.31261
17	26	4.31261
72	93	4.3111
73	92	4.3111
40	87	-4.30804
41	86	-4.30804
51	54	4.30779
50	55	4.30779
26	35	4.30772
27	34	4.30772
41	60	-4.30704
40	61	-4.30704
33	90	-4.30495
32	91	-4.30495
43	68	4.30363
42	69	4.30363
50	85	-4.303
51	84	-4.303
3	52	-4.3007
2	53	-4.3007
45	52	4.3005
44	53	4.3005
57	96	-4.29675
56	97	-4.29675
52	85	-4.29652
53	84	-4.29652
21	60	-4.29605
20	61	-4.29605
2	87	4.29553
3	86	4.29553
58	79	-4.29524
59	78	-4.29524
18	75	-4.29491
19	74	-4.29491
60	99	-4.29436
61	98	-4.29436
72	89	4.29386
73	88	4.29386
67	78	-4.28869
66	79	-4.28869
32	81	-4.28816
33	80	-4.28816
53	88	4.2867
52	89	4.2867
63	88	-4.28284
62	89	-4.28284
10	63	-4.28227
11	62	-4.28227
22	71	-4.28189
23	70	-4.28189
25	60	-4.28183
24	61	-4.28183
54	61	-4.27834
55	60	-4.27834
10	13	-4.27701
11	12	-4.27701
75	76	-4.27603
74	77	-4.27603
51	82	-4.27408
50	83	-4.27408
85	98	-4.26921
84	99	-4.26921
40	47	-4.26708
41	46	-4.26708
28	39	-4.26688
29	38	-4.26688
60	97	-4.266
61	96	-4.266
17	76	4.26119
16	77	4.26119
19	82	-4.26084
18	83	-4.26084
52	93	4.26044
53	92	4.26044
53	60	-4.25986
52	61	-4.25986
71	74	4.25964
70	75	4.25964
62	93	-4.25686
63	92	-4.25686
62	65	-4.25512
63	64	-4.25512
15	20	-4.25355
14	21	-4.25355
34	77	4.25269
35	76	4.25269
18	27	4.25212
19	26	4.25212
44	73	4.25192
45	72	4.25192
20	65	4.25164
21	64	4.25164
55	96	4.25065
54	97	4.25065
7	20	4.24949
6	21	4.24949
30	51	-4.24681
31	50	-4.24681
1	78	4.24465
0	79	4.24465
42	71	4.24402
43	70	4.24402
40	81	-4.2435
41	80	-4.2435
22	35	4.2414
23	34	4.2414
17	68	-4.2401
16	69	-4.2401
29	30	-4.2381
28	31	-4.2381
8	53	4.23656
9	52	4.23656
63	66	-4.23601
62	67	-4.23601
24	85	-4.23576
25	84	-4.23576
19	84	-4.23533
18	85	-4.23533
20	25	4.23429
21	24	4.23429
34	69	-4.23357
35	68	-4.23357
8	19	4.23347
9	18	4.23347
5	10	-4.23294
4	11	-4.23294
10	95	4.23089
11	94	4.23089
68	95	-4.23088
69	94	-4.23088
29	78	-4.23016
28	79	-4.23016
0	69	4.22914
1	68	4.22914
3	28	-4.22743
2	29	-4.22743
31	96	-4.22636
30	97	-4.22636
65	72	4.22517
64	73	4.22517
45	62	-4.22504
44	63	-4.22504
17	22	4.22493
16	23	4.22493
10	71	-4.22483
11	70	-4.22483
0	55	-4.22405
1	54	-4.22405
52	57	-4.21779
53	56	-4.21779
18	43	-4.21465
19	42	-4.21465
59	68	-4.21452
58	69	-4.21452
6	33	4.21436
7	32	4.21436
57	98	-4.21178
56	99	-4.21178
9	28	4.21022
8	29	4.21022
14	85	4.20881
15	84	4.20881
2	73	-4.208
3	72	-4.208
22	79	-4.20779
23	78	-4.20779
59	76	4.20653
58	77	4.20653
14	41	-4.20434
15	40	-4.20434
22	83	-4.20356
23	82	-4.20356
29	54	4.20309
28	55	4.20309
27	52	4.20257
26	53	4.20257
3	62	4.20239
2	63	4.20239
79	96	-4.20211
78	97	-4.20211
51	86	-4.20115
50	87	-4.20115
38	87	4.19709
39	86	4.19709
6	93	4.19707
7	92	4.19707
57	64	-4.19655
56	65	-4.19655
1	30	4.19649
0	31	4.19649
41	64	4.19601
40	65	4.19601
82	87	4.19566
83	86	4.19566
15	56	4.19529
14	57	4.19529
19	56	-4.19478
18	57	-4.19478
21	98	4.1941
20	99	4.1941
29	82	-4.19369
28	83	-4.19369
60	89	-4.19348
61	88	-4.19348
64	85	-4.18995
65	84	-4.18995
4	23	-4.18984
5	22	-4.18984
11	76	4.1898
10	77	4.1898
11	60	-4.18967
10	61	-4.18967
69	74	4.18802
68	75	4.18802
25	56	-4.18547
24	57	-4.18547
66	77	4.18498
67	76	4.18498
54	59	4.18453
55	58	4.18453
38	67	-4.18394
39	66	-4.18394
32	71	-4.18345
33	70	-4.18345
19	38	-4.18268
18	39	-4.18268
62	99	-4.18205
63	98	-4.18205
11	36	-4.18158
10	37	-4.18158
51	88	4.17948
50	89	4.17948
68	87	4.17885
69	86	4.17885
33	68	-4.17834
32	69	-4.17834
41	90	-4.17807
40	91	-4.17807
14	39	4.17585
15	38	4.17585
10	81	-4.17535
11	80	-4.17535
25	40	4.17487
24	41	4.17487
26	29	4.1746
27	28	4.1746
9	98	4.17457
8	99	4.17457
1	76	-4.17363
0	77	-4.17363
21	50	4.1732
20	51	4.1732
31	58	-4.1723
30	59	-4.1723
61	92	-4.17178
60	93	-4.17178
25	62	-4.17131
24	63	-4.17131
13	42	4.17092
12	43	4.17092
13	74	4.17026
12	75	4.17026
62	97	-4.16892
63	96	-4.16892
7	44	4.16749
6	45	4.16749
20	81	-4.16519
21	80	-4.16519
50	73	4.16469
51	72	4.16469
3	96	-4.16304
2	97	-4.16304
53	62	-4.16137
52	63	-4.16137
45	50	4.16024
44	51	4.16024
20	53	4.15835
21	52	4.15835
31	66	-4.15737
30	67	-4.15737
20	91	-4.15721
21	90	-4.15721
30	63	4.15643
31	62	4.15643
55	66	4.15606
54	67	4.15606
22	39	-4.15572
23	38	-4.15572
77	96	4.15558
76	97	4.15558
30	73	-4.15398
31	72	-4.15398
6	89	4.15223
7	88	4.15223
37	40	-4.1514
36	41	-4.1514
11	90	-4.14762
10	91	-4.14762
41	94	4.14662
40	95	4.14662
9	24	4.14578
8	25	4.14578
23	94	4.14456
22	95	4.14456
29	44	4.14431
28	45	4.14431
58	71	-4.14337
59	70	-4.14337
26	99	4.14332
27	98	4.14332
45	60	-4.14088
44	61	-4.14088
54	73	4.14065
55	72	4.14065
40	99	4.14037
41	98	4.14037
44	97	4.14016
45	96	4.14016
14	83	4.13926
15	82	4.13926
22	37	-4.13755
23	36	-4.13755
46	85	4.13705
47	84	4.13705
88	97	4.13689
89	96	4.13689
51	92	4.13677
50	93	4.13677
66	83	-4.13637
67	82	-4.13637
19	48	-4.13429
18	49	-4.13429
7	10	4.13265
6	11	4.13265
8	15	-4.13234
9	14	-4.13234
32	61	-4.13139
33	60	-4.13139
47	56	4.12925
46	57	4.12925
0	89	-4.12907
1	88	-4.12907
39	96	-4.1286
38	97	-4.1286
27	50	4.12807
26	51	4.12807
0	45	-4.12794
1	44	-4.12794
39	46	4.127
38	47	4.127
9	50	4.12642
8	51	4.12642
51	78	-4.12411
50	79	-4.12411
55	90	-4.12337
54	91	-4.12337
67	70	-4.1231
66	71	-4.1231
22	63	-4.12309
23	62	-4.12309
80	93	-4.12224
81	92	-4.12224
40	51	4.12181
41	50	4.12181
28	71	-4.12121
29	70	-4.12121
13	66	-4.12071
12	67	-4.12071
1	70	4.1197
0	71	4.1197
56	87	4.11865
57	86	4.11865
22	81	-4.11863
23	80	-4.11863
5	40	-4.11831
4	41	-4.11831
33	76	4.11755
32	77	4.11755
10	73	4.1175
11	72	4.1175
24	27	4.11711
25	26	4.11711
92	97	4.11701
93	96	4.11701
84	87	4.11539
85	86	4.11539
1	2	4.11483
0	3	4.11483
28	89	4.11091
29	88	4.11091
0	93	-4.10994
1	92	-4.10994
41	52	4.10985
40	53	4.10985
3	66	-4.10948
2	67	-4.10948
44	59	4.10696
45	58	4.10696
29	92	4.10675
28	93	4.10675
14	27	-4.10625
15	26	-4.10625
93	94	4.10621
92	95	4.10621
2	61	4.10604
3	60	4.10604
30	75	4.10598
31	74	4.10598
51	76	4.10587
50	77	4.10587
39	64	-4.10409
38	65	-4.10409
43	54	-4.1039
42	55	-4.1039
53	78	-4.10389
52	79	-4.10389
21	36	-4.10251
20	37	-4.10251
59	88	4.10162
58	89	4.10162
44	81	-4.10147
45	80	-4.10147
32	79	-4.10109
33	78	-4.10109
3	58	-4.10071
2	59	-4.10071
47	82	4.10061
46	83	4.10061
23	26	4.09991
22	27	4.09991
44	95	4.09928
45	94	4.09928
39	52	-4.09923
38	53	-4.09923
83	96	-4.09914
82	97	-4.09914
19	34	4.09669
18	35	4.09669
38	99	-4.09444
39	98	-4.09444
50	71	-4.09331
51	70	-4.09331
6	31	-4.0931
7	30	-4.0931
20	95	4.0929
21	94	4.0929
44	67	4.09058
45	66	4.09058
23	90	-4.09054
22	91	-4.09054
10	79	-4.09035
11	78	-4.09035
58	93	4.08843
59	92	4.08843
16	19	4.08744
17	18	4.08744
81	88	-4.0867
80	89	-4.0867
10	57	-4.08599
11	56	-4.08599
79	98	-4.08564
78	99	-4.08564
15	68	4.08547
14	69	4.08547
8	23	4.08444
9	22	4.08444
54	75	-4.08211
55	74	-4.08211
25	38	-4.08158
24	39	-4.08158
5	18	-4.08153
4	19	-4.08153
8	87	-4.08108
9	86	-4.08108
31	42	4.08078
30	43	4.08078
31	60	4.08062
30	61	4.08062
13	58	-4.07971
12	59	-4.07971
47	68	4.07961
46	69	4.07961
67	88	4.07808
66	89	4.07808
6	23	4.07736
7	22	4.07736
13	28	-4.07461
12	29	-4.07461
9	46	-4.0744
8	47	-4.0744
22	61	-4.07419
23	60	-4.07419
53	82	-4.07345
52	83	-4.07345
3	74	4.07249
2	75	4.07249
66	93	4.0713
67	92	4.0713
4	21	-4.07107
5	20	-4.07107
88	91	-4.07092
89	90	-4.07092
28	77	4.06988
29	76	4.06988
17	40	4.06931
16	41	4.06931
51	68	-4.06691
50	69	-4.06691
13	46	4.06641
12	47	4.06641
24	79	-4.06608
25	78	-4.06608
88	95	4.06526
89	94	4.06526
2	43	4.0648
3	42	4.0648
70	97	-4.06479
71	96	-4.06479
13	96	-4.06431
12	97	-4.06431
52	77	4.06325
53	76	4.06325
33	72	4.06293
32	73	4.06293
90	93	-4.06238
91	92	-4.06238
21	96	4.06185
20	97	4.06185
35	40	4.06173
34	41	4.06173
40	49	-4.06124
41	48	-4.06124
30	95	-4.06108
31	94	-4.06108
69	96	-4.06071
68	97	-4.06071
2	7	-4.06066
3	6	-4.06066
27	86	-4.06063
26	87	-4.06063
83	98	-4.0601
82	99	-4.0601
9	64	4.05971
8	65	4.05971
36	93	-4.05801
37	92	-4.05801
19	36	-4.05694
18	37	-4.05694
26	47	-4.05605
27	46	-4.05605
1	12	4.05547
0	13	4.05547
0	21	-4.05448
1	20	-4.05448
13	86	4.05358
12	87	4.05358
45	74	-4.05358
44	75	-4.05358
64	83	-4.05276
65	82	-4.05276
19	94	4.05048
18	95	4.05048
33	62	-4.05035
32	63	-4.05035
24	83	-4.05022
25	82	-4.05022
31	80	4.04985
30	81	4.04985
53	68	-4.04897
52	69	-4.04897
66	69	-4.04891
67	68	-4.04891
64	79	-4.04727
65	78	-4.04727
36	45	-4.04709
37	44	-4.04709
26	65	4.04564
27	64	4.04564
22	73	4.04558
23	72	4.04558
13	64	-4.04427
12	65	-4.04427
45	90	-4.04419
44	91	-4.04419
43	88	-4.04309
42	89	-4.04309
20	29	4.04308
21	28	4.04308
6	55	4.04267
7	54	4.04267
16	45	4.04264
17	44	4.04264
17	92	4.04249
16	93	4.04249
40	97	4.04102
41	96	4.04102
5	92	-4.04047
4	93	-4.04047
43	44	-4.04028
42	45	-4.04028
28	69	-4.03852
29	68	-4.03852
37	88	-4.03804
36	89	-4.03804
35	44	4.03744
34	45	4.03744
35	92	4.03653
34	93	4.03653
22	57	-4.03575
23	56	-4.03575
21	58	4.03556
20	59	4.03556
11	26	4.03513
10	27	4.03513
16	21	4.03438
17	20	4.03438
42	93	-4.03366
43	92	-4.03366
5	44	-4.03332
4	45	-4.03332
13	14	4.03331
12	15	4.03331
74	93	-4.03323
75	92	-4.03323
77	98	4.03235
76	99	4.03235
18	81	-4.03222
19	80	-4.03222
30	49	4.03214
31	48	4.03214
22	85	-4.03184
23	84	-4.03184
19	90	-4.03167
18	91	-4.03167
1	40	-4.03131
0	41	-4.03131
74	89	-4.03035
75	88	-4.03035
14	79	4.02961
15	78	4.02961
20	35	4.02916
21	34	4.02916
2	95	-4.029
3	94	-4.029
12	25	-4.02865
13	24	-4.02865
19	62	-4.02851
18	63	-4.02851
36	55	-4.02771
37	54	-4.02771
17	30	-4.02761
16	31	-4.02761
21	66	4.02725
20	67	4.02725
8	11	4.02691
9	10	4.02691
33	84	-4.02649
32	85	-4.02649
20	49	-4.02634
21	48	-4.02634
30	35	-4.02608
31	34	-4.02608
49	54	-4.02596
48	55	-4.02596
13	98	-4.02568
12	99	-4.02568
3	90	4.02563
2	91	4.02563
2	81	4.02542
3	80	4.02542
24	69	-4.0249
25	68	-4.0249
68	99	-4.02359
69	98	-4.02359
2	17	-4.02358
3	16	-4.02358
3	34	-4.02325
2	35	-4.02325
64	71	-4.02316
65	70	-4.02316
41	66	4.02258
40	67	4.02258
49	92	-4.022
48	93	-4.022
12	53	-4.02191
13	52	-4.02191
2	49	4.02186
3	48	4.02186
33	56	-4.02156
32	57	-4.02156
25	76	4.02109
24	77	4.02109
7	18	4.02095
6	19	4.02095
4	89	-4.02093
5	88	-4.02093
44	49	-4.01995
45	48	-4.01995
71	86	4.01963
70	87	4.01963
41	42	-4.0196
40	43	-4.0196
40	59	4.01949
41	58	4.01949
31	36	4.01905
30	37	4.01905
28	41	4.01894
29	40	4.01894
5	30	4.01752
4	31	4.01752
18	73	4.01699
19	72	4.01699
55	80	-4.01686
54	81	-4.01686
52	71	-4.01665
53	70	-4.01665
17	88	4.01587
16	89	4.01587
49	88	-4.01472
48	89	-4.01472
46	79	4.01374
47	78	4.01374
77	86	-4.01348
76	87	-4.01348
20	43	-4.01342
21	42	-4.01342
13	50	-4.01326
12	51	-4.01326
33	82	-4.01285
32	83	-4.01285
31	90	4.0122
30	91	4.0122
35	88	4.01212
34	89	4.01212
27	32	4.01117
26	33	4.01117
70	99	-4.01065
71	98	-4.01065
4	55	-4.01065
5	54	-4.01065
10	85	-4.00934
11	84	-4.00934
3	36	4.00888
2	37	4.00888
34	55	4.00811
35	54	4.00811
65	68	-4.00677
64	69	-4.00677
47	70	4.00599
46	71	4.00599
17	54	4.00587
16	55	4.00587
24	71	-4.00501
25	70	-4.00501
8	33	4.00437
9	32	4.00437
78	87	4.00432
79	86	4.00432
54	95	4.00361
55	94	4.00361
46	77	-4.00306
47	76	-4.00306
14	77	-4.00293
15	76	-4.00293
19	60	-4.00241
18	61	-4.00241
64	77	4.00228
65	76	4.00228
20	75	-4.00168
21	74	-4.00168
40	75	-4.00158
41	74	-4.00158
3	4	4.00116
2	5	4.00116
32	39	-4.00091
33	38	-4.00091
14	71	4.00089
15	70	4.00089
16	34	2.99971
24	98	2.99835
8	26	2.99725
0	58	-2.99705
14	46	2.99416
6	80	-2.99272
4	36	2.99251
20	40	2.99235
44	92	2.99152
30	44	-2.9909
52	98	2.99085
38	82	2.99058
66	96	2.98442
24	52	2.98416
16	94	2.98133
42	58	-2.98078
4	80	2.97953
88	92	2.97909
34	94	2.9771
60	62	2.97702
20	88	2.97684
52	96	2.97623
0	42	2.97514
42	48	2.97351
30	92	-2.97182
36	80	2.97165
14	86	2.97091
46	86	2.97071
40	88	2.96634
36	90	2.95362
60	90	2.94973
44	88	2.94915
4	6	-2.94872
54	88	2.94789
12	78	2.94759
96	98	2.94708
52	66	2.94415
10	22	2.94283
6	36	-2.94214
40	92	2.94181
26	76	2.94109
78	84	2.94084
58	74	-2.93983
56	84	2.93947
38	62	2.93757
48	58	-2.93753
24	64	2.93727
28	66	2.93682
18	30	-2.93557
48	74	2.93556
20	54	2.93367
20	92	2.9333
8	76	2.92997
24	96	2.9287
64	98	2.92808
30	88	-2.92803
4	74	2.92787
4	48	2.92591
66	98	2.92273
28	98	2.91938
48	80	2.91852
28	64	2.91616
0	48	2.91575
70	78	2.91538
4	90	2.91483
38	56	2.91342
0	74	2.91318
42	74	2.91216
68	82	2.91085
24	28	2.90631
68	70	2.90152
24	66	2.89984
8	72	2.89823
0	14	2.89815
28	52	2.89594
40	44	2.89363
12	70	2.89356
28	96	2.89329
6	48	-2.8919
36	74	2.89161
62	82	2.88751
40	54	2.88718
32	64	2.88703
14	58	-2.88621
56	78	2.88485
18	44	2.88301
20	44	2.88113
26	72	2.87986
56	82	2.87952
28	50	2.87844
36	48	2.87576
54	92	2.87303
52	64	2.8728
80	90	2.8688
38	60	2.86726
62	90	2.86515
0	86	2.8647
56	70	2.86166
56	62	2.86123
70	82	2.8601
50	64	2.85811
74	80	2.85635
6	84	-2.85581
56	60	2.85496
18	32	2.85081
38	68	2.85076
34	66	2.85009
0	46	2.84851
28	34	2.84751
6	72	2.8431
30	40	-2.84273
16	66	2.84215
20	30	-2.83912
36	60	2.83802
58	86	-2.83721
16	28	2.83557
46	58	-2.83379
18	92	2.83299
4	42	2.83229
38	70	2.83032
6	90	-2.82982
44	54	2.82727
18	22	2.82434
30	54	-2.82133
40	76	2.82074
14	74	2.81602
24	32	2.81294
42	80	2.8109
2	18	-2.81067
22	54	2.81028
4	58	-2.80856
22	32	2.80828
80	84	2.80704
66	94	2.80442
70	84	2.80272
64	66	2.79814
72	80	-2.79772
6	74	-2.79673
60	82	2.79639
74	90	2.79609
12	84	2.79371
64	96	2.79353
14	42	2.78819
48	72	-2.78441
32	98	2.78225
56	90	2.77902
12	92	-2.77893
12	44	-2.77845
6	42	-2.77616
18	88	2.77546
4	60	2.77271
6	56	-2.7719
20	76	2.77061
0	4	2.76657
36	42	2.76595
12	40	-2.76545
22	30	-2.76509
8	84	-2.76468
46	74	2.76289
12	76	-2.76157
34	96	2.75601
58	80	-2.75391
2	30	2.75077
28	94	2.74807
16	96	2.74717
56	80	2.74499
36	84	2.74464
36	56	2.74437
36	58	-2.74344
42	86	2.7434
60	80	2.74167
76	78	-2.74155
38	84	2.73613
10	54	2.73239
22	88	2.73034
56	68	2.72681
36	62	2.72581
26	84	-2.72447
42	46	2.72399
12	56	2.72376
2	44	-2.72255
8	78	-2.72183
48	90	2.71665
6	60	-2.71504
38	78	2.71423
42	72	-2.71383
72	84	-2.71366
32	52	2.71354
94	96	2.71239
0	80	2.71203
60	84	2.71083
34	50	2.71022
4	84	2.70964
78	82	2.70808
12	30	2.70752
38	90	2.70728
50	98	2.70605
74	86	2.70572
6	8	2.70413
24	50	2.70339
22	44	2.70199
6	58	2.70192
84	90	2.69918
0	36	2.69786
82	84	2.6974
4	72	-2.697
16	50	2.6968
14	48	2.6959
12	20	-2.69532
12	88	-2.69437
18	54	2.69351
22	92	2.69309
26	78	-2.69099
72	76	2.68998
76	84	-2.68848
4	56	2.68498
50	66	2.6818
68	78	2.6814
62	84	2.68042
10	24	2.67802
22	24	2.67057
34	52	2.66621
10	32	2.66563
76	88	2.66464
6	26	2.66087
0	6	-2.66039
10	52	2.66017
12	68	2.65831
36	72	-2.65707
10	98	2.65516
34	98	2.65479
28	32	2.65446
16	52	2.65431
8	12	-2.65369
6	78	-2.65368
76	92	2.65278
4	62	2.65191
30	32	-2.64694
18	20	2.64641
2	92	-2.64383
50	52	2.64166
16	98	2.64137
62	68	2.64084
22	98	2.63763
18	40	2.63747
12	26	-2.63679
62	70	2.63679
62	80	2.63158
8	80	-2.6313
46	48	2.62558
10	18	2.62537
32	50	2.62516
24	34	2.62173
20	22	2.6214
48	86	2.61925
82	90	2.61901
2	68	2.61759
6	62	-2.613
22	52	2.61001
40	78	-2.60991
50	96	2.60962
16	24	2.60785
22	64	2.60713
26	40	2.60634
60	74	2.60483
2	12	2.6045
2	70	2.60285
12	82	2.59811
58	90	-2.59718
42	90	2.59682
34	64	2.59673
52	94	2.59578
2	32	-2.59528
36	38	2.59295
44	76	2.59063
58	72	2.58922
78	80	2.5883
26	80	-2.58773
8	40	2.58596
10	88	2.58194
16	64	2.58082
62	78	2.58066
12	38	2.57942
78	92	-2.57917
68	84	2.57815
32	96	2.5771
4	14	2.57602
50	94	2.57423
72	74	-2.57205
10	30	-2.57108
44	78	-2.57072
72	78	-2.57018
48	84	2.56985
94	98	2.56721
0	72	-2.56658
60	78	2.56549
60	70	2.56411
22	40	2.56314
44	70	-2.56147
32	44	2.55686
6	38	-2.55319
18	64	2.55173
0	90	2.55022
10	96	2.54964
20	26	2.54689
38	80	2.54527
8	56	-2.54469
10	64	2.54055
54	76	2.53859
70	92	-2.5377
32	66	2.53747
48	60	2.53578
20	78	-2.53258
24	94	2.53041
8	20	2.52264
60	68	2.5215
4	38	2.52111
2	88	-2.52
36	78	2.5187
56	72	-2.51763
14	36	2.516
10	92	2.51527
8	48	-2.51466
10	44	2.5118
4	46	2.51054
36	82	2.50946
12	18	-2.50896
4	8	-2.50435
30	70	2.50433
30	76	-2.50359
78	88	-2.50185
26	56	-2.50176
32	92	2.50165
6	76	2.50148
70	76	-2.50063
78	90	2.49783
12	54	-2.49754
8	36	-2.49463
10	20	2.49412
30	78	2.48935
56	76	-2.48906
48	56	2.48828
6	82	-2.48703
40	70	-2.48422
18	24	2.48353
72	90	-2.48043
26	48	-2.47774
4	78	2.47613
32	54	2.47546
64	94	2.47457
62	74	2.47415
80	82	2.4737
32	88	2.4733
14	80	2.47298
22	96	2.47184
6	70	-2.47014
8	70	-2.464
4	26	-2.46326
4	86	2.46091
26	36	-2.45342
36	46	2.45339
74	84	2.45304
2	40	-2.44801
10	66	2.44732
18	98	2.44481
2	22	-2.44287
6	12	-2.44252
4	82	2.44168
22	86	-2.44071
70	88	-2.43718
40	84	-2.43662
2	78	2.43367
26	70	-2.43348
56	74	2.43264
26	88	2.4309
12	72	-2.43016
14	90	2.42712
70	90	2.42676
26	92	2.42676
10	86	-2.42467
76	80	-2.42457
42	84	2.42375
10	40	2.42331
48	62	2.42193
20	70	-2.4205
70	80	2.41975
42	60	2.41856
2	20	-2.41461
8	92	2.41429
22	46	-2.41413
32	46	-2.41371
58	60	-2.41252
8	42	-2.4119
8	88	2.41153
12	62	2.41013
10	28	2.40736
14	32	-2.40702
24	74	-2.40635
14	22	-2.40627
74	98	-2.40446
46	80	2.40442
48	52	-2.40386
6	14	-2.40343
64	74	-2.40334
22	28	2.40192
24	58	2.40137
48	96	-2.40077
52	58	2.40014
36	86	2.39891
42	52	-2.39819
58	98	2.39775
4	28	-2.39747
44	68	-2.39602
28	36	-2.39336
48	98	-2.39291
0	52	-2.39115
0	24	-2.3906
50	90	-2.38954
36	70	2.38945
52	74	-2.38788
24	48	-2.38742
0	98	-2.38613
22	66	2.38559
66	80	-2.38532
42	98	-2.3841
18	52	2.38364
48	66	-2.38327
24	42	-2.38318
28	74	-2.38266
42	96	-2.38187
26	42	-2.3802
6	66	2.37987
8	90	-2.37851
46	90	2.37681
4	66	-2.37558
18	46	-2.37483
28	80	-2.37417
0	60	2.37399
12	80	2.37337
80	86	2.37329
26	44	2.37263
12	60	2.37224
30	68	2.36888
58	96	2.36878
10	14	-2.36738
80	96	-2.36578
14	24	-2.36481
84	92	-2.36433
84	94	-2.36409
20	84	-2.36399
8	44	2.36309
2	54	-2.36271
18	70	-2.36199
4	98	-2.36182
10	46	-2.36085
60	72	-2.36056
6	96	2.35906
0	96	-2.35858
74	96	-2.35771
68	92	-2.35756
4	96	-2.35639
66	74	-2.35616
36	66	-2.35504
16	84	-2.35452
4	52	-2.35433
4	24	-2.35396
14	98	-2.35312
42	56	2.35309
0	10	-2.35295
34	84	-2.35206
6	28	2.35142
70	72	-2.35132
32	86	-2.35027
28	90	-2.34923
36	50	-2.34831
2	82	2.3483
24	46	-2.34815
20	32	2.34787
6	34	2.34786
4	64	-2.34771
44	84	-2.34686
42	66	-2.34633
34	80	-2.34618
6	16	2.34535
26	90	-2.34501
34	36	-2.34492
68	90	2.3435
14	64	-2.34345
48	78	2.34339
52	80	-2.34313
14	18	-2.34305
28	48	-2.34288
16	80	-2.34278
50	60	-2.34189
16	36	-2.34041
58	64	2.33854
14	52	-2.33779
16	56	-2.3376
80	98	-2.33752
58	66	2.33731
58	84	-2.33682
34	56	-2.33642
6	46	-2.33596
46	98	-2.33591
4	70	2.33527
46	64	-2.33476
4	34	-2.33443
6	94	2.33436
36	64	-2.334
36	98	-2.33269
38	48	2.33178
18	86	-2.33158
32	74	-2.33056
4	16	-2.32993
10	58	2.3297
4	50	-2.32791
54	78	-2.32719
30	64	-2.32699
36	96	-2.32634
40	56	-2.32564
24	80	-2.32479
42	62	2.32454
6	52	2.32433
24	36	-2.32412
80	94	-2.32393
8	60	-2.3239
24	86	-2.32332
0	22	-2.32313
0	66	-2.32211
8	74	-2.32161
36	52	-2.32157
2	64	-2.32041
48	64	-2.32038
56	94	-2.32002
0	64	-2.31994
78	94	-2.31868
46	52	-2.31846
32	40	2.31718
6	68	-2.31697
36	76	-2.31643
38	74	2.31634
32	58	2.31572
58	62	-2.31521
86	90	2.31422
6	86	-2.31332
26	54	2.31268
86	98	-2.31267
6	98	2.312
50	74	-2.31136
0	32	-2.31127
52	86	-2.31114
34	90	-2.31073
22	50	2.31006
84	88	-2.30914
4	76	-2.30683
16	90	-2.30589
28	58	2.30582
22	58	2.3041
36	94	-2.30402
72	96	2.30354
12	36	2.30303
54	86	-2.30191
4	94	-2.29995
42	64	-2.29962
64	90	-2.29942
0	84	2.29889
18	68	-2.29875
10	42	-2.29737
6	24	2.29682
18	78	-2.29631
8	58	2.29403
26	60	-2.29366
30	46	2.29361
56	58	-2.29261
64	80	-2.29249
26	30	-2.29242
28	42	-2.29219
8	38	-2.29204
14	96	-2.29133
12	90	2.29006
26	74	-2.28999
54	70	-2.28964
24	30	-2.28952
66	72	2.28929
56	92	-2.28845
16	78	-2.28829
2	10	-2.28815
8	54	2.2878
0	62	2.28776
68	80	2.28693
18	50	2.28666
38	72	-2.28593
50	62	-2.28494
18	28	2.28477
18	76	2.28441
44	56	-2.28357
0	28	-2.28275
34	78	-2.28257
8	30	-2.2823
40	72	2.28163
32	34	2.28126
48	82	2.28116
62	72	-2.28072
30	86	2.27956
2	76	-2.27919
36	68	2.27773
38	76	-2.2777
48	76	-2.27618
50	80	-2.27564
2	38	2.27561
68	88	-2.27491
46	96	-2.2738
86	96	-2.27373
14	72	-2.27298
14	66	-2.27292
20	56	-2.27194
40	68	-2.27189
34	74	-2.27187
10	50	2.27162
30	84	2.27037
8	62	-2.26972
0	8	-2.26942
14	28	-2.2687
34	60	-2.26831
16	74	-2.26774
16	32	2.26774
64	86	-2.26749
60	76	-2.26729
4	12	2.26701
24	54	2.26679
44	82	-2.26669
8	82	-2.26509
26	58	2.26507
16	60	-2.26457
14	60	2.26448
66	90	-2.26358
76	90	-2.263
28	60	-2.26216
46	66	-2.2606
72	82	-2.25947
28	46	-2.25884
26	38	-2.25867
82	92	-2.25853
0	56	2.25788
76	82	-2.25787
12	22	-2.25644
30	98	-2.25621
14	30	2.25483
34	48	-2.25461
46	54	-2.25432
6	64	2.25374
66	84	-2.25346
90	94	-2.25316
46	94	-2.25253
32	42	-2.25184
38	42	2.25109
18	96	2.25106
16	48	-2.25098
52	72	2.25002
90	98	-2.24959
74	82	2.24945
86	88	-2.24868
22	42	-2.24835
2	56	2.24829
74	94	-2.24823
40	82	-2.24814
44	64	2.24771
54	64	2.24755
44	46	-2.24737
62	76	-2.24728
48	94	-2.24501
66	86	-2.24466
8	68	-2.2438
24	90	-2.24375
6	50	2.24279
68	76	-2.24251
0	26	-2.24219
26	62	-2.24205
38	40	-2.24195
44	86	-2.23944
54	98	2.23898
12	94	-2.23893
20	68	-2.23786
68	72	-2.23744
56	88	-2.23606
14	94	-2.23539
70	94	-2.23492
26	82	-2.23341
74	78	2.23258
4	68	2.2324
38	44	-2.23085
86	92	-2.23038
38	92	-2.23018
2	84	2.23015
72	86	-2.22828
14	54	-2.22818
32	48	-2.22745
20	82	-2.22733
20	72	2.22693
46	88	-2.22685
52	90	-2.22664
46	92	-2.22662
30	82	2.22623
28	84	-2.22554
34	62	-2.22517
46	60	2.22436
90	96	-2.2235
16	38	-2.22344
34	38	-2.22331
16	62	-2.22242
20	38	-2.22209
82	88	-2.2214
30	56	2.22086
16	70	-2.22082
42	78	2.22057
22	74	-2.22015
10	74	-2.22006
8	94	2.22004
42	82	2.21995
10	68	-2.21962
26	68	-2.21958
16	46	-2.21898
28	56	-2.21847
86	94	-2.21804
54	82	-2.21741
52	54	2.21718
2	24	-2.21714
10	48	-2.21711
34	46	-2.21672
38	58	-2.21669
24	44	2.21576
34	70	-2.21528
54	68	-2.21368
46	72	-2.21327
30	52	-2.2128
72	94	2.2126
48	50	-2.21206
72	98	2.21111
60	94	-2.20968
64	92	2.20889
14	16	-2.2079
14	44	-2.20786
84	96	-2.20675
14	34	-2.2067
4	32	-2.20669
38	54	-2.20594
28	86	-2.20514
18	66	2.20415
64	88	2.20351
38	88	-2.20286
58	94	2.2027
48	70	2.20257
0	38	2.2007
50	56	-2.20057
2	46	2.2001
34	58	2.19983
2	26	-2.19823
60	86	2.1981
56	66	-2.19809
16	58	2.19738
24	88	2.1968
26	94	2.19674
60	64	-2.19606
54	62	-2.19577
24	72	2.19541
28	62	-2.19506
16	82	-2.19502
42	94	-2.19482
34	82	-2.19406
34	42	-2.19332
8	66	2.19311
12	16	-2.19268
14	88	-2.19204
2	8	-2.19171
2	98	-2.19109
34	72	2.19084
16	42	-2.19049
16	72	2.19037
0	94	-2.18951
14	62	2.18936
38	94	-2.18924
14	92	-2.18853
32	94	2.18833
40	62	-2.18822
24	92	2.188
20	62	-2.18773
30	38	2.18755
10	82	-2.18723
28	72	2.18669
44	98	2.18657
20	86	-2.18558
12	34	-2.18545
42	76	-2.18481
8	96	2.18444
50	58	2.18422
32	36	-2.18351
58	82	-2.18277
0	18	-2.18112
0	34	-2.18106
38	50	-2.18073
14	50	-2.18049
8	16	2.17968
76	94	2.17937
0	16	-2.17911
22	76	2.17806
54	84	-2.1779
8	34	2.17718
22	48	-2.17651
46	50	-2.17596
0	82	2.17442
60	66	-2.17427
16	86	-2.17349
2	50	-2.17303
6	40	2.17293
18	58	2.17208
26	66	2.17135
62	94	-2.17126
34	86	-2.17081
12	48	2.1701
88	98	2.17006
12	32	-2.16753
2	14	2.16719
82	94	-2.16711
48	68	2.16644
10	34	2.1655
26	96	2.16482
62	86	2.16372
22	68	-2.16281
92	98	2.16103
10	38	-2.15963
0	50	-2.15894
20	46	-2.15826
10	16	2.15747
42	50	-2.15699
46	62	2.15676
54	56	-2.15649
16	26	2.15631
72	92	2.15555
40	86	-2.15402
50	54	2.1539
26	34	2.15386
40	60	-2.15352
32	90	-2.15247
42	68	2.15181
50	84	-2.1515
2	52	-2.15035
44	52	2.15025
56	96	-2.14837
52	84	-2.14826
20	60	-2.14803
2	86	2.14776
58	78	-2.14762
18	74	-2.14745
60	98	-2.14718
72	88	2.14693
66	78	-2.14434
32	80	-2.14408
52	88	2.14335
62	88	-2.14142
10	62	-2.14113
22	70	-2.14095
24	60	-2.14092
54	60	-2.13917
10	12	-2.1385
74	76	-2.13802
50	82	-2.13704
84	98	-2.13461
40	46	-2.13354
28	38	-2.13344
60	96	-2.133
16	76	2.1306
18	82	-2.13042
52	92	2.13022
52	60	-2.12993
70	74	2.12982
62	92	-2.12843
62	64	-2.12756
14	20	-2.12678
34	76	2.12635
18	26	2.12606
44	72	2.12596
20	64	2.12582
54	96	2.12533
6	20	2.12475
30	50	-2.1234
0	78	2.12232
42	70	2.12201
40	80	-2.12175
22	34	2.1207
16	68	-2.12005
28	30	-2.11905
8	52	2.11828
62	66	-2.11801
24	84	-2.11788
18	84	-2.11766
20	24	2.11714
34	68	-2.11679
8	18	2.11673
4	10	-2.11647
10	94	2.11545
68	94	-2.11544
28	78	-2.11508
0	68	2.11457
2	28	-2.11372
30	96	-2.11318
64	72	2.11259
44	62	-2.11252
16	22	2.11246
10	70	-2.11242
0	54	-2.11202
52	56	-2.10889
18	42	-2.10733
58	68	-2.10726
6	32	2.10718
56	98	-2.10589
8	28	2.10511
14	84	2.1044
2	72	-2.104
22	78	-2.10389
58	76	2.10326
14	40	-2.10217
22	82	-2.10178
28	54	2.10154
26	52	2.10129
2	62	2.10119
78	96	-2.10105
50	86	-2.10058
38	86	2.09855
6	92	2.09853
56	64	-2.09827
0	30	2.09825
40	64	2.098
82	86	2.09783
14	56	2.09765
18	56	-2.09739
20	98	2.09705
28	82	-2.09685
60	88	-2.09674
64	84	-2.09497
4	22	-2.09492
10	76	2.0949
10	60	-2.09484
68	74	2.09401
24	56	-2.09273
66	76	2.09249
54	58	2.09226
38	66	-2.09197
32	70	-2.09172
18	38	-2.09134
62	98	-2.09102
10	36	-2.09079
50	88	2.08974
68	86	2.08943
32	68	-2.08917
40	90	-2.08904
14	38	2.08793
10	80	-2.08767
24	40	2.08743
26	28	2.0873
8	98	2.08729
0	76	-2.08682
20	50	2.0866
30	58	-2.08615
60	92	-2.08589
24	62	-2.08566
12	42	2.08546
12	74	2.08513
62	96	-2.08446
6	44	2.08375
20	80	-2.08259
50	72	2.08234
2	96	-2.08152
52	62	-2.08068
44	50	2.08012
20	52	2.07918
30	66	-2.07868
20	90	-2.07861
30	62	2.07821
54	66	2.07803
22	38	-2.07786
76	96	2.07779
30	72	-2.07699
6	88	2.07612
36	40	-2.0757
10	90	-2.07381
40	94	2.07331
8	24	2.07289
22	94	2.07228
28	44	2.07215
58	70	-2.07169
26	98	2.07166
44	60	-2.07044
54	72	2.07032
40	98	2.07018
44	96	2.07008
14	82	2.06963
22	36	-2.06878
46	84	2.06853
88	96	2.06844
50	92	2.06838
66	82	-2.06818
18	48	-2.06715
6	10	2.06632
8	14	-2.06617
32	60	-2.0657
46	56	2.06462
0	88	-2.06453
38	96	-2.0643
26	50	2.06404
0	44	-2.06397
38	46	2.0635
8	50	2.06321
50	78	-2.06206
54	90	-2.06169
66	70	-2.06155
22	62	-2.06155
80	92	-2.06112
40	50	2.0609
28	70	-2.06061
12	66	-2.06036
0	70	2.05985
56	86	2.05933
22	80	-2.05931
4	40	-2.05916
32	76	2.05877
10	72	2.05875
24	26	2.05856
92	96	2.05851
84	86	2.0577
0	2	2.05742
28	88	2.05546
0	92	-2.05497
40	52	2.05492
2	66	-2.05474
44	58	2.05348
28	92	2.05337
14	26	-2.05313
92	94	2.05311
2	60	2.05302
30	74	2.05299
50	76	2.05293
38	64	-2.05205
42	54	-2.05195
52	78	-2.05194
20	36	-2.05126
58	88	2.05081
44	80	-2.05074
32	78	-2.05055
2	58	-2.05035
46	82	2.0503
22	26	2.04995
44	94	2.04964
38	52	-2.04962
82	96	-2.04957
18	34	2.04834
38	98	-2.04722
50	70	-2.04665
6	30	-2.04655
20	94	2.04645
44	66	2.04529
22	90	-2.04527
10	78	-2.04517
58	92	2.04422
16	18	2.04372
80	88	-2.04335
10	56	-2.04299
78	98	-2.04282
14	68	2.04274
8	22	2.04222
54	74	-2.04105
24	38	-2.04079
4	18	-2.04076
8	86	-2.04054
30	42	2.04039
30	60	2.04031
12	58	-2.03985
46	68	2.03981
66	88	2.03904
6	22	2.03868
12	28	-2.03731
8	46	-2.0372
22	60	-2.03709
52	82	-2.03673
2	74	2.03625
66	92	2.03565
4	20	-2.03553
88	90	-2.03546
28	76	2.03494
16	40	2.03466
50	68	-2.03345
12	46	2.03321
24	78	-2.03304
88	94	2.03263
2	42	2.0324
70	96	-2.03239
12	96	-2.03216
52	76	2.03163
32	72	2.03147
90	92	-2.03119
20	96	2.03092
34	40	2.03086
40	48	-2.03062
30	94	-2.03054
68	96	-2.03035
2	6	-2.03033
26	86	-2.03031
82	98	-2.03005
8	64	2.02986
36	92	-2.029
18	36	-2.02847
26	46	-2.02802
0	12	2.02774
0	20	-2.02724
12	86	2.02679
44	74	-2.02679
64	82	-2.02638
18	94	2.02524
32	62	-2.02517
24	82	-2.02511
30	80	2.02492
52	68	-2.02448
66	68	-2.02445
64	78	-2.02364
36	44	-2.02354
26	64	2.02282
22	72	2.02279
12	64	-2.02214
44	90	-2.02209
42	88	-2.02155
20	28	2.02154
6	54	2.02134
16	44	2.02132
16	92	2.02124
40	96	2.02051
4	92	-2.02024
42	44	-2.02014
28	68	-2.01926
36	88	-2.01902
34	44	2.01872
34	92	2.01827
22	56	-2.01787
20	58	2.01778
10	26	2.01757
16	20	2.01719
42	92	-2.01683
4	44	-2.01666
12	14	2.01666
74	92	-2.01661
76	98	2.01618
18	80	-2.01611
30	48	2.01607
22	84	-2.01592
18	90	-2.01584
0	40	-2.01566
74	88	-2.01517
14	78	2.0148
20	34	2.01458
2	94	-2.0145
12	24	-2.01432
18	62	-2.01425
36	54	-2.01386
16	30	-2.01381
20	66	2.01363
8	10	2.01346
32	84	-2.01324
20	48	-2.01317
30	34	-2.01304
48	54	-2.01298
12	98	-2.01284
2	90	2.01281
2	80	2.01271
24	68	-2.01245
68	98	-2.01179
2	16	-2.01179
2	34	-2.01162
64	70	-2.01158
40	66	2.01129
48	92	-2.011
12	52	-2.01095
2	48	2.01093
32	56	-2.01078
24	76	2.01055
6	18	2.01047
4	88	-2.01046
44	48	-2.00997
70	86	2.00981
40	42	-2.0098
40	58	2.00974
30	36	2.00953
28	40	2.00947
4	30	2.00876
18	72	2.00849
54	80	-2.00843
52	70	-2.00833
16	88	2.00794
48	88	-2.00736
46	78	2.00687
76	86	-2.00674
20	42	-2.00671
12	50	-2.00663
32	82	-2.00643
30	90	2.0061
34	88	2.00606
26	32	2.00559
70	98	-2.00533
4	54	-2.00532
10	84	-2.00467
2	36	2.00444
34	54	2.00405
64	68	-2.00339
46	70	2.003
16	54	2.00294
24	70	-2.0025
8	32	2.00218
78	86	2.00216
54	94	2.0018
46	76	-2.00153
14	76	-2.00146
18	60	-2.00121
64	76	2.00114
20	74	-2.00084
40	74	-2.00079
2	4	2.00058
32	38	-2.00046
14	70	2.00045
