7	39	11.9996
11	73	11.9962
5	29	11.989
75	99	11.982
17	21	-11.9768
15	51	11.9766
1	37	11.97
79	81	11.9693
27	79	11.9652
57	77	11.9532
51	55	11.953
11	99	11.9519
73	99	11.9515
21	83	-11.9459
27	81	11.9452
69	79	11.9451
37	93	11.9356
31	97	11.9316
79	97	11.9287
1	83	11.9181
39	63	11.9159
69	81	11.9154
3	53	11.9097
7	63	11.9052
45	69	11.9035
45	81	11.9026
83	93	11.8962
7	59	11.8934
73	75	11.8875
37	83	11.8866
39	59	11.881
11	75	11.8802
69	97	11.8788
27	97	11.8742
11	49	11.8679
1	35	11.8675
17	83	11.8669
15	55	11.8656
25	51	11.8607
1	93	11.86
31	49	11.8596
9	97	11.8479
25	55	11.8442
25	59	11.8433
49	73	11.8382
53	85	11.828
17	53	11.8271
27	69	11.8267
45	79	11.8265
35	37	11.8236
37	91	11.8145
7	25	11.8074
81	97	11.8073
15	25	11.7985
25	39	11.7956
9	27	11.7918
1	21	-11.7822
5	61	11.7804
91	93	11.7729
49	69	11.7721
3	85	11.7701
31	69	11.7688
57	95	11.7599
65	87	11.7579
41	91	11.7571
47	75	11.7562
3	63	11.7498
21	53	-11.7492
31	79	11.7487
23	33	11.7447
15	39	11.7441
7	15	11.7405
49	97	11.7269
13	45	11.7265
9	31	11.7247
9	79	11.7217
65	71	11.7154
35	63	11.7147
21	93	-11.7139
13	49	11.7133
27	45	11.7121
13	69	11.7095
1	53	11.7036
1	17	11.7003
29	61	11.6923
21	37	-11.6923
61	87	-11.691
49	99	11.6875
7	51	11.6816
39	51	11.6802
53	83	11.6741
47	99	11.673
1	91	11.6593
13	73	11.645
3	35	11.6432
59	63	11.6415
27	31	11.6302
23	99	11.6284
23	47	11.6279
35	91	11.6231
11	13	11.6212
15	63	11.6122
45	97	11.6091
35	83	11.5925
49	79	11.5913
77	95	11.5835
11	23	11.575
1	3	11.5746
35	53	11.5714
9	81	11.5644
17	37	11.5638
31	81	11.5635
23	75	11.5618
35	93	11.5591
17	93	11.5503
17	85	11.5498
49	75	11.5301
11	31	11.5285
23	49	11.5173
51	59	11.517
9	69	11.5144
3	17	11.5103
23	31	11.5073
23	73	11.5065
15	59	11.504
37	53	11.503
7	55	11.4918
45	49	11.4902
25	63	11.4891
39	55	11.4842
83	91	11.4752
19	43	11.474
51	63	11.4687
31	73	11.462
49	81	11.4416
53	63	11.4371
13	81	11.436
33	47	11.436
3	39	11.4351
71	77	11.4313
13	79	11.431
35	39	11.4227
11	47	11.4192
3	21	-11.4173
55	59	11.4149
3	7	11.4085
7	35	11.4045
31	45	11.4041
47	73	11.3997
3	83	11.3956
21	35	-11.3881
41	71	11.3783
87	93	11.3763
11	69	11.3701
21	85	-11.3667
27	49	11.3638
13	99	11.363
65	93	11.3586
3	37	11.3549
67	89	11.3532
13	31	11.3385
69	73	11.3383
1	63	11.3383
13	97	11.3342
41	93	11.3219
17	35	11.3219
53	93	11.3058
31	99	11.3041
19	67	11.2878
3	15	11.284
41	65	11.2805
9	49	11.2741
11	97	11.2646
37	41	11.2457
83	87	11.2281
13	75	11.2089
73	97	11.2006
21	87	-11.176
55	63	11.1758
37	63	11.1721
9	45	11.1695
13	27	11.1677
83	85	11.159
63	85	11.1508
57	71	11.1502
1	85	11.1472
21	91	-11.1335
23	97	11.1205
65	91	11.1161
47	61	11.1077
31	75	11.1021
35	59	11.1007
11	79	11.0725
11	45	11.0677
5	87	-11.0587
45	73	11.0574
71	87	11.0483
3	51	11.0423
3	93	11.0418
21	61	11.0361
69	99	11.0295
73	79	11.0239
35	85	11.0176
39	53	11.0029
61	65	-11.0028
29	47	10.9982
33	99	10.982
43	67	10.9808
65	83	10.98
47	49	10.9787
37	87	10.9786
37	65	10.9775
1	41	10.9766
17	87	10.9752
75	95	-10.9735
7	53	10.9711
5	47	10.9694
33	75	10.959
97	99	10.9589
63	83	10.939
17	61	-10.9321
17	91	10.9272
3	59	10.9163
35	41	10.9145
65	77	10.9072
11	81	10.8995
29	87	-10.8979
1	39	10.895
61	83	-10.8871
1	7	10.8683
53	91	10.8666
37	85	10.8662
23	69	10.8643
73	81	10.8613
15	85	10.8608
43	45	10.8582
17	63	10.8524
63	91	10.8509
9	23	10.8471
1	87	10.8385
31	33	10.8383
95	99	-10.838
11	33	10.8294
3	25	10.8254
71	91	10.8163
41	83	10.8138
21	63	-10.8097
5	21	10.8038
69	75	10.7996
15	35	10.7993
5	17	-10.7991
61	93	-10.799
87	91	10.7967
73	95	-10.789
3	91	10.7837
15	53	10.7836
71	95	10.7736
11	27	10.7695
21	65	-10.7635
39	85	10.7591
33	73	10.7429
71	93	10.7411
1	65	10.7399
63	93	10.7382
33	49	10.7315
13	23	10.7314
37	39	10.7303
7	85	10.7264
75	97	10.7242
27	73	10.713
23	79	10.7091
29	33	10.7085
79	99	10.7059
9	11	10.7057
7	37	10.7054
9	13	10.7018
11	95	-10.6904
57	65	10.6898
45	99	10.6806
25	35	10.6672
31	47	10.6564
41	87	10.6553
3	55	10.6548
65	95	10.6505
85	93	10.6478
17	29	-10.6442
21	29	10.6394
9	73	10.621
51	85	10.5904
35	51	10.5814
5	33	10.5716
43	81	10.567
47	87	-10.5637
5	83	-10.5252
17	65	10.5072
81	99	10.5042
51	53	10.5023
39	91	10.4953
23	27	10.4856
7	91	10.4787
47	95	-10.4746
1	59	10.4595
75	79	10.457
45	75	10.4482
53	59	10.4381
13	95	-10.437
87	95	10.436
39	83	10.4202
23	81	10.4176
37	61	-10.4145
61	75	10.4128
21	41	-10.4078
9	99	10.4066
19	81	10.4042
19	89	10.3963
19	45	10.3941
37	71	10.3914
7	83	10.3895
27	99	10.3878
33	97	10.3869
13	47	10.3775
1	61	-10.375
29	83	-10.3509
23	45	10.3486
37	59	10.3403
13	43	10.3272
17	39	10.3203
43	69	10.3174
77	87	10.3126
1	15	10.3041
7	17	10.2863
53	87	10.2794
25	53	10.2736
9	33	10.2727
21	39	-10.2705
5	93	-10.2698
43	79	10.2675
33	61	10.266
59	91	10.2654
75	81	10.2523
39	93	10.247
19	27	10.2423
7	21	-10.2375
27	43	10.2302
71	83	10.2285
35	65	10.222
7	93	10.2204
35	55	10.2045
55	85	10.2022
25	85	10.1989
57	87	10.1974
35	87	10.1952
23	29	10.1876
5	65	-10.1788
61	99	10.1773
47	97	10.1708
9	75	10.1701
59	85	10.1585
17	41	10.1547
53	61	-10.145
27	75	10.1322
85	91	10.1317
49	95	-10.1288
29	75	10.1278
5	75	10.1106
1	71	10.1061
57	75	-10.0989
19	79	10.0962
75	87	-10.0947
29	93	-10.0929
5	23	10.0905
53	55	10.0824
47	69	10.0804
61	71	-10.0747
15	37	10.064
5	53	-10.0586
61	95	-10.045
1	51	10.0422
23	61	10.0403
41	63	10.0386
1	25	10.0329
61	91	-10.0208
41	53	10.0194
1	5	-10.0174
41	77	10.0158
33	69	10.0149
29	65	-10.0071
47	65	-9.98888
15	17	9.98485
5	37	-9.97851
57	99	-9.96134
53	65	9.95311
21	71	-9.9484
29	99	9.94614
59	83	9.9383
57	73	-9.93272
3	41	9.93149
19	69	9.92758
5	99	9.91648
29	53	-9.91095
33	79	9.91081
5	85	-9.89397
15	83	9.89193
75	77	-9.86022
15	21	-9.85499
1	29	-9.85304
25	37	9.85275
59	93	9.85089
13	33	9.84086
87	99	-9.83874
11	57	-9.83556
43	97	9.82631
29	37	-9.81369
37	51	9.81356
47	79	9.79249
61	85	-9.78872
23	95	-9.78723
3	87	9.77854
45	55	-9.77754
17	59	9.77737
29	85	-9.77532
61	73	9.764
55	81	-9.7627
11	61	9.75342
21	59	-9.75032
9	47	9.74431
85	87	9.74131
65	75	-9.73982
41	61	-9.73764
27	33	9.73449
39	41	9.73382
35	71	9.73266
55	69	-9.72955
51	81	-9.72365
7	41	9.72145
55	79	-9.72076
77	99	-9.7162
13	57	-9.71378
45	51	-9.71039
17	71	9.70993
15	91	9.70846
43	59	-9.70259
17	51	9.69394
35	61	-9.69267
27	55	-9.68462
15	81	-9.67673
25	45	-9.66854
25	91	9.66076
73	77	-9.65899
51	79	-9.65734
27	51	-9.65652
45	47	9.64394
41	57	9.63886
47	57	-9.63796
1	55	9.63796
15	45	-9.63469
19	97	9.62911
7	43	-9.62716
51	69	-9.62638
15	27	-9.62507
39	43	-9.62033
51	83	9.61768
33	81	9.61203
19	35	-9.61147
43	49	9.61019
19	63	-9.60842
67	91	-9.60767
55	97	-9.60105
15	79	-9.5979
15	93	9.59784
57	61	-9.59756
61	77	-9.59351
41	59	9.59312
3	61	-9.57535
69	95	-9.57434
11	77	-9.57355
21	51	-9.57078
3	65	9.56918
13	55	-9.56623
11	29	9.56569
9	19	9.55707
25	83	9.55015
29	73	9.54803
25	81	-9.5439
31	95	-9.54345
47	81	9.54327
15	69	-9.53541
43	89	9.52783
33	87	-9.52768
25	43	-9.52742
5	11	9.52642
43	63	-9.52603
19	39	-9.52
13	19	9.51932
31	43	9.51878
1	19	-9.51775
3	19	-9.51575
17	25	9.51451
5	91	-9.51404
5	73	9.51402
7	19	-9.51295
33	45	9.5089
27	47	9.50807
51	91	9.50724
65	99	-9.5054
51	97	-9.50126
3	5	-9.49354
25	69	-9.48918
45	95	-9.48328
47	77	-9.48245
9	43	9.48084
77	93	9.47817
73	87	-9.47723
65	89	-9.46895
13	25	-9.46715
31	55	-9.46538
37	67	-9.46208
49	55	-9.45785
19	37	-9.4569
23	87	-9.45598
41	67	-9.45093
47	71	-9.44503
25	79	-9.44001
11	87	-9.4399
21	25	-9.43617
5	95	-9.4332
35	67	-9.42932
19	53	-9.42815
37	55	9.42713
71	75	-9.42666
15	97	-9.42338
9	55	-9.42133
5	35	-9.41696
67	93	-9.41669
7	45	-9.41149
39	45	-9.40584
13	51	-9.39864
35	43	-9.39715
65	85	9.391
25	27	-9.38693
49	57	-9.38087
29	91	-9.38004
13	77	-9.37865
45	59	-9.37643
77	91	9.37399
25	93	9.37118
41	85	9.37039
9	51	-9.3702
89	93	-9.36882
1	67	-9.36206
19	83	-9.36174
29	95	-9.36141
3	29	-9.36028
19	59	-9.35251
51	93	9.35157
87	89	-9.34758
53	71	9.34589
9	15	-9.33459
7	81	-9.33192
39	81	-9.33183
95	97	-9.3291
31	51	-9.31826
19	25	-9.31311
15	19	-9.31302
89	91	-9.30448
19	93	-9.29042
17	55	9.28964
29	35	-9.28565
41	95	9.28402
37	89	-9.27186
19	21	9.26761
49	51	-9.26755
5	71	-9.26668
19	51	-9.26295
13	15	-9.25758
43	51	-9.25093
63	87	9.24882
71	99	-9.24869
25	97	-9.24859
19	91	-9.24794
15	43	-9.24701
17	19	-9.24408
43	73	9.24348
79	95	-9.23769
11	43	9.22932
57	93	9.22458
55	83	9.22345
63	65	9.22253
71	89	-9.22004
65	73	-9.21883
15	31	-9.21189
67	83	-9.2112
45	63	-9.20908
19	31	9.20328
59	81	-9.20192
27	39	-9.19815
43	55	-9.19652
63	81	-9.19626
21	47	9.19569
7	27	-9.1952
7	79	-9.18809
39	79	-9.18761
33	95	-9.18345
11	55	-9.18148
55	91	9.18137
41	89	-9.18115
83	89	-9.17514
21	55	-9.17509
1	89	-9.17276
7	69	-9.17123
11	65	-9.17112
55	73	-9.1709
19	55	-9.16971
39	69	-9.16651
49	61	9.16399
5	41	-9.16203
25	49	-9.15842
49	77	-9.15781
13	59	-9.15692
81	95	-9.15569
77	83	9.14771
93	95	9.14264
47	93	-9.13494
45	67	9.13293
15	49	-9.12791
29	71	-9.12754
19	85	-9.1246
59	67	-9.11922
63	67	-9.11614
59	69	-9.11612
37	77	9.11092
3	43	-9.10681
3	71	9.10086
33	65	-9.09956
27	63	-9.09912
29	49	9.09582
67	81	9.09462
25	31	-9.09437
17	47	-9.09066
35	89	-9.0903
23	65	-9.08774
47	83	-9.08698
65	67	-9.07846
19	49	9.07844
1	43	-9.07647
7	67	-9.07242
15	41	9.07202
39	67	-9.07075
43	91	-9.06659
59	79	-9.06411
57	91	9.06331
21	77	-9.0615
71	73	-9.05933
23	57	-9.05858
29	41	-9.05787
37	43	-9.05267
7	13	-9.04872
63	79	-9.04257
5	49	9.0393
13	39	-9.03543
5	57	-9.03416
25	41	9.02827
9	25	-9.02123
27	59	-9.01962
57	69	-9.01678
11	71	-9.01377
27	95	-9.00727
21	89	9.00417
31	57	-9.0024
3	81	-8.9968
71	85	8.99452
55	93	8.9934
27	67	8.99143
21	67	8.98865
9	95	-8.98842
3	27	-8.98319
33	41	-8.98247
5	77	-8.97521
63	69	-8.97035
55	99	-8.95542
11	51	-8.95367
17	77	8.9535
7	97	-8.9528
29	57	-8.95147
23	77	-8.95144
45	57	-8.95138
39	97	-8.95137
59	89	-8.94942
67	71	-8.94769
57	83	8.9455
51	73	-8.94149
1	77	8.9296
25	89	-8.92888
61	63	-8.92779
25	73	-8.92368
41	51	8.92329
11	25	-8.91861
23	71	-8.91719
43	99	8.90562
57	97	-8.90328
43	53	-8.9018
9	77	-8.90097
21	57	-8.90069
29	31	8.89772
61	89	8.89743
3	45	-8.89172
31	77	-8.89133
67	79	8.89103
83	95	8.87931
3	67	-8.87881
29	77	-8.87831
25	67	-8.8758
9	57	-8.87377
27	85	-8.87372
63	71	8.8722
33	71	-8.87113
7	89	-8.87039
91	95	8.86839
39	89	-8.86572
67	87	-8.86462
37	57	8.86267
17	67	-8.86223
17	89	-8.86102
53	67	-8.85897
3	79	-8.85837
49	87	-8.85192
59	97	-8.85132
63	89	-8.85024
31	61	8.84896
21	95	-8.84094
23	55	-8.83412
57	79	-8.83017
41	47	-8.82958
9	39	-8.82757
5	63	-8.82655
5	31	8.82524
7	9	-8.82413
55	75	-8.82141
69	77	-8.81685
39	65	8.81684
43	93	-8.81321
17	57	8.81202
81	85	-8.80697
77	97	-8.80314
55	89	-8.80305
39	87	8.80193
7	65	8.79812
63	97	-8.79688
11	15	-8.79649
43	83	-8.79649
19	41	-8.78866
13	61	8.78625
15	73	-8.78273
7	87	8.78014
67	69	8.77794
37	47	-8.768
49	59	-8.76297
77	85	8.76245
57	81	-8.76115
13	63	-8.75833
43	75	8.74864
37	95	8.74845
7	31	-8.74734
9	63	-8.74639
77	89	-8.74602
31	39	-8.74319
9	67	8.7395
7	49	-8.7366
27	57	-8.7359
29	63	-8.73314
53	89	-8.72879
39	49	-8.72812
23	43	8.7245
51	99	-8.72364
51	89	-8.71667
41	43	-8.71599
17	95	8.7136
45	77	-8.7136
3	69	-8.71295
79	85	-8.71116
1	57	8.70774
27	53	-8.70606
53	81	-8.70334
31	59	-8.70159
9	71	-8.70081
25	99	-8.69761
77	79	-8.69701
3	89	-8.69476
41	55	8.69378
47	91	-8.69059
1	47	-8.68534
3	9	-8.68486
75	93	-8.68393
9	85	-8.68143
33	91	-8.67588
33	93	-8.66986
35	45	-8.66936
53	77	8.66578
9	59	-8.6626
49	65	-8.66123
35	81	-8.66066
21	33	8.66022
15	89	-8.65725
21	43	8.65642
67	97	8.65598
13	29	8.65549
89	95	-8.6547
27	77	-8.65126
57	89	-8.65117
57	85	8.64608
49	71	-8.64518
13	87	-8.64455
11	19	8.63712
21	75	8.63596
15	67	-8.63564
17	43	-8.63494
43	85	-8.63359
23	51	-8.63303
19	73	8.63104
3	97	-8.62935
45	85	-8.62413
51	67	-8.62368
23	41	-8.61972
5	13	8.61908
77	81	-8.61026
33	57	-8.61017
17	33	-8.60063
1	95	8.59494
51	75	-8.59377
45	53	-8.59016
33	83	-8.58991
75	83	-8.58804
27	35	-8.58652
55	67	-8.58607
19	87	-8.58596
31	71	-8.58255
25	75	-8.58195
59	65	8.57762
33	77	-8.57695
35	77	8.57443
53	79	-8.57416
15	99	-8.57266
31	63	-8.56657
59	73	-8.5664
39	71	8.5642
13	67	8.56264
33	43	8.56241
11	59	-8.55667
19	65	-8.55226
41	75	-8.55079
7	71	8.55006
13	71	-8.54827
13	65	-8.54702
9	41	-8.54025
31	87	-8.53873
17	75	-8.53718
29	97	8.53677
85	97	-8.53548
39	61	-8.53044
69	85	-8.528
23	25	-8.51983
53	57	8.51593
93	99	-8.5138
35	79	-8.51272
59	87	8.51244
7	61	-8.51109
15	23	-8.5071
49	63	-8.50632
43	95	-8.50517
61	97	8.5015
5	39	-8.48696
33	37	-8.48255
47	53	-8.48134
5	97	8.4797
7	73	-8.47642
21	99	8.47601
7	11	-8.47541
5	89	8.4745
5	7	-8.47127
61	69	8.46839
3	77	8.46604
39	73	-8.46588
61	67	8.4654
11	39	-8.46529
31	67	8.46292
33	55	-8.45225
15	75	-8.45037
71	97	-8.45021
9	53	-8.4482
31	65	-8.44083
67	85	-8.43826
41	99	-8.43807
29	69	8.43796
35	69	-8.43527
53	69	-8.433
83	99	-8.43158
29	39	-8.42967
33	67	8.42186
1	81	-8.42014
15	87	8.41761
7	29	-8.41651
47	55	-8.41343
23	93	-8.40138
3	13	-8.40114
29	89	8.39582
5	69	8.39572
17	99	-8.39315
1	45	-8.39307
59	71	8.39077
15	65	8.39059
1	33	-8.39007
21	23	8.38945
3	31	-8.38675
19	99	8.38287
1	27	-8.37967
37	75	-8.37917
19	61	8.37633
53	97	-8.37386
35	57	8.37321
47	89	8.37194
59	99	-8.37193
9	29	8.36199
85	89	-8.36057
75	91	-8.35644
9	35	-8.34886
55	95	8.34416
17	23	-8.33266
23	83	-8.33038
5	59	-8.32895
3	57	8.32514
17	27	-8.32398
17	81	-8.32129
47	85	-8.31769
29	59	-8.31762
35	97	-8.31547
15	71	8.31476
23	91	-8.31443
49	67	8.31252
37	81	-8.31233
19	23	8.31163
31	85	-8.31096
53	95	8.31026
29	79	8.30674
73	93	-8.30583
43	47	8.3056
1	75	-8.30556
5	9	8.30524
61	79	8.30339
31	41	-8.30285
81	89	8.30251
33	51	-8.30194
27	89	8.30188
37	45	-8.30042
19	71	-8.29615
1	79	-8.29488
69	71	-8.29485
33	59	-8.29455
25	33	-8.29435
9	65	-8.29412
67	77	-8.29081
35	47	-8.29045
7	99	-8.29021
59	61	-8.28975
11	93	-8.28806
43	57	-8.28658
69	87	-8.28561
27	71	-8.28522
59	75	-8.28486
9	61	8.28467
85	95	8.28448
5	67	8.28352
13	35	-8.28298
15	61	-8.28185
39	99	-8.2815
87	97	-8.2811
41	73	-8.27979
25	95	8.2788
3	49	-8.27872
11	41	-8.27755
27	37	-8.2751
71	79	-8.27478
23	59	-8.27467
51	87	8.2741
19	75	8.27073
5	79	8.26834
21	73	8.2675
45	61	8.26671
25	65	8.2653
5	15	-8.26467
45	89	8.26389
75	89	8.26348
21	81	8.26187
33	35	-8.26094
81	83	-8.25994
35	95	8.25981
11	63	-8.25911
51	65	8.25849
11	21	8.25787
63	73	-8.25686
25	87	8.25681
29	67	8.25661
5	19	8.25645
37	99	-8.25496
9	89	8.25354
21	27	8.25332
65	97	-8.24777
91	99	-8.24377
9	91	-8.2429
17	45	-8.23954
47	51	-8.23919
73	83	-8.23901
41	97	-8.23756
27	83	-8.23726
55	57	8.23426
29	45	8.22721
11	83	-8.22655
17	79	-8.22504
45	83	-8.22192
51	71	8.21838
1	69	-8.21531
15	33	-8.21272
15	29	-8.21251
7	23	-8.20974
25	47	-8.20774
23	67	8.20731
65	69	-8.20632
17	73	-8.20632
7	75	-8.20533
23	37	-8.20502
61	81	8.20495
23	39	-8.20318
37	79	-8.20294
43	65	-8.20276
19	29	8.20269
13	85	-8.20203
21	45	8.20156
79	89	8.20117
11	17	-8.19996
27	29	8.19981
39	75	-8.19766
5	45	8.19747
1	99	-8.19671
3	47	-8.19606
51	95	8.19594
1	9	-8.19472
33	53	-8.19378
29	81	8.19372
45	91	-8.19216
55	77	8.19139
81	91	-8.19051
27	41	-8.18623
57	67	-8.18271
27	61	8.18112
27	91	-8.18109
31	53	-8.18
89	99	8.17984
13	53	-8.17589
71	81	-8.1748
63	77	8.17122
15	77	8.17094
21	79	8.17028
49	85	-8.16992
5	27	8.16889
5	81	8.16628
51	57	8.16513
9	87	-8.16458
51	61	-8.16375
33	89	8.16344
45	87	-8.16339
79	83	-8.16175
51	77	8.15923
41	49	-8.15775
31	35	-8.15651
7	33	-8.15589
25	71	8.15369
9	37	-8.15349
45	71	-8.15005
53	75	-8.14968
33	39	-8.14888
5	51	-8.14881
15	47	-8.14792
79	87	-8.1477
81	93	-8.14721
15	57	8.14711
9	17	-8.14381
1	23	-8.14214
59	95	8.14002
37	69	-8.13924
43	77	-8.13912
1	97	-8.13885
45	93	-8.13833
17	69	-8.13723
43	87	-8.13504
25	57	8.13267
19	33	8.13054
5	25	-8.13053
41	79	-8.12879
27	93	-8.12621
79	91	-8.12508
43	71	-8.12313
63	99	-8.12255
29	43	8.12195
25	61	-8.11965
55	71	8.11951
37	73	-8.11937
55	87	8.11901
3	95	8.11805
67	95	-8.1174
25	29	-8.11581
15	95	8.11495
65	79	-8.11446
69	89	8.11383
33	85	-8.11288
73	91	-8.11215
29	51	-8.11209
55	65	8.10867
11	37	-8.10825
49	53	-8.10746
89	97	8.10582
35	49	-8.10555
45	65	-8.10554
11	91	-8.10437
21	69	8.1026
11	67	8.10234
69	83	-8.10124
17	97	-8.10069
41	81	-8.09805
1	13	-8.09712
73	89	8.09579
5	43	8.09546
67	73	8.09478
23	89	8.09384
9	21	8.09213
3	11	-8.09133
9	83	-8.09054
81	87	-8.09033
53	99	-8.08794
91	97	-8.08678
3	73	-8.08598
1	73	-8.08525
33	63	-8.08247
11	89	8.08198
37	97	-8.08138
9	93	-8.08063
23	63	-8.0781
1	11	-8.07666
57	63	8.07284
35	75	-8.07272
79	93	-8.07272
31	91	-8.07185
69	91	-8.07164
63	75	-8.07164
27	65	-8.07149
19	95	-8.07132
21	49	8.06876
25	77	8.06632
13	37	-8.06504
27	87	-8.06369
49	93	-8.06315
47	67	8.06257
41	69	-8.06194
21	97	8.06164
75	85	-8.0588
55	61	-8.05624
65	81	-8.0546
17	49	-8.05421
23	53	-8.05269
47	59	-8.05125
83	97	-8.05026
39	77	8.05012
13	89	8.04974
49	83	-8.04875
13	93	-8.04691
3	33	-8.04686
7	77	8.04475
3	75	-8.04439
13	83	-8.04351
19	47	8.04278
3	99	-8.04125
11	53	-8.04114
5	55	-8.04051
53	73	-8.04023
7	95	8.04004
41	45	-8.03993
23	85	-8.03913
69	93	-8.03777
31	89	8.03664
39	95	8.03504
23	35	-8.0335
13	21	8.03306
57	59	8.03272
11	85	-8.03217
1	31	-8.03199
35	99	-8.03125
85	99	-8.03101
43	61	8.03058
17	31	-8.02995
13	91	-8.02877
67	99	8.02783
13	17	-8.02715
73	85	-8.02555
35	73	-8.02513
29	55	-8.02365
11	35	-8.02167
47	63	-8.02141
1	49	-8.02093
21	31	8.01912
13	41	-8.01732
39	57	8.01555
7	57	8.0143
7	47	-8.0141
31	93	-8.01233
39	47	-8.01231
3	23	-8.01159
31	37	-8.01154
49	91	-8.01146
93	97	-8.0109
37	49	-8.00878
19	57	-8.00844
63	95	8.00603
67	75	8.00544
31	83	-8.00467
19	77	-8.00173
59	77	8.00134
49	89	8.00086
56	57	6
26	27	6
64	65	6
22	23	6
88	89	6
46	47	6
18	19	6
62	63	6
86	87	6
50	51	6
58	59	6
38	39	6
92	93	6
28	29	6
60	61	6
44	45	6
94	95	6
96	97	6
90	91	6
36	37	6
66	67	6
40	41	6
78	79	6
80	81	6
76	77	6
74	75	6
52	53	6
30	31	6
72	73	6
42	43	6
68	69	6
32	33	6
82	83	6
20	21	6
14	15	6
70	71	6
16	17	6
84	85	6
34	35	6
54	55	6
48	49	6
24	25	6
0	1	6
98	99	6
4	5	6
12	13	6
2	3	6
10	11	6
8	9	6
6	7	6
6	39	5.99981
7	38	5.99981
11	72	5.99811
10	73	5.99811
5	28	5.9945
4	29	5.9945
75	98	5.99101
74	99	5.99101
17	20	-5.98842
16	21	-5.98842
15	50	5.98831
14	51	5.98831
0	37	5.98502
1	36	5.98502
79	80	5.98463
78	81	5.98463
26	79	5.98261
27	78	5.98261
56	77	5.97659
57	76	5.97659
50	55	5.9765
51	54	5.9765
10	99	5.97596
11	98	5.97596
73	98	5.97577
72	99	5.97577
21	82	-5.97297
20	83	-5.97297
26	81	5.9726
27	80	5.9726
68	79	5.97255
69	78	5.97255
37	92	5.96782
36	93	5.96782
31	96	5.96582
30	97	5.96582
78	97	5.96435
79	96	5.96435
0	83	5.95907
1	82	5.95907
39	62	5.95795
38	63	5.95795
68	81	5.95769
69	80	5.95769
2	53	5.95484
3	52	5.95484
7	62	5.95259
6	63	5.95259
44	69	5.95174
45	68	5.95174
44	81	5.95132
45	80	5.95132
83	92	5.94812
82	93	5.94812
6	59	5.94671
7	58	5.94671
73	74	5.94377
72	75	5.94377
36	83	5.94331
37	82	5.94331
39	58	5.94051
38	59	5.94051
10	75	5.94009
11	74	5.94009
68	97	5.93942
69	96	5.93942
26	97	5.93708
27	96	5.93708
10	49	5.93394
11	48	5.93394
1	34	5.93374
0	35	5.93374
16	83	5.93346
17	82	5.93346
14	55	5.93282
15	54	5.93282
25	50	5.93037
24	51	5.93037
0	93	5.92998
1	92	5.92998
30	49	5.92979
31	48	5.92979
8	97	5.92395
9	96	5.92395
24	55	5.92211
25	54	5.92211
25	58	5.92166
24	59	5.92166
48	73	5.91909
49	72	5.91909
53	84	5.91398
52	85	5.91398
17	52	5.91356
16	53	5.91356
27	68	5.91335
26	69	5.91335
44	79	5.91326
45	78	5.91326
34	37	5.91179
35	36	5.91179
37	90	5.90724
36	91	5.90724
6	25	5.90372
7	24	5.90372
80	97	5.90367
81	96	5.90367
14	25	5.89925
15	24	5.89925
24	39	5.89782
25	38	5.89782
9	26	5.89588
8	27	5.89588
0	21	-5.89109
1	20	-5.89109
5	60	5.89021
4	61	5.89021
91	92	5.88643
90	93	5.88643
48	69	5.88604
49	68	5.88604
3	84	5.88504
2	85	5.88504
30	69	5.88442
31	68	5.88442
56	95	5.87994
57	94	5.87994
64	87	5.87893
65	86	5.87893
40	91	5.87855
41	90	5.87855
47	74	5.8781
46	75	5.8781
3	62	5.87492
2	63	5.87492
21	52	-5.87459
20	53	-5.87459
31	78	5.87433
30	79	5.87433
22	33	5.87237
23	32	5.87237
15	38	5.87206
14	39	5.87206
7	14	5.87025
6	15	5.87025
48	97	5.86347
49	96	5.86347
12	45	5.86324
13	44	5.86324
9	30	5.86236
8	31	5.86236
8	79	5.86084
9	78	5.86084
64	71	5.85771
65	70	5.85771
35	62	5.85737
34	63	5.85737
21	92	-5.85696
20	93	-5.85696
12	49	5.85666
13	48	5.85666
26	45	5.85607
27	44	5.85607
13	68	5.85474
12	69	5.85474
0	53	5.85182
1	52	5.85182
1	16	5.85016
0	17	5.85016
28	61	5.84616
29	60	5.84616
20	37	-5.84615
21	36	-5.84615
61	86	-5.84549
60	87	-5.84549
48	99	5.84375
49	98	5.84375
6	51	5.84082
7	50	5.84082
39	50	5.84009
38	51	5.84009
53	82	5.83704
52	83	5.83704
46	99	5.83651
47	98	5.83651
1	90	5.82965
0	91	5.82965
13	72	5.82251
12	73	5.82251
3	34	5.82162
2	35	5.82162
59	62	5.82076
58	63	5.82076
27	30	5.81511
26	31	5.81511
23	98	5.81418
22	99	5.81418
23	46	5.81393
22	47	5.81393
34	91	5.81154
35	90	5.81154
10	13	5.8106
11	12	5.8106
15	62	5.8061
14	63	5.8061
44	97	5.80457
45	96	5.80457
35	82	5.79624
34	83	5.79624
48	79	5.79567
49	78	5.79567
76	95	5.79174
77	94	5.79174
11	22	5.78748
10	23	5.78748
1	2	5.78732
0	3	5.78732
34	53	5.78569
35	52	5.78569
9	80	5.78222
8	81	5.78222
17	36	5.78189
16	37	5.78189
30	81	5.78176
31	80	5.78176
23	74	5.78091
22	75	5.78091
35	92	5.77953
34	93	5.77953
16	93	5.77516
17	92	5.77516
17	84	5.77489
16	85	5.77489
49	74	5.76504
48	75	5.76504
10	31	5.76427
11	30	5.76427
23	48	5.75866
22	49	5.75866
51	58	5.7585
50	59	5.7585
8	69	5.75721
9	68	5.75721
3	16	5.75517
2	17	5.75517
23	30	5.75366
22	31	5.75366
22	73	5.75324
23	72	5.75324
14	59	5.752
15	58	5.752
36	53	5.75151
37	52	5.75151
6	55	5.74591
7	54	5.74591
45	48	5.74508
44	49	5.74508
24	63	5.74453
25	62	5.74453
38	55	5.74211
39	54	5.74211
83	90	5.73759
82	91	5.73759
18	43	5.73699
19	42	5.73699
50	63	5.73436
51	62	5.73436
30	73	5.731
31	72	5.731
48	81	5.72078
49	80	5.72078
52	63	5.71857
53	62	5.71857
12	81	5.71801
13	80	5.71801
32	47	5.71799
33	46	5.71799
2	39	5.71753
3	38	5.71753
71	76	5.71567
70	77	5.71567
13	78	5.71552
12	79	5.71552
35	38	5.71136
34	39	5.71136
10	47	5.70959
11	46	5.70959
2	21	-5.70865
3	20	-5.70865
55	58	5.70745
54	59	5.70745
3	6	5.70424
2	7	5.70424
7	34	5.70226
6	35	5.70226
30	45	5.70205
31	44	5.70205
47	72	5.69984
46	73	5.69984
2	83	5.69778
3	82	5.69778
21	34	-5.69407
20	35	-5.69407
41	70	5.68913
40	71	5.68913
87	92	5.68814
86	93	5.68814
10	69	5.68505
11	68	5.68505
21	84	-5.68334
20	85	-5.68334
26	49	5.68188
27	48	5.68188
13	98	5.68148
12	99	5.68148
64	93	5.67932
65	92	5.67932
2	37	5.67747
3	36	5.67747
67	88	5.67661
66	89	5.67661
12	31	5.66923
13	30	5.66923
69	72	5.66914
68	73	5.66914
1	62	5.66914
0	63	5.66914
13	96	5.66709
12	97	5.66709
41	92	5.66094
40	93	5.66094
17	34	5.66094
16	35	5.66094
53	92	5.65288
52	93	5.65288
31	98	5.65205
30	99	5.65205
18	67	5.64391
19	66	5.64391
2	15	5.64201
3	14	5.64201
41	64	5.64024
40	65	5.64024
9	48	5.63707
8	49	5.63707
10	97	5.63228
11	96	5.63228
37	40	5.62285
36	41	5.62285
82	87	5.61407
83	86	5.61407
13	74	5.60445
12	75	5.60445
73	96	5.60032
72	97	5.60032
21	86	-5.58801
20	87	-5.58801
55	62	5.58788
54	63	5.58788
37	62	5.58606
36	63	5.58606
9	44	5.58473
8	45	5.58473
13	26	5.58387
12	27	5.58387
82	85	5.57949
83	84	5.57949
63	84	5.57542
62	85	5.57542
56	71	5.5751
57	70	5.5751
0	85	5.57358
1	84	5.57358
21	90	-5.56677
20	91	-5.56677
23	96	5.56023
22	97	5.56023
64	91	5.55805
65	90	5.55805
47	60	5.55383
46	61	5.55383
30	75	5.55105
31	74	5.55105
35	58	5.55034
34	59	5.55034
11	78	5.53625
10	79	5.53625
11	44	5.53387
10	45	5.53387
4	87	-5.52936
5	86	-5.52936
45	72	5.52871
44	73	5.52871
71	86	5.52414
70	87	5.52414
3	50	5.52116
2	51	5.52116
3	92	5.5209
2	93	5.5209
20	61	5.51806
21	60	5.51806
68	99	5.51477
69	98	5.51477
73	78	5.51196
72	79	5.51196
35	84	5.50878
34	85	5.50878
38	53	5.50147
39	52	5.50147
60	65	-5.50138
61	64	-5.50138
28	47	5.49912
29	46	5.49912
32	99	5.49101
33	98	5.49101
43	66	5.49038
42	67	5.49038
65	82	5.48999
64	83	5.48999
47	48	5.48933
46	49	5.48933
37	86	5.48928
36	87	5.48928
36	65	5.48873
37	64	5.48873
1	40	5.48831
0	41	5.48831
16	87	5.48758
17	86	5.48758
74	95	-5.48675
75	94	-5.48675
6	53	5.48554
7	52	5.48554
5	46	5.48472
4	47	5.48472
32	75	5.47948
33	74	5.47948
97	98	5.47944
96	99	5.47944
62	83	5.46952
63	82	5.46952
16	61	-5.46604
17	60	-5.46604
16	91	5.46359
17	90	5.46359
3	58	5.45816
2	59	5.45816
34	41	5.45723
35	40	5.45723
64	77	5.45361
65	76	5.45361
10	81	5.44975
11	80	5.44975
29	86	-5.44893
28	87	-5.44893
1	38	5.44751
0	39	5.44751
61	82	-5.44353
60	83	-5.44353
0	7	5.43417
1	6	5.43417
53	90	5.43331
52	91	5.43331
37	84	5.43309
36	85	5.43309
22	69	5.43214
23	68	5.43214
72	81	5.43063
73	80	5.43063
15	84	5.43039
14	85	5.43039
42	45	5.42912
43	44	5.42912
17	62	5.42621
16	63	5.42621
62	91	5.42544
63	90	5.42544
9	22	5.42355
8	23	5.42355
0	87	5.41927
1	86	5.41927
31	32	5.41914
30	33	5.41914
94	99	-5.41898
95	98	-5.41898
10	33	5.41472
11	32	5.41472
3	24	5.41271
2	25	5.41271
70	91	5.40813
71	90	5.40813
41	82	5.40692
40	83	5.40692
20	63	-5.40484
21	62	-5.40484
4	21	5.40191
5	20	5.40191
69	74	5.3998
68	75	5.3998
14	35	5.39965
15	34	5.39965
4	17	-5.39955
5	16	-5.39955
60	93	-5.3995
61	92	-5.3995
87	90	5.39835
86	91	5.39835
72	95	-5.39451
73	94	-5.39451
3	90	5.39184
2	91	5.39184
15	52	5.39181
14	53	5.39181
71	94	5.38682
70	95	5.38682
11	26	5.38473
10	27	5.38473
21	64	-5.38174
20	65	-5.38174
39	84	5.37956
38	85	5.37956
32	73	5.37146
33	72	5.37146
70	93	5.37054
71	92	5.37054
0	65	5.36996
1	64	5.36996
62	93	5.36912
63	92	5.36912
32	49	5.36575
33	48	5.36575
12	23	5.36568
13	22	5.36568
36	39	5.36515
37	38	5.36515
6	85	5.36318
7	84	5.36318
75	96	5.36212
74	97	5.36212
26	73	5.35649
27	72	5.35649
23	78	5.35455
22	79	5.35455
28	33	5.35424
29	32	5.35424
79	98	5.35297
78	99	5.35297
8	11	5.35285
9	10	5.35285
7	36	5.35271
6	37	5.35271
9	12	5.35089
8	13	5.35089
10	95	-5.3452
11	94	-5.3452
56	65	5.34492
57	64	5.34492
44	99	5.34032
45	98	5.34032
24	35	5.3336
25	34	5.3336
31	46	5.32818
30	47	5.32818
41	86	5.32764
40	87	5.32764
3	54	5.32738
2	55	5.32738
65	94	5.32525
64	95	5.32525
84	93	5.32389
85	92	5.32389
16	29	-5.32212
17	28	-5.32212
20	29	5.31971
21	28	5.31971
8	73	5.31048
9	72	5.31048
51	84	5.29521
50	85	5.29521
35	50	5.2907
34	51	5.2907
4	33	5.28579
5	32	5.28579
42	81	5.28351
43	80	5.28351
47	86	-5.28187
46	87	-5.28187
4	83	-5.2626
5	82	-5.2626
16	65	5.25361
17	64	5.25361
81	98	5.25212
80	99	5.25212
50	53	5.25115
51	52	5.25115
38	91	5.24765
39	90	5.24765
23	26	5.2428
22	27	5.2428
7	90	5.23933
6	91	5.23933
46	95	-5.2373
47	94	-5.2373
0	59	5.22976
1	58	5.22976
75	78	5.22851
74	79	5.22851
44	75	5.22411
45	74	5.22411
53	58	5.21906
52	59	5.21906
12	95	-5.2185
13	94	-5.2185
86	95	5.21798
87	94	5.21798
38	83	5.21011
39	82	5.21011
23	80	5.20878
22	81	5.20878
36	61	-5.20725
37	60	-5.20725
61	74	5.2064
60	75	5.2064
21	40	-5.20389
20	41	-5.20389
9	98	5.2033
8	99	5.2033
18	81	5.20212
19	80	5.20212
19	88	5.19817
18	89	5.19817
18	45	5.19704
19	44	5.19704
37	70	5.19568
36	71	5.19568
6	83	5.19475
7	82	5.19475
26	99	5.19392
27	98	5.19392
33	96	5.19347
32	97	5.19347
12	47	5.18877
13	46	5.18877
0	61	-5.18752
1	60	-5.18752
29	82	-5.17545
28	83	-5.17545
23	44	5.17432
22	45	5.17432
36	59	5.17016
37	58	5.17016
13	42	5.16362
12	43	5.16362
17	38	5.16015
16	39	5.16015
43	68	5.15869
42	69	5.15869
77	86	5.15631
76	87	5.15631
1	14	5.15205
0	15	5.15205
6	17	5.14317
7	16	5.14317
52	87	5.13969
53	86	5.13969
24	53	5.13678
25	52	5.13678
8	33	5.13635
9	32	5.13635
20	39	-5.13527
21	38	-5.13527
4	93	-5.1349
5	92	-5.1349
42	79	5.13375
43	78	5.13375
32	61	5.133
33	60	5.133
59	90	5.13271
58	91	5.13271
74	81	5.12615
75	80	5.12615
38	93	5.12349
39	92	5.12349
19	26	5.12117
18	27	5.12117
7	20	-5.11874
6	21	-5.11874
26	43	5.1151
27	42	5.1151
70	83	5.11424
71	82	5.11424
35	64	5.111
34	65	5.111
7	92	5.11022
6	93	5.11022
35	54	5.10227
34	55	5.10227
55	84	5.10112
54	85	5.10112
24	85	5.09947
25	84	5.09947
57	86	5.09869
56	87	5.09869
35	86	5.09759
34	87	5.09759
23	28	5.09378
22	29	5.09378
5	64	-5.08939
4	65	-5.08939
61	98	5.08867
60	99	5.08867
46	97	5.08542
47	96	5.08542
8	75	5.08503
9	74	5.08503
59	84	5.07925
58	85	5.07925
17	40	5.07735
16	41	5.07735
53	60	-5.0725
52	61	-5.0725
26	75	5.06608
27	74	5.06608
84	91	5.06583
85	90	5.06583
49	94	-5.06438
48	95	-5.06438
29	74	5.06388
28	75	5.06388
5	74	5.05532
4	75	5.05532
0	71	5.05307
1	70	5.05307
57	74	-5.04946
56	75	-5.04946
18	79	5.04808
19	78	5.04808
75	86	-5.04733
74	87	-5.04733
29	92	-5.04645
28	93	-5.04645
5	22	5.04527
4	23	5.04527
52	55	5.0412
53	54	5.0412
47	68	5.04018
46	69	5.04018
60	71	-5.03735
61	70	-5.03735
14	37	5.03199
15	36	5.03199
4	53	-5.02931
5	52	-5.02931
61	94	-5.0225
60	95	-5.0225
1	50	5.02109
0	51	5.02109
22	61	5.02014
23	60	5.02014
40	63	5.01932
41	62	5.01932
0	25	5.01645
1	24	5.01645
61	90	-5.01041
60	91	-5.01041
41	52	5.00971
40	53	5.00971
0	5	-5.0087
1	4	-5.0087
40	77	5.0079
41	76	5.0079
33	68	5.00747
32	69	5.00747
28	65	-5.00353
29	64	-5.00353
46	65	-4.99444
47	64	-4.99444
14	17	4.99243
15	16	4.99243
4	37	-4.98925
5	36	-4.98925
56	99	-4.98067
57	98	-4.98067
52	65	4.97656
53	64	4.97656
21	70	-4.9742
20	71	-4.9742
29	98	4.97307
28	99	4.97307
59	82	4.96915
58	83	4.96915
56	73	-4.96636
57	72	-4.96636
3	40	4.96575
2	41	4.96575
19	68	4.96379
18	69	4.96379
4	99	4.95824
5	98	4.95824
29	52	-4.95548
28	53	-4.95548
33	78	4.95541
32	79	4.95541
4	85	-4.94698
5	84	-4.94698
15	82	4.94597
14	83	4.94597
75	76	-4.93011
74	77	-4.93011
15	20	-4.92749
14	21	-4.92749
0	29	-4.92652
1	28	-4.92652
24	37	4.92637
25	36	4.92637
59	92	4.92545
58	93	4.92545
12	33	4.92043
13	32	4.92043
87	98	-4.91937
86	99	-4.91937
10	57	-4.91778
11	56	-4.91778
42	97	4.91316
43	96	4.91316
29	36	-4.90685
28	37	-4.90685
37	50	4.90678
36	51	4.90678
46	79	4.89624
47	78	4.89624
60	85	-4.89436
61	84	-4.89436
22	95	-4.89361
23	94	-4.89361
3	86	4.88927
2	87	4.88927
45	54	-4.88877
44	55	-4.88877
16	59	4.88869
17	58	4.88869
28	85	-4.88766
29	84	-4.88766
61	72	4.882
60	73	4.882
54	81	-4.88135
55	80	-4.88135
11	60	4.87671
10	61	4.87671
21	58	-4.87516
20	59	-4.87516
9	46	4.87216
8	47	4.87216
85	86	4.87065
84	87	4.87065
65	74	-4.86991
64	75	-4.86991
41	60	-4.86882
40	61	-4.86882
27	32	4.86725
26	33	4.86725
38	41	4.86691
39	40	4.86691
34	71	4.86633
35	70	4.86633
54	69	-4.86477
55	68	-4.86477
51	80	-4.86182
50	81	-4.86182
7	40	4.86073
6	41	4.86073
54	79	-4.86038
55	78	-4.86038
76	99	-4.8581
77	98	-4.8581
12	57	-4.85689
13	56	-4.85689
45	50	-4.85519
44	51	-4.85519
16	71	4.85496
17	70	4.85496
15	90	4.85423
14	91	4.85423
43	58	-4.8513
42	59	-4.8513
16	51	4.84697
17	50	4.84697
34	61	-4.84634
35	60	-4.84634
26	55	-4.84231
27	54	-4.84231
14	81	-4.83836
15	80	-4.83836
25	44	-4.83427
24	45	-4.83427
25	90	4.83038
24	91	4.83038
72	77	-4.8295
73	76	-4.8295
51	78	-4.82867
50	79	-4.82867
26	51	-4.82826
27	50	-4.82826
45	46	4.82197
44	47	4.82197
40	57	4.81943
41	56	4.81943
47	56	-4.81898
46	57	-4.81898
1	54	4.81898
0	55	4.81898
15	44	-4.81735
14	45	-4.81735
18	97	4.81455
19	96	4.81455
6	43	-4.81358
7	42	-4.81358
51	68	-4.81319
50	69	-4.81319
15	26	-4.81253
14	27	-4.81253
38	43	-4.81017
39	42	-4.81017
50	83	4.80884
51	82	4.80884
32	81	4.80602
33	80	4.80602
18	35	-4.80574
19	34	-4.80574
42	49	4.8051
43	48	4.8051
18	63	-4.80421
19	62	-4.80421
67	90	-4.80384
66	91	-4.80384
55	96	-4.80052
54	97	-4.80052
15	78	-4.79895
14	79	-4.79895
15	92	4.79892
14	93	4.79892
56	61	-4.79878
57	60	-4.79878
60	77	-4.79675
61	76	-4.79675
40	59	4.79656
41	58	4.79656
2	61	-4.78767
3	60	-4.78767
69	94	-4.78717
68	95	-4.78717
11	76	-4.78677
10	77	-4.78677
20	51	-4.78539
21	50	-4.78539
2	65	4.78459
3	64	4.78459
13	54	-4.78311
12	55	-4.78311
11	28	4.78285
10	29	4.78285
9	18	4.77854
8	19	4.77854
24	83	4.77508
25	82	4.77508
29	72	4.77401
28	73	4.77401
24	81	-4.77195
25	80	-4.77195
31	94	-4.77172
30	95	-4.77172
47	80	4.77164
46	81	4.77164
14	69	-4.7677
15	68	-4.7677
42	89	4.76392
43	88	4.76392
32	87	-4.76384
33	86	-4.76384
25	42	-4.76371
24	43	-4.76371
5	10	4.76321
4	11	4.76321
42	63	-4.76302
43	62	-4.76302
19	38	-4.76
18	39	-4.76
12	19	4.75966
13	18	4.75966
30	43	4.75939
31	42	4.75939
0	19	-4.75888
1	18	-4.75888
3	18	-4.75788
2	19	-4.75788
16	25	4.75726
17	24	4.75726
5	90	-4.75702
4	91	-4.75702
5	72	4.75701
4	73	4.75701
6	19	-4.75648
7	18	-4.75648
32	45	4.75445
33	44	4.75445
27	46	4.75403
26	47	4.75403
51	90	4.75362
50	91	4.75362
65	98	-4.7527
64	99	-4.7527
50	97	-4.75063
51	96	-4.75063
2	5	-4.74677
3	4	-4.74677
24	69	-4.74459
25	68	-4.74459
44	95	-4.74164
45	94	-4.74164
47	76	-4.74122
46	77	-4.74122
9	42	4.74042
8	43	4.74042
77	92	4.73909
76	93	4.73909
72	87	-4.73861
73	86	-4.73861
65	88	-4.73448
64	89	-4.73448
12	25	-4.73358
13	24	-4.73358
30	55	-4.73269
31	54	-4.73269
37	66	-4.73104
36	67	-4.73104
49	54	-4.72892
48	55	-4.72892
19	36	-4.72845
18	37	-4.72845
23	86	-4.72799
22	87	-4.72799
40	67	-4.72547
41	66	-4.72547
46	71	-4.72251
47	70	-4.72251
25	78	-4.72
24	79	-4.72
10	87	-4.71995
11	86	-4.71995
20	25	-4.71808
21	24	-4.71808
4	95	-4.7166
5	94	-4.7166
34	67	-4.71466
35	66	-4.71466
19	52	-4.71407
18	53	-4.71407
36	55	4.71356
37	54	4.71356
70	75	-4.71333
71	74	-4.71333
14	97	-4.71169
15	96	-4.71169
9	54	-4.71066
8	55	-4.71066
4	35	-4.70848
5	34	-4.70848
66	93	-4.70835
67	92	-4.70835
7	44	-4.70575
6	45	-4.70575
39	44	-4.70292
38	45	-4.70292
12	51	-4.69932
13	50	-4.69932
34	43	-4.69858
35	42	-4.69858
65	84	4.6955
64	85	4.6955
24	27	-4.69346
25	26	-4.69346
49	56	-4.69043
48	57	-4.69043
29	90	-4.69002
28	91	-4.69002
12	77	-4.68933
13	76	-4.68933
45	58	-4.68821
44	59	-4.68821
77	90	4.687
76	91	4.687
25	92	4.68559
24	93	4.68559
41	84	4.68519
40	85	4.68519
9	50	-4.6851
8	51	-4.6851
89	92	-4.68441
88	93	-4.68441
0	67	-4.68103
1	66	-4.68103
19	82	-4.68087
18	83	-4.68087
28	95	-4.6807
29	94	-4.6807
2	29	-4.68014
3	28	-4.68014
18	59	-4.67625
19	58	-4.67625
50	93	4.67578
51	92	4.67578
87	88	-4.67379
86	89	-4.67379
53	70	4.67295
52	71	4.67295
8	15	-4.6673
9	14	-4.6673
7	80	-4.66596
6	81	-4.66596
38	81	-4.66591
39	80	-4.66591
95	96	-4.66455
94	97	-4.66455
30	51	-4.65913
31	50	-4.65913
19	24	-4.65655
18	25	-4.65655
15	18	-4.65651
14	19	-4.65651
89	90	-4.65224
88	91	-4.65224
19	92	-4.64521
18	93	-4.64521
16	55	4.64482
17	54	4.64482
28	35	-4.64283
29	34	-4.64283
40	95	4.64201
41	94	4.64201
36	89	-4.63593
37	88	-4.63593
18	21	4.6338
19	20	4.6338
48	51	-4.63378
49	50	-4.63378
4	71	-4.63334
5	70	-4.63334
19	50	-4.63148
18	51	-4.63148
13	14	-4.62879
12	15	-4.62879
42	51	-4.62547
43	50	-4.62547
62	87	4.62441
63	86	4.62441
70	99	-4.62435
71	98	-4.62435
25	96	-4.62429
24	97	-4.62429
18	91	-4.62397
19	90	-4.62397
15	42	-4.6235
14	43	-4.6235
17	18	-4.62204
16	19	-4.62204
43	72	4.62174
42	73	4.62174
78	95	-4.61885
79	94	-4.61885
11	42	4.61466
10	43	4.61466
57	92	4.61229
56	93	4.61229
54	83	4.61173
55	82	4.61173
63	64	4.61127
62	65	4.61127
70	89	-4.61002
71	88	-4.61002
65	72	-4.60942
64	73	-4.60942
15	30	-4.60595
14	31	-4.60595
66	83	-4.6056
67	82	-4.6056
44	63	-4.60454
45	62	-4.60454
18	31	4.60164
19	30	4.60164
59	80	-4.60096
58	81	-4.60096
26	39	-4.59908
27	38	-4.59908
43	54	-4.59826
42	55	-4.59826
63	80	-4.59813
62	81	-4.59813
21	46	4.59785
20	47	4.59785
7	26	-4.5976
6	27	-4.5976
6	79	-4.59404
7	78	-4.59404
39	78	-4.59381
38	79	-4.59381
32	95	-4.59173
33	94	-4.59173
11	54	-4.59074
10	55	-4.59074
55	90	4.59068
54	91	4.59068
40	89	-4.59058
41	88	-4.59058
83	88	-4.58757
82	89	-4.58757
21	54	-4.58754
20	55	-4.58754
1	88	-4.58638
0	89	-4.58638
7	68	-4.58561
6	69	-4.58561
10	65	-4.58556
11	64	-4.58556
54	73	-4.58545
55	72	-4.58545
18	55	-4.58486
19	54	-4.58486
38	69	-4.58325
39	68	-4.58325
49	60	4.58199
48	61	4.58199
4	41	-4.58101
5	40	-4.58101
25	48	-4.57921
24	49	-4.57921
48	77	-4.5789
49	76	-4.5789
12	59	-4.57846
13	58	-4.57846
81	94	-4.57785
80	95	-4.57785
76	83	4.57385
77	82	4.57385
93	94	4.57132
92	95	4.57132
46	93	-4.56747
47	92	-4.56747
44	67	4.56646
45	66	4.56646
15	48	-4.56396
14	49	-4.56396
29	70	-4.56377
28	71	-4.56377
19	84	-4.5623
18	85	-4.5623
59	66	-4.55961
58	67	-4.55961
63	66	-4.55807
62	67	-4.55807
58	69	-4.55806
59	68	-4.55806
36	77	4.55546
37	76	4.55546
2	43	-4.55341
3	42	-4.55341
3	70	4.55043
2	71	4.55043
33	64	-4.54978
32	65	-4.54978
27	62	-4.54956
26	63	-4.54956
29	48	4.54791
28	49	4.54791
67	80	4.54731
66	81	4.54731
25	30	-4.54719
24	31	-4.54719
17	46	-4.54533
16	47	-4.54533
34	89	-4.54515
35	88	-4.54515
23	64	-4.54387
22	65	-4.54387
47	82	-4.54349
46	83	-4.54349
64	67	-4.53923
65	66	-4.53923
19	48	4.53922
18	49	4.53922
1	42	-4.53823
0	43	-4.53823
7	66	-4.53621
6	67	-4.53621
14	41	4.53601
15	40	4.53601
38	67	-4.53537
39	66	-4.53537
42	91	-4.53329
43	90	-4.53329
59	78	-4.53206
58	79	-4.53206
57	90	4.53165
56	91	4.53165
20	77	-4.53075
21	76	-4.53075
70	73	-4.52966
71	72	-4.52966
23	56	-4.52929
22	57	-4.52929
29	40	-4.52894
28	41	-4.52894
37	42	-4.52634
36	43	-4.52634
7	12	-4.52436
6	13	-4.52436
63	78	-4.52129
62	79	-4.52129
4	49	4.51965
5	48	4.51965
12	39	-4.51772
13	38	-4.51772
4	57	-4.51708
5	56	-4.51708
24	41	4.51414
25	40	4.51414
9	24	-4.51062
8	25	-4.51062
27	58	-4.50981
26	59	-4.50981
56	69	-4.50839
57	68	-4.50839
11	70	-4.50689
10	71	-4.50689
27	94	-4.50364
26	95	-4.50364
20	89	4.50208
21	88	4.50208
31	56	-4.5012
30	57	-4.5012
2	81	-4.4984
3	80	-4.4984
70	85	4.49726
71	84	4.49726
54	93	4.4967
55	92	4.4967
27	66	4.49571
26	67	4.49571
20	67	4.49433
21	66	4.49433
8	95	-4.49421
9	94	-4.49421
3	26	-4.4916
2	27	-4.4916
33	40	-4.49123
32	41	-4.49123
5	76	-4.4876
4	77	-4.4876
62	69	-4.48518
63	68	-4.48518
55	98	-4.47771
54	99	-4.47771
11	50	-4.47684
10	51	-4.47684
17	76	4.47675
16	77	4.47675
6	97	-4.4764
7	96	-4.4764
29	56	-4.47573
28	57	-4.47573
22	77	-4.47572
23	76	-4.47572
44	57	-4.47569
45	56	-4.47569
39	96	-4.47569
38	97	-4.47569
59	88	-4.47471
58	89	-4.47471
67	70	-4.47384
66	71	-4.47384
56	83	4.47275
57	82	4.47275
51	72	-4.47075
50	73	-4.47075
0	77	4.4648
1	76	4.4648
25	88	-4.46444
24	89	-4.46444
60	63	-4.46389
61	62	-4.46389
25	72	-4.46184
24	73	-4.46184
40	51	4.46165
41	50	4.46165
11	24	-4.4593
10	25	-4.4593
23	70	-4.4586
22	71	-4.4586
42	99	4.45281
43	98	4.45281
56	97	-4.45164
57	96	-4.45164
42	53	-4.4509
43	52	-4.4509
9	76	-4.45048
8	77	-4.45048
20	57	-4.45035
21	56	-4.45035
29	30	4.44886
28	31	4.44886
60	89	4.44871
61	88	4.44871
2	45	-4.44586
3	44	-4.44586
31	76	-4.44567
30	77	-4.44567
66	79	4.44552
67	78	4.44552
83	94	4.43965
82	95	4.43965
3	66	-4.43941
2	67	-4.43941
29	76	-4.43916
28	77	-4.43916
25	66	-4.4379
24	67	-4.4379
8	57	-4.43689
9	56	-4.43689
27	84	-4.43686
26	85	-4.43686
62	71	4.4361
63	70	4.4361
32	71	-4.43556
33	70	-4.43556
6	89	-4.4352
7	88	-4.4352
91	94	4.43419
90	95	4.43419
38	89	-4.43286
39	88	-4.43286
67	86	-4.43231
66	87	-4.43231
36	57	4.43133
37	56	4.43133
17	66	-4.43112
16	67	-4.43112
16	89	-4.43051
17	88	-4.43051
52	67	-4.42948
53	66	-4.42948
3	78	-4.42919
2	79	-4.42919
48	87	-4.42596
49	86	-4.42596
58	97	-4.42566
59	96	-4.42566
62	89	-4.42512
63	88	-4.42512
30	61	4.42448
31	60	4.42448
20	95	-4.42047
21	94	-4.42047
22	55	-4.41706
23	54	-4.41706
56	79	-4.41509
57	78	-4.41509
41	46	-4.41479
40	47	-4.41479
9	38	-4.41378
8	39	-4.41378
4	63	-4.41328
5	62	-4.41328
4	31	4.41262
5	30	4.41262
7	8	-4.41206
6	9	-4.41206
55	74	-4.41071
54	75	-4.41071
69	76	-4.40842
68	77	-4.40842
39	64	4.40842
38	65	4.40842
43	92	-4.40661
42	93	-4.40661
17	56	4.40601
16	57	4.40601
80	85	-4.40348
81	84	-4.40348
76	97	-4.40157
77	96	-4.40157
55	88	-4.40152
54	89	-4.40152
38	87	4.40097
39	86	4.40097
6	65	4.39906
7	64	4.39906
62	97	-4.39844
63	96	-4.39844
11	14	-4.39825
10	15	-4.39825
43	82	-4.39824
42	83	-4.39824
18	41	-4.39433
19	40	-4.39433
13	60	4.39312
12	61	4.39312
14	73	-4.39136
15	72	-4.39136
7	86	4.39007
6	87	4.39007
67	68	4.38897
66	69	4.38897
37	46	-4.384
36	47	-4.384
48	59	-4.38148
49	58	-4.38148
77	84	4.38123
76	85	4.38123
57	80	-4.38058
56	81	-4.38058
12	63	-4.37916
13	62	-4.37916
42	75	4.37432
43	74	4.37432
36	95	4.37422
37	94	4.37422
7	30	-4.37367
6	31	-4.37367
8	63	-4.37319
9	62	-4.37319
76	89	-4.37301
77	88	-4.37301
30	39	-4.37159
31	38	-4.37159
9	66	4.36975
8	67	4.36975
6	49	-4.3683
7	48	-4.3683
27	56	-4.36795
26	57	-4.36795
29	62	-4.36657
28	63	-4.36657
53	88	-4.3644
52	89	-4.3644
39	48	-4.36406
38	49	-4.36406
23	42	4.36225
22	43	4.36225
50	99	-4.36182
51	98	-4.36182
51	88	-4.35833
50	89	-4.35833
41	42	-4.358
40	43	-4.358
17	94	4.3568
16	95	4.3568
45	76	-4.3568
44	77	-4.3568
2	69	-4.35648
3	68	-4.35648
79	84	-4.35558
78	85	-4.35558
1	56	4.35387
0	57	4.35387
27	52	-4.35303
26	53	-4.35303
52	81	-4.35167
53	80	-4.35167
30	59	-4.35079
31	58	-4.35079
8	71	-4.35041
9	70	-4.35041
25	98	-4.3488
24	99	-4.3488
77	78	-4.3485
76	79	-4.3485
2	89	-4.34738
3	88	-4.34738
40	55	4.34689
41	54	4.34689
47	90	-4.3453
46	91	-4.3453
0	47	-4.34267
1	46	-4.34267
3	8	-4.34243
2	9	-4.34243
75	92	-4.34197
74	93	-4.34197
9	84	-4.34072
8	85	-4.34072
32	91	-4.33794
33	90	-4.33794
32	93	-4.33493
33	92	-4.33493
34	45	-4.33468
35	44	-4.33468
52	77	4.33289
53	76	4.33289
9	58	-4.3313
8	59	-4.3313
49	64	-4.33061
48	65	-4.33061
35	80	-4.33033
34	81	-4.33033
21	32	4.33011
20	33	4.33011
14	89	-4.32862
15	88	-4.32862
20	43	4.32821
21	42	4.32821
67	96	4.32799
66	97	4.32799
13	28	4.32774
12	29	4.32774
89	94	-4.32735
88	95	-4.32735
27	76	-4.32563
26	77	-4.32563
56	89	-4.32558
57	88	-4.32558
56	85	4.32304
57	84	4.32304
49	70	-4.32259
48	71	-4.32259
12	87	-4.32227
13	86	-4.32227
11	18	4.31856
10	19	4.31856
21	74	4.31798
20	75	4.31798
14	67	-4.31782
15	66	-4.31782
16	43	-4.31747
17	42	-4.31747
43	84	-4.3168
42	85	-4.3168
23	50	-4.31652
22	51	-4.31652
19	72	4.31552
18	73	4.31552
3	96	-4.31468
2	97	-4.31468
45	84	-4.31207
44	85	-4.31207
51	66	-4.31184
50	67	-4.31184
22	41	-4.30986
23	40	-4.30986
4	13	4.30954
5	12	4.30954
77	80	-4.30513
76	81	-4.30513
33	56	-4.30508
32	57	-4.30508
16	33	-4.30031
17	32	-4.30031
1	94	4.29747
0	95	4.29747
50	75	-4.29688
51	74	-4.29688
44	53	-4.29508
45	52	-4.29508
32	83	-4.29496
33	82	-4.29496
75	82	-4.29402
74	83	-4.29402
26	35	-4.29326
27	34	-4.29326
54	67	-4.29303
55	66	-4.29303
19	86	-4.29298
18	87	-4.29298
31	70	-4.29127
30	71	-4.29127
24	75	-4.29097
25	74	-4.29097
59	64	4.28881
58	65	4.28881
32	77	-4.28848
33	76	-4.28848
35	76	4.28722
34	77	4.28722
53	78	-4.28708
52	79	-4.28708
15	98	-4.28633
14	99	-4.28633
30	63	-4.28328
31	62	-4.28328
58	73	-4.2832
59	72	-4.2832
38	71	4.2821
39	70	4.2821
12	67	4.28132
13	66	4.28132
32	43	4.28121
33	42	4.28121
11	58	-4.27833
10	59	-4.27833
18	65	-4.27613
19	64	-4.27613
40	75	-4.27539
41	74	-4.27539
6	71	4.27503
7	70	4.27503
13	70	-4.27413
12	71	-4.27413
12	65	-4.27351
13	64	-4.27351
9	40	-4.27012
8	41	-4.27012
30	87	-4.26937
31	86	-4.26937
16	75	-4.26859
17	74	-4.26859
28	97	4.26839
29	96	4.26839
85	96	-4.26774
84	97	-4.26774
38	61	-4.26522
39	60	-4.26522
68	85	-4.264
69	84	-4.264
23	24	-4.25992
22	25	-4.25992
53	56	4.25797
52	57	4.25797
93	98	-4.2569
92	99	-4.2569
35	78	-4.25636
34	79	-4.25636
58	87	4.25622
59	86	4.25622
6	61	-4.25555
7	60	-4.25555
14	23	-4.25355
15	22	-4.25355
49	62	-4.25316
48	63	-4.25316
42	95	-4.25258
43	94	-4.25258
60	97	4.25075
61	96	4.25075
5	38	-4.24348
4	39	-4.24348
33	36	-4.24128
32	37	-4.24128
46	53	-4.24067
47	52	-4.24067
5	96	4.23985
4	97	4.23985
7	72	-4.23821
6	73	-4.23821
21	98	4.23801
20	99	4.23801
7	10	-4.23771
6	11	-4.23771
5	88	4.23725
4	89	4.23725
5	6	-4.23564
4	7	-4.23564
61	68	4.23419
60	69	4.23419
3	76	4.23302
2	77	4.23302
39	72	-4.23294
38	73	-4.23294
60	67	4.2327
61	66	4.2327
10	39	-4.23265
11	38	-4.23265
31	66	4.23146
30	67	4.23146
33	54	-4.22613
32	55	-4.22613
15	74	-4.22518
14	75	-4.22518
71	96	-4.2251
70	97	-4.2251
8	53	-4.2241
9	52	-4.2241
30	65	-4.22042
31	64	-4.22042
66	85	-4.21913
67	84	-4.21913
40	99	-4.21904
41	98	-4.21904
28	69	4.21898
29	68	4.21898
34	69	-4.21763
35	68	-4.21763
52	69	-4.2165
53	68	-4.2165
82	99	-4.21579
83	98	-4.21579
29	38	-4.21483
28	39	-4.21483
32	67	4.21093
33	66	4.21093
0	81	-4.21007
1	80	-4.21007
15	86	4.20881
14	87	4.20881
7	28	-4.20825
6	29	-4.20825
47	54	-4.20672
46	55	-4.20672
22	93	-4.20069
23	92	-4.20069
2	13	-4.20057
3	12	-4.20057
29	88	4.19791
28	89	4.19791
5	68	4.19786
4	69	4.19786
17	98	-4.19657
16	99	-4.19657
0	45	-4.19653
1	44	-4.19653
58	71	4.19539
59	70	4.19539
14	65	4.19529
15	64	4.19529
0	33	-4.19503
1	32	-4.19503
21	22	4.19473
20	23	4.19473
3	30	-4.19337
2	31	-4.19337
19	98	4.19144
18	99	4.19144
0	27	-4.18984
1	26	-4.18984
36	75	-4.18959
37	74	-4.18959
19	60	4.18816
18	61	4.18816
52	97	-4.18693
53	96	-4.18693
35	56	4.18661
34	57	4.18661
47	88	4.18597
46	89	4.18597
58	99	-4.18596
59	98	-4.18596
8	29	4.18099
9	28	4.18099
85	88	-4.18029
84	89	-4.18029
74	91	-4.17822
75	90	-4.17822
8	35	-4.17443
9	34	-4.17443
54	95	4.17208
55	94	4.17208
16	23	-4.16633
17	22	-4.16633
23	82	-4.16519
22	83	-4.16519
5	58	-4.16447
4	59	-4.16447
2	57	4.16257
3	56	4.16257
17	26	-4.16199
16	27	-4.16199
16	81	-4.16064
17	80	-4.16064
47	84	-4.15885
46	85	-4.15885
28	59	-4.15881
29	58	-4.15881
34	97	-4.15774
35	96	-4.15774
15	70	4.15738
14	71	4.15738
23	90	-4.15721
22	91	-4.15721
49	66	4.15626
48	67	4.15626
36	81	-4.15617
37	80	-4.15617
18	23	4.15581
19	22	4.15581
30	85	-4.15548
31	84	-4.15548
53	94	4.15513
52	95	4.15513
29	78	4.15337
28	79	4.15337
72	93	-4.15292
73	92	-4.15292
43	46	4.1528
42	47	4.1528
1	74	-4.15278
0	75	-4.15278
4	9	4.15262
5	8	4.15262
61	78	4.15169
60	79	4.15169
30	41	-4.15142
31	40	-4.15142
80	89	4.15125
81	88	4.15125
33	50	-4.15097
32	51	-4.15097
26	89	4.15094
27	88	4.15094
37	44	-4.15021
36	45	-4.15021
18	71	-4.14807
19	70	-4.14807
1	78	-4.14744
0	79	-4.14744
69	70	-4.14742
68	71	-4.14742
32	59	-4.14727
33	58	-4.14727
24	33	-4.14718
25	32	-4.14718
9	64	-4.14706
8	65	-4.14706
67	76	-4.1454
66	77	-4.1454
35	46	-4.14522
34	47	-4.14522
6	99	-4.14511
7	98	-4.14511
59	60	-4.14487
58	61	-4.14487
10	93	-4.14403
11	92	-4.14403
42	57	-4.14329
43	56	-4.14329
69	86	-4.1428
68	87	-4.1428
27	70	-4.14261
26	71	-4.14261
58	75	-4.14243
59	74	-4.14243
9	60	4.14234
8	61	4.14234
84	95	4.14224
85	94	4.14224
5	66	4.14176
4	67	4.14176
12	35	-4.14149
13	34	-4.14149
14	61	-4.14092
15	60	-4.14092
39	98	-4.14075
38	99	-4.14075
86	97	-4.14055
87	96	-4.14055
40	73	-4.1399
41	72	-4.1399
24	95	4.1394
25	94	4.1394
2	49	-4.13936
3	48	-4.13936
11	40	-4.13877
10	41	-4.13877
26	37	-4.13755
27	36	-4.13755
70	79	-4.13739
71	78	-4.13739
23	58	-4.13734
22	59	-4.13734
50	87	4.13705
51	86	4.13705
18	75	4.13537
19	74	4.13537
4	79	4.13417
5	78	4.13417
21	72	4.13375
20	73	4.13375
45	60	4.13336
44	61	4.13336
24	65	4.13265
25	64	4.13265
4	15	-4.13234
5	14	-4.13234
45	88	4.13195
44	89	4.13195
75	88	4.13174
74	89	4.13174
21	80	4.13094
20	81	4.13094
32	35	-4.13047
33	34	-4.13047
80	83	-4.12997
81	82	-4.12997
35	94	4.1299
34	95	4.1299
10	63	-4.12955
11	62	-4.12955
51	64	4.12925
50	65	4.12925
11	20	4.12893
10	21	4.12893
63	72	-4.12843
62	73	-4.12843
24	87	4.12841
25	86	4.12841
28	67	4.12831
29	66	4.12831
4	19	4.12823
5	18	4.12823
36	99	-4.12748
37	98	-4.12748
9	88	4.12677
8	89	4.12677
20	27	4.12666
21	26	4.12666
65	96	-4.12388
64	97	-4.12388
91	98	-4.12189
90	99	-4.12189
9	90	-4.12145
8	91	-4.12145
17	44	-4.11977
16	45	-4.11977
46	51	-4.1196
47	50	-4.1196
72	83	-4.11951
73	82	-4.11951
40	97	-4.11878
41	96	-4.11878
27	82	-4.11863
26	83	-4.11863
55	56	4.11713
54	57	4.11713
29	44	4.11361
28	45	4.11361
10	83	-4.11328
11	82	-4.11328
16	79	-4.11252
17	78	-4.11252
44	83	-4.11096
45	82	-4.11096
51	70	4.10919
50	71	4.10919
1	68	-4.10765
0	69	-4.10765
14	33	-4.10636
15	32	-4.10636
14	29	-4.10625
15	28	-4.10625
7	22	-4.10487
6	23	-4.10487
24	47	-4.10387
25	46	-4.10387
22	67	4.10366
23	66	4.10366
65	68	-4.10316
64	69	-4.10316
17	72	-4.10316
16	73	-4.10316
7	74	-4.10267
6	75	-4.10267
22	37	-4.10251
23	36	-4.10251
60	81	4.10248
61	80	4.10248
22	39	-4.10159
23	38	-4.10159
36	79	-4.10147
37	78	-4.10147
42	65	-4.10138
43	64	-4.10138
18	29	4.10134
19	28	4.10134
12	85	-4.10101
13	84	-4.10101
20	45	4.10078
21	44	4.10078
79	88	4.10058
78	89	4.10058
10	17	-4.09998
11	16	-4.09998
26	29	4.09991
27	28	4.09991
39	74	-4.09883
38	75	-4.09883
5	44	4.09873
4	45	4.09873
0	99	-4.09836
1	98	-4.09836
2	47	-4.09803
3	46	-4.09803
50	95	4.09797
51	94	4.09797
1	8	-4.09736
0	9	-4.09736
32	53	-4.09689
33	52	-4.09689
29	80	4.09686
28	81	4.09686
45	90	-4.09608
44	91	-4.09608
55	76	4.09569
54	77	4.09569
81	90	-4.09526
80	91	-4.09526
26	41	-4.09311
27	40	-4.09311
57	66	-4.09135
56	67	-4.09135
27	60	4.09056
26	61	4.09056
27	90	-4.09054
26	91	-4.09054
31	52	-4.09
30	53	-4.09
88	99	4.08992
89	98	4.08992
13	52	-4.08794
12	53	-4.08794
71	80	-4.0874
70	81	-4.0874
63	76	4.08561
62	77	4.08561
15	76	4.08547
14	77	4.08547
20	79	4.08514
21	78	4.08514
49	84	-4.08496
48	85	-4.08496
4	27	4.08444
5	26	4.08444
5	80	4.08314
4	81	4.08314
51	56	4.08256
50	57	4.08256
9	86	-4.08229
8	87	-4.08229
50	61	-4.08188
51	60	-4.08188
33	88	4.08172
32	89	4.08172
45	86	-4.0817
44	87	-4.0817
79	82	-4.08088
78	83	-4.08088
51	76	4.07961
50	77	4.07961
40	49	-4.07887
41	48	-4.07887
30	35	-4.07826
31	34	-4.07826
6	33	-4.07794
7	32	-4.07794
25	70	4.07684
24	71	4.07684
9	36	-4.07675
8	37	-4.07675
45	70	-4.07502
44	71	-4.07502
52	75	-4.07484
53	74	-4.07484
32	39	-4.07444
33	38	-4.07444
5	50	-4.0744
4	51	-4.0744
14	47	-4.07396
15	46	-4.07396
78	87	-4.07385
79	86	-4.07385
81	92	-4.07361
80	93	-4.07361
15	56	4.07355
14	57	4.07355
9	16	-4.07191
8	17	-4.07191
1	22	-4.07107
0	23	-4.07107
58	95	4.07001
59	94	4.07001
36	69	-4.06962
37	68	-4.06962
42	77	-4.06956
43	76	-4.06956
1	96	-4.06943
0	97	-4.06943
44	93	-4.06917
45	92	-4.06917
16	69	-4.06861
17	68	-4.06861
42	87	-4.06752
43	86	-4.06752
24	57	4.06634
25	56	4.06634
19	32	4.06527
18	33	4.06527
4	25	-4.06526
5	24	-4.06526
40	79	-4.0644
41	78	-4.0644
26	93	-4.0631
27	92	-4.0631
78	91	-4.06254
79	90	-4.06254
43	70	-4.06156
42	71	-4.06156
62	99	-4.06128
63	98	-4.06128
29	42	4.06098
28	43	4.06098
25	60	-4.05982
24	61	-4.05982
54	71	4.05975
55	70	4.05975
36	73	-4.05969
37	72	-4.05969
54	87	4.05951
55	86	4.05951
2	95	4.05902
3	94	4.05902
66	95	-4.0587
67	94	-4.0587
24	29	-4.05791
25	28	-4.05791
14	95	4.05747
15	94	4.05747
64	79	-4.05723
65	78	-4.05723
68	89	4.05692
69	88	4.05692
33	84	-4.05644
32	85	-4.05644
73	90	-4.05607
72	91	-4.05607
29	50	-4.05605
28	51	-4.05605
55	64	4.05434
54	65	4.05434
11	36	-4.05413
10	37	-4.05413
49	52	-4.05373
48	53	-4.05373
88	97	4.05291
89	96	4.05291
35	48	-4.05278
34	49	-4.05278
45	64	-4.05277
44	65	-4.05277
10	91	-4.05218
11	90	-4.05218
21	68	4.0513
20	69	4.0513
11	66	4.05117
10	67	4.05117
69	82	-4.05062
68	83	-4.05062
16	97	-4.05035
17	96	-4.05035
41	80	-4.04903
40	81	-4.04903
0	13	-4.04856
1	12	-4.04856
72	89	4.0479
73	88	4.0479
4	43	4.04773
5	42	4.04773
66	73	4.04739
67	72	4.04739
23	88	4.04692
22	89	4.04692
8	21	4.04606
9	20	4.04606
2	11	-4.04567
3	10	-4.04567
9	82	-4.04527
8	83	-4.04527
80	87	-4.04516
81	86	-4.04516
53	98	-4.04397
52	99	-4.04397
91	96	-4.04339
90	97	-4.04339
2	73	-4.04299
3	72	-4.04299
0	73	-4.04262
1	72	-4.04262
32	63	-4.04124
33	62	-4.04124
10	89	4.04099
11	88	4.04099
36	97	-4.04069
37	96	-4.04069
9	92	-4.04032
8	93	-4.04032
23	62	-4.03905
22	63	-4.03905
1	10	-4.03833
0	11	-4.03833
56	63	4.03642
57	62	4.03642
35	74	-4.03636
34	75	-4.03636
78	93	-4.03636
79	92	-4.03636
31	90	-4.03593
30	91	-4.03593
68	91	-4.03582
69	90	-4.03582
63	74	-4.03582
62	75	-4.03582
27	64	-4.03575
26	65	-4.03575
18	95	-4.03566
19	94	-4.03566
20	49	4.03438
21	48	4.03438
24	77	4.03316
25	76	4.03316
13	36	-4.03252
12	37	-4.03252
27	86	-4.03184
26	87	-4.03184
49	92	-4.03157
48	93	-4.03157
46	67	4.03128
47	66	4.03128
41	68	-4.03097
40	69	-4.03097
21	96	4.03082
20	97	4.03082
75	84	-4.0294
74	85	-4.0294
54	61	-4.02812
55	60	-4.02812
64	81	-4.0273
65	80	-4.0273
17	48	-4.02711
16	49	-4.02711
23	52	-4.02634
22	53	-4.02634
46	59	-4.02563
47	58	-4.02563
82	97	-4.02513
83	96	-4.02513
38	77	4.02506
39	76	4.02506
13	88	4.02487
12	89	4.02487
48	83	-4.02438
49	82	-4.02438
12	93	-4.02345
13	92	-4.02345
2	33	-4.02343
3	32	-4.02343
7	76	4.02237
6	77	4.02237
2	75	-4.02219
3	74	-4.02219
13	82	-4.02175
12	83	-4.02175
19	46	4.02139
18	47	4.02139
3	98	-4.02062
2	99	-4.02062
10	53	-4.02057
11	52	-4.02057
5	54	-4.02025
4	55	-4.02025
52	73	-4.02011
53	72	-4.02011
7	94	4.02002
6	95	4.02002
40	45	-4.01996
41	44	-4.01996
22	85	-4.01956
23	84	-4.01956
68	93	-4.01889
69	92	-4.01889
30	89	4.01832
31	88	4.01832
38	95	4.01752
39	94	4.01752
23	34	-4.01675
22	35	-4.01675
12	21	4.01653
13	20	4.01653
56	59	4.01636
57	58	4.01636
11	84	-4.01609
10	85	-4.01609
1	30	-4.016
0	31	-4.016
34	99	-4.01563
35	98	-4.01563
84	99	-4.01551
85	98	-4.01551
42	61	4.01529
43	60	4.01529
16	31	-4.01497
17	30	-4.01497
13	90	-4.01438
12	91	-4.01438
66	99	4.01391
67	98	4.01391
13	16	-4.01357
12	17	-4.01357
73	84	-4.01277
72	85	-4.01277
35	72	-4.01256
34	73	-4.01256
28	55	-4.01183
29	54	-4.01183
11	34	-4.01084
10	35	-4.01084
47	62	-4.01071
46	63	-4.01071
0	49	-4.01046
1	48	-4.01046
20	31	4.00956
21	30	4.00956
12	41	-4.00866
13	40	-4.00866
39	56	4.00777
38	57	4.00777
7	56	4.00715
6	57	4.00715
6	47	-4.00705
7	46	-4.00705
31	92	-4.00617
30	93	-4.00617
38	47	-4.00616
39	46	-4.00616
3	22	-4.00579
2	23	-4.00579
31	36	-4.00577
30	37	-4.00577
48	91	-4.00573
49	90	-4.00573
92	97	-4.00545
93	96	-4.00545
37	48	-4.00439
36	49	-4.00439
18	57	-4.00422
19	56	-4.00422
63	94	4.00301
62	95	4.00301
66	75	4.00272
67	74	4.00272
31	82	-4.00233
30	83	-4.00233
19	76	-4.00086
18	77	-4.00086
59	76	4.00067
58	77	4.00067
48	89	4.00043
49	88	4.00043
6	38	2.99991
10	72	2.99906
4	28	2.99725
74	98	2.99551
16	20	-2.99421
14	50	2.99416
0	36	2.99251
78	80	2.99231
26	78	2.9913
56	76	2.98829
50	54	2.98825
10	98	2.98798
72	98	2.98789
20	82	-2.98649
26	80	2.9863
68	78	2.98628
36	92	2.98391
30	96	2.98291
78	96	2.98218
0	82	2.97953
38	62	2.97898
68	80	2.97885
2	52	2.97742
6	62	2.97629
44	68	2.97587
44	80	2.97566
82	92	2.97406
6	58	2.97336
72	74	2.97189
36	82	2.97165
38	58	2.97025
10	74	2.97004
68	96	2.96971
26	96	2.96854
10	48	2.96697
0	34	2.96687
16	82	2.96673
14	54	2.96641
24	50	2.96518
0	92	2.96499
30	48	2.9649
8	96	2.96197
24	54	2.96106
24	58	2.96083
48	72	2.95954
52	84	2.95699
16	52	2.95678
26	68	2.95667
44	78	2.95663
34	36	2.95589
36	90	2.95362
6	24	2.95186
80	96	2.95184
14	24	2.94963
24	38	2.94891
8	26	2.94794
0	20	-2.94555
4	60	2.9451
90	92	2.94322
48	68	2.94302
2	84	2.94252
30	68	2.94221
56	94	2.93997
64	86	2.93947
40	90	2.93928
46	74	2.93905
2	62	2.93746
20	52	-2.9373
30	78	2.93717
22	32	2.93619
14	38	2.93603
6	14	2.93513
48	96	2.93174
12	44	2.93162
8	30	2.93118
8	78	2.93042
64	70	2.92886
34	62	2.92868
20	92	-2.92848
12	48	2.92833
26	44	2.92804
12	68	2.92737
0	52	2.92591
0	16	2.92508
28	60	2.92308
20	36	-2.92308
60	86	-2.92275
48	98	2.92188
6	50	2.92041
38	50	2.92005
52	82	2.91852
46	98	2.91826
0	90	2.91483
12	72	2.91126
2	34	2.91081
58	62	2.91038
26	30	2.90756
22	98	2.90709
22	46	2.90696
34	90	2.90577
10	12	2.9053
14	62	2.90305
44	96	2.90228
34	82	2.89812
48	78	2.89784
76	94	2.89587
10	22	2.89374
0	2	2.89366
34	52	2.89284
8	80	2.89111
16	36	2.89095
30	80	2.89088
22	74	2.89046
34	92	2.88976
16	92	2.88758
16	84	2.88745
48	74	2.88252
10	30	2.88214
22	48	2.87933
50	58	2.87925
8	68	2.87861
2	16	2.87758
22	30	2.87683
22	72	2.87662
14	58	2.876
36	52	2.87576
6	54	2.87295
44	48	2.87254
24	62	2.87227
38	54	2.87106
82	90	2.8688
18	42	2.86849
50	62	2.86718
30	72	2.8655
48	80	2.86039
52	62	2.85929
12	80	2.85901
32	46	2.85899
2	38	2.85876
70	76	2.85783
12	78	2.85776
34	38	2.85568
10	46	2.85479
2	20	-2.85432
54	58	2.85372
2	6	2.85212
6	34	2.85113
30	44	2.85103
46	72	2.84992
2	82	2.84889
20	34	-2.84703
40	70	2.84456
86	92	2.84407
10	68	2.84252
20	84	-2.84167
26	48	2.84094
12	98	2.84074
64	92	2.83966
2	36	2.83873
66	88	2.8383
12	30	2.83461
68	72	2.83457
0	62	2.83457
12	96	2.83354
40	92	2.83047
16	34	2.83047
52	92	2.82644
30	98	2.82603
18	66	2.82195
2	14	2.82101
40	64	2.82012
8	48	2.81854
10	96	2.81614
36	40	2.81142
82	86	2.80704
12	74	2.80222
72	96	2.80016
20	86	-2.794
54	62	2.79394
36	62	2.79303
8	44	2.79237
12	26	2.79194
82	84	2.78974
62	84	2.78771
56	70	2.78755
0	84	2.78679
20	90	-2.78338
22	96	2.78012
64	90	2.77902
46	60	2.77692
30	74	2.77553
34	58	2.77517
10	78	2.76812
10	44	2.76693
4	86	-2.76468
44	72	2.76435
70	86	2.76207
2	50	2.76058
2	92	2.76045
20	60	2.75903
68	98	2.75739
72	78	2.75598
34	84	2.75439
38	52	2.75073
60	64	-2.75069
28	46	2.74956
32	98	2.7455
42	66	2.74519
64	82	2.74499
46	48	2.74466
36	86	2.74464
36	64	2.74437
0	40	2.74415
16	86	2.74379
74	94	-2.74338
6	52	2.74277
4	46	2.74236
32	74	2.73974
96	98	2.73972
62	82	2.73476
16	60	-2.73302
16	90	2.7318
2	58	2.72908
34	40	2.72862
64	76	2.72681
10	80	2.72487
28	86	-2.72447
0	38	2.72376
60	82	-2.72176
0	6	2.71709
52	90	2.71665
36	84	2.71654
22	68	2.71607
72	80	2.71531
14	84	2.7152
42	44	2.71456
16	62	2.71311
62	90	2.71272
8	22	2.71178
0	86	2.70964
30	32	2.70957
94	98	-2.70949
10	32	2.70736
2	24	2.70635
70	90	2.70407
40	82	2.70346
20	62	-2.70242
4	20	2.70095
68	74	2.6999
14	34	2.69982
4	16	-2.69978
60	92	-2.69975
86	90	2.69918
72	94	-2.69726
2	90	2.69592
14	52	2.6959
70	94	2.69341
10	26	2.69236
20	64	-2.69087
38	84	2.68978
32	72	2.68573
70	92	2.68527
0	64	2.68498
62	92	2.68456
32	48	2.68287
12	22	2.68284
36	38	2.68258
6	84	2.68159
74	96	2.68106
26	72	2.67825
22	78	2.67728
28	32	2.67712
78	98	2.67648
8	10	2.67642
6	36	2.67635
8	12	2.67545
10	94	-2.6726
56	64	2.67246
44	98	2.67016
24	34	2.6668
30	46	2.66409
40	86	2.66382
2	54	2.66369
64	94	2.66263
84	92	2.66194
16	28	-2.66106
20	28	2.65985
8	72	2.65524
50	84	2.64761
34	50	2.64535
4	32	2.6429
42	80	2.64175
46	86	-2.64094
4	82	-2.6313
16	64	2.6268
80	98	2.62606
50	52	2.62558
38	90	2.62383
22	26	2.6214
6	90	2.61966
46	94	-2.61865
0	58	2.61488
74	78	2.61426
44	74	2.61206
52	58	2.60953
12	94	-2.60925
86	94	2.60899
38	82	2.60506
22	80	2.60439
36	60	-2.60363
60	74	2.6032
20	40	-2.60195
8	98	2.60165
18	80	2.60106
18	88	2.59909
18	44	2.59852
36	70	2.59784
6	82	2.59738
26	98	2.59696
32	96	2.59673
12	46	2.59439
0	60	-2.59376
28	82	-2.58773
22	44	2.58716
36	58	2.58508
12	42	2.58181
16	38	2.58007
42	68	2.57934
76	86	2.57815
0	14	2.57602
6	16	2.57158
52	86	2.56985
24	52	2.56839
8	32	2.56817
20	38	-2.56764
4	92	-2.56745
42	78	2.56687
32	60	2.5665
58	90	2.56635
74	80	2.56308
38	92	2.56175
18	26	2.56058
6	20	-2.55937
26	42	2.55755
70	82	2.55712
34	64	2.5555
6	92	2.55511
34	54	2.55113
54	84	2.55056
24	84	2.54973
56	86	2.54935
34	86	2.5488
22	28	2.54689
4	64	-2.54469
60	98	2.54433
46	96	2.54271
8	74	2.54251
58	84	2.53963
16	40	2.53868
52	60	-2.53625
26	74	2.53304
84	90	2.53292
48	94	-2.53219
28	74	2.53194
4	74	2.52766
0	70	2.52653
56	74	-2.52473
18	78	2.52404
74	86	-2.52367
28	92	-2.52322
4	22	2.52264
52	54	2.5206
46	68	2.52009
60	70	-2.51867
14	36	2.516
4	52	-2.51466
60	94	-2.51125
0	50	2.51054
22	60	2.51007
40	62	2.50966
0	24	2.50823
60	90	-2.50521
40	52	2.50485
0	4	-2.50435
40	76	2.50395
32	68	2.50374
28	64	-2.50176
46	64	-2.49722
14	16	2.49621
4	36	-2.49463
56	98	-2.49034
52	64	2.48828
20	70	-2.4871
28	98	2.48654
58	82	2.48457
56	72	-2.48318
2	40	2.48287
18	68	2.48189
4	98	2.47912
28	52	-2.47774
32	78	2.4777
4	84	-2.47349
14	82	2.47298
74	76	-2.46506
14	20	-2.46375
0	28	-2.46326
24	36	2.46319
58	92	2.46272
12	32	2.46022
86	98	-2.45969
10	56	-2.45889
42	96	2.45658
28	36	-2.45342
36	50	2.45339
46	78	2.44812
60	84	-2.44718
22	94	-2.44681
2	86	2.44463
44	54	-2.44439
16	58	2.44434
28	84	-2.44383
60	72	2.441
54	80	-2.44068
10	60	2.43836
20	58	-2.43758
8	46	2.43608
84	86	2.43533
64	74	-2.43496
40	60	-2.43441
26	32	2.43362
38	40	2.43346
34	70	2.43316
54	68	-2.43239
50	80	-2.43091
6	40	2.43036
54	78	-2.43019
76	98	-2.42905
12	56	-2.42844
44	50	-2.4276
16	70	2.42748
14	90	2.42712
42	58	-2.42565
16	50	2.42349
34	60	-2.42317
26	54	-2.42115
14	80	-2.41918
24	44	-2.41714
24	90	2.41519
72	76	-2.41475
50	78	-2.41433
26	50	-2.41413
44	46	2.41099
40	56	2.40971
46	56	-2.40949
0	54	2.40949
14	44	-2.40867
18	96	2.40728
6	42	-2.40679
50	68	-2.4066
14	26	-2.40627
38	42	-2.40508
50	82	2.40442
32	80	2.40301
18	34	-2.40287
42	48	2.40255
18	62	-2.4021
66	90	-2.40192
54	96	-2.40026
14	78	-2.39948
14	92	2.39946
56	60	-2.39939
60	76	-2.39838
40	58	2.39828
2	60	-2.39384
68	94	-2.39358
10	76	-2.39339
20	50	-2.3927
2	64	2.39229
12	54	-2.39156
10	28	2.39142
8	18	2.38927
24	82	2.38754
28	72	2.38701
24	80	-2.38598
30	94	-2.38586
46	80	2.38582
14	68	-2.38385
42	88	2.38196
32	86	-2.38192
24	42	-2.38186
4	10	2.38161
42	62	-2.38151
18	38	-2.38
12	18	2.37983
30	42	2.37969
0	18	-2.37944
2	18	-2.37894
16	24	2.37863
4	90	-2.37851
4	72	2.3785
6	18	-2.37824
32	44	2.37723
26	46	2.37702
50	90	2.37681
64	98	-2.37635
50	96	-2.37532
2	4	-2.37338
24	68	-2.37229
44	94	-2.37082
46	76	-2.37061
8	42	2.37021
76	92	2.36954
72	86	-2.36931
64	88	-2.36724
12	24	-2.36679
30	54	-2.36634
36	66	-2.36552
48	54	-2.36446
18	36	-2.36423
22	86	-2.36399
40	66	-2.36273
46	70	-2.36126
24	78	-2.36
10	86	-2.35998
20	24	-2.35904
4	94	-2.3583
34	66	-2.35733
18	52	-2.35704
36	54	2.35678
70	74	-2.35667
14	96	-2.35584
8	54	-2.35533
4	34	-2.35424
66	92	-2.35417
6	44	-2.35287
38	44	-2.35146
12	50	-2.34966
34	42	-2.34929
64	84	2.34775
24	26	-2.34673
48	56	-2.34522
28	90	-2.34501
12	76	-2.34466
44	58	-2.34411
76	90	2.3435
24	92	2.34279
40	84	2.3426
8	50	-2.34255
88	92	-2.3422
0	66	-2.34052
18	82	-2.34044
28	94	-2.34035
2	28	-2.34007
18	58	-2.33813
50	92	2.33789
86	88	-2.33689
52	70	2.33647
8	14	-2.33365
6	80	-2.33298
38	80	-2.33296
94	96	-2.33227
30	50	-2.32957
18	24	-2.32828
14	18	-2.32826
88	90	-2.32612
18	92	-2.3226
16	54	2.32241
28	34	-2.32141
40	94	2.32101
36	88	-2.31797
18	20	2.3169
48	50	-2.31689
4	70	-2.31667
18	50	-2.31574
12	14	-2.3144
42	50	-2.31273
62	86	2.3122
70	98	-2.31217
24	96	-2.31215
18	90	-2.31199
14	42	-2.31175
16	18	-2.31102
42	72	2.31087
78	94	-2.30942
10	42	2.30733
56	92	2.30614
54	82	2.30586
62	64	2.30563
70	88	-2.30501
64	72	-2.30471
14	30	-2.30297
66	82	-2.3028
44	62	-2.30227
18	30	2.30082
58	80	-2.30048
26	38	-2.29954
42	54	-2.29913
62	80	-2.29907
20	46	2.29892
6	26	-2.2988
6	78	-2.29702
38	78	-2.2969
32	94	-2.29586
10	54	-2.29537
54	90	2.29534
40	88	-2.29529
82	88	-2.29379
20	54	-2.29377
0	88	-2.29319
6	68	-2.29281
10	64	-2.29278
54	72	-2.29273
18	54	-2.29243
38	68	-2.29163
48	60	2.291
4	40	-2.29051
24	48	-2.2896
48	76	-2.28945
12	58	-2.28923
80	94	-2.28892
76	82	2.28693
92	94	2.28566
46	92	-2.28374
44	66	2.28323
14	48	-2.28198
28	70	-2.28189
18	84	-2.28115
58	66	-2.27981
62	66	-2.27903
58	68	-2.27903
36	76	2.27773
2	42	-2.2767
2	70	2.27521
32	64	-2.27489
26	62	-2.27478
28	48	2.27396
66	80	2.27365
24	30	-2.27359
16	46	-2.27267
34	88	-2.27258
22	64	-2.27194
46	82	-2.27174
64	66	-2.26962
18	48	2.26961
0	42	-2.26912
6	66	-2.26811
14	40	2.268
38	66	-2.26769
42	90	-2.26665
58	78	-2.26603
56	90	2.26583
20	76	-2.26537
70	72	-2.26483
22	56	-2.26465
28	40	-2.26447
36	42	-2.26317
6	12	-2.26218
62	78	-2.26064
4	48	2.25982
12	38	-2.25886
4	56	-2.25854
24	40	2.25707
8	24	-2.25531
26	58	-2.25491
56	68	-2.2542
10	70	-2.25344
26	94	-2.25182
20	88	2.25104
30	56	-2.2506
2	80	-2.2492
70	84	2.24863
54	92	2.24835
26	66	2.24786
20	66	2.24716
8	94	-2.24711
2	26	-2.2458
32	40	-2.24562
4	76	-2.2438
62	68	-2.24259
54	98	-2.23885
10	50	-2.23842
16	76	2.23838
6	96	-2.2382
28	56	-2.23787
22	76	-2.23786
44	56	-2.23784
38	96	-2.23784
58	88	-2.23736
66	70	-2.23692
56	82	2.23638
50	72	-2.23537
0	76	2.2324
24	88	-2.23222
60	62	-2.23195
24	72	-2.23092
40	50	2.23082
10	24	-2.22965
22	70	-2.2293
42	98	2.22641
56	96	-2.22582
42	52	-2.22545
8	76	-2.22524
20	56	-2.22517
28	30	2.22443
60	88	2.22436
2	44	-2.22293
30	76	-2.22283
66	78	2.22276
82	94	2.21983
2	66	-2.2197
28	76	-2.21958
24	66	-2.21895
8	56	-2.21844
26	84	-2.21843
62	70	2.21805
32	70	-2.21778
6	88	-2.2176
90	94	2.2171
38	88	-2.21643
66	86	-2.21615
36	56	2.21567
16	66	-2.21556
16	88	-2.21525
52	66	-2.21474
2	78	-2.21459
48	86	-2.21298
58	96	-2.21283
62	88	-2.21256
30	60	2.21224
20	94	-2.21023
22	54	-2.20853
56	78	-2.20754
40	46	-2.2074
8	38	-2.20689
4	62	-2.20664
4	30	2.20631
6	8	-2.20603
54	74	-2.20535
68	76	-2.20421
38	64	2.20421
42	92	-2.2033
16	56	2.203
80	84	-2.20174
76	96	-2.20078
54	88	-2.20076
38	86	2.20048
6	64	2.19953
62	96	-2.19922
10	14	-2.19912
42	82	-2.19912
18	40	-2.19716
12	60	2.19656
14	72	-2.19568
6	86	2.19503
66	68	2.19449
36	46	-2.192
48	58	-2.19074
76	84	2.19061
56	80	-2.19029
12	62	-2.18958
42	74	2.18716
36	94	2.18711
6	30	-2.18684
8	62	-2.1866
76	88	-2.18651
30	38	-2.1858
8	66	2.18488
6	48	-2.18415
26	56	-2.18398
28	62	-2.18329
52	88	-2.1822
38	48	-2.18203
22	42	2.18112
50	98	-2.18091
50	88	-2.17917
40	42	-2.179
16	94	2.1784
44	76	-2.1784
2	68	-2.17824
78	84	-2.17779
0	56	2.17693
26	52	-2.17651
52	80	-2.17583
30	58	-2.1754
8	70	-2.1752
24	98	-2.1744
76	78	-2.17425
2	88	-2.17369
40	54	2.17344
46	90	-2.17265
0	46	-2.17134
2	8	-2.17122
74	92	-2.17098
8	84	-2.17036
32	90	-2.16897
32	92	-2.16746
34	44	-2.16734
52	76	2.16644
8	58	-2.16565
48	64	-2.16531
34	80	-2.16516
20	32	2.16506
14	88	-2.16431
20	42	2.16411
66	96	2.164
12	28	2.16387
88	94	-2.16368
26	76	-2.16281
56	88	-2.16279
56	84	2.16152
48	70	-2.16129
12	86	-2.16114
10	18	2.15928
20	74	2.15899
14	66	-2.15891
16	42	-2.15873
42	84	-2.1584
22	50	-2.15826
18	72	2.15776
2	96	-2.15734
44	84	-2.15603
50	66	-2.15592
22	40	-2.15493
4	12	2.15477
76	80	-2.15257
32	56	-2.15254
16	32	-2.15016
0	94	2.14873
50	74	-2.14844
44	52	-2.14754
32	82	-2.14748
74	82	-2.14701
26	34	-2.14663
54	66	-2.14652
18	86	-2.14649
30	70	-2.14564
24	74	-2.14549
58	64	2.1444
32	76	-2.14424
34	76	2.14361
52	78	-2.14354
14	98	-2.14317
30	62	-2.14164
58	72	-2.1416
38	70	2.14105
12	66	2.14066
32	42	2.1406
10	58	-2.13917
18	64	-2.13806
40	74	-2.1377
6	70	2.13752
12	70	-2.13707
12	64	-2.13675
8	40	-2.13506
30	86	-2.13468
16	74	-2.13429
28	96	2.13419
84	96	-2.13387
38	60	-2.13261
68	84	-2.132
22	24	-2.12996
52	56	2.12898
92	98	-2.12845
34	78	-2.12818
58	86	2.12811
6	60	-2.12777
14	22	-2.12678
48	62	-2.12658
42	94	-2.12629
60	96	2.12537
4	38	-2.12174
32	36	-2.12064
46	52	-2.12033
4	96	2.11993
6	72	-2.11911
20	98	2.119
6	10	-2.11885
4	88	2.11862
4	6	-2.11782
60	68	2.1171
2	76	2.11651
38	72	-2.11647
60	66	2.11635
10	38	-2.11632
30	66	2.11573
32	54	-2.11306
14	74	-2.11259
70	96	-2.11255
8	52	-2.11205
30	64	-2.11021
66	84	-2.10957
40	98	-2.10952
28	68	2.10949
34	68	-2.10882
52	68	-2.10825
82	98	-2.10789
28	38	-2.10742
32	66	2.10547
0	80	-2.10504
14	86	2.1044
6	28	-2.10413
46	54	-2.10336
22	92	-2.10034
2	12	-2.10028
28	88	2.09895
4	68	2.09893
16	98	-2.09829
0	44	-2.09827
58	70	2.09769
14	64	2.09765
0	32	-2.09752
20	22	2.09736
2	30	-2.09669
18	98	2.09572
0	26	-2.09492
36	74	-2.09479
18	60	2.09408
52	96	-2.09346
34	56	2.0933
46	88	2.09299
58	98	-2.09298
8	28	2.0905
84	88	-2.09014
74	90	-2.08911
8	34	-2.08721
54	94	2.08604
16	22	-2.08317
22	82	-2.08259
4	58	-2.08224
2	56	2.08128
16	26	-2.08099
16	80	-2.08032
46	84	-2.07942
28	58	-2.07941
34	96	-2.07887
14	70	2.07869
22	90	-2.07861
48	66	2.07813
36	80	-2.07808
18	22	2.07791
30	84	-2.07774
52	94	2.07757
28	78	2.07669
72	92	-2.07646
42	46	2.0764
0	74	-2.07639
4	8	2.07631
60	78	2.07585
30	40	-2.07571
80	88	2.07563
32	50	-2.07548
26	88	2.07547
36	44	-2.0751
18	70	-2.07404
0	78	-2.07372
68	70	-2.07371
32	58	-2.07364
24	32	-2.07359
8	64	-2.07353
66	76	-2.0727
34	46	-2.07261
6	98	-2.07255
58	60	-2.07244
10	92	-2.07201
42	56	-2.07164
68	86	-2.0714
26	70	-2.07131
58	74	-2.07121
8	60	2.07117
84	94	2.07112
4	66	2.07088
12	34	-2.07074
14	60	-2.07046
38	98	-2.07037
86	96	-2.07027
40	72	-2.06995
24	94	2.0697
2	48	-2.06968
10	40	-2.06939
26	36	-2.06878
70	78	-2.0687
22	58	-2.06867
50	86	2.06853
18	74	2.06768
4	78	2.06708
20	72	2.06687
44	60	2.06668
24	64	2.06633
4	14	-2.06617
44	88	2.06597
74	88	2.06587
20	80	2.06547
32	34	-2.06524
80	82	-2.06498
34	94	2.06495
10	62	-2.06478
50	64	2.06462
10	20	2.06447
62	72	-2.06422
24	86	2.0642
28	66	2.06415
4	18	2.06411
36	98	-2.06374
8	88	2.06339
20	26	2.06333
64	96	-2.06194
90	98	-2.06094
8	90	-2.06073
16	44	-2.05988
46	50	-2.0598
72	82	-2.05975
40	96	-2.05939
26	82	-2.05931
54	56	2.05856
28	44	2.0568
10	82	-2.05664
16	78	-2.05626
44	82	-2.05548
50	70	2.0546
0	68	-2.05383
14	32	-2.05318
14	28	-2.05313
6	22	-2.05244
24	46	-2.05194
22	66	2.05183
64	68	-2.05158
16	72	-2.05158
6	74	-2.05133
22	36	-2.05126
60	80	2.05124
22	38	-2.0508
36	78	-2.05073
42	64	-2.05069
18	28	2.05067
12	84	-2.05051
20	44	2.05039
78	88	2.05029
10	16	-2.04999
26	28	2.04995
38	74	-2.04942
4	44	2.04937
0	98	-2.04918
2	46	-2.04901
50	94	2.04899
0	8	-2.04868
32	52	-2.04844
28	80	2.04843
44	90	-2.04804
54	76	2.04785
80	90	-2.04763
26	40	-2.04656
56	66	-2.04568
26	60	2.04528
26	90	-2.04527
30	52	-2.045
88	98	2.04496
12	52	-2.04397
70	80	-2.0437
62	76	2.04281
14	76	2.04274
20	78	2.04257
48	84	-2.04248
4	26	2.04222
4	80	2.04157
50	56	2.04128
8	86	-2.04114
50	60	-2.04094
32	88	2.04086
44	86	-2.04085
78	82	-2.04044
50	76	2.03981
40	48	-2.03944
30	34	-2.03913
6	32	-2.03897
24	70	2.03842
8	36	-2.03837
44	70	-2.03751
52	74	-2.03742
32	38	-2.03722
4	50	-2.0372
14	46	-2.03698
78	86	-2.03692
80	92	-2.0368
14	56	2.03678
8	16	-2.03595
0	22	-2.03553
58	94	2.035
36	68	-2.03481
42	76	-2.03478
0	96	-2.03471
44	92	-2.03458
16	68	-2.03431
42	86	-2.03376
24	56	2.03317
18	32	2.03263
4	24	-2.03263
40	78	-2.0322
26	92	-2.03155
78	90	-2.03127
42	70	-2.03078
62	98	-2.03064
28	42	2.03049
24	60	-2.02991
54	70	2.02988
36	72	-2.02984
54	86	2.02975
2	94	2.02951
66	94	-2.02935
24	28	-2.02895
14	94	2.02874
64	78	-2.02862
68	88	2.02846
32	84	-2.02822
72	90	-2.02804
28	50	-2.02802
54	64	2.02717
10	36	-2.02706
48	52	-2.02687
88	96	2.02646
34	48	-2.02639
44	64	-2.02638
10	90	-2.02609
20	68	2.02565
10	66	2.02558
68	82	-2.02531
16	96	-2.02517
40	80	-2.02451
0	12	-2.02428
72	88	2.02395
4	42	2.02386
66	72	2.0237
22	88	2.02346
8	20	2.02303
2	10	-2.02283
8	82	-2.02263
80	86	-2.02258
52	98	-2.02199
90	96	-2.0217
2	72	-2.02149
0	72	-2.02131
32	62	-2.02062
10	88	2.02049
36	96	-2.02035
8	92	-2.02016
22	62	-2.01953
0	10	-2.01917
56	62	2.01821
34	74	-2.01818
78	92	-2.01818
30	90	-2.01796
68	90	-2.01791
62	74	-2.01791
26	64	-2.01787
18	94	-2.01783
20	48	2.01719
24	76	2.01658
12	36	-2.01626
26	86	-2.01592
48	92	-2.01579
46	66	2.01564
40	68	-2.01548
20	96	2.01541
74	84	-2.0147
54	60	-2.01406
64	80	-2.01365
16	48	-2.01355
22	52	-2.01317
46	58	-2.01281
82	96	-2.01257
38	76	2.01253
12	88	2.01243
48	82	-2.01219
12	92	-2.01173
2	32	-2.01171
6	76	2.01119
2	74	-2.0111
12	82	-2.01088
18	46	2.0107
2	98	-2.01031
10	52	-2.01028
4	54	-2.01013
52	72	-2.01006
6	94	2.01001
40	44	-2.00998
22	84	-2.00978
68	92	-2.00944
30	88	2.00916
38	94	2.00876
22	34	-2.00837
12	20	2.00826
56	58	2.00818
10	84	-2.00804
0	30	-2.008
34	98	-2.00781
84	98	-2.00775
42	60	2.00764
16	30	-2.00749
12	90	-2.00719
66	98	2.00696
12	16	-2.00679
72	84	-2.00639
34	72	-2.00628
28	54	-2.00591
10	34	-2.00542
46	62	-2.00535
0	48	-2.00523
20	30	2.00478
12	40	-2.00433
38	56	2.00389
6	56	2.00357
6	46	-2.00352
30	92	-2.00308
38	46	-2.00308
2	22	-2.0029
30	36	-2.00288
48	90	-2.00286
92	96	-2.00272
36	48	-2.00219
18	56	-2.00211
62	94	2.00151
66	74	2.00136
30	82	-2.00117
18	76	-2.00043
58	76	2.00033
48	88	2.00021
