25	89	199.996
11	59	199.881
87	93	199.708
33	93	199.489
21	93	199.075
5	57	-199.048
39	63	199.033
23	95	198.747
41	53	198.621
33	87	198.602
21	87	198.554
69	77	198.503
3	15	198.503
59	99	198.325
27	53	198.288
31	35	198.284
11	55	198.189
9	29	198.053
21	33	197.968
11	99	197.959
29	47	197.844
1	61	197.749
19	45	197.727
19	67	-197.513
3	17	197.46
55	59	197.295
53	73	197.2
37	43	-196.94
15	85	196.796
55	89	196.76
3	85	196.644
25	55	196.586
5	81	-196.571
41	73	196.128
27	73	196.061
45	67	-196.041
9	47	195.898
23	71	195.604
7	87	195.426
21	25	195.109
21	89	195.05
13	71	195.033
61	69	194.262
47	81	-194.197
7	93	194.195
27	41	194.014
9	65	193.93
47	57	-193.88
7	33	193.84
57	81	193.541
49	97	193.522
17	85	193.037
13	61	193.001
37	79	192.95
55	99	192.91
5	47	192.737
31	37	192.72
31	79	192.649
61	95	192.419
15	17	192.313
11	89	192.301
63	73	192.293
33	89	192.174
11	25	192.143
43	51	192.133
29	75	192.093
25	33	192.081
71	95	191.781
89	93	191.777
25	93	191.763
37	45	-191.615
59	89	191.368
61	77	191.308
35	79	191.271
25	59	191.234
13	77	191.128
1	95	190.753
51	77	190.582
31	67	190.366
39	73	190.349
9	57	-190.163
37	67	189.998
1	69	189.699
43	45	189.663
13	23	189.635
7	21	189.328
13	95	189.31
25	87	189.223
87	89	189.2
33	71	-189.107
5	83	-188.963
7	79	188.818
65	85	188.805
27	39	188.302
57	83	188.205
13	69	188.118
23	61	187.718
7	51	-187.703
47	75	187.482
29	57	-187.313
27	63	186.914
55	71	-186.77
43	79	-186.637
21	55	186.067
29	65	185.9
29	81	-185.871
35	37	185.652
33	55	185.536
5	9	185.533
13	51	185.467
71	93	-184.4
19	37	-184.299
5	29	184.276
61	71	184.109
1	13	184.065
1	23	183.899
1	77	183.652
9	75	183.571
89	99	183.15
55	93	183.103
53	63	183.096
71	89	-182.953
25	99	182.942
35	67	182.704
57	65	-182.672
39	53	182.659
9	81	-182.615
25	71	-182.532
51	69	182.521
13	33	-182.477
37	51	-182.325
31	45	-182.216
47	65	182.127
43	67	-181.988
7	43	-181.486
31	43	-181.463
23	55	-181.168
71	87	-181.096
21	71	-181.047
7	13	-181.042
19	31	-179.896
79	87	179.712
19	43	179.279
49	81	-179.231
55	87	179.122
7	37	178.935
7	71	-178.882
41	63	178.877
11	71	-178.628
49	75	178.391
13	93	-177.416
81	83	177.225
11	21	177.067
39	41	176.793
51	79	-176.189
69	95	176.022
11	23	-175.962
3	65	175.949
15	65	175.895
59	71	-175.861
79	93	175.58
75	81	-175.501
19	91	175.457
21	59	175.398
1	71	175.349
67	79	175.215
5	65	175.201
11	33	175.187
71	77	175.183
13	87	-175.133
17	65	174.738
7	89	174.717
7	25	174.642
23	33	-174.008
33	51	-173.84
77	95	173.529
23	59	-173.318
33	59	172.905
23	99	-172.853
45	79	-172.768
11	93	172.662
51	61	172.546
51	87	-172.539
35	43	-172.326
33	79	172.193
47	49	172.081
55	95	-172.061
69	71	171.983
35	45	-171.799
51	93	-171.65
23	89	-171.599
51	71	171.284
43	77	171.218
71	99	-171.095
13	21	-171.085
23	25	-171.07
23	69	170.642
9	85	170.576
59	93	170.554
21	79	170.451
19	35	-170.134
23	77	169.878
13	55	-169.601
7	77	-169.42
47	83	-169.298
45	91	169.218
45	51	168.782
11	87	168.192
23	93	-168.053
57	75	-168.038
7	31	167.803
13	89	-167.534
13	25	-167.094
5	75	166.835
29	49	166.798
41	83	166.744
33	95	-166.715
11	95	-166.655
17	27	-166.233
59	87	166.082
3	91	166.062
17	91	165.877
65	81	-165.859
7	35	165.298
21	23	-165.054
53	83	164.825
7	55	164.742
21	99	164.418
19	79	-164.36
9	83	-164.265
95	99	-164.255
65	75	164.181
23	87	-163.905
59	95	-163.904
43	87	-163.472
21	51	-163.326
5	49	162.972
33	99	162.798
65	83	-162.401
13	43	162.28
37	87	162.219
67	91	-162.117
15	91	162.051
33	77	-161.909
89	95	-161.902
31	51	-161.389
25	95	-161.346
81	97	-161.062
43	69	161.056
7	23	-161.052
93	95	-160.475
43	93	-160.429
33	61	-160.345
1	51	160.181
33	43	-160.049
93	99	159.712
7	69	-159.487
11	13	-159.287
7	61	-159.05
29	85	158.904
29	83	-158.763
27	83	158.442
37	93	158.196
51	67	-157.329
49	57	-157.289
17	39	-157.278
23	51	157.24
77	93	-157.126
51	95	157.062
37	77	-156.83
75	97	156.635
87	95	-156.609
21	95	-156.571
33	37	156.276
7	95	-156.269
13	59	-156.221
17	53	-155.978
39	67	155.978
77	87	-155.976
35	87	155.743
9	15	155.273
19	39	-155.113
31	87	155.031
87	99	154.868
9	49	154.789
57	85	-154.67
19	51	154.647
61	93	-154.221
13	79	-154.197
7	45	-154.013
33	69	-153.916
55	61	-153.912
3	9	153.537
35	51	-153.454
21	43	-152.338
47	85	152.117
3	27	-152.021
7	11	151.95
63	67	151.811
61	87	-151.545
9	17	151.334
13	99	-150.92
21	37	150.897
13	37	-150.764
35	93	150.711
27	85	-150.348
31	93	150.135
27	65	-150.057
77	79	-149.718
17	63	-149.636
7	67	149.578
19	63	-149.576
37	97	-149.528
21	77	-149.361
7	59	149.35
25	79	149.319
73	83	149.312
17	73	-149.28
51	89	-149.255
79	89	149.225
25	51	-149.035
47	97	148.887
69	93	-148.666
43	49	148.617
71	79	-148.576
85	91	148.38
1	33	-148.283
37	49	-147.926
21	61	-147.814
43	71	147.677
31	97	-147.675
75	77	147.654
67	97	-147.625
61	89	-147.48
43	61	147.101
69	87	-147.068
25	61	-146.981
45	97	146.912
37	69	-146.847
81	87	146.628
21	35	146.556
53	65	-146.506
1	7	-146.495
31	33	146.404
11	61	-146.364
5	21	-146.318
33	35	146.286
43	97	146.207
45	77	146.18
5	85	146.135
7	81	146.117
13	29	146.051
5	93	-145.994
5	87	-145.992
81	93	145.988
69	75	145.922
1	55	-145.822
17	41	-145.723
21	57	145.702
9	71	145.497
57	93	145.434
33	57	145.32
33	81	145.139
5	33	-145.138
53	57	144.999
79	97	-144.972
51	75	144.958
57	87	144.839
21	31	144.8
21	81	144.774
49	79	-144.669
13	75	144.595
49	51	144.584
33	47	-144.569
29	71	144.51
19	97	144.396
3	39	-144.177
9	13	144.059
57	89	144.03
41	57	144.027
25	57	144.024
35	97	-143.864
15	29	143.863
7	47	-143.735
59	61	-143.663
23	65	143.485
51	55	-143.416
47	93	-143.297
5	97	143.259
55	77	-143.238
47	71	143.187
5	25	-142.981
5	89	-142.935
77	89	-142.932
61	75	142.863
13	47	142.814
37	91	-142.765
47	87	-142.728
65	71	142.707
7	49	-142.66
29	97	142.648
9	23	142.603
25	77	-142.582
39	45	-142.552
43	91	142.547
17	57	-142.442
1	93	-142.362
27	57	142.28
3	53	-142.211
53	85	-142.136
61	99	-141.952
15	27	-141.796
5	7	-141.569
21	69	-141.482
65	95	141.373
7	19	-141.346
3	29	141.161
45	49	141.012
83	85	-140.906
31	39	140.85
21	47	-140.818
31	49	-140.816
9	95	140.805
23	29	140.792
41	65	-140.7
55	57	140.619
3	57	-140.514
39	91	-140.449
9	33	-140.35
29	61	140.266
1	11	-140.146
5	41	-140.114
55	69	-140.07
5	53	-140.032
29	33	-140.008
69	79	-140.002
7	57	139.983
79	81	139.976
29	77	139.834
1	87	-139.807
29	95	139.649
31	63	139.623
15	57	-139.543
25	83	139.216
55	65	-139.203
75	83	-139.202
7	29	-139.186
21	83	139.136
7	99	139.057
83	89	138.987
25	81	138.872
81	89	138.864
37	71	-138.834
29	51	138.83
17	83	-138.65
35	39	138.635
47	51	138.554
35	63	138.523
9	61	138.275
17	29	138.248
45	63	-138.182
1	75	138.17
5	55	-138.073
1	99	-138.061
57	71	-138.001
9	93	-137.948
39	85	-137.834
49	67	-137.795
1	59	-137.755
1	89	-137.691
69	89	-137.687
29	93	-137.685
23	85	137.672
45	69	137.652
29	69	137.64
25	69	-137.319
47	89	-137.3
3	63	-137.298
75	85	137.272
71	75	137.211
1	25	-137.2
25	47	-137.153
9	55	-137.053
85	95	137.045
13	65	136.997
11	57	136.968
15	47	136.86
11	65	-136.836
35	49	-136.791
7	97	-136.685
29	87	-136.664
1	21	-136.652
23	47	136.595
31	77	-136.538
9	87	-136.431
31	91	-136.415
5	27	-136.361
17	19	136.35
57	97	-136.328
57	59	136.305
75	95	136.271
47	55	-136.233
49	83	-136.231
51	97	136.075
7	9	-136.063
1	43	136.055
55	79	135.945
65	73	-135.908
3	73	-135.79
61	79	-135.765
9	21	-135.752
59	65	-135.628
83	93	135.562
45	87	-135.528
83	87	135.475
9	89	-135.403
37	61	-135.4
3	47	135.321
17	99	-135.298
65	99	-135.205
81	85	-135.193
15	39	-135.19
9	25	-135.182
23	75	135.161
51	81	-135.033
49	87	-134.976
7	75	-134.964
65	89	-134.936
1	29	134.929
9	27	-134.872
47	77	134.871
43	75	134.846
9	53	-134.809
5	71	134.78
25	65	-134.699
19	49	134.687
73	85	-134.685
71	81	-134.597
21	29	-134.461
9	77	134.448
5	11	-134.393
67	77	-134.264
55	81	134.233
5	17	134.163
33	49	-134.111
17	47	134.095
33	65	-134.02
13	31	-133.996
43	89	-133.943
49	93	-133.929
5	59	-133.878
25	43	-133.871
11	77	-133.859
47	95	133.829
61	65	133.642
1	9	133.609
41	85	-133.534
3	83	-133.449
33	83	133.436
27	91	-133.402
47	61	133.181
19	77	133.14
29	55	-133.001
67	87	132.929
9	69	132.902
13	57	-132.899
3	41	-132.894
15	53	-132.866
63	85	-132.783
9	11	-132.776
13	81	-132.762
63	91	-132.748
3	5	132.698
9	41	-132.412
57	99	132.353
9	51	132.343
5	15	132.326
55	83	132.26
11	69	-132.21
23	43	132.065
49	77	132.041
13	45	132.024
29	89	-131.97
45	93	-131.962
13	49	131.915
5	79	-131.807
25	29	-131.747
23	79	-131.736
11	51	-131.682
11	47	-131.633
43	81	-131.537
15	95	131.52
59	77	-131.465
43	95	131.455
85	99	-131.425
9	59	-131.353
1	65	131.293
65	93	-131.277
47	69	131.266
49	65	131.259
9	97	131.242
11	17	-131.108
37	81	131.104
15	23	131.085
17	59	-131.068
27	99	131.043
27	59	131.03
59	83	131.023
13	35	-131.012
37	89	130.875
25	37	130.874
47	79	-130.764
35	77	-130.736
97	99	-130.727
21	65	-130.707
11	83	130.684
33	45	-130.658
57	73	130.607
3	19	130.547
87	97	-130.478
47	59	-130.428
71	85	130.407
11	81	130.399
5	13	130.295
21	49	-130.251
33	75	-130.231
15	83	-130.199
59	69	-130.056
19	27	-130.019
9	99	-129.887
23	57	-129.879
3	23	129.848
59	81	129.801
3	99	-129.721
31	69	-129.718
5	99	-129.688
35	91	-129.681
19	73	-129.658
11	27	129.615
11	85	-129.61
15	63	-129.559
79	95	-129.366
93	97	-129.351
55	85	-129.163
51	59	-129.148
49	71	129.119
3	95	129.014
33	97	-128.968
65	87	-128.947
67	93	128.941
43	47	128.893
67	73	128.865
59	85	-128.731
37	39	128.376
53	59	128.354
11	29	-128.327
47	99	-128.314
47	53	-128.136
1	79	-128.031
39	65	-127.847
41	47	-127.842
75	93	-127.697
5	51	127.623
17	67	-127.581
67	69	-127.554
17	55	-127.498
57	79	127.391
37	75	-127.326
59	97	-127.321
27	67	127.287
75	87	-127.248
15	73	-127.225
17	23	127.218
11	97	-127.031
35	81	127.022
11	53	126.956
51	57	-126.951
21	97	-126.895
53	99	126.889
1	85	126.878
29	59	-126.871
1	37	-126.861
31	81	126.854
33	67	126.811
81	99	126.796
77	99	-126.756
29	53	-126.736
1	47	126.721
53	91	-126.684
25	35	126.67
69	99	-126.658
29	43	126.565
35	89	126.525
37	63	126.335
19	69	126.243
29	41	-126.221
3	11	-126.105
49	69	126.103
27	47	-126.028
7	83	126.008
31	71	-125.952
5	73	-125.896
39	83	125.749
29	99	-125.709
73	91	-125.692
3	59	-125.65
5	23	125.629
83	99	125.586
21	45	-125.52
35	69	-125.469
57	95	-125.368
27	29	-125.366
43	55	-125.334
55	97	-125.313
49	99	-125.313
63	65	-125.312
9	73	-125.241
41	81	125.21
61	85	125.209
15	75	125.096
63	83	125.077
35	71	-125.029
23	81	-125.019
17	95	125.006
7	65	-124.972
77	81	-124.935
11	79	124.912
25	31	124.869
37	47	-124.841
31	89	124.774
19	87	-124.709
75	79	-124.691
29	79	-124.667
15	99	-124.659
49	55	-124.655
15	41	-124.642
27	55	124.628
49	89	-124.617
25	49	-124.498
15	19	124.48
17	45	124.455
53	81	124.294
65	69	124.166
79	91	-124.037
65	77	124
89	97	-123.899
51	91	123.874
3	55	-123.849
41	59	123.82
25	97	-123.812
31	61	-123.734
1	63	-123.641
13	67	-123.631
11	49	-123.617
23	37	-123.595
69	73	-123.441
49	59	-123.264
21	67	123.24
13	85	123.168
21	75	-123.131
59	79	123.076
53	55	122.914
15	81	-122.906
35	61	-122.902
1	35	-122.882
41	91	-122.881
1	15	122.749
37	95	-122.74
23	49	122.697
25	53	122.692
71	97	122.664
53	89	122.561
19	53	-122.56
11	41	122.479
25	27	122.321
13	97	122.296
27	89	122.25
63	69	-122.133
51	99	-122.066
45	61	121.987
57	77	-121.964
3	67	-121.895
15	71	121.876
41	69	-121.837
85	89	-121.815
11	15	-121.807
5	43	121.719
3	81	-121.67
59	73	121.612
25	85	-121.578
57	61	-121.507
49	61	121.501
3	71	121.484
41	99	121.453
1	31	-121.389
17	81	-121.365
3	75	121.36
19	93	-121.359
83	97	-121.313
77	97	121.193
73	99	121.181
1	73	-121.17
5	95	121.123
37	55	121.104
15	59	-121.093
81	95	-121.038
29	37	-120.925
5	37	-120.913
55	75	-120.89
27	81	120.789
91	97	120.716
15	55	-120.691
45	73	-120.671
25	41	120.658
17	71	120.507
41	89	120.484
71	83	-120.466
5	77	120.426
41	75	-120.417
39	99	120.293
3	45	120.169
53	67	120.147
39	43	-120.13
11	73	120.126
69	81	-120.022
61	81	-120.019
13	19	119.991
49	95	119.934
19	33	-119.908
9	79	-119.89
65	91	119.767
15	61	119.541
45	75	119.481
17	89	-119.372
9	43	119.351
29	73	-119.318
27	45	-119.305
41	55	119.277
17	25	-119.193
75	89	-119.181
51	65	119.129
45	71	119.057
43	57	-119.003
25	75	-118.95
57	69	-118.778
43	63	-118.764
1	3	118.387
5	35	-118.348
47	73	-118.283
19	41	-118.276
79	83	118.22
5	61	118.174
1	39	-118.155
39	79	117.983
17	75	117.748
39	59	117.505
23	97	117.431
5	31	-117.395
53	69	-117.362
63	79	117.323
37	57	117.273
33	85	-117.255
53	75	-117.224
31	47	-117.067
63	99	117.048
11	75	-117.027
15	67	-116.921
73	77	-116.904
31	73	116.889
1	41	-116.785
5	69	116.696
19	85	116.695
39	69	-116.683
31	75	-116.494
75	99	-116.423
41	77	-116.384
35	47	-116.359
61	63	-116.329
35	95	-116.256
73	75	-116.183
3	89	-116.173
19	21	-116.131
61	73	-116.032
45	81	-116.014
11	39	116.002
3	25	-115.986
3	61	115.948
61	67	-115.936
41	67	115.889
35	73	115.873
63	77	-115.835
1	57	-115.773
59	75	-115.739
55	73	115.65
13	15	115.543
69	97	115.54
11	43	-115.526
15	45	115.525
35	55	115.502
1	45	115.442
23	35	-115.298
21	85	-115.1
59	63	114.969
31	95	-114.942
1	49	114.86
79	99	114.853
1	53	-114.716
85	93	-114.701
25	73	114.637
23	31	-114.565
31	55	114.551
73	89	114.531
67	81	114.522
9	37	-114.505
13	83	-114.463
39	57	114.325
35	75	-114.207
45	53	-114.127
9	39	-113.876
15	89	-113.871
39	97	-113.838
21	53	113.796
43	59	-113.741
1	17	113.74
95	97	113.726
3	13	113.7
15	25	-113.691
41	61	-113.684
9	63	-113.629
35	57	113.589
1	81	-113.522
11	63	113.519
67	71	-113.517
27	75	-113.51
73	81	113.325
27	69	-113.207
21	41	113.189
67	75	-113.142
1	27	-113.085
57	63	113.077
27	31	113.059
77	91	113.041
69	85	113.036
1	67	-113.01
31	57	112.951
63	97	-112.92
23	83	-112.837
19	61	112.777
29	31	-112.58
65	97	112.542
83	91	-112.526
85	87	-112.51
1	5	112.376
21	27	112.363
53	77	-112.236
49	91	112.227
11	37	112.217
61	97	112.063
17	61	111.979
41	45	-111.969
29	35	-111.959
19	75	111.893
51	83	-111.837
39	61	-111.689
45	47	111.657
53	61	-111.579
39	77	-111.568
13	17	111.427
27	35	111.279
77	85	111.241
45	89	-110.975
25	45	-110.969
37	59	110.731
67	85	-110.636
17	33	-110.618
39	55	110.298
7	91	-110.264
17	21	-110.167
23	27	-110.157
5	39	-110.068
53	93	110.047
33	53	109.951
19	71	109.93
19	81	-109.855
3	33	-109.837
27	61	-109.723
29	45	109.68
17	31	-109.652
37	73	109.639
27	71	-109.603
15	33	-109.521
41	93	109.49
63	75	-109.426
15	35	-109.263
77	83	-109.237
27	33	109.188
69	91	109.175
29	63	-109.158
33	41	109.126
5	63	-109.122
91	99	-109.045
1	19	109.013
51	63	-108.998
3	21	-108.98
45	95	108.979
25	67	108.968
35	83	108.963
23	45	108.959
65	79	-108.954
67	89	108.953
27	93	108.93
53	71	-108.921
83	95	-108.853
45	85	108.795
17	93	-108.713
27	95	-108.697
31	53	108.67
53	87	108.653
11	35	108.545
15	21	-108.512
27	77	-108.512
23	53	-108.467
47	67	-108.447
55	63	108.424
49	85	108.379
41	87	108.364
7	85	-108.342
69	83	-108.309
43	99	-108.251
29	39	-108.166
3	35	-108.029
15	69	108.02
9	35	-108.013
73	95	-107.991
17	35	-107.986
3	93	-107.962
39	51	-107.902
9	31	-107.88
63	95	-107.874
15	93	-107.8
3	31	-107.762
43	83	-107.696
11	31	107.673
53	95	-107.615
35	59	107.584
35	53	107.568
41	71	-107.435
37	83	107.408
43	73	-107.396
27	87	107.385
43	65	107.319
5	45	107.293
17	37	-107.251
15	31	-107.119
27	37	107.02
13	41	-106.968
31	83	106.957
25	39	106.928
39	89	106.907
1	97	106.881
61	83	-106.838
21	73	106.784
23	73	-106.738
31	59	106.71
17	87	-106.702
41	95	-106.683
23	41	-106.597
47	63	-106.433
15	87	-106.361
39	47	-106.283
5	67	-106.255
3	87	-106.227
13	73	-106.217
31	41	106.207
15	77	106.179
13	53	-106.121
39	95	-106.027
29	67	-105.931
39	75	-105.876
37	99	105.831
25	63	105.804
63	89	105.768
19	47	105.712
45	55	-105.677
51	73	-105.606
67	95	-105.547
41	51	-105.505
35	41	105.492
71	73	-105.457
3	69	105.411
9	91	105.408
51	85	105.279
23	63	-105.19
23	67	-105.179
59	91	-105.161
41	49	-105.116
13	27	-105.067
45	57	-104.923
17	43	104.909
3	37	-104.893
19	89	-104.877
19	25	-104.876
13	63	-104.791
11	91	-104.763
9	45	104.561
23	39	-104.537
37	65	-104.183
33	73	104.17
35	85	-104.123
19	29	104.115
3	77	104.11
73	93	104.091
1	83	-104.084
27	43	-104.073
37	53	104.068
49	63	-104.067
55	67	104.058
57	91	-104.054
87	91	-103.939
57	67	103.807
39	49	-103.778
41	43	-103.703
73	79	103.552
73	97	-103.374
17	69	103.304
13	91	103.3
35	99	103.274
3	43	103.269
19	95	103.156
19	23	103.134
73	87	103.125
37	41	103.095
51	53	-103.062
15	37	-103.058
5	19	103.053
7	15	-103.028
43	53	-102.973
31	99	102.916
23	91	102.915
5	91	102.867
19	99	-102.831
19	65	102.824
15	49	102.775
7	39	102.731
49	53	-102.695
7	63	102.645
91	93	-102.644
91	95	102.625
7	17	-102.61
31	85	-102.6
13	39	-102.597
3	7	-102.587
7	41	102.524
39	81	102.506
7	53	102.324
17	77	102.262
21	91	-102.228
63	81	102.181
9	67	-102.18
63	71	-102.108
55	91	-102.084
49	73	-102.046
27	79	102.025
35	65	-101.972
19	55	-101.944
11	45	-101.88
67	99	101.841
33	91	-101.783
39	71	-101.765
15	43	101.714
3	49	101.701
15	51	101.627
7	27	101.611
19	57	-101.569
11	67	101.554
75	91	101.549
15	79	-101.527
61	91	101.486
21	39	101.464
29	91	101.457
27	51	-101.417
17	97	101.412
27	97	-101.401
45	59	-101.379
59	67	101.349
17	49	101.332
3	51	101.267
9	19	101.256
41	97	-101.199
31	65	-101.119
45	99	-101.004
21	63	101.002
19	59	-101.001
17	79	-100.999
11	19	-100.983
25	91	-100.947
17	51	100.947
65	67	-100.904
89	91	-100.894
45	83	-100.873
3	79	-100.872
45	65	100.843
81	91	-100.794
27	49	-100.788
71	91	100.757
53	79	100.723
39	87	100.704
85	97	100.684
79	85	-100.669
39	93	100.645
43	85	100.616
47	91	100.592
53	97	-100.555
37	85	-100.546
33	39	100.518
3	97	100.476
63	87	100.421
15	97	100.411
67	83	100.33
63	93	100.292
1	91	100.287
41	79	100.188
33	63	100.167
7	73	100.163
19	83	-100.134
80	81	20
18	19	20
24	25	20
82	83	20
52	53	20
84	85	20
36	37	20
62	63	20
38	39	20
88	89	20
50	51	20
22	23	20
90	91	20
48	49	20
42	43	20
92	93	20
94	95	20
96	97	20
86	87	20
78	79	20
26	27	20
74	75	20
60	61	20
40	41	20
30	31	20
64	65	20
58	59	20
66	67	20
44	45	20
28	29	20
76	77	20
20	21	20
68	69	20
70	71	20
34	35	20
72	73	20
54	55	20
14	15	20
46	47	20
16	17	20
56	57	20
32	33	20
0	1	20
98	99	20
4	5	20
8	9	20
6	7	20
2	3	20
10	11	20
12	13	20
24	89	19.9996
25	88	19.9996
11	58	19.9881
10	59	19.9881
86	93	19.9708
87	92	19.9708
33	92	19.9489
32	93	19.9489
21	92	19.9075
20	93	19.9075
4	57	-19.9048
5	56	-19.9048
38	63	19.9033
39	62	19.9033
23	94	19.8747
22	95	19.8747
40	53	19.8621
41	52	19.8621
33	86	19.8602
32	87	19.8602
21	86	19.8554
20	87	19.8554
68	77	19.8503
69	76	19.8503
2	15	19.8503
3	14	19.8503
59	98	19.8325
58	99	19.8325
26	53	19.8288
27	52	19.8288
30	35	19.8284
31	34	19.8284
10	55	19.8189
11	54	19.8189
8	29	19.8053
9	28	19.8053
21	32	19.7968
20	33	19.7968
11	98	19.7959
10	99	19.7959
28	47	19.7844
29	46	19.7844
1	60	19.7749
0	61	19.7749
19	44	19.7727
18	45	19.7727
18	67	-19.7513
19	66	-19.7513
2	17	19.746
3	16	19.746
55	58	19.7295
54	59	19.7295
53	72	19.72
52	73	19.72
37	42	-19.694
36	43	-19.694
15	84	19.6796
14	85	19.6796
54	89	19.676
55	88	19.676
2	85	19.6644
3	84	19.6644
24	55	19.6586
25	54	19.6586
5	80	-19.6571
4	81	-19.6571
41	72	19.6128
40	73	19.6128
26	73	19.6061
27	72	19.6061
45	66	-19.6041
44	67	-19.6041
9	46	19.5898
8	47	19.5898
23	70	19.5604
22	71	19.5604
7	86	19.5426
6	87	19.5426
21	24	19.5109
20	25	19.5109
20	89	19.505
21	88	19.505
12	71	19.5033
13	70	19.5033
61	68	19.4262
60	69	19.4262
46	81	-19.4197
47	80	-19.4197
6	93	19.4195
7	92	19.4195
26	41	19.4014
27	40	19.4014
9	64	19.393
8	65	19.393
47	56	-19.388
46	57	-19.388
6	33	19.384
7	32	19.384
57	80	19.3541
56	81	19.3541
49	96	19.3522
48	97	19.3522
16	85	19.3037
17	84	19.3037
12	61	19.3001
13	60	19.3001
36	79	19.295
37	78	19.295
55	98	19.291
54	99	19.291
4	47	19.2737
5	46	19.2737
30	37	19.272
31	36	19.272
31	78	19.2649
30	79	19.2649
60	95	19.2419
61	94	19.2419
14	17	19.2313
15	16	19.2313
11	88	19.2301
10	89	19.2301
62	73	19.2293
63	72	19.2293
33	88	19.2174
32	89	19.2174
11	24	19.2143
10	25	19.2143
43	50	19.2133
42	51	19.2133
28	75	19.2093
29	74	19.2093
24	33	19.2081
25	32	19.2081
71	94	19.1781
70	95	19.1781
89	92	19.1777
88	93	19.1777
24	93	19.1763
25	92	19.1763
37	44	-19.1615
36	45	-19.1615
59	88	19.1368
58	89	19.1368
61	76	19.1308
60	77	19.1308
34	79	19.1271
35	78	19.1271
24	59	19.1234
25	58	19.1234
12	77	19.1128
13	76	19.1128
1	94	19.0753
0	95	19.0753
50	77	19.0582
51	76	19.0582
30	67	19.0366
31	66	19.0366
38	73	19.0349
39	72	19.0349
9	56	-19.0163
8	57	-19.0163
36	67	18.9998
37	66	18.9998
1	68	18.9699
0	69	18.9699
43	44	18.9663
42	45	18.9663
13	22	18.9635
12	23	18.9635
7	20	18.9328
6	21	18.9328
12	95	18.931
13	94	18.931
25	86	18.9223
24	87	18.9223
87	88	18.92
86	89	18.92
32	71	-18.9107
33	70	-18.9107
4	83	-18.8963
5	82	-18.8963
7	78	18.8818
6	79	18.8818
65	84	18.8805
64	85	18.8805
27	38	18.8302
26	39	18.8302
56	83	18.8205
57	82	18.8205
12	69	18.8118
13	68	18.8118
22	61	18.7718
23	60	18.7718
7	50	-18.7703
6	51	-18.7703
47	74	18.7482
46	75	18.7482
29	56	-18.7313
28	57	-18.7313
27	62	18.6914
26	63	18.6914
55	70	-18.677
54	71	-18.677
42	79	-18.6637
43	78	-18.6637
20	55	18.6067
21	54	18.6067
29	64	18.59
28	65	18.59
29	80	-18.5871
28	81	-18.5871
35	36	18.5652
34	37	18.5652
33	54	18.5536
32	55	18.5536
4	9	18.5533
5	8	18.5533
12	51	18.5467
13	50	18.5467
70	93	-18.44
71	92	-18.44
19	36	-18.4299
18	37	-18.4299
4	29	18.4276
5	28	18.4276
61	70	18.4109
60	71	18.4109
0	13	18.4065
1	12	18.4065
1	22	18.3899
0	23	18.3899
0	77	18.3652
1	76	18.3652
8	75	18.3571
9	74	18.3571
89	98	18.315
88	99	18.315
54	93	18.3103
55	92	18.3103
53	62	18.3096
52	63	18.3096
70	89	-18.2953
71	88	-18.2953
24	99	18.2942
25	98	18.2942
34	67	18.2704
35	66	18.2704
57	64	-18.2672
56	65	-18.2672
39	52	18.2659
38	53	18.2659
9	80	-18.2615
8	81	-18.2615
25	70	-18.2532
24	71	-18.2532
50	69	18.2521
51	68	18.2521
12	33	-18.2477
13	32	-18.2477
37	50	-18.2325
36	51	-18.2325
31	44	-18.2216
30	45	-18.2216
47	64	18.2127
46	65	18.2127
42	67	-18.1988
43	66	-18.1988
7	42	-18.1486
6	43	-18.1486
31	42	-18.1463
30	43	-18.1463
23	54	-18.1168
22	55	-18.1168
70	87	-18.1096
71	86	-18.1096
21	70	-18.1047
20	71	-18.1047
7	12	-18.1042
6	13	-18.1042
18	31	-17.9896
19	30	-17.9896
78	87	17.9712
79	86	17.9712
19	42	17.9279
18	43	17.9279
48	81	-17.9231
49	80	-17.9231
54	87	17.9122
55	86	17.9122
7	36	17.8935
6	37	17.8935
6	71	-17.8882
7	70	-17.8882
41	62	17.8877
40	63	17.8877
11	70	-17.8628
10	71	-17.8628
48	75	17.8391
49	74	17.8391
13	92	-17.7416
12	93	-17.7416
81	82	17.7225
80	83	17.7225
11	20	17.7067
10	21	17.7067
39	40	17.6793
38	41	17.6793
50	79	-17.6189
51	78	-17.6189
69	94	17.6022
68	95	17.6022
11	22	-17.5962
10	23	-17.5962
2	65	17.5949
3	64	17.5949
15	64	17.5895
14	65	17.5895
59	70	-17.5861
58	71	-17.5861
79	92	17.558
78	93	17.558
74	81	-17.5501
75	80	-17.5501
19	90	17.5457
18	91	17.5457
21	58	17.5398
20	59	17.5398
0	71	17.5349
1	70	17.5349
66	79	17.5215
67	78	17.5215
5	64	17.5201
4	65	17.5201
11	32	17.5187
10	33	17.5187
71	76	17.5183
70	77	17.5183
13	86	-17.5133
12	87	-17.5133
17	64	17.4738
16	65	17.4738
6	89	17.4717
7	88	17.4717
6	25	17.4642
7	24	17.4642
23	32	-17.4008
22	33	-17.4008
32	51	-17.384
33	50	-17.384
76	95	17.3529
77	94	17.3529
23	58	-17.3318
22	59	-17.3318
32	59	17.2905
33	58	17.2905
22	99	-17.2853
23	98	-17.2853
44	79	-17.2768
45	78	-17.2768
11	92	17.2662
10	93	17.2662
51	60	17.2546
50	61	17.2546
50	87	-17.2539
51	86	-17.2539
35	42	-17.2326
34	43	-17.2326
33	78	17.2193
32	79	17.2193
47	48	17.2081
46	49	17.2081
54	95	-17.2061
55	94	-17.2061
69	70	17.1983
68	71	17.1983
34	45	-17.1799
35	44	-17.1799
51	92	-17.165
50	93	-17.165
23	88	-17.1599
22	89	-17.1599
51	70	17.1284
50	71	17.1284
43	76	17.1218
42	77	17.1218
71	98	-17.1095
70	99	-17.1095
13	20	-17.1085
12	21	-17.1085
22	25	-17.107
23	24	-17.107
22	69	17.0642
23	68	17.0642
9	84	17.0576
8	85	17.0576
58	93	17.0554
59	92	17.0554
20	79	17.0451
21	78	17.0451
19	34	-17.0134
18	35	-17.0134
23	76	16.9878
22	77	16.9878
13	54	-16.9601
12	55	-16.9601
7	76	-16.942
6	77	-16.942
47	82	-16.9298
46	83	-16.9298
44	91	16.9218
45	90	16.9218
44	51	16.8782
45	50	16.8782
11	86	16.8192
10	87	16.8192
22	93	-16.8053
23	92	-16.8053
57	74	-16.8038
56	75	-16.8038
7	30	16.7803
6	31	16.7803
13	88	-16.7534
12	89	-16.7534
12	25	-16.7094
13	24	-16.7094
4	75	16.6835
5	74	16.6835
28	49	16.6798
29	48	16.6798
40	83	16.6744
41	82	16.6744
32	95	-16.6715
33	94	-16.6715
11	94	-16.6655
10	95	-16.6655
16	27	-16.6233
17	26	-16.6233
59	86	16.6082
58	87	16.6082
2	91	16.6062
3	90	16.6062
17	90	16.5877
16	91	16.5877
64	81	-16.5859
65	80	-16.5859
6	35	16.5298
7	34	16.5298
20	23	-16.5054
21	22	-16.5054
52	83	16.4825
53	82	16.4825
7	54	16.4742
6	55	16.4742
21	98	16.4418
20	99	16.4418
19	78	-16.436
18	79	-16.436
8	83	-16.4265
9	82	-16.4265
95	98	-16.4255
94	99	-16.4255
65	74	16.4181
64	75	16.4181
22	87	-16.3905
23	86	-16.3905
59	94	-16.3904
58	95	-16.3904
42	87	-16.3472
43	86	-16.3472
20	51	-16.3326
21	50	-16.3326
5	48	16.2972
4	49	16.2972
33	98	16.2798
32	99	16.2798
65	82	-16.2401
64	83	-16.2401
13	42	16.228
12	43	16.228
36	87	16.2219
37	86	16.2219
67	90	-16.2117
66	91	-16.2117
14	91	16.2051
15	90	16.2051
33	76	-16.1909
32	77	-16.1909
88	95	-16.1902
89	94	-16.1902
31	50	-16.1389
30	51	-16.1389
24	95	-16.1346
25	94	-16.1346
80	97	-16.1062
81	96	-16.1062
43	68	16.1056
42	69	16.1056
6	23	-16.1052
7	22	-16.1052
92	95	-16.0475
93	94	-16.0475
42	93	-16.0429
43	92	-16.0429
33	60	-16.0345
32	61	-16.0345
1	50	16.0181
0	51	16.0181
32	43	-16.0049
33	42	-16.0049
92	99	15.9712
93	98	15.9712
7	68	-15.9487
6	69	-15.9487
10	13	-15.9287
11	12	-15.9287
6	61	-15.905
7	60	-15.905
29	84	15.8904
28	85	15.8904
29	82	-15.8763
28	83	-15.8763
26	83	15.8442
27	82	15.8442
37	92	15.8196
36	93	15.8196
51	66	-15.7329
50	67	-15.7329
49	56	-15.7289
48	57	-15.7289
16	39	-15.7278
17	38	-15.7278
23	50	15.724
22	51	15.724
77	92	-15.7126
76	93	-15.7126
51	94	15.7062
50	95	15.7062
37	76	-15.683
36	77	-15.683
74	97	15.6635
75	96	15.6635
86	95	-15.6609
87	94	-15.6609
21	94	-15.6571
20	95	-15.6571
32	37	15.6276
33	36	15.6276
6	95	-15.6269
7	94	-15.6269
13	58	-15.6221
12	59	-15.6221
17	52	-15.5978
16	53	-15.5978
39	66	15.5978
38	67	15.5978
77	86	-15.5976
76	87	-15.5976
35	86	15.5743
34	87	15.5743
9	14	15.5273
8	15	15.5273
18	39	-15.5113
19	38	-15.5113
31	86	15.5031
30	87	15.5031
86	99	15.4868
87	98	15.4868
9	48	15.4789
8	49	15.4789
57	84	-15.467
56	85	-15.467
18	51	15.4647
19	50	15.4647
61	92	-15.4221
60	93	-15.4221
13	78	-15.4197
12	79	-15.4197
6	45	-15.4013
7	44	-15.4013
33	68	-15.3916
32	69	-15.3916
54	61	-15.3912
55	60	-15.3912
2	9	15.3537
3	8	15.3537
35	50	-15.3454
34	51	-15.3454
21	42	-15.2338
20	43	-15.2338
47	84	15.2117
46	85	15.2117
2	27	-15.2021
3	26	-15.2021
6	11	15.195
7	10	15.195
62	67	15.1811
63	66	15.1811
61	86	-15.1545
60	87	-15.1545
8	17	15.1334
9	16	15.1334
13	98	-15.092
12	99	-15.092
20	37	15.0897
21	36	15.0897
13	36	-15.0764
12	37	-15.0764
35	92	15.0711
34	93	15.0711
26	85	-15.0348
27	84	-15.0348
31	92	15.0135
30	93	15.0135
26	65	-15.0057
27	64	-15.0057
77	78	-14.9718
76	79	-14.9718
17	62	-14.9636
16	63	-14.9636
7	66	14.9578
6	67	14.9578
18	63	-14.9576
19	62	-14.9576
37	96	-14.9528
36	97	-14.9528
20	77	-14.9361
21	76	-14.9361
6	59	14.935
7	58	14.935
24	79	14.9319
25	78	14.9319
73	82	14.9312
72	83	14.9312
16	73	-14.928
17	72	-14.928
50	89	-14.9255
51	88	-14.9255
78	89	14.9225
79	88	14.9225
24	51	-14.9035
25	50	-14.9035
46	97	14.8887
47	96	14.8887
69	92	-14.8666
68	93	-14.8666
42	49	14.8617
43	48	14.8617
70	79	-14.8576
71	78	-14.8576
85	90	14.838
84	91	14.838
1	32	-14.8283
0	33	-14.8283
36	49	-14.7926
37	48	-14.7926
21	60	-14.7814
20	61	-14.7814
42	71	14.7677
43	70	14.7677
30	97	-14.7675
31	96	-14.7675
74	77	14.7654
75	76	14.7654
66	97	-14.7625
67	96	-14.7625
61	88	-14.748
60	89	-14.748
43	60	14.7101
42	61	14.7101
68	87	-14.7068
69	86	-14.7068
25	60	-14.6981
24	61	-14.6981
44	97	14.6912
45	96	14.6912
37	68	-14.6847
36	69	-14.6847
81	86	14.6628
80	87	14.6628
21	34	14.6556
20	35	14.6556
53	64	-14.6506
52	65	-14.6506
1	6	-14.6495
0	7	-14.6495
30	33	14.6404
31	32	14.6404
11	60	-14.6364
10	61	-14.6364
4	21	-14.6318
5	20	-14.6318
33	34	14.6286
32	35	14.6286
43	96	14.6207
42	97	14.6207
45	76	14.618
44	77	14.618
5	84	14.6135
4	85	14.6135
7	80	14.6117
6	81	14.6117
13	28	14.6051
12	29	14.6051
4	93	-14.5994
5	92	-14.5994
4	87	-14.5992
5	86	-14.5992
81	92	14.5988
80	93	14.5988
69	74	14.5922
68	75	14.5922
1	54	-14.5822
0	55	-14.5822
16	41	-14.5723
17	40	-14.5723
21	56	14.5702
20	57	14.5702
9	70	14.5497
8	71	14.5497
56	93	14.5434
57	92	14.5434
33	56	14.532
32	57	14.532
33	80	14.5139
32	81	14.5139
4	33	-14.5138
5	32	-14.5138
52	57	14.4999
53	56	14.4999
79	96	-14.4972
78	97	-14.4972
50	75	14.4958
51	74	14.4958
57	86	14.4839
56	87	14.4839
21	30	14.48
20	31	14.48
21	80	14.4774
20	81	14.4774
48	79	-14.4669
49	78	-14.4669
12	75	14.4595
13	74	14.4595
49	50	14.4584
48	51	14.4584
32	47	-14.4569
33	46	-14.4569
28	71	14.451
29	70	14.451
18	97	14.4396
19	96	14.4396
3	38	-14.4177
2	39	-14.4177
8	13	14.4059
9	12	14.4059
56	89	14.403
57	88	14.403
41	56	14.4027
40	57	14.4027
25	56	14.4024
24	57	14.4024
35	96	-14.3864
34	97	-14.3864
14	29	14.3863
15	28	14.3863
7	46	-14.3735
6	47	-14.3735
59	60	-14.3663
58	61	-14.3663
22	65	14.3485
23	64	14.3485
50	55	-14.3416
51	54	-14.3416
46	93	-14.3297
47	92	-14.3297
5	96	14.3259
4	97	14.3259
54	77	-14.3238
55	76	-14.3238
46	71	14.3187
47	70	14.3187
4	25	-14.2981
5	24	-14.2981
4	89	-14.2935
5	88	-14.2935
77	88	-14.2932
76	89	-14.2932
61	74	14.2863
60	75	14.2863
12	47	14.2814
13	46	14.2814
36	91	-14.2765
37	90	-14.2765
46	87	-14.2728
47	86	-14.2728
64	71	14.2707
65	70	14.2707
7	48	-14.266
6	49	-14.266
28	97	14.2648
29	96	14.2648
9	22	14.2603
8	23	14.2603
24	77	-14.2582
25	76	-14.2582
38	45	-14.2552
39	44	-14.2552
42	91	14.2547
43	90	14.2547
17	56	-14.2442
16	57	-14.2442
0	93	-14.2362
1	92	-14.2362
26	57	14.228
27	56	14.228
3	52	-14.2211
2	53	-14.2211
52	85	-14.2136
53	84	-14.2136
61	98	-14.1952
60	99	-14.1952
14	27	-14.1796
15	26	-14.1796
5	6	-14.1569
4	7	-14.1569
21	68	-14.1482
20	69	-14.1482
65	94	14.1373
64	95	14.1373
6	19	-14.1346
7	18	-14.1346
2	29	14.1161
3	28	14.1161
45	48	14.1012
44	49	14.1012
83	84	-14.0906
82	85	-14.0906
30	39	14.085
31	38	14.085
21	46	-14.0818
20	47	-14.0818
31	48	-14.0816
30	49	-14.0816
9	94	14.0805
8	95	14.0805
22	29	14.0792
23	28	14.0792
41	64	-14.07
40	65	-14.07
55	56	14.0619
54	57	14.0619
3	56	-14.0514
2	57	-14.0514
38	91	-14.0449
39	90	-14.0449
8	33	-14.035
9	32	-14.035
28	61	14.0266
29	60	14.0266
1	10	-14.0146
0	11	-14.0146
5	40	-14.0114
4	41	-14.0114
54	69	-14.007
55	68	-14.007
4	53	-14.0032
5	52	-14.0032
28	33	-14.0008
29	32	-14.0008
68	79	-14.0002
69	78	-14.0002
7	56	13.9983
6	57	13.9983
79	80	13.9976
78	81	13.9976
28	77	13.9834
29	76	13.9834
0	87	-13.9807
1	86	-13.9807
28	95	13.9649
29	94	13.9649
31	62	13.9623
30	63	13.9623
14	57	-13.9543
15	56	-13.9543
25	82	13.9216
24	83	13.9216
55	64	-13.9203
54	65	-13.9203
74	83	-13.9202
75	82	-13.9202
7	28	-13.9186
6	29	-13.9186
20	83	13.9136
21	82	13.9136
6	99	13.9057
7	98	13.9057
82	89	13.8987
83	88	13.8987
24	81	13.8872
25	80	13.8872
80	89	13.8864
81	88	13.8864
37	70	-13.8834
36	71	-13.8834
29	50	13.883
28	51	13.883
17	82	-13.865
16	83	-13.865
34	39	13.8635
35	38	13.8635
47	50	13.8554
46	51	13.8554
35	62	13.8523
34	63	13.8523
9	60	13.8275
8	61	13.8275
17	28	13.8248
16	29	13.8248
44	63	-13.8182
45	62	-13.8182
0	75	13.817
1	74	13.817
4	55	-13.8073
5	54	-13.8073
0	99	-13.8061
1	98	-13.8061
57	70	-13.8001
56	71	-13.8001
8	93	-13.7948
9	92	-13.7948
39	84	-13.7834
38	85	-13.7834
49	66	-13.7795
48	67	-13.7795
0	59	-13.7755
1	58	-13.7755
0	89	-13.7691
1	88	-13.7691
69	88	-13.7687
68	89	-13.7687
29	92	-13.7685
28	93	-13.7685
22	85	13.7672
23	84	13.7672
45	68	13.7652
44	69	13.7652
28	69	13.764
29	68	13.764
24	69	-13.7319
25	68	-13.7319
47	88	-13.73
46	89	-13.73
3	62	-13.7298
2	63	-13.7298
74	85	13.7272
75	84	13.7272
71	74	13.7211
70	75	13.7211
1	24	-13.72
0	25	-13.72
25	46	-13.7153
24	47	-13.7153
9	54	-13.7053
8	55	-13.7053
84	95	13.7045
85	94	13.7045
13	64	13.6997
12	65	13.6997
11	56	13.6968
10	57	13.6968
15	46	13.686
14	47	13.686
10	65	-13.6836
11	64	-13.6836
35	48	-13.6791
34	49	-13.6791
7	96	-13.6685
6	97	-13.6685
28	87	-13.6664
29	86	-13.6664
0	21	-13.6652
1	20	-13.6652
22	47	13.6595
23	46	13.6595
31	76	-13.6538
30	77	-13.6538
9	86	-13.6431
8	87	-13.6431
30	91	-13.6415
31	90	-13.6415
4	27	-13.6361
5	26	-13.6361
17	18	13.635
16	19	13.635
57	96	-13.6328
56	97	-13.6328
57	58	13.6305
56	59	13.6305
75	94	13.6271
74	95	13.6271
46	55	-13.6233
47	54	-13.6233
49	82	-13.6231
48	83	-13.6231
51	96	13.6075
50	97	13.6075
6	9	-13.6063
7	8	-13.6063
1	42	13.6055
0	43	13.6055
54	79	13.5945
55	78	13.5945
65	72	-13.5908
64	73	-13.5908
2	73	-13.579
3	72	-13.579
61	78	-13.5765
60	79	-13.5765
9	20	-13.5752
8	21	-13.5752
59	64	-13.5628
58	65	-13.5628
83	92	13.5562
82	93	13.5562
45	86	-13.5528
44	87	-13.5528
82	87	13.5475
83	86	13.5475
8	89	-13.5403
9	88	-13.5403
37	60	-13.54
36	61	-13.54
2	47	13.5321
3	46	13.5321
16	99	-13.5298
17	98	-13.5298
64	99	-13.5205
65	98	-13.5205
80	85	-13.5193
81	84	-13.5193
15	38	-13.519
14	39	-13.519
9	24	-13.5182
8	25	-13.5182
23	74	13.5161
22	75	13.5161
51	80	-13.5033
50	81	-13.5033
48	87	-13.4976
49	86	-13.4976
6	75	-13.4964
7	74	-13.4964
65	88	-13.4936
64	89	-13.4936
0	29	13.4929
1	28	13.4929
9	26	-13.4872
8	27	-13.4872
47	76	13.4871
46	77	13.4871
42	75	13.4846
43	74	13.4846
9	52	-13.4809
8	53	-13.4809
4	71	13.478
5	70	13.478
24	65	-13.4699
25	64	-13.4699
18	49	13.4687
19	48	13.4687
72	85	-13.4685
73	84	-13.4685
71	80	-13.4597
70	81	-13.4597
21	28	-13.4461
20	29	-13.4461
9	76	13.4448
8	77	13.4448
5	10	-13.4393
4	11	-13.4393
66	77	-13.4264
67	76	-13.4264
54	81	13.4233
55	80	13.4233
4	17	13.4163
5	16	13.4163
32	49	-13.4111
33	48	-13.4111
16	47	13.4095
17	46	13.4095
33	64	-13.402
32	65	-13.402
12	31	-13.3996
13	30	-13.3996
43	88	-13.3943
42	89	-13.3943
48	93	-13.3929
49	92	-13.3929
5	58	-13.3878
4	59	-13.3878
25	42	-13.3871
24	43	-13.3871
10	77	-13.3859
11	76	-13.3859
47	94	13.3829
46	95	13.3829
61	64	13.3642
60	65	13.3642
1	8	13.3609
0	9	13.3609
40	85	-13.3534
41	84	-13.3534
3	82	-13.3449
2	83	-13.3449
32	83	13.3436
33	82	13.3436
27	90	-13.3402
26	91	-13.3402
47	60	13.3181
46	61	13.3181
19	76	13.314
18	77	13.314
29	54	-13.3001
28	55	-13.3001
66	87	13.2929
67	86	13.2929
8	69	13.2902
9	68	13.2902
12	57	-13.2899
13	56	-13.2899
3	40	-13.2894
2	41	-13.2894
14	53	-13.2866
15	52	-13.2866
63	84	-13.2783
62	85	-13.2783
9	10	-13.2776
8	11	-13.2776
13	80	-13.2762
12	81	-13.2762
63	90	-13.2748
62	91	-13.2748
2	5	13.2698
3	4	13.2698
8	41	-13.2412
9	40	-13.2412
56	99	13.2353
57	98	13.2353
9	50	13.2343
8	51	13.2343
4	15	13.2326
5	14	13.2326
54	83	13.226
55	82	13.226
10	69	-13.221
11	68	-13.221
23	42	13.2065
22	43	13.2065
48	77	13.2041
49	76	13.2041
12	45	13.2024
13	44	13.2024
28	89	-13.197
29	88	-13.197
45	92	-13.1962
44	93	-13.1962
13	48	13.1915
12	49	13.1915
5	78	-13.1807
4	79	-13.1807
25	28	-13.1747
24	29	-13.1747
23	78	-13.1736
22	79	-13.1736
11	50	-13.1682
10	51	-13.1682
10	47	-13.1633
11	46	-13.1633
43	80	-13.1537
42	81	-13.1537
14	95	13.152
15	94	13.152
58	77	-13.1465
59	76	-13.1465
42	95	13.1455
43	94	13.1455
84	99	-13.1425
85	98	-13.1425
9	58	-13.1353
8	59	-13.1353
1	64	13.1293
0	65	13.1293
64	93	-13.1277
65	92	-13.1277
46	69	13.1266
47	68	13.1266
49	64	13.1259
48	65	13.1259
9	96	13.1242
8	97	13.1242
10	17	-13.1108
11	16	-13.1108
37	80	13.1104
36	81	13.1104
14	23	13.1085
15	22	13.1085
16	59	-13.1068
17	58	-13.1068
26	99	13.1043
27	98	13.1043
26	59	13.103
27	58	13.103
58	83	13.1023
59	82	13.1023
13	34	-13.1012
12	35	-13.1012
37	88	13.0875
36	89	13.0875
24	37	13.0874
25	36	13.0874
47	78	-13.0764
46	79	-13.0764
34	77	-13.0736
35	76	-13.0736
96	99	-13.0727
97	98	-13.0727
20	65	-13.0707
21	64	-13.0707
11	82	13.0684
10	83	13.0684
32	45	-13.0658
33	44	-13.0658
56	73	13.0607
57	72	13.0607
3	18	13.0547
2	19	13.0547
86	97	-13.0478
87	96	-13.0478
47	58	-13.0428
46	59	-13.0428
70	85	13.0407
71	84	13.0407
11	80	13.0399
10	81	13.0399
4	13	13.0295
5	12	13.0295
20	49	-13.0251
21	48	-13.0251
32	75	-13.0231
33	74	-13.0231
14	83	-13.0199
15	82	-13.0199
58	69	-13.0056
59	68	-13.0056
19	26	-13.0019
18	27	-13.0019
8	99	-12.9887
9	98	-12.9887
23	56	-12.9879
22	57	-12.9879
2	23	12.9848
3	22	12.9848
59	80	12.9801
58	81	12.9801
2	99	-12.9721
3	98	-12.9721
30	69	-12.9718
31	68	-12.9718
4	99	-12.9688
5	98	-12.9688
35	90	-12.9681
34	91	-12.9681
18	73	-12.9658
19	72	-12.9658
10	27	12.9615
11	26	12.9615
11	84	-12.961
10	85	-12.961
14	63	-12.9559
15	62	-12.9559
79	94	-12.9366
78	95	-12.9366
92	97	-12.9351
93	96	-12.9351
55	84	-12.9163
54	85	-12.9163
50	59	-12.9148
51	58	-12.9148
49	70	12.9119
48	71	12.9119
3	94	12.9014
2	95	12.9014
33	96	-12.8968
32	97	-12.8968
64	87	-12.8947
65	86	-12.8947
66	93	12.8941
67	92	12.8941
43	46	12.8893
42	47	12.8893
67	72	12.8865
66	73	12.8865
59	84	-12.8731
58	85	-12.8731
36	39	12.8376
37	38	12.8376
53	58	12.8354
52	59	12.8354
10	29	-12.8327
11	28	-12.8327
46	99	-12.8314
47	98	-12.8314
47	52	-12.8136
46	53	-12.8136
1	78	-12.8031
0	79	-12.8031
38	65	-12.7847
39	64	-12.7847
41	46	-12.7842
40	47	-12.7842
75	92	-12.7697
74	93	-12.7697
5	50	12.7623
4	51	12.7623
17	66	-12.7581
16	67	-12.7581
67	68	-12.7554
66	69	-12.7554
17	54	-12.7498
16	55	-12.7498
56	79	12.7391
57	78	12.7391
36	75	-12.7326
37	74	-12.7326
58	97	-12.7321
59	96	-12.7321
26	67	12.7287
27	66	12.7287
74	87	-12.7248
75	86	-12.7248
15	72	-12.7225
14	73	-12.7225
16	23	12.7218
17	22	12.7218
10	97	-12.7031
11	96	-12.7031
34	81	12.7022
35	80	12.7022
11	52	12.6956
10	53	12.6956
51	56	-12.6951
50	57	-12.6951
20	97	-12.6895
21	96	-12.6895
52	99	12.6889
53	98	12.6889
0	85	12.6878
1	84	12.6878
28	59	-12.6871
29	58	-12.6871
0	37	-12.6861
1	36	-12.6861
30	81	12.6854
31	80	12.6854
33	66	12.6811
32	67	12.6811
80	99	12.6796
81	98	12.6796
77	98	-12.6756
76	99	-12.6756
29	52	-12.6736
28	53	-12.6736
0	47	12.6721
1	46	12.6721
53	90	-12.6684
52	91	-12.6684
25	34	12.667
24	35	12.667
68	99	-12.6658
69	98	-12.6658
28	43	12.6565
29	42	12.6565
35	88	12.6525
34	89	12.6525
37	62	12.6335
36	63	12.6335
19	68	12.6243
18	69	12.6243
29	40	-12.6221
28	41	-12.6221
2	11	-12.6105
3	10	-12.6105
48	69	12.6103
49	68	12.6103
26	47	-12.6028
27	46	-12.6028
7	82	12.6008
6	83	12.6008
30	71	-12.5952
31	70	-12.5952
4	73	-12.5896
5	72	-12.5896
38	83	12.5749
39	82	12.5749
29	98	-12.5709
28	99	-12.5709
73	90	-12.5692
72	91	-12.5692
3	58	-12.565
2	59	-12.565
4	23	12.5629
5	22	12.5629
83	98	12.5586
82	99	12.5586
20	45	-12.552
21	44	-12.552
35	68	-12.5469
34	69	-12.5469
56	95	-12.5368
57	94	-12.5368
26	29	-12.5366
27	28	-12.5366
42	55	-12.5334
43	54	-12.5334
54	97	-12.5313
55	96	-12.5313
49	98	-12.5313
48	99	-12.5313
62	65	-12.5312
63	64	-12.5312
9	72	-12.5241
8	73	-12.5241
40	81	12.521
41	80	12.521
60	85	12.5209
61	84	12.5209
14	75	12.5096
15	74	12.5096
62	83	12.5077
63	82	12.5077
34	71	-12.5029
35	70	-12.5029
22	81	-12.5019
23	80	-12.5019
16	95	12.5006
17	94	12.5006
6	65	-12.4972
7	64	-12.4972
76	81	-12.4935
77	80	-12.4935
10	79	12.4912
11	78	12.4912
24	31	12.4869
25	30	12.4869
37	46	-12.4841
36	47	-12.4841
31	88	12.4774
30	89	12.4774
18	87	-12.4709
19	86	-12.4709
75	78	-12.4691
74	79	-12.4691
28	79	-12.4667
29	78	-12.4667
14	99	-12.4659
15	98	-12.4659
49	54	-12.4655
48	55	-12.4655
14	41	-12.4642
15	40	-12.4642
27	54	12.4628
26	55	12.4628
48	89	-12.4617
49	88	-12.4617
24	49	-12.4498
25	48	-12.4498
14	19	12.448
15	18	12.448
16	45	12.4455
17	44	12.4455
53	80	12.4294
52	81	12.4294
64	69	12.4166
65	68	12.4166
79	90	-12.4037
78	91	-12.4037
64	77	12.4
65	76	12.4
88	97	-12.3899
89	96	-12.3899
50	91	12.3874
51	90	12.3874
2	55	-12.3849
3	54	-12.3849
41	58	12.382
40	59	12.382
25	96	-12.3812
24	97	-12.3812
31	60	-12.3734
30	61	-12.3734
1	62	-12.3641
0	63	-12.3641
13	66	-12.3631
12	67	-12.3631
10	49	-12.3617
11	48	-12.3617
23	36	-12.3595
22	37	-12.3595
69	72	-12.3441
68	73	-12.3441
48	59	-12.3264
49	58	-12.3264
21	66	12.324
20	67	12.324
13	84	12.3168
12	85	12.3168
20	75	-12.3131
21	74	-12.3131
58	79	12.3076
59	78	12.3076
52	55	12.2914
53	54	12.2914
15	80	-12.2906
14	81	-12.2906
34	61	-12.2902
35	60	-12.2902
0	35	-12.2882
1	34	-12.2882
40	91	-12.2881
41	90	-12.2881
0	15	12.2749
1	14	12.2749
36	95	-12.274
37	94	-12.274
23	48	12.2697
22	49	12.2697
24	53	12.2692
25	52	12.2692
71	96	12.2664
70	97	12.2664
52	89	12.2561
53	88	12.2561
18	53	-12.256
19	52	-12.256
10	41	12.2479
11	40	12.2479
24	27	12.2321
25	26	12.2321
13	96	12.2296
12	97	12.2296
27	88	12.225
26	89	12.225
63	68	-12.2133
62	69	-12.2133
51	98	-12.2066
50	99	-12.2066
45	60	12.1987
44	61	12.1987
57	76	-12.1964
56	77	-12.1964
3	66	-12.1895
2	67	-12.1895
15	70	12.1876
14	71	12.1876
41	68	-12.1837
40	69	-12.1837
85	88	-12.1815
84	89	-12.1815
10	15	-12.1807
11	14	-12.1807
4	43	12.1719
5	42	12.1719
3	80	-12.167
2	81	-12.167
59	72	12.1612
58	73	12.1612
25	84	-12.1578
24	85	-12.1578
57	60	-12.1507
56	61	-12.1507
48	61	12.1501
49	60	12.1501
2	71	12.1484
3	70	12.1484
40	99	12.1453
41	98	12.1453
1	30	-12.1389
0	31	-12.1389
16	81	-12.1365
17	80	-12.1365
3	74	12.136
2	75	12.136
19	92	-12.1359
18	93	-12.1359
83	96	-12.1313
82	97	-12.1313
77	96	12.1193
76	97	12.1193
73	98	12.1181
72	99	12.1181
0	73	-12.117
1	72	-12.117
5	94	12.1123
4	95	12.1123
37	54	12.1104
36	55	12.1104
14	59	-12.1093
15	58	-12.1093
80	95	-12.1038
81	94	-12.1038
29	36	-12.0925
28	37	-12.0925
4	37	-12.0913
5	36	-12.0913
54	75	-12.089
55	74	-12.089
26	81	12.0789
27	80	12.0789
90	97	12.0716
91	96	12.0716
14	55	-12.0691
15	54	-12.0691
45	72	-12.0671
44	73	-12.0671
24	41	12.0658
25	40	12.0658
17	70	12.0507
16	71	12.0507
40	89	12.0484
41	88	12.0484
71	82	-12.0466
70	83	-12.0466
4	77	12.0426
5	76	12.0426
41	74	-12.0417
40	75	-12.0417
38	99	12.0293
39	98	12.0293
2	45	12.0169
3	44	12.0169
53	66	12.0147
52	67	12.0147
38	43	-12.013
39	42	-12.013
10	73	12.0126
11	72	12.0126
69	80	-12.0022
68	81	-12.0022
61	80	-12.0019
60	81	-12.0019
12	19	11.9991
13	18	11.9991
49	94	11.9934
48	95	11.9934
19	32	-11.9908
18	33	-11.9908
9	78	-11.989
8	79	-11.989
64	91	11.9767
65	90	11.9767
14	61	11.9541
15	60	11.9541
44	75	11.9481
45	74	11.9481
17	88	-11.9372
16	89	-11.9372
8	43	11.9351
9	42	11.9351
28	73	-11.9318
29	72	-11.9318
27	44	-11.9305
26	45	-11.9305
40	55	11.9277
41	54	11.9277
17	24	-11.9193
16	25	-11.9193
75	88	-11.9181
74	89	-11.9181
51	64	11.9129
50	65	11.9129
44	71	11.9057
45	70	11.9057
42	57	-11.9003
43	56	-11.9003
24	75	-11.895
25	74	-11.895
57	68	-11.8778
56	69	-11.8778
42	63	-11.8764
43	62	-11.8764
0	3	11.8387
1	2	11.8387
5	34	-11.8348
4	35	-11.8348
47	72	-11.8283
46	73	-11.8283
19	40	-11.8276
18	41	-11.8276
78	83	11.822
79	82	11.822
4	61	11.8174
5	60	11.8174
1	38	-11.8155
0	39	-11.8155
39	78	11.7983
38	79	11.7983
17	74	11.7748
16	75	11.7748
39	58	11.7505
38	59	11.7505
22	97	11.7431
23	96	11.7431
4	31	-11.7395
5	30	-11.7395
52	69	-11.7362
53	68	-11.7362
62	79	11.7323
63	78	11.7323
36	57	11.7273
37	56	11.7273
32	85	-11.7255
33	84	-11.7255
52	75	-11.7224
53	74	-11.7224
31	46	-11.7067
30	47	-11.7067
62	99	11.7048
63	98	11.7048
10	75	-11.7027
11	74	-11.7027
14	67	-11.6921
15	66	-11.6921
72	77	-11.6904
73	76	-11.6904
31	72	11.6889
30	73	11.6889
0	41	-11.6785
1	40	-11.6785
4	69	11.6696
5	68	11.6696
18	85	11.6695
19	84	11.6695
38	69	-11.6683
39	68	-11.6683
30	75	-11.6494
31	74	-11.6494
75	98	-11.6423
74	99	-11.6423
41	76	-11.6384
40	77	-11.6384
34	47	-11.6359
35	46	-11.6359
61	62	-11.6329
60	63	-11.6329
35	94	-11.6256
34	95	-11.6256
73	74	-11.6183
72	75	-11.6183
3	88	-11.6173
2	89	-11.6173
19	20	-11.6131
18	21	-11.6131
60	73	-11.6032
61	72	-11.6032
45	80	-11.6014
44	81	-11.6014
10	39	11.6002
11	38	11.6002
3	24	-11.5986
2	25	-11.5986
2	61	11.5948
3	60	11.5948
60	67	-11.5936
61	66	-11.5936
40	67	11.5889
41	66	11.5889
35	72	11.5873
34	73	11.5873
62	77	-11.5835
63	76	-11.5835
0	57	-11.5773
1	56	-11.5773
58	75	-11.5739
59	74	-11.5739
55	72	11.565
54	73	11.565
13	14	11.5543
12	15	11.5543
69	96	11.554
68	97	11.554
11	42	-11.5526
10	43	-11.5526
14	45	11.5525
15	44	11.5525
34	55	11.5502
35	54	11.5502
1	44	11.5442
0	45	11.5442
22	35	-11.5298
23	34	-11.5298
21	84	-11.51
20	85	-11.51
59	62	11.4969
58	63	11.4969
31	94	-11.4942
30	95	-11.4942
1	48	11.486
0	49	11.486
79	98	11.4853
78	99	11.4853
0	53	-11.4716
1	52	-11.4716
85	92	-11.4701
84	93	-11.4701
24	73	11.4637
25	72	11.4637
22	31	-11.4565
23	30	-11.4565
31	54	11.4551
30	55	11.4551
72	89	11.4531
73	88	11.4531
67	80	11.4522
66	81	11.4522
9	36	-11.4505
8	37	-11.4505
13	82	-11.4463
12	83	-11.4463
39	56	11.4325
38	57	11.4325
34	75	-11.4207
35	74	-11.4207
45	52	-11.4127
44	53	-11.4127
8	39	-11.3876
9	38	-11.3876
14	89	-11.3871
15	88	-11.3871
39	96	-11.3838
38	97	-11.3838
21	52	11.3796
20	53	11.3796
43	58	-11.3741
42	59	-11.3741
0	17	11.374
1	16	11.374
95	96	11.3726
94	97	11.3726
3	12	11.37
2	13	11.37
14	25	-11.3691
15	24	-11.3691
41	60	-11.3684
40	61	-11.3684
8	63	-11.3629
9	62	-11.3629
35	56	11.3589
34	57	11.3589
1	80	-11.3522
0	81	-11.3522
10	63	11.3519
11	62	11.3519
67	70	-11.3517
66	71	-11.3517
27	74	-11.351
26	75	-11.351
73	80	11.3325
72	81	11.3325
26	69	-11.3207
27	68	-11.3207
20	41	11.3189
21	40	11.3189
66	75	-11.3142
67	74	-11.3142
1	26	-11.3085
0	27	-11.3085
56	63	11.3077
57	62	11.3077
26	31	11.3059
27	30	11.3059
77	90	11.3041
76	91	11.3041
68	85	11.3036
69	84	11.3036
1	66	-11.301
0	67	-11.301
30	57	11.2951
31	56	11.2951
62	97	-11.292
63	96	-11.292
23	82	-11.2837
22	83	-11.2837
18	61	11.2777
19	60	11.2777
29	30	-11.258
28	31	-11.258
64	97	11.2542
65	96	11.2542
83	90	-11.2526
82	91	-11.2526
85	86	-11.251
84	87	-11.251
1	4	11.2376
0	5	11.2376
20	27	11.2363
21	26	11.2363
53	76	-11.2236
52	77	-11.2236
48	91	11.2227
49	90	11.2227
10	37	11.2217
11	36	11.2217
60	97	11.2063
61	96	11.2063
17	60	11.1979
16	61	11.1979
41	44	-11.1969
40	45	-11.1969
28	35	-11.1959
29	34	-11.1959
18	75	11.1893
19	74	11.1893
50	83	-11.1837
51	82	-11.1837
38	61	-11.1689
39	60	-11.1689
44	47	11.1657
45	46	11.1657
52	61	-11.1579
53	60	-11.1579
38	77	-11.1568
39	76	-11.1568
13	16	11.1427
12	17	11.1427
27	34	11.1279
26	35	11.1279
76	85	11.1241
77	84	11.1241
44	89	-11.0975
45	88	-11.0975
25	44	-11.0969
24	45	-11.0969
36	59	11.0731
37	58	11.0731
66	85	-11.0636
67	84	-11.0636
17	32	-11.0618
16	33	-11.0618
39	54	11.0298
38	55	11.0298
6	91	-11.0264
7	90	-11.0264
17	20	-11.0167
16	21	-11.0167
23	26	-11.0157
22	27	-11.0157
4	39	-11.0068
5	38	-11.0068
52	93	11.0047
53	92	11.0047
32	53	10.9951
33	52	10.9951
19	70	10.993
18	71	10.993
18	81	-10.9855
19	80	-10.9855
2	33	-10.9837
3	32	-10.9837
27	60	-10.9723
26	61	-10.9723
29	44	10.968
28	45	10.968
17	30	-10.9652
16	31	-10.9652
37	72	10.9639
36	73	10.9639
27	70	-10.9603
26	71	-10.9603
14	33	-10.9521
15	32	-10.9521
41	92	10.949
40	93	10.949
63	74	-10.9426
62	75	-10.9426
14	35	-10.9263
15	34	-10.9263
77	82	-10.9237
76	83	-10.9237
27	32	10.9188
26	33	10.9188
68	91	10.9175
69	90	10.9175
29	62	-10.9158
28	63	-10.9158
33	40	10.9126
32	41	10.9126
4	63	-10.9122
5	62	-10.9122
91	98	-10.9045
90	99	-10.9045
0	19	10.9013
1	18	10.9013
51	62	-10.8998
50	63	-10.8998
3	20	-10.898
2	21	-10.898
45	94	10.8979
44	95	10.8979
24	67	10.8968
25	66	10.8968
35	82	10.8963
34	83	10.8963
23	44	10.8959
22	45	10.8959
65	78	-10.8954
64	79	-10.8954
66	89	10.8953
67	88	10.8953
27	92	10.893
26	93	10.893
53	70	-10.8921
52	71	-10.8921
83	94	-10.8853
82	95	-10.8853
45	84	10.8795
44	85	10.8795
16	93	-10.8713
17	92	-10.8713
26	95	-10.8697
27	94	-10.8697
31	52	10.867
30	53	10.867
52	87	10.8653
53	86	10.8653
10	35	10.8545
11	34	10.8545
14	21	-10.8512
15	20	-10.8512
26	77	-10.8512
27	76	-10.8512
23	52	-10.8467
22	53	-10.8467
47	66	-10.8447
46	67	-10.8447
55	62	10.8424
54	63	10.8424
48	85	10.8379
49	84	10.8379
40	87	10.8364
41	86	10.8364
7	84	-10.8342
6	85	-10.8342
69	82	-10.8309
68	83	-10.8309
43	98	-10.8251
42	99	-10.8251
29	38	-10.8166
28	39	-10.8166
3	34	-10.8029
2	35	-10.8029
14	69	10.802
15	68	10.802
9	34	-10.8013
8	35	-10.8013
72	95	-10.7991
73	94	-10.7991
17	34	-10.7986
16	35	-10.7986
2	93	-10.7962
3	92	-10.7962
39	50	-10.7902
38	51	-10.7902
9	30	-10.788
8	31	-10.788
62	95	-10.7874
63	94	-10.7874
15	92	-10.78
14	93	-10.78
2	31	-10.7762
3	30	-10.7762
43	82	-10.7696
42	83	-10.7696
10	31	10.7673
11	30	10.7673
52	95	-10.7615
53	94	-10.7615
34	59	10.7584
35	58	10.7584
34	53	10.7568
35	52	10.7568
40	71	-10.7435
41	70	-10.7435
37	82	10.7408
36	83	10.7408
42	73	-10.7396
43	72	-10.7396
26	87	10.7385
27	86	10.7385
42	65	10.7319
43	64	10.7319
5	44	10.7293
4	45	10.7293
16	37	-10.7251
17	36	-10.7251
14	31	-10.7119
15	30	-10.7119
26	37	10.702
27	36	10.702
13	40	-10.6968
12	41	-10.6968
30	83	10.6957
31	82	10.6957
24	39	10.6928
25	38	10.6928
39	88	10.6907
38	89	10.6907
0	97	10.6881
1	96	10.6881
61	82	-10.6838
60	83	-10.6838
21	72	10.6784
20	73	10.6784
22	73	-10.6738
23	72	-10.6738
30	59	10.671
31	58	10.671
16	87	-10.6702
17	86	-10.6702
40	95	-10.6683
41	94	-10.6683
23	40	-10.6597
22	41	-10.6597
46	63	-10.6433
47	62	-10.6433
15	86	-10.6361
14	87	-10.6361
38	47	-10.6283
39	46	-10.6283
4	67	-10.6255
5	66	-10.6255
2	87	-10.6227
3	86	-10.6227
13	72	-10.6217
12	73	-10.6217
31	40	10.6207
30	41	10.6207
14	77	10.6179
15	76	10.6179
13	52	-10.6121
12	53	-10.6121
38	95	-10.6027
39	94	-10.6027
28	67	-10.5931
29	66	-10.5931
39	74	-10.5876
38	75	-10.5876
36	99	10.5831
37	98	10.5831
24	63	10.5804
25	62	10.5804
63	88	10.5768
62	89	10.5768
19	46	10.5712
18	47	10.5712
45	54	-10.5677
44	55	-10.5677
51	72	-10.5606
50	73	-10.5606
67	94	-10.5547
66	95	-10.5547
41	50	-10.5505
40	51	-10.5505
34	41	10.5492
35	40	10.5492
70	73	-10.5457
71	72	-10.5457
3	68	10.5411
2	69	10.5411
8	91	10.5408
9	90	10.5408
50	85	10.5279
51	84	10.5279
22	63	-10.519
23	62	-10.519
23	66	-10.5179
22	67	-10.5179
58	91	-10.5161
59	90	-10.5161
41	48	-10.5116
40	49	-10.5116
13	26	-10.5067
12	27	-10.5067
45	56	-10.4923
44	57	-10.4923
16	43	10.4909
17	42	10.4909
2	37	-10.4893
3	36	-10.4893
19	88	-10.4877
18	89	-10.4877
19	24	-10.4876
18	25	-10.4876
12	63	-10.4791
13	62	-10.4791
10	91	-10.4763
11	90	-10.4763
8	45	10.4561
9	44	10.4561
23	38	-10.4537
22	39	-10.4537
37	64	-10.4183
36	65	-10.4183
32	73	10.417
33	72	10.417
34	85	-10.4123
35	84	-10.4123
18	29	10.4115
19	28	10.4115
3	76	10.411
2	77	10.411
73	92	10.4091
72	93	10.4091
0	83	-10.4084
1	82	-10.4084
26	43	-10.4073
27	42	-10.4073
36	53	10.4068
37	52	10.4068
48	63	-10.4067
49	62	-10.4067
54	67	10.4058
55	66	10.4058
57	90	-10.4054
56	91	-10.4054
87	90	-10.3939
86	91	-10.3939
57	66	10.3807
56	67	10.3807
39	48	-10.3778
38	49	-10.3778
41	42	-10.3703
40	43	-10.3703
72	79	10.3552
73	78	10.3552
73	96	-10.3374
72	97	-10.3374
16	69	10.3304
17	68	10.3304
12	91	10.33
13	90	10.33
34	99	10.3274
35	98	10.3274
3	42	10.3269
2	43	10.3269
18	95	10.3156
19	94	10.3156
19	22	10.3134
18	23	10.3134
72	87	10.3125
73	86	10.3125
37	40	10.3095
36	41	10.3095
50	53	-10.3062
51	52	-10.3062
14	37	-10.3058
15	36	-10.3058
4	19	10.3053
5	18	10.3053
7	14	-10.3028
6	15	-10.3028
42	53	-10.2973
43	52	-10.2973
30	99	10.2916
31	98	10.2916
23	90	10.2915
22	91	10.2915
5	90	10.2867
4	91	10.2867
18	99	-10.2831
19	98	-10.2831
19	64	10.2824
18	65	10.2824
15	48	10.2775
14	49	10.2775
7	38	10.2731
6	39	10.2731
48	53	-10.2695
49	52	-10.2695
7	62	10.2645
6	63	10.2645
91	92	-10.2644
90	93	-10.2644
90	95	10.2625
91	94	10.2625
7	16	-10.261
6	17	-10.261
30	85	-10.26
31	84	-10.26
13	38	-10.2597
12	39	-10.2597
3	6	-10.2587
2	7	-10.2587
6	41	10.2524
7	40	10.2524
39	80	10.2506
38	81	10.2506
7	52	10.2324
6	53	10.2324
16	77	10.2262
17	76	10.2262
20	91	-10.2228
21	90	-10.2228
62	81	10.2181
63	80	10.2181
9	66	-10.218
8	67	-10.218
63	70	-10.2108
62	71	-10.2108
55	90	-10.2084
54	91	-10.2084
48	73	-10.2046
49	72	-10.2046
26	79	10.2025
27	78	10.2025
35	64	-10.1972
34	65	-10.1972
19	54	-10.1944
18	55	-10.1944
11	44	-10.188
10	45	-10.188
67	98	10.1841
66	99	10.1841
32	91	-10.1783
33	90	-10.1783
38	71	-10.1765
39	70	-10.1765
15	42	10.1714
14	43	10.1714
3	48	10.1701
2	49	10.1701
14	51	10.1627
15	50	10.1627
6	27	10.1611
7	26	10.1611
19	56	-10.1569
18	57	-10.1569
11	66	10.1554
10	67	10.1554
75	90	10.1549
74	91	10.1549
14	79	-10.1527
15	78	-10.1527
61	90	10.1486
60	91	10.1486
20	39	10.1464
21	38	10.1464
29	90	10.1457
28	91	10.1457
26	51	-10.1417
27	50	-10.1417
16	97	10.1412
17	96	10.1412
27	96	-10.1401
26	97	-10.1401
45	58	-10.1379
44	59	-10.1379
58	67	10.1349
59	66	10.1349
17	48	10.1332
16	49	10.1332
2	51	10.1267
3	50	10.1267
9	18	10.1256
8	19	10.1256
41	96	-10.1199
40	97	-10.1199
30	65	-10.1119
31	64	-10.1119
45	98	-10.1004
44	99	-10.1004
21	62	10.1002
20	63	10.1002
18	59	-10.1001
19	58	-10.1001
16	79	-10.0999
17	78	-10.0999
10	19	-10.0983
11	18	-10.0983
24	91	-10.0947
25	90	-10.0947
16	51	10.0947
17	50	10.0947
64	67	-10.0904
65	66	-10.0904
88	91	-10.0894
89	90	-10.0894
44	83	-10.0873
45	82	-10.0873
2	79	-10.0872
3	78	-10.0872
44	65	10.0843
45	64	10.0843
81	90	-10.0794
80	91	-10.0794
27	48	-10.0788
26	49	-10.0788
71	90	10.0757
70	91	10.0757
52	79	10.0723
53	78	10.0723
38	87	10.0704
39	86	10.0704
84	97	10.0684
85	96	10.0684
78	85	-10.0669
79	84	-10.0669
38	93	10.0645
39	92	10.0645
43	84	10.0616
42	85	10.0616
47	90	10.0592
46	91	10.0592
52	97	-10.0555
53	96	-10.0555
36	85	-10.0546
37	84	-10.0546
33	38	10.0518
32	39	10.0518
3	96	10.0476
2	97	10.0476
63	86	10.0421
62	87	10.0421
15	96	10.0411
14	97	10.0411
67	82	10.033
66	83	10.033
62	93	10.0292
63	92	10.0292
0	91	10.0287
1	90	10.0287
41	78	10.0188
40	79	10.0188
33	62	10.0167
32	63	10.0167
6	73	10.0163
7	72	10.0163
18	83	-10.0134
19	82	-10.0134
24	88	1.99996
10	58	1.99881
86	92	1.99708
32	92	1.99489
20	92	1.99075
4	56	-1.99048
38	62	1.99033
22	94	1.98747
40	52	1.98621
32	86	1.98602
20	86	1.98554
68	76	1.98503
2	14	1.98503
58	98	1.98325
26	52	1.98288
30	34	1.98284
10	54	1.98189
8	28	1.98053
20	32	1.97968
10	98	1.97959
28	46	1.97844
0	60	1.97749
18	44	1.97727
18	66	-1.97513
2	16	1.9746
54	58	1.97295
52	72	1.972
36	42	-1.9694
14	84	1.96796
54	88	1.9676
2	84	1.96644
24	54	1.96586
4	80	-1.96571
40	72	1.96128
26	72	1.96061
44	66	-1.96041
8	46	1.95898
22	70	1.95604
6	86	1.95426
20	24	1.95109
20	88	1.9505
12	70	1.95033
60	68	1.94262
46	80	-1.94197
6	92	1.94195
26	40	1.94014
8	64	1.9393
46	56	-1.9388
6	32	1.9384
56	80	1.93541
48	96	1.93522
16	84	1.93037
12	60	1.93001
36	78	1.9295
54	98	1.9291
4	46	1.92737
30	36	1.9272
30	78	1.92649
60	94	1.92419
14	16	1.92313
10	88	1.92301
62	72	1.92293
32	88	1.92174
10	24	1.92143
42	50	1.92133
28	74	1.92093
24	32	1.92081
70	94	1.91781
88	92	1.91777
24	92	1.91763
36	44	-1.91615
58	88	1.91368
60	76	1.91308
34	78	1.91271
24	58	1.91234
12	76	1.91128
0	94	1.90753
50	76	1.90582
30	66	1.90366
38	72	1.90349
8	56	-1.90163
36	66	1.89998
0	68	1.89699
42	44	1.89663
12	22	1.89635
6	20	1.89328
12	94	1.8931
24	86	1.89223
86	88	1.892
32	70	-1.89107
4	82	-1.88963
6	78	1.88818
64	84	1.88805
26	38	1.88302
56	82	1.88205
12	68	1.88118
22	60	1.87718
6	50	-1.87703
46	74	1.87482
28	56	-1.87313
26	62	1.86914
54	70	-1.8677
42	78	-1.86637
20	54	1.86067
28	64	1.859
28	80	-1.85871
34	36	1.85652
32	54	1.85536
4	8	1.85533
12	50	1.85467
70	92	-1.844
18	36	-1.84299
4	28	1.84276
60	70	1.84109
0	12	1.84065
0	22	1.83899
0	76	1.83652
8	74	1.83571
88	98	1.8315
54	92	1.83103
52	62	1.83096
70	88	-1.82953
24	98	1.82942
34	66	1.82704
56	64	-1.82672
38	52	1.82659
8	80	-1.82615
24	70	-1.82532
50	68	1.82521
12	32	-1.82477
36	50	-1.82325
30	44	-1.82216
46	64	1.82127
42	66	-1.81988
6	42	-1.81486
30	42	-1.81463
22	54	-1.81168
70	86	-1.81096
20	70	-1.81047
6	12	-1.81042
18	30	-1.79896
78	86	1.79712
18	42	1.79279
48	80	-1.79231
54	86	1.79122
6	36	1.78935
6	70	-1.78882
40	62	1.78877
10	70	-1.78628
48	74	1.78391
12	92	-1.77416
80	82	1.77225
10	20	1.77067
38	40	1.76793
50	78	-1.76189
68	94	1.76022
10	22	-1.75962
2	64	1.75949
14	64	1.75895
58	70	-1.75861
78	92	1.7558
74	80	-1.75501
18	90	1.75457
20	58	1.75398
0	70	1.75349
66	78	1.75215
4	64	1.75201
10	32	1.75187
70	76	1.75183
12	86	-1.75133
16	64	1.74738
6	88	1.74717
6	24	1.74642
22	32	-1.74008
32	50	-1.7384
76	94	1.73529
22	58	-1.73318
32	58	1.72905
22	98	-1.72853
44	78	-1.72768
10	92	1.72662
50	60	1.72546
50	86	-1.72539
34	42	-1.72326
32	78	1.72193
46	48	1.72081
54	94	-1.72061
68	70	1.71983
34	44	-1.71799
50	92	-1.7165
22	88	-1.71599
50	70	1.71284
42	76	1.71218
70	98	-1.71095
12	20	-1.71085
22	24	-1.7107
22	68	1.70642
8	84	1.70576
58	92	1.70554
20	78	1.70451
18	34	-1.70134
22	76	1.69878
12	54	-1.69601
6	76	-1.6942
46	82	-1.69298
44	90	1.69218
44	50	1.68782
10	86	1.68192
22	92	-1.68053
56	74	-1.68038
6	30	1.67803
12	88	-1.67534
12	24	-1.67094
4	74	1.66835
28	48	1.66798
40	82	1.66744
32	94	-1.66715
10	94	-1.66655
16	26	-1.66233
58	86	1.66082
2	90	1.66062
16	90	1.65877
64	80	-1.65859
6	34	1.65298
20	22	-1.65054
52	82	1.64825
6	54	1.64742
20	98	1.64418
18	78	-1.6436
8	82	-1.64265
94	98	-1.64255
64	74	1.64181
22	86	-1.63905
58	94	-1.63904
42	86	-1.63472
20	50	-1.63326
4	48	1.62972
32	98	1.62798
64	82	-1.62401
12	42	1.6228
36	86	1.62219
66	90	-1.62117
14	90	1.62051
32	76	-1.61909
88	94	-1.61902
30	50	-1.61389
24	94	-1.61346
80	96	-1.61062
42	68	1.61056
6	22	-1.61052
92	94	-1.60475
42	92	-1.60429
32	60	-1.60345
0	50	1.60181
32	42	-1.60049
92	98	1.59712
6	68	-1.59487
10	12	-1.59287
6	60	-1.5905
28	84	1.58904
28	82	-1.58763
26	82	1.58442
36	92	1.58196
50	66	-1.57329
48	56	-1.57289
16	38	-1.57278
22	50	1.5724
76	92	-1.57126
50	94	1.57062
36	76	-1.5683
74	96	1.56635
86	94	-1.56609
20	94	-1.56571
32	36	1.56276
6	94	-1.56269
12	58	-1.56221
16	52	-1.55978
38	66	1.55978
76	86	-1.55976
34	86	1.55743
8	14	1.55273
18	38	-1.55113
30	86	1.55031
86	98	1.54868
8	48	1.54789
56	84	-1.5467
18	50	1.54647
60	92	-1.54221
12	78	-1.54197
6	44	-1.54013
32	68	-1.53916
54	60	-1.53912
2	8	1.53537
34	50	-1.53454
20	42	-1.52338
46	84	1.52117
2	26	-1.52021
6	10	1.5195
62	66	1.51811
60	86	-1.51545
8	16	1.51334
12	98	-1.5092
20	36	1.50897
12	36	-1.50764
34	92	1.50711
26	84	-1.50348
30	92	1.50135
26	64	-1.50057
76	78	-1.49718
16	62	-1.49636
6	66	1.49578
18	62	-1.49576
36	96	-1.49528
20	76	-1.49361
6	58	1.4935
24	78	1.49319
72	82	1.49312
16	72	-1.4928
50	88	-1.49255
78	88	1.49225
24	50	-1.49035
46	96	1.48887
68	92	-1.48666
42	48	1.48617
70	78	-1.48576
84	90	1.4838
0	32	-1.48283
36	48	-1.47926
20	60	-1.47814
42	70	1.47677
30	96	-1.47675
74	76	1.47654
66	96	-1.47625
60	88	-1.4748
42	60	1.47101
68	86	-1.47068
24	60	-1.46981
44	96	1.46912
36	68	-1.46847
80	86	1.46628
20	34	1.46556
52	64	-1.46506
0	6	-1.46495
30	32	1.46404
10	60	-1.46364
4	20	-1.46318
32	34	1.46286
42	96	1.46207
44	76	1.4618
4	84	1.46135
6	80	1.46117
12	28	1.46051
4	92	-1.45994
4	86	-1.45992
80	92	1.45988
68	74	1.45922
0	54	-1.45822
16	40	-1.45723
20	56	1.45702
8	70	1.45497
56	92	1.45434
32	56	1.4532
32	80	1.45139
4	32	-1.45138
52	56	1.44999
78	96	-1.44972
50	74	1.44958
56	86	1.44839
20	30	1.448
20	80	1.44774
48	78	-1.44669
12	74	1.44595
48	50	1.44584
32	46	-1.44569
28	70	1.4451
18	96	1.44396
2	38	-1.44177
8	12	1.44059
56	88	1.4403
40	56	1.44027
24	56	1.44024
34	96	-1.43864
14	28	1.43863
6	46	-1.43735
58	60	-1.43663
22	64	1.43485
50	54	-1.43416
46	92	-1.43297
4	96	1.43259
54	76	-1.43238
46	70	1.43187
4	24	-1.42981
4	88	-1.42935
76	88	-1.42932
60	74	1.42863
12	46	1.42814
36	90	-1.42765
46	86	-1.42728
64	70	1.42707
6	48	-1.4266
28	96	1.42648
8	22	1.42603
24	76	-1.42582
38	44	-1.42552
42	90	1.42547
16	56	-1.42442
0	92	-1.42362
26	56	1.4228
2	52	-1.42211
52	84	-1.42136
60	98	-1.41952
14	26	-1.41796
4	6	-1.41569
20	68	-1.41482
64	94	1.41373
6	18	-1.41346
2	28	1.41161
44	48	1.41012
82	84	-1.40906
30	38	1.4085
20	46	-1.40818
30	48	-1.40816
8	94	1.40805
22	28	1.40792
40	64	-1.407
54	56	1.40619
2	56	-1.40514
38	90	-1.40449
8	32	-1.4035
28	60	1.40266
0	10	-1.40146
4	40	-1.40114
54	68	-1.4007
4	52	-1.40032
28	32	-1.40008
68	78	-1.40002
6	56	1.39983
78	80	1.39976
28	76	1.39834
0	86	-1.39807
28	94	1.39649
30	62	1.39623
14	56	-1.39543
24	82	1.39216
54	64	-1.39203
74	82	-1.39202
6	28	-1.39186
20	82	1.39136
6	98	1.39057
82	88	1.38987
24	80	1.38872
80	88	1.38864
36	70	-1.38834
28	50	1.3883
16	82	-1.3865
34	38	1.38635
46	50	1.38554
34	62	1.38523
8	60	1.38275
16	28	1.38248
44	62	-1.38182
0	74	1.3817
4	54	-1.38073
0	98	-1.38061
56	70	-1.38001
8	92	-1.37948
38	84	-1.37834
48	66	-1.37795
0	58	-1.37755
0	88	-1.37691
68	88	-1.37687
28	92	-1.37685
22	84	1.37672
44	68	1.37652
28	68	1.3764
24	68	-1.37319
46	88	-1.373
2	62	-1.37298
74	84	1.37272
70	74	1.37211
0	24	-1.372
24	46	-1.37153
8	54	-1.37053
84	94	1.37045
12	64	1.36997
10	56	1.36968
14	46	1.3686
10	64	-1.36836
34	48	-1.36791
6	96	-1.36685
28	86	-1.36664
0	20	-1.36652
22	46	1.36595
30	76	-1.36538
8	86	-1.36431
30	90	-1.36415
4	26	-1.36361
16	18	1.3635
56	96	-1.36328
56	58	1.36305
74	94	1.36271
46	54	-1.36233
48	82	-1.36231
50	96	1.36075
6	8	-1.36063
0	42	1.36055
54	78	1.35945
64	72	-1.35908
2	72	-1.3579
60	78	-1.35765
8	20	-1.35752
58	64	-1.35628
82	92	1.35562
44	86	-1.35528
82	86	1.35475
8	88	-1.35403
36	60	-1.354
2	46	1.35321
16	98	-1.35298
64	98	-1.35205
80	84	-1.35193
14	38	-1.3519
8	24	-1.35182
22	74	1.35161
50	80	-1.35033
48	86	-1.34976
6	74	-1.34964
64	88	-1.34936
0	28	1.34929
8	26	-1.34872
46	76	1.34871
42	74	1.34846
8	52	-1.34809
4	70	1.3478
24	64	-1.34699
18	48	1.34687
72	84	-1.34685
70	80	-1.34597
20	28	-1.34461
8	76	1.34448
4	10	-1.34393
66	76	-1.34264
54	80	1.34233
4	16	1.34163
32	48	-1.34111
16	46	1.34095
32	64	-1.3402
12	30	-1.33996
42	88	-1.33943
48	92	-1.33929
4	58	-1.33878
24	42	-1.33871
10	76	-1.33859
46	94	1.33829
60	64	1.33642
0	8	1.33609
40	84	-1.33534
2	82	-1.33449
32	82	1.33436
26	90	-1.33402
46	60	1.33181
18	76	1.3314
28	54	-1.33001
66	86	1.32929
8	68	1.32902
12	56	-1.32899
2	40	-1.32894
14	52	-1.32866
62	84	-1.32783
8	10	-1.32776
12	80	-1.32762
62	90	-1.32748
2	4	1.32698
8	40	-1.32412
56	98	1.32353
8	50	1.32343
4	14	1.32326
54	82	1.3226
10	68	-1.3221
22	42	1.32065
48	76	1.32041
12	44	1.32024
28	88	-1.3197
44	92	-1.31962
12	48	1.31915
4	78	-1.31807
24	28	-1.31747
22	78	-1.31736
10	50	-1.31682
10	46	-1.31633
42	80	-1.31537
14	94	1.3152
58	76	-1.31465
42	94	1.31455
84	98	-1.31425
8	58	-1.31353
0	64	1.31293
64	92	-1.31277
46	68	1.31266
48	64	1.31259
8	96	1.31242
10	16	-1.31108
36	80	1.31104
14	22	1.31085
16	58	-1.31068
26	98	1.31043
26	58	1.3103
58	82	1.31023
12	34	-1.31012
36	88	1.30875
24	36	1.30874
46	78	-1.30764
34	76	-1.30736
96	98	-1.30727
20	64	-1.30707
10	82	1.30684
32	44	-1.30658
56	72	1.30607
2	18	1.30547
86	96	-1.30478
46	58	-1.30428
70	84	1.30407
10	80	1.30399
4	12	1.30295
20	48	-1.30251
32	74	-1.30231
14	82	-1.30199
58	68	-1.30056
18	26	-1.30019
8	98	-1.29887
22	56	-1.29879
2	22	1.29848
58	80	1.29801
2	98	-1.29721
30	68	-1.29718
4	98	-1.29688
34	90	-1.29681
18	72	-1.29658
10	26	1.29615
10	84	-1.2961
14	62	-1.29559
78	94	-1.29366
92	96	-1.29351
54	84	-1.29163
50	58	-1.29148
48	70	1.29119
2	94	1.29014
32	96	-1.28968
64	86	-1.28947
66	92	1.28941
42	46	1.28893
66	72	1.28865
58	84	-1.28731
36	38	1.28376
52	58	1.28354
10	28	-1.28327
46	98	-1.28314
46	52	-1.28136
0	78	-1.28031
38	64	-1.27847
40	46	-1.27842
74	92	-1.27697
4	50	1.27623
16	66	-1.27581
66	68	-1.27554
16	54	-1.27498
56	78	1.27391
36	74	-1.27326
58	96	-1.27321
26	66	1.27287
74	86	-1.27248
14	72	-1.27225
16	22	1.27218
10	96	-1.27031
34	80	1.27022
10	52	1.26956
50	56	-1.26951
20	96	-1.26895
52	98	1.26889
0	84	1.26878
28	58	-1.26871
0	36	-1.26861
30	80	1.26854
32	66	1.26811
80	98	1.26796
76	98	-1.26756
28	52	-1.26736
0	46	1.26721
52	90	-1.26684
24	34	1.2667
68	98	-1.26658
28	42	1.26565
34	88	1.26525
36	62	1.26335
18	68	1.26243
28	40	-1.26221
2	10	-1.26105
48	68	1.26103
26	46	-1.26028
6	82	1.26008
30	70	-1.25952
4	72	-1.25896
38	82	1.25749
28	98	-1.25709
72	90	-1.25692
2	58	-1.2565
4	22	1.25629
82	98	1.25586
20	44	-1.2552
34	68	-1.25469
56	94	-1.25368
26	28	-1.25366
42	54	-1.25334
54	96	-1.25313
48	98	-1.25313
62	64	-1.25312
8	72	-1.25241
40	80	1.2521
60	84	1.25209
14	74	1.25096
62	82	1.25077
34	70	-1.25029
22	80	-1.25019
16	94	1.25006
6	64	-1.24972
76	80	-1.24935
10	78	1.24912
24	30	1.24869
36	46	-1.24841
30	88	1.24774
18	86	-1.24709
74	78	-1.24691
28	78	-1.24667
14	98	-1.24659
48	54	-1.24655
14	40	-1.24642
26	54	1.24628
48	88	-1.24617
24	48	-1.24498
14	18	1.2448
16	44	1.24455
52	80	1.24294
64	68	1.24166
78	90	-1.24037
64	76	1.24
88	96	-1.23899
50	90	1.23874
2	54	-1.23849
40	58	1.2382
24	96	-1.23812
30	60	-1.23734
0	62	-1.23641
12	66	-1.23631
10	48	-1.23617
22	36	-1.23595
68	72	-1.23441
48	58	-1.23264
20	66	1.2324
12	84	1.23168
20	74	-1.23131
58	78	1.23076
52	54	1.22914
14	80	-1.22906
34	60	-1.22902
0	34	-1.22882
40	90	-1.22881
0	14	1.22749
36	94	-1.2274
22	48	1.22697
24	52	1.22692
70	96	1.22664
52	88	1.22561
18	52	-1.2256
10	40	1.22479
24	26	1.22321
12	96	1.22296
26	88	1.2225
62	68	-1.22133
50	98	-1.22066
44	60	1.21987
56	76	-1.21964
2	66	-1.21895
14	70	1.21876
40	68	-1.21837
84	88	-1.21815
10	14	-1.21807
4	42	1.21719
2	80	-1.2167
58	72	1.21612
24	84	-1.21578
56	60	-1.21507
48	60	1.21501
2	70	1.21484
40	98	1.21453
0	30	-1.21389
16	80	-1.21365
2	74	1.2136
18	92	-1.21359
82	96	-1.21313
76	96	1.21193
72	98	1.21181
0	72	-1.2117
4	94	1.21123
36	54	1.21104
14	58	-1.21093
80	94	-1.21038
28	36	-1.20925
4	36	-1.20913
54	74	-1.2089
26	80	1.20789
90	96	1.20716
14	54	-1.20691
44	72	-1.20671
24	40	1.20658
16	70	1.20507
40	88	1.20484
70	82	-1.20466
4	76	1.20426
40	74	-1.20417
38	98	1.20293
2	44	1.20169
52	66	1.20147
38	42	-1.2013
10	72	1.20126
68	80	-1.20022
60	80	-1.20019
12	18	1.19991
48	94	1.19934
18	32	-1.19908
8	78	-1.1989
64	90	1.19767
14	60	1.19541
44	74	1.19481
16	88	-1.19372
8	42	1.19351
28	72	-1.19318
26	44	-1.19305
40	54	1.19277
16	24	-1.19193
74	88	-1.19181
50	64	1.19129
44	70	1.19057
42	56	-1.19003
24	74	-1.1895
56	68	-1.18778
42	62	-1.18764
0	2	1.18387
4	34	-1.18348
46	72	-1.18283
18	40	-1.18276
78	82	1.1822
4	60	1.18174
0	38	-1.18155
38	78	1.17983
16	74	1.17748
38	58	1.17505
22	96	1.17431
4	30	-1.17395
52	68	-1.17362
62	78	1.17323
36	56	1.17273
32	84	-1.17255
52	74	-1.17224
30	46	-1.17067
62	98	1.17048
10	74	-1.17027
14	66	-1.16921
72	76	-1.16904
30	72	1.16889
0	40	-1.16785
4	68	1.16696
18	84	1.16695
38	68	-1.16683
30	74	-1.16494
74	98	-1.16423
40	76	-1.16384
34	46	-1.16359
60	62	-1.16329
34	94	-1.16256
72	74	-1.16183
2	88	-1.16173
18	20	-1.16131
60	72	-1.16032
44	80	-1.16014
10	38	1.16002
2	24	-1.15986
2	60	1.15948
60	66	-1.15936
40	66	1.15889
34	72	1.15873
62	76	-1.15835
0	56	-1.15773
58	74	-1.15739
54	72	1.1565
12	14	1.15543
68	96	1.1554
10	42	-1.15526
14	44	1.15525
34	54	1.15502
0	44	1.15442
22	34	-1.15298
20	84	-1.151
58	62	1.14969
30	94	-1.14942
0	48	1.1486
78	98	1.14853
0	52	-1.14716
84	92	-1.14701
24	72	1.14637
22	30	-1.14565
30	54	1.14551
72	88	1.14531
66	80	1.14522
8	36	-1.14505
12	82	-1.14463
38	56	1.14325
34	74	-1.14207
44	52	-1.14127
8	38	-1.13876
14	88	-1.13871
38	96	-1.13838
20	52	1.13796
42	58	-1.13741
0	16	1.1374
94	96	1.13726
2	12	1.137
14	24	-1.13691
40	60	-1.13684
8	62	-1.13629
34	56	1.13589
0	80	-1.13522
10	62	1.13519
66	70	-1.13517
26	74	-1.1351
72	80	1.13325
26	68	-1.13207
20	40	1.13189
66	74	-1.13142
0	26	-1.13085
56	62	1.13077
26	30	1.13059
76	90	1.13041
68	84	1.13036
0	66	-1.1301
30	56	1.12951
62	96	-1.1292
22	82	-1.12837
18	60	1.12777
28	30	-1.1258
64	96	1.12542
82	90	-1.12526
84	86	-1.1251
0	4	1.12376
20	26	1.12363
52	76	-1.12236
48	90	1.12227
10	36	1.12217
60	96	1.12063
16	60	1.11979
40	44	-1.11969
28	34	-1.11959
18	74	1.11893
50	82	-1.11837
38	60	-1.11689
44	46	1.11657
52	60	-1.11579
38	76	-1.11568
12	16	1.11427
26	34	1.11279
76	84	1.11241
44	88	-1.10975
24	44	-1.10969
36	58	1.10731
66	84	-1.10636
16	32	-1.10618
38	54	1.10298
6	90	-1.10264
16	20	-1.10167
22	26	-1.10157
4	38	-1.10068
52	92	1.10047
32	52	1.09951
18	70	1.0993
18	80	-1.09855
2	32	-1.09837
26	60	-1.09723
28	44	1.0968
16	30	-1.09652
36	72	1.09639
26	70	-1.09603
14	32	-1.09521
40	92	1.0949
62	74	-1.09426
14	34	-1.09263
76	82	-1.09237
26	32	1.09188
68	90	1.09175
28	62	-1.09158
32	40	1.09126
4	62	-1.09122
90	98	-1.09045
0	18	1.09013
50	62	-1.08998
2	20	-1.0898
44	94	1.08979
24	66	1.08968
34	82	1.08963
22	44	1.08959
64	78	-1.08954
66	88	1.08953
26	92	1.0893
52	70	-1.08921
82	94	-1.08853
44	84	1.08795
16	92	-1.08713
26	94	-1.08697
30	52	1.0867
52	86	1.08653
10	34	1.08545
14	20	-1.08512
26	76	-1.08512
22	52	-1.08467
46	66	-1.08447
54	62	1.08424
48	84	1.08379
40	86	1.08364
6	84	-1.08342
68	82	-1.08309
42	98	-1.08251
28	38	-1.08166
2	34	-1.08029
14	68	1.0802
8	34	-1.08013
72	94	-1.07991
16	34	-1.07986
2	92	-1.07962
38	50	-1.07902
8	30	-1.0788
62	94	-1.07874
14	92	-1.078
2	30	-1.07762
42	82	-1.07696
10	30	1.07673
52	94	-1.07615
34	58	1.07584
34	52	1.07568
40	70	-1.07435
36	82	1.07408
42	72	-1.07396
26	86	1.07385
42	64	1.07319
4	44	1.07293
16	36	-1.07251
14	30	-1.07119
26	36	1.0702
12	40	-1.06968
30	82	1.06957
24	38	1.06928
38	88	1.06907
0	96	1.06881
60	82	-1.06838
20	72	1.06784
22	72	-1.06738
30	58	1.0671
16	86	-1.06702
40	94	-1.06683
22	40	-1.06597
46	62	-1.06433
14	86	-1.06361
38	46	-1.06283
4	66	-1.06255
2	86	-1.06227
12	72	-1.06217
30	40	1.06207
14	76	1.06179
12	52	-1.06121
38	94	-1.06027
28	66	-1.05931
38	74	-1.05876
36	98	1.05831
24	62	1.05804
62	88	1.05768
18	46	1.05712
44	54	-1.05677
50	72	-1.05606
66	94	-1.05547
40	50	-1.05505
34	40	1.05492
70	72	-1.05457
2	68	1.05411
8	90	1.05408
50	84	1.05279
22	62	-1.0519
22	66	-1.05179
58	90	-1.05161
40	48	-1.05116
12	26	-1.05067
44	56	-1.04923
16	42	1.04909
2	36	-1.04893
18	88	-1.04877
18	24	-1.04876
12	62	-1.04791
10	90	-1.04763
8	44	1.04561
22	38	-1.04537
36	64	-1.04183
32	72	1.0417
34	84	-1.04123
18	28	1.04115
2	76	1.0411
72	92	1.04091
0	82	-1.04084
26	42	-1.04073
36	52	1.04068
48	62	-1.04067
54	66	1.04058
56	90	-1.04054
86	90	-1.03939
56	66	1.03807
38	48	-1.03778
40	42	-1.03703
72	78	1.03552
72	96	-1.03374
16	68	1.03304
12	90	1.033
34	98	1.03274
2	42	1.03269
18	94	1.03156
18	22	1.03134
72	86	1.03125
36	40	1.03095
50	52	-1.03062
14	36	-1.03058
4	18	1.03053
6	14	-1.03028
42	52	-1.02973
30	98	1.02916
22	90	1.02915
4	90	1.02867
18	98	-1.02831
18	64	1.02824
14	48	1.02775
6	38	1.02731
48	52	-1.02695
6	62	1.02645
90	92	-1.02644
90	94	1.02625
6	16	-1.0261
30	84	-1.026
12	38	-1.02597
2	6	-1.02587
6	40	1.02524
38	80	1.02506
6	52	1.02324
16	76	1.02262
20	90	-1.02228
62	80	1.02181
8	66	-1.0218
62	70	-1.02108
54	90	-1.02084
48	72	-1.02046
26	78	1.02025
34	64	-1.01972
18	54	-1.01944
10	44	-1.0188
66	98	1.01841
32	90	-1.01783
38	70	-1.01765
14	42	1.01714
2	48	1.01701
14	50	1.01627
6	26	1.01611
18	56	-1.01569
10	66	1.01554
74	90	1.01549
14	78	-1.01527
60	90	1.01486
20	38	1.01464
28	90	1.01457
26	50	-1.01417
16	96	1.01412
26	96	-1.01401
44	58	-1.01379
58	66	1.01349
16	48	1.01332
2	50	1.01267
8	18	1.01256
40	96	-1.01199
30	64	-1.01119
44	98	-1.01004
20	62	1.01002
18	58	-1.01001
16	78	-1.00999
10	18	-1.00983
24	90	-1.00947
16	50	1.00947
64	66	-1.00904
88	90	-1.00894
44	82	-1.00873
2	78	-1.00872
44	64	1.00843
80	90	-1.00794
26	48	-1.00788
70	90	1.00757
52	78	1.00723
38	86	1.00704
84	96	1.00684
78	84	-1.00669
38	92	1.00645
42	84	1.00616
46	90	1.00592
52	96	-1.00555
36	84	-1.00546
32	38	1.00518
2	96	1.00476
62	86	1.00421
14	96	1.00411
66	82	1.0033
62	92	1.00292
0	90	1.00287
40	78	1.00188
32	62	1.00167
6	72	1.00163
18	82	-1.00134
