29	73	11.994
5	9	11.9935
39	45	11.9899
61	71	11.9885
11	49	11.984
87	95	11.9817
69	89	11.9813
51	97	11.9775
1	59	-11.9687
21	63	11.9684
47	55	11.9659
43	93	11.9543
9	93	11.9539
51	67	11.9534
35	39	11.9527
95	99	11.9513
17	73	11.95
61	77	11.95
13	27	11.9475
41	53	11.9465
7	65	11.9397
35	45	11.9384
75	97	11.9377
71	77	11.9331
45	75	11.9323
9	43	11.9323
51	75	11.9319
87	99	11.9276
5	93	11.9135
17	29	11.9109
13	85	11.9105
67	97	11.9049
67	79	11.9033
47	79	11.9028
39	75	11.8994
11	79	11.8988
5	43	11.8958
11	47	11.8937
17	43	11.8928
39	51	11.8875
45	51	11.873
41	83	11.8617
17	95	11.8579
47	49	11.8499
27	85	11.8454
17	87	11.8419
3	35	11.8334
73	87	11.8326
29	87	11.8214
3	91	11.8136
45	97	11.8064
49	79	11.8061
39	97	11.8004
37	55	11.7994
23	93	11.7964
73	95	11.7904
39	67	11.7848
11	55	11.7836
67	75	11.7766
7	57	11.7698
49	55	11.762
55	79	11.7603
29	95	11.7595
25	87	11.7479
25	29	11.7473
35	75	11.7473
43	73	11.732
45	67	11.7319
51	79	11.728
9	17	11.7226
47	67	11.7151
17	93	11.7135
35	51	11.7034
65	85	11.6965
5	17	11.6911
25	73	11.6849
57	81	-11.6669
53	83	11.6592
23	43	11.6583
17	99	11.6524
7	85	11.6519
29	43	11.6513
79	97	11.6415
15	99	11.6349
43	95	11.6337
37	47	11.63
63	69	11.6267
3	39	11.6207
11	67	11.6155
3	45	11.6076
25	95	11.6028
1	21	11.5926
35	67	11.5837
9	23	11.577
35	97	11.5731
73	99	11.5718
53	75	11.5668
9	73	11.564
5	73	11.5549
63	89	11.5518
43	87	11.5488
29	99	11.5442
55	67	11.5441
23	37	11.5405
21	69	11.5333
61	65	11.5321
25	99	11.5298
45	53	11.528
57	65	11.5205
35	91	11.5156
39	79	11.499
47	51	11.4897
73	93	11.4891
17	25	11.487
5	23	11.4801
21	59	-11.4792
9	29	11.4763
65	71	11.4738
5	29	11.4724
37	49	11.4718
15	95	11.4649
41	45	11.4608
49	67	11.4574
1	63	11.4477
21	89	11.418
75	79	11.4125
11	37	11.4079
41	75	11.4004
45	79	11.3962
39	53	11.3933
93	95	11.393
35	41	11.39
29	93	11.3861
39	47	11.385
13	65	11.3827
43	99	11.3791
35	53	11.3651
3	41	11.3392
19	77	11.3362
39	41	11.3321
11	51	11.3281
37	93	11.3263
47	97	11.3259
5	49	11.321
15	87	11.3128
17	23	11.3084
51	55	11.3074
9	95	11.2985
35	79	11.2891
19	71	11.2891
15	31	-11.2873
59	63	-11.2864
39	55	11.2851
9	49	11.274
87	93	11.2696
7	13	11.2662
35	47	11.2657
3	75	11.2654
33	81	11.2609
7	61	11.2521
53	97	11.2479
65	77	11.2449
45	47	11.244
39	91	11.2357
3	83	11.2322
5	95	11.2271
35	55	11.2252
11	97	11.2133
9	87	11.2108
37	79	11.2104
51	53	11.2009
9	37	11.1855
19	61	11.1728
27	65	11.1634
7	71	11.1606
23	95	11.1602
45	91	11.1595
3	53	11.1577
3	51	11.156
15	23	11.151
5	87	11.1508
49	93	11.1471
49	51	11.1346
47	75	11.1318
5	37	11.1315
45	55	11.1285
5	11	11.1234
7	27	11.121
93	99	11.1171
7	81	-11.1063
55	97	11.1063
9	11	11.0717
57	85	11.0634
11	39	11.0522
35	83	11.0434
15	17	11.0344
41	97	11.024
33	57	-11.0235
41	51	11.0217
45	83	11.0122
55	91	11.0099
49	97	11.0061
3	67	11.0049
37	43	10.9903
25	43	10.9893
23	99	10.9884
3	97	10.9728
15	43	10.9727
9	99	10.971
23	87	10.9624
23	73	10.9598
7	77	10.9547
55	75	10.9455
11	93	10.9401
23	55	10.9246
11	45	10.9117
11	75	10.9055
55	93	10.8985
9	55	10.8827
5	99	10.8818
5	55	10.8807
39	83	10.8794
43	49	10.8647
39	49	10.8595
3	55	10.8593
75	83	10.8573
37	67	10.8542
15	93	10.8503
23	49	10.8452
11	35	10.8436
53	67	10.8428
47	91	10.8424
5	47	10.841
37	91	10.8378
23	29	10.83
61	85	10.8221
9	47	10.8204
71	85	10.8163
3	47	10.8076
47	93	10.7787
15	73	10.7702
51	91	10.7356
75	91	10.7268
57	61	10.7249
45	49	10.7067
3	79	10.7027
23	47	10.7008
19	31	10.6963
67	91	10.6902
15	29	10.6899
65	81	-10.6896
49	75	10.683
31	77	10.6817
9	25	10.67
41	67	10.6649
35	49	10.6621
11	23	10.6597
5	25	10.6508
11	43	10.6359
35	37	10.6178
41	91	10.6175
25	93	10.6151
37	39	10.6001
13	71	10.5793
57	71	10.5736
5	79	10.5642
59	81	10.5564
1	81	-10.5557
13	57	10.5521
37	51	10.552
15	25	10.5515
9	15	10.5505
83	91	10.5478
79	91	10.5449
13	61	10.5443
43	55	10.5267
9	79	10.511
57	77	10.4996
91	97	10.4941
27	57	10.4772
1	69	10.4726
25	33	10.4573
81	85	-10.4553
51	83	10.4505
83	97	10.4221
5	15	10.4205
43	47	10.416
17	37	10.4117
37	45	10.4108
77	85	10.4085
53	91	10.4084
3	37	10.4033
79	93	10.3916
1	27	10.3667
59	69	-10.3371
17	49	10.3357
1	89	10.3224
27	63	10.3189
37	97	10.3084
3	11	10.2844
53	79	10.2739
11	91	10.27
31	61	10.256
31	99	-10.2435
31	71	10.213
7	33	-10.2049
1	85	10.2009
23	31	-10.2009
23	79	10.1981
49	91	10.1772
27	71	10.1771
21	27	10.1707
59	89	-10.1703
27	61	10.1529
37	75	10.1499
23	25	10.1327
3	49	10.1312
49	73	10.1268
15	77	-10.1241
13	77	10.1135
41	79	10.1128
67	83	10.099
11	17	10.0918
37	73	10.0726
27	59	-10.071
19	65	10.0627
27	81	-10.0525
43	79	10.0485
1	13	10.035
29	49	10.0183
37	95	10.0066
47	53	9.98453
31	95	-9.98272
5	67	9.97054
13	81	-9.9674
59	85	-9.95508
1	57	9.95392
33	99	9.94614
29	37	9.9418
17	55	9.9218
9	67	9.91817
13	63	9.90984
1	7	9.90246
15	37	9.90098
41	47	9.89343
11	73	9.88604
33	87	9.88425
57	59	-9.86314
33	65	-9.85732
53	55	9.83281
17	47	9.82355
37	87	9.81743
23	89	-9.81481
67	93	9.81109
23	69	-9.80603
63	85	9.79031
31	87	-9.78928
41	55	9.7819
13	21	9.78107
11	29	9.78022
15	61	-9.77558
13	59	-9.76471
7	59	-9.74589
69	93	-9.74314
37	99	9.73896
61	81	-9.72364
27	77	9.71877
37	63	-9.71112
21	85	9.70846
7	19	9.70829
33	95	9.70704
49	95	9.69751
21	49	-9.69146
23	67	9.68434
11	53	9.67535
89	93	-9.67452
1	11	-9.67259
23	91	9.67071
43	69	-9.66677
1	79	-9.66413
55	63	-9.66135
15	71	-9.6571
11	21	-9.65429
9	69	-9.6488
55	73	9.64556
1	49	-9.64227
27	91	-9.64175
21	55	-9.63771
11	59	9.63238
31	43	-9.6321
31	93	-9.63111
21	47	-9.62974
21	37	-9.62807
37	69	-9.62671
37	89	-9.62647
1	65	9.61957
47	63	-9.61579
49	63	-9.61243
5	69	-9.60545
49	59	9.60473
59	79	9.60456
1	47	-9.59634
79	83	9.59379
77	99	-9.59229
71	81	-9.58952
43	89	-9.58906
49	87	9.58192
47	73	9.57543
11	63	-9.57416
3	85	-9.57263
5	51	9.56669
1	67	-9.56461
13	91	-9.55981
3	27	-9.55884
17	31	-9.55446
9	89	-9.54856
77	81	-9.54183
11	41	9.5394
29	55	9.52917
21	79	-9.52515
5	21	-9.52463
9	21	-9.52133
9	51	9.51774
3	13	-9.50888
1	55	-9.5076
21	93	-9.50592
23	63	-9.50191
63	93	-9.50005
29	33	9.49803
17	79	9.49656
19	85	9.49531
15	19	-9.49502
5	89	-9.49496
7	41	-9.49177
59	67	9.49157
47	59	9.49116
53	57	-9.48869
85	91	-9.48456
65	83	-9.48439
9	63	-9.47387
17	69	-9.47135
43	67	9.46959
59	65	-9.46578
29	47	9.4647
7	83	-9.46442
11	95	9.46284
5	63	-9.46228
63	79	-9.45843
1	51	-9.45283
49	53	9.45265
47	83	9.44047
1	97	-9.43434
41	57	-9.42861
7	53	-9.42422
51	93	9.42321
21	23	-9.42042
5	97	9.41742
27	89	9.41717
41	65	-9.40952
33	73	9.40535
55	95	9.40399
55	69	-9.40385
27	69	9.40152
81	97	9.39866
35	85	-9.39691
17	89	-9.38837
15	33	9.38429
75	81	9.3826
33	85	-9.38004
59	97	9.37675
55	59	9.37663
13	19	9.3744
55	83	9.3717
51	59	9.37091
21	81	-9.37064
61	99	-9.36575
55	89	-9.36358
91	93	9.36174
9	97	9.36172
21	43	-9.35617
21	67	-9.35117
11	87	9.35086
5	39	9.3505
9	31	-9.34779
3	7	-9.34648
49	69	-9.34442
27	35	-9.34433
57	75	-9.34195
49	99	9.34172
69	95	-9.33732
23	51	9.33675
43	63	-9.33664
3	65	-9.33373
41	49	9.33215
9	39	9.32211
47	69	-9.32046
7	35	-9.3169
51	81	9.31462
23	35	9.31107
19	59	-9.31087
23	39	9.31035
15	89	-9.31015
7	45	-9.30474
83	85	-9.30448
73	79	9.30147
69	73	-9.29927
63	67	-9.29794
89	95	-9.29527
45	57	-9.28965
1	75	-9.28844
33	61	-9.28599
9	91	9.28517
53	65	-9.28292
39	93	9.28213
31	73	-9.28013
61	83	-9.28004
77	95	-9.27862
11	69	-9.27184
47	95	9.27183
1	39	-9.27163
5	91	9.26832
63	81	-9.26411
31	37	-9.25836
47	89	-9.25752
55	87	9.25588
7	39	-9.25588
39	85	-9.25334
15	69	-9.25224
5	31	-9.25172
45	85	-9.25085
93	97	9.25085
77	87	-9.24987
71	99	-9.24869
1	37	-9.24506
41	85	-9.24291
57	83	-9.2428
5	35	9.24254
13	35	-9.24061
19	57	9.23984
49	89	-9.23712
69	87	-9.2357
29	69	-9.233
21	51	-9.22681
7	75	-9.22597
1	45	-9.2253
33	77	-9.22521
9	35	9.22491
39	57	-9.22191
45	81	9.22051
71	83	-9.22004
35	93	9.21386
69	99	-9.21254
57	97	-9.20861
17	33	9.20845
29	79	9.20612
53	81	9.20563
35	65	-9.20402
67	81	9.20347
73	89	-9.20333
29	31	-9.20217
59	75	9.19664
57	99	-9.19638
89	99	-9.19409
5	45	9.19006
51	63	-9.1859
87	89	-9.18482
15	49	9.18108
35	57	-9.18051
77	83	-9.17885
27	39	-9.17847
39	81	9.17684
41	89	-9.1764
53	89	-9.17557
39	63	-9.17454
51	57	-9.16829
11	89	-9.16741
25	57	-9.16705
53	69	-9.16644
21	97	-9.16531
83	89	-9.16088
9	45	9.1601
25	37	9.15417
21	39	-9.15163
15	55	9.14686
3	23	9.1463
27	45	-9.14624
45	65	-9.1433
47	87	9.1408
23	97	9.13905
23	45	9.13808
35	63	-9.13648
29	89	-9.13639
13	83	-9.13524
39	59	9.13498
41	69	-9.13482
1	35	-9.131
33	71	-9.12754
37	53	9.12612
37	41	9.12506
11	99	9.12466
69	79	-9.12234
45	63	-9.12191
45	93	9.11627
5	75	9.11588
55	99	9.11381
27	83	-9.11094
63	97	-9.10411
11	83	9.10382
43	51	9.10239
21	45	-9.10087
53	85	-9.10074
31	65	9.10067
37	59	9.10026
25	49	9.09851
1	19	9.09803
39	65	-9.09799
45	59	9.09292
21	75	-9.09168
7	63	9.08953
7	21	9.08444
15	57	-9.07952
25	31	-9.07796
21	35	-9.07482
9	75	9.07363
13	33	-9.0731
69	83	-9.07257
61	87	-9.07122
61	95	-9.0706
63	75	-9.06856
7	51	-9.06623
17	21	-9.064
13	39	-9.05891
25	77	-9.05851
43	91	9.05819
75	85	-9.05432
1	5	-9.0541
13	89	9.05061
65	91	-9.04646
5	59	9.04431
7	97	-9.04319
13	69	9.04189
3	57	-9.04038
27	33	-9.0399
13	45	-9.03851
41	81	9.03454
79	89	-9.03417
35	81	9.03341
17	63	-9.03328
19	27	9.03244
27	41	-9.02978
7	91	-9.02855
65	75	-9.02252
41	61	-9.01863
1	9	-9.01806
27	55	-9.01086
13	41	-9.00801
63	91	-9.00726
33	59	9.00516
25	61	-9.00335
9	59	8.99822
75	93	8.99732
67	69	-8.99549
11	15	8.99485
57	67	-8.99015
39	69	-8.98917
71	87	-8.98653
51	85	-8.98641
35	89	-8.9856
71	95	-8.98264
47	99	8.97606
15	65	-8.97592
45	69	-8.97507
79	81	8.97368
35	69	-8.9735
39	89	-8.97261
3	93	8.97181
35	59	8.96916
1	33	-8.96875
3	5	8.9681
17	67	8.96777
45	89	-8.95997
3	9	8.95942
39	43	8.95702
57	87	-8.95678
21	57	8.95477
43	97	8.95416
15	47	8.95379
23	75	8.95075
53	63	-8.94587
3	63	-8.94581
31	33	-8.94574
51	69	-8.94467
31	57	8.94436
25	71	-8.94356
41	71	-8.94083
79	95	8.9389
49	83	8.93607
69	75	-8.93536
63	65	8.93445
7	31	8.934
1	93	-8.93349
27	47	-8.93304
67	89	-8.92355
21	73	-8.92288
21	65	8.91805
25	81	8.91612
27	75	-8.91402
57	63	8.91374
21	53	-8.90891
7	15	-8.9089
7	67	-8.90869
67	85	-8.90657
89	91	-8.9063
27	51	-8.90331
19	99	-8.90278
41	77	-8.90134
11	25	8.90092
41	63	-8.89899
27	37	-8.89884
29	77	-8.89444
85	97	-8.89401
75	89	-8.89232
35	43	8.89163
3	89	-8.89036
59	93	8.88763
51	89	-8.88524
69	97	-8.88403
19	81	-8.8806
27	53	-8.88057
73	77	-8.88041
57	95	-8.87913
27	67	-8.8752
63	73	-8.87515
31	89	8.87405
17	77	-8.86785
7	99	-8.86542
51	65	-8.8642
65	99	-8.86281
21	29	-8.85845
21	91	-8.85717
1	53	-8.85226
69	85	8.84043
53	61	-8.83939
79	87	8.83939
13	53	-8.83641
37	83	8.83259
85	89	8.83162
3	69	-8.82994
3	21	-8.82953
55	85	-8.82914
69	91	-8.82897
65	97	-8.82689
21	41	-8.82681
5	19	-8.82667
25	69	-8.82467
19	29	-8.81921
19	73	-8.81822
89	97	-8.81512
43	45	8.81154
29	63	-8.80916
13	75	-8.80668
67	73	8.80398
47	85	-8.80207
13	55	-8.80176
19	95	-8.80063
27	79	-8.80049
1	3	-8.79961
7	25	-8.79727
25	65	-8.79246
33	53	8.79007
3	61	-8.78958
1	23	-8.78673
29	61	-8.78532
17	19	-8.78453
27	97	-8.78345
1	71	8.77936
59	71	-8.77799
3	71	-8.77482
31	69	8.77158
29	71	-8.77155
9	19	-8.77095
63	83	-8.77027
13	51	-8.76978
1	43	-8.76628
25	89	-8.76614
1	61	8.76141
19	87	-8.75823
63	95	-8.75817
79	85	-8.75807
61	73	-8.75625
21	95	-8.75411
53	71	-8.75342
59	61	-8.74936
81	99	8.74859
3	81	8.74729
25	55	8.74448
1	91	-8.74142
43	59	8.74045
53	59	8.7404
71	73	-8.73977
19	43	-8.73754
13	47	-8.73618
53	77	-8.73325
47	81	8.73036
33	43	8.72895
29	67	8.72702
1	41	-8.72423
13	67	-8.72338
81	83	8.71978
43	75	8.71944
65	67	-8.71842
19	21	8.71741
57	79	-8.70405
17	61	-8.69984
11	81	8.698
23	59	8.69797
3	43	8.69464
17	91	8.69229
31	49	-8.69105
57	91	-8.68658
33	75	8.68542
13	37	-8.67584
31	81	-8.67531
25	47	8.67528
21	87	-8.67506
63	87	-8.66864
11	27	-8.66838
17	71	-8.66817
79	99	8.66493
19	93	-8.66199
13	97	-8.66095
17	51	8.66087
33	97	8.65928
31	55	-8.65888
7	79	-8.65873
21	83	-8.65725
43	77	-8.65473
19	49	-8.65064
65	87	-8.64157
7	87	-8.63803
13	79	-8.63168
27	49	-8.62248
3	59	8.62187
59	77	-8.61859
11	19	-8.61614
33	41	8.61545
37	85	-8.6099
81	87	8.60919
15	79	8.60336
11	31	-8.60293
73	91	8.602
55	81	8.59919
15	63	-8.59566
65	95	-8.59488
41	59	8.5941
23	77	-8.59246
63	99	-8.59115
3	77	-8.59088
7	95	-8.58684
1	77	8.58655
19	23	-8.58577
19	25	-8.58346
35	61	-8.58196
49	81	8.58055
7	47	-8.57885
29	91	8.57432
21	99	-8.57266
11	85	-8.56723
15	81	8.56351
59	91	8.5557
17	97	8.55278
35	71	-8.54789
47	57	-8.54274
33	51	8.54208
7	55	-8.54068
31	47	-8.53416
17	39	8.53377
71	91	-8.53274
45	61	-8.52683
51	73	8.5249
19	63	8.52362
15	21	-8.52305
61	91	-8.52208
81	95	8.5214
67	95	8.52089
29	57	-8.52003
81	91	8.50747
77	93	-8.50425
33	45	8.50326
11	13	-8.50115
65	79	-8.49989
49	85	-8.49916
1	17	-8.49113
17	59	8.48763
17	35	8.48434
45	71	-8.48227
25	79	8.48149
33	93	8.47935
57	73	-8.47856
39	61	-8.4755
43	61	-8.47323
19	83	-8.47194
1	83	-8.47
9	77	-8.46459
29	51	8.46313
55	57	-8.46147
13	49	-8.45775
5	77	-8.45657
19	79	-8.45536
43	71	-8.45327
13	25	-8.45149
47	65	-8.44888
9	33	8.44788
67	87	8.4454
61	75	-8.44199
33	39	8.43921
73	97	8.43829
39	71	-8.4374
55	65	-8.42939
17	45	8.42641
5	33	8.41997
11	57	-8.4165
17	57	-8.41641
25	85	-8.4149
59	73	8.41343
19	69	8.41225
91	95	8.4117
35	77	-8.41139
33	67	8.40514
23	33	8.40123
7	11	-8.40048
1	73	-8.40032
39	73	8.39982
33	83	8.39582
71	75	-8.393
31	79	-8.39061
29	65	-8.39015
29	97	8.38452
45	77	-8.37803
69	81	-8.3777
3	17	8.37454
21	25	-8.37352
31	85	8.37168
29	59	8.37099
17	75	8.37054
19	33	-8.36867
23	61	-8.36705
15	91	8.36669
25	91	8.36206
87	91	8.36066
35	73	8.35979
25	63	-8.35559
1	29	-8.35437
31	59	-8.35119
33	35	8.3492
65	73	-8.34777
29	39	8.34516
5	71	-8.34373
59	83	8.34144
77	91	-8.33808
19	89	8.33334
81	89	-8.33263
7	29	-8.33244
9	71	-8.33005
61	93	-8.32899
39	77	-8.32696
67	99	8.32656
23	71	-8.32535
5	61	-8.32382
75	77	-8.32353
19	67	-8.32341
23	27	-8.32204
9	61	-8.32042
49	57	-8.31585
21	71	8.31476
71	93	-8.31426
31	63	8.31423
25	27	-8.31228
29	35	8.3118
7	49	-8.31165
3	73	8.31064
45	73	8.3097
31	83	-8.30934
51	95	8.30869
51	61	-8.30735
29	81	8.30428
61	97	-8.30312
15	67	8.29637
5	53	8.29633
7	73	-8.29473
19	97	-8.29465
19	47	-8.29272
7	69	8.28984
3	29	8.28901
21	31	8.28809
11	65	-8.28703
31	91	-8.28321
51	71	-8.27809
9	53	8.27785
21	61	8.276
15	85	-8.2757
15	83	8.2745
71	97	-8.27184
7	89	8.2718
73	75	8.27108
63	71	8.26919
23	53	8.26807
73	81	8.2679
17	65	-8.26758
91	99	8.26653
23	41	8.26277
29	45	8.26248
7	37	-8.26117
5	41	8.25685
3	33	8.25454
53	93	8.25373
51	87	8.25278
85	99	-8.24377
13	29	-8.24315
37	81	8.24163
39	95	8.24143
19	51	-8.24141
61	63	8.24026
9	41	8.23991
1	31	8.23541
95	97	8.23402
7	17	-8.23302
19	41	-8.23088
33	91	8.22911
29	75	8.2284
5	27	-8.22798
41	93	8.22198
65	69	8.22102
1	95	-8.21987
13	31	8.21961
9	27	-8.21894
27	93	-8.21788
49	65	-8.21739
77	97	-8.2153
33	79	8.21435
61	67	-8.21384
35	95	8.21349
21	33	-8.21251
31	67	-8.21112
65	89	8.20889
59	95	8.20835
17	81	8.20733
51	77	-8.20444
19	37	-8.2027
19	55	-8.20178
37	65	-8.20178
25	67	8.20176
67	71	-8.20112
53	99	8.20069
15	41	8.19912
13	73	-8.19554
87	97	8.19173
57	69	8.18601
39	87	8.18437
33	63	-8.18434
15	53	8.18245
43	57	-8.18239
1	87	-8.18101
83	99	8.17984
59	87	8.17701
45	95	8.17559
51	99	8.17471
3	19	-8.17111
13	23	-8.16919
85	87	-8.16864
41	99	8.16765
37	57	-8.16441
15	35	8.16418
19	75	-8.16388
57	89	8.16074
21	77	8.16055
29	85	-8.16021
27	29	-8.15878
35	87	8.15736
5	13	-8.1567
15	39	8.15394
15	51	8.15123
3	95	8.14369
75	95	8.1426
31	41	-8.13963
9	13	-8.13837
19	53	-8.13777
5	83	8.13705
39	99	8.13677
23	83	8.13438
43	53	8.13206
67	77	-8.13133
25	53	8.1311
45	87	8.12936
31	97	-8.12915
13	87	-8.1285
27	73	-8.12742
13	99	-8.12666
71	79	-8.125
85	95	-8.12475
25	83	8.12445
3	15	8.12362
13	15	-8.12347
97	99	8.12294
27	43	-8.12275
73	85	-8.12176
3	25	8.1216
9	83	8.11757
35	99	8.11632
61	79	-8.11585
63	77	8.11415
31	51	-8.11408
53	87	8.1138
13	93	-8.11178
3	87	8.11107
75	87	8.11057
1	99	-8.1105
19	45	-8.10981
23	85	-8.10827
15	45	8.1076
19	39	-8.10635
11	71	-8.10538
53	95	8.10535
49	71	-8.10502
41	43	8.10326
59	99	8.09758
45	99	8.09753
49	77	-8.09639
25	41	8.09327
83	93	8.0931
23	57	-8.09277
57	93	-8.09208
43	65	-8.0911
31	53	-8.09076
15	97	8.09043
5	85	-8.08924
27	31	8.08876
19	35	-8.08819
25	51	8.08776
13	17	-8.08528
83	87	8.08491
19	91	-8.08436
11	77	-8.08245
75	99	8.08193
11	33	8.08039
11	61	-8.07756
41	87	8.07722
13	95	-8.07638
83	95	8.07609
33	47	8.07499
9	85	-8.07481
49	61	-8.07348
41	95	8.07307
3	31	-8.07237
77	79	-8.07213
7	43	-8.07116
25	97	8.07018
1	15	-8.06742
43	81	8.06667
13	43	-8.06632
17	27	-8.06421
25	59	8.06167
47	71	-8.06143
37	77	-8.06106
3	99	8.05916
85	93	-8.05827
9	57	-8.05705
15	59	8.05629
47	61	-8.05605
15	75	8.05595
5	81	8.05515
23	65	-8.05428
7	23	-8.05406
15	27	-8.05202
9	81	8.05047
33	49	8.04981
27	87	-8.04961
31	35	-8.04945
1	25	-8.04916
77	89	8.04594
31	39	-8.04584
5	57	-8.04187
27	99	-8.04185
17	85	-8.04145
69	77	8.04092
25	39	8.04087
25	35	8.04065
17	53	8.04054
81	93	8.04022
55	71	-8.03946
55	61	-8.03811
29	83	8.03773
31	75	-8.03625
33	89	-8.03209
25	75	8.02938
33	55	8.0289
43	83	8.02653
73	83	8.02594
65	93	-8.02581
5	65	-8.02324
7	93	-8.02303
33	37	8.02235
31	45	-8.02158
69	71	8.02112
9	65	-8.02023
25	45	8.01879
27	95	-8.01876
53	73	8.0186
43	85	-8.01565
17	41	8.01545
47	77	-8.01504
29	53	8.01477
33	69	-8.01374
37	61	-8.01213
61	69	8.00805
23	81	8.0074
71	89	8.00661
37	71	-8.00528
7	9	-8.00497
17	83	8.00361
61	89	8.0024
5	7	-8.00186
55	77	-8.00172
41	73	8.00115
29	41	8.00034
96	97	6
62	63	6
54	55	6
94	95	6
58	59	6
60	61	6
56	57	6
14	15	6
82	83	6
50	51	6
22	23	6
80	81	6
20	21	6
24	25	6
78	79	6
26	27	6
84	85	6
76	77	6
74	75	6
28	29	6
30	31	6
18	19	6
86	87	6
32	33	6
52	53	6
72	73	6
70	71	6
38	39	6
88	89	6
40	41	6
16	17	6
42	43	6
90	91	6
68	69	6
44	45	6
66	67	6
46	47	6
48	49	6
92	93	6
64	65	6
34	35	6
36	37	6
0	1	6
98	99	6
8	9	6
10	11	6
12	13	6
2	3	6
6	7	6
4	5	6
29	72	5.997
28	73	5.997
4	9	5.99673
5	8	5.99673
39	44	5.99493
38	45	5.99493
61	70	5.99423
60	71	5.99423
10	49	5.992
11	48	5.992
87	94	5.99085
86	95	5.99085
69	88	5.99064
68	89	5.99064
51	96	5.98874
50	97	5.98874
1	58	-5.98435
0	59	-5.98435
20	63	5.98418
21	62	5.98418
46	55	5.98296
47	54	5.98296
43	92	5.97714
42	93	5.97714
8	93	5.97694
9	92	5.97694
51	66	5.97672
50	67	5.97672
35	38	5.97637
34	39	5.97637
94	99	5.97565
95	98	5.97565
17	72	5.97502
16	73	5.97502
60	77	5.97501
61	76	5.97501
12	27	5.97374
13	26	5.97374
41	52	5.97323
40	53	5.97323
6	65	5.96985
7	64	5.96985
34	45	5.96921
35	44	5.96921
75	96	5.96885
74	97	5.96885
70	77	5.96656
71	76	5.96656
45	74	5.96617
44	75	5.96617
9	42	5.96617
8	43	5.96617
50	75	5.96597
51	74	5.96597
86	99	5.96382
87	98	5.96382
4	93	5.95677
5	92	5.95677
16	29	5.95545
17	28	5.95545
12	85	5.95524
13	84	5.95524
66	97	5.95246
67	96	5.95246
67	78	5.95167
66	79	5.95167
46	79	5.95142
47	78	5.95142
38	75	5.94968
39	74	5.94968
10	79	5.94938
11	78	5.94938
5	42	5.94791
4	43	5.94791
11	46	5.94686
10	47	5.94686
17	42	5.94642
16	43	5.94642
38	51	5.94373
39	50	5.94373
44	51	5.93651
45	50	5.93651
41	82	5.93087
40	83	5.93087
17	94	5.92895
16	95	5.92895
46	49	5.92495
47	48	5.92495
26	85	5.92272
27	84	5.92272
17	86	5.92096
16	87	5.92096
2	35	5.91671
3	34	5.91671
72	87	5.91632
73	86	5.91632
29	86	5.91072
28	87	5.91072
3	90	5.9068
2	91	5.9068
44	97	5.90321
45	96	5.90321
49	78	5.90304
48	79	5.90304
38	97	5.9002
39	96	5.9002
36	55	5.89971
37	54	5.89971
22	93	5.8982
23	92	5.8982
72	95	5.89521
73	94	5.89521
39	66	5.89239
38	67	5.89239
11	54	5.89182
10	55	5.89182
67	74	5.88831
66	75	5.88831
6	57	5.8849
7	56	5.8849
48	55	5.88098
49	54	5.88098
54	79	5.88017
55	78	5.88017
29	94	5.87974
28	95	5.87974
24	87	5.87396
25	86	5.87396
24	29	5.87365
25	28	5.87365
35	74	5.87363
34	75	5.87363
42	73	5.86601
43	72	5.86601
45	66	5.86597
44	67	5.86597
50	79	5.86402
51	78	5.86402
8	17	5.8613
9	16	5.8613
47	66	5.85755
46	67	5.85755
16	93	5.85674
17	92	5.85674
34	51	5.8517
35	50	5.8517
65	84	5.84826
64	85	5.84826
5	16	5.84555
4	17	5.84555
25	72	5.84247
24	73	5.84247
56	81	-5.83345
57	80	-5.83345
52	83	5.82961
53	82	5.82961
22	43	5.82913
23	42	5.82913
16	99	5.8262
17	98	5.8262
7	84	5.82593
6	85	5.82593
29	42	5.82563
28	43	5.82563
78	97	5.82077
79	96	5.82077
15	98	5.81745
14	99	5.81745
42	95	5.81687
43	94	5.81687
36	47	5.815
37	46	5.815
62	69	5.81334
63	68	5.81334
2	39	5.81034
3	38	5.81034
11	66	5.80773
10	67	5.80773
2	45	5.80382
3	44	5.80382
24	95	5.80141
25	94	5.80141
1	20	5.79631
0	21	5.79631
35	66	5.79187
34	67	5.79187
8	23	5.78848
9	22	5.78848
35	96	5.78657
34	97	5.78657
72	99	5.78589
73	98	5.78589
52	75	5.78338
53	74	5.78338
8	73	5.78198
9	72	5.78198
4	73	5.77746
5	72	5.77746
62	89	5.77592
63	88	5.77592
43	86	5.77438
42	87	5.77438
29	98	5.77208
28	99	5.77208
54	67	5.77206
55	66	5.77206
23	36	5.77023
22	37	5.77023
20	69	5.76666
21	68	5.76666
61	64	5.76606
60	65	5.76606
24	99	5.76488
25	98	5.76488
44	53	5.76399
45	52	5.76399
57	64	5.76026
56	65	5.76026
34	91	5.75781
35	90	5.75781
39	78	5.74951
38	79	5.74951
46	51	5.74486
47	50	5.74486
72	93	5.74454
73	92	5.74454
17	24	5.74351
16	25	5.74351
5	22	5.74007
4	23	5.74007
21	58	-5.7396
20	59	-5.7396
9	28	5.73813
8	29	5.73813
64	71	5.7369
65	70	5.7369
5	28	5.73619
4	29	5.73619
36	49	5.7359
37	48	5.7359
15	94	5.73245
14	95	5.73245
40	45	5.73041
41	44	5.73041
48	67	5.72868
49	66	5.72868
0	63	5.72384
1	62	5.72384
20	89	5.70898
21	88	5.70898
74	79	5.70625
75	78	5.70625
10	37	5.70396
11	36	5.70396
40	75	5.70019
41	74	5.70019
44	79	5.69812
45	78	5.69812
39	52	5.69664
38	53	5.69664
93	94	5.69649
92	95	5.69649
35	40	5.69502
34	41	5.69502
28	93	5.69304
29	92	5.69304
39	46	5.6925
38	47	5.6925
13	64	5.69136
12	65	5.69136
42	99	5.68956
43	98	5.68956
34	53	5.68256
35	52	5.68256
3	40	5.66958
2	41	5.66958
19	76	5.6681
18	77	5.6681
38	41	5.66604
39	40	5.66604
10	51	5.66405
11	50	5.66405
37	92	5.66315
36	93	5.66315
46	97	5.66294
47	96	5.66294
5	48	5.66048
4	49	5.66048
14	87	5.65639
15	86	5.65639
17	22	5.65418
16	23	5.65418
50	55	5.65368
51	54	5.65368
8	95	5.64926
9	94	5.64926
34	79	5.64456
35	78	5.64456
18	71	5.64456
19	70	5.64456
15	30	-5.64365
14	31	-5.64365
59	62	-5.64318
58	63	-5.64318
39	54	5.64256
38	55	5.64256
8	49	5.63702
9	48	5.63702
86	93	5.63478
87	92	5.63478
7	12	5.63309
6	13	5.63309
34	47	5.63283
35	46	5.63283
2	75	5.63269
3	74	5.63269
32	81	5.63044
33	80	5.63044
7	60	5.62607
6	61	5.62607
52	97	5.62396
53	96	5.62396
65	76	5.62245
64	77	5.62245
44	47	5.622
45	46	5.622
39	90	5.61787
38	91	5.61787
3	82	5.6161
2	83	5.6161
5	94	5.61355
4	95	5.61355
35	54	5.61262
34	55	5.61262
11	96	5.60667
10	97	5.60667
9	86	5.60538
8	87	5.60538
37	78	5.60521
36	79	5.60521
51	52	5.60047
50	53	5.60047
8	37	5.59273
9	36	5.59273
18	61	5.58642
19	60	5.58642
26	65	5.58172
27	64	5.58172
7	70	5.58031
6	71	5.58031
23	94	5.58012
22	95	5.58012
45	90	5.57974
44	91	5.57974
2	53	5.57884
3	52	5.57884
2	51	5.57799
3	50	5.57799
14	23	5.57548
15	22	5.57548
4	87	5.57541
5	86	5.57541
49	92	5.57357
48	93	5.57357
48	51	5.56732
49	50	5.56732
47	74	5.56592
46	75	5.56592
4	37	5.56576
5	36	5.56576
44	55	5.56424
45	54	5.56424
4	11	5.56168
5	10	5.56168
6	27	5.5605
7	26	5.5605
93	98	5.55853
92	99	5.55853
7	80	-5.55313
6	81	-5.55313
55	96	5.55313
54	97	5.55313
9	10	5.53586
8	11	5.53586
57	84	5.53171
56	85	5.53171
11	38	5.52612
10	39	5.52612
35	82	5.52172
34	83	5.52172
14	17	5.51718
15	16	5.51718
41	96	5.51202
40	97	5.51202
32	57	-5.51174
33	56	-5.51174
41	50	5.51087
40	51	5.51087
44	83	5.50609
45	82	5.50609
55	90	5.50497
54	91	5.50497
48	97	5.50303
49	96	5.50303
3	66	5.50246
2	67	5.50246
36	43	5.49516
37	42	5.49516
25	42	5.49467
24	43	5.49467
22	99	5.49419
23	98	5.49419
2	97	5.48638
3	96	5.48638
15	42	5.48635
14	43	5.48635
8	99	5.48549
9	98	5.48549
22	87	5.4812
23	86	5.4812
23	72	5.47991
22	73	5.47991
7	76	5.47736
6	77	5.47736
54	75	5.47276
55	74	5.47276
11	92	5.47006
10	93	5.47006
23	54	5.46228
22	55	5.46228
11	44	5.45587
10	45	5.45587
10	75	5.45277
11	74	5.45277
55	92	5.44924
54	93	5.44924
8	55	5.44133
9	54	5.44133
5	98	5.44092
4	99	5.44092
5	54	5.44033
4	55	5.44033
39	82	5.43972
38	83	5.43972
43	48	5.43236
42	49	5.43236
39	48	5.42973
38	49	5.42973
2	55	5.42963
3	54	5.42963
74	83	5.42865
75	82	5.42865
37	66	5.42708
36	67	5.42708
14	93	5.42516
15	92	5.42516
23	48	5.42262
22	49	5.42262
11	34	5.42181
10	35	5.42181
52	67	5.42141
53	66	5.42141
46	91	5.4212
47	90	5.4212
5	46	5.42052
4	47	5.42052
37	90	5.41888
36	91	5.41888
23	28	5.41498
22	29	5.41498
60	85	5.41107
61	84	5.41107
9	46	5.41022
8	47	5.41022
70	85	5.40813
71	84	5.40813
2	47	5.40379
3	46	5.40379
47	92	5.38933
46	93	5.38933
14	73	5.38509
15	72	5.38509
50	91	5.36779
51	90	5.36779
74	91	5.36342
75	90	5.36342
56	61	5.36246
57	60	5.36246
44	49	5.35334
45	48	5.35334
2	79	5.35136
3	78	5.35136
23	46	5.35042
22	47	5.35042
18	31	5.34815
19	30	5.34815
67	90	5.34511
66	91	5.34511
15	28	5.34494
14	29	5.34494
64	81	-5.34481
65	80	-5.34481
49	74	5.3415
48	75	5.3415
31	76	5.34084
30	77	5.34084
8	25	5.33499
9	24	5.33499
41	66	5.33243
40	67	5.33243
35	48	5.33105
34	49	5.33105
11	22	5.32987
10	23	5.32987
4	25	5.32541
5	24	5.32541
11	42	5.31795
10	43	5.31795
34	37	5.30892
35	36	5.30892
41	90	5.30877
40	91	5.30877
24	93	5.30754
25	92	5.30754
37	38	5.30006
36	39	5.30006
13	70	5.28966
12	71	5.28966
57	70	5.28681
56	71	5.28681
4	79	5.28208
5	78	5.28208
59	80	5.27819
58	81	5.27819
0	81	-5.27783
1	80	-5.27783
13	56	5.27606
12	57	5.27606
37	50	5.276
36	51	5.276
14	25	5.27577
15	24	5.27577
9	14	5.27524
8	15	5.27524
83	90	5.27391
82	91	5.27391
79	90	5.27245
78	91	5.27245
12	61	5.27217
13	60	5.27217
42	55	5.26333
43	54	5.26333
9	78	5.2555
8	79	5.2555
56	77	5.24979
57	76	5.24979
91	96	5.24706
90	97	5.24706
27	56	5.23861
26	57	5.23861
1	68	5.23631
0	69	5.23631
25	32	5.22866
24	33	5.22866
81	84	-5.22766
80	85	-5.22766
51	82	5.22524
50	83	5.22524
82	97	5.21104
83	96	5.21104
5	14	5.21027
4	15	5.21027
43	46	5.20801
42	47	5.20801
16	37	5.20586
17	36	5.20586
36	45	5.20541
37	44	5.20541
76	85	5.20425
77	84	5.20425
52	91	5.20422
53	90	5.20422
3	36	5.20165
2	37	5.20165
79	92	5.19578
78	93	5.19578
0	27	5.18334
1	26	5.18334
58	69	-5.16853
59	68	-5.16853
17	48	5.16786
16	49	5.16786
1	88	5.1612
0	89	5.1612
26	63	5.15944
27	62	5.15944
36	97	5.15421
37	96	5.15421
2	11	5.14218
3	10	5.14218
53	78	5.13694
52	79	5.13694
11	90	5.13499
10	91	5.13499
30	61	5.128
31	60	5.128
31	98	-5.12174
30	99	-5.12174
30	71	5.10649
31	70	5.10649
6	33	-5.10245
7	32	-5.10245
0	85	5.10044
1	84	5.10044
22	31	-5.10044
23	30	-5.10044
22	79	5.09905
23	78	5.09905
48	91	5.08859
49	90	5.08859
27	70	5.08854
26	71	5.08854
21	26	5.08533
20	27	5.08533
59	88	-5.08515
58	89	-5.08515
26	61	5.07643
27	60	5.07643
37	74	5.07494
36	75	5.07494
22	25	5.06635
23	24	5.06635
2	49	5.06558
3	48	5.06558
48	73	5.06339
49	72	5.06339
14	77	-5.06204
15	76	-5.06204
12	77	5.05676
13	76	5.05676
41	78	5.05638
40	79	5.05638
67	82	5.0495
66	83	5.0495
10	17	5.04588
11	16	5.04588
36	73	5.03629
37	72	5.03629
26	59	-5.0355
27	58	-5.0355
19	64	5.03135
18	65	5.03135
27	80	-5.02627
26	81	-5.02627
43	78	5.02424
42	79	5.02424
1	12	5.01748
0	13	5.01748
28	49	5.00916
29	48	5.00916
37	94	5.0033
36	95	5.0033
46	53	4.99226
47	52	4.99226
30	95	-4.99136
31	94	-4.99136
5	66	4.98527
4	67	4.98527
13	80	-4.9837
12	81	-4.9837
59	84	-4.97754
58	85	-4.97754
0	57	4.97696
1	56	4.97696
33	98	4.97307
32	99	4.97307
29	36	4.9709
28	37	4.9709
16	55	4.9609
17	54	4.9609
8	67	4.95909
9	66	4.95909
12	63	4.95492
13	62	4.95492
0	7	4.95123
1	6	4.95123
14	37	4.95049
15	36	4.95049
40	47	4.94672
41	46	4.94672
11	72	4.94302
10	73	4.94302
33	86	4.94212
32	87	4.94212
56	59	-4.93157
57	58	-4.93157
32	65	-4.92866
33	64	-4.92866
53	54	4.9164
52	55	4.9164
16	47	4.91177
17	46	4.91177
36	87	4.90872
37	86	4.90872
22	89	-4.90741
23	88	-4.90741
67	92	4.90555
66	93	4.90555
22	69	-4.90302
23	68	-4.90302
62	85	4.89516
63	84	4.89516
30	87	-4.89464
31	86	-4.89464
41	54	4.89095
40	55	4.89095
13	20	4.89053
12	21	4.89053
11	28	4.89011
10	29	4.89011
15	60	-4.88779
14	61	-4.88779
13	58	-4.88235
12	59	-4.88235
6	59	-4.87295
7	58	-4.87295
69	92	-4.87157
68	93	-4.87157
37	98	4.86948
36	99	4.86948
61	80	-4.86182
60	81	-4.86182
27	76	4.85938
26	77	4.85938
36	63	-4.85556
37	62	-4.85556
20	85	4.85423
21	84	4.85423
6	19	4.85414
7	18	4.85414
32	95	4.85352
33	94	4.85352
49	94	4.84876
48	95	4.84876
20	49	-4.84573
21	48	-4.84573
22	67	4.84217
23	66	4.84217
10	53	4.83768
11	52	4.83768
89	92	-4.83726
88	93	-4.83726
1	10	-4.8363
0	11	-4.8363
22	91	4.83535
23	90	4.83535
43	68	-4.83339
42	69	-4.83339
1	78	-4.83207
0	79	-4.83207
54	63	-4.83068
55	62	-4.83068
15	70	-4.82855
14	71	-4.82855
10	21	-4.82714
11	20	-4.82714
8	69	-4.8244
9	68	-4.8244
54	73	4.82278
55	72	4.82278
0	49	-4.82113
1	48	-4.82113
27	90	-4.82087
26	91	-4.82087
20	55	-4.81886
21	54	-4.81886
11	58	4.81619
10	59	4.81619
30	43	-4.81605
31	42	-4.81605
30	93	-4.81555
31	92	-4.81555
20	47	-4.81487
21	46	-4.81487
21	36	-4.81404
20	37	-4.81404
37	68	-4.81335
36	69	-4.81335
36	89	-4.81324
37	88	-4.81324
1	64	4.80979
0	65	4.80979
46	63	-4.8079
47	62	-4.8079
49	62	-4.80622
48	63	-4.80622
4	69	-4.80273
5	68	-4.80273
49	58	4.80237
48	59	4.80237
59	78	4.80228
58	79	4.80228
1	46	-4.79817
0	47	-4.79817
78	83	4.79689
79	82	4.79689
77	98	-4.79614
76	99	-4.79614
71	80	-4.79476
70	81	-4.79476
43	88	-4.79453
42	89	-4.79453
49	86	4.79096
48	87	4.79096
47	72	4.78771
46	73	4.78771
10	63	-4.78708
11	62	-4.78708
3	84	-4.78632
2	85	-4.78632
5	50	4.78335
4	51	4.78335
1	66	-4.78231
0	67	-4.78231
13	90	-4.7799
12	91	-4.7799
2	27	-4.77942
3	26	-4.77942
16	31	-4.77723
17	30	-4.77723
8	89	-4.77428
9	88	-4.77428
76	81	-4.77092
77	80	-4.77092
10	41	4.7697
11	40	4.7697
28	55	4.76458
29	54	4.76458
20	79	-4.76258
21	78	-4.76258
5	20	-4.76231
4	21	-4.76231
9	20	-4.76067
8	21	-4.76067
8	51	4.75887
9	50	4.75887
2	13	-4.75444
3	12	-4.75444
1	54	-4.7538
0	55	-4.7538
21	92	-4.75296
20	93	-4.75296
23	62	-4.75095
22	63	-4.75095
63	92	-4.75002
62	93	-4.75002
28	33	4.74901
29	32	4.74901
16	79	4.74828
17	78	4.74828
18	85	4.74766
19	84	4.74766
14	19	-4.74751
15	18	-4.74751
5	88	-4.74748
4	89	-4.74748
7	40	-4.74589
6	41	-4.74589
58	67	4.74579
59	66	4.74579
46	59	4.74558
47	58	4.74558
53	56	-4.74434
52	57	-4.74434
84	91	-4.74228
85	90	-4.74228
64	83	-4.7422
65	82	-4.7422
9	62	-4.73693
8	63	-4.73693
16	69	-4.73567
17	68	-4.73567
43	66	4.73479
42	67	4.73479
59	64	-4.73289
58	65	-4.73289
28	47	4.73235
29	46	4.73235
7	82	-4.73221
6	83	-4.73221
11	94	4.73142
10	95	4.73142
5	62	-4.73114
4	63	-4.73114
63	78	-4.72921
62	79	-4.72921
0	51	-4.72642
1	50	-4.72642
48	53	4.72632
49	52	4.72632
47	82	4.72023
46	83	4.72023
1	96	-4.71717
0	97	-4.71717
40	57	-4.7143
41	56	-4.7143
7	52	-4.71211
6	53	-4.71211
50	93	4.7116
51	92	4.7116
21	22	-4.71021
20	23	-4.71021
4	97	4.70871
5	96	4.70871
27	88	4.70858
26	89	4.70858
41	64	-4.70476
40	65	-4.70476
33	72	4.70267
32	73	4.70267
55	94	4.70199
54	95	4.70199
55	68	-4.70193
54	69	-4.70193
26	69	4.70076
27	68	4.70076
81	96	4.69933
80	97	4.69933
34	85	-4.69845
35	84	-4.69845
17	88	-4.69418
16	89	-4.69418
15	32	4.69214
14	33	4.69214
74	81	4.6913
75	80	4.6913
32	85	-4.69002
33	84	-4.69002
58	97	4.68838
59	96	4.68838
55	58	4.68831
54	59	4.68831
13	18	4.6872
12	19	4.6872
55	82	4.68585
54	83	4.68585
50	59	4.68546
51	58	4.68546
21	80	-4.68532
20	81	-4.68532
60	99	-4.68288
61	98	-4.68288
55	88	-4.68179
54	89	-4.68179
90	93	4.68087
91	92	4.68087
9	96	4.68086
8	97	4.68086
21	42	-4.67808
20	43	-4.67808
20	67	-4.67558
21	66	-4.67558
10	87	4.67543
11	86	4.67543
4	39	4.67525
5	38	4.67525
9	30	-4.6739
8	31	-4.6739
2	7	-4.67324
3	6	-4.67324
48	69	-4.67221
49	68	-4.67221
26	35	-4.67217
27	34	-4.67217
57	74	-4.67097
56	75	-4.67097
49	98	4.67086
48	99	4.67086
68	95	-4.66866
69	94	-4.66866
22	51	4.66837
23	50	4.66837
42	63	-4.66832
43	62	-4.66832
2	65	-4.66686
3	64	-4.66686
40	49	4.66608
41	48	4.66608
8	39	4.66105
9	38	4.66105
47	68	-4.66023
46	69	-4.66023
6	35	-4.65845
7	34	-4.65845
50	81	4.65731
51	80	4.65731
22	35	4.65553
23	34	4.65553
18	59	-4.65544
19	58	-4.65544
22	39	4.65517
23	38	4.65517
14	89	-4.65507
15	88	-4.65507
7	44	-4.65237
6	45	-4.65237
83	84	-4.65224
82	85	-4.65224
72	79	4.65074
73	78	4.65074
68	73	-4.64963
69	72	-4.64963
62	67	-4.64897
63	66	-4.64897
89	94	-4.64764
88	95	-4.64764
45	56	-4.64483
44	57	-4.64483
0	75	-4.64422
1	74	-4.64422
33	60	-4.64299
32	61	-4.64299
8	91	4.64258
9	90	4.64258
52	65	-4.64146
53	64	-4.64146
38	93	4.64107
39	92	4.64107
30	73	-4.64007
31	72	-4.64007
61	82	-4.64002
60	83	-4.64002
77	94	-4.63931
76	95	-4.63931
11	68	-4.63592
10	69	-4.63592
47	94	4.63592
46	95	4.63592
1	38	-4.63581
0	39	-4.63581
4	91	4.63416
5	90	4.63416
63	80	-4.63206
62	81	-4.63206
30	37	-4.62918
31	36	-4.62918
47	88	-4.62876
46	89	-4.62876
54	87	4.62794
55	86	4.62794
7	38	-4.62794
6	39	-4.62794
39	84	-4.62667
38	85	-4.62667
14	69	-4.62612
15	68	-4.62612
4	31	-4.62586
5	30	-4.62586
45	84	-4.62543
44	85	-4.62543
92	97	4.62543
93	96	4.62543
76	87	-4.62494
77	86	-4.62494
70	99	-4.62435
71	98	-4.62435
0	37	-4.62253
1	36	-4.62253
40	85	-4.62146
41	84	-4.62146
57	82	-4.6214
56	83	-4.6214
5	34	4.62127
4	35	4.62127
13	34	-4.6203
12	35	-4.6203
18	57	4.61992
19	56	4.61992
49	88	-4.61856
48	89	-4.61856
69	86	-4.61785
68	87	-4.61785
29	68	-4.6165
28	69	-4.6165
20	51	-4.6134
21	50	-4.6134
6	75	-4.61298
7	74	-4.61298
1	44	-4.61265
0	45	-4.61265
33	76	-4.6126
32	77	-4.6126
8	35	4.61245
9	34	4.61245
38	57	-4.61095
39	56	-4.61095
45	80	4.61026
44	81	4.61026
71	82	-4.61002
70	83	-4.61002
35	92	4.60693
34	93	4.60693
69	98	-4.60627
68	99	-4.60627
57	96	-4.6043
56	97	-4.6043
17	32	4.60422
16	33	4.60422
28	79	4.60306
29	78	4.60306
53	80	4.60282
52	81	4.60282
35	64	-4.60201
34	65	-4.60201
67	80	4.60174
66	81	4.60174
72	89	-4.60167
73	88	-4.60167
29	30	-4.60109
28	31	-4.60109
59	74	4.59832
58	75	4.59832
57	98	-4.59819
56	99	-4.59819
89	98	-4.59705
88	99	-4.59705
5	44	4.59503
4	45	4.59503
50	63	-4.59295
51	62	-4.59295
86	89	-4.59241
87	88	-4.59241
14	49	4.59054
15	48	4.59054
35	56	-4.59025
34	57	-4.59025
76	83	-4.58943
77	82	-4.58943
27	38	-4.58923
26	39	-4.58923
39	80	4.58842
38	81	4.58842
41	88	-4.5882
40	89	-4.5882
53	88	-4.58778
52	89	-4.58778
39	62	-4.58727
38	63	-4.58727
51	56	-4.58414
50	57	-4.58414
10	89	-4.5837
11	88	-4.5837
24	57	-4.58352
25	56	-4.58352
53	68	-4.58322
52	69	-4.58322
21	96	-4.58265
20	97	-4.58265
82	89	-4.58044
83	88	-4.58044
9	44	4.58005
8	45	4.58005
25	36	4.57708
24	37	4.57708
21	38	-4.57581
20	39	-4.57581
14	55	4.57343
15	54	4.57343
2	23	4.57315
3	22	4.57315
26	45	-4.57312
27	44	-4.57312
44	65	-4.57165
45	64	-4.57165
46	87	4.5704
47	86	4.5704
23	96	4.56953
22	97	4.56953
23	44	4.56904
22	45	4.56904
35	62	-4.56824
34	63	-4.56824
28	89	-4.56819
29	88	-4.56819
13	82	-4.56762
12	83	-4.56762
39	58	4.56749
38	59	4.56749
41	68	-4.56741
40	69	-4.56741
0	35	-4.5655
1	34	-4.5655
33	70	-4.56377
32	71	-4.56377
37	52	4.56306
36	53	4.56306
36	41	4.56253
37	40	4.56253
10	99	4.56233
11	98	4.56233
68	79	-4.56117
69	78	-4.56117
44	63	-4.56095
45	62	-4.56095
44	93	4.55814
45	92	4.55814
4	75	4.55794
5	74	4.55794
55	98	4.55691
54	99	4.55691
27	82	-4.55547
26	83	-4.55547
62	97	-4.55205
63	96	-4.55205
10	83	4.55191
11	82	4.55191
42	51	4.55119
43	50	4.55119
21	44	-4.55044
20	45	-4.55044
53	84	-4.55037
52	85	-4.55037
31	64	4.55033
30	65	4.55033
37	58	4.55013
36	59	4.55013
25	48	4.54925
24	49	4.54925
0	19	4.54902
1	18	4.54902
38	65	-4.549
39	64	-4.549
45	58	4.54646
44	59	4.54646
21	74	-4.54584
20	75	-4.54584
6	63	4.54477
7	62	4.54477
6	21	4.54222
7	20	4.54222
15	56	-4.53976
14	57	-4.53976
25	30	-4.53898
24	31	-4.53898
20	35	-4.53741
21	34	-4.53741
8	75	4.53681
9	74	4.53681
12	33	-4.53655
13	32	-4.53655
69	82	-4.53628
68	83	-4.53628
61	86	-4.53561
60	87	-4.53561
61	94	-4.5353
60	95	-4.5353
62	75	-4.53428
63	74	-4.53428
7	50	-4.53312
6	51	-4.53312
16	21	-4.532
17	20	-4.532
13	38	-4.52945
12	39	-4.52945
25	76	-4.52925
24	77	-4.52925
43	90	4.5291
42	91	4.5291
74	85	-4.52716
75	84	-4.52716
0	5	-4.52705
1	4	-4.52705
13	88	4.52531
12	89	4.52531
64	91	-4.52323
65	90	-4.52323
5	58	4.52215
4	59	4.52215
7	96	-4.52159
6	97	-4.52159
12	69	4.52095
13	68	4.52095
3	56	-4.52019
2	57	-4.52019
26	33	-4.51995
27	32	-4.51995
13	44	-4.51925
12	45	-4.51925
41	80	4.51727
40	81	4.51727
79	88	-4.51709
78	89	-4.51709
35	80	4.5167
34	81	4.5167
17	62	-4.51664
16	63	-4.51664
18	27	4.51622
19	26	4.51622
27	40	-4.51489
26	41	-4.51489
6	91	-4.51427
7	90	-4.51427
65	74	-4.51126
64	75	-4.51126
40	61	-4.50932
41	60	-4.50932
0	9	-4.50903
1	8	-4.50903
26	55	-4.50543
27	54	-4.50543
13	40	-4.50401
12	41	-4.50401
63	90	-4.50363
62	91	-4.50363
32	59	4.50258
33	58	4.50258
25	60	-4.50168
24	61	-4.50168
8	59	4.49911
9	58	4.49911
74	93	4.49866
75	92	4.49866
66	69	-4.49775
67	68	-4.49775
11	14	4.49742
10	15	4.49742
56	67	-4.49508
57	66	-4.49508
39	68	-4.49458
38	69	-4.49458
71	86	-4.49327
70	87	-4.49327
51	84	-4.49321
50	85	-4.49321
35	88	-4.4928
34	89	-4.4928
71	94	-4.49132
70	95	-4.49132
46	99	4.48803
47	98	4.48803
14	65	-4.48796
15	64	-4.48796
45	68	-4.48753
44	69	-4.48753
78	81	4.48684
79	80	4.48684
35	68	-4.48675
34	69	-4.48675
39	88	-4.4863
38	89	-4.4863
2	93	4.4859
3	92	4.4859
34	59	4.48458
35	58	4.48458
0	33	-4.48438
1	32	-4.48438
2	5	4.48405
3	4	4.48405
16	67	4.48388
17	66	4.48388
44	89	-4.47999
45	88	-4.47999
3	8	4.47971
2	9	4.47971
38	43	4.47851
39	42	4.47851
57	86	-4.47839
56	87	-4.47839
21	56	4.47738
20	57	4.47738
43	96	4.47708
42	97	4.47708
15	46	4.4769
14	47	4.4769
22	75	4.47537
23	74	4.47537
52	63	-4.47293
53	62	-4.47293
2	63	-4.47291
3	62	-4.47291
31	32	-4.47287
30	33	-4.47287
51	68	-4.47233
50	69	-4.47233
31	56	4.47218
30	57	4.47218
25	70	-4.47178
24	71	-4.47178
40	71	-4.47041
41	70	-4.47041
78	95	4.46945
79	94	4.46945
48	83	4.46803
49	82	4.46803
68	75	-4.46768
69	74	-4.46768
63	64	4.46723
62	65	4.46723
7	30	4.467
6	31	4.467
1	92	-4.46674
0	93	-4.46674
27	46	-4.46652
26	47	-4.46652
67	88	-4.46178
66	89	-4.46178
20	73	-4.46144
21	72	-4.46144
21	64	4.45902
20	65	4.45902
25	80	4.45806
24	81	4.45806
26	75	-4.45701
27	74	-4.45701
57	62	4.45687
56	63	4.45687
21	52	-4.45446
20	53	-4.45446
7	14	-4.45445
6	15	-4.45445
7	66	-4.45435
6	67	-4.45435
66	85	-4.45329
67	84	-4.45329
88	91	-4.45315
89	90	-4.45315
26	51	-4.45166
27	50	-4.45166
19	98	-4.45139
18	99	-4.45139
40	77	-4.45067
41	76	-4.45067
11	24	4.45046
10	25	4.45046
40	63	-4.44949
41	62	-4.44949
26	37	-4.44942
27	36	-4.44942
28	77	-4.44722
29	76	-4.44722
84	97	-4.44701
85	96	-4.44701
74	89	-4.44616
75	88	-4.44616
34	43	4.44582
35	42	4.44582
2	89	-4.44518
3	88	-4.44518
59	92	4.44381
58	93	4.44381
50	89	-4.44262
51	88	-4.44262
68	97	-4.44201
69	96	-4.44201
19	80	-4.4403
18	81	-4.4403
26	53	-4.44029
27	52	-4.44029
72	77	-4.44021
73	76	-4.44021
56	95	-4.43956
57	94	-4.43956
27	66	-4.4376
26	67	-4.4376
62	73	-4.43757
63	72	-4.43757
31	88	4.43702
30	89	4.43702
17	76	-4.43393
16	77	-4.43393
7	98	-4.43271
6	99	-4.43271
50	65	-4.4321
51	64	-4.4321
65	98	-4.4314
64	99	-4.4314
20	29	-4.42923
21	28	-4.42923
21	90	-4.42859
20	91	-4.42859
0	53	-4.42613
1	52	-4.42613
69	84	4.42022
68	85	4.42022
52	61	-4.4197
53	60	-4.4197
79	86	4.41969
78	87	4.41969
13	52	-4.4182
12	53	-4.4182
37	82	4.4163
36	83	4.4163
84	89	4.41581
85	88	4.41581
3	68	-4.41497
2	69	-4.41497
2	21	-4.41477
3	20	-4.41477
54	85	-4.41457
55	84	-4.41457
69	90	-4.41449
68	91	-4.41449
64	97	-4.41344
65	96	-4.41344
20	41	-4.4134
21	40	-4.4134
5	18	-4.41333
4	19	-4.41333
25	68	-4.41234
24	69	-4.41234
19	28	-4.40961
18	29	-4.40961
18	73	-4.40911
19	72	-4.40911
89	96	-4.40756
88	97	-4.40756
43	44	4.40577
42	45	4.40577
29	62	-4.40458
28	63	-4.40458
13	74	-4.40334
12	75	-4.40334
66	73	4.40199
67	72	4.40199
47	84	-4.40104
46	85	-4.40104
13	54	-4.40088
12	55	-4.40088
19	94	-4.40032
18	95	-4.40032
27	78	-4.40024
26	79	-4.40024
0	3	-4.39981
1	2	-4.39981
7	24	-4.39863
6	25	-4.39863
25	64	-4.39623
24	65	-4.39623
33	52	4.39503
32	53	4.39503
2	61	-4.39479
3	60	-4.39479
1	22	-4.39336
0	23	-4.39336
28	61	-4.39266
29	60	-4.39266
16	19	-4.39227
17	18	-4.39227
27	96	-4.39172
26	97	-4.39172
0	71	4.38968
1	70	4.38968
59	70	-4.389
58	71	-4.389
3	70	-4.38741
2	71	-4.38741
31	68	4.38579
30	69	4.38579
29	70	-4.38578
28	71	-4.38578
9	18	-4.38547
8	19	-4.38547
63	82	-4.38513
62	83	-4.38513
13	50	-4.38489
12	51	-4.38489
1	42	-4.38314
0	43	-4.38314
24	89	-4.38307
25	88	-4.38307
1	60	4.38071
0	61	4.38071
19	86	-4.37911
18	87	-4.37911
63	94	-4.37908
62	95	-4.37908
78	85	-4.37903
79	84	-4.37903
60	73	-4.37813
61	72	-4.37813
20	95	-4.37705
21	94	-4.37705
52	71	-4.37671
53	70	-4.37671
59	60	-4.37468
58	61	-4.37468
81	98	4.3743
80	99	4.3743
2	81	4.37364
3	80	4.37364
24	55	4.37224
25	54	4.37224
1	90	-4.37071
0	91	-4.37071
43	58	4.37022
42	59	4.37022
53	58	4.3702
52	59	4.3702
70	73	-4.36989
71	72	-4.36989
19	42	-4.36877
18	43	-4.36877
12	47	-4.36809
13	46	-4.36809
53	76	-4.36663
52	77	-4.36663
47	80	4.36518
46	81	4.36518
32	43	4.36447
33	42	4.36447
28	67	4.36351
29	66	4.36351
1	40	-4.36211
0	41	-4.36211
12	67	-4.36169
13	66	-4.36169
80	83	4.35989
81	82	4.35989
43	74	4.35972
42	75	4.35972
64	67	-4.35921
65	66	-4.35921
19	20	4.3587
18	21	4.3587
57	78	-4.35203
56	79	-4.35203
17	60	-4.34992
16	61	-4.34992
10	81	4.349
11	80	4.349
23	58	4.34898
22	59	4.34898
3	42	4.34732
2	43	4.34732
16	91	4.34615
17	90	4.34615
31	48	-4.34553
30	49	-4.34553
56	91	-4.34329
57	90	-4.34329
33	74	4.34271
32	75	4.34271
13	36	-4.33792
12	37	-4.33792
30	81	-4.33766
31	80	-4.33766
24	47	4.33764
25	46	4.33764
20	87	-4.33753
21	86	-4.33753
62	87	-4.33432
63	86	-4.33432
10	27	-4.33419
11	26	-4.33419
16	71	-4.33409
17	70	-4.33409
79	98	4.33246
78	99	4.33246
18	93	-4.33099
19	92	-4.33099
12	97	-4.33047
13	96	-4.33047
16	51	4.33043
17	50	4.33043
33	96	4.32964
32	97	4.32964
31	54	-4.32944
30	55	-4.32944
7	78	-4.32937
6	79	-4.32937
20	83	-4.32862
21	82	-4.32862
42	77	-4.32736
43	76	-4.32736
19	48	-4.32532
18	49	-4.32532
65	86	-4.32079
64	87	-4.32079
6	87	-4.31902
7	86	-4.31902
13	78	-4.31584
12	79	-4.31584
26	49	-4.31124
27	48	-4.31124
2	59	4.31094
3	58	4.31094
59	76	-4.30929
58	77	-4.30929
11	18	-4.30807
10	19	-4.30807
33	40	4.30772
32	41	4.30772
37	84	-4.30495
36	85	-4.30495
81	86	4.3046
80	87	4.3046
14	79	4.30168
15	78	4.30168
10	31	-4.30146
11	30	-4.30146
72	91	4.301
73	90	4.301
54	81	4.2996
55	80	4.2996
14	63	-4.29783
15	62	-4.29783
64	95	-4.29744
65	94	-4.29744
40	59	4.29705
41	58	4.29705
22	77	-4.29623
23	76	-4.29623
62	99	-4.29557
63	98	-4.29557
3	76	-4.29544
2	77	-4.29544
6	95	-4.29342
7	94	-4.29342
0	77	4.29328
1	76	4.29328
19	22	-4.29288
18	23	-4.29288
18	25	-4.29173
19	24	-4.29173
34	61	-4.29098
35	60	-4.29098
48	81	4.29028
49	80	4.29028
6	47	-4.28943
7	46	-4.28943
28	91	4.28716
29	90	4.28716
20	99	-4.28633
21	98	-4.28633
11	84	-4.28361
10	85	-4.28361
15	80	4.28175
14	81	4.28175
58	91	4.27785
59	90	4.27785
16	97	4.27639
17	96	4.27639
34	71	-4.27395
35	70	-4.27395
46	57	-4.27137
47	56	-4.27137
32	51	4.27104
33	50	4.27104
6	55	-4.27034
7	54	-4.27034
31	46	-4.26708
30	47	-4.26708
17	38	4.26689
16	39	4.26689
71	90	-4.26637
70	91	-4.26637
45	60	-4.26342
44	61	-4.26342
50	73	4.26245
51	72	4.26245
18	63	4.26181
19	62	4.26181
15	20	-4.26153
14	21	-4.26153
60	91	-4.26104
61	90	-4.26104
80	95	4.2607
81	94	4.2607
66	95	4.26044
67	94	4.26044
28	57	-4.26001
29	56	-4.26001
81	90	4.25374
80	91	4.25374
77	92	-4.25212
76	93	-4.25212
32	45	4.25163
33	44	4.25163
10	13	-4.25058
11	12	-4.25058
64	79	-4.24994
65	78	-4.24994
49	84	-4.24958
48	85	-4.24958
0	17	-4.24557
1	16	-4.24557
16	59	4.24381
17	58	4.24381
16	35	4.24217
17	34	4.24217
45	70	-4.24114
44	71	-4.24114
24	79	4.24075
25	78	4.24075
33	92	4.23968
32	93	4.23968
56	73	-4.23928
57	72	-4.23928
39	60	-4.23775
38	61	-4.23775
42	61	-4.23662
43	60	-4.23662
18	83	-4.23597
19	82	-4.23597
0	83	-4.235
1	82	-4.235
9	76	-4.2323
8	77	-4.2323
29	50	4.23156
28	51	4.23156
54	57	-4.23073
55	56	-4.23073
13	48	-4.22888
12	49	-4.22888
5	76	-4.22829
4	77	-4.22829
19	78	-4.22768
18	79	-4.22768
43	70	-4.22663
42	71	-4.22663
12	25	-4.22575
13	24	-4.22575
46	65	-4.22444
47	64	-4.22444
9	32	4.22394
8	33	4.22394
67	86	4.2227
66	87	4.2227
61	74	-4.221
60	75	-4.221
33	38	4.2196
32	39	4.2196
72	97	4.21915
73	96	4.21915
39	70	-4.2187
38	71	-4.2187
55	64	-4.2147
54	65	-4.2147
17	44	4.21321
16	45	4.21321
5	32	4.20998
4	33	4.20998
10	57	-4.20825
11	56	-4.20825
17	56	-4.20821
16	57	-4.20821
25	84	-4.20745
24	85	-4.20745
59	72	4.20672
58	73	4.20672
18	69	4.20613
19	68	4.20613
91	94	4.20585
90	95	4.20585
35	76	-4.20569
34	77	-4.20569
32	67	4.20257
33	66	4.20257
22	33	4.20061
23	32	4.20061
7	10	-4.20024
6	11	-4.20024
0	73	-4.20016
1	72	-4.20016
38	73	4.19991
39	72	4.19991
33	82	4.19791
32	83	4.19791
71	74	-4.1965
70	75	-4.1965
31	78	-4.19531
30	79	-4.19531
28	65	-4.19507
29	64	-4.19507
28	97	4.19226
29	96	4.19226
44	77	-4.18902
45	76	-4.18902
69	80	-4.18885
68	81	-4.18885
2	17	4.18727
3	16	4.18727
21	24	-4.18676
20	25	-4.18676
30	85	4.18584
31	84	4.18584
28	59	4.18549
29	58	4.18549
17	74	4.18527
16	75	4.18527
18	33	-4.18433
19	32	-4.18433
23	60	-4.18353
22	61	-4.18353
14	91	4.18335
15	90	4.18335
25	90	4.18103
24	91	4.18103
87	90	4.18033
86	91	4.18033
35	72	4.1799
34	73	4.1799
25	62	-4.1778
24	63	-4.1778
0	29	-4.17719
1	28	-4.17719
30	59	-4.17559
31	58	-4.17559
32	35	4.1746
33	34	4.1746
65	72	-4.17388
64	73	-4.17388
28	39	4.17258
29	38	4.17258
4	71	-4.17187
5	70	-4.17187
59	82	4.17072
58	83	4.17072
76	91	-4.16904
77	90	-4.16904
19	88	4.16667
18	89	4.16667
80	89	-4.16632
81	88	-4.16632
7	28	-4.16622
6	29	-4.16622
9	70	-4.16503
8	71	-4.16503
61	92	-4.1645
60	93	-4.1645
38	77	-4.16348
39	76	-4.16348
67	98	4.16328
66	99	4.16328
23	70	-4.16268
22	71	-4.16268
5	60	-4.16191
4	61	-4.16191
74	77	-4.16177
75	76	-4.16177
19	66	-4.16171
18	67	-4.16171
22	27	-4.16102
23	26	-4.16102
9	60	-4.16021
8	61	-4.16021
48	57	-4.15792
49	56	-4.15792
20	71	4.15738
21	70	4.15738
71	92	-4.15713
70	93	-4.15713
31	62	4.15712
30	63	4.15712
25	26	-4.15614
24	27	-4.15614
28	35	4.1559
29	34	4.1559
6	49	-4.15582
7	48	-4.15582
3	72	4.15532
2	73	4.15532
45	72	4.15485
44	73	4.15485
31	82	-4.15467
30	83	-4.15467
51	94	4.15435
50	95	4.15435
51	60	-4.15368
50	61	-4.15368
28	81	4.15214
29	80	4.15214
60	97	-4.15156
61	96	-4.15156
15	66	4.14818
14	67	4.14818
5	52	4.14816
4	53	4.14816
6	73	-4.14737
7	72	-4.14737
18	97	-4.14733
19	96	-4.14733
19	46	-4.14636
18	47	-4.14636
6	69	4.14492
7	68	4.14492
2	29	4.1445
3	28	4.1445
20	31	4.14405
21	30	4.14405
10	65	-4.14352
11	64	-4.14352
31	90	-4.14161
30	91	-4.14161
51	70	-4.13904
50	71	-4.13904
8	53	4.13892
9	52	4.13892
21	60	4.138
20	61	4.138
15	84	-4.13785
14	85	-4.13785
15	82	4.13725
14	83	4.13725
70	97	-4.13592
71	96	-4.13592
7	88	4.1359
6	89	4.1359
73	74	4.13554
72	75	4.13554
63	70	4.1346
62	71	4.1346
23	52	4.13403
22	53	4.13403
72	81	4.13395
73	80	4.13395
17	64	-4.13379
16	65	-4.13379
91	98	4.13327
90	99	4.13327
23	40	4.13138
22	41	4.13138
28	45	4.13124
29	44	4.13124
7	36	-4.13058
6	37	-4.13058
4	41	4.12842
5	40	4.12842
2	33	4.12727
3	32	4.12727
53	92	4.12686
52	93	4.12686
51	86	4.12639
50	87	4.12639
84	99	-4.12189
85	98	-4.12189
12	29	-4.12158
13	28	-4.12158
36	81	4.12081
37	80	4.12081
38	95	4.12071
39	94	4.12071
19	50	-4.1207
18	51	-4.1207
60	63	4.12013
61	62	4.12013
8	41	4.11996
9	40	4.11996
0	31	4.1177
1	30	4.1177
95	96	4.11701
94	97	4.11701
7	16	-4.11651
6	17	-4.11651
19	40	-4.11544
18	41	-4.11544
32	91	4.11456
33	90	4.11456
29	74	4.1142
28	75	4.1142
4	27	-4.11399
5	26	-4.11399
40	93	4.11099
41	92	4.11099
64	69	4.11051
65	68	4.11051
1	94	-4.10994
0	95	-4.10994
13	30	4.1098
12	31	4.1098
8	27	-4.10947
9	26	-4.10947
26	93	-4.10894
27	92	-4.10894
49	64	-4.1087
48	65	-4.1087
77	96	-4.10765
76	97	-4.10765
33	78	4.10718
32	79	4.10718
61	66	-4.10692
60	67	-4.10692
35	94	4.10675
34	95	4.10675
20	33	-4.10625
21	32	-4.10625
30	67	-4.10556
31	66	-4.10556
64	89	4.10445
65	88	4.10445
59	94	4.10417
58	95	4.10417
17	80	4.10367
16	81	4.10367
50	77	-4.10222
51	76	-4.10222
18	37	-4.10135
19	36	-4.10135
19	54	-4.10089
18	55	-4.10089
36	65	-4.10089
37	64	-4.10089
24	67	4.10088
25	66	4.10088
66	71	-4.10056
67	70	-4.10056
53	98	4.10035
52	99	4.10035
15	40	4.09956
14	41	4.09956
13	72	-4.09777
12	73	-4.09777
86	97	4.09586
87	96	4.09586
57	68	4.09301
56	69	4.09301
39	86	4.09219
38	87	4.09219
32	63	-4.09217
33	62	-4.09217
14	53	4.09122
15	52	4.09122
43	56	-4.0912
42	57	-4.0912
0	87	-4.0905
1	86	-4.0905
83	98	4.08992
82	99	4.08992
59	86	4.08851
58	87	4.08851
44	95	4.08779
45	94	4.08779
51	98	4.08736
50	99	4.08736
2	19	-4.08555
3	18	-4.08555
13	22	-4.0846
12	23	-4.0846
84	87	-4.08432
85	86	-4.08432
41	98	4.08383
40	99	4.08383
36	57	-4.08221
37	56	-4.08221
15	34	4.08209
14	35	4.08209
19	74	-4.08194
18	75	-4.08194
56	89	4.08037
57	88	4.08037
21	76	4.08028
20	77	4.08028
28	85	-4.08011
29	84	-4.08011
27	28	-4.07939
26	29	-4.07939
34	87	4.07868
35	86	4.07868
4	13	-4.07835
5	12	-4.07835
14	39	4.07697
15	38	4.07697
14	51	4.07561
15	50	4.07561
2	95	4.07185
3	94	4.07185
75	94	4.0713
74	95	4.0713
30	41	-4.06982
31	40	-4.06982
8	13	-4.06918
9	12	-4.06918
18	53	-4.06889
19	52	-4.06889
4	83	4.06852
5	82	4.06852
39	98	4.06838
38	99	4.06838
23	82	4.06719
22	83	4.06719
43	52	4.06603
42	53	4.06603
66	77	-4.06567
67	76	-4.06567
25	52	4.06555
24	53	4.06555
45	86	4.06468
44	87	4.06468
31	96	-4.06458
30	97	-4.06458
12	87	-4.06425
13	86	-4.06425
27	72	-4.06371
26	73	-4.06371
12	99	-4.06333
13	98	-4.06333
70	79	-4.0625
71	78	-4.0625
84	95	-4.06238
85	94	-4.06238
25	82	4.06223
24	83	4.06223
3	14	4.06181
2	15	4.06181
12	15	-4.06173
13	14	-4.06173
97	98	4.06147
96	99	4.06147
27	42	-4.06138
26	43	-4.06138
73	84	-4.06088
72	85	-4.06088
2	25	4.0608
3	24	4.0608
8	83	4.05878
9	82	4.05878
35	98	4.05816
34	99	4.05816
60	79	-4.05793
61	78	-4.05793
63	76	4.05708
62	77	4.05708
30	51	-4.05704
31	50	-4.05704
53	86	4.0569
52	87	4.0569
13	92	-4.05589
12	93	-4.05589
2	87	4.05554
3	86	4.05554
75	86	4.05529
74	87	4.05529
0	99	-4.05525
1	98	-4.05525
19	44	-4.0549
18	45	-4.0549
22	85	-4.05413
23	84	-4.05413
14	45	4.0538
15	44	4.0538
19	38	-4.05317
18	39	-4.05317
11	70	-4.05269
10	71	-4.05269
53	94	4.05268
52	95	4.05268
48	71	-4.05251
49	70	-4.05251
41	42	4.05163
40	43	4.05163
59	98	4.04879
58	99	4.04879
45	98	4.04877
44	99	4.04877
49	76	-4.04819
48	77	-4.04819
24	41	4.04664
25	40	4.04664
82	93	4.04655
83	92	4.04655
23	56	-4.04638
22	57	-4.04638
56	93	-4.04604
57	92	-4.04604
43	64	-4.04555
42	65	-4.04555
30	53	-4.04538
31	52	-4.04538
15	96	4.04522
14	97	4.04522
5	84	-4.04462
4	85	-4.04462
26	31	4.04438
27	30	4.04438
19	34	-4.0441
18	35	-4.0441
24	51	4.04388
25	50	4.04388
13	16	-4.04264
12	17	-4.04264
82	87	4.04245
83	86	4.04245
18	91	-4.04218
19	90	-4.04218
11	76	-4.04123
10	77	-4.04123
74	99	4.04097
75	98	4.04097
10	33	4.04019
11	32	4.04019
10	61	-4.03878
11	60	-4.03878
41	86	4.03861
40	87	4.03861
12	95	-4.03819
13	94	-4.03819
83	94	4.03804
82	95	4.03804
32	47	4.0375
33	46	4.0375
9	84	-4.0374
8	85	-4.0374
48	61	-4.03674
49	60	-4.03674
41	94	4.03653
40	95	4.03653
3	30	-4.03618
2	31	-4.03618
77	78	-4.03607
76	79	-4.03607
6	43	-4.03558
7	42	-4.03558
24	97	4.03509
25	96	4.03509
1	14	-4.03371
0	15	-4.03371
43	80	4.03334
42	81	4.03334
12	43	-4.03316
13	42	-4.03316
17	26	-4.03211
16	27	-4.03211
24	59	4.03084
25	58	4.03084
47	70	-4.03071
46	71	-4.03071
36	77	-4.03053
37	76	-4.03053
3	98	4.02958
2	99	4.02958
85	92	-4.02913
84	93	-4.02913
8	57	-4.02853
9	56	-4.02853
15	58	4.02815
14	59	4.02815
46	61	-4.02803
47	60	-4.02803
14	75	4.02798
15	74	4.02798
5	80	4.02758
4	81	4.02758
22	65	-4.02714
23	64	-4.02714
7	22	-4.02703
6	23	-4.02703
15	26	-4.02601
14	27	-4.02601
8	81	4.02523
9	80	4.02523
32	49	4.0249
33	48	4.0249
26	87	-4.0248
27	86	-4.0248
31	34	-4.02473
30	35	-4.02473
1	24	-4.02458
0	25	-4.02458
76	89	4.02297
77	88	4.02297
31	38	-4.02292
30	39	-4.02292
4	57	-4.02094
5	56	-4.02094
26	99	-4.02093
27	98	-4.02093
16	85	-4.02073
17	84	-4.02073
69	76	4.02046
68	77	4.02046
24	39	4.02043
25	38	4.02043
24	35	4.02032
25	34	4.02032
17	52	4.02027
16	53	4.02027
81	92	4.02011
80	93	4.02011
55	70	-4.01973
54	71	-4.01973
55	60	-4.01906
54	61	-4.01906
28	83	4.01887
29	82	4.01887
31	74	-4.01812
30	75	-4.01812
32	89	-4.01605
33	88	-4.01605
24	75	4.01469
25	74	4.01469
33	54	4.01445
32	55	4.01445
42	83	4.01327
43	82	4.01327
72	83	4.01297
73	82	4.01297
65	92	-4.0129
64	93	-4.0129
4	65	-4.01162
5	64	-4.01162
6	93	-4.01151
7	92	-4.01151
33	36	4.01117
32	37	4.01117
30	45	-4.01079
31	44	-4.01079
68	71	4.01056
69	70	4.01056
8	65	-4.01011
9	64	-4.01011
24	45	4.0094
25	44	4.0094
26	95	-4.00938
27	94	-4.00938
53	72	4.0093
52	73	4.0093
42	85	-4.00783
43	84	-4.00783
17	40	4.00773
16	41	4.00773
47	76	-4.00752
46	77	-4.00752
28	53	4.00739
29	52	4.00739
32	69	-4.00687
33	68	-4.00687
37	60	-4.00606
36	61	-4.00606
61	68	4.00402
60	69	4.00402
23	80	4.0037
22	81	4.0037
70	89	4.0033
71	88	4.0033
37	70	-4.00264
36	71	-4.00264
6	9	-4.00249
7	8	-4.00249
16	83	4.00181
17	82	4.00181
60	89	4.0012
61	88	4.0012
4	7	-4.00093
5	6	-4.00093
54	77	-4.00086
55	76	-4.00086
40	73	4.00057
41	72	4.00057
29	40	4.00017
28	41	4.00017
28	72	2.9985
4	8	2.99837
38	44	2.99747
60	70	2.99712
10	48	2.996
86	94	2.99543
68	88	2.99532
50	96	2.99437
0	58	-2.99218
20	62	2.99209
46	54	2.99148
42	92	2.98857
8	92	2.98847
50	66	2.98836
34	38	2.98819
94	98	2.98783
16	72	2.98751
60	76	2.9875
12	26	2.98687
40	52	2.98662
6	64	2.98492
34	44	2.9846
74	96	2.98442
70	76	2.98328
44	74	2.98309
8	42	2.98308
50	74	2.98299
86	98	2.98191
4	92	2.97839
16	28	2.97772
12	84	2.97762
66	96	2.97623
66	78	2.97584
46	78	2.97571
38	74	2.97484
10	78	2.97469
4	42	2.97395
10	46	2.97343
16	42	2.97321
38	50	2.97186
44	50	2.96825
40	82	2.96543
16	94	2.96447
46	48	2.96248
26	84	2.96136
16	86	2.96048
2	34	2.95835
72	86	2.95816
28	86	2.95536
2	90	2.9534
44	96	2.95161
48	78	2.95152
38	96	2.9501
36	54	2.94985
22	92	2.9491
72	94	2.94761
38	66	2.9462
10	54	2.94591
66	74	2.94415
6	56	2.94245
48	54	2.94049
54	78	2.94008
28	94	2.93987
24	86	2.93698
24	28	2.93682
34	74	2.93682
42	72	2.933
44	66	2.93299
50	78	2.93201
8	16	2.93065
46	66	2.92878
16	92	2.92837
34	50	2.92585
64	84	2.92413
4	16	2.92277
24	72	2.92123
56	80	-2.91673
52	82	2.91481
22	42	2.91457
16	98	2.9131
6	84	2.91296
28	42	2.91281
78	96	2.91039
14	98	2.90872
42	94	2.90844
36	46	2.9075
62	68	2.90667
2	38	2.90517
10	66	2.90386
2	44	2.90191
24	94	2.9007
0	20	2.89815
34	66	2.89594
8	22	2.89424
34	96	2.89329
72	98	2.89294
52	74	2.89169
8	72	2.89099
4	72	2.88873
62	88	2.88796
42	86	2.88719
28	98	2.88604
54	66	2.88603
22	36	2.88512
20	68	2.88333
60	64	2.88303
24	98	2.88244
44	52	2.88199
56	64	2.88013
34	90	2.8789
38	78	2.87476
46	50	2.87243
72	92	2.87227
16	24	2.87175
4	22	2.87003
20	58	-2.8698
8	28	2.86906
64	70	2.86845
4	28	2.86809
36	48	2.86795
14	94	2.86622
40	44	2.8652
48	66	2.86434
0	62	2.86192
20	88	2.85449
74	78	2.85313
10	36	2.85198
40	74	2.85009
44	78	2.84906
38	52	2.84832
92	94	2.84824
34	40	2.84751
28	92	2.84652
38	46	2.84625
12	64	2.84568
42	98	2.84478
34	52	2.84128
2	40	2.83479
18	76	2.83405
38	40	2.83302
10	50	2.83203
36	92	2.83157
46	96	2.83147
4	48	2.83024
14	86	2.8282
16	22	2.82709
50	54	2.82684
8	94	2.82463
34	78	2.82228
18	70	2.82228
14	30	-2.82183
58	62	-2.82159
38	54	2.82128
8	48	2.81851
86	92	2.81739
6	12	2.81654
34	46	2.81641
2	74	2.81634
32	80	2.81522
6	60	2.81303
52	96	2.81198
64	76	2.81122
44	46	2.811
38	90	2.80893
2	82	2.80805
4	94	2.80678
34	54	2.80631
10	96	2.80333
8	86	2.80269
36	78	2.8026
50	52	2.80023
8	36	2.79637
18	60	2.79321
26	64	2.79086
6	70	2.79015
22	94	2.79006
44	90	2.78987
2	52	2.78942
2	50	2.789
14	22	2.78774
4	86	2.7877
48	92	2.78678
48	50	2.78366
46	74	2.78296
4	36	2.78288
44	54	2.78212
4	10	2.78084
6	26	2.78025
92	98	2.77926
6	80	-2.77657
54	96	2.77657
8	10	2.76793
56	84	2.76585
10	38	2.76306
34	82	2.76086
14	16	2.75859
40	96	2.75601
32	56	-2.75587
40	50	2.75544
44	82	2.75304
54	90	2.75249
48	96	2.75151
2	66	2.75123
36	42	2.74758
24	42	2.74733
22	98	2.74709
2	96	2.74319
14	42	2.74318
8	98	2.74275
22	86	2.7406
22	72	2.73996
6	76	2.73868
54	74	2.73638
10	92	2.73503
22	54	2.73114
10	44	2.72794
10	74	2.72639
54	92	2.72462
8	54	2.72066
4	98	2.72046
4	54	2.72016
38	82	2.71986
42	48	2.71618
38	48	2.71486
2	54	2.71482
74	82	2.71433
36	66	2.71354
14	92	2.71258
22	48	2.71131
10	34	2.71091
52	66	2.71071
46	90	2.7106
4	46	2.71026
36	90	2.70944
22	28	2.70749
60	84	2.70553
8	46	2.70511
70	84	2.70407
2	46	2.70189
46	92	2.69467
14	72	2.69254
50	90	2.6839
74	90	2.68171
56	60	2.68123
44	48	2.67667
2	78	2.67568
22	46	2.67521
18	30	2.67408
66	90	2.67255
14	28	2.67247
64	80	-2.67241
48	74	2.67075
30	76	2.67042
8	24	2.66749
40	66	2.66621
34	48	2.66553
10	22	2.66493
4	24	2.6627
10	42	2.65897
34	36	2.65446
40	90	2.65438
24	92	2.65377
36	38	2.65003
12	70	2.64483
56	70	2.64341
4	78	2.64104
58	80	2.6391
0	80	-2.63891
12	56	2.63803
36	50	2.638
14	24	2.63788
8	14	2.63762
82	90	2.63696
78	90	2.63623
12	60	2.63608
42	54	2.63166
8	78	2.62775
56	76	2.6249
90	96	2.62353
26	56	2.6193
0	68	2.61815
24	32	2.61433
80	84	-2.61383
50	82	2.61262
82	96	2.60552
4	14	2.60514
42	46	2.60401
16	36	2.60293
36	44	2.60271
76	84	2.60212
52	90	2.60211
2	36	2.60083
78	92	2.59789
0	26	2.59167
58	68	-2.58426
16	48	2.58393
0	88	2.5806
26	62	2.57972
36	96	2.5771
2	10	2.57109
52	78	2.56847
10	90	2.56749
30	60	2.564
30	98	-2.56087
30	70	2.55324
6	32	-2.55123
0	84	2.55022
22	30	-2.55022
22	78	2.54952
48	90	2.5443
26	70	2.54427
20	26	2.54267
58	88	-2.54258
26	60	2.53821
36	74	2.53747
22	24	2.53318
2	48	2.53279
48	72	2.5317
14	76	-2.53102
12	76	2.52838
40	78	2.52819
66	82	2.52475
10	16	2.52294
36	72	2.51815
26	58	-2.51775
18	64	2.51568
26	80	-2.51313
42	78	2.51212
0	12	2.50874
28	48	2.50458
36	94	2.50165
46	52	2.49613
30	94	-2.49568
4	66	2.49264
12	80	-2.49185
58	84	-2.48877
0	56	2.48848
32	98	2.48654
28	36	2.48545
16	54	2.48045
8	66	2.47954
12	62	2.47746
0	6	2.47561
14	36	2.47524
40	46	2.47336
10	72	2.47151
32	86	2.47106
56	58	-2.46579
32	64	-2.46433
52	54	2.4582
16	46	2.45589
36	86	2.45436
22	88	-2.4537
66	92	2.45277
22	68	-2.45151
62	84	2.44758
30	86	-2.44732
40	54	2.44547
12	20	2.44527
10	28	2.44505
14	60	-2.44389
12	58	-2.44118
6	58	-2.43647
68	92	-2.43579
36	98	2.43474
60	80	-2.43091
26	76	2.42969
36	62	-2.42778
20	84	2.42712
6	18	2.42707
32	94	2.42676
48	94	2.42438
20	48	-2.42286
22	66	2.42108
10	52	2.41884
88	92	-2.41863
0	10	-2.41815
22	90	2.41768
42	68	-2.41669
0	78	-2.41603
54	62	-2.41534
14	70	-2.41427
10	20	-2.41357
8	68	-2.4122
54	72	2.41139
0	48	-2.41057
26	90	-2.41044
20	54	-2.40943
10	58	2.40809
30	42	-2.40802
30	92	-2.40778
20	46	-2.40743
20	36	-2.40702
36	68	-2.40668
36	88	-2.40662
0	64	2.40489
46	62	-2.40395
48	62	-2.40311
4	68	-2.40136
48	58	2.40118
58	78	2.40114
0	46	-2.39908
78	82	2.39845
76	98	-2.39807
70	80	-2.39738
42	88	-2.39727
48	86	2.39548
46	72	2.39386
10	62	-2.39354
2	84	-2.39316
4	50	2.39167
0	66	-2.39115
12	90	-2.38995
2	26	-2.38971
16	30	-2.38862
8	88	-2.38714
76	80	-2.38546
10	40	2.38485
28	54	2.38229
20	78	-2.38129
4	20	-2.38116
8	20	-2.38033
8	50	2.37944
2	12	-2.37722
0	54	-2.3769
20	92	-2.37648
22	62	-2.37548
62	92	-2.37501
28	32	2.37451
16	78	2.37414
18	84	2.37383
14	18	-2.37376
4	88	-2.37374
6	40	-2.37294
58	66	2.37289
46	58	2.37279
52	56	-2.37217
84	90	-2.37114
64	82	-2.3711
8	62	-2.36847
16	68	-2.36784
42	66	2.3674
58	64	-2.36645
28	46	2.36618
6	82	-2.36611
10	94	2.36571
4	62	-2.36557
62	78	-2.36461
0	50	-2.36321
48	52	2.36316
46	82	2.36012
0	96	-2.35858
40	56	-2.35715
6	52	-2.35605
50	92	2.3558
20	22	-2.35511
4	96	2.35436
26	88	2.35429
40	64	-2.35238
32	72	2.35134
54	94	2.351
54	68	-2.35096
26	68	2.35038
80	96	2.34967
34	84	-2.34923
16	88	-2.34709
14	32	2.34607
74	80	2.34565
32	84	-2.34501
58	96	2.34419
54	58	2.34416
12	18	2.3436
54	82	2.34292
50	58	2.34273
20	80	-2.34266
60	98	-2.34144
54	88	-2.34089
90	92	2.34044
8	96	2.34043
20	42	-2.33904
20	66	-2.33779
10	86	2.33772
4	38	2.33763
8	30	-2.33695
2	6	-2.33662
48	68	-2.33611
26	34	-2.33608
56	74	-2.33549
48	98	2.33543
68	94	-2.33433
22	50	2.33419
42	62	-2.33416
2	64	-2.33343
40	48	2.33304
8	38	2.33053
46	68	-2.33011
6	34	-2.32922
50	80	2.32865
22	34	2.32777
18	58	-2.32772
22	38	2.32759
14	88	-2.32754
6	44	-2.32618
82	84	-2.32612
72	78	2.32537
68	72	-2.32482
62	66	-2.32449
88	94	-2.32382
44	56	-2.32241
0	74	-2.32211
32	60	-2.3215
8	90	2.32129
52	64	-2.32073
38	92	2.32053
30	72	-2.32003
60	82	-2.32001
76	94	-2.31965
10	68	-2.31796
46	94	2.31796
0	38	-2.31791
4	90	2.31708
62	80	-2.31603
30	36	-2.31459
46	88	-2.31438
54	86	2.31397
6	38	-2.31397
38	84	-2.31334
14	68	-2.31306
4	30	-2.31293
44	84	-2.31271
92	96	2.31271
76	86	-2.31247
70	98	-2.31217
0	36	-2.31127
40	84	-2.31073
56	82	-2.3107
4	34	2.31064
12	34	-2.31015
18	56	2.30996
48	88	-2.30928
68	86	-2.30893
28	68	-2.30825
20	50	-2.3067
6	74	-2.30649
0	44	-2.30633
32	76	-2.3063
8	34	2.30623
38	56	-2.30548
44	80	2.30513
70	82	-2.30501
34	92	2.30347
68	98	-2.30314
56	96	-2.30215
16	32	2.30211
28	78	2.30153
52	80	2.30141
34	64	-2.301
66	80	2.30087
72	88	-2.30083
28	30	-2.30054
58	74	2.29916
56	98	-2.2991
88	98	-2.29852
4	44	2.29752
50	62	-2.29647
86	88	-2.2962
14	48	2.29527
34	56	-2.29513
76	82	-2.29471
26	38	-2.29462
38	80	2.29421
40	88	-2.2941
52	88	-2.29389
38	62	-2.29363
50	56	-2.29207
10	88	-2.29185
24	56	-2.29176
52	68	-2.29161
20	96	-2.29133
82	88	-2.29022
8	44	2.29002
24	36	2.28854
20	38	-2.28791
14	54	2.28671
2	22	2.28657
26	44	-2.28656
44	64	-2.28582
46	86	2.2852
22	96	2.28476
22	44	2.28452
34	62	-2.28412
28	88	-2.2841
12	82	-2.28381
38	58	2.28375
40	68	-2.28371
0	34	-2.28275
32	70	-2.28189
36	52	2.28153
36	40	2.28126
10	98	2.28116
68	78	-2.28059
44	62	-2.28048
44	92	2.27907
4	74	2.27897
54	98	2.27845
26	82	-2.27773
62	96	-2.27603
10	82	2.27596
42	50	2.2756
20	44	-2.27522
52	84	-2.27518
30	64	2.27517
36	58	2.27507
24	48	2.27463
0	18	2.27451
38	64	-2.2745
44	58	2.27323
20	74	-2.27292
6	62	2.27238
6	20	2.27111
14	56	-2.26988
24	30	-2.26949
20	34	-2.2687
8	74	2.26841
12	32	-2.26827
68	82	-2.26814
60	86	-2.26781
60	94	-2.26765
62	74	-2.26714
6	50	-2.26656
16	20	-2.266
12	38	-2.26473
24	76	-2.26463
42	90	2.26455
74	84	-2.26358
0	4	-2.26353
12	88	2.26265
64	90	-2.26162
4	58	2.26108
6	96	-2.2608
12	68	2.26047
2	56	-2.26009
26	32	-2.25997
12	44	-2.25963
40	80	2.25863
78	88	-2.25854
34	80	2.25835
16	62	-2.25832
18	26	2.25811
26	40	-2.25744
6	90	-2.25714
64	74	-2.25563
40	60	-2.25466
0	8	-2.25452
26	54	-2.25271
12	40	-2.252
62	90	-2.25182
32	58	2.25129
24	60	-2.25084
8	58	2.24956
74	92	2.24933
66	68	-2.24887
10	14	2.24871
56	66	-2.24754
38	68	-2.24729
70	86	-2.24663
50	84	-2.2466
34	88	-2.2464
70	94	-2.24566
46	98	2.24402
14	64	-2.24398
44	68	-2.24377
78	80	2.24342
34	68	-2.24338
38	88	-2.24315
2	92	2.24295
34	58	2.24229
0	32	-2.24219
2	4	2.24202
16	66	2.24194
44	88	-2.23999
2	8	2.23986
38	42	2.23926
56	86	-2.2392
20	56	2.23869
42	96	2.23854
14	46	2.23845
22	74	2.23769
52	62	-2.23647
2	62	-2.23645
30	32	-2.23644
50	68	-2.23617
30	56	2.23609
24	70	-2.23589
40	70	-2.23521
78	94	2.23472
48	82	2.23402
68	74	-2.23384
62	64	2.23361
6	30	2.2335
0	92	-2.23337
26	46	-2.23326
66	88	-2.23089
20	72	-2.23072
20	64	2.22951
24	80	2.22903
26	74	-2.2285
56	62	2.22844
20	52	-2.22723
6	14	-2.22722
6	66	-2.22717
66	84	-2.22664
88	90	-2.22658
26	50	-2.22583
18	98	-2.2257
40	76	-2.22534
10	24	2.22523
40	62	-2.22475
26	36	-2.22471
28	76	-2.22361
84	96	-2.2235
74	88	-2.22308
34	42	2.22291
2	88	-2.22259
58	92	2.22191
50	88	-2.22131
68	96	-2.22101
18	80	-2.22015
26	52	-2.22014
72	76	-2.2201
56	94	-2.21978
26	66	-2.2188
62	72	-2.21879
30	88	2.21851
16	76	-2.21696
6	98	-2.21635
50	64	-2.21605
64	98	-2.2157
20	28	-2.21461
20	90	-2.21429
0	52	-2.21307
68	84	2.21011
52	60	-2.20985
78	86	2.20985
12	52	-2.2091
36	82	2.20815
84	88	2.20791
2	68	-2.20748
2	20	-2.20738
54	84	-2.20728
68	90	-2.20724
64	96	-2.20672
20	40	-2.2067
4	18	-2.20667
24	68	-2.20617
18	28	-2.2048
18	72	-2.20456
88	96	-2.20378
42	44	2.20289
28	62	-2.20229
12	74	-2.20167
66	72	2.20099
46	84	-2.20052
12	54	-2.20044
18	94	-2.20016
26	78	-2.20012
0	2	-2.1999
6	24	-2.19932
24	64	-2.19812
32	52	2.19752
2	60	-2.19739
0	22	-2.19668
28	60	-2.19633
16	18	-2.19613
26	96	-2.19586
0	70	2.19484
58	70	-2.1945
2	70	-2.1937
30	68	2.19289
28	70	-2.19289
8	18	-2.19274
62	82	-2.19257
12	50	-2.19245
0	42	-2.19157
24	88	-2.19154
0	60	2.19035
18	86	-2.18956
62	94	-2.18954
78	84	-2.18952
60	72	-2.18906
20	94	-2.18853
52	70	-2.18835
58	60	-2.18734
80	98	2.18715
2	80	2.18682
24	54	2.18612
0	90	-2.18535
42	58	2.18511
52	58	2.1851
70	72	-2.18494
18	42	-2.18439
12	46	-2.18405
52	76	-2.18331
46	80	2.18259
32	42	2.18224
28	66	2.18176
0	40	-2.18106
12	66	-2.18084
80	82	2.17995
42	74	2.17986
64	66	-2.1796
18	20	2.17935
56	78	-2.17601
16	60	-2.17496
10	80	2.1745
22	58	2.17449
2	42	2.17366
16	90	2.17307
30	48	-2.17276
56	90	-2.17164
32	74	2.17135
12	36	-2.16896
30	80	-2.16883
24	46	2.16882
20	86	-2.16876
62	86	-2.16716
10	26	-2.16709
16	70	-2.16704
78	98	2.16623
18	92	-2.1655
12	96	-2.16524
16	50	2.16522
32	96	2.16482
30	54	-2.16472
6	78	-2.16468
20	82	-2.16431
42	76	-2.16368
18	48	-2.16266
64	86	-2.16039
6	86	-2.15951
12	78	-2.15792
26	48	-2.15562
2	58	2.15547
58	76	-2.15465
10	18	-2.15403
32	40	2.15386
36	84	-2.15247
80	86	2.1523
14	78	2.15084
10	30	-2.15073
72	90	2.1505
54	80	2.1498
14	62	-2.14891
64	94	-2.14872
40	58	2.14853
22	76	-2.14811
62	98	-2.14779
2	76	-2.14772
6	94	-2.14671
0	76	2.14664
18	22	-2.14644
18	24	-2.14586
34	60	-2.14549
48	80	2.14514
6	46	-2.14471
28	90	2.14358
20	98	-2.14317
10	84	-2.14181
14	80	2.14088
58	90	2.13892
16	96	2.1382
34	70	-2.13697
46	56	-2.13568
32	50	2.13552
6	54	-2.13517
30	46	-2.13354
16	38	2.13344
70	90	-2.13318
44	60	-2.13171
50	72	2.13123
18	62	2.1309
14	20	-2.13076
60	90	-2.13052
80	94	2.13035
66	94	2.13022
28	56	-2.13001
80	90	2.12687
76	92	-2.12606
32	44	2.12581
10	12	-2.12529
64	78	-2.12497
48	84	-2.12479
0	16	-2.12278
16	58	2.12191
16	34	2.12108
44	70	-2.12057
24	78	2.12037
32	92	2.11984
56	72	-2.11964
38	60	-2.11887
42	60	-2.11831
18	82	-2.11799
0	82	-2.1175
8	76	-2.11615
28	50	2.11578
54	56	-2.11537
12	48	-2.11444
4	76	-2.11414
18	78	-2.11384
42	70	-2.11332
12	24	-2.11287
46	64	-2.11222
8	32	2.11197
66	86	2.11135
60	74	-2.1105
32	38	2.1098
72	96	2.10957
38	70	-2.10935
54	64	-2.10735
16	44	2.1066
4	32	2.10499
10	56	-2.10412
16	56	-2.1041
24	84	-2.10372
58	72	2.10336
18	68	2.10306
90	94	2.10292
34	76	-2.10285
32	66	2.10129
22	32	2.10031
6	10	-2.10012
0	72	-2.10008
38	72	2.09996
32	82	2.09895
70	74	-2.09825
30	78	-2.09765
28	64	-2.09754
28	96	2.09613
44	76	-2.09451
68	80	-2.09443
2	16	2.09364
20	24	-2.09338
30	84	2.09292
28	58	2.09275
16	74	2.09263
18	32	-2.09217
22	60	-2.09176
14	90	2.09167
24	90	2.09052
86	90	2.09017
34	72	2.08995
24	62	-2.0889
0	28	-2.08859
30	58	-2.0878
32	34	2.0873
64	72	-2.08694
28	38	2.08629
4	70	-2.08593
58	82	2.08536
76	90	-2.08452
18	88	2.08333
80	88	-2.08316
6	28	-2.08311
8	70	-2.08251
60	92	-2.08225
38	76	-2.08174
66	98	2.08164
22	70	-2.08134
4	60	-2.08096
74	76	-2.08088
18	66	-2.08085
22	26	-2.08051
8	60	-2.0801
48	56	-2.07896
20	70	2.07869
70	92	-2.07857
30	62	2.07856
24	26	-2.07807
28	34	2.07795
6	48	-2.07791
2	72	2.07766
44	72	2.07742
30	82	-2.07734
50	94	2.07717
50	60	-2.07684
28	80	2.07607
60	96	-2.07578
14	66	2.07409
4	52	2.07408
6	72	-2.07368
18	96	-2.07366
18	46	-2.07318
6	68	2.07246
2	28	2.07225
20	30	2.07202
10	64	-2.07176
30	90	-2.0708
50	70	-2.06952
8	52	2.06946
20	60	2.069
14	84	-2.06892
14	82	2.06862
70	96	-2.06796
6	88	2.06795
72	74	2.06777
62	70	2.0673
22	52	2.06702
72	80	2.06698
16	64	-2.06689
90	98	2.06663
22	40	2.06569
28	44	2.06562
6	36	-2.06529
4	40	2.06421
2	32	2.06364
52	92	2.06343
50	86	2.06319
84	98	-2.06094
12	28	-2.06079
36	80	2.06041
38	94	2.06036
18	50	-2.06035
60	62	2.06006
8	40	2.05998
0	30	2.05885
94	96	2.05851
6	16	-2.05826
18	40	-2.05772
32	90	2.05728
28	74	2.0571
4	26	-2.057
40	92	2.0555
64	68	2.05526
0	94	-2.05497
12	30	2.0549
8	26	-2.05474
26	92	-2.05447
48	64	-2.05435
76	96	-2.05382
32	78	2.05359
60	66	-2.05346
34	94	2.05337
20	32	-2.05313
30	66	-2.05278
64	88	2.05222
58	94	2.05209
16	80	2.05183
50	76	-2.05111
18	36	-2.05067
18	54	-2.05045
36	64	-2.05045
24	66	2.05044
66	70	-2.05028
52	98	2.05017
14	40	2.04978
12	72	-2.04888
86	96	2.04793
56	68	2.0465
38	86	2.04609
32	62	-2.04609
14	52	2.04561
42	56	-2.0456
0	86	-2.04525
82	98	2.04496
58	86	2.04425
44	94	2.0439
50	98	2.04368
2	18	-2.04278
12	22	-2.0423
84	86	-2.04216
40	98	2.04191
36	56	-2.0411
14	34	2.04105
18	74	-2.04097
56	88	2.04019
20	76	2.04014
28	84	-2.04005
26	28	-2.0397
34	86	2.03934
4	12	-2.03917
14	38	2.03849
14	50	2.03781
2	94	2.03592
74	94	2.03565
30	40	-2.03491
8	12	-2.03459
18	52	-2.03444
4	82	2.03426
38	98	2.03419
22	82	2.03359
42	52	2.03301
66	76	-2.03283
24	52	2.03278
44	86	2.03234
30	96	-2.03229
12	86	-2.03213
26	72	-2.03185
12	98	-2.03166
70	78	-2.03125
84	94	-2.03119
24	82	2.03111
2	14	2.0309
12	14	-2.03087
96	98	2.03073
26	42	-2.03069
72	84	-2.03044
2	24	2.0304
8	82	2.02939
34	98	2.02908
60	78	-2.02896
62	76	2.02854
30	50	-2.02852
52	86	2.02845
12	92	-2.02794
2	86	2.02777
74	86	2.02764
0	98	-2.02763
18	44	-2.02745
22	84	-2.02707
14	44	2.0269
18	38	-2.02659
10	70	-2.02634
52	94	2.02634
48	70	-2.02626
40	42	2.02582
58	98	2.0244
44	98	2.02438
48	76	-2.0241
24	40	2.02332
82	92	2.02327
22	56	-2.02319
56	92	-2.02302
42	64	-2.02278
30	52	-2.02269
14	96	2.02261
4	84	-2.02231
26	30	2.02219
18	34	-2.02205
24	50	2.02194
12	16	-2.02132
82	86	2.02123
18	90	-2.02109
10	76	-2.02061
74	98	2.02048
10	32	2.0201
10	60	-2.01939
40	86	2.01931
12	94	-2.0191
82	94	2.01902
32	46	2.01875
8	84	-2.0187
48	60	-2.01837
40	94	2.01827
2	30	-2.01809
76	78	-2.01803
6	42	-2.01779
24	96	2.01755
0	14	-2.01685
42	80	2.01667
12	42	-2.01658
16	26	-2.01605
24	58	2.01542
46	70	-2.01536
36	76	-2.01526
2	98	2.01479
84	92	-2.01457
8	56	-2.01426
14	58	2.01407
46	60	-2.01401
14	74	2.01399
4	80	2.01379
22	64	-2.01357
6	22	-2.01351
14	26	-2.013
8	80	2.01262
32	48	2.01245
26	86	-2.0124
30	34	-2.01236
0	24	-2.01229
76	88	2.01149
30	38	-2.01146
4	56	-2.01047
26	98	-2.01046
16	84	-2.01036
68	76	2.01023
24	38	2.01022
24	34	2.01016
16	52	2.01014
80	92	2.01005
54	70	-2.00987
54	60	-2.00953
28	82	2.00943
30	74	-2.00906
32	88	-2.00802
24	74	2.00734
32	54	2.00723
42	82	2.00663
72	82	2.00648
64	92	-2.00645
4	64	-2.00581
6	92	-2.00576
32	36	2.00559
30	44	-2.0054
68	70	2.00528
8	64	-2.00506
24	44	2.0047
26	94	-2.00469
52	72	2.00465
42	84	-2.00391
16	40	2.00386
46	76	-2.00376
28	52	2.00369
32	68	-2.00343
36	60	-2.00303
60	68	2.00201
22	80	2.00185
70	88	2.00165
36	70	-2.00132
6	8	-2.00124
16	82	2.0009
60	88	2.0006
4	6	-2.00047
54	76	-2.00043
40	72	2.00029
28	40	2.00009
