1	15	11.9887
35	75	11.9862
1	85	11.9848
3	33	11.9828
5	23	-11.9826
41	87	11.9804
49	69	11.9786
73	79	11.9741
81	95	11.9719
79	89	11.9693
39	63	-11.9655
31	55	11.9552
15	85	11.95
39	67	11.9465
19	33	11.9372
9	95	11.9351
91	97	11.9276
63	97	-11.9211
53	95	11.9152
73	89	11.9065
5	31	11.8863
9	53	11.8754
3	19	11.8698
9	81	11.8679
23	65	-11.8675
7	69	11.8651
29	47	11.8562
7	77	11.8441
15	91	11.8419
63	67	-11.84
85	91	11.8326
1	91	11.8304
21	59	11.8237
5	55	11.8204
39	97	11.8188
3	93	11.8136
7	49	11.8108
23	31	-11.8076
47	79	11.8075
53	81	11.7974
51	83	11.7762
63	91	-11.7656
61	87	11.7603
5	65	11.7601
27	41	11.7568
47	89	11.7522
49	77	11.7519
45	73	11.751
49	89	11.7493
55	99	11.7421
25	83	11.7371
9	59	11.7127
27	87	11.7037
69	77	11.7024
23	55	-11.6997
47	73	11.6994
9	13	11.6994
13	59	11.6991
61	71	11.6987
65	67	11.6974
15	83	11.6963
33	93	11.6903
39	91	11.6869
59	81	11.6763
67	97	11.673
57	71	11.6717
57	93	11.6603
15	97	11.6524
13	17	11.6314
1	83	11.6275
67	91	11.6224
41	61	11.619
29	37	11.6174
59	95	11.6053
25	71	11.5995
1	97	11.599
45	79	11.5965
69	89	11.5919
31	99	11.5887
49	79	11.5843
85	97	11.5718
21	81	11.5709
7	43	11.5669
19	27	11.5668
45	99	-11.5385
77	89	11.5326
37	99	-11.5281
57	61	11.5241
49	73	11.5103
37	47	11.5033
83	85	11.4874
37	45	11.4787
51	61	11.4619
29	53	11.4509
39	65	11.4403
19	93	11.4132
69	79	11.3996
13	95	11.3989
31	65	11.398
11	41	11.394
45	89	11.3861
21	95	11.3852
17	75	11.3838
29	79	11.3832
27	61	11.3831
27	33	11.3761
51	71	11.3672
29	95	11.3623
25	51	11.3483
3	27	11.3467
9	21	11.3449
23	67	-11.3349
17	59	11.3323
69	73	11.331
21	35	11.3205
29	81	11.3173
13	81	11.3147
15	25	11.3084
15	63	-11.3
13	53	11.2984
77	79	11.294
71	83	11.2911
45	47	11.2895
53	59	11.2817
7	89	11.2775
29	89	11.2751
51	87	11.2735
37	73	11.2643
63	85	-11.2543
29	73	11.254
1	63	-11.2524
59	75	11.2523
21	75	11.2515
11	87	11.2419
35	59	11.2408
17	35	11.232
37	79	11.2279
55	65	11.2134
83	91	11.2131
43	69	11.2102
3	57	11.1994
5	99	11.1834
5	67	11.1823
37	55	-11.1781
63	65	-11.1723
39	85	11.1608
1	25	11.1585
67	85	11.1558
15	39	11.1436
15	51	11.1327
13	21	11.129
1	39	11.1219
47	49	11.11
47	77	11.1007
41	51	11.097
73	77	11.0966
1	51	11.0853
1	67	11.0722
23	39	-11.0684
15	67	11.0557
43	77	11.0491
71	87	11.0336
83	97	11.0295
37	81	11.0184
9	29	11.0178
61	93	11.0099
7	79	11.004
43	49	11.0035
33	57	10.9956
25	97	10.9884
23	99	-10.9734
37	89	10.9685
25	91	10.9624
27	93	10.9603
25	85	10.9598
61	83	10.9517
29	45	10.9433
51	85	10.9355
21	53	10.9291
5	39	10.9262
25	61	10.9246
47	53	10.9145
37	95	10.8956
65	91	10.8888
65	97	10.8755
9	17	10.8687
11	27	10.8658
47	69	10.8604
7	73	10.8602
3	61	10.8593
57	87	10.8593
13	75	10.8389
31	37	-10.8379
73	99	-10.8372
19	41	10.8339
71	93	10.8333
27	57	10.8084
41	71	10.8004
17	21	10.8001
45	49	10.7958
19	87	10.7931
25	57	10.7653
23	63	10.7539
47	95	10.7486
13	35	10.7368
45	55	-10.7367
37	53	10.7324
33	61	10.725
19	57	10.7197
3	87	10.7027
47	81	10.6849
19	61	10.6775
41	57	10.669
3	41	10.6673
33	87	10.6588
33	41	10.6503
79	99	-10.6479
5	63	-10.6048
47	99	-10.6047
31	67	10.5978
45	69	10.5954
5	37	-10.5741
7	47	10.5639
51	57	10.5564
29	99	-10.5555
29	77	10.5482
87	93	10.5449
25	63	-10.5417
63	83	-10.5221
27	71	10.5004
17	95	10.4936
83	87	10.4909
17	81	10.4864
55	67	10.4659
31	45	-10.4634
9	37	10.4512
65	85	10.4502
11	61	10.449
29	49	10.4467
41	93	10.4289
51	91	10.4285
11	51	10.4268
21	37	10.4197
15	71	10.4067
35	63	10.3875
9	47	10.371
21	39	-10.368
27	51	10.3442
23	97	-10.3427
23	37	10.3385
3	71	10.3374
89	99	-10.3308
21	63	10.3255
29	59	10.322
57	83	10.3174
31	39	10.3135
9	75	10.3094
65	99	10.2952
1	65	10.2942
35	81	10.2838
9	35	10.2774
23	91	-10.2734
21	29	10.2716
1	71	10.2659
75	81	10.2658
41	83	10.2603
39	83	10.2577
17	53	10.2528
45	77	10.229
15	65	10.2252
39	55	10.2249
35	39	-10.222
25	39	10.2175
25	87	10.1981
63	75	10.174
29	69	10.1702
51	97	10.1639
35	97	-10.1631
5	97	10.1614
21	67	-10.1576
53	79	10.1503
37	59	10.15
33	71	10.1286
29	55	-10.1278
75	95	10.0987
35	95	10.0977
43	89	10.0901
5	21	-10.081
67	83	10.0804
53	89	10.0692
13	29	10.0656
5	91	10.0615
21	55	-10.0579
71	85	10.0556
37	49	10.0269
39	75	-10.0074
7	45	10.0069
21	23	9.99087
79	95	9.98701
53	73	9.98057
31	63	-9.97908
75	97	-9.96134
47	55	-9.95816
55	73	-9.94661
25	41	9.94295
19	71	9.93825
79	81	9.93608
55	81	-9.93577
25	67	9.93485
15	61	9.9218
81	99	-9.91977
5	45	-9.91891
7	29	9.90134
55	63	-9.89832
21	97	-9.87999
73	95	9.86612
71	91	9.85373
89	95	9.84524
35	67	-9.84435
73	81	9.84076
21	65	-9.83182
1	61	9.82928
25	43	-9.81707
37	77	9.81494
45	81	9.8065
71	97	9.80529
55	79	-9.7927
21	31	-9.7912
29	31	-9.78409
43	79	9.77648
51	93	9.76362
81	89	9.76291
7	71	-9.75967
23	85	-9.75685
37	69	9.7545
11	19	9.73576
21	99	-9.73553
45	95	9.73397
95	99	-9.72915
5	81	-9.72629
37	65	-9.71141
35	91	-9.70965
57	77	-9.70259
55	95	-9.69852
71	77	-9.69358
49	61	-9.69158
39	59	-9.68973
69	71	-9.68032
59	63	9.67731
45	53	9.67357
23	45	9.67239
25	93	9.67071
49	71	-9.67012
43	73	9.6628
61	69	-9.66135
61	89	-9.65903
7	25	-9.65317
73	87	-9.64577
61	85	9.64556
31	73	-9.64182
53	75	9.63886
67	75	-9.63796
9	79	9.63656
51	69	-9.63565
31	47	-9.63277
41	73	-9.63033
11	71	9.62843
47	59	9.62794
51	63	-9.62399
35	53	9.61942
1	23	-9.61269
31	81	-9.60688
61	79	-9.60627
3	29	-9.60553
43	83	-9.59962
79	87	-9.59799
29	33	-9.59737
23	81	9.59595
53	77	9.59312
5	29	-9.59153
21	47	9.58323
13	37	9.58229
41	45	-9.57919
11	83	9.57799
49	51	-9.56948
61	73	-9.56865
27	73	-9.5671
41	79	-9.56402
87	89	-9.56377
15	23	-9.55901
43	71	-9.55686
27	79	-9.55333
25	35	-9.54949
19	29	-9.54719
3	47	-9.54586
3	51	9.5421
7	57	-9.53954
7	61	-9.53827
27	83	9.53584
31	97	9.53583
49	99	-9.53142
5	85	9.5271
75	91	-9.52706
9	73	9.52333
45	87	-9.52238
9	89	9.52059
33	47	-9.51644
69	83	-9.51586
47	93	-9.50752
41	89	-9.50667
29	93	-9.50304
25	69	-9.50191
53	99	-9.4986
21	91	-9.49762
11	17	-9.49732
15	87	9.49656
61	77	-9.49523
49	87	-9.49454
67	99	9.49178
59	67	-9.49116
5	95	-9.49076
31	79	-9.4893
11	45	-9.48852
19	47	-9.4876
27	89	-9.48691
55	89	-9.48257
27	45	-9.4824
13	47	9.47891
27	37	-9.47853
7	83	-9.4741
27	47	-9.47246
57	89	-9.46825
49	57	-9.46072
69	87	-9.45843
19	37	-9.4512
1	87	9.44786
15	43	-9.44704
55	59	-9.44592
11	33	9.44357
71	89	-9.44019
31	91	9.4399
7	51	-9.43975
25	75	-9.43436
55	97	9.42401
15	57	9.41974
33	51	9.41246
25	27	9.41202
77	93	-9.40976
53	55	-9.40641
41	49	-9.40399
23	29	9.40354
57	69	-9.4015
25	49	-9.39952
49	83	-9.39821
3	11	9.3973
47	57	-9.39715
1	5	9.39254
39	81	-9.38887
5	59	-9.3884
47	61	-9.3882
31	95	-9.38683
9	45	9.38196
43	97	-9.38157
39	51	9.38141
83	93	9.38032
19	51	9.37582
23	95	9.37417
15	35	-9.36884
25	77	-9.36634
41	69	-9.36514
1	43	-9.36222
57	79	-9.35254
5	15	9.34662
65	81	-9.33977
49	53	9.33573
63	71	-9.33394
11	57	9.33123
33	37	-9.33103
43	91	-9.32903
59	99	-9.32585
9	99	-9.32477
43	51	-9.32421
67	81	-9.3233
7	37	9.32296
59	97	-9.32233
27	29	-9.31738
69	99	-9.31563
5	47	-9.31549
1	57	9.31485
47	87	-9.31405
9	55	-9.31321
89	93	-9.30258
23	59	9.30171
85	87	9.30147
71	79	-9.29735
3	53	-9.29627
15	41	9.29537
39	99	9.29259
33	53	-9.29181
33	95	-9.28713
55	91	9.28653
3	89	-9.28341
33	81	-9.28276
41	47	-9.28234
19	79	-9.28094
3	37	-9.28073
43	47	9.27828
27	49	-9.27758
3	79	-9.27437
1	35	-9.27108
63	81	9.27001
43	85	-9.26282
5	35	-9.25964
1	41	9.25607
61	91	9.25588
3	95	-9.2532
19	89	-9.25239
51	89	-9.25086
51	67	9.24885
33	79	-9.24478
79	93	-9.2418
33	89	-9.24177
19	81	-9.23617
11	99	9.23582
53	93	-9.23479
15	75	-9.23266
43	61	-9.23007
23	35	9.22841
3	81	-9.2282
27	69	-9.21742
21	45	9.21528
35	65	-9.21353
3	77	-9.21309
77	95	9.21057
43	57	-9.21007
65	83	9.20984
57	73	-9.20938
5	53	-9.20751
45	61	-9.20683
31	89	-9.20558
35	85	-9.20336
71	73	-9.20285
19	73	-9.20223
19	95	-9.19735
27	99	9.19465
37	41	-9.19369
51	73	-9.19252
37	67	-9.19081
11	73	-9.18948
29	57	-9.18452
7	87	-9.18319
59	65	-9.18299
5	9	-9.18267
77	99	-9.18192
17	29	9.18125
5	73	-9.17917
31	59	-9.17832
51	79	-9.16884
43	63	9.16345
57	85	9.16297
51	77	-9.16171
11	25	9.16019
65	95	-9.15928
39	95	-9.15903
3	73	-9.15212
35	55	-9.14906
3	25	9.1463
33	77	-9.14563
1	75	-9.14329
31	53	-9.13911
7	93	-9.13887
19	53	-9.13846
33	73	-9.13265
5	75	-9.13053
37	87	-9.1305
53	69	9.12456
41	85	9.12287
45	59	9.12225
23	47	9.11968
67	95	-9.11674
23	53	9.1166
77	83	-9.11612
61	97	9.11381
41	99	9.11112
35	83	-9.10572
37	39	-9.10298
49	93	-9.10098
9	23	9.09994
77	87	-9.09888
47	71	-9.09884
17	37	9.09658
17	45	9.09442
9	39	-9.09366
23	75	9.08996
9	33	-9.08969
11	93	9.08653
73	93	-9.08633
75	85	-9.07842
55	75	-9.07374
7	41	-9.06977
93	95	-9.06927
5	79	-9.06575
3	9	-9.06398
19	77	-9.06382
29	61	-9.05909
49	95	9.05622
77	81	9.05551
39	71	9.05341
65	75	-9.04999
7	15	-9.04948
25	65	9.04899
63	95	9.04595
31	35	-9.04304
9	31	-9.04214
59	91	-9.04199
9	67	-9.03689
7	27	-9.03443
15	69	-9.03328
3	49	-9.03165
19	43	-9.02427
3	7	-9.02284
27	77	-9.02283
11	79	-9.02266
59	79	9.01813
63	99	-9.01749
75	83	-9.01678
19	49	-9.01669
45	65	-9.01628
35	37	9.01623
9	63	9.0135
13	63	9.01348
29	87	-9.01347
17	63	9.01189
3	83	9.0115
13	79	9.00883
69	93	-9.00726
13	39	-9.00673
37	93	-9.0031
29	41	-9.00216
19	45	-8.99349
87	99	8.99285
11	75	-8.99229
59	73	8.99125
33	49	-8.99084
9	65	-8.98829
37	75	8.98672
9	77	8.98654
13	73	8.98626
7	33	-8.98622
7	19	-8.98495
41	77	-8.98479
81	93	-8.9817
39	43	-8.98139
1	69	-8.97848
1	7	-8.97611
31	85	8.97527
21	79	8.97505
21	85	-8.97499
13	45	8.97219
9	19	-8.97004
15	21	-8.96951
7	53	8.96922
31	75	-8.9676
25	33	8.96742
23	73	8.96636
29	65	-8.96319
21	73	8.96303
53	65	-8.96254
57	91	8.95895
19	69	-8.95353
3	69	-8.94581
49	81	8.9455
43	45	8.94521
1	21	-8.94513
33	43	-8.93501
9	93	-8.92425
83	89	-8.92204
25	89	-8.92195
13	89	8.91411
33	69	-8.91234
17	39	-8.91143
43	87	-8.90973
75	99	-8.90835
37	61	-8.90834
11	89	-8.90734
35	99	-8.90636
57	97	8.90562
3	43	-8.90395
17	97	-8.90278
27	43	-8.89953
13	67	-8.88924
45	51	-8.88695
1	11	8.88578
37	63	8.88214
17	99	-8.8821
11	15	8.87964
15	49	-8.8796
11	13	-8.8757
69	85	-8.87515
81	97	-8.87454
7	99	-8.87406
13	85	-8.87332
11	37	-8.87241
7	85	-8.86965
33	83	8.86717
23	79	8.86603
11	35	-8.8596
43	93	-8.85926
59	89	8.85887
1	31	8.85617
67	71	8.85454
9	49	8.85422
27	55	8.85405
19	99	8.85295
33	45	-8.85235
69	95	8.84996
19	21	-8.84617
17	73	8.84084
3	45	-8.83939
87	91	8.83939
13	97	-8.83789
53	67	-8.82958
1	49	-8.82649
19	25	8.8237
41	43	-8.82087
11	49	-8.81855
17	85	-8.81822
43	67	-8.81547
15	31	8.81432
5	89	-8.81319
39	53	-8.81248
11	85	8.81
17	47	8.80926
1	17	-8.80804
29	35	8.80665
55	85	8.80471
11	69	-8.80394
33	59	-8.79513
29	75	8.79454
1	13	-8.79451
13	99	-8.79399
21	33	-8.79246
79	83	-8.79166
15	17	-8.78453
21	89	8.78316
73	83	-8.7811
11	55	8.77933
19	83	8.77701
13	91	-8.77492
59	85	-8.77139
19	59	-8.76596
7	91	-8.76115
17	91	-8.75823
47	51	-8.75727
29	71	-8.75664
25	79	-8.75529
17	51	-8.74207
69	81	8.74036
45	57	-8.73766
7	97	-8.73663
17	79	8.73217
49	55	-8.73159
37	57	-8.72706
49	85	-8.72612
1	59	-8.72571
29	43	8.72535
35	71	-8.72267
3	59	-8.72264
13	55	-8.72257
45	71	-8.72162
9	97	-8.72114
13	15	-8.72038
53	57	-8.71599
15	59	-8.71316
19	55	8.71091
35	43	8.71001
11	31	8.70948
1	55	8.70396
27	81	-8.70292
95	97	-8.70009
53	63	8.69783
17	67	-8.69634
61	63	-8.69467
15	93	8.69229
25	73	-8.69167
3	21	-8.69078
9	69	8.68955
45	93	-8.68851
17	83	-8.68146
23	83	-8.67646
41	91	8.67634
15	55	8.67464
27	31	8.67425
11	47	-8.67268
81	91	-8.67155
33	99	8.67051
15	27	8.66944
69	91	-8.66864
71	75	-8.66655
87	97	8.66493
1	93	8.66088
27	95	-8.6606
47	65	-8.66036
5	13	-8.65983
7	95	8.65903
43	75	8.65863
35	51	-8.658
15	77	-8.65362
41	55	8.64791
51	75	-8.64059
23	89	8.63987
17	55	-8.63976
13	65	-8.6366
97	99	8.62828
1	27	8.62815
21	25	-8.6274
27	53	-8.62235
3	99	8.62207
17	89	8.62144
13	23	8.61795
9	91	-8.61542
23	25	-8.60915
85	93	8.602
29	67	-8.59726
1	77	-8.59468
61	99	8.59349
69	97	-8.59115
13	33	-8.58795
55	77	-8.58715
17	25	-8.58577
45	75	8.58512
51	65	8.58205
9	85	-8.57811
11	59	-8.5747
57	63	-8.56499
3	13	-8.56339
13	49	8.56045
55	69	-8.55856
91	95	-8.55428
31	49	-8.5488
29	39	-8.54855
7	81	8.54164
33	55	8.5315
55	87	8.53079
5	83	8.52968
57	95	-8.52907
19	31	8.52729
13	31	-8.52458
27	85	8.5242
17	69	8.52362
49	91	-8.52129
35	45	8.51942
91	99	8.51365
41	97	8.51224
77	85	-8.5122
17	49	8.50963
7	9	8.50796
31	41	8.50679
17	41	-8.50416
13	69	8.502
39	61	8.50007
5	27	8.4984
37	97	-8.49661
17	31	-8.49087
1	9	-8.48701
5	25	8.48506
31	77	-8.48463
25	47	-8.48371
7	63	8.4832
11	29	-8.48315
5	19	8.48238
13	19	-8.4814
59	93	-8.47762
5	17	-8.46982
3	55	8.46782
65	73	-8.46711
13	93	-8.462
45	67	-8.46184
13	51	-8.46118
21	83	-8.46071
13	77	8.4593
17	87	-8.45536
49	97	-8.4506
37	71	-8.45055
57	81	-8.45018
7	11	-8.4473
81	85	-8.44674
9	27	-8.4465
45	83	-8.43924
53	97	-8.43807
13	83	-8.43632
47	83	-8.43527
93	99	8.42905
85	95	-8.42846
9	15	-8.42181
29	51	-8.41264
53	85	-8.41166
9	11	-8.41166
53	61	-8.41001
29	63	8.40861
65	79	-8.40773
17	23	8.40606
31	69	-8.40222
5	11	8.40051
9	57	-8.39963
77	91	-8.39604
31	87	8.39527
19	23	-8.39434
53	91	-8.39278
39	57	8.39111
15	89	-8.39096
23	27	-8.38979
61	67	8.38444
25	59	-8.38438
31	33	8.37941
1	81	-8.3758
11	91	8.3756
21	93	-8.37486
3	15	8.37454
47	75	8.37321
77	97	-8.37193
17	43	8.37145
35	47	8.37011
39	45	-8.3655
11	21	-8.36321
43	65	-8.36284
41	81	-8.36182
21	27	-8.36079
91	93	8.36066
53	87	-8.35947
1	3	8.3564
1	89	-8.35477
37	43	8.35321
41	53	-8.35198
41	95	-8.35123
17	65	-8.34902
1	95	-8.34812
37	91	-8.3435
15	81	-8.34312
63	87	-8.34201
5	33	8.33998
63	69	8.33925
11	81	-8.3386
87	95	-8.33741
37	51	-8.33709
81	87	-8.33672
7	39	-8.33543
59	83	-8.33385
3	31	8.33362
11	77	-8.33333
11	95	-8.3283
57	99	8.3281
59	77	8.3251
49	59	8.32356
65	71	8.32346
61	95	-8.31975
1	53	-8.3172
35	57	-8.31246
3	85	8.31064
11	23	-8.30966
57	67	8.3056
7	55	-8.30438
15	95	-8.30011
25	45	-8.29796
55	93	8.29357
5	41	8.29107
47	67	-8.29045
61	81	-8.29007
15	79	-8.28681
57	75	-8.28658
27	59	-8.28573
15	73	-8.28483
3	5	8.28401
85	89	-8.28281
11	43	-8.28165
15	33	8.27943
23	33	-8.27432
11	53	-8.26971
93	97	8.26653
7	13	8.26643
1	33	8.26583
51	99	8.26175
65	89	-8.26064
27	91	8.26014
73	75	8.25873
1	73	-8.25851
1	79	-8.25714
53	71	-8.25491
5	49	-8.25445
13	41	-8.25387
7	17	8.25148
31	93	8.25084
11	97	8.24974
15	53	-8.24791
39	47	-8.24443
5	77	-8.2433
9	41	-8.24194
41	63	-8.23718
7	67	-8.23568
21	77	8.23424
13	25	-8.23175
9	87	-8.2303
13	87	-8.23008
49	63	8.22866
3	23	-8.22798
33	85	8.22777
45	63	8.22713
39	87	8.22643
7	31	-8.22638
59	69	8.22512
35	61	-8.22472
23	51	-8.22362
39	69	-8.22056
85	99	8.21866
21	49	8.21716
55	61	8.21702
61	75	-8.21378
31	83	8.21288
35	73	8.21258
43	53	8.20872
25	29	-8.20689
23	41	-8.20643
19	65	8.20641
5	87	8.2062
15	19	8.20369
25	31	8.20342
17	71	-8.20315
17	61	-8.20178
17	33	-8.20169
9	61	-8.19869
73	85	-8.197
75	79	8.19526
79	85	-8.19493
5	93	8.19262
71	99	8.19093
41	75	-8.19043
27	97	8.18767
23	77	8.18704
65	93	8.1852
63	77	8.18509
1	19	8.18481
43	99	-8.18477
23	93	-8.18381
51	59	-8.18327
75	87	-8.17931
7	35	8.177
17	27	-8.17602
67	87	8.17437
19	35	-8.17327
1	99	8.17203
3	17	-8.17111
17	19	-8.17022
13	27	-8.16781
17	77	8.16569
21	43	8.16526
57	65	8.16501
29	97	-8.16493
7	75	8.16401
35	79	8.16283
15	99	8.16007
23	49	8.15986
29	83	-8.15924
19	75	-8.15483
33	35	-8.15453
27	65	8.15274
23	43	8.15178
55	83	8.1516
5	69	-8.1516
9	51	-8.15073
47	63	8.15026
39	41	8.14979
51	53	-8.14728
67	69	-8.14723
33	65	8.14658
5	51	8.14657
35	41	-8.1441
41	59	-8.14395
35	87	-8.14335
33	75	-8.14276
67	73	-8.14262
19	85	8.14151
71	95	-8.14066
25	55	8.13804
23	87	-8.13591
55	57	8.13448
13	43	8.13349
21	51	-8.13344
31	57	8.13221
39	49	-8.13147
9	83	-8.1312
89	91	-8.12857
3	65	8.12451
31	61	8.12057
21	69	8.11964
41	67	8.117
67	79	-8.11239
59	87	-8.11147
3	91	8.11107
3	35	-8.1097
39	73	-8.10966
75	89	8.10821
71	81	-8.10652
21	41	-8.10577
69	75	8.10308
15	45	-8.10195
3	75	-8.10083
21	71	-8.10031
19	67	8.09805
19	39	8.09798
57	59	-8.09751
23	71	-8.0975
11	65	8.09727
63	93	-8.09637
5	43	-8.09572
89	97	-8.09518
13	57	-8.09357
39	77	-8.09309
1	45	-8.09299
65	77	-8.09025
37	85	-8.09002
29	91	-8.08867
39	79	-8.08794
13	61	-8.08727
11	63	-8.08522
7	59	8.08455
37	83	-8.08437
17	93	-8.08436
23	57	-8.08381
35	69	8.08306
51	95	-8.08175
35	89	8.08093
23	69	8.08067
27	63	-8.07668
67	93	8.07617
49	67	-8.0742
45	97	-8.07327
21	57	-8.07307
15	47	-8.07256
25	37	-8.07214
21	87	-8.07027
73	91	-8.06949
79	91	-8.06923
5	57	8.06844
15	37	-8.06756
9	71	-8.06727
49	75	8.06682
43	59	8.06617
1	37	-8.06616
25	81	-8.06473
45	85	-8.06466
61	65	8.0642
27	39	8.06375
19	63	-8.06331
43	95	8.06208
53	83	-8.06194
35	93	-8.06188
41	65	8.06112
1	47	-8.06026
27	67	8.05963
3	97	8.05916
63	73	8.05872
33	91	8.05854
75	93	-8.05678
5	7	-8.05659
39	93	8.05288
81	83	-8.05158
67	77	-8.05125
79	97	-8.05124
51	55	8.05008
45	91	-8.04966
73	97	-8.04925
5	71	8.04829
63	79	8.04817
83	95	-8.04723
51	81	-8.04593
83	99	8.0459
9	25	-8.045
7	65	-8.04424
35	49	8.04411
65	87	8.04239
67	89	-8.04216
31	51	8.04171
35	77	8.0417
9	43	8.04069
7	21	8.03999
47	85	-8.03949
33	67	8.03908
39	89	-8.03637
29	85	-8.03609
31	43	-8.0334
75	77	8.03272
63	89	8.03237
7	23	8.03169
5	61	8.03126
47	97	-8.03125
33	39	8.0308
11	39	8.02867
59	71	-8.02765
19	97	8.0272
43	81	8.02688
19	91	8.02675
27	75	-8.02577
33	97	8.02572
25	95	-8.02506
59	61	-8.02506
21	61	-8.0223
3	67	8.0175
17	57	-8.01383
1	29	-8.01382
11	67	8.01346
33	63	-8.01341
13	71	-8.01317
27	35	-8.01305
49	65	-8.0115
31	71	8.01148
23	61	-8.01043
55	71	8.00986
43	55	-8.00666
3	39	8.00648
3	63	-8.00454
15	29	-8.00364
47	91	-8.00294
25	53	-8.0029
25	99	8.00181
65	69	-8.00044
96	97	6
80	81	6
78	79	6
76	77	6
26	27	6
30	31	6
28	29	6
92	93	6
84	85	6
86	87	6
88	89	6
94	95	6
22	23	6
20	21	6
90	91	6
82	83	6
24	25	6
56	57	6
74	75	6
60	61	6
62	63	6
54	55	6
52	53	6
50	51	6
64	65	6
48	49	6
66	67	6
16	17	6
46	47	6
44	45	6
68	69	6
42	43	6
40	41	6
70	71	6
38	39	6
36	37	6
34	35	6
14	15	6
58	59	6
18	19	6
32	33	6
72	73	6
0	1	6
98	99	6
8	9	6
6	7	6
10	11	6
12	13	6
2	3	6
4	5	6
1	14	5.99437
0	15	5.99437
35	74	5.99308
34	75	5.99308
0	85	5.9924
1	84	5.9924
3	32	5.99142
2	33	5.99142
5	22	-5.99128
4	23	-5.99128
41	86	5.9902
40	87	5.9902
49	68	5.9893
48	69	5.9893
72	79	5.98707
73	78	5.98707
81	94	5.98593
80	95	5.98593
78	89	5.98464
79	88	5.98464
38	63	-5.98274
39	62	-5.98274
30	55	5.97762
31	54	5.97762
14	85	5.97502
15	84	5.97502
38	67	5.97327
39	66	5.97327
18	33	5.96861
19	32	5.96861
9	94	5.96753
8	95	5.96753
90	97	5.96382
91	96	5.96382
63	96	-5.96054
62	97	-5.96054
53	94	5.95759
52	95	5.95759
72	89	5.95323
73	88	5.95323
5	30	5.94313
4	31	5.94313
8	53	5.93771
9	52	5.93771
3	18	5.93488
2	19	5.93488
9	80	5.93397
8	81	5.93397
23	64	-5.93376
22	65	-5.93376
7	68	5.93253
6	69	5.93253
29	46	5.92812
28	47	5.92812
7	76	5.92204
6	77	5.92204
14	91	5.92096
15	90	5.92096
62	67	-5.92
63	66	-5.92
85	90	5.91632
84	91	5.91632
1	90	5.91522
0	91	5.91522
21	58	5.91185
20	59	5.91185
5	54	5.91021
4	55	5.91021
38	97	5.90942
39	96	5.90942
2	93	5.9068
3	92	5.9068
7	48	5.9054
6	49	5.9054
23	30	-5.90378
22	31	-5.90378
46	79	5.90373
47	78	5.90373
52	81	5.89869
53	80	5.89869
50	83	5.8881
51	82	5.8881
63	90	-5.88281
62	91	-5.88281
60	87	5.88017
61	86	5.88017
5	64	5.88004
4	65	5.88004
27	40	5.8784
26	41	5.8784
46	89	5.87612
47	88	5.87612
48	77	5.87596
49	76	5.87596
45	72	5.87552
44	73	5.87552
48	89	5.87463
49	88	5.87463
54	99	5.87104
55	98	5.87104
24	83	5.86853
25	82	5.86853
8	59	5.85635
9	58	5.85635
27	86	5.85186
26	87	5.85186
69	76	5.85119
68	77	5.85119
23	54	-5.84986
22	55	-5.84986
47	72	5.84971
46	73	5.84971
8	13	5.84969
9	12	5.84969
13	58	5.84953
12	59	5.84953
60	71	5.84936
61	70	5.84936
64	67	5.84872
65	66	5.84872
15	82	5.84814
14	83	5.84814
33	92	5.84515
32	93	5.84515
39	90	5.84345
38	91	5.84345
59	80	5.83815
58	81	5.83815
67	96	5.83651
66	97	5.83651
56	71	5.83585
57	70	5.83585
56	93	5.83013
57	92	5.83013
15	96	5.8262
14	97	5.8262
13	16	5.81572
12	17	5.81572
0	83	5.81375
1	82	5.81375
67	90	5.81122
66	91	5.81122
41	60	5.80951
40	61	5.80951
28	37	5.80869
29	36	5.80869
58	95	5.80263
59	94	5.80263
24	71	5.79974
25	70	5.79974
1	96	5.79952
0	97	5.79952
44	79	5.79827
45	78	5.79827
69	88	5.79594
68	89	5.79594
31	98	5.79434
30	99	5.79434
48	79	5.79217
49	78	5.79217
85	96	5.78589
84	97	5.78589
21	80	5.78544
20	81	5.78544
7	42	5.78343
6	43	5.78343
19	26	5.78339
18	27	5.78339
45	98	-5.76923
44	99	-5.76923
77	88	5.7663
76	89	5.7663
37	98	-5.76403
36	99	-5.76403
56	61	5.76204
57	60	5.76204
48	73	5.75516
49	72	5.75516
36	47	5.75167
37	46	5.75167
82	85	5.74371
83	84	5.74371
36	45	5.73936
37	44	5.73936
50	61	5.73094
51	60	5.73094
28	53	5.72545
29	52	5.72545
38	65	5.72016
39	64	5.72016
18	93	5.70661
19	92	5.70661
68	79	5.69981
69	78	5.69981
12	95	5.69944
13	94	5.69944
31	64	5.69902
30	65	5.69902
10	41	5.69702
11	40	5.69702
44	89	5.69305
45	88	5.69305
20	95	5.69259
21	94	5.69259
17	74	5.6919
16	75	5.6919
29	78	5.6916
28	79	5.6916
26	61	5.69155
27	60	5.69155
26	33	5.68805
27	32	5.68805
50	71	5.68358
51	70	5.68358
29	94	5.68113
28	95	5.68113
24	51	5.67415
25	50	5.67415
2	27	5.67333
3	26	5.67333
8	21	5.67245
9	20	5.67245
23	66	-5.66747
22	67	-5.66747
16	59	5.66613
17	58	5.66613
68	73	5.66548
69	72	5.66548
21	34	5.66023
20	35	5.66023
28	81	5.65863
29	80	5.65863
13	80	5.65735
12	81	5.65735
14	25	5.65418
15	24	5.65418
15	62	-5.64998
14	63	-5.64998
12	53	5.64922
13	52	5.64922
76	79	5.64699
77	78	5.64699
70	83	5.64555
71	82	5.64555
45	46	5.64473
44	47	5.64473
52	59	5.64083
53	58	5.64083
7	88	5.63875
6	89	5.63875
29	88	5.63753
28	89	5.63753
51	86	5.63675
50	87	5.63675
37	72	5.63214
36	73	5.63214
63	84	-5.62714
62	85	-5.62714
28	73	5.627
29	72	5.627
0	63	-5.6262
1	62	-5.6262
58	75	5.62614
59	74	5.62614
21	74	5.62574
20	75	5.62574
10	87	5.62096
11	86	5.62096
35	58	5.6204
34	59	5.6204
17	34	5.616
16	35	5.616
36	79	5.61395
37	78	5.61395
54	65	5.60668
55	64	5.60668
83	90	5.60654
82	91	5.60654
42	69	5.60509
43	68	5.60509
2	57	5.59972
3	56	5.59972
5	98	5.59171
4	99	5.59171
5	66	5.59113
4	67	5.59113
37	54	-5.58904
36	55	-5.58904
62	65	-5.58617
63	64	-5.58617
38	85	5.5804
39	84	5.5804
1	24	5.57927
0	25	5.57927
67	84	5.57789
66	85	5.57789
15	38	5.57178
14	39	5.57178
14	51	5.56637
15	50	5.56637
12	21	5.5645
13	20	5.5645
1	38	5.56094
0	39	5.56094
46	49	5.55498
47	48	5.55498
47	76	5.55034
46	77	5.55034
40	51	5.54849
41	50	5.54849
72	77	5.54828
73	76	5.54828
1	50	5.54265
0	51	5.54265
1	66	5.53608
0	67	5.53608
23	38	-5.53421
22	39	-5.53421
15	66	5.52784
14	67	5.52784
43	76	5.52457
42	77	5.52457
70	87	5.51682
71	86	5.51682
83	96	5.51477
82	97	5.51477
36	81	5.50918
37	80	5.50918
9	28	5.50888
8	29	5.50888
60	93	5.50497
61	92	5.50497
7	78	5.50199
6	79	5.50199
43	48	5.50175
42	49	5.50175
32	57	5.49781
33	56	5.49781
25	96	5.49419
24	97	5.49419
23	98	-5.48671
22	99	-5.48671
37	88	5.48425
36	89	5.48425
24	91	5.4812
25	90	5.4812
26	93	5.48016
27	92	5.48016
24	85	5.47991
25	84	5.47991
61	82	5.47586
60	83	5.47586
29	44	5.47163
28	45	5.47163
50	85	5.46774
51	84	5.46774
21	52	5.46456
20	53	5.46456
4	39	5.46308
5	38	5.46308
24	61	5.46228
25	60	5.46228
46	53	5.45723
47	52	5.45723
37	94	5.44782
36	95	5.44782
65	90	5.44441
64	91	5.44441
64	97	5.43776
65	96	5.43776
9	16	5.43437
8	17	5.43437
10	27	5.43288
11	26	5.43288
46	69	5.43018
47	68	5.43018
6	73	5.43012
7	72	5.43012
2	61	5.42963
3	60	5.42963
57	86	5.42963
56	87	5.42963
13	74	5.41947
12	75	5.41947
30	37	-5.41893
31	36	-5.41893
73	98	-5.41861
72	99	-5.41861
18	41	5.41695
19	40	5.41695
71	92	5.41664
70	93	5.41664
27	56	5.40419
26	57	5.40419
41	70	5.4002
40	71	5.4002
16	21	5.40003
17	20	5.40003
45	48	5.39791
44	49	5.39791
18	87	5.39655
19	86	5.39655
24	57	5.38263
25	56	5.38263
23	62	5.37693
22	63	5.37693
47	94	5.37432
46	95	5.37432
12	35	5.36838
13	34	5.36838
45	54	-5.36833
44	55	-5.36833
36	53	5.36622
37	52	5.36622
33	60	5.36252
32	61	5.36252
19	56	5.35987
18	57	5.35987
3	86	5.35136
2	87	5.35136
46	81	5.34246
47	80	5.34246
18	61	5.33876
19	60	5.33876
41	56	5.33452
40	57	5.33452
3	40	5.33366
2	41	5.33366
33	86	5.32938
32	87	5.32938
32	41	5.32514
33	40	5.32514
79	98	-5.32394
78	99	-5.32394
4	63	-5.30239
5	62	-5.30239
47	98	-5.30234
46	99	-5.30234
30	67	5.2989
31	66	5.2989
45	68	5.2977
44	69	5.2977
5	36	-5.28705
4	37	-5.28705
7	46	5.28195
6	47	5.28195
50	57	5.27818
51	56	5.27818
29	98	-5.27775
28	99	-5.27775
29	76	5.27411
28	77	5.27411
87	92	5.27245
86	93	5.27245
24	63	-5.27083
25	62	-5.27083
62	83	-5.26103
63	82	-5.26103
26	71	5.2502
27	70	5.2502
16	95	5.24682
17	94	5.24682
82	87	5.24543
83	86	5.24543
17	80	5.2432
16	81	5.2432
55	66	5.23295
54	67	5.23295
30	45	-5.23172
31	44	-5.23172
8	37	5.22559
9	36	5.22559
65	84	5.2251
64	85	5.2251
10	61	5.22451
11	60	5.22451
29	48	5.22334
28	49	5.22334
41	92	5.21443
40	93	5.21443
51	90	5.21425
50	91	5.21425
11	50	5.21339
10	51	5.21339
21	36	5.20986
20	37	5.20986
14	71	5.20333
15	70	5.20333
34	63	5.19373
35	62	5.19373
8	47	5.1855
9	46	5.1855
20	39	-5.18401
21	38	-5.18401
26	51	5.17209
27	50	5.17209
22	97	-5.17137
23	96	-5.17137
22	37	5.16925
23	36	5.16925
2	71	5.16872
3	70	5.16872
88	99	-5.16542
89	98	-5.16542
20	63	5.16275
21	62	5.16275
28	59	5.16102
29	58	5.16102
57	82	5.15869
56	83	5.15869
30	39	5.15674
31	38	5.15674
9	74	5.15468
8	75	5.15468
65	98	5.14762
64	99	5.14762
1	64	5.14708
0	65	5.14708
34	81	5.14188
35	80	5.14188
9	34	5.1387
8	35	5.1387
23	90	-5.1367
22	91	-5.1367
20	29	5.13579
21	28	5.13579
1	70	5.13294
0	71	5.13294
74	81	5.13288
75	80	5.13288
40	83	5.13015
41	82	5.13015
39	82	5.12883
38	83	5.12883
17	52	5.1264
16	53	5.1264
44	77	5.11452
45	76	5.11452
14	65	5.1126
15	64	5.1126
38	55	5.11245
39	54	5.11245
34	39	-5.11101
35	38	-5.11101
24	39	5.10875
25	38	5.10875
24	87	5.09905
25	86	5.09905
62	75	5.08701
63	74	5.08701
28	69	5.08509
29	68	5.08509
50	97	5.08193
51	96	5.08193
35	96	-5.08154
34	97	-5.08154
4	97	5.0807
5	96	5.0807
21	66	-5.0788
20	67	-5.0788
53	78	5.07515
52	79	5.07515
36	59	5.07499
37	58	5.07499
32	71	5.06432
33	70	5.06432
29	54	-5.0639
28	55	-5.0639
74	95	5.04933
75	94	5.04933
35	94	5.04883
34	95	5.04883
43	88	5.04503
42	89	5.04503
4	21	-5.04048
5	20	-5.04048
67	82	5.04018
66	83	5.04018
52	89	5.03458
53	88	5.03458
12	29	5.03282
13	28	5.03282
5	90	5.03074
4	91	5.03074
20	55	-5.02893
21	54	-5.02893
71	84	5.02779
70	85	5.02779
37	48	5.01347
36	49	5.01347
39	74	-5.00372
38	75	-5.00372
6	45	5.00343
7	44	5.00343
21	22	4.99544
20	23	4.99544
78	95	4.99351
79	94	4.99351
52	73	4.99028
53	72	4.99028
30	63	-4.98954
31	62	-4.98954
74	97	-4.98067
75	96	-4.98067
46	55	-4.97908
47	54	-4.97908
54	73	-4.97331
55	72	-4.97331
25	40	4.97148
24	41	4.97148
19	70	4.96913
18	71	4.96913
79	80	4.96804
78	81	4.96804
55	80	-4.96788
54	81	-4.96788
25	66	4.96742
24	67	4.96742
15	60	4.9609
14	61	4.9609
80	99	-4.95989
81	98	-4.95989
4	45	-4.95945
5	44	-4.95945
6	29	4.95067
7	28	4.95067
55	62	-4.94916
54	63	-4.94916
21	96	-4.94
20	97	-4.94
73	94	4.93306
72	95	4.93306
71	90	4.92686
70	91	4.92686
88	95	4.92262
89	94	4.92262
34	67	-4.92217
35	66	-4.92217
72	81	4.92038
73	80	4.92038
21	64	-4.91591
20	65	-4.91591
0	61	4.91464
1	60	4.91464
24	43	-4.90854
25	42	-4.90854
36	77	4.90747
37	76	4.90747
45	80	4.90325
44	81	4.90325
71	96	4.90264
70	97	4.90264
55	78	-4.89635
54	79	-4.89635
21	30	-4.8956
20	31	-4.8956
29	30	-4.89204
28	31	-4.89204
43	78	4.88824
42	79	4.88824
51	92	4.88181
50	93	4.88181
80	89	4.88145
81	88	4.88145
7	70	-4.87984
6	71	-4.87984
23	84	-4.87843
22	85	-4.87843
36	69	4.87725
37	68	4.87725
10	19	4.86788
11	18	4.86788
20	99	-4.86777
21	98	-4.86777
44	95	4.86698
45	94	4.86698
95	98	-4.86457
94	99	-4.86457
5	80	-4.86315
4	81	-4.86315
37	64	-4.8557
36	65	-4.8557
34	91	-4.85483
35	90	-4.85483
56	77	-4.8513
57	76	-4.8513
54	95	-4.84926
55	94	-4.84926
71	76	-4.84679
70	77	-4.84679
49	60	-4.84579
48	61	-4.84579
38	59	-4.84487
39	58	-4.84487
68	71	-4.84016
69	70	-4.84016
59	62	4.83865
58	63	4.83865
45	52	4.83678
44	53	4.83678
22	45	4.83619
23	44	4.83619
24	93	4.83535
25	92	4.83535
48	71	-4.83506
49	70	-4.83506
42	73	4.8314
43	72	4.8314
60	69	-4.83068
61	68	-4.83068
60	89	-4.82952
61	88	-4.82952
7	24	-4.82659
6	25	-4.82659
72	87	-4.82288
73	86	-4.82288
60	85	4.82278
61	84	4.82278
30	73	-4.82091
31	72	-4.82091
53	74	4.81943
52	75	4.81943
66	75	-4.81898
67	74	-4.81898
8	79	4.81828
9	78	4.81828
50	69	-4.81783
51	68	-4.81783
31	46	-4.81638
30	47	-4.81638
40	73	-4.81517
41	72	-4.81517
10	71	4.81421
11	70	4.81421
46	59	4.81397
47	58	4.81397
50	63	-4.812
51	62	-4.812
35	52	4.80971
34	53	4.80971
0	23	-4.80635
1	22	-4.80635
30	81	-4.80344
31	80	-4.80344
61	78	-4.80313
60	79	-4.80313
2	29	-4.80276
3	28	-4.80276
43	82	-4.79981
42	83	-4.79981
79	86	-4.79899
78	87	-4.79899
28	33	-4.79868
29	32	-4.79868
22	81	4.79797
23	80	4.79797
52	77	4.79656
53	76	4.79656
4	29	-4.79577
5	28	-4.79577
20	47	4.79162
21	46	4.79162
12	37	4.79114
13	36	4.79114
40	45	-4.78959
41	44	-4.78959
10	83	4.78899
11	82	4.78899
48	51	-4.78474
49	50	-4.78474
60	73	-4.78433
61	72	-4.78433
27	72	-4.78355
26	73	-4.78355
41	78	-4.78201
40	79	-4.78201
87	88	-4.78188
86	89	-4.78188
15	22	-4.77951
14	23	-4.77951
42	71	-4.77843
43	70	-4.77843
26	79	-4.77666
27	78	-4.77666
25	34	-4.77474
24	35	-4.77474
19	28	-4.77359
18	29	-4.77359
3	46	-4.77293
2	47	-4.77293
3	50	4.77105
2	51	4.77105
7	56	-4.76977
6	57	-4.76977
6	61	-4.76914
7	60	-4.76914
27	82	4.76792
26	83	4.76792
31	96	4.76792
30	97	4.76792
48	99	-4.76571
49	98	-4.76571
4	85	4.76355
5	84	4.76355
74	91	-4.76353
75	90	-4.76353
9	72	4.76167
8	73	4.76167
44	87	-4.76119
45	86	-4.76119
9	88	4.76029
8	89	4.76029
33	46	-4.75822
32	47	-4.75822
68	83	-4.75793
69	82	-4.75793
46	93	-4.75376
47	92	-4.75376
41	88	-4.75333
40	89	-4.75333
29	92	-4.75152
28	93	-4.75152
24	69	-4.75095
25	68	-4.75095
53	98	-4.7493
52	99	-4.7493
20	91	-4.74881
21	90	-4.74881
10	17	-4.74866
11	16	-4.74866
14	87	4.74828
15	86	4.74828
61	76	-4.74762
60	77	-4.74762
49	86	-4.74727
48	87	-4.74727
66	99	4.74589
67	98	4.74589
59	66	-4.74558
58	67	-4.74558
5	94	-4.74538
4	95	-4.74538
30	79	-4.74465
31	78	-4.74465
10	45	-4.74426
11	44	-4.74426
18	47	-4.7438
19	46	-4.7438
26	89	-4.74345
27	88	-4.74345
55	88	-4.74128
54	89	-4.74128
26	45	-4.7412
27	44	-4.7412
12	47	4.73945
13	46	4.73945
26	37	-4.73926
27	36	-4.73926
6	83	-4.73705
7	82	-4.73705
26	47	-4.73623
27	46	-4.73623
57	88	-4.73412
56	89	-4.73412
48	57	-4.73036
49	56	-4.73036
68	87	-4.72921
69	86	-4.72921
18	37	-4.7256
19	36	-4.7256
1	86	4.72393
0	87	4.72393
15	42	-4.72352
14	43	-4.72352
54	59	-4.72296
55	58	-4.72296
11	32	4.72178
10	33	4.72178
70	89	-4.72009
71	88	-4.72009
30	91	4.71995
31	90	4.71995
7	50	-4.71987
6	51	-4.71987
25	74	-4.71718
24	75	-4.71718
55	96	4.712
54	97	4.712
14	57	4.70987
15	56	4.70987
32	51	4.70623
33	50	4.70623
24	27	4.70601
25	26	4.70601
76	93	-4.70488
77	92	-4.70488
53	54	-4.7032
52	55	-4.7032
40	49	-4.70199
41	48	-4.70199
22	29	4.70177
23	28	4.70177
57	68	-4.70075
56	69	-4.70075
24	49	-4.69976
25	48	-4.69976
49	82	-4.6991
48	83	-4.6991
3	10	4.69865
2	11	4.69865
46	57	-4.69858
47	56	-4.69858
1	4	4.69627
0	5	4.69627
39	80	-4.69444
38	81	-4.69444
5	58	-4.6942
4	59	-4.6942
46	61	-4.6941
47	60	-4.6941
30	95	-4.69341
31	94	-4.69341
9	44	4.69098
8	45	4.69098
42	97	-4.69079
43	96	-4.69079
39	50	4.6907
38	51	4.6907
83	92	4.69016
82	93	4.69016
19	50	4.68791
18	51	4.68791
23	94	4.68709
22	95	4.68709
15	34	-4.68442
14	35	-4.68442
24	77	-4.68317
25	76	-4.68317
40	69	-4.68257
41	68	-4.68257
1	42	-4.68111
0	43	-4.68111
56	79	-4.67627
57	78	-4.67627
5	14	4.67331
4	15	4.67331
65	80	-4.66988
64	81	-4.66988
48	53	4.66787
49	52	4.66787
63	70	-4.66697
62	71	-4.66697
10	57	4.66562
11	56	4.66562
33	36	-4.66551
32	37	-4.66551
42	91	-4.66451
43	90	-4.66451
59	98	-4.66293
58	99	-4.66293
9	98	-4.66239
8	99	-4.66239
43	50	-4.66211
42	51	-4.66211
67	80	-4.66165
66	81	-4.66165
7	36	4.66148
6	37	4.66148
59	96	-4.66116
58	97	-4.66116
26	29	-4.65869
27	28	-4.65869
68	99	-4.65782
69	98	-4.65782
4	47	-4.65775
5	46	-4.65775
1	56	4.65742
0	57	4.65742
46	87	-4.65703
47	86	-4.65703
9	54	-4.65661
8	55	-4.65661
88	93	-4.65129
89	92	-4.65129
23	58	4.65085
22	59	4.65085
85	86	4.65074
84	87	4.65074
70	79	-4.64868
71	78	-4.64868
3	52	-4.64814
2	53	-4.64814
14	41	4.64768
15	40	4.64768
38	99	4.64629
39	98	4.64629
32	53	-4.64591
33	52	-4.64591
33	94	-4.64356
32	95	-4.64356
55	90	4.64327
54	91	4.64327
3	88	-4.64171
2	89	-4.64171
33	80	-4.64138
32	81	-4.64138
40	47	-4.64117
41	46	-4.64117
18	79	-4.64047
19	78	-4.64047
2	37	-4.64037
3	36	-4.64037
43	46	4.63914
42	47	4.63914
26	49	-4.63879
27	48	-4.63879
2	79	-4.63718
3	78	-4.63718
1	34	-4.63554
0	35	-4.63554
62	81	4.63501
63	80	4.63501
43	84	-4.63141
42	85	-4.63141
5	34	-4.62982
4	35	-4.62982
1	40	4.62803
0	41	4.62803
60	91	4.62794
61	90	4.62794
3	94	-4.6266
2	95	-4.6266
19	88	-4.6262
18	89	-4.6262
51	88	-4.62543
50	89	-4.62543
51	66	4.62443
50	67	4.62443
32	79	-4.62239
33	78	-4.62239
79	92	-4.6209
78	93	-4.6209
32	89	-4.62089
33	88	-4.62089
18	81	-4.61809
19	80	-4.61809
11	98	4.61791
10	99	4.61791
53	92	-4.61739
52	93	-4.61739
14	75	-4.61633
15	74	-4.61633
43	60	-4.61503
42	61	-4.61503
23	34	4.61421
22	35	4.61421
3	80	-4.6141
2	81	-4.6141
26	69	-4.60871
27	68	-4.60871
20	45	4.60764
21	44	4.60764
35	64	-4.60676
34	65	-4.60676
3	76	-4.60654
2	77	-4.60654
77	94	4.60529
76	95	4.60529
43	56	-4.60503
42	57	-4.60503
65	82	4.60492
64	83	4.60492
57	72	-4.60469
56	73	-4.60469
5	52	-4.60375
4	53	-4.60375
45	60	-4.60342
44	61	-4.60342
30	89	-4.60279
31	88	-4.60279
35	84	-4.60168
34	85	-4.60168
70	73	-4.60143
71	72	-4.60143
18	73	-4.60111
19	72	-4.60111
18	95	-4.59868
19	94	-4.59868
26	99	4.59732
27	98	4.59732
36	41	-4.59684
37	40	-4.59684
50	73	-4.59626
51	72	-4.59626
36	67	-4.5954
37	66	-4.5954
11	72	-4.59474
10	73	-4.59474
28	57	-4.59226
29	56	-4.59226
7	86	-4.59159
6	87	-4.59159
59	64	-4.5915
58	65	-4.5915
4	9	-4.59134
5	8	-4.59134
77	98	-4.59096
76	99	-4.59096
16	29	4.59063
17	28	4.59063
4	73	-4.58959
5	72	-4.58959
30	59	-4.58916
31	58	-4.58916
50	79	-4.58442
51	78	-4.58442
43	62	4.58173
42	63	4.58173
57	84	4.58149
56	85	4.58149
51	76	-4.58086
50	77	-4.58086
11	24	4.5801
10	25	4.5801
64	95	-4.57964
65	94	-4.57964
38	95	-4.57952
39	94	-4.57952
3	72	-4.57606
2	73	-4.57606
35	54	-4.57453
34	55	-4.57453
3	24	4.57315
2	25	4.57315
33	76	-4.57281
32	77	-4.57281
0	75	-4.57164
1	74	-4.57164
30	53	-4.56955
31	52	-4.56955
6	93	-4.56943
7	92	-4.56943
19	52	-4.56923
18	53	-4.56923
32	73	-4.56633
33	72	-4.56633
4	75	-4.56526
5	74	-4.56526
37	86	-4.56525
36	87	-4.56525
52	69	4.56228
53	68	4.56228
40	85	4.56144
41	84	4.56144
45	58	4.56113
44	59	4.56113
22	47	4.55984
23	46	4.55984
67	94	-4.55837
66	95	-4.55837
23	52	4.5583
22	53	4.5583
76	83	-4.55806
77	82	-4.55806
61	96	4.55691
60	97	4.55691
40	99	4.55556
41	98	4.55556
34	83	-4.55286
35	82	-4.55286
37	38	-4.55149
36	39	-4.55149
48	93	-4.55049
49	92	-4.55049
9	22	4.54997
8	23	4.54997
76	87	-4.54944
77	86	-4.54944
47	70	-4.54942
46	71	-4.54942
17	36	4.54829
16	37	4.54829
17	44	4.54721
16	45	4.54721
9	38	-4.54683
8	39	-4.54683
22	75	4.54498
23	74	4.54498
8	33	-4.54485
9	32	-4.54485
11	92	4.54327
10	93	4.54327
72	93	-4.54316
73	92	-4.54316
74	85	-4.53921
75	84	-4.53921
55	74	-4.53687
54	75	-4.53687
7	40	-4.53488
6	41	-4.53488
92	95	-4.53464
93	94	-4.53464
5	78	-4.53287
4	79	-4.53287
3	8	-4.53199
2	9	-4.53199
19	76	-4.53191
18	77	-4.53191
28	61	-4.52954
29	60	-4.52954
49	94	4.52811
48	95	4.52811
76	81	4.52776
77	80	4.52776
39	70	4.5267
38	71	4.5267
64	75	-4.525
65	74	-4.525
6	15	-4.52474
7	14	-4.52474
24	65	4.5245
25	64	4.5245
62	95	4.52297
63	94	4.52297
30	35	-4.52152
31	34	-4.52152
8	31	-4.52107
9	30	-4.52107
58	91	-4.52099
59	90	-4.52099
8	67	-4.51845
9	66	-4.51845
6	27	-4.51722
7	26	-4.51722
15	68	-4.51664
14	69	-4.51664
3	48	-4.51583
2	49	-4.51583
19	42	-4.51214
18	43	-4.51214
3	6	-4.51142
2	7	-4.51142
26	77	-4.51142
27	76	-4.51142
11	78	-4.51133
10	79	-4.51133
59	78	4.50906
58	79	4.50906
63	98	-4.50874
62	99	-4.50874
75	82	-4.50839
74	83	-4.50839
19	48	-4.50834
18	49	-4.50834
44	65	-4.50814
45	64	-4.50814
35	36	4.50811
34	37	4.50811
9	62	4.50675
8	63	4.50675
12	63	4.50674
13	62	4.50674
28	87	-4.50673
29	86	-4.50673
17	62	4.50595
16	63	4.50595
2	83	4.50575
3	82	4.50575
12	79	4.50442
13	78	4.50442
68	93	-4.50363
69	92	-4.50363
12	39	-4.50336
13	38	-4.50336
36	93	-4.50155
37	92	-4.50155
29	40	-4.50108
28	41	-4.50108
19	44	-4.49674
18	45	-4.49674
86	99	4.49642
87	98	4.49642
10	75	-4.49614
11	74	-4.49614
58	73	4.49563
59	72	4.49563
32	49	-4.49542
33	48	-4.49542
8	65	-4.49415
9	64	-4.49415
36	75	4.49336
37	74	4.49336
8	77	4.49327
9	76	4.49327
13	72	4.49313
12	73	4.49313
6	33	-4.49311
7	32	-4.49311
6	19	-4.49247
7	18	-4.49247
40	77	-4.49239
41	76	-4.49239
81	92	-4.49085
80	93	-4.49085
38	43	-4.49069
39	42	-4.49069
0	69	-4.48924
1	68	-4.48924
1	6	-4.48805
0	7	-4.48805
31	84	4.48763
30	85	4.48763
20	79	4.48753
21	78	4.48753
21	84	-4.48749
20	85	-4.48749
12	45	4.4861
13	44	4.4861
8	19	-4.48502
9	18	-4.48502
15	20	-4.48475
14	21	-4.48475
7	52	4.48461
6	53	4.48461
30	75	-4.4838
31	74	-4.4838
24	33	4.48371
25	32	4.48371
23	72	4.48318
22	73	4.48318
28	65	-4.48159
29	64	-4.48159
20	73	4.48151
21	72	4.48151
52	65	-4.48127
53	64	-4.48127
56	91	4.47948
57	90	4.47948
18	69	-4.47677
19	68	-4.47677
2	69	-4.47291
3	68	-4.47291
49	80	4.47275
48	81	4.47275
42	45	4.47261
43	44	4.47261
0	21	-4.47256
1	20	-4.47256
33	42	-4.46751
32	43	-4.46751
9	92	-4.46212
8	93	-4.46212
82	89	-4.46102
83	88	-4.46102
25	88	-4.46097
24	89	-4.46097
13	88	4.45706
12	89	4.45706
33	68	-4.45617
32	69	-4.45617
16	39	-4.45571
17	38	-4.45571
43	86	-4.45487
42	87	-4.45487
74	99	-4.45417
75	98	-4.45417
36	61	-4.45417
37	60	-4.45417
11	88	-4.45367
10	89	-4.45367
34	99	-4.45318
35	98	-4.45318
57	96	4.45281
56	97	4.45281
3	42	-4.45198
2	43	-4.45198
17	96	-4.45139
16	97	-4.45139
27	42	-4.44977
26	43	-4.44977
12	67	-4.44462
13	66	-4.44462
44	51	-4.44348
45	50	-4.44348
0	11	4.44289
1	10	4.44289
37	62	4.44107
36	63	4.44107
16	99	-4.44105
17	98	-4.44105
11	14	4.43982
10	15	4.43982
14	49	-4.4398
15	48	-4.4398
11	12	-4.43785
10	13	-4.43785
68	85	-4.43757
69	84	-4.43757
80	97	-4.43727
81	96	-4.43727
7	98	-4.43703
6	99	-4.43703
13	84	-4.43666
12	85	-4.43666
10	37	-4.43621
11	36	-4.43621
6	85	-4.43483
7	84	-4.43483
33	82	4.43359
32	83	4.43359
23	78	4.43301
22	79	4.43301
11	34	-4.4298
10	35	-4.4298
42	93	-4.42963
43	92	-4.42963
58	89	4.42944
59	88	4.42944
1	30	4.42809
0	31	4.42809
67	70	4.42727
66	71	4.42727
8	49	4.42711
9	48	4.42711
27	54	4.42703
26	55	4.42703
18	99	4.42647
19	98	4.42647
32	45	-4.42618
33	44	-4.42618
69	94	4.42498
68	95	4.42498
19	20	-4.42309
18	21	-4.42309
17	72	4.42042
16	73	4.42042
3	44	-4.4197
2	45	-4.4197
87	90	4.41969
86	91	4.41969
13	96	-4.41894
12	97	-4.41894
53	66	-4.41479
52	67	-4.41479
1	48	-4.41325
0	49	-4.41325
18	25	4.41185
19	24	4.41185
41	42	-4.41044
40	43	-4.41044
11	48	-4.40928
10	49	-4.40928
17	84	-4.40911
16	85	-4.40911
42	67	-4.40773
43	66	-4.40773
14	31	4.40716
15	30	4.40716
5	88	-4.40659
4	89	-4.40659
38	53	-4.40624
39	52	-4.40624
10	85	4.405
11	84	4.405
17	46	4.40463
16	47	4.40463
0	17	-4.40402
1	16	-4.40402
29	34	4.40332
28	35	4.40332
54	85	4.40236
55	84	4.40236
10	69	-4.40197
11	68	-4.40197
32	59	-4.39757
33	58	-4.39757
28	75	4.39727
29	74	4.39727
1	12	-4.39726
0	13	-4.39726
12	99	-4.39699
13	98	-4.39699
20	33	-4.39623
21	32	-4.39623
79	82	-4.39583
78	83	-4.39583
14	17	-4.39227
15	16	-4.39227
20	89	4.39158
21	88	4.39158
72	83	-4.39055
73	82	-4.39055
10	55	4.38966
11	54	4.38966
18	83	4.38851
19	82	4.38851
13	90	-4.38746
12	91	-4.38746
58	85	-4.3857
59	84	-4.3857
19	58	-4.38298
18	59	-4.38298
6	91	-4.38058
7	90	-4.38058
17	90	-4.37911
16	91	-4.37911
46	51	-4.37863
47	50	-4.37863
28	71	-4.37832
29	70	-4.37832
24	79	-4.37764
25	78	-4.37764
16	51	-4.37103
17	50	-4.37103
69	80	4.37018
68	81	4.37018
44	57	-4.36883
45	56	-4.36883
6	97	-4.36832
7	96	-4.36832
17	78	4.36609
16	79	4.36609
49	54	-4.36579
48	55	-4.36579
37	56	-4.36353
36	57	-4.36353
48	85	-4.36306
49	84	-4.36306
0	59	-4.36286
1	58	-4.36286
28	43	4.36267
29	42	4.36267
35	70	-4.36134
34	71	-4.36134
3	58	-4.36132
2	59	-4.36132
13	54	-4.36128
12	55	-4.36128
45	70	-4.36081
44	71	-4.36081
9	96	-4.36057
8	97	-4.36057
13	14	-4.36019
12	15	-4.36019
52	57	-4.358
53	56	-4.358
14	59	-4.35658
15	58	-4.35658
19	54	4.35546
18	55	4.35546
35	42	4.355
34	43	4.355
10	31	4.35474
11	30	4.35474
0	55	4.35198
1	54	4.35198
26	81	-4.35146
27	80	-4.35146
94	97	-4.35005
95	96	-4.35005
52	63	4.34892
53	62	4.34892
16	67	-4.34817
17	66	-4.34817
60	63	-4.34734
61	62	-4.34734
14	93	4.34615
15	92	4.34615
25	72	-4.34584
24	73	-4.34584
3	20	-4.34539
2	21	-4.34539
9	68	4.34478
8	69	4.34478
44	93	-4.34426
45	92	-4.34426
17	82	-4.34073
16	83	-4.34073
22	83	-4.33823
23	82	-4.33823
41	90	4.33817
40	91	4.33817
14	55	4.33732
15	54	4.33732
26	31	4.33713
27	30	4.33713
10	47	-4.33634
11	46	-4.33634
80	91	-4.33578
81	90	-4.33578
32	99	4.33525
33	98	4.33525
15	26	4.33472
14	27	4.33472
69	90	-4.33432
68	91	-4.33432
70	75	-4.33328
71	74	-4.33328
86	97	4.33246
87	96	4.33246
0	93	4.33044
1	92	4.33044
27	94	-4.3303
26	95	-4.3303
47	64	-4.33018
46	65	-4.33018
4	13	-4.32991
5	12	-4.32991
6	95	4.32952
7	94	4.32952
43	74	4.32931
42	75	4.32931
34	51	-4.329
35	50	-4.329
15	76	-4.32681
14	77	-4.32681
41	54	4.32395
40	55	4.32395
50	75	-4.32029
51	74	-4.32029
23	88	4.31993
22	89	4.31993
17	54	-4.31988
16	55	-4.31988
13	64	-4.3183
12	65	-4.3183
96	99	4.31414
97	98	4.31414
1	26	4.31407
0	27	4.31407
20	25	-4.3137
21	24	-4.3137
26	53	-4.31118
27	52	-4.31118
2	99	4.31103
3	98	4.31103
17	88	4.31072
16	89	4.31072
12	23	4.30898
13	22	4.30898
8	91	-4.30771
9	90	-4.30771
23	24	-4.30458
22	25	-4.30458
85	92	4.301
84	93	4.301
28	67	-4.29863
29	66	-4.29863
0	77	-4.29734
1	76	-4.29734
61	98	4.29674
60	99	4.29674
68	97	-4.29557
69	96	-4.29557
13	32	-4.29398
12	33	-4.29398
54	77	-4.29357
55	76	-4.29357
17	24	-4.29288
16	25	-4.29288
45	74	4.29256
44	75	4.29256
51	64	4.29103
50	65	4.29103
8	85	-4.28905
9	84	-4.28905
11	58	-4.28735
10	59	-4.28735
57	62	-4.28249
56	63	-4.28249
3	12	-4.28169
2	13	-4.28169
12	49	4.28022
13	48	4.28022
55	68	-4.27928
54	69	-4.27928
90	95	-4.27714
91	94	-4.27714
31	48	-4.2744
30	49	-4.2744
29	38	-4.27428
28	39	-4.27428
6	81	4.27082
7	80	4.27082
32	55	4.26575
33	54	4.26575
54	87	4.26539
55	86	4.26539
5	82	4.26484
4	83	4.26484
56	95	-4.26453
57	94	-4.26453
18	31	4.26365
19	30	4.26365
13	30	-4.26229
12	31	-4.26229
27	84	4.2621
26	85	4.2621
16	69	4.26181
17	68	4.26181
49	90	-4.26065
48	91	-4.26065
34	45	4.25971
35	44	4.25971
90	99	4.25682
91	98	4.25682
41	96	4.25612
40	97	4.25612
77	84	-4.2561
76	85	-4.2561
16	49	4.25481
17	48	4.25481
6	9	4.25398
7	8	4.25398
30	41	4.2534
31	40	4.2534
16	41	-4.25208
17	40	-4.25208
13	68	4.251
12	69	4.251
38	61	4.25003
39	60	4.25003
4	27	4.2492
5	26	4.2492
36	97	-4.24831
37	96	-4.24831
16	31	-4.24544
17	30	-4.24544
1	8	-4.24351
0	9	-4.24351
5	24	4.24253
4	25	4.24253
31	76	-4.24232
30	77	-4.24232
24	47	-4.24186
25	46	-4.24186
6	63	4.2416
7	62	4.2416
11	28	-4.24158
10	29	-4.24158
5	18	4.24119
4	19	4.24119
12	19	-4.2407
13	18	-4.2407
59	92	-4.23881
58	93	-4.23881
4	17	-4.23491
5	16	-4.23491
2	55	4.23391
3	54	4.23391
64	73	-4.23356
65	72	-4.23356
12	93	-4.231
13	92	-4.231
44	67	-4.23092
45	66	-4.23092
13	50	-4.23059
12	51	-4.23059
21	82	-4.23036
20	83	-4.23036
12	77	4.22965
13	76	4.22965
17	86	-4.22768
16	87	-4.22768
49	96	-4.2253
48	97	-4.2253
36	71	-4.22527
37	70	-4.22527
56	81	-4.22509
57	80	-4.22509
6	11	-4.22365
7	10	-4.22365
81	84	-4.22337
80	85	-4.22337
9	26	-4.22325
8	27	-4.22325
45	82	-4.21962
44	83	-4.21962
52	97	-4.21904
53	96	-4.21904
13	82	-4.21816
12	83	-4.21816
47	82	-4.21763
46	83	-4.21763
92	99	4.21453
93	98	4.21453
84	95	-4.21423
85	94	-4.21423
9	14	-4.2109
8	15	-4.2109
29	50	-4.20632
28	51	-4.20632
52	85	-4.20583
53	84	-4.20583
9	10	-4.20583
8	11	-4.20583
53	60	-4.20501
52	61	-4.20501
28	63	4.2043
29	62	4.2043
64	79	-4.20387
65	78	-4.20387
16	23	4.20303
17	22	4.20303
31	68	-4.20111
30	69	-4.20111
4	11	4.20026
5	10	4.20026
8	57	-4.19981
9	56	-4.19981
76	91	-4.19802
77	90	-4.19802
30	87	4.19764
31	86	4.19764
18	23	-4.19717
19	22	-4.19717
53	90	-4.19639
52	91	-4.19639
38	57	4.19555
39	56	4.19555
14	89	-4.19548
15	88	-4.19548
22	27	-4.1949
23	26	-4.1949
60	67	4.19222
61	66	4.19222
25	58	-4.19219
24	59	-4.19219
30	33	4.1897
31	32	4.1897
0	81	-4.1879
1	80	-4.1879
11	90	4.1878
10	91	4.1878
20	93	-4.18743
21	92	-4.18743
3	14	4.18727
2	15	4.18727
46	75	4.18661
47	74	4.18661
76	97	-4.18596
77	96	-4.18596
17	42	4.18573
16	43	4.18573
34	47	4.18505
35	46	4.18505
38	45	-4.18275
39	44	-4.18275
10	21	-4.18161
11	20	-4.18161
42	65	-4.18142
43	64	-4.18142
41	80	-4.18091
40	81	-4.18091
20	27	-4.18039
21	26	-4.18039
90	93	4.18033
91	92	4.18033
52	87	-4.17973
53	86	-4.17973
1	2	4.1782
0	3	4.1782
0	89	-4.17738
1	88	-4.17738
37	42	4.17661
36	43	4.17661
41	52	-4.17599
40	53	-4.17599
41	94	-4.17561
40	95	-4.17561
16	65	-4.17451
17	64	-4.17451
1	94	-4.17406
0	95	-4.17406
36	91	-4.17175
37	90	-4.17175
15	80	-4.17156
14	81	-4.17156
63	86	-4.171
62	87	-4.171
5	32	4.16999
4	33	4.16999
62	69	4.16962
63	68	4.16962
10	81	-4.1693
11	80	-4.1693
87	94	-4.1687
86	95	-4.1687
37	50	-4.16855
36	51	-4.16855
81	86	-4.16836
80	87	-4.16836
6	39	-4.16771
7	38	-4.16771
58	83	-4.16693
59	82	-4.16693
3	30	4.16681
2	31	4.16681
10	77	-4.16667
11	76	-4.16667
11	94	-4.16415
10	95	-4.16415
56	99	4.16405
57	98	4.16405
58	77	4.16255
59	76	4.16255
49	58	4.16178
48	59	4.16178
64	71	4.16173
65	70	4.16173
61	94	-4.15988
60	95	-4.15988
1	52	-4.1586
0	53	-4.1586
35	56	-4.15623
34	57	-4.15623
3	84	4.15532
2	85	4.15532
11	22	-4.15483
10	23	-4.15483
56	67	4.1528
57	66	4.1528
6	55	-4.15219
7	54	-4.15219
15	94	-4.15006
14	95	-4.15006
24	45	-4.14898
25	44	-4.14898
54	93	4.14679
55	92	4.14679
5	40	4.14553
4	41	4.14553
46	67	-4.14522
47	66	-4.14522
60	81	-4.14503
61	80	-4.14503
14	79	-4.14341
15	78	-4.14341
57	74	-4.14329
56	75	-4.14329
26	59	-4.14287
27	58	-4.14287
14	73	-4.14242
15	72	-4.14242
3	4	4.142
2	5	4.142
85	88	-4.14141
84	89	-4.14141
10	43	-4.14083
11	42	-4.14083
14	33	4.13972
15	32	4.13972
22	33	-4.13716
23	32	-4.13716
11	52	-4.13486
10	53	-4.13486
92	97	4.13327
93	96	4.13327
7	12	4.13321
6	13	4.13321
1	32	4.13292
0	33	4.13292
51	98	4.13087
50	99	4.13087
64	89	-4.13032
65	88	-4.13032
26	91	4.13007
27	90	4.13007
73	74	4.12936
72	75	4.12936
0	73	-4.12926
1	72	-4.12926
0	79	-4.12857
1	78	-4.12857
52	71	-4.12746
53	70	-4.12746
5	48	-4.12722
4	49	-4.12722
13	40	-4.12693
12	41	-4.12693
7	16	4.12574
6	17	4.12574
30	93	4.12542
31	92	4.12542
10	97	4.12487
11	96	4.12487
15	52	-4.12396
14	53	-4.12396
38	47	-4.12221
39	46	-4.12221
4	77	-4.12165
5	76	-4.12165
8	41	-4.12097
9	40	-4.12097
40	63	-4.11859
41	62	-4.11859
6	67	-4.11784
7	66	-4.11784
20	77	4.11712
21	76	4.11712
13	24	-4.11588
12	25	-4.11588
8	87	-4.11515
9	86	-4.11515
12	87	-4.11504
13	86	-4.11504
48	63	4.11433
49	62	4.11433
2	23	-4.11399
3	22	-4.11399
33	84	4.11388
32	85	4.11388
44	63	4.11356
45	62	4.11356
39	86	4.11322
38	87	4.11322
6	31	-4.11319
7	30	-4.11319
59	68	4.11256
58	69	4.11256
34	61	-4.11236
35	60	-4.11236
23	50	-4.11181
22	51	-4.11181
39	68	-4.11028
38	69	-4.11028
84	99	4.10933
85	98	4.10933
20	49	4.10858
21	48	4.10858
55	60	4.10851
54	61	4.10851
60	75	-4.10689
61	74	-4.10689
31	82	4.10644
30	83	4.10644
34	73	4.10629
35	72	4.10629
43	52	4.10436
42	53	4.10436
24	29	-4.10345
25	28	-4.10345
22	41	-4.10321
23	40	-4.10321
18	65	4.1032
19	64	4.1032
5	86	4.1031
4	87	4.1031
15	18	4.10185
14	19	4.10185
25	30	4.10171
24	31	4.10171
17	70	-4.10157
16	71	-4.10157
16	61	-4.10089
17	60	-4.10089
16	33	-4.10084
17	32	-4.10084
9	60	-4.09935
8	61	-4.09935
73	84	-4.0985
72	85	-4.0985
75	78	4.09763
74	79	4.09763
78	85	-4.09746
79	84	-4.09746
5	92	4.09631
4	93	4.09631
70	99	4.09547
71	98	4.09547
41	74	-4.09522
40	75	-4.09522
27	96	4.09384
26	97	4.09384
22	77	4.09352
23	76	4.09352
64	93	4.0926
65	92	4.0926
62	77	4.09255
63	76	4.09255
1	18	4.0924
0	19	4.0924
43	98	-4.09239
42	99	-4.09239
23	92	-4.0919
22	93	-4.0919
50	59	-4.09163
51	58	-4.09163
75	86	-4.08966
74	87	-4.08966
7	34	4.0885
6	35	4.0885
16	27	-4.08801
17	26	-4.08801
67	86	4.08718
66	87	4.08718
19	34	-4.08664
18	35	-4.08664
1	98	4.08602
0	99	4.08602
2	17	-4.08555
3	16	-4.08555
17	18	-4.08511
16	19	-4.08511
12	27	-4.0839
13	26	-4.0839
17	76	4.08285
16	77	4.08285
21	42	4.08263
20	43	4.08263
56	65	4.08251
57	64	4.08251
29	96	-4.08246
28	97	-4.08246
7	74	4.08201
6	75	4.08201
35	78	4.08142
34	79	4.08142
14	99	4.08003
15	98	4.08003
23	48	4.07993
22	49	4.07993
28	83	-4.07962
29	82	-4.07962
19	74	-4.07741
18	75	-4.07741
33	34	-4.07726
32	35	-4.07726
26	65	4.07637
27	64	4.07637
22	43	4.07589
23	42	4.07589
54	83	4.0758
55	82	4.0758
5	68	-4.0758
4	69	-4.0758
8	51	-4.07536
9	50	-4.07536
47	62	4.07513
46	63	4.07513
38	41	4.07489
39	40	4.07489
51	52	-4.07364
50	53	-4.07364
67	68	-4.07362
66	69	-4.07362
33	64	4.07329
32	65	4.07329
5	50	4.07329
4	51	4.07329
34	41	-4.07205
35	40	-4.07205
40	59	-4.07198
41	58	-4.07198
34	87	-4.07167
35	86	-4.07167
33	74	-4.07138
32	75	-4.07138
66	73	-4.07131
67	72	-4.07131
18	85	4.07075
19	84	4.07075
70	95	-4.07033
71	94	-4.07033
24	55	4.06902
25	54	4.06902
22	87	-4.06796
23	86	-4.06796
55	56	4.06724
54	57	4.06724
12	43	4.06675
13	42	4.06675
21	50	-4.06672
20	51	-4.06672
30	57	4.0661
31	56	4.0661
39	48	-4.06573
38	49	-4.06573
9	82	-4.0656
8	83	-4.0656
88	91	-4.06428
89	90	-4.06428
2	65	4.06226
3	64	4.06226
30	61	4.06029
31	60	4.06029
21	68	4.05982
20	69	4.05982
41	66	4.0585
40	67	4.0585
67	78	-4.0562
66	79	-4.0562
58	87	-4.05574
59	86	-4.05574
2	91	4.05554
3	90	4.05554
2	35	-4.05485
3	34	-4.05485
38	73	-4.05483
39	72	-4.05483
74	89	4.05411
75	88	4.05411
70	81	-4.05326
71	80	-4.05326
21	40	-4.05289
20	41	-4.05289
69	74	4.05154
68	75	4.05154
15	44	-4.05098
14	45	-4.05098
3	74	-4.05041
2	75	-4.05041
20	71	-4.05016
21	70	-4.05016
18	67	4.04903
19	66	4.04903
18	39	4.04899
19	38	4.04899
57	58	-4.04876
56	59	-4.04876
23	70	-4.04875
22	71	-4.04875
11	64	4.04863
10	65	4.04863
62	93	-4.04819
63	92	-4.04819
4	43	-4.04786
5	42	-4.04786
89	96	-4.04759
88	97	-4.04759
13	56	-4.04679
12	57	-4.04679
38	77	-4.04655
39	76	-4.04655
1	44	-4.04649
0	45	-4.04649
64	77	-4.04513
65	76	-4.04513
37	84	-4.04501
36	85	-4.04501
28	91	-4.04434
29	90	-4.04434
38	79	-4.04397
39	78	-4.04397
13	60	-4.04363
12	61	-4.04363
11	62	-4.04261
10	63	-4.04261
6	59	4.04228
7	58	4.04228
36	83	-4.04218
37	82	-4.04218
16	93	-4.04218
17	92	-4.04218
23	56	-4.0419
22	57	-4.0419
34	69	4.04153
35	68	4.04153
50	95	-4.04088
51	94	-4.04088
35	88	4.04046
34	89	4.04046
22	69	4.04034
23	68	4.04034
26	63	-4.03834
27	62	-4.03834
66	93	4.03808
67	92	4.03808
48	67	-4.0371
49	66	-4.0371
45	96	-4.03663
44	97	-4.03663
20	57	-4.03654
21	56	-4.03654
14	47	-4.03628
15	46	-4.03628
24	37	-4.03607
25	36	-4.03607
21	86	-4.03513
20	87	-4.03513
73	90	-4.03474
72	91	-4.03474
78	91	-4.03461
79	90	-4.03461
4	57	4.03422
5	56	4.03422
14	37	-4.03378
15	36	-4.03378
8	71	-4.03363
9	70	-4.03363
48	75	4.03341
49	74	4.03341
42	59	4.03309
43	58	4.03309
1	36	-4.03308
0	37	-4.03308
25	80	-4.03236
24	81	-4.03236
45	84	-4.03233
44	85	-4.03233
60	65	4.0321
61	64	4.0321
26	39	4.03187
27	38	4.03187
18	63	-4.03165
19	62	-4.03165
43	94	4.03104
42	95	4.03104
52	83	-4.03097
53	82	-4.03097
35	92	-4.03094
34	93	-4.03094
41	64	4.03056
40	65	4.03056
1	46	-4.03013
0	47	-4.03013
26	67	4.02981
27	66	4.02981
3	96	4.02958
2	97	4.02958
62	73	4.02936
63	72	4.02936
32	91	4.02927
33	90	4.02927
75	92	-4.02839
74	93	-4.02839
5	6	-4.02829
4	7	-4.02829
38	93	4.02644
39	92	4.02644
80	83	-4.02579
81	82	-4.02579
66	77	-4.02563
67	76	-4.02563
78	97	-4.02562
79	96	-4.02562
50	55	4.02504
51	54	4.02504
44	91	-4.02483
45	90	-4.02483
72	97	-4.02463
73	96	-4.02463
4	71	4.02415
5	70	4.02415
62	79	4.02409
63	78	4.02409
82	95	-4.02362
83	94	-4.02362
50	81	-4.02296
51	80	-4.02296
82	99	4.02295
83	98	4.02295
9	24	-4.0225
8	25	-4.0225
6	65	-4.02212
7	64	-4.02212
35	48	4.02206
34	49	4.02206
65	86	4.0212
64	87	4.0212
66	89	-4.02108
67	88	-4.02108
31	50	4.02085
30	51	4.02085
35	76	4.02085
34	77	4.02085
8	43	4.02035
9	42	4.02035
7	20	4.01999
6	21	4.01999
46	85	-4.01974
47	84	-4.01974
32	67	4.01954
33	66	4.01954
39	88	-4.01819
38	89	-4.01819
28	85	-4.01805
29	84	-4.01805
30	43	-4.0167
31	42	-4.0167
75	76	4.01636
74	77	4.01636
63	88	4.01619
62	89	4.01619
7	22	4.01585
6	23	4.01585
5	60	4.01563
4	61	4.01563
47	96	-4.01563
46	97	-4.01563
32	39	4.0154
33	38	4.0154
10	39	4.01433
11	38	4.01433
59	70	-4.01382
58	71	-4.01382
19	96	4.0136
18	97	4.0136
42	81	4.01344
43	80	4.01344
19	90	4.01337
18	91	4.01337
26	75	-4.01289
27	74	-4.01289
32	97	4.01286
33	96	4.01286
25	94	-4.01253
24	95	-4.01253
58	61	-4.01253
59	60	-4.01253
20	61	-4.01115
21	60	-4.01115
2	67	4.00875
3	66	4.00875
17	56	-4.00691
16	57	-4.00691
0	29	-4.00691
1	28	-4.00691
11	66	4.00673
10	67	4.00673
32	63	-4.0067
33	62	-4.0067
13	70	-4.00659
12	71	-4.00659
27	34	-4.00652
26	35	-4.00652
49	64	-4.00575
48	65	-4.00575
31	70	4.00574
30	71	4.00574
22	61	-4.00521
23	60	-4.00521
54	71	4.00493
55	70	4.00493
42	55	-4.00333
43	54	-4.00333
2	39	4.00324
3	38	4.00324
2	63	-4.00227
3	62	-4.00227
14	29	-4.00182
15	28	-4.00182
47	90	-4.00147
46	91	-4.00147
24	53	-4.00145
25	52	-4.00145
24	99	4.00091
25	98	4.00091
64	69	-4.00022
65	68	-4.00022
0	14	2.99718
34	74	2.99654
0	84	2.9962
2	32	2.99571
4	22	-2.99564
40	86	2.9951
48	68	2.99465
72	78	2.99354
80	94	2.99297
78	88	2.99232
38	62	-2.99137
30	54	2.98881
14	84	2.98751
38	66	2.98663
18	32	2.98431
8	94	2.98376
90	96	2.98191
62	96	-2.98027
52	94	2.9788
72	88	2.97661
4	30	2.97157
8	52	2.96886
2	18	2.96744
8	80	2.96699
22	64	-2.96688
6	68	2.96627
28	46	2.96406
6	76	2.96102
14	90	2.96048
62	66	-2.96
84	90	2.95816
0	90	2.95761
20	58	2.95593
4	54	2.9551
38	96	2.95471
2	92	2.9534
6	48	2.9527
22	30	-2.95189
46	78	2.95187
52	80	2.94935
50	82	2.94405
62	90	-2.9414
60	86	2.94008
4	64	2.94002
26	40	2.9392
46	88	2.93806
48	76	2.93798
44	72	2.93776
48	88	2.93731
54	98	2.93552
24	82	2.93426
8	58	2.92817
26	86	2.92593
68	76	2.9256
22	54	-2.92493
46	72	2.92485
8	12	2.92484
12	58	2.92477
60	70	2.92468
64	66	2.92436
14	82	2.92407
32	92	2.92258
38	90	2.92172
58	80	2.91907
66	96	2.91826
56	70	2.91793
56	92	2.91507
14	96	2.9131
12	16	2.90786
0	82	2.90688
66	90	2.90561
40	60	2.90475
28	36	2.90435
58	94	2.90131
24	70	2.89987
0	96	2.89976
44	78	2.89914
68	88	2.89797
30	98	2.89717
48	78	2.89609
84	96	2.89294
20	80	2.89272
6	42	2.89172
18	26	2.89169
44	98	-2.88462
76	88	2.88315
36	98	-2.88201
56	60	2.88102
48	72	2.87758
36	46	2.87584
82	84	2.87185
36	44	2.86968
50	60	2.86547
28	52	2.86273
38	64	2.86008
18	92	2.85331
68	78	2.8499
12	94	2.84972
30	64	2.84951
10	40	2.84851
44	88	2.84652
20	94	2.84629
16	74	2.84595
28	78	2.8458
26	60	2.84578
26	32	2.84403
50	70	2.84179
28	94	2.84057
24	50	2.83708
2	26	2.83666
8	20	2.83623
22	66	-2.83373
16	58	2.83307
68	72	2.83274
20	34	2.83012
28	80	2.82931
12	80	2.82868
14	24	2.82709
14	62	-2.82499
12	52	2.82461
76	78	2.82349
70	82	2.82278
44	46	2.82236
52	58	2.82041
6	88	2.81937
28	88	2.81876
50	86	2.81838
36	72	2.81607
62	84	-2.81357
28	72	2.8135
0	62	-2.8131
58	74	2.81307
20	74	2.81287
10	86	2.81048
34	58	2.8102
16	34	2.808
36	78	2.80698
54	64	2.80334
82	90	2.80327
42	68	2.80255
2	56	2.79986
4	98	2.79586
4	66	2.79556
36	54	-2.79452
62	64	-2.79309
38	84	2.7902
0	24	2.78963
66	84	2.78895
14	38	2.78589
14	50	2.78318
12	20	2.78225
0	38	2.78047
46	48	2.77749
46	76	2.77517
40	50	2.77425
72	76	2.77414
0	50	2.77133
0	66	2.76804
22	38	-2.7671
14	66	2.76392
42	76	2.76228
70	86	2.75841
82	96	2.75739
36	80	2.75459
8	28	2.75444
60	92	2.75249
6	78	2.751
42	48	2.75087
32	56	2.74891
24	96	2.74709
22	98	-2.74336
36	88	2.74212
24	90	2.7406
26	92	2.74008
24	84	2.73996
60	82	2.73793
28	44	2.73581
50	84	2.73387
20	52	2.73228
4	38	2.73154
24	60	2.73114
46	52	2.72862
36	94	2.72391
64	90	2.72221
64	96	2.71888
8	16	2.71718
10	26	2.71644
46	68	2.71509
6	72	2.71506
2	60	2.71482
56	86	2.71482
12	74	2.70974
30	36	-2.70946
72	98	-2.7093
18	40	2.70848
70	92	2.70832
26	56	2.7021
40	70	2.7001
16	20	2.70002
44	48	2.69895
18	86	2.69828
24	56	2.69131
22	62	2.68846
46	94	2.68716
12	34	2.68419
44	54	-2.68417
36	52	2.68311
32	60	2.68126
18	56	2.67994
2	86	2.67568
46	80	2.67123
18	60	2.66938
40	56	2.66726
2	40	2.66683
32	86	2.66469
32	40	2.66257
78	98	-2.66197
4	62	-2.6512
46	98	-2.65117
30	66	2.64945
44	68	2.64885
4	36	-2.64353
6	46	2.64098
50	56	2.63909
28	98	-2.63887
28	76	2.63705
86	92	2.63623
24	62	-2.63541
62	82	-2.63052
26	70	2.6251
16	94	2.62341
82	86	2.62271
16	80	2.6216
54	66	2.61648
30	44	-2.61586
8	36	2.61279
64	84	2.61255
10	60	2.61226
28	48	2.61167
40	92	2.60722
50	90	2.60713
10	50	2.60669
20	36	2.60493
14	70	2.60166
34	62	2.59687
8	46	2.59275
20	38	-2.592
26	50	2.58604
22	96	-2.58568
22	36	2.58462
2	70	2.58436
88	98	-2.58271
20	62	2.58137
28	58	2.58051
56	82	2.57934
30	38	2.57837
8	74	2.57734
64	98	2.57381
0	64	2.57354
34	80	2.57094
8	34	2.56935
22	90	-2.56835
20	28	2.5679
0	70	2.56647
74	80	2.56644
40	82	2.56507
38	82	2.56442
16	52	2.5632
44	76	2.55726
14	64	2.5563
38	54	2.55623
34	38	-2.55551
24	38	2.55437
24	86	2.54952
62	74	2.5435
28	68	2.54255
50	96	2.54097
34	96	-2.54077
4	96	2.54035
20	66	-2.5394
52	78	2.53757
36	58	2.53749
32	70	2.53216
28	54	-2.53195
74	94	2.52467
34	94	2.52441
42	88	2.52252
4	20	-2.52024
66	82	2.52009
52	88	2.51729
12	28	2.51641
4	90	2.51537
20	54	-2.51447
70	84	2.5139
36	48	2.50674
38	74	-2.50186
6	44	2.50171
20	22	2.49772
78	94	2.49675
52	72	2.49514
30	62	-2.49477
74	96	-2.49034
46	54	-2.48954
54	72	-2.48665
24	40	2.48574
18	70	2.48456
78	80	2.48402
54	80	-2.48394
24	66	2.48371
14	60	2.48045
80	98	-2.47994
4	44	-2.47973
6	28	2.47534
54	62	-2.47458
20	96	-2.47
72	94	2.46653
70	90	2.46343
88	94	2.46131
34	66	-2.46109
72	80	2.46019
20	64	-2.45796
0	60	2.45732
24	42	-2.45427
36	76	2.45373
44	80	2.45162
70	96	2.45132
54	78	-2.44817
20	30	-2.4478
28	30	-2.44602
42	78	2.44412
50	92	2.4409
80	88	2.44073
6	70	-2.43992
22	84	-2.43921
36	68	2.43862
10	18	2.43394
20	98	-2.43388
44	94	2.43349
94	98	-2.43229
4	80	-2.43157
36	64	-2.42785
34	90	-2.42741
56	76	-2.42565
54	94	-2.42463
70	76	-2.4234
48	60	-2.4229
38	58	-2.42243
68	70	-2.42008
58	62	2.41933
44	52	2.41839
22	44	2.4181
24	92	2.41768
48	70	-2.41753
42	72	2.4157
60	68	-2.41534
60	88	-2.41476
6	24	-2.41329
72	86	-2.41144
60	84	2.41139
30	72	-2.41045
52	74	2.40971
66	74	-2.40949
8	78	2.40914
50	68	-2.40891
30	46	-2.40819
40	72	-2.40758
10	70	2.40711
46	58	2.40699
50	62	-2.406
34	52	2.40485
0	22	-2.40317
30	80	-2.40172
60	78	-2.40157
2	28	-2.40138
42	82	-2.3999
78	86	-2.3995
28	32	-2.39934
22	80	2.39899
52	76	2.39828
4	28	-2.39788
20	46	2.39581
12	36	2.39557
40	44	-2.3948
10	82	2.3945
48	50	-2.39237
60	72	-2.39216
26	72	-2.39177
40	78	-2.391
86	88	-2.39094
14	22	-2.38975
42	70	-2.38921
26	78	-2.38833
24	34	-2.38737
18	28	-2.3868
2	46	-2.38647
2	50	2.38553
6	56	-2.38489
6	60	-2.38457
26	82	2.38396
30	96	2.38396
48	98	-2.38285
4	84	2.38177
74	90	-2.38176
8	72	2.38083
44	86	-2.3806
8	88	2.38015
32	46	-2.37911
68	82	-2.37897
46	92	-2.37688
40	88	-2.37667
28	92	-2.37576
24	68	-2.37548
52	98	-2.37465
20	90	-2.3744
10	16	-2.37433
14	86	2.37414
60	76	-2.37381
48	86	-2.37364
66	98	2.37294
58	66	-2.37279
4	94	-2.37269
30	78	-2.37233
10	44	-2.37213
18	46	-2.3719
26	88	-2.37173
54	88	-2.37064
26	44	-2.3706
12	46	2.36973
26	36	-2.36963
6	82	-2.36853
26	46	-2.36812
56	88	-2.36706
48	56	-2.36518
68	86	-2.36461
18	36	-2.3628
0	86	2.36196
14	42	-2.36176
54	58	-2.36148
10	32	2.36089
70	88	-2.36005
30	90	2.35997
6	50	-2.35994
24	74	-2.35859
54	96	2.356
14	56	2.35493
32	50	2.35311
24	26	2.35301
76	92	-2.35244
52	54	-2.3516
40	48	-2.351
22	28	2.35088
56	68	-2.35037
24	48	-2.34988
48	82	-2.34955
2	10	2.34933
46	56	-2.34929
0	4	2.34814
38	80	-2.34722
4	58	-2.3471
46	60	-2.34705
30	94	-2.34671
8	44	2.34549
42	96	-2.34539
38	50	2.34535
82	92	2.34508
18	50	2.34396
22	94	2.34354
14	34	-2.34221
24	76	-2.34158
40	68	-2.34129
0	42	-2.34055
56	78	-2.33813
4	14	2.33665
64	80	-2.33494
48	52	2.33393
62	70	-2.33348
10	56	2.33281
32	36	-2.33276
42	90	-2.33226
58	98	-2.33146
8	98	-2.33119
42	50	-2.33105
66	80	-2.33082
6	36	2.33074
58	96	-2.33058
26	28	-2.32934
68	98	-2.32891
4	46	-2.32887
0	56	2.32871
46	86	-2.32851
8	54	-2.3283
88	92	-2.32564
22	58	2.32543
84	86	2.32537
70	78	-2.32434
2	52	-2.32407
14	40	2.32384
38	98	2.32315
32	52	-2.32295
32	94	-2.32178
54	90	2.32163
2	88	-2.32085
32	80	-2.32069
40	46	-2.32059
18	78	-2.32024
2	36	-2.32018
42	46	2.31957
26	48	-2.31939
2	78	-2.31859
0	34	-2.31777
62	80	2.3175
42	84	-2.31571
4	34	-2.31491
0	40	2.31402
60	90	2.31397
2	94	-2.3133
18	88	-2.3131
50	88	-2.31271
50	66	2.31221
32	78	-2.31119
78	92	-2.31045
32	88	-2.31044
18	80	-2.30904
10	98	2.30895
52	92	-2.3087
14	74	-2.30817
42	60	-2.30752
22	34	2.3071
2	80	-2.30705
26	68	-2.30436
20	44	2.30382
34	64	-2.30338
2	76	-2.30327
76	94	2.30264
42	56	-2.30252
64	82	2.30246
56	72	-2.30234
4	52	-2.30188
44	60	-2.30171
30	88	-2.3014
34	84	-2.30084
70	72	-2.30071
18	72	-2.30056
18	94	-2.29934
26	98	2.29866
36	40	-2.29842
50	72	-2.29813
36	66	-2.2977
10	72	-2.29737
28	56	-2.29613
6	86	-2.2958
58	64	-2.29575
4	8	-2.29567
76	98	-2.29548
16	28	2.29531
4	72	-2.29479
30	58	-2.29458
50	78	-2.29221
42	62	2.29086
56	84	2.29074
50	76	-2.29043
10	24	2.29005
64	94	-2.28982
38	94	-2.28976
2	72	-2.28803
34	54	-2.28727
2	24	2.28657
32	76	-2.28641
0	74	-2.28582
30	52	-2.28478
6	92	-2.28472
18	52	-2.28461
32	72	-2.28316
4	74	-2.28263
36	86	-2.28263
52	68	2.28114
40	84	2.28072
44	58	2.28056
22	46	2.27992
66	94	-2.27918
22	52	2.27915
76	82	-2.27903
60	96	2.27845
40	98	2.27778
34	82	-2.27643
36	38	-2.27575
48	92	-2.27524
8	22	2.27499
76	86	-2.27472
46	70	-2.27471
16	36	2.27414
16	44	2.2736
8	38	-2.27341
22	74	2.27249
8	32	-2.27242
10	92	2.27163
72	92	-2.27158
74	84	-2.2696
54	74	-2.26844
6	40	-2.26744
92	94	-2.26732
4	78	-2.26644
2	8	-2.26599
18	76	-2.26596
28	60	-2.26477
48	94	2.26406
76	80	2.26388
38	70	2.26335
64	74	-2.2625
6	14	-2.26237
24	64	2.26225
62	94	2.26149
30	34	-2.26076
8	30	-2.26054
58	90	-2.2605
8	66	-2.25922
6	26	-2.25861
14	68	-2.25832
2	48	-2.25791
18	42	-2.25607
2	6	-2.25571
26	76	-2.25571
10	78	-2.25566
58	78	2.25453
62	98	-2.25437
74	82	-2.2542
18	48	-2.25417
44	64	-2.25407
34	36	2.25406
8	62	2.25337
12	62	2.25337
28	86	-2.25337
16	62	2.25297
2	82	2.25288
12	78	2.25221
68	92	-2.25182
12	38	-2.25168
36	92	-2.25077
28	40	-2.25054
18	44	-2.24837
86	98	2.24821
10	74	-2.24807
58	72	2.24781
32	48	-2.24771
8	64	-2.24707
36	74	2.24668
8	76	2.24664
12	72	2.24657
6	32	-2.24656
6	18	-2.24624
40	76	-2.2462
80	92	-2.24543
38	42	-2.24535
0	68	-2.24462
0	6	-2.24403
30	84	2.24382
20	78	2.24376
20	84	-2.24375
12	44	2.24305
8	18	-2.24251
14	20	-2.24238
6	52	2.2423
30	74	-2.2419
24	32	2.24186
22	72	2.24159
28	64	-2.2408
20	72	2.24076
52	64	-2.24063
56	90	2.23974
18	68	-2.23838
2	68	-2.23645
48	80	2.23638
42	44	2.2363
0	20	-2.23628
32	42	-2.23375
8	92	-2.23106
82	88	-2.23051
24	88	-2.23049
12	88	2.22853
32	68	-2.22808
16	38	-2.22786
42	86	-2.22743
74	98	-2.22709
36	60	-2.22709
10	88	-2.22683
34	98	-2.22659
56	96	2.22641
2	42	-2.22599
16	96	-2.2257
26	42	-2.22488
12	66	-2.22231
44	50	-2.22174
0	10	2.22145
36	62	2.22053
16	98	-2.22053
10	14	2.21991
14	48	-2.2199
10	12	-2.21893
68	84	-2.21879
80	96	-2.21863
6	98	-2.21851
12	84	-2.21833
10	36	-2.2181
6	84	-2.21741
32	82	2.21679
22	78	2.21651
10	34	-2.2149
42	92	-2.21481
58	88	2.21472
0	30	2.21404
66	70	2.21363
8	48	2.21356
26	54	2.21351
18	98	2.21324
32	44	-2.21309
68	94	2.21249
18	20	-2.21154
16	72	2.21021
2	44	-2.20985
86	90	2.20985
12	96	-2.20947
52	66	-2.2074
0	48	-2.20662
18	24	2.20593
40	42	-2.20522
10	48	-2.20464
16	84	-2.20456
42	66	-2.20387
14	30	2.20358
4	88	-2.2033
38	52	-2.20312
10	84	2.2025
16	46	2.20232
0	16	-2.20201
28	34	2.20166
54	84	2.20118
10	68	-2.20098
32	58	-2.19878
28	74	2.19863
0	12	-2.19863
12	98	-2.1985
20	32	-2.19812
78	82	-2.19792
14	16	-2.19613
20	88	2.19579
72	82	-2.19528
10	54	2.19483
18	82	2.19425
12	90	-2.19373
58	84	-2.19285
18	58	-2.19149
6	90	-2.19029
16	90	-2.18956
46	50	-2.18932
28	70	-2.18916
24	78	-2.18882
16	50	-2.18552
68	80	2.18509
44	56	-2.18442
6	96	-2.18416
16	78	2.18304
48	54	-2.1829
36	56	-2.18176
48	84	-2.18153
0	58	-2.18143
28	42	2.18134
34	70	-2.18067
2	58	-2.18066
12	54	-2.18064
44	70	-2.1804
8	96	-2.18028
12	14	-2.1801
52	56	-2.179
14	58	-2.17829
18	54	2.17773
34	42	2.1775
10	30	2.17737
0	54	2.17599
26	80	-2.17573
94	96	-2.17502
52	62	2.17446
16	66	-2.17409
60	62	-2.17367
14	92	2.17307
24	72	-2.17292
2	20	-2.17269
8	68	2.17239
44	92	-2.17213
16	82	-2.17036
22	82	-2.16911
40	90	2.16909
14	54	2.16866
26	30	2.16856
10	46	-2.16817
80	90	-2.16789
32	98	2.16763
14	26	2.16736
68	90	-2.16716
70	74	-2.16664
86	96	2.16623
0	92	2.16522
26	94	-2.16515
46	64	-2.16509
4	12	-2.16496
6	94	2.16476
42	74	2.16466
34	50	-2.1645
14	76	-2.1634
40	54	2.16198
50	74	-2.16015
22	88	2.15997
16	54	-2.15994
12	64	-2.15915
96	98	2.15707
0	26	2.15704
20	24	-2.15685
26	52	-2.15559
2	98	2.15552
16	88	2.15536
12	22	2.15449
8	90	-2.15385
22	24	-2.15229
84	92	2.1505
28	66	-2.14932
0	76	-2.14867
60	98	2.14837
68	96	-2.14779
12	32	-2.14699
54	76	-2.14679
16	24	-2.14644
44	74	2.14628
50	64	2.14551
8	84	-2.14453
10	58	-2.14367
56	62	-2.14125
2	12	-2.14085
12	48	2.14011
54	68	-2.13964
90	94	-2.13857
30	48	-2.1372
28	38	-2.13714
6	80	2.13541
32	54	2.13288
54	86	2.1327
4	82	2.13242
56	94	-2.13227
18	30	2.13182
12	30	-2.13114
26	84	2.13105
16	68	2.1309
48	90	-2.13032
34	44	2.12986
90	98	2.12841
40	96	2.12806
76	84	-2.12805
16	48	2.12741
6	8	2.12699
30	40	2.1267
16	40	-2.12604
12	68	2.1255
38	60	2.12502
4	26	2.1246
36	96	-2.12415
16	30	-2.12272
0	8	-2.12175
4	24	2.12127
30	76	-2.12116
24	46	-2.12093
6	62	2.1208
10	28	-2.12079
4	18	2.1206
12	18	-2.12035
58	92	-2.1194
4	16	-2.11746
2	54	2.11696
64	72	-2.11678
12	92	-2.1155
44	66	-2.11546
12	50	-2.11529
20	82	-2.11518
12	76	2.11483
16	86	-2.11384
48	96	-2.11265
36	70	-2.11264
56	80	-2.11254
6	10	-2.11182
80	84	-2.11168
8	26	-2.11162
44	82	-2.10981
52	96	-2.10952
12	82	-2.10908
46	82	-2.10882
92	98	2.10726
84	94	-2.10711
8	14	-2.10545
28	50	-2.10316
52	84	-2.10292
8	10	-2.10291
52	60	-2.1025
28	62	2.10215
64	78	-2.10193
16	22	2.10151
30	68	-2.10056
4	10	2.10013
8	56	-2.09991
76	90	-2.09901
30	86	2.09882
18	22	-2.09859
52	90	-2.09819
38	56	2.09778
14	88	-2.09774
22	26	-2.09745
60	66	2.09611
24	58	-2.0961
30	32	2.09485
0	80	-2.09395
10	90	2.0939
20	92	-2.09371
2	14	2.09364
46	74	2.0933
76	96	-2.09298
16	42	2.09286
34	46	2.09253
38	44	-2.09138
10	20	-2.0908
42	64	-2.09071
40	80	-2.09045
20	26	-2.0902
90	92	2.09017
52	86	-2.08987
0	2	2.0891
0	88	-2.08869
36	42	2.0883
40	52	-2.08799
40	94	-2.08781
16	64	-2.08725
0	94	-2.08703
36	90	-2.08587
14	80	-2.08578
62	86	-2.0855
4	32	2.085
62	68	2.08481
10	80	-2.08465
86	94	-2.08435
36	50	-2.08427
80	86	-2.08418
6	38	-2.08386
58	82	-2.08346
2	30	2.0834
10	76	-2.08333
10	94	-2.08208
56	98	2.08202
58	76	2.08128
48	58	2.08089
64	70	2.08087
60	94	-2.07994
0	52	-2.0793
34	56	-2.07812
2	84	2.07766
10	22	-2.07741
56	66	2.0764
6	54	-2.0761
14	94	-2.07503
24	44	-2.07449
54	92	2.07339
4	40	2.07277
46	66	-2.07261
60	80	-2.07252
14	78	-2.0717
56	74	-2.07164
26	58	-2.07143
14	72	-2.07121
2	4	2.071
84	88	-2.0707
10	42	-2.07041
14	32	2.06986
22	32	-2.06858
10	52	-2.06743
92	96	2.06663
6	12	2.06661
0	32	2.06646
50	98	2.06544
64	88	-2.06516
26	90	2.06503
72	74	2.06468
0	72	-2.06463
0	78	-2.06429
52	70	-2.06373
4	48	-2.06361
12	40	-2.06347
6	16	2.06287
30	92	2.06271
10	96	2.06244
14	52	-2.06198
38	46	-2.06111
4	76	-2.06082
8	40	-2.06049
40	62	-2.0593
6	66	-2.05892
20	76	2.05856
12	24	-2.05794
8	86	-2.05757
12	86	-2.05752
48	62	2.05716
2	22	-2.05699
32	84	2.05694
44	62	2.05678
38	86	2.05661
6	30	-2.05659
58	68	2.05628
34	60	-2.05618
22	50	-2.05591
38	68	-2.05514
84	98	2.05466
20	48	2.05429
54	60	2.05425
60	74	-2.05344
30	82	2.05322
34	72	2.05315
42	52	2.05218
24	28	-2.05172
22	40	-2.05161
18	64	2.0516
4	86	2.05155
14	18	2.05092
24	30	2.05086
16	70	-2.05079
16	60	-2.05045
16	32	-2.05042
8	60	-2.04967
72	84	-2.04925
74	78	2.04882
78	84	-2.04873
4	92	2.04815
70	98	2.04773
40	74	-2.04761
26	96	2.04692
22	76	2.04676
64	92	2.0463
62	76	2.04627
0	18	2.0462
42	98	-2.04619
22	92	-2.04595
50	58	-2.04582
74	86	-2.04483
6	34	2.04425
16	26	-2.04401
66	86	2.04359
18	34	-2.04332
0	98	2.04301
2	16	-2.04278
16	18	-2.04256
12	26	-2.04195
16	76	2.04142
20	42	2.04132
56	64	2.04125
28	96	-2.04123
6	74	2.041
34	78	2.04071
14	98	2.04002
22	48	2.03996
28	82	-2.03981
18	74	-2.03871
32	34	-2.03863
26	64	2.03819
22	42	2.03795
54	82	2.0379
4	68	-2.0379
8	50	-2.03768
46	62	2.03757
38	40	2.03745
50	52	-2.03682
66	68	-2.03681
32	64	2.03664
4	50	2.03664
34	40	-2.03602
40	58	-2.03599
34	86	-2.03584
32	74	-2.03569
66	72	-2.03566
18	84	2.03538
70	94	-2.03517
24	54	2.03451
22	86	-2.03398
54	56	2.03362
12	42	2.03337
20	50	-2.03336
30	56	2.03305
38	48	-2.03287
8	82	-2.0328
88	90	-2.03214
2	64	2.03113
30	60	2.03014
20	68	2.02991
40	66	2.02925
66	78	-2.0281
58	86	-2.02787
2	90	2.02777
2	34	-2.02742
38	72	-2.02741
74	88	2.02705
70	80	-2.02663
20	40	-2.02644
68	74	2.02577
14	44	-2.02549
2	74	-2.02521
20	70	-2.02508
18	66	2.02451
18	38	2.0245
56	58	-2.02438
22	70	-2.02437
10	64	2.02432
62	92	-2.02409
4	42	-2.02393
88	96	-2.0238
12	56	-2.02339
38	76	-2.02327
0	44	-2.02325
64	76	-2.02256
36	84	-2.0225
28	90	-2.02217
38	78	-2.02199
12	60	-2.02182
10	62	-2.0213
6	58	2.02114
36	82	-2.02109
16	92	-2.02109
22	56	-2.02095
34	68	2.02077
50	94	-2.02044
34	88	2.02023
22	68	2.02017
26	62	-2.01917
66	92	2.01904
48	66	-2.01855
44	96	-2.01832
20	56	-2.01827
14	46	-2.01814
24	36	-2.01804
20	86	-2.01757
72	90	-2.01737
78	90	-2.01731
4	56	2.01711
14	36	-2.01689
8	70	-2.01682
48	74	2.0167
42	58	2.01654
0	36	-2.01654
24	80	-2.01618
44	84	-2.01616
60	64	2.01605
26	38	2.01594
18	62	-2.01583
42	94	2.01552
52	82	-2.01548
34	92	-2.01547
40	64	2.01528
0	46	-2.01506
26	66	2.01491
2	96	2.01479
62	72	2.01468
32	90	2.01464
74	92	-2.0142
4	6	-2.01415
38	92	2.01322
80	82	-2.01289
66	76	-2.01281
78	96	-2.01281
50	54	2.01252
44	90	-2.01241
72	96	-2.01231
4	70	2.01207
62	78	2.01204
82	94	-2.01181
50	80	-2.01148
82	98	2.01147
8	24	-2.01125
6	64	-2.01106
34	48	2.01103
64	86	2.0106
66	88	-2.01054
30	50	2.01043
34	76	2.01042
8	42	2.01017
6	20	2.01
46	84	-2.00987
32	66	2.00977
38	88	-2.00909
28	84	-2.00902
30	42	-2.00835
74	76	2.00818
62	88	2.00809
6	22	2.00792
4	60	2.00781
46	96	-2.00781
32	38	2.0077
10	38	2.00717
58	70	-2.00691
18	96	2.0068
42	80	2.00672
18	90	2.00669
26	74	-2.00644
32	96	2.00643
24	94	-2.00627
58	60	-2.00626
20	60	-2.00558
2	66	2.00437
16	56	-2.00346
0	28	-2.00345
10	66	2.00337
32	62	-2.00335
12	70	-2.00329
26	34	-2.00326
48	64	-2.00288
30	70	2.00287
22	60	-2.00261
54	70	2.00247
42	54	-2.00166
2	38	2.00162
2	62	-2.00114
14	28	-2.00091
46	90	-2.00073
24	52	-2.00072
24	98	2.00045
64	68	-2.00011
