55	67	199.935
11	65	199.881
27	57	199.878
17	95	199.788
15	91	199.785
27	71	199.765
35	53	199.631
1	41	199.615
9	29	199.445
57	71	199.406
13	21	199.347
55	91	198.924
15	93	198.857
49	63	198.831
15	55	198.807
77	81	198.803
15	67	198.752
71	97	198.717
67	91	198.646
67	93	198.617
7	79	198.508
9	35	198.329
61	97	198.21
11	55	198.189
55	93	198.144
41	51	198.079
27	97	198.052
11	91	198.014
57	97	197.992
23	45	197.909
91	93	197.803
1	51	197.664
65	91	197.662
31	87	197.629
11	67	197.448
17	23	197.4
55	65	197.295
25	51	197.196
61	83	196.993
11	15	196.703
9	53	196.476
83	97	196.423
21	73	196.419
65	67	196.405
29	35	196.402
13	73	196.14
15	65	196.133
23	95	195.927
7	37	195.713
1	93	195.574
57	83	195.525
51	71	194.984
27	83	194.306
51	93	194.253
61	71	194.036
29	53	193.808
41	75	-193.776
71	83	193.686
25	93	193.533
41	71	193.43
57	61	193.406
11	93	193.401
5	65	193.375
27	51	193.313
41	93	193.114
63	75	193.075
27	61	193.041
27	41	192.73
1	75	-192.618
1	67	192.182
65	93	192.167
33	85	192.046
17	45	192.03
21	43	191.934
51	97	191.866
5	11	191.633
51	57	191.483
1	25	191.44
31	99	191.26
25	41	191.191
85	99	191.01
41	57	190.963
15	25	190.921
1	55	190.766
43	81	190.479
1	71	190.407
83	87	190.374
1	15	190.231
37	79	189.937
49	95	189.647
25	71	189.51
75	79	189.432
45	95	189.428
1	27	189.363
37	67	-189.226
15	51	189.122
25	97	188.866
7	75	188.849
41	67	188.621
37	55	-188.56
21	81	188.334
25	91	188.305
47	59	188.295
51	67	188.153
1	91	187.799
41	97	187.795
1	37	-187.531
13	43	187.472
1	57	187.25
13	81	187.176
37	75	187.024
17	49	186.989
41	55	186.969
49	75	186.863
25	67	186.842
15	41	186.829
51	55	186.667
25	27	186.565
59	69	186.535
57	63	-186.516
27	75	-186.375
5	91	186.28
51	91	186.113
63	95	186.018
27	63	-186.001
51	75	-185.868
25	55	185.83
33	99	185.826
49	57	-185.574
57	75	-185.273
37	93	-185.16
71	75	-185.048
19	85	184.913
51	61	184.811
3	5	184.707
37	41	-184.592
3	65	184.507
43	77	184.481
27	49	-184.428
25	57	184.427
1	97	184.371
25	61	184.265
3	11	184.188
41	91	183.959
11	37	-183.934
47	53	183.841
43	69	183.764
43	73	183.487
87	99	183.302
5	55	183.218
5	15	183.037
63	71	-182.97
17	63	182.811
59	73	182.767
41	63	-182.061
15	37	-181.66
1	11	181.659
37	65	-181.544
37	91	-181.358
5	67	181.313
49	71	-180.975
33	89	-180.781
21	77	180.752
31	83	180.258
23	89	180.121
45	89	180.056
61	87	179.96
13	77	179.884
71	93	179.858
89	99	-179.774
69	73	179.679
75	93	-179.619
51	83	179.552
1	65	179.334
1	7	-179.325
35	47	179.321
41	61	178.456
31	89	-178.394
23	49	178.389
49	83	-178.368
33	77	-178.334
1	63	-178.32
11	25	178.194
57	87	178.166
63	79	178.052
7	41	-177.69
33	81	-177.466
27	93	177.264
25	65	177.007
11	51	176.994
67	75	-176.889
11	41	176.78
87	97	176.712
37	51	-176.573
21	69	176.525
75	97	-176.479
3	55	176.449
41	83	176.311
63	83	-176.068
63	97	-175.81
41	49	-175.756
27	87	175.303
49	97	-175.021
51	65	174.996
19	99	174.955
55	75	-174.9
5	93	174.892
1	79	-174.851
3	67	174.824
93	97	174.78
25	83	174.626
1	61	174.623
7	67	-174.609
57	93	174.309
41	65	174.308
3	37	-174.294
41	79	-174.238
51	63	-174.182
73	81	174.113
49	87	-174.002
7	55	-173.471
3	91	173.083
25	75	-173.008
71	87	172.839
13	33	-172.686
7	63	172.665
23	63	171.854
15	71	171.796
1	83	171.364
15	75	-171.342
1	49	-171.189
67	71	170.972
7	93	-170.968
31	49	-170.905
13	69	170.508
77	89	170.363
3	15	169.696
21	59	169.529
49	79	169.34
75	83	-169.079
55	71	168.831
49	51	-168.769
17	89	168.76
15	27	168.677
75	91	-168.546
27	67	168.428
31	85	168.09
9	47	168.064
21	33	-167.636
71	91	167.634
25	37	-167.177
31	57	167.17
15	97	167.114
7	11	-167.06
63	87	-167.011
31	61	166.997
49	61	-166.892
75	95	166.804
7	51	-166.625
89	95	166.432
13	59	166.367
61	63	-166.32
27	55	166.19
45	49	166.183
87	89	-166.153
67	79	-165.979
61	93	165.838
37	63	165.656
15	57	165.462
85	89	-165.407
7	15	-165.353
57	67	165.223
61	75	-165.203
67	97	164.749
73	77	164.684
55	79	-164.58
7	91	-164.55
3	93	164.473
27	91	164.449
31	33	164.252
7	65	-164.211
31	97	163.973
27	31	163.911
11	75	-163.861
37	71	-163.591
79	93	-163.381
47	69	163.36
27	37	-163.074
55	57	162.934
7	49	162.927
91	97	162.789
29	47	162.688
17	75	162.674
55	97	162.667
43	59	162.548
23	31	-162.406
51	79	-162.195
81	89	162.194
31	63	-162.186
5	37	-161.979
19	33	161.222
57	91	161.151
31	95	-161.133
65	75	-160.819
31	71	160.743
3	7	-160.564
37	57	-160.444
17	31	-160.289
25	63	-160.252
63	93	-159.989
7	27	-159.634
27	79	-159.467
45	63	159.308
5	25	158.866
7	71	-158.807
79	95	158.723
15	61	158.66
57	95	-158.631
13	85	-158.588
57	79	-158.111
71	79	-157.846
83	93	157.829
7	57	-157.752
85	87	157.562
87	95	-157.491
11	79	-157.157
27	95	-157.087
69	81	156.896
15	79	-156.822
1	5	156.567
11	71	156.52
19	31	156.264
17	87	-155.768
79	91	-155.649
83	99	155.555
33	73	-155.446
25	49	-155.4
37	49	155.399
23	87	-155.128
17	57	-155.095
61	67	155.036
17	79	154.968
63	67	-154.564
37	97	-154.455
81	85	-154.427
61	91	154.295
65	79	-154.26
49	89	154.206
65	71	154.13
53	59	154.082
7	25	-153.959
77	85	-153.897
33	43	-153.853
11	27	153.582
17	27	-153.499
31	45	-153.212
5	51	153.118
55	61	153.06
71	95	-152.966
47	73	152.883
19	39	152.619
19	87	152.585
83	95	-152.383
55	63	-152.223
21	85	-152.13
49	93	-152.069
1	3	151.784
51	87	151.661
27	65	151.087
5	41	150.897
11	97	150.666
33	87	150.617
15	63	-150.369
41	87	150.281
11	57	150.207
75	87	-149.694
39	85	149.688
39	73	-149.591
3	79	-149.502
17	83	-149.466
17	71	-149.437
7	97	-149.227
41	95	-149.179
77	99	-149.151
15	83	149.144
23	99	-149.128
7	95	148.758
23	75	148.756
65	97	148.551
25	79	-148.295
35	59	148.189
79	97	-148.166
57	65	147.714
29	87	-147.527
67	83	147.38
69	77	147.277
29	31	-147.268
63	91	-146.888
23	57	-146.849
49	53	146.813
95	97	-146.779
35	49	146.255
3	41	145.931
49	67	-145.752
81	99	-145.733
13	39	-145.723
9	87	-145.47
41	47	-145.45
53	63	145.44
47	75	145.285
17	41	-145.282
55	83	145.16
1	95	-145.072
25	87	145.015
9	31	-145.006
23	27	-144.947
7	17	144.893
9	49	144.837
45	87	-144.726
83	91	144.687
1	47	-144.671
49	99	-144.621
23	83	-144.573
37	59	144.526
5	7	-144.512
73	85	-144.436
1	87	144.396
35	63	144.318
53	57	-144.282
45	99	-143.964
63	89	143.881
35	57	-143.717
17	97	-143.621
27	53	-143.52
37	61	-143.417
49	55	-143.416
35	83	-143.383
27	47	-143.245
17	99	-143.136
47	51	-143.019
47	71	-142.953
29	83	-142.915
53	83	-142.873
35	87	-142.856
27	35	-142.816
7	59	142.697
95	99	-142.684
47	57	-142.637
3	51	142.633
61	99	142.626
45	77	142.506
15	49	-142.479
29	49	142.47
83	89	-142.361
9	83	-142.061
3	25	142.047
53	71	-141.962
33	45	-141.929
9	63	141.901
11	61	141.74
7	69	141.592
47	63	141.56
79	83	-141.504
51	95	-141.463
31	75	-141.341
1	17	-141.252
37	83	-141.241
35	71	-141.214
23	71	-141.165
3	13	-140.904
69	79	140.823
9	57	-140.812
53	87	-140.671
31	35	-140.587
59	75	140.561
3	75	-140.524
1	59	-140.514
3	73	-140.476
23	33	-140.447
29	57	-140.341
59	79	140.289
11	63	-140.189
53	97	-140.085
7	83	-140.058
61	65	139.937
21	39	-139.832
3	21	-139.761
53	75	139.724
35	97	-139.72
9	27	-139.683
61	95	-139.508
23	79	139.48
47	97	-139.459
41	59	-139.375
59	67	-139.219
29	63	139.195
59	81	139.192
27	29	-139.154
57	99	139.064
31	51	139.046
47	93	-138.94
31	41	138.921
49	91	-138.892
7	61	-138.782
55	59	-138.687
33	39	138.634
13	89	138.567
47	49	138.554
9	95	138.185
37	47	138.088
17	51	-138.072
59	93	-138.029
61	79	-137.917
9	71	-137.913
35	75	137.892
53	95	137.85
31	53	-137.828
35	95	137.708
13	99	-137.589
39	59	-137.564
41	53	-137.553
29	71	-137.55
5	75	-137.514
25	47	-137.493
63	65	-137.397
97	99	137.324
23	97	-137.276
9	17	137.271
35	61	-137.182
11	73	-137.16
47	67	-137.106
29	97	-137.069
53	61	-137.067
45	75	136.985
37	69	136.962
37	73	136.94
17	61	-136.818
21	47	136.772
9	97	-136.764
65	73	-136.736
37	95	136.415
17	35	136.409
17	53	136.397
29	99	-136.306
47	55	-136.233
7	47	136.197
9	23	136.097
35	41	-136.083
9	59	135.925
29	61	-135.891
43	85	-135.89
27	99	135.849
45	57	-135.751
21	89	135.606
47	79	135.583
5	79	-135.56
15	59	-135.5
1	53	-135.492
19	89	-135.491
11	59	-135.439
55	73	-135.438
63	99	-135.391
51	59	-135.295
29	95	135.189
51	53	-135.111
15	47	-135.074
23	77	135.038
67	73	-134.977
59	91	-134.976
47	83	-134.88
9	61	-134.83
39	45	-134.577
17	29	134.362
29	89	134.325
9	75	134.276
47	61	-134.249
45	83	-134.189
27	45	-134.129
59	65	-134.103
13	47	134.095
23	41	-134.083
1	35	-134.019
23	29	133.957
13	19	-133.933
35	51	-133.903
47	91	-133.713
57	89	-133.683
31	77	-133.582
23	35	133.534
11	83	133.278
1	31	133.254
71	99	133.089
9	89	132.991
53	69	132.921
73	91	-132.844
3	29	-132.829
23	53	132.714
17	37	132.678
43	89	132.671
23	61	-132.625
45	81	132.625
9	99	-132.58
21	99	-132.554
9	41	-132.374
5	73	-132.096
25	31	132.022
5	71	131.95
29	75	131.785
43	47	131.765
15	73	-131.7
11	49	-131.682
23	85	-131.648
3	9	-131.64
11	47	-131.633
29	41	-131.317
3	59	-131.284
65	83	131.233
45	71	-131.122
11	13	-131.108
13	65	-131.068
25	95	-131.043
7	73	130.914
27	89	-130.909
21	37	130.705
45	85	-130.658
19	83	130.602
1	9	-130.475
47	65	-130.428
29	59	130.389
73	93	-130.362
9	45	130.343
5	39	130.297
25	59	-130.208
9	51	-130.194
7	23	130.175
1	23	-130.094
61	89	-129.996
3	81	-129.893
45	79	129.874
5	13	-129.864
29	51	-129.859
59	63	129.701
19	21	-129.67
11	21	-129.642
59	77	129.613
1	29	-129.546
17	33	-129.413
21	65	-129.347
23	51	-129.217
87	93	129.197
59	71	-129.154
49	65	-129.148
93	95	-129.057
5	27	128.948
13	37	128.9
27	59	-128.894
83	85	128.778
69	75	128.665
89	97	-128.663
25	53	-128.661
17	25	-128.633
3	43	-128.617
29	45	128.464
45	97	-128.426
3	35	-128.401
35	69	128.049
53	93	-128.024
31	81	-128.015
5	97	128.014
37	53	127.914
39	47	-127.842
25	35	-127.701
71	89	-127.676
53	79	127.564
57	59	-127.504
13	55	-127.498
33	95	-127.422
35	45	127.344
3	53	-127.27
79	87	-127.104
35	93	-127
21	55	-126.841
7	53	126.832
3	33	126.791
13	67	-126.732
23	39	-126.593
53	67	-126.541
5	21	-126.536
35	37	126.484
19	73	-126.469
45	53	126.382
21	67	-126.229
7	43	126.212
35	89	126.179
17	93	-126.171
37	43	126.138
19	81	-126.132
5	57	126.042
23	81	125.892
53	55	-125.89
3	77	-125.807
35	99	-125.763
35	67	-125.743
7	21	125.728
1	73	-125.572
47	95	125.516
35	79	125.457
73	79	125.445
3	47	-125.382
5	29	-125.378
13	91	-125.249
17	85	-125.227
35	55	-125.192
45	61	-125.186
7	35	124.916
67	95	-124.781
41	45	-124.761
39	99	124.701
29	93	-124.606
9	37	124.601
25	29	-124.591
15	53	-124.445
9	93	-124.429
29	67	-124.421
59	97	-124.367
11	29	-124.301
29	55	-124.239
19	61	124.233
9	25	-124.205
49	59	124.186
29	65	-124.156
3	69	-124.15
17	39	-124.124
3	71	124.113
9	67	-124.079
19	77	-124.072
21	91	-124.039
85	95	-124.035
43	99	-123.86
5	59	-123.838
39	65	123.82
9	55	-123.757
15	35	-123.752
39	91	123.666
13	15	-123.6
33	69	-123.554
39	81	-123.506
53	91	-123.489
17	47	123.394
11	53	-123.337
53	89	123.245
11	35	-123.225
29	37	123.178
55	95	-123.165
77	87	-123.143
9	11	-123.107
19	43	-123.049
23	25	-122.975
35	91	-122.954
7	87	-122.846
7	13	122.801
1	69	-122.795
9	65	-122.762
15	95	-122.75
5	9	-122.713
35	65	-122.655
15	29	-122.654
19	69	-122.648
53	65	-122.632
15	21	-122.626
41	73	-122.624
15	39	122.603
33	83	122.534
11	39	122.479
29	91	-122.469
9	79	122.461
73	99	-122.446
43	79	122.369
17	19	-122.327
7	9	122.324
3	27	122.303
53	99	-122.294
19	95	-122.187
47	87	-122.109
17	67	-121.992
67	69	-121.982
45	51	-121.942
9	15	-121.921
5	61	121.885
39	95	-121.8
5	47	-121.718
41	69	-121.639
15	87	121.582
1	45	-121.566
55	69	-121.552
73	89	121.548
9	91	-121.547
17	77	121.519
39	77	-121.508
19	23	-121.365
7	45	121.336
13	93	-121.256
5	85	121.252
31	79	-121.244
39	69	-121.057
21	93	-120.932
75	89	120.906
67	87	120.883
5	35	-120.767
73	75	120.547
33	49	-120.526
91	95	-120.521
17	55	-120.505
15	17	-120.474
21	79	120.221
51	73	-120.128
23	37	120.089
49	85	-120.006
3	85	119.989
3	57	119.799
7	29	119.788
29	85	-119.775
37	87	-119.758
5	33	119.733
5	53	-119.68
25	45	-119.537
29	79	119.4
39	55	119.277
69	93	-119.264
11	69	-119.256
61	85	119.149
55	87	119.116
63	69	119.07
9	69	118.982
31	93	118.921
25	73	-118.882
77	95	118.857
3	97	118.835
29	33	-118.807
19	45	-118.767
39	89	-118.716
39	43	-118.69
19	49	-118.636
59	61	-118.631
39	67	118.51
3	63	-118.466
17	91	-118.418
81	87	-118.282
39	93	118.21
87	91	118.199
5	63	-118.161
65	69	-117.883
23	93	-117.801
19	97	117.327
33	59	-117.301
13	79	117.195
59	83	-117.108
11	43	-116.938
15	69	-116.91
75	99	-116.895
69	85	-116.77
69	91	-116.766
25	39	116.724
23	47	116.627
19	29	-116.622
53	73	116.472
7	31	-116.413
31	47	-116.366
51	69	-116.347
43	65	-116.239
1	21	-116.223
43	55	-116.111
19	57	116.052
9	85	-116.029
43	67	-115.912
19	79	-115.882
9	33	-115.68
11	95	-115.631
13	31	-115.624
1	13	-115.497
51	99	115.36
19	63	-115.157
57	85	115.081
29	69	114.93
41	99	114.882
37	81	114.862
85	97	114.462
65	95	-114.258
41	89	-114.218
17	81	114.162
19	27	114.123
5	83	114.033
49	69	113.942
5	81	-113.844
65	81	-113.762
11	81	-113.758
9	19	-113.757
15	23	-113.691
11	17	-113.653
23	67	-113.57
21	41	-113.487
45	93	-113.472
59	95	113.389
63	85	-113.372
5	19	113.362
33	61	113.273
33	63	-113.152
51	89	-112.995
43	91	-112.967
27	85	112.927
19	71	112.9
3	61	112.796
21	75	112.764
31	37	-112.743
37	45	112.734
13	41	-112.674
15	31	112.575
21	31	-112.561
27	69	-112.557
35	73	112.543
17	65	-112.495
69	71	-112.457
23	55	-112.445
47	81	112.431
31	67	112.421
15	43	-112.346
5	49	-112.279
43	93	-112.199
7	81	112.056
81	95	112.021
23	91	-112.009
59	85	-111.896
25	69	-111.798
33	57	111.794
45	47	111.777
3	49	-111.739
33	65	111.724
57	69	-111.7
13	45	111.646
5	43	-111.582
15	45	-111.457
17	59	111.439
3	39	111.312
25	99	111.28
71	85	111.272
1	99	111.179
21	51	-111.14
39	51	111.116
31	55	111.031
13	75	111.022
5	77	-110.979
43	45	110.911
11	33	110.881
11	87	110.841
7	19	-110.801
13	51	-110.726
1	89	-110.718
43	75	110.692
55	81	-110.67
1	43	-110.616
21	25	-110.56
65	85	110.552
13	25	-110.506
71	73	-110.372
45	91	-110.317
33	97	110.086
67	81	-110.084
1	39	110.067
21	45	110.017
31	91	110.012
65	77	-109.969
37	77	109.969
27	33	109.862
35	85	-109.842
19	35	-109.842
11	77	-109.832
19	59	-109.775
25	89	-109.758
45	67	-109.733
3	99	109.671
39	53	-109.622
31	43	-109.61
69	97	-109.581
65	87	109.545
5	69	-109.533
27	73	-109.505
11	85	109.426
79	89	109.354
33	35	-109.197
81	91	-109.177
39	79	-109.172
45	55	-109.039
3	89	-108.997
69	95	108.962
41	43	-108.821
77	83	-108.76
49	77	108.559
39	41	108.493
3	83	108.279
61	77	-108.254
19	53	-108.147
57	73	-108.137
33	71	108.131
15	81	-108.085
61	69	-108.051
79	81	108.038
63	73	107.971
31	39	107.944
37	39	-107.896
13	87	-107.799
5	99	107.715
35	39	-107.685
7	77	107.685
13	23	107.577
11	23	-107.486
17	69	107.429
5	95	-107.268
73	97	-107.231
53	85	-107.215
25	43	-107.214
19	75	-107.192
3	19	107.152
47	77	107.116
21	53	107.052
5	45	-106.999
7	39	-106.992
43	51	-106.945
5	17	-106.937
55	77	-106.931
23	65	-106.904
33	53	-106.69
23	43	106.621
43	53	106.613
79	99	-106.576
29	77	106.437
81	93	-106.422
67	77	-106.4
69	83	-106.334
77	91	-106.2
21	23	106.182
11	45	-106.063
45	65	-106.052
33	55	106.016
9	73	105.832
43	61	-105.788
21	87	-105.774
33	91	105.727
39	75	-105.641
43	87	-105.611
13	53	105.598
31	73	-105.587
39	63	-105.587
39	49	-105.505
61	81	-105.498
69	99	-105.467
59	87	-105.463
7	89	105.435
69	89	105.411
81	83	-105.378
15	77	-105.32
85	91	105.298
33	67	105.259
23	59	105.112
11	31	105.101
9	39	-105.009
5	23	-104.86
9	77	104.825
55	85	104.676
49	81	104.569
77	79	104.552
21	35	104.543
35	43	104.403
15	33	104.283
63	77	104.257
31	65	104.24
77	97	-104.226
49	73	104.213
61	73	-104.08
33	37	-104.079
39	71	104.072
19	65	104.006
67	85	103.966
15	85	103.96
45	73	103.926
93	99	103.898
47	89	103.891
21	71	-103.739
77	93	-103.732
25	77	-103.67
39	97	103.66
39	87	103.657
29	73	103.643
25	81	-103.592
47	99	-103.584
3	95	-103.542
19	51	103.536
29	81	103.448
13	35	103.437
43	97	-103.336
7	99	-103.307
19	37	-103.306
29	39	-103.235
13	71	-103.202
19	41	103.197
21	27	-103.194
11	19	103.181
21	63	103.149
89	93	-103.135
1	81	-103.094
27	39	103.062
5	89	-103.045
43	71	-102.901
57	77	-102.809
37	89	102.781
75	85	-102.775
19	25	102.761
43	63	102.709
39	61	102.693
13	27	-102.683
51	85	102.57
3	17	-102.482
33	75	-102.468
45	59	102.459
43	83	-102.445
31	59	-102.38
21	57	-102.38
23	69	102.375
39	57	102.337
27	43	-102.325
33	93	102.3
13	63	102.204
41	85	102.173
9	81	102.16
79	85	-102.153
19	47	-102.15
81	97	-102.133
27	77	-102.119
33	47	-102.042
13	17	102.04
21	97	-102.039
75	81	102.009
65	99	101.996
85	93	101.973
13	57	-101.943
71	77	-101.92
73	83	-101.913
5	87	101.898
63	81	101.835
43	57	-101.833
3	31	101.823
15	99	101.823
1	19	101.818
41	81	-101.814
67	99	101.812
17	43	101.801
11	99	101.705
51	81	-101.6
69	87	-101.583
33	41	101.581
55	99	101.555
13	97	-101.53
73	87	-101.517
35	77	101.48
25	85	101.458
19	91	101.449
91	99	101.348
37	85	-101.33
17	21	101.328
43	95	101.324
23	73	101.321
59	99	-101.31
13	95	101.3
21	49	101.29
37	99	-101.266
1	85	101.243
59	89	101.241
21	61	-101.227
33	51	101.22
15	89	-101.176
9	43	101.167
9	21	101.137
1	33	101.108
67	89	-101.034
1	77	-101.015
7	33	-101.011
13	49	100.947
51	77	-100.925
5	31	100.924
7	85	-100.895
43	49	100.879
57	81	-100.856
15	19	100.835
3	87	100.815
21	95	100.81
9	13	100.802
19	55	100.737
29	43	100.702
55	89	-100.682
47	85	-100.681
75	77	100.658
45	69	100.648
53	77	100.576
89	91	-100.563
13	61	-100.561
71	81	-100.535
27	81	-100.514
19	67	100.46
13	29	100.421
21	29	100.39
31	69	-100.366
41	77	-100.352
39	83	100.326
3	23	-100.231
73	95	100.226
25	33	100.187
35	81	100.178
65	89	-100.143
19	93	100.102
11	89	-100.071
3	45	-100.067
13	83	-100.06
17	73	100.035
21	83	-100.024
33	79	-100.024
53	81	100.004
20	21	20
78	79	20
96	97	20
30	31	20
80	81	20
18	19	20
82	83	20
84	85	20
28	29	20
26	27	20
86	87	20
88	89	20
32	33	20
24	25	20
22	23	20
94	95	20
92	93	20
90	91	20
64	65	20
76	77	20
34	35	20
62	63	20
60	61	20
58	59	20
56	57	20
68	69	20
54	55	20
70	71	20
52	53	20
50	51	20
48	49	20
72	73	20
16	17	20
44	45	20
42	43	20
40	41	20
74	75	20
14	15	20
38	39	20
36	37	20
66	67	20
46	47	20
0	1	20
98	99	20
10	11	20
12	13	20
4	5	20
6	7	20
8	9	20
2	3	20
54	67	19.9935
55	66	19.9935
11	64	19.9881
10	65	19.9881
26	57	19.9878
27	56	19.9878
16	95	19.9788
17	94	19.9788
14	91	19.9785
15	90	19.9785
27	70	19.9765
26	71	19.9765
34	53	19.9631
35	52	19.9631
0	41	19.9615
1	40	19.9615
9	28	19.9445
8	29	19.9445
57	70	19.9406
56	71	19.9406
12	21	19.9347
13	20	19.9347
54	91	19.8924
55	90	19.8924
15	92	19.8857
14	93	19.8857
48	63	19.8831
49	62	19.8831
15	54	19.8807
14	55	19.8807
77	80	19.8803
76	81	19.8803
15	66	19.8752
14	67	19.8752
71	96	19.8717
70	97	19.8717
67	90	19.8646
66	91	19.8646
66	93	19.8617
67	92	19.8617
6	79	19.8508
7	78	19.8508
9	34	19.8329
8	35	19.8329
61	96	19.821
60	97	19.821
10	55	19.8189
11	54	19.8189
55	92	19.8144
54	93	19.8144
41	50	19.8079
40	51	19.8079
26	97	19.8052
27	96	19.8052
11	90	19.8014
10	91	19.8014
57	96	19.7992
56	97	19.7992
22	45	19.7909
23	44	19.7909
90	93	19.7803
91	92	19.7803
1	50	19.7664
0	51	19.7664
65	90	19.7662
64	91	19.7662
31	86	19.7629
30	87	19.7629
11	66	19.7448
10	67	19.7448
16	23	19.74
17	22	19.74
55	64	19.7295
54	65	19.7295
24	51	19.7196
25	50	19.7196
61	82	19.6993
60	83	19.6993
10	15	19.6703
11	14	19.6703
9	52	19.6476
8	53	19.6476
82	97	19.6423
83	96	19.6423
20	73	19.6419
21	72	19.6419
64	67	19.6405
65	66	19.6405
28	35	19.6402
29	34	19.6402
12	73	19.614
13	72	19.614
15	64	19.6133
14	65	19.6133
23	94	19.5927
22	95	19.5927
6	37	19.5713
7	36	19.5713
0	93	19.5574
1	92	19.5574
56	83	19.5525
57	82	19.5525
50	71	19.4984
51	70	19.4984
26	83	19.4306
27	82	19.4306
50	93	19.4253
51	92	19.4253
61	70	19.4036
60	71	19.4036
28	53	19.3808
29	52	19.3808
41	74	-19.3776
40	75	-19.3776
70	83	19.3686
71	82	19.3686
24	93	19.3533
25	92	19.3533
41	70	19.343
40	71	19.343
56	61	19.3406
57	60	19.3406
10	93	19.3401
11	92	19.3401
5	64	19.3375
4	65	19.3375
27	50	19.3313
26	51	19.3313
41	92	19.3114
40	93	19.3114
63	74	19.3075
62	75	19.3075
26	61	19.3041
27	60	19.3041
27	40	19.273
26	41	19.273
1	74	-19.2618
0	75	-19.2618
0	67	19.2182
1	66	19.2182
64	93	19.2167
65	92	19.2167
33	84	19.2046
32	85	19.2046
16	45	19.203
17	44	19.203
20	43	19.1934
21	42	19.1934
51	96	19.1866
50	97	19.1866
4	11	19.1633
5	10	19.1633
50	57	19.1483
51	56	19.1483
0	25	19.144
1	24	19.144
31	98	19.126
30	99	19.126
24	41	19.1191
25	40	19.1191
84	99	19.101
85	98	19.101
41	56	19.0963
40	57	19.0963
15	24	19.0921
14	25	19.0921
0	55	19.0766
1	54	19.0766
42	81	19.0479
43	80	19.0479
1	70	19.0407
0	71	19.0407
83	86	19.0374
82	87	19.0374
1	14	19.0231
0	15	19.0231
37	78	18.9937
36	79	18.9937
49	94	18.9647
48	95	18.9647
24	71	18.951
25	70	18.951
74	79	18.9432
75	78	18.9432
44	95	18.9428
45	94	18.9428
0	27	18.9363
1	26	18.9363
36	67	-18.9226
37	66	-18.9226
14	51	18.9122
15	50	18.9122
25	96	18.8866
24	97	18.8866
7	74	18.8849
6	75	18.8849
41	66	18.8621
40	67	18.8621
37	54	-18.856
36	55	-18.856
21	80	18.8334
20	81	18.8334
25	90	18.8305
24	91	18.8305
46	59	18.8295
47	58	18.8295
51	66	18.8153
50	67	18.8153
0	91	18.7799
1	90	18.7799
41	96	18.7795
40	97	18.7795
0	37	-18.7531
1	36	-18.7531
12	43	18.7472
13	42	18.7472
0	57	18.725
1	56	18.725
12	81	18.7176
13	80	18.7176
37	74	18.7024
36	75	18.7024
17	48	18.6989
16	49	18.6989
40	55	18.6969
41	54	18.6969
48	75	18.6863
49	74	18.6863
25	66	18.6842
24	67	18.6842
14	41	18.6829
15	40	18.6829
51	54	18.6667
50	55	18.6667
24	27	18.6565
25	26	18.6565
58	69	18.6535
59	68	18.6535
56	63	-18.6516
57	62	-18.6516
27	74	-18.6375
26	75	-18.6375
5	90	18.628
4	91	18.628
50	91	18.6113
51	90	18.6113
63	94	18.6018
62	95	18.6018
27	62	-18.6001
26	63	-18.6001
50	75	-18.5868
51	74	-18.5868
24	55	18.583
25	54	18.583
33	98	18.5826
32	99	18.5826
49	56	-18.5574
48	57	-18.5574
57	74	-18.5273
56	75	-18.5273
36	93	-18.516
37	92	-18.516
71	74	-18.5048
70	75	-18.5048
18	85	18.4913
19	84	18.4913
50	61	18.4811
51	60	18.4811
3	4	18.4707
2	5	18.4707
36	41	-18.4592
37	40	-18.4592
2	65	18.4507
3	64	18.4507
42	77	18.4481
43	76	18.4481
26	49	-18.4428
27	48	-18.4428
25	56	18.4427
24	57	18.4427
1	96	18.4371
0	97	18.4371
25	60	18.4265
24	61	18.4265
2	11	18.4188
3	10	18.4188
41	90	18.3959
40	91	18.3959
11	36	-18.3934
10	37	-18.3934
46	53	18.3841
47	52	18.3841
42	69	18.3764
43	68	18.3764
43	72	18.3487
42	73	18.3487
86	99	18.3302
87	98	18.3302
5	54	18.3218
4	55	18.3218
4	15	18.3037
5	14	18.3037
62	71	-18.297
63	70	-18.297
17	62	18.2811
16	63	18.2811
58	73	18.2767
59	72	18.2767
40	63	-18.2061
41	62	-18.2061
14	37	-18.166
15	36	-18.166
0	11	18.1659
1	10	18.1659
37	64	-18.1544
36	65	-18.1544
37	90	-18.1358
36	91	-18.1358
4	67	18.1313
5	66	18.1313
49	70	-18.0975
48	71	-18.0975
33	88	-18.0781
32	89	-18.0781
21	76	18.0752
20	77	18.0752
30	83	18.0258
31	82	18.0258
22	89	18.0121
23	88	18.0121
45	88	18.0056
44	89	18.0056
60	87	17.996
61	86	17.996
13	76	17.9884
12	77	17.9884
71	92	17.9858
70	93	17.9858
89	98	-17.9774
88	99	-17.9774
69	72	17.9679
68	73	17.9679
74	93	-17.9619
75	92	-17.9619
50	83	17.9552
51	82	17.9552
0	65	17.9334
1	64	17.9334
1	6	-17.9325
0	7	-17.9325
35	46	17.9321
34	47	17.9321
41	60	17.8456
40	61	17.8456
31	88	-17.8394
30	89	-17.8394
23	48	17.8389
22	49	17.8389
49	82	-17.8368
48	83	-17.8368
32	77	-17.8334
33	76	-17.8334
0	63	-17.832
1	62	-17.832
10	25	17.8194
11	24	17.8194
57	86	17.8166
56	87	17.8166
63	78	17.8052
62	79	17.8052
7	40	-17.769
6	41	-17.769
32	81	-17.7466
33	80	-17.7466
27	92	17.7264
26	93	17.7264
24	65	17.7007
25	64	17.7007
11	50	17.6994
10	51	17.6994
67	74	-17.6889
66	75	-17.6889
11	40	17.678
10	41	17.678
86	97	17.6712
87	96	17.6712
37	50	-17.6573
36	51	-17.6573
20	69	17.6525
21	68	17.6525
74	97	-17.6479
75	96	-17.6479
3	54	17.6449
2	55	17.6449
40	83	17.6311
41	82	17.6311
62	83	-17.6068
63	82	-17.6068
63	96	-17.581
62	97	-17.581
40	49	-17.5756
41	48	-17.5756
26	87	17.5303
27	86	17.5303
48	97	-17.5021
49	96	-17.5021
50	65	17.4996
51	64	17.4996
18	99	17.4955
19	98	17.4955
54	75	-17.49
55	74	-17.49
4	93	17.4892
5	92	17.4892
0	79	-17.4851
1	78	-17.4851
2	67	17.4824
3	66	17.4824
92	97	17.478
93	96	17.478
24	83	17.4626
25	82	17.4626
1	60	17.4623
0	61	17.4623
6	67	-17.4609
7	66	-17.4609
57	92	17.4309
56	93	17.4309
41	64	17.4308
40	65	17.4308
2	37	-17.4294
3	36	-17.4294
41	78	-17.4238
40	79	-17.4238
51	62	-17.4182
50	63	-17.4182
72	81	17.4113
73	80	17.4113
48	87	-17.4002
49	86	-17.4002
6	55	-17.3471
7	54	-17.3471
2	91	17.3083
3	90	17.3083
24	75	-17.3008
25	74	-17.3008
71	86	17.2839
70	87	17.2839
13	32	-17.2686
12	33	-17.2686
7	62	17.2665
6	63	17.2665
23	62	17.1854
22	63	17.1854
14	71	17.1796
15	70	17.1796
0	83	17.1364
1	82	17.1364
14	75	-17.1342
15	74	-17.1342
0	49	-17.1189
1	48	-17.1189
67	70	17.0972
66	71	17.0972
6	93	-17.0968
7	92	-17.0968
31	48	-17.0905
30	49	-17.0905
13	68	17.0508
12	69	17.0508
77	88	17.0363
76	89	17.0363
2	15	16.9696
3	14	16.9696
21	58	16.9529
20	59	16.9529
49	78	16.934
48	79	16.934
74	83	-16.9079
75	82	-16.9079
54	71	16.8831
55	70	16.8831
49	50	-16.8769
48	51	-16.8769
17	88	16.876
16	89	16.876
15	26	16.8677
14	27	16.8677
74	91	-16.8546
75	90	-16.8546
26	67	16.8428
27	66	16.8428
31	84	16.809
30	85	16.809
9	46	16.8064
8	47	16.8064
20	33	-16.7636
21	32	-16.7636
71	90	16.7634
70	91	16.7634
25	36	-16.7177
24	37	-16.7177
30	57	16.717
31	56	16.717
14	97	16.7114
15	96	16.7114
7	10	-16.706
6	11	-16.706
63	86	-16.7011
62	87	-16.7011
31	60	16.6997
30	61	16.6997
48	61	-16.6892
49	60	-16.6892
74	95	16.6804
75	94	16.6804
7	50	-16.6625
6	51	-16.6625
89	94	16.6432
88	95	16.6432
13	58	16.6367
12	59	16.6367
60	63	-16.632
61	62	-16.632
27	54	16.619
26	55	16.619
45	48	16.6183
44	49	16.6183
87	88	-16.6153
86	89	-16.6153
67	78	-16.5979
66	79	-16.5979
60	93	16.5838
61	92	16.5838
36	63	16.5656
37	62	16.5656
15	56	16.5462
14	57	16.5462
84	89	-16.5407
85	88	-16.5407
6	15	-16.5353
7	14	-16.5353
56	67	16.5223
57	66	16.5223
60	75	-16.5203
61	74	-16.5203
67	96	16.4749
66	97	16.4749
72	77	16.4684
73	76	16.4684
55	78	-16.458
54	79	-16.458
6	91	-16.455
7	90	-16.455
2	93	16.4473
3	92	16.4473
26	91	16.4449
27	90	16.4449
30	33	16.4252
31	32	16.4252
6	65	-16.4211
7	64	-16.4211
30	97	16.3973
31	96	16.3973
27	30	16.3911
26	31	16.3911
10	75	-16.3861
11	74	-16.3861
37	70	-16.3591
36	71	-16.3591
79	92	-16.3381
78	93	-16.3381
47	68	16.336
46	69	16.336
27	36	-16.3074
26	37	-16.3074
54	57	16.2934
55	56	16.2934
6	49	16.2927
7	48	16.2927
91	96	16.2789
90	97	16.2789
28	47	16.2688
29	46	16.2688
16	75	16.2674
17	74	16.2674
54	97	16.2667
55	96	16.2667
43	58	16.2548
42	59	16.2548
23	30	-16.2406
22	31	-16.2406
50	79	-16.2195
51	78	-16.2195
80	89	16.2194
81	88	16.2194
30	63	-16.2186
31	62	-16.2186
4	37	-16.1979
5	36	-16.1979
18	33	16.1222
19	32	16.1222
56	91	16.1151
57	90	16.1151
30	95	-16.1133
31	94	-16.1133
65	74	-16.0819
64	75	-16.0819
30	71	16.0743
31	70	16.0743
3	6	-16.0564
2	7	-16.0564
36	57	-16.0444
37	56	-16.0444
16	31	-16.0289
17	30	-16.0289
25	62	-16.0252
24	63	-16.0252
62	93	-15.9989
63	92	-15.9989
6	27	-15.9634
7	26	-15.9634
27	78	-15.9467
26	79	-15.9467
44	63	15.9308
45	62	15.9308
4	25	15.8866
5	24	15.8866
6	71	-15.8807
7	70	-15.8807
78	95	15.8723
79	94	15.8723
14	61	15.866
15	60	15.866
56	95	-15.8631
57	94	-15.8631
13	84	-15.8588
12	85	-15.8588
57	78	-15.8111
56	79	-15.8111
71	78	-15.7846
70	79	-15.7846
82	93	15.7829
83	92	15.7829
6	57	-15.7752
7	56	-15.7752
84	87	15.7562
85	86	15.7562
87	94	-15.7491
86	95	-15.7491
11	78	-15.7157
10	79	-15.7157
27	94	-15.7087
26	95	-15.7087
68	81	15.6896
69	80	15.6896
14	79	-15.6822
15	78	-15.6822
0	5	15.6567
1	4	15.6567
11	70	15.652
10	71	15.652
18	31	15.6264
19	30	15.6264
16	87	-15.5768
17	86	-15.5768
78	91	-15.5649
79	90	-15.5649
83	98	15.5555
82	99	15.5555
32	73	-15.5446
33	72	-15.5446
25	48	-15.54
24	49	-15.54
37	48	15.5399
36	49	15.5399
22	87	-15.5128
23	86	-15.5128
16	57	-15.5095
17	56	-15.5095
60	67	15.5036
61	66	15.5036
16	79	15.4968
17	78	15.4968
62	67	-15.4564
63	66	-15.4564
37	96	-15.4455
36	97	-15.4455
81	84	-15.4427
80	85	-15.4427
60	91	15.4295
61	90	15.4295
64	79	-15.426
65	78	-15.426
48	89	15.4206
49	88	15.4206
65	70	15.413
64	71	15.413
53	58	15.4082
52	59	15.4082
7	24	-15.3959
6	25	-15.3959
76	85	-15.3897
77	84	-15.3897
33	42	-15.3853
32	43	-15.3853
11	26	15.3582
10	27	15.3582
16	27	-15.3499
17	26	-15.3499
31	44	-15.3212
30	45	-15.3212
5	50	15.3118
4	51	15.3118
55	60	15.306
54	61	15.306
71	94	-15.2966
70	95	-15.2966
46	73	15.2883
47	72	15.2883
19	38	15.2619
18	39	15.2619
18	87	15.2585
19	86	15.2585
82	95	-15.2383
83	94	-15.2383
55	62	-15.2223
54	63	-15.2223
21	84	-15.213
20	85	-15.213
48	93	-15.2069
49	92	-15.2069
0	3	15.1784
1	2	15.1784
51	86	15.1661
50	87	15.1661
26	65	15.1087
27	64	15.1087
5	40	15.0897
4	41	15.0897
11	96	15.0666
10	97	15.0666
32	87	15.0617
33	86	15.0617
14	63	-15.0369
15	62	-15.0369
40	87	15.0281
41	86	15.0281
10	57	15.0207
11	56	15.0207
75	86	-14.9694
74	87	-14.9694
39	84	14.9688
38	85	14.9688
39	72	-14.9591
38	73	-14.9591
3	78	-14.9502
2	79	-14.9502
17	82	-14.9466
16	83	-14.9466
16	71	-14.9437
17	70	-14.9437
6	97	-14.9227
7	96	-14.9227
40	95	-14.9179
41	94	-14.9179
77	98	-14.9151
76	99	-14.9151
14	83	14.9144
15	82	14.9144
22	99	-14.9128
23	98	-14.9128
6	95	14.8758
7	94	14.8758
22	75	14.8756
23	74	14.8756
64	97	14.8551
65	96	14.8551
25	78	-14.8295
24	79	-14.8295
35	58	14.8189
34	59	14.8189
79	96	-14.8166
78	97	-14.8166
56	65	14.7714
57	64	14.7714
28	87	-14.7527
29	86	-14.7527
67	82	14.738
66	83	14.738
68	77	14.7277
69	76	14.7277
29	30	-14.7268
28	31	-14.7268
62	91	-14.6888
63	90	-14.6888
23	56	-14.6849
22	57	-14.6849
48	53	14.6813
49	52	14.6813
94	97	-14.6779
95	96	-14.6779
34	49	14.6255
35	48	14.6255
3	40	14.5931
2	41	14.5931
48	67	-14.5752
49	66	-14.5752
80	99	-14.5733
81	98	-14.5733
12	39	-14.5723
13	38	-14.5723
9	86	-14.547
8	87	-14.547
40	47	-14.545
41	46	-14.545
53	62	14.544
52	63	14.544
46	75	14.5285
47	74	14.5285
17	40	-14.5282
16	41	-14.5282
54	83	14.516
55	82	14.516
1	94	-14.5072
0	95	-14.5072
24	87	14.5015
25	86	14.5015
9	30	-14.5006
8	31	-14.5006
23	26	-14.4947
22	27	-14.4947
6	17	14.4893
7	16	14.4893
8	49	14.4837
9	48	14.4837
44	87	-14.4726
45	86	-14.4726
83	90	14.4687
82	91	14.4687
1	46	-14.4671
0	47	-14.4671
48	99	-14.4621
49	98	-14.4621
22	83	-14.4573
23	82	-14.4573
36	59	14.4526
37	58	14.4526
5	6	-14.4512
4	7	-14.4512
73	84	-14.4436
72	85	-14.4436
0	87	14.4396
1	86	14.4396
34	63	14.4318
35	62	14.4318
53	56	-14.4282
52	57	-14.4282
44	99	-14.3964
45	98	-14.3964
63	88	14.3881
62	89	14.3881
35	56	-14.3717
34	57	-14.3717
17	96	-14.3621
16	97	-14.3621
26	53	-14.352
27	52	-14.352
36	61	-14.3417
37	60	-14.3417
49	54	-14.3416
48	55	-14.3416
35	82	-14.3383
34	83	-14.3383
27	46	-14.3245
26	47	-14.3245
17	98	-14.3136
16	99	-14.3136
46	51	-14.3019
47	50	-14.3019
46	71	-14.2953
47	70	-14.2953
29	82	-14.2915
28	83	-14.2915
53	82	-14.2873
52	83	-14.2873
35	86	-14.2856
34	87	-14.2856
27	34	-14.2816
26	35	-14.2816
7	58	14.2697
6	59	14.2697
95	98	-14.2684
94	99	-14.2684
46	57	-14.2637
47	56	-14.2637
3	50	14.2633
2	51	14.2633
60	99	14.2626
61	98	14.2626
45	76	14.2506
44	77	14.2506
15	48	-14.2479
14	49	-14.2479
28	49	14.247
29	48	14.247
83	88	-14.2361
82	89	-14.2361
9	82	-14.2061
8	83	-14.2061
2	25	14.2047
3	24	14.2047
53	70	-14.1962
52	71	-14.1962
33	44	-14.1929
32	45	-14.1929
8	63	14.1901
9	62	14.1901
11	60	14.174
10	61	14.174
6	69	14.1592
7	68	14.1592
47	62	14.156
46	63	14.156
79	82	-14.1504
78	83	-14.1504
51	94	-14.1463
50	95	-14.1463
31	74	-14.1341
30	75	-14.1341
1	16	-14.1252
0	17	-14.1252
36	83	-14.1241
37	82	-14.1241
35	70	-14.1214
34	71	-14.1214
23	70	-14.1165
22	71	-14.1165
3	12	-14.0904
2	13	-14.0904
69	78	14.0823
68	79	14.0823
9	56	-14.0812
8	57	-14.0812
52	87	-14.0671
53	86	-14.0671
31	34	-14.0587
30	35	-14.0587
59	74	14.0561
58	75	14.0561
3	74	-14.0524
2	75	-14.0524
0	59	-14.0514
1	58	-14.0514
2	73	-14.0476
3	72	-14.0476
23	32	-14.0447
22	33	-14.0447
28	57	-14.0341
29	56	-14.0341
59	78	14.0289
58	79	14.0289
10	63	-14.0189
11	62	-14.0189
52	97	-14.0085
53	96	-14.0085
7	82	-14.0058
6	83	-14.0058
60	65	13.9937
61	64	13.9937
21	38	-13.9832
20	39	-13.9832
2	21	-13.9761
3	20	-13.9761
53	74	13.9724
52	75	13.9724
35	96	-13.972
34	97	-13.972
8	27	-13.9683
9	26	-13.9683
60	95	-13.9508
61	94	-13.9508
22	79	13.948
23	78	13.948
46	97	-13.9459
47	96	-13.9459
41	58	-13.9375
40	59	-13.9375
58	67	-13.9219
59	66	-13.9219
29	62	13.9195
28	63	13.9195
59	80	13.9192
58	81	13.9192
27	28	-13.9154
26	29	-13.9154
56	99	13.9064
57	98	13.9064
30	51	13.9046
31	50	13.9046
46	93	-13.894
47	92	-13.894
31	40	13.8921
30	41	13.8921
48	91	-13.8892
49	90	-13.8892
7	60	-13.8782
6	61	-13.8782
54	59	-13.8687
55	58	-13.8687
33	38	13.8634
32	39	13.8634
12	89	13.8567
13	88	13.8567
47	48	13.8554
46	49	13.8554
8	95	13.8185
9	94	13.8185
36	47	13.8088
37	46	13.8088
16	51	-13.8072
17	50	-13.8072
59	92	-13.8029
58	93	-13.8029
61	78	-13.7917
60	79	-13.7917
8	71	-13.7913
9	70	-13.7913
34	75	13.7892
35	74	13.7892
53	94	13.785
52	95	13.785
31	52	-13.7828
30	53	-13.7828
34	95	13.7708
35	94	13.7708
12	99	-13.7589
13	98	-13.7589
39	58	-13.7564
38	59	-13.7564
41	52	-13.7553
40	53	-13.7553
28	71	-13.755
29	70	-13.755
4	75	-13.7514
5	74	-13.7514
24	47	-13.7493
25	46	-13.7493
63	64	-13.7397
62	65	-13.7397
96	99	13.7324
97	98	13.7324
23	96	-13.7276
22	97	-13.7276
9	16	13.7271
8	17	13.7271
35	60	-13.7182
34	61	-13.7182
10	73	-13.716
11	72	-13.716
46	67	-13.7106
47	66	-13.7106
29	96	-13.7069
28	97	-13.7069
52	61	-13.7067
53	60	-13.7067
44	75	13.6985
45	74	13.6985
36	69	13.6962
37	68	13.6962
37	72	13.694
36	73	13.694
16	61	-13.6818
17	60	-13.6818
20	47	13.6772
21	46	13.6772
8	97	-13.6764
9	96	-13.6764
64	73	-13.6736
65	72	-13.6736
36	95	13.6415
37	94	13.6415
16	35	13.6409
17	34	13.6409
17	52	13.6397
16	53	13.6397
28	99	-13.6306
29	98	-13.6306
46	55	-13.6233
47	54	-13.6233
7	46	13.6197
6	47	13.6197
9	22	13.6097
8	23	13.6097
35	40	-13.6083
34	41	-13.6083
8	59	13.5925
9	58	13.5925
29	60	-13.5891
28	61	-13.5891
42	85	-13.589
43	84	-13.589
26	99	13.5849
27	98	13.5849
45	56	-13.5751
44	57	-13.5751
20	89	13.5606
21	88	13.5606
47	78	13.5583
46	79	13.5583
4	79	-13.556
5	78	-13.556
14	59	-13.55
15	58	-13.55
1	52	-13.5492
0	53	-13.5492
18	89	-13.5491
19	88	-13.5491
10	59	-13.5439
11	58	-13.5439
55	72	-13.5438
54	73	-13.5438
62	99	-13.5391
63	98	-13.5391
50	59	-13.5295
51	58	-13.5295
28	95	13.5189
29	94	13.5189
50	53	-13.5111
51	52	-13.5111
15	46	-13.5074
14	47	-13.5074
23	76	13.5038
22	77	13.5038
66	73	-13.4977
67	72	-13.4977
59	90	-13.4976
58	91	-13.4976
46	83	-13.488
47	82	-13.488
8	61	-13.483
9	60	-13.483
39	44	-13.4577
38	45	-13.4577
16	29	13.4362
17	28	13.4362
29	88	13.4325
28	89	13.4325
9	74	13.4276
8	75	13.4276
47	60	-13.4249
46	61	-13.4249
45	82	-13.4189
44	83	-13.4189
26	45	-13.4129
27	44	-13.4129
59	64	-13.4103
58	65	-13.4103
13	46	13.4095
12	47	13.4095
23	40	-13.4083
22	41	-13.4083
1	34	-13.4019
0	35	-13.4019
22	29	13.3957
23	28	13.3957
13	18	-13.3933
12	19	-13.3933
34	51	-13.3903
35	50	-13.3903
46	91	-13.3713
47	90	-13.3713
57	88	-13.3683
56	89	-13.3683
31	76	-13.3582
30	77	-13.3582
23	34	13.3534
22	35	13.3534
11	82	13.3278
10	83	13.3278
1	30	13.3254
0	31	13.3254
71	98	13.3089
70	99	13.3089
8	89	13.2991
9	88	13.2991
53	68	13.2921
52	69	13.2921
72	91	-13.2844
73	90	-13.2844
3	28	-13.2829
2	29	-13.2829
23	52	13.2714
22	53	13.2714
16	37	13.2678
17	36	13.2678
42	89	13.2671
43	88	13.2671
22	61	-13.2625
23	60	-13.2625
45	80	13.2625
44	81	13.2625
9	98	-13.258
8	99	-13.258
21	98	-13.2554
20	99	-13.2554
8	41	-13.2374
9	40	-13.2374
5	72	-13.2096
4	73	-13.2096
25	30	13.2022
24	31	13.2022
5	70	13.195
4	71	13.195
28	75	13.1785
29	74	13.1785
43	46	13.1765
42	47	13.1765
15	72	-13.17
14	73	-13.17
11	48	-13.1682
10	49	-13.1682
22	85	-13.1648
23	84	-13.1648
2	9	-13.164
3	8	-13.164
11	46	-13.1633
10	47	-13.1633
29	40	-13.1317
28	41	-13.1317
2	59	-13.1284
3	58	-13.1284
65	82	13.1233
64	83	13.1233
44	71	-13.1122
45	70	-13.1122
11	12	-13.1108
10	13	-13.1108
13	64	-13.1068
12	65	-13.1068
25	94	-13.1043
24	95	-13.1043
6	73	13.0914
7	72	13.0914
26	89	-13.0909
27	88	-13.0909
20	37	13.0705
21	36	13.0705
44	85	-13.0658
45	84	-13.0658
19	82	13.0602
18	83	13.0602
0	9	-13.0475
1	8	-13.0475
46	65	-13.0428
47	64	-13.0428
28	59	13.0389
29	58	13.0389
73	92	-13.0362
72	93	-13.0362
8	45	13.0343
9	44	13.0343
5	38	13.0297
4	39	13.0297
24	59	-13.0208
25	58	-13.0208
8	51	-13.0194
9	50	-13.0194
7	22	13.0175
6	23	13.0175
1	22	-13.0094
0	23	-13.0094
61	88	-12.9996
60	89	-12.9996
3	80	-12.9893
2	81	-12.9893
44	79	12.9874
45	78	12.9874
4	13	-12.9864
5	12	-12.9864
28	51	-12.9859
29	50	-12.9859
58	63	12.9701
59	62	12.9701
19	20	-12.967
18	21	-12.967
11	20	-12.9642
10	21	-12.9642
59	76	12.9613
58	77	12.9613
1	28	-12.9546
0	29	-12.9546
17	32	-12.9413
16	33	-12.9413
20	65	-12.9347
21	64	-12.9347
23	50	-12.9217
22	51	-12.9217
87	92	12.9197
86	93	12.9197
59	70	-12.9154
58	71	-12.9154
49	64	-12.9148
48	65	-12.9148
92	95	-12.9057
93	94	-12.9057
4	27	12.8948
5	26	12.8948
12	37	12.89
13	36	12.89
26	59	-12.8894
27	58	-12.8894
83	84	12.8778
82	85	12.8778
69	74	12.8665
68	75	12.8665
88	97	-12.8663
89	96	-12.8663
25	52	-12.8661
24	53	-12.8661
17	24	-12.8633
16	25	-12.8633
2	43	-12.8617
3	42	-12.8617
28	45	12.8464
29	44	12.8464
44	97	-12.8426
45	96	-12.8426
3	34	-12.8401
2	35	-12.8401
34	69	12.8049
35	68	12.8049
53	92	-12.8024
52	93	-12.8024
31	80	-12.8015
30	81	-12.8015
4	97	12.8014
5	96	12.8014
36	53	12.7914
37	52	12.7914
39	46	-12.7842
38	47	-12.7842
25	34	-12.7701
24	35	-12.7701
70	89	-12.7676
71	88	-12.7676
52	79	12.7564
53	78	12.7564
56	59	-12.7504
57	58	-12.7504
13	54	-12.7498
12	55	-12.7498
32	95	-12.7422
33	94	-12.7422
35	44	12.7344
34	45	12.7344
3	52	-12.727
2	53	-12.727
79	86	-12.7104
78	87	-12.7104
35	92	-12.7
34	93	-12.7
21	54	-12.6841
20	55	-12.6841
6	53	12.6832
7	52	12.6832
2	33	12.6791
3	32	12.6791
12	67	-12.6732
13	66	-12.6732
22	39	-12.6593
23	38	-12.6593
52	67	-12.6541
53	66	-12.6541
5	20	-12.6536
4	21	-12.6536
35	36	12.6484
34	37	12.6484
19	72	-12.6469
18	73	-12.6469
44	53	12.6382
45	52	12.6382
21	66	-12.6229
20	67	-12.6229
7	42	12.6212
6	43	12.6212
34	89	12.6179
35	88	12.6179
17	92	-12.6171
16	93	-12.6171
37	42	12.6138
36	43	12.6138
19	80	-12.6132
18	81	-12.6132
4	57	12.6042
5	56	12.6042
23	80	12.5892
22	81	12.5892
53	54	-12.589
52	55	-12.589
2	77	-12.5807
3	76	-12.5807
35	98	-12.5763
34	99	-12.5763
34	67	-12.5743
35	66	-12.5743
7	20	12.5728
6	21	12.5728
0	73	-12.5572
1	72	-12.5572
47	94	12.5516
46	95	12.5516
35	78	12.5457
34	79	12.5457
72	79	12.5445
73	78	12.5445
3	46	-12.5382
2	47	-12.5382
4	29	-12.5378
5	28	-12.5378
13	90	-12.5249
12	91	-12.5249
16	85	-12.5227
17	84	-12.5227
35	54	-12.5192
34	55	-12.5192
44	61	-12.5186
45	60	-12.5186
6	35	12.4916
7	34	12.4916
66	95	-12.4781
67	94	-12.4781
40	45	-12.4761
41	44	-12.4761
39	98	12.4701
38	99	12.4701
29	92	-12.4606
28	93	-12.4606
8	37	12.4601
9	36	12.4601
24	29	-12.4591
25	28	-12.4591
14	53	-12.4445
15	52	-12.4445
8	93	-12.4429
9	92	-12.4429
29	66	-12.4421
28	67	-12.4421
59	96	-12.4367
58	97	-12.4367
11	28	-12.4301
10	29	-12.4301
29	54	-12.4239
28	55	-12.4239
18	61	12.4233
19	60	12.4233
9	24	-12.4205
8	25	-12.4205
49	58	12.4186
48	59	12.4186
28	65	-12.4156
29	64	-12.4156
3	68	-12.415
2	69	-12.415
16	39	-12.4124
17	38	-12.4124
2	71	12.4113
3	70	12.4113
9	66	-12.4079
8	67	-12.4079
19	76	-12.4072
18	77	-12.4072
20	91	-12.4039
21	90	-12.4039
85	94	-12.4035
84	95	-12.4035
43	98	-12.386
42	99	-12.386
4	59	-12.3838
5	58	-12.3838
39	64	12.382
38	65	12.382
8	55	-12.3757
9	54	-12.3757
15	34	-12.3752
14	35	-12.3752
38	91	12.3666
39	90	12.3666
13	14	-12.36
12	15	-12.36
32	69	-12.3554
33	68	-12.3554
38	81	-12.3506
39	80	-12.3506
53	90	-12.3489
52	91	-12.3489
16	47	12.3394
17	46	12.3394
11	52	-12.3337
10	53	-12.3337
53	88	12.3245
52	89	12.3245
10	35	-12.3225
11	34	-12.3225
29	36	12.3178
28	37	12.3178
55	94	-12.3165
54	95	-12.3165
76	87	-12.3143
77	86	-12.3143
9	10	-12.3107
8	11	-12.3107
19	42	-12.3049
18	43	-12.3049
23	24	-12.2975
22	25	-12.2975
34	91	-12.2954
35	90	-12.2954
7	86	-12.2846
6	87	-12.2846
7	12	12.2801
6	13	12.2801
0	69	-12.2795
1	68	-12.2795
9	64	-12.2762
8	65	-12.2762
15	94	-12.275
14	95	-12.275
5	8	-12.2713
4	9	-12.2713
34	65	-12.2655
35	64	-12.2655
14	29	-12.2654
15	28	-12.2654
18	69	-12.2648
19	68	-12.2648
52	65	-12.2632
53	64	-12.2632
15	20	-12.2626
14	21	-12.2626
40	73	-12.2624
41	72	-12.2624
14	39	12.2603
15	38	12.2603
33	82	12.2534
32	83	12.2534
10	39	12.2479
11	38	12.2479
28	91	-12.2469
29	90	-12.2469
8	79	12.2461
9	78	12.2461
73	98	-12.2446
72	99	-12.2446
43	78	12.2369
42	79	12.2369
16	19	-12.2327
17	18	-12.2327
7	8	12.2324
6	9	12.2324
2	27	12.2303
3	26	12.2303
52	99	-12.2294
53	98	-12.2294
18	95	-12.2187
19	94	-12.2187
46	87	-12.2109
47	86	-12.2109
16	67	-12.1992
17	66	-12.1992
67	68	-12.1982
66	69	-12.1982
45	50	-12.1942
44	51	-12.1942
9	14	-12.1921
8	15	-12.1921
5	60	12.1885
4	61	12.1885
39	94	-12.18
38	95	-12.18
5	46	-12.1718
4	47	-12.1718
40	69	-12.1639
41	68	-12.1639
14	87	12.1582
15	86	12.1582
0	45	-12.1566
1	44	-12.1566
55	68	-12.1552
54	69	-12.1552
72	89	12.1548
73	88	12.1548
9	90	-12.1547
8	91	-12.1547
16	77	12.1519
17	76	12.1519
38	77	-12.1508
39	76	-12.1508
18	23	-12.1365
19	22	-12.1365
7	44	12.1336
6	45	12.1336
13	92	-12.1256
12	93	-12.1256
4	85	12.1252
5	84	12.1252
31	78	-12.1244
30	79	-12.1244
38	69	-12.1057
39	68	-12.1057
21	92	-12.0932
20	93	-12.0932
74	89	12.0906
75	88	12.0906
67	86	12.0883
66	87	12.0883
5	34	-12.0767
4	35	-12.0767
73	74	12.0547
72	75	12.0547
32	49	-12.0526
33	48	-12.0526
90	95	-12.0521
91	94	-12.0521
17	54	-12.0505
16	55	-12.0505
14	17	-12.0474
15	16	-12.0474
20	79	12.0221
21	78	12.0221
50	73	-12.0128
51	72	-12.0128
23	36	12.0089
22	37	12.0089
48	85	-12.0006
49	84	-12.0006
3	84	11.9989
2	85	11.9989
2	57	11.9799
3	56	11.9799
6	29	11.9788
7	28	11.9788
28	85	-11.9775
29	84	-11.9775
36	87	-11.9758
37	86	-11.9758
4	33	11.9733
5	32	11.9733
5	52	-11.968
4	53	-11.968
25	44	-11.9537
24	45	-11.9537
28	79	11.94
29	78	11.94
38	55	11.9277
39	54	11.9277
68	93	-11.9264
69	92	-11.9264
11	68	-11.9256
10	69	-11.9256
61	84	11.9149
60	85	11.9149
55	86	11.9116
54	87	11.9116
63	68	11.907
62	69	11.907
9	68	11.8982
8	69	11.8982
30	93	11.8921
31	92	11.8921
24	73	-11.8882
25	72	-11.8882
77	94	11.8857
76	95	11.8857
2	97	11.8835
3	96	11.8835
28	33	-11.8807
29	32	-11.8807
19	44	-11.8767
18	45	-11.8767
38	89	-11.8716
39	88	-11.8716
38	43	-11.869
39	42	-11.869
18	49	-11.8636
19	48	-11.8636
58	61	-11.8631
59	60	-11.8631
39	66	11.851
38	67	11.851
3	62	-11.8466
2	63	-11.8466
17	90	-11.8418
16	91	-11.8418
80	87	-11.8282
81	86	-11.8282
39	92	11.821
38	93	11.821
86	91	11.8199
87	90	11.8199
4	63	-11.8161
5	62	-11.8161
65	68	-11.7883
64	69	-11.7883
23	92	-11.7801
22	93	-11.7801
18	97	11.7327
19	96	11.7327
32	59	-11.7301
33	58	-11.7301
13	78	11.7195
12	79	11.7195
59	82	-11.7108
58	83	-11.7108
10	43	-11.6938
11	42	-11.6938
15	68	-11.691
14	69	-11.691
75	98	-11.6895
74	99	-11.6895
68	85	-11.677
69	84	-11.677
68	91	-11.6766
69	90	-11.6766
25	38	11.6724
24	39	11.6724
22	47	11.6627
23	46	11.6627
18	29	-11.6622
19	28	-11.6622
52	73	11.6472
53	72	11.6472
6	31	-11.6413
7	30	-11.6413
30	47	-11.6366
31	46	-11.6366
51	68	-11.6347
50	69	-11.6347
43	64	-11.6239
42	65	-11.6239
1	20	-11.6223
0	21	-11.6223
42	55	-11.6111
43	54	-11.6111
19	56	11.6052
18	57	11.6052
9	84	-11.6029
8	85	-11.6029
42	67	-11.5912
43	66	-11.5912
19	78	-11.5882
18	79	-11.5882
9	32	-11.568
8	33	-11.568
10	95	-11.5631
11	94	-11.5631
13	30	-11.5624
12	31	-11.5624
0	13	-11.5497
1	12	-11.5497
50	99	11.536
51	98	11.536
18	63	-11.5157
19	62	-11.5157
56	85	11.5081
57	84	11.5081
28	69	11.493
29	68	11.493
41	98	11.4882
40	99	11.4882
37	80	11.4862
36	81	11.4862
84	97	11.4462
85	96	11.4462
64	95	-11.4258
65	94	-11.4258
40	89	-11.4218
41	88	-11.4218
16	81	11.4162
17	80	11.4162
19	26	11.4123
18	27	11.4123
5	82	11.4033
4	83	11.4033
48	69	11.3942
49	68	11.3942
4	81	-11.3844
5	80	-11.3844
64	81	-11.3762
65	80	-11.3762
11	80	-11.3758
10	81	-11.3758
9	18	-11.3757
8	19	-11.3757
14	23	-11.3691
15	22	-11.3691
10	17	-11.3653
11	16	-11.3653
22	67	-11.357
23	66	-11.357
21	40	-11.3487
20	41	-11.3487
45	92	-11.3472
44	93	-11.3472
58	95	11.3389
59	94	11.3389
63	84	-11.3372
62	85	-11.3372
5	18	11.3362
4	19	11.3362
32	61	11.3273
33	60	11.3273
32	63	-11.3152
33	62	-11.3152
51	88	-11.2995
50	89	-11.2995
43	90	-11.2967
42	91	-11.2967
26	85	11.2927
27	84	11.2927
19	70	11.29
18	71	11.29
3	60	11.2796
2	61	11.2796
21	74	11.2764
20	75	11.2764
30	37	-11.2743
31	36	-11.2743
37	44	11.2734
36	45	11.2734
12	41	-11.2674
13	40	-11.2674
14	31	11.2575
15	30	11.2575
20	31	-11.2561
21	30	-11.2561
26	69	-11.2557
27	68	-11.2557
35	72	11.2543
34	73	11.2543
17	64	-11.2495
16	65	-11.2495
69	70	-11.2457
68	71	-11.2457
22	55	-11.2445
23	54	-11.2445
46	81	11.2431
47	80	11.2431
31	66	11.2421
30	67	11.2421
15	42	-11.2346
14	43	-11.2346
4	49	-11.2279
5	48	-11.2279
43	92	-11.2199
42	93	-11.2199
6	81	11.2056
7	80	11.2056
81	94	11.2021
80	95	11.2021
22	91	-11.2009
23	90	-11.2009
58	85	-11.1896
59	84	-11.1896
24	69	-11.1798
25	68	-11.1798
33	56	11.1794
32	57	11.1794
44	47	11.1777
45	46	11.1777
3	48	-11.1739
2	49	-11.1739
33	64	11.1724
32	65	11.1724
57	68	-11.17
56	69	-11.17
13	44	11.1646
12	45	11.1646
4	43	-11.1582
5	42	-11.1582
14	45	-11.1457
15	44	-11.1457
16	59	11.1439
17	58	11.1439
3	38	11.1312
2	39	11.1312
25	98	11.128
24	99	11.128
71	84	11.1272
70	85	11.1272
0	99	11.1179
1	98	11.1179
21	50	-11.114
20	51	-11.114
38	51	11.1116
39	50	11.1116
31	54	11.1031
30	55	11.1031
12	75	11.1022
13	74	11.1022
4	77	-11.0979
5	76	-11.0979
43	44	11.0911
42	45	11.0911
10	33	11.0881
11	32	11.0881
11	86	11.0841
10	87	11.0841
7	18	-11.0801
6	19	-11.0801
13	50	-11.0726
12	51	-11.0726
1	88	-11.0718
0	89	-11.0718
43	74	11.0692
42	75	11.0692
55	80	-11.067
54	81	-11.067
0	43	-11.0616
1	42	-11.0616
20	25	-11.056
21	24	-11.056
65	84	11.0552
64	85	11.0552
13	24	-11.0506
12	25	-11.0506
71	72	-11.0372
70	73	-11.0372
44	91	-11.0317
45	90	-11.0317
32	97	11.0086
33	96	11.0086
66	81	-11.0084
67	80	-11.0084
0	39	11.0067
1	38	11.0067
21	44	11.0017
20	45	11.0017
30	91	11.0012
31	90	11.0012
65	76	-10.9969
64	77	-10.9969
36	77	10.9969
37	76	10.9969
27	32	10.9862
26	33	10.9862
34	85	-10.9842
35	84	-10.9842
19	34	-10.9842
18	35	-10.9842
10	77	-10.9832
11	76	-10.9832
18	59	-10.9775
19	58	-10.9775
24	89	-10.9758
25	88	-10.9758
44	67	-10.9733
45	66	-10.9733
2	99	10.9671
3	98	10.9671
39	52	-10.9622
38	53	-10.9622
30	43	-10.961
31	42	-10.961
68	97	-10.9581
69	96	-10.9581
64	87	10.9545
65	86	10.9545
4	69	-10.9533
5	68	-10.9533
27	72	-10.9505
26	73	-10.9505
10	85	10.9426
11	84	10.9426
79	88	10.9354
78	89	10.9354
32	35	-10.9197
33	34	-10.9197
81	90	-10.9177
80	91	-10.9177
39	78	-10.9172
38	79	-10.9172
45	54	-10.9039
44	55	-10.9039
3	88	-10.8997
2	89	-10.8997
69	94	10.8962
68	95	10.8962
40	43	-10.8821
41	42	-10.8821
76	83	-10.876
77	82	-10.876
48	77	10.8559
49	76	10.8559
38	41	10.8493
39	40	10.8493
2	83	10.8279
3	82	10.8279
60	77	-10.8254
61	76	-10.8254
19	52	-10.8147
18	53	-10.8147
57	72	-10.8137
56	73	-10.8137
32	71	10.8131
33	70	10.8131
14	81	-10.8085
15	80	-10.8085
60	69	-10.8051
61	68	-10.8051
78	81	10.8038
79	80	10.8038
63	72	10.7971
62	73	10.7971
30	39	10.7944
31	38	10.7944
37	38	-10.7896
36	39	-10.7896
13	86	-10.7799
12	87	-10.7799
4	99	10.7715
5	98	10.7715
34	39	-10.7685
35	38	-10.7685
7	76	10.7685
6	77	10.7685
13	22	10.7577
12	23	10.7577
11	22	-10.7486
10	23	-10.7486
17	68	10.7429
16	69	10.7429
4	95	-10.7268
5	94	-10.7268
73	96	-10.7231
72	97	-10.7231
53	84	-10.7215
52	85	-10.7215
24	43	-10.7214
25	42	-10.7214
19	74	-10.7192
18	75	-10.7192
2	19	10.7152
3	18	10.7152
46	77	10.7116
47	76	10.7116
21	52	10.7052
20	53	10.7052
4	45	-10.6999
5	44	-10.6999
7	38	-10.6992
6	39	-10.6992
43	50	-10.6945
42	51	-10.6945
5	16	-10.6937
4	17	-10.6937
54	77	-10.6931
55	76	-10.6931
22	65	-10.6904
23	64	-10.6904
32	53	-10.669
33	52	-10.669
22	43	10.6621
23	42	10.6621
42	53	10.6613
43	52	10.6613
79	98	-10.6576
78	99	-10.6576
28	77	10.6437
29	76	10.6437
81	92	-10.6422
80	93	-10.6422
66	77	-10.64
67	76	-10.64
68	83	-10.6334
69	82	-10.6334
76	91	-10.62
77	90	-10.62
20	23	10.6182
21	22	10.6182
11	44	-10.6063
10	45	-10.6063
44	65	-10.6052
45	64	-10.6052
33	54	10.6016
32	55	10.6016
8	73	10.5832
9	72	10.5832
42	61	-10.5788
43	60	-10.5788
21	86	-10.5774
20	87	-10.5774
32	91	10.5727
33	90	10.5727
38	75	-10.5641
39	74	-10.5641
43	86	-10.5611
42	87	-10.5611
12	53	10.5598
13	52	10.5598
31	72	-10.5587
30	73	-10.5587
38	63	-10.5587
39	62	-10.5587
38	49	-10.5505
39	48	-10.5505
60	81	-10.5498
61	80	-10.5498
69	98	-10.5467
68	99	-10.5467
59	86	-10.5463
58	87	-10.5463
6	89	10.5435
7	88	10.5435
68	89	10.5411
69	88	10.5411
81	82	-10.5378
80	83	-10.5378
15	76	-10.532
14	77	-10.532
84	91	10.5298
85	90	10.5298
33	66	10.5259
32	67	10.5259
23	58	10.5112
22	59	10.5112
11	30	10.5101
10	31	10.5101
8	39	-10.5009
9	38	-10.5009
4	23	-10.486
5	22	-10.486
9	76	10.4825
8	77	10.4825
55	84	10.4676
54	85	10.4676
48	81	10.4569
49	80	10.4569
77	78	10.4552
76	79	10.4552
21	34	10.4543
20	35	10.4543
35	42	10.4403
34	43	10.4403
14	33	10.4283
15	32	10.4283
62	77	10.4257
63	76	10.4257
30	65	10.424
31	64	10.424
77	96	-10.4226
76	97	-10.4226
49	72	10.4213
48	73	10.4213
60	73	-10.408
61	72	-10.408
32	37	-10.4079
33	36	-10.4079
38	71	10.4072
39	70	10.4072
19	64	10.4006
18	65	10.4006
66	85	10.3966
67	84	10.3966
15	84	10.396
14	85	10.396
44	73	10.3926
45	72	10.3926
92	99	10.3898
93	98	10.3898
46	89	10.3891
47	88	10.3891
21	70	-10.3739
20	71	-10.3739
76	93	-10.3732
77	92	-10.3732
25	76	-10.367
24	77	-10.367
39	96	10.366
38	97	10.366
38	87	10.3657
39	86	10.3657
29	72	10.3643
28	73	10.3643
25	80	-10.3592
24	81	-10.3592
47	98	-10.3584
46	99	-10.3584
2	95	-10.3542
3	94	-10.3542
18	51	10.3536
19	50	10.3536
29	80	10.3448
28	81	10.3448
12	35	10.3437
13	34	10.3437
42	97	-10.3336
43	96	-10.3336
7	98	-10.3307
6	99	-10.3307
18	37	-10.3306
19	36	-10.3306
29	38	-10.3235
28	39	-10.3235
13	70	-10.3202
12	71	-10.3202
19	40	10.3197
18	41	10.3197
20	27	-10.3194
21	26	-10.3194
11	18	10.3181
10	19	10.3181
21	62	10.3149
20	63	10.3149
89	92	-10.3135
88	93	-10.3135
0	81	-10.3094
1	80	-10.3094
26	39	10.3062
27	38	10.3062
5	88	-10.3045
4	89	-10.3045
43	70	-10.2901
42	71	-10.2901
56	77	-10.2809
57	76	-10.2809
36	89	10.2781
37	88	10.2781
75	84	-10.2775
74	85	-10.2775
19	24	10.2761
18	25	10.2761
42	63	10.2709
43	62	10.2709
39	60	10.2693
38	61	10.2693
12	27	-10.2683
13	26	-10.2683
50	85	10.257
51	84	10.257
2	17	-10.2482
3	16	-10.2482
32	75	-10.2468
33	74	-10.2468
45	58	10.2459
44	59	10.2459
42	83	-10.2445
43	82	-10.2445
31	58	-10.238
30	59	-10.238
20	57	-10.238
21	56	-10.238
23	68	10.2375
22	69	10.2375
39	56	10.2337
38	57	10.2337
27	42	-10.2325
26	43	-10.2325
33	92	10.23
32	93	10.23
13	62	10.2204
12	63	10.2204
41	84	10.2173
40	85	10.2173
9	80	10.216
8	81	10.216
79	84	-10.2153
78	85	-10.2153
18	47	-10.215
19	46	-10.215
81	96	-10.2133
80	97	-10.2133
26	77	-10.2119
27	76	-10.2119
32	47	-10.2042
33	46	-10.2042
12	17	10.204
13	16	10.204
21	96	-10.2039
20	97	-10.2039
74	81	10.2009
75	80	10.2009
65	98	10.1996
64	99	10.1996
85	92	10.1973
84	93	10.1973
13	56	-10.1943
12	57	-10.1943
71	76	-10.192
70	77	-10.192
72	83	-10.1913
73	82	-10.1913
4	87	10.1898
5	86	10.1898
63	80	10.1835
62	81	10.1835
43	56	-10.1833
42	57	-10.1833
3	30	10.1823
2	31	10.1823
15	98	10.1823
14	99	10.1823
0	19	10.1818
1	18	10.1818
40	81	-10.1814
41	80	-10.1814
67	98	10.1812
66	99	10.1812
16	43	10.1801
17	42	10.1801
11	98	10.1705
10	99	10.1705
51	80	-10.16
50	81	-10.16
68	87	-10.1583
69	86	-10.1583
33	40	10.1581
32	41	10.1581
55	98	10.1555
54	99	10.1555
12	97	-10.153
13	96	-10.153
72	87	-10.1517
73	86	-10.1517
35	76	10.148
34	77	10.148
25	84	10.1458
24	85	10.1458
18	91	10.1449
19	90	10.1449
90	99	10.1348
91	98	10.1348
37	84	-10.133
36	85	-10.133
17	20	10.1328
16	21	10.1328
42	95	10.1324
43	94	10.1324
23	72	10.1321
22	73	10.1321
58	99	-10.131
59	98	-10.131
13	94	10.13
12	95	10.13
20	49	10.129
21	48	10.129
37	98	-10.1266
36	99	-10.1266
0	85	10.1243
1	84	10.1243
59	88	10.1241
58	89	10.1241
20	61	-10.1227
21	60	-10.1227
32	51	10.122
33	50	10.122
15	88	-10.1176
14	89	-10.1176
8	43	10.1167
9	42	10.1167
9	20	10.1137
8	21	10.1137
0	33	10.1108
1	32	10.1108
66	89	-10.1034
67	88	-10.1034
1	76	-10.1015
0	77	-10.1015
7	32	-10.1011
6	33	-10.1011
13	48	10.0947
12	49	10.0947
51	76	-10.0925
50	77	-10.0925
4	31	10.0924
5	30	10.0924
6	85	-10.0895
7	84	-10.0895
43	48	10.0879
42	49	10.0879
57	80	-10.0856
56	81	-10.0856
15	18	10.0835
14	19	10.0835
3	86	10.0815
2	87	10.0815
20	95	10.081
21	94	10.081
9	12	10.0802
8	13	10.0802
18	55	10.0737
19	54	10.0737
28	43	10.0702
29	42	10.0702
54	89	-10.0682
55	88	-10.0682
46	85	-10.0681
47	84	-10.0681
74	77	10.0658
75	76	10.0658
45	68	10.0648
44	69	10.0648
53	76	10.0576
52	77	10.0576
89	90	-10.0563
88	91	-10.0563
12	61	-10.0561
13	60	-10.0561
71	80	-10.0535
70	81	-10.0535
27	80	-10.0514
26	81	-10.0514
19	66	10.046
18	67	10.046
12	29	10.0421
13	28	10.0421
20	29	10.039
21	28	10.039
31	68	-10.0366
30	69	-10.0366
41	76	-10.0352
40	77	-10.0352
39	82	10.0326
38	83	10.0326
3	22	-10.0231
2	23	-10.0231
73	94	10.0226
72	95	10.0226
24	33	10.0187
25	32	10.0187
35	80	10.0178
34	81	10.0178
65	88	-10.0143
64	89	-10.0143
18	93	10.0102
19	92	10.0102
10	89	-10.0071
11	88	-10.0071
3	44	-10.0067
2	45	-10.0067
13	82	-10.006
12	83	-10.006
16	73	10.0035
17	72	10.0035
21	82	-10.0024
20	83	-10.0024
32	79	-10.0024
33	78	-10.0024
53	80	10.0004
52	81	10.0004
54	66	1.99935
10	64	1.99881
26	56	1.99878
16	94	1.99788
14	90	1.99785
26	70	1.99765
34	52	1.99631
0	40	1.99615
8	28	1.99445
56	70	1.99406
12	20	1.99347
54	90	1.98924
14	92	1.98857
48	62	1.98831
14	54	1.98807
76	80	1.98803
14	66	1.98752
70	96	1.98717
66	90	1.98646
66	92	1.98617
6	78	1.98508
8	34	1.98329
60	96	1.9821
10	54	1.98189
54	92	1.98144
40	50	1.98079
26	96	1.98052
10	90	1.98014
56	96	1.97992
22	44	1.97909
90	92	1.97803
0	50	1.97664
64	90	1.97662
30	86	1.97629
10	66	1.97448
16	22	1.974
54	64	1.97295
24	50	1.97196
60	82	1.96993
10	14	1.96703
8	52	1.96476
82	96	1.96423
20	72	1.96419
64	66	1.96405
28	34	1.96402
12	72	1.9614
14	64	1.96133
22	94	1.95927
6	36	1.95713
0	92	1.95574
56	82	1.95525
50	70	1.94984
26	82	1.94306
50	92	1.94253
60	70	1.94036
28	52	1.93808
40	74	-1.93776
70	82	1.93686
24	92	1.93533
40	70	1.9343
56	60	1.93406
10	92	1.93401
4	64	1.93375
26	50	1.93313
40	92	1.93114
62	74	1.93075
26	60	1.93041
26	40	1.9273
0	74	-1.92618
0	66	1.92182
64	92	1.92167
32	84	1.92046
16	44	1.9203
20	42	1.91934
50	96	1.91866
4	10	1.91633
50	56	1.91483
0	24	1.9144
30	98	1.9126
24	40	1.91191
84	98	1.9101
40	56	1.90963
14	24	1.90921
0	54	1.90766
42	80	1.90479
0	70	1.90407
82	86	1.90374
0	14	1.90231
36	78	1.89937
48	94	1.89647
24	70	1.8951
74	78	1.89432
44	94	1.89428
0	26	1.89363
36	66	-1.89226
14	50	1.89122
24	96	1.88866
6	74	1.88849
40	66	1.88621
36	54	-1.8856
20	80	1.88334
24	90	1.88305
46	58	1.88295
50	66	1.88153
0	90	1.87799
40	96	1.87795
0	36	-1.87531
12	42	1.87472
0	56	1.8725
12	80	1.87176
36	74	1.87024
16	48	1.86989
40	54	1.86969
48	74	1.86863
24	66	1.86842
14	40	1.86829
50	54	1.86667
24	26	1.86565
58	68	1.86535
56	62	-1.86516
26	74	-1.86375
4	90	1.8628
50	90	1.86113
62	94	1.86018
26	62	-1.86001
50	74	-1.85868
24	54	1.8583
32	98	1.85826
48	56	-1.85574
56	74	-1.85273
36	92	-1.8516
70	74	-1.85048
18	84	1.84913
50	60	1.84811
2	4	1.84707
36	40	-1.84592
2	64	1.84507
42	76	1.84481
26	48	-1.84428
24	56	1.84427
0	96	1.84371
24	60	1.84265
2	10	1.84188
40	90	1.83959
10	36	-1.83934
46	52	1.83841
42	68	1.83764
42	72	1.83487
86	98	1.83302
4	54	1.83218
4	14	1.83037
62	70	-1.8297
16	62	1.82811
58	72	1.82767
40	62	-1.82061
14	36	-1.8166
0	10	1.81659
36	64	-1.81544
36	90	-1.81358
4	66	1.81313
48	70	-1.80975
32	88	-1.80781
20	76	1.80752
30	82	1.80258
22	88	1.80121
44	88	1.80056
60	86	1.7996
12	76	1.79884
70	92	1.79858
88	98	-1.79774
68	72	1.79679
74	92	-1.79619
50	82	1.79552
0	64	1.79334
0	6	-1.79325
34	46	1.79321
40	60	1.78456
30	88	-1.78394
22	48	1.78389
48	82	-1.78368
32	76	-1.78334
0	62	-1.7832
10	24	1.78194
56	86	1.78166
62	78	1.78052
6	40	-1.7769
32	80	-1.77466
26	92	1.77264
24	64	1.77007
10	50	1.76994
66	74	-1.76889
10	40	1.7678
86	96	1.76712
36	50	-1.76573
20	68	1.76525
74	96	-1.76479
2	54	1.76449
40	82	1.76311
62	82	-1.76068
62	96	-1.7581
40	48	-1.75756
26	86	1.75303
48	96	-1.75021
50	64	1.74996
18	98	1.74955
54	74	-1.749
4	92	1.74892
0	78	-1.74851
2	66	1.74824
92	96	1.7478
24	82	1.74626
0	60	1.74623
6	66	-1.74609
56	92	1.74309
40	64	1.74308
2	36	-1.74294
40	78	-1.74238
50	62	-1.74182
72	80	1.74113
48	86	-1.74002
6	54	-1.73471
2	90	1.73083
24	74	-1.73008
70	86	1.72839
12	32	-1.72686
6	62	1.72665
22	62	1.71854
14	70	1.71796
0	82	1.71364
14	74	-1.71342
0	48	-1.71189
66	70	1.70972
6	92	-1.70968
30	48	-1.70905
12	68	1.70508
76	88	1.70363
2	14	1.69696
20	58	1.69529
48	78	1.6934
74	82	-1.69079
54	70	1.68831
48	50	-1.68769
16	88	1.6876
14	26	1.68677
74	90	-1.68546
26	66	1.68428
30	84	1.6809
8	46	1.68064
20	32	-1.67636
70	90	1.67634
24	36	-1.67177
30	56	1.6717
14	96	1.67114
6	10	-1.6706
62	86	-1.67011
30	60	1.66997
48	60	-1.66892
74	94	1.66804
6	50	-1.66625
88	94	1.66432
12	58	1.66367
60	62	-1.6632
26	54	1.6619
44	48	1.66183
86	88	-1.66153
66	78	-1.65979
60	92	1.65838
36	62	1.65656
14	56	1.65462
84	88	-1.65407
6	14	-1.65353
56	66	1.65223
60	74	-1.65203
66	96	1.64749
72	76	1.64684
54	78	-1.6458
6	90	-1.6455
2	92	1.64473
26	90	1.64449
30	32	1.64252
6	64	-1.64211
30	96	1.63973
26	30	1.63911
10	74	-1.63861
36	70	-1.63591
78	92	-1.63381
46	68	1.6336
26	36	-1.63074
54	56	1.62934
6	48	1.62927
90	96	1.62789
28	46	1.62688
16	74	1.62674
54	96	1.62667
42	58	1.62548
22	30	-1.62406
50	78	-1.62195
80	88	1.62194
30	62	-1.62186
4	36	-1.61979
18	32	1.61222
56	90	1.61151
30	94	-1.61133
64	74	-1.60819
30	70	1.60743
2	6	-1.60564
36	56	-1.60444
16	30	-1.60289
24	62	-1.60252
62	92	-1.59989
6	26	-1.59634
26	78	-1.59467
44	62	1.59308
4	24	1.58866
6	70	-1.58807
78	94	1.58723
14	60	1.5866
56	94	-1.58631
12	84	-1.58588
56	78	-1.58111
70	78	-1.57846
82	92	1.57829
6	56	-1.57752
84	86	1.57562
86	94	-1.57491
10	78	-1.57157
26	94	-1.57087
68	80	1.56896
14	78	-1.56822
0	4	1.56567
10	70	1.5652
18	30	1.56264
16	86	-1.55768
78	90	-1.55649
82	98	1.55555
32	72	-1.55446
24	48	-1.554
36	48	1.55399
22	86	-1.55128
16	56	-1.55095
60	66	1.55036
16	78	1.54968
62	66	-1.54564
36	96	-1.54455
80	84	-1.54427
60	90	1.54295
64	78	-1.5426
48	88	1.54206
64	70	1.5413
52	58	1.54082
6	24	-1.53959
76	84	-1.53897
32	42	-1.53853
10	26	1.53582
16	26	-1.53499
30	44	-1.53212
4	50	1.53118
54	60	1.5306
70	94	-1.52966
46	72	1.52883
18	38	1.52619
18	86	1.52585
82	94	-1.52383
54	62	-1.52223
20	84	-1.5213
48	92	-1.52069
0	2	1.51784
50	86	1.51661
26	64	1.51087
4	40	1.50897
10	96	1.50666
32	86	1.50617
14	62	-1.50369
40	86	1.50281
10	56	1.50207
74	86	-1.49694
38	84	1.49688
38	72	-1.49591
2	78	-1.49502
16	82	-1.49466
16	70	-1.49437
6	96	-1.49227
40	94	-1.49179
76	98	-1.49151
14	82	1.49144
22	98	-1.49128
6	94	1.48758
22	74	1.48756
64	96	1.48551
24	78	-1.48295
34	58	1.48189
78	96	-1.48166
56	64	1.47714
28	86	-1.47527
66	82	1.4738
68	76	1.47277
28	30	-1.47268
62	90	-1.46888
22	56	-1.46849
48	52	1.46813
94	96	-1.46779
34	48	1.46255
2	40	1.45931
48	66	-1.45752
80	98	-1.45733
12	38	-1.45723
8	86	-1.4547
40	46	-1.4545
52	62	1.4544
46	74	1.45285
16	40	-1.45282
54	82	1.4516
0	94	-1.45072
24	86	1.45015
8	30	-1.45006
22	26	-1.44947
6	16	1.44893
8	48	1.44837
44	86	-1.44726
82	90	1.44687
0	46	-1.44671
48	98	-1.44621
22	82	-1.44573
36	58	1.44526
4	6	-1.44512
72	84	-1.44436
0	86	1.44396
34	62	1.44318
52	56	-1.44282
44	98	-1.43964
62	88	1.43881
34	56	-1.43717
16	96	-1.43621
26	52	-1.4352
36	60	-1.43417
48	54	-1.43416
34	82	-1.43383
26	46	-1.43245
16	98	-1.43136
46	50	-1.43019
46	70	-1.42953
28	82	-1.42915
52	82	-1.42873
34	86	-1.42856
26	34	-1.42816
6	58	1.42697
94	98	-1.42684
46	56	-1.42637
2	50	1.42633
60	98	1.42626
44	76	1.42506
14	48	-1.42479
28	48	1.4247
82	88	-1.42361
8	82	-1.42061
2	24	1.42047
52	70	-1.41962
32	44	-1.41929
8	62	1.41901
10	60	1.4174
6	68	1.41592
46	62	1.4156
78	82	-1.41504
50	94	-1.41463
30	74	-1.41341
0	16	-1.41252
36	82	-1.41241
34	70	-1.41214
22	70	-1.41165
2	12	-1.40904
68	78	1.40823
8	56	-1.40812
52	86	-1.40671
30	34	-1.40587
58	74	1.40561
2	74	-1.40524
0	58	-1.40514
2	72	-1.40476
22	32	-1.40447
28	56	-1.40341
58	78	1.40289
10	62	-1.40189
52	96	-1.40085
6	82	-1.40058
60	64	1.39937
20	38	-1.39832
2	20	-1.39761
52	74	1.39724
34	96	-1.3972
8	26	-1.39683
60	94	-1.39508
22	78	1.3948
46	96	-1.39459
40	58	-1.39375
58	66	-1.39219
28	62	1.39195
58	80	1.39192
26	28	-1.39154
56	98	1.39064
30	50	1.39046
46	92	-1.3894
30	40	1.38921
48	90	-1.38892
6	60	-1.38782
54	58	-1.38687
32	38	1.38634
12	88	1.38567
46	48	1.38554
8	94	1.38185
36	46	1.38088
16	50	-1.38072
58	92	-1.38029
60	78	-1.37917
8	70	-1.37913
34	74	1.37892
52	94	1.3785
30	52	-1.37828
34	94	1.37708
12	98	-1.37589
38	58	-1.37564
40	52	-1.37553
28	70	-1.3755
4	74	-1.37514
24	46	-1.37493
62	64	-1.37397
96	98	1.37324
22	96	-1.37276
8	16	1.37271
34	60	-1.37182
10	72	-1.3716
46	66	-1.37106
28	96	-1.37069
52	60	-1.37067
44	74	1.36985
36	68	1.36962
36	72	1.3694
16	60	-1.36818
20	46	1.36772
8	96	-1.36764
64	72	-1.36736
36	94	1.36415
16	34	1.36409
16	52	1.36397
28	98	-1.36306
46	54	-1.36233
6	46	1.36197
8	22	1.36097
34	40	-1.36083
8	58	1.35925
28	60	-1.35891
42	84	-1.3589
26	98	1.35849
44	56	-1.35751
20	88	1.35606
46	78	1.35583
4	78	-1.3556
14	58	-1.355
0	52	-1.35492
18	88	-1.35491
10	58	-1.35439
54	72	-1.35438
62	98	-1.35391
50	58	-1.35295
28	94	1.35189
50	52	-1.35111
14	46	-1.35074
22	76	1.35038
66	72	-1.34977
58	90	-1.34976
46	82	-1.3488
8	60	-1.3483
38	44	-1.34577
16	28	1.34362
28	88	1.34325
8	74	1.34276
46	60	-1.34249
44	82	-1.34189
26	44	-1.34129
58	64	-1.34103
12	46	1.34095
22	40	-1.34083
0	34	-1.34019
22	28	1.33957
12	18	-1.33933
34	50	-1.33903
46	90	-1.33713
56	88	-1.33683
30	76	-1.33582
22	34	1.33534
10	82	1.33278
0	30	1.33254
70	98	1.33089
8	88	1.32991
52	68	1.32921
72	90	-1.32844
2	28	-1.32829
22	52	1.32714
16	36	1.32678
42	88	1.32671
22	60	-1.32625
44	80	1.32625
8	98	-1.3258
20	98	-1.32554
8	40	-1.32374
4	72	-1.32096
24	30	1.32022
4	70	1.3195
28	74	1.31785
42	46	1.31765
14	72	-1.317
10	48	-1.31682
22	84	-1.31648
2	8	-1.3164
10	46	-1.31633
28	40	-1.31317
2	58	-1.31284
64	82	1.31233
44	70	-1.31122
10	12	-1.31108
12	64	-1.31068
24	94	-1.31043
6	72	1.30914
26	88	-1.30909
20	36	1.30705
44	84	-1.30658
18	82	1.30602
0	8	-1.30475
46	64	-1.30428
28	58	1.30389
72	92	-1.30362
8	44	1.30343
4	38	1.30297
24	58	-1.30208
8	50	-1.30194
6	22	1.30175
0	22	-1.30094
60	88	-1.29996
2	80	-1.29893
44	78	1.29874
4	12	-1.29864
28	50	-1.29859
58	62	1.29701
18	20	-1.2967
10	20	-1.29642
58	76	1.29613
0	28	-1.29546
16	32	-1.29413
20	64	-1.29347
22	50	-1.29217
86	92	1.29197
58	70	-1.29154
48	64	-1.29148
92	94	-1.29057
4	26	1.28948
12	36	1.289
26	58	-1.28894
82	84	1.28778
68	74	1.28665
88	96	-1.28663
24	52	-1.28661
16	24	-1.28633
2	42	-1.28617
28	44	1.28464
44	96	-1.28426
2	34	-1.28401
34	68	1.28049
52	92	-1.28024
30	80	-1.28015
4	96	1.28014
36	52	1.27914
38	46	-1.27842
24	34	-1.27701
70	88	-1.27676
52	78	1.27564
56	58	-1.27504
12	54	-1.27498
32	94	-1.27422
34	44	1.27344
2	52	-1.2727
78	86	-1.27104
34	92	-1.27
20	54	-1.26841
6	52	1.26832
2	32	1.26791
12	66	-1.26732
22	38	-1.26593
52	66	-1.26541
4	20	-1.26536
34	36	1.26484
18	72	-1.26469
44	52	1.26382
20	66	-1.26229
6	42	1.26212
34	88	1.26179
16	92	-1.26171
36	42	1.26138
18	80	-1.26132
4	56	1.26042
22	80	1.25892
52	54	-1.2589
2	76	-1.25807
34	98	-1.25763
34	66	-1.25743
6	20	1.25728
0	72	-1.25572
46	94	1.25516
34	78	1.25457
72	78	1.25445
2	46	-1.25382
4	28	-1.25378
12	90	-1.25249
16	84	-1.25227
34	54	-1.25192
44	60	-1.25186
6	34	1.24916
66	94	-1.24781
40	44	-1.24761
38	98	1.24701
28	92	-1.24606
8	36	1.24601
24	28	-1.24591
14	52	-1.24445
8	92	-1.24429
28	66	-1.24421
58	96	-1.24367
10	28	-1.24301
28	54	-1.24239
18	60	1.24233
8	24	-1.24205
48	58	1.24186
28	64	-1.24156
2	68	-1.2415
16	38	-1.24124
2	70	1.24113
8	66	-1.24079
18	76	-1.24072
20	90	-1.24039
84	94	-1.24035
42	98	-1.2386
4	58	-1.23838
38	64	1.2382
8	54	-1.23757
14	34	-1.23752
38	90	1.23666
12	14	-1.236
32	68	-1.23554
38	80	-1.23506
52	90	-1.23489
16	46	1.23394
10	52	-1.23337
52	88	1.23245
10	34	-1.23225
28	36	1.23178
54	94	-1.23165
76	86	-1.23143
8	10	-1.23107
18	42	-1.23049
22	24	-1.22975
34	90	-1.22954
6	86	-1.22846
6	12	1.22801
0	68	-1.22795
8	64	-1.22762
14	94	-1.2275
4	8	-1.22713
34	64	-1.22655
14	28	-1.22654
18	68	-1.22648
52	64	-1.22632
14	20	-1.22626
40	72	-1.22624
14	38	1.22603
32	82	1.22534
10	38	1.22479
28	90	-1.22469
8	78	1.22461
72	98	-1.22446
42	78	1.22369
16	18	-1.22327
6	8	1.22324
2	26	1.22303
52	98	-1.22294
18	94	-1.22187
46	86	-1.22109
16	66	-1.21992
66	68	-1.21982
44	50	-1.21942
8	14	-1.21921
4	60	1.21885
38	94	-1.218
4	46	-1.21718
40	68	-1.21639
14	86	1.21582
0	44	-1.21566
54	68	-1.21552
72	88	1.21548
8	90	-1.21547
16	76	1.21519
38	76	-1.21508
18	22	-1.21365
6	44	1.21336
12	92	-1.21256
4	84	1.21252
30	78	-1.21244
38	68	-1.21057
20	92	-1.20932
74	88	1.20906
66	86	1.20883
4	34	-1.20767
72	74	1.20547
32	48	-1.20526
90	94	-1.20521
16	54	-1.20505
14	16	-1.20474
20	78	1.20221
50	72	-1.20128
22	36	1.20089
48	84	-1.20006
2	84	1.19989
2	56	1.19799
6	28	1.19788
28	84	-1.19775
36	86	-1.19758
4	32	1.19733
4	52	-1.1968
24	44	-1.19537
28	78	1.194
38	54	1.19277
68	92	-1.19264
10	68	-1.19256
60	84	1.19149
54	86	1.19116
62	68	1.1907
8	68	1.18982
30	92	1.18921
24	72	-1.18882
76	94	1.18857
2	96	1.18835
28	32	-1.18807
18	44	-1.18767
38	88	-1.18716
38	42	-1.1869
18	48	-1.18636
58	60	-1.18631
38	66	1.1851
2	62	-1.18466
16	90	-1.18418
80	86	-1.18282
38	92	1.1821
86	90	1.18199
4	62	-1.18161
64	68	-1.17883
22	92	-1.17801
18	96	1.17327
32	58	-1.17301
12	78	1.17195
58	82	-1.17108
10	42	-1.16938
14	68	-1.1691
74	98	-1.16895
68	84	-1.1677
68	90	-1.16766
24	38	1.16724
22	46	1.16627
18	28	-1.16622
52	72	1.16472
6	30	-1.16413
30	46	-1.16366
50	68	-1.16347
42	64	-1.16239
0	20	-1.16223
42	54	-1.16111
18	56	1.16052
8	84	-1.16029
42	66	-1.15912
18	78	-1.15882
8	32	-1.1568
10	94	-1.15631
12	30	-1.15624
0	12	-1.15497
50	98	1.1536
18	62	-1.15157
56	84	1.15081
28	68	1.1493
40	98	1.14882
36	80	1.14862
84	96	1.14462
64	94	-1.14258
40	88	-1.14218
16	80	1.14162
18	26	1.14123
4	82	1.14033
48	68	1.13942
4	80	-1.13844
64	80	-1.13762
10	80	-1.13758
8	18	-1.13757
14	22	-1.13691
10	16	-1.13653
22	66	-1.1357
20	40	-1.13487
44	92	-1.13472
58	94	1.13389
62	84	-1.13372
4	18	1.13362
32	60	1.13273
32	62	-1.13152
50	88	-1.12995
42	90	-1.12967
26	84	1.12927
18	70	1.129
2	60	1.12796
20	74	1.12764
30	36	-1.12743
36	44	1.12734
12	40	-1.12674
14	30	1.12575
20	30	-1.12561
26	68	-1.12557
34	72	1.12543
16	64	-1.12495
68	70	-1.12457
22	54	-1.12445
46	80	1.12431
30	66	1.12421
14	42	-1.12346
4	48	-1.12279
42	92	-1.12199
6	80	1.12056
80	94	1.12021
22	90	-1.12009
58	84	-1.11896
24	68	-1.11798
32	56	1.11794
44	46	1.11777
2	48	-1.11739
32	64	1.11724
56	68	-1.117
12	44	1.11646
4	42	-1.11582
14	44	-1.11457
16	58	1.11439
2	38	1.11312
24	98	1.1128
70	84	1.11272
0	98	1.11179
20	50	-1.1114
38	50	1.11116
30	54	1.11031
12	74	1.11022
4	76	-1.10979
42	44	1.10911
10	32	1.10881
10	86	1.10841
6	18	-1.10801
12	50	-1.10726
0	88	-1.10718
42	74	1.10692
54	80	-1.1067
0	42	-1.10616
20	24	-1.1056
64	84	1.10552
12	24	-1.10506
70	72	-1.10372
44	90	-1.10317
32	96	1.10086
66	80	-1.10084
0	38	1.10067
20	44	1.10017
30	90	1.10012
64	76	-1.09969
36	76	1.09969
26	32	1.09862
34	84	-1.09842
18	34	-1.09842
10	76	-1.09832
18	58	-1.09775
24	88	-1.09758
44	66	-1.09733
2	98	1.09671
38	52	-1.09622
30	42	-1.0961
68	96	-1.09581
64	86	1.09545
4	68	-1.09533
26	72	-1.09505
10	84	1.09426
78	88	1.09354
32	34	-1.09197
80	90	-1.09177
38	78	-1.09172
44	54	-1.09039
2	88	-1.08997
68	94	1.08962
40	42	-1.08821
76	82	-1.0876
48	76	1.08559
38	40	1.08493
2	82	1.08279
60	76	-1.08254
18	52	-1.08147
56	72	-1.08137
32	70	1.08131
14	80	-1.08085
60	68	-1.08051
78	80	1.08038
62	72	1.07971
30	38	1.07944
36	38	-1.07896
12	86	-1.07799
4	98	1.07715
34	38	-1.07685
6	76	1.07685
12	22	1.07577
10	22	-1.07486
16	68	1.07429
4	94	-1.07268
72	96	-1.07231
52	84	-1.07215
24	42	-1.07214
18	74	-1.07192
2	18	1.07152
46	76	1.07116
20	52	1.07052
4	44	-1.06999
6	38	-1.06992
42	50	-1.06945
4	16	-1.06937
54	76	-1.06931
22	64	-1.06904
32	52	-1.0669
22	42	1.06621
42	52	1.06613
78	98	-1.06576
28	76	1.06437
80	92	-1.06422
66	76	-1.064
68	82	-1.06334
76	90	-1.062
20	22	1.06182
10	44	-1.06063
44	64	-1.06052
32	54	1.06016
8	72	1.05832
42	60	-1.05788
20	86	-1.05774
32	90	1.05727
38	74	-1.05641
42	86	-1.05611
12	52	1.05598
30	72	-1.05587
38	62	-1.05587
38	48	-1.05505
60	80	-1.05498
68	98	-1.05467
58	86	-1.05463
6	88	1.05435
68	88	1.05411
80	82	-1.05378
14	76	-1.0532
84	90	1.05298
32	66	1.05259
22	58	1.05112
10	30	1.05101
8	38	-1.05009
4	22	-1.0486
8	76	1.04825
54	84	1.04676
48	80	1.04569
76	78	1.04552
20	34	1.04543
34	42	1.04403
14	32	1.04283
62	76	1.04257
30	64	1.0424
76	96	-1.04226
48	72	1.04213
60	72	-1.0408
32	36	-1.04079
38	70	1.04072
18	64	1.04006
66	84	1.03966
14	84	1.0396
44	72	1.03926
92	98	1.03898
46	88	1.03891
20	70	-1.03739
76	92	-1.03732
24	76	-1.0367
38	96	1.0366
38	86	1.03657
28	72	1.03643
24	80	-1.03592
46	98	-1.03584
2	94	-1.03542
18	50	1.03536
28	80	1.03448
12	34	1.03437
42	96	-1.03336
6	98	-1.03307
18	36	-1.03306
28	38	-1.03235
12	70	-1.03202
18	40	1.03197
20	26	-1.03194
10	18	1.03181
20	62	1.03149
88	92	-1.03135
0	80	-1.03094
26	38	1.03062
4	88	-1.03045
42	70	-1.02901
56	76	-1.02809
36	88	1.02781
74	84	-1.02775
18	24	1.02761
42	62	1.02709
38	60	1.02693
12	26	-1.02683
50	84	1.0257
2	16	-1.02482
32	74	-1.02468
44	58	1.02459
42	82	-1.02445
30	58	-1.0238
20	56	-1.0238
22	68	1.02375
38	56	1.02337
26	42	-1.02325
32	92	1.023
12	62	1.02204
40	84	1.02173
8	80	1.0216
78	84	-1.02153
18	46	-1.0215
80	96	-1.02133
26	76	-1.02119
32	46	-1.02042
12	16	1.0204
20	96	-1.02039
74	80	1.02009
64	98	1.01996
84	92	1.01973
12	56	-1.01943
70	76	-1.0192
72	82	-1.01913
4	86	1.01898
62	80	1.01835
42	56	-1.01833
2	30	1.01823
14	98	1.01823
0	18	1.01818
40	80	-1.01814
66	98	1.01812
16	42	1.01801
10	98	1.01705
50	80	-1.016
68	86	-1.01583
32	40	1.01581
54	98	1.01555
12	96	-1.0153
72	86	-1.01517
34	76	1.0148
24	84	1.01458
18	90	1.01449
90	98	1.01348
36	84	-1.0133
16	20	1.01328
42	94	1.01324
22	72	1.01321
58	98	-1.0131
12	94	1.013
20	48	1.0129
36	98	-1.01266
0	84	1.01243
58	88	1.01241
20	60	-1.01227
32	50	1.0122
14	88	-1.01176
8	42	1.01167
8	20	1.01137
0	32	1.01108
66	88	-1.01034
0	76	-1.01015
6	32	-1.01011
12	48	1.00947
50	76	-1.00925
4	30	1.00924
6	84	-1.00895
42	48	1.00879
56	80	-1.00856
14	18	1.00835
2	86	1.00815
20	94	1.0081
8	12	1.00802
18	54	1.00737
28	42	1.00702
54	88	-1.00682
46	84	-1.00681
74	76	1.00658
44	68	1.00648
52	76	1.00576
88	90	-1.00563
12	60	-1.00561
70	80	-1.00535
26	80	-1.00514
18	66	1.0046
12	28	1.00421
20	28	1.0039
30	68	-1.00366
40	76	-1.00352
38	82	1.00326
2	22	-1.00231
72	94	1.00226
24	32	1.00187
34	80	1.00178
64	88	-1.00143
18	92	1.00102
10	88	-1.00071
2	44	-1.00067
12	82	-1.0006
16	72	1.00035
20	82	-1.00024
32	78	-1.00024
52	80	1.00004
