45	95	199.793
35	67	199.727
57	75	199.503
7	79	199.417
1	77	199.002
3	9	198.815
3	91	198.523
71	83	198.503
13	65	198.399
15	25	197.992
35	65	197.95
1	3	-197.911
5	71	197.904
37	45	197.643
39	63	197.636
47	63	-197.407
59	91	197.4
89	99	197.048
21	45	197.034
13	35	196.971
37	95	196.865
23	49	196.766
91	97	196.62
65	67	196.522
13	67	196.497
9	41	196.43
57	59	196.405
9	91	196.259
5	33	196.175
11	81	196.171
25	93	195.914
1	91	-195.805
59	97	195.615
17	77	195.604
21	95	195.567
31	93	195.537
41	99	195.459
33	71	195.316
39	69	195.3
17	23	195.195
55	83	194.677
27	95	194.643
3	77	-194.613
21	27	194.589
5	83	194.565
9	97	194.453
27	45	194.412
1	9	-194.284
39	47	-194.244
11	69	193.999
23	55	193.999
21	37	193.897
5	23	193.864
3	97	193.852
59	75	193.828
77	91	-193.459
41	97	192.927
17	49	192.694
19	87	-192.491
43	53	192.347
23	77	192.189
3	59	192.182
29	63	191.895
3	41	191.58
5	55	191.526
55	71	191.449
55	77	191.405
5	49	191.292
9	99	190.892
1	55	190.837
1	17	190.715
11	39	190.404
25	29	-190.284
29	39	190.042
21	89	189.817
11	47	-189.357
9	77	-189.105
13	19	189.098
1	59	-189.03
33	83	188.945
57	97	188.863
85	93	188.844
41	91	188.763
15	93	188.757
7	65	-188.734
9	59	188.503
41	89	188.48
69	81	188.361
9	89	188.165
57	91	188.149
59	77	-188.113
21	99	187.99
29	93	-187.899
23	71	187.624
1	23	187.496
63	69	187.09
73	75	186.538
1	97	-186.434
23	83	186.144
25	85	185.675
27	37	185.652
15	29	-185.646
15	95	-185.173
17	55	185.114
37	89	184.997
11	63	184.861
19	65	184.797
47	69	-184.667
7	35	-184.418
3	99	184.371
15	37	-184.299
75	97	184.11
25	31	183.994
75	91	183.969
17	91	-183.821
65	79	-183.609
49	55	183.458
33	49	183.266
3	89	183.093
49	77	183.029
3	55	-182.952
15	45	-182.863
1	41	-182.744
3	17	-182.69
23	33	182.47
17	59	-182.013
77	97	-181.887
31	85	181.797
49	71	181.76
57	73	181.635
19	43	181.604
27	51	181.535
45	89	181.493
15	85	181.27
29	47	-181.248
65	87	-180.881
41	59	180.716
7	67	-180.691
51	69	180.213
29	31	-180.11
13	87	-179.947
7	13	-179.885
5	17	179.793
3	57	179.334
1	89	-179.241
97	99	179.157
35	79	-179.009
33	55	178.909
61	67	178.841
9	55	-178.499
39	81	178.072
51	95	177.923
89	95	177.883
29	69	177.765
91	99	177.285
5	77	177.166
1	99	-176.947
43	87	-176.843
3	23	-176.797
49	83	176.774
55	89	-176.458
19	35	176.421
55	91	-176.379
37	99	176.129
45	99	175.93
1	49	175.905
57	77	-175.861
1	57	-175.541
41	77	-175.265
77	83	175.183
47	81	-175.076
35	61	175.051
19	67	175.001
25	37	-174.983
67	79	-174.98
9	57	174.756
15	51	-174.665
45	51	174.481
25	95	-174.456
3	75	174.283
9	17	-174.244
1	83	174.169
23	91	-173.939
89	91	173.837
13	79	-173.746
17	57	-173.318
7	87	173.238
27	99	172.971
15	31	172.943
27	89	172.72
1	5	172.59
75	77	-172.537
17	75	-172.195
95	99	172.129
71	77	171.983
25	45	-171.895
39	51	171.821
77	89	-171.726
21	41	171.509
1	75	-171.278
89	97	171.155
17	71	170.642
37	85	-170.384
15	27	-170.134
17	83	169.878
17	97	-169.378
63	81	169.351
79	87	169.166
1	71	169.158
35	87	-169.082
9	23	-168.991
9	75	168.925
29	51	168.859
15	21	-168.767
77	99	-168.622
25	63	-168.043
23	59	-167.695
25	39	-167.688
41	57	167.66
63	93	-167.068
83	89	-166.43
55	99	-166.317
59	73	166.082
11	29	165.888
67	87	-165.859
25	51	-165.803
13	61	165.729
55	59	-165.481
15	39	-165.089
17	33	164.911
59	99	164.749
21	51	164.439
3	83	-164.43
7	19	-164.418
11	79	164.252
9	21	164.159
41	55	-164.134
37	51	164.021
3	49	-163.672
31	63	-163.268
61	65	163.047
29	85	-162.492
79	81	162.484
15	63	-162.418
39	93	-162.367
49	91	-162.364
55	97	-162.304
47	79	-161.456
41	75	161.141
7	47	-160.944
7	11	160.634
37	93	-160.598
9	83	-160.419
51	63	160.381
3	5	-160.24
33	77	160.068
85	95	-159.997
35	47	159.853
47	61	159.674
47	67	159.63
45	85	-159.576
59	89	159.307
53	87	-159.021
49	59	-158.624
19	79	-158.58
11	51	158.295
15	69	-158.228
17	41	-158.049
19	53	157.983
3	71	-157.884
93	95	-157.854
25	27	-157.822
23	89	-157.772
23	97	-157.576
7	81	157.495
25	69	-157.154
37	41	156.946
37	83	-156.83
21	25	-156.7
83	91	-156.369
41	45	156.227
71	89	-156.043
3	21	155.874
23	57	-155.687
45	93	-155.508
61	63	-155.409
37	55	-155.183
29	95	155.067
5	91	-154.937
1	33	154.936
9	49	-154.902
27	41	154.898
31	39	-154.654
83	85	154.643
51	81	154.29
9	37	154.201
23	75	-153.759
5	9	-153.459
47	93	153.44
17	89	-153.32
25	47	152.921
83	99	-152.703
9	71	-152.606
31	47	152.432
23	41	-152.231
41	95	151.993
5	89	-151.857
73	97	151.418
29	45	151.163
71	91	-151.077
13	43	151.004
21	55	-150.939
73	91	150.774
47	65	150.71
29	81	150.612
1	21	-150.335
9	45	150.255
17	99	-150.163
23	99	-150.107
29	37	149.948
55	57	-149.743
47	51	-149.67
49	57	-149.544
37	53	-149.404
49	75	-149.133
51	93	-148.873
15	89	-148.81
21	85	-148.685
57	99	148.551
17	73	-148.327
69	93	-147.961
71	85	147.923
3	37	147.831
53	95	-147.727
45	53	-147.664
5	59	-147.003
41	83	-146.942
15	47	146.917
37	71	-146.847
31	61	146.742
87	99	146.697
63	67	-146.568
21	97	146.428
63	79	146.231
35	63	-146.202
37	43	-146.109
21	83	-145.95
9	95	145.88
55	75	-145.877
1	37	-145.837
41	87	145.707
49	97	-145.693
21	91	145.669
15	53	145.551
87	89	145.514
11	35	-145.501
7	63	145.473
13	77	145.344
43	65	145.156
59	83	-145.137
45	55	-145.112
45	83	-145.038
1	13	144.881
9	87	144.852
85	89	-144.843
9	27	144.776
7	61	-144.646
19	55	144.41
65	91	-144.346
1	65	144.027
11	67	-143.98
3	65	-143.855
27	29	143.812
65	77	143.673
1	19	143.657
7	97	143.656
29	61	-143.535
21	53	-143.505
17	67	143.485
13	47	143.263
39	79	143.129
83	97	-143.086
39	61	-142.995
13	17	142.99
35	77	142.887
49	89	-142.858
71	99	-142.851
31	37	-142.809
59	65	-142.752
3	45	142.743
67	77	142.707
3	13	-142.653
3	33	-142.576
43	89	-142.546
17	35	142.5
83	95	-142.457
19	89	-142.404
21	77	-142.305
3	87	142.291
3	19	-142.166
19	77	142.121
79	97	142.108
13	91	-142.001
75	99	141.99
59	71	-141.693
9	65	-141.688
57	89	141.673
1	35	141.666
55	95	-141.625
73	77	-141.586
9	19	-141.582
43	45	-141.432
35	91	-141.43
27	93	-141.369
21	93	-141.336
25	53	141.294
7	39	141.275
7	59	141.214
35	59	-141.201
53	73	-141.092
13	23	141.084
1	67	140.921
69	95	140.802
47	73	-140.719
11	25	-140.647
65	97	-140.61
69	79	140.607
13	55	140.528
5	99	-140.518
11	65	-140.515
43	95	-140.319
7	57	140.317
31	95	-140.223
21	43	-140.158
17	65	140.024
87	97	139.958
3	35	-139.933
27	53	-139.91
7	91	139.854
61	79	-139.821
9	13	-139.809
67	91	-139.786
27	85	-139.668
87	91	139.571
59	67	-139.543
5	97	-139.475
27	69	139.467
19	83	139.443
39	95	139.402
3	73	139.353
63	73	139.248
13	59	-139.204
1	45	-139.093
41	49	-139.015
55	85	138.96
37	77	-138.834
23	67	138.773
15	99	-138.767
11	15	-138.763
59	79	138.759
57	79	138.72
53	89	-138.706
1	87	-138.666
19	91	-138.534
25	89	-138.514
19	99	-138.504
3	95	138.491
41	71	-138.425
7	75	138.366
3	67	-138.365
5	37	-138.299
31	45	-138.214
1	73	-138.093
5	41	-137.979
53	85	137.966
33	89	-137.934
57	65	-137.93
33	91	-137.905
31	69	-137.859
19	23	137.824
39	73	137.742
35	81	-137.703
63	85	-137.582
19	61	137.474
7	69	137.437
23	35	137.418
7	41	137.384
7	9	137.366
35	57	-137.362
71	97	-137.336
35	39	-137.234
33	81	-137.217
39	67	-137.181
21	87	137.092
3	7	137.041
79	91	136.884
49	99	-136.837
21	71	-136.83
75	79	136.733
11	93	-136.718
43	83	136.659
37	91	136.648
45	69	136.62
49	67	136.57
35	75	-136.537
43	55	136.472
65	75	-136.467
19	41	-136.427
3	27	136.423
9	33	-136.407
45	71	-136.405
13	49	136.365
9	35	-136.351
63	65	-136.329
35	97	-136.269
39	85	-136.268
41	65	-136.063
17	19	135.991
13	97	-135.945
67	81	-135.908
23	65	135.832
51	85	-135.784
43	99	-135.766
5	57	-135.76
41	79	135.723
33	85	135.713
55	65	135.633
19	71	135.631
57	67	-135.628
75	89	135.57
49	61	135.42
43	85	135.399
21	29	135.304
47	75	-135.256
39	45	135.23
65	81	-135.16
1	95	-135.045
51	89	135.036
67	75	-134.995
59	87	134.951
77	87	-134.597
9	79	134.543
35	43	134.489
5	19	134.444
35	49	134.409
9	67	-134.371
71	95	-134.33
5	85	134.268
27	39	134.042
55	67	133.958
5	75	-133.913
37	97	133.874
67	97	-133.828
17	61	133.8
11	61	-133.787
3	79	133.769
53	93	133.742
35	55	133.624
15	43	133.621
23	37	-133.544
11	73	133.537
31	51	-133.524
9	73	133.455
61	93	133.448
5	13	133.416
53	99	-133.355
13	57	-133.24
15	83	133.14
85	99	-133.136
27	55	-133.125
43	67	133.072
19	59	-133.024
19	97	-132.97
21	23	-132.853
47	57	-132.809
13	41	-132.723
33	37	-132.601
63	95	132.59
11	13	-132.474
45	91	132.375
5	21	-132.335
1	43	132.321
1	7	-132.318
55	87	-132.213
11	31	-132.077
51	99	132.058
49	73	-132.037
51	53	-132.028
45	77	-131.998
13	75	-131.997
33	59	-131.921
27	43	-131.864
21	59	131.841
69	73	131.756
45	97	131.689
13	83	131.666
9	43	-131.558
57	83	-131.465
1	27	-131.283
43	71	131.135
3	43	-131.121
43	73	-131.113
37	87	131.104
33	51	-130.768
27	83	-130.736
37	39	130.715
29	73	130.704
49	65	130.588
43	77	130.458
13	71	130.456
25	81	-130.421
23	73	-130.256
19	49	130.209
5	45	-130.188
65	99	-130.147
61	69	-130.106
37	69	130.089
13	63	-130.065
57	71	-130.056
7	77	-130.045
13	89	-130.005
27	97	129.918
57	87	129.801
45	87	129.738
19	21	-129.66
15	81	-129.658
19	37	-129.448
65	89	-129.334
35	41	-129.302
23	61	129.259
11	75	129.21
25	43	129.172
69	85	-129.117
5	67	129.069
7	43	-128.921
25	83	128.896
39	65	-128.884
13	99	-128.847
35	69	-128.758
45	63	128.753
25	99	-128.734
63	75	128.606
1	79	-128.456
91	95	128.45
67	69	-128.429
13	81	-128.381
53	75	-128.369
77	95	-128.284
27	31	-128.28
75	83	-128.258
5	95	-128.19
41	43	-128.169
75	87	128.031
61	87	-127.857
95	97	127.844
27	91	127.782
11	57	127.768
7	73	127.699
7	99	127.665
71	75	-127.632
5	35	127.6
9	53	-127.518
33	69	-127.419
87	95	127.326
21	31	-127.298
43	91	-127.29
89	93	-127.081
29	53	-127.064
27	87	127.022
41	73	126.967
81	93	-126.864
5	65	126.855
41	67	-126.854
19	33	126.812
33	99	-126.798
3	53	-126.773
23	43	126.664
17	21	-126.655
73	79	126.504
23	45	-126.5
5	43	126.422
13	53	126.387
33	45	-126.383
53	57	-126.35
19	57	-126.295
1	53	126.256
15	71	126.243
35	73	-126.233
27	63	126.043
77	79	-126.011
53	55	125.903
37	63	125.865
65	73	-125.856
41	53	-125.74
13	33	125.663
79	99	125.611
65	83	125.573
47	85	125.565
33	95	-125.562
57	63	125.484
27	71	-125.469
11	33	-125.458
39	75	125.439
21	33	-125.377
43	79	-125.325
73	87	125.287
33	97	-125.172
19	75	-125.157
17	43	125.124
67	73	-125.056
53	91	-125.042
27	77	-125.029
17	87	-125.019
53	83	124.963
83	87	-124.935
47	59	-124.867
19	45	-124.77
15	55	124.672
83	93	124.645
33	57	-124.632
53	59	-124.631
61	77	124.458
29	67	-124.387
53	77	124.32
21	69	124.188
67	71	124.166
65	71	124.097
7	17	-124.054
73	81	124.046
67	83	124
21	49	-123.902
23	95	-123.746
5	27	-123.717
33	75	-123.675
31	53	123.667
23	87	-123.657
17	37	-123.595
43	59	-123.588
29	35	-123.465
71	81	-123.441
35	83	123.411
33	41	-123.395
25	61	123.276
35	71	123.196
37	59	122.999
43	93	122.917
27	33	-122.756
31	81	-122.711
13	39	-122.66
35	99	-122.652
25	71	122.474
19	95	-122.469
39	57	122.442
13	73	-122.412
43	97	-122.408
65	69	-122.398
37	49	-122.3
53	65	122.298
7	89	122.236
75	81	122.192
61	81	-122.162
43	75	-122.161
35	89	-122.146
33	67	122.07
53	97	-122.056
19	73	-122.02
29	79	121.809
21	39	121.723
5	81	-121.618
57	81	121.612
41	85	-121.476
23	27	-121.451
51	71	-121.307
43	57	-121.239
9	85	-121.041
81	85	-121.025
5	61	120.998
7	29	120.944
15	41	-120.937
11	85	-120.877
33	43	120.825
5	51	-120.758
23	85	120.74
33	35	120.657
67	99	-120.621
67	89	-120.52
69	75	120.413
1	85	120.128
17	79	-120.03
71	87	-120.022
47	95	-120.013
17	53	119.946
11	95	119.93
1	61	119.908
51	83	-119.869
45	59	119.779
33	65	119.629
79	89	119.594
27	49	-119.483
11	59	119.43
43	49	119.416
25	55	119.31
53	71	119.231
7	55	-119.182
59	61	-119.137
51	61	-119.097
93	99	-119.064
71	93	118.984
15	33	118.956
61	75	-118.836
55	73	-118.816
19	27	-118.769
45	49	-118.57
11	27	118.515
5	87	-118.388
43	51	-118.374
9	15	-118.346
3	85	-118.318
17	45	-118.306
21	57	118.041
57	69	118.037
7	23	-118.007
57	61	-117.907
61	91	-117.49
23	53	117.424
5	15	117.248
55	61	117.214
13	69	-117.145
47	97	-117.132
77	85	117.088
47	91	-116.99
59	63	116.984
27	59	116.964
81	83	-116.904
45	47	-116.824
49	95	-116.767
33	61	116.753
11	45	116.73
59	95	116.601
5	73	-116.536
25	73	-116.368
41	51	116.332
17	47	116.255
31	83	116.112
21	63	116.072
19	47	116.015
31	67	115.88
27	81	115.873
31	89	-115.832
11	97	115.794
55	79	-115.779
29	89	115.75
49	51	-115.696
15	61	115.628
81	95	115.627
17	95	-115.569
47	87	-115.54
49	87	-115.538
27	47	-115.484
3	61	-115.396
73	93	-115.385
17	27	-115.298
25	33	115.205
51	73	115.044
5	53	115.043
29	65	-115.011
31	79	-114.952
61	73	-114.898
29	75	114.889
59	81	114.722
39	53	-114.7
69	71	-114.551
23	79	-114.47
31	35	114.445
37	47	-114.24
3	15	-114.21
55	93	114.196
31	43	114.098
33	39	-114.091
15	73	-114.071
13	21	-114.058
5	69	-113.935
19	85	113.917
53	69	-113.912
33	73	-113.797
19	81	-113.794
51	55	-113.783
25	41	-113.737
1	15	113.72
35	53	113.69
21	75	113.607
61	71	113.591
81	97	113.563
39	59	113.497
11	71	-113.466
31	73	-113.376
21	65	-113.361
11	87	113.336
81	87	113.325
7	31	-113.318
5	25	113.252
7	49	-113.142
5	11	-112.981
49	81	-112.938
45	81	112.924
11	37	112.672
53	67	112.541
47	77	112.527
73	99	112.515
29	43	-112.485
11	19	-112.384
7	53	-112.373
11	91	112.368
53	63	-112.171
49	85	112.123
61	97	-112.054
31	71	112.036
7	83	-112.02
5	7	-111.955
31	99	-111.921
9	25	-111.754
29	57	111.724
13	37	-111.667
33	87	-111.563
33	93	111.521
7	71	-111.471
49	53	111.439
9	61	-111.425
85	91	-111.419
13	29	-111.346
3	47	-111.34
23	51	-110.926
71	73	-110.911
61	83	110.904
9	51	110.897
33	79	-110.886
61	85	110.884
1	47	110.78
7	33	-110.75
37	57	110.731
17	63	-110.714
85	87	-110.463
85	97	-110.396
79	83	-110.35
71	79	-110.344
53	79	-110.268
47	49	110.266
33	53	110.264
27	61	-110.241
5	79	-110.151
49	79	-110.113
29	99	110.086
69	83	-110.04
15	77	109.93
23	81	-109.924
5	93	109.859
15	87	-109.855
7	21	109.802
37	65	-109.79
49	69	-109.783
63	91	109.735
15	19	109.679
37	81	109.639
67	93	109.632
59	69	109.608
63	97	109.527
11	49	-109.51
17	85	109.426
15	23	109.289
81	91	109.285
33	47	109.147
73	83	-108.964
45	57	108.876
1	25	108.796
79	93	-108.748
73	89	108.743
3	25	-108.713
35	93	108.618
41	93	-108.541
9	47	-108.515
11	83	-108.499
11	17	-108.457
13	45	-108.444
29	83	-108.416
21	79	108.408
11	21	108.146
23	47	107.999
41	61	-107.802
31	65	107.771
15	91	-107.725
33	63	-107.641
27	57	107.584
37	75	107.55
39	97	107.55
3	11	107.527
21	47	-107.407
43	61	107.4
7	93	-107.398
21	35	-107.351
19	63	-107.32
55	81	-107.266
45	65	-107.265
31	55	107.153
3	51	106.988
57	95	106.852
11	23	-106.813
11	77	-106.805
39	91	106.772
17	81	-106.738
63	87	106.679
13	95	-106.669
63	77	-106.662
49	63	-106.626
29	33	-106.582
51	79	106.484
31	41	-106.44
17	39	-106.433
21	67	-106.31
31	33	106.285
9	93	-106.274
13	27	-106.229
15	97	-106.208
9	11	106.172
1	51	-106.108
19	25	106.104
25	77	106.096
69	89	106.056
29	71	-106.038
1	11	-106.014
45	75	105.998
21	81	105.973
25	67	105.937
23	25	105.896
39	71	-105.846
69	97	105.795
13	31	105.737
39	49	-105.676
3	81	105.637
65	95	-105.56
51	87	105.468
77	81	-105.457
25	87	-105.451
41	47	-105.45
39	89	105.444
51	67	-105.414
11	41	105.362
79	85	-105.347
25	35	105.329
3	63	105.319
23	69	-105.297
5	39	-105.294
47	53	105.271
29	59	105.259
27	65	-105.233
1	63	-105.133
7	51	105.07
31	75	-105.039
5	31	105.02
25	79	-105.003
35	37	-104.905
27	75	104.869
61	99	-104.868
59	85	-104.865
41	81	104.844
9	81	104.802
1	81	-104.718
1	93	104.599
35	51	-104.595
5	47	104.552
51	77	-104.485
75	95	104.443
7	37	104.395
17	69	-104.321
15	49	104.259
37	67	-104.183
3	93	-104.173
7	25	-104.145
11	53	-104.137
39	87	104.136
17	51	-104.065
19	39	-104.055
69	99	104.045
61	95	-104.018
69	91	103.998
53	81	-103.954
43	81	-103.918
25	91	-103.895
39	83	-103.871
7	45	103.868
23	63	-103.823
19	51	-103.769
73	85	-103.691
75	93	-103.642
31	57	-103.616
23	93	103.601
73	95	103.597
51	97	103.547
43	69	-103.491
65	93	103.47
7	27	103.448
39	77	-103.428
7	85	-103.391
63	89	103.335
9	63	103.308
11	55	-103.292
61	89	-103.225
29	55	-103.171
21	61	-103.142
37	79	103.139
39	43	-103.139
15	17	103.134
45	61	-103.121
3	39	103.099
77	93	103.098
51	91	103.081
39	99	103.061
25	75	-102.947
27	79	102.912
47	71	102.911
45	79	102.91
19	69	-102.906
35	45	-102.894
17	29	-102.864
55	69	-102.825
15	67	102.824
51	75	102.811
19	93	102.763
7	95	102.731
25	97	-102.724
45	73	102.716
9	31	-102.593
47	55	102.563
15	35	102.534
23	39	-102.522
1	39	-102.49
15	79	-102.445
15	59	-102.419
69	87	102.414
5	63	-102.367
5	29	-102.269
45	67	-102.267
13	93	102.241
87	93	-102.172
63	71	-102.12
43	63	-102.104
27	35	-102.078
57	93	-102.04
31	97	-102.002
37	73	101.999
9	39	101.977
79	95	101.975
27	67	-101.972
29	41	101.941
27	73	101.931
7	15	-101.928
17	31	101.925
35	95	-101.825
15	75	-101.824
25	65	101.812
31	87	-101.81
13	85	101.778
25	49	101.735
29	91	101.705
51	57	101.696
69	77	-101.628
17	25	101.588
13	51	-101.583
21	73	101.532
25	57	-101.485
23	31	101.464
9	29	101.441
51	65	-101.414
41	63	101.358
63	99	101.355
67	95	-101.332
3	69	101.259
17	93	101.241
31	49	101.218
91	93	-101.185
93	97	-101.183
63	83	-101.174
57	85	-101.156
29	49	-101.152
1	29	-101.127
29	77	-101.123
13	25	101.11
3	29	101.108
39	41	101.095
29	97	101.081
41	69	101.062
47	89	-101.031
15	57	-101.001
47	99	-101
47	83	100.997
3	31	-100.995
11	99	100.993
37	61	-100.99
1	31	100.99
31	59	-100.933
15	65	100.882
9	69	100.835
1	69	-100.827
25	59	-100.826
13	15	100.77
19	29	-100.75
53	61	100.729
49	93	100.688
31	77	100.652
65	85	100.6
11	43	-100.59
51	59	100.526
81	99	100.52
29	87	100.428
11	89	100.419
75	85	-100.389
43	47	100.306
55	63	-100.246
39	55	-100.225
19	31	100.197
67	85	100.176
31	91	-100.119
59	93	-100.105
35	85	100.048
81	89	100.048
23	29	-100.024
60	61	20
30	31	20
48	49	20
88	89	20
90	91	20
58	59	20
28	29	20
92	93	20
56	57	20
80	81	20
26	27	20
74	75	20
64	65	20
94	95	20
20	21	20
96	97	20
40	41	20
22	23	20
76	77	20
86	87	20
66	67	20
54	55	20
34	35	20
82	83	20
72	73	20
46	47	20
36	37	20
52	53	20
18	19	20
84	85	20
78	79	20
62	63	20
68	69	20
16	17	20
14	15	20
44	45	20
42	43	20
38	39	20
32	33	20
24	25	20
70	71	20
50	51	20
0	1	20
98	99	20
10	11	20
4	5	20
12	13	20
8	9	20
6	7	20
2	3	20
44	95	19.9793
45	94	19.9793
34	67	19.9727
35	66	19.9727
56	75	19.9503
57	74	19.9503
7	78	19.9417
6	79	19.9417
1	76	19.9002
0	77	19.9002
2	9	19.8815
3	8	19.8815
2	91	19.8523
3	90	19.8523
70	83	19.8503
71	82	19.8503
12	65	19.8399
13	64	19.8399
15	24	19.7992
14	25	19.7992
35	64	19.795
34	65	19.795
0	3	-19.7911
1	2	-19.7911
4	71	19.7904
5	70	19.7904
36	45	19.7643
37	44	19.7643
38	63	19.7636
39	62	19.7636
47	62	-19.7407
46	63	-19.7407
58	91	19.74
59	90	19.74
89	98	19.7048
88	99	19.7048
20	45	19.7034
21	44	19.7034
13	34	19.6971
12	35	19.6971
37	94	19.6865
36	95	19.6865
23	48	19.6766
22	49	19.6766
91	96	19.662
90	97	19.662
64	67	19.6522
65	66	19.6522
13	66	19.6497
12	67	19.6497
8	41	19.643
9	40	19.643
56	59	19.6405
57	58	19.6405
8	91	19.6259
9	90	19.6259
4	33	19.6175
5	32	19.6175
10	81	19.6171
11	80	19.6171
24	93	19.5914
25	92	19.5914
0	91	-19.5805
1	90	-19.5805
58	97	19.5615
59	96	19.5615
17	76	19.5604
16	77	19.5604
21	94	19.5567
20	95	19.5567
31	92	19.5537
30	93	19.5537
40	99	19.5459
41	98	19.5459
33	70	19.5316
32	71	19.5316
38	69	19.53
39	68	19.53
17	22	19.5195
16	23	19.5195
55	82	19.4677
54	83	19.4677
26	95	19.4643
27	94	19.4643
3	76	-19.4613
2	77	-19.4613
21	26	19.4589
20	27	19.4589
4	83	19.4565
5	82	19.4565
9	96	19.4453
8	97	19.4453
27	44	19.4412
26	45	19.4412
0	9	-19.4284
1	8	-19.4284
39	46	-19.4244
38	47	-19.4244
11	68	19.3999
10	69	19.3999
23	54	19.3999
22	55	19.3999
21	36	19.3897
20	37	19.3897
4	23	19.3864
5	22	19.3864
2	97	19.3852
3	96	19.3852
59	74	19.3828
58	75	19.3828
77	90	-19.3459
76	91	-19.3459
41	96	19.2927
40	97	19.2927
16	49	19.2694
17	48	19.2694
19	86	-19.2491
18	87	-19.2491
42	53	19.2347
43	52	19.2347
22	77	19.2189
23	76	19.2189
2	59	19.2182
3	58	19.2182
28	63	19.1895
29	62	19.1895
3	40	19.158
2	41	19.158
4	55	19.1526
5	54	19.1526
54	71	19.1449
55	70	19.1449
54	77	19.1405
55	76	19.1405
5	48	19.1292
4	49	19.1292
9	98	19.0892
8	99	19.0892
0	55	19.0837
1	54	19.0837
1	16	19.0715
0	17	19.0715
10	39	19.0404
11	38	19.0404
24	29	-19.0284
25	28	-19.0284
28	39	19.0042
29	38	19.0042
21	88	18.9817
20	89	18.9817
10	47	-18.9357
11	46	-18.9357
9	76	-18.9105
8	77	-18.9105
13	18	18.9098
12	19	18.9098
0	59	-18.903
1	58	-18.903
33	82	18.8945
32	83	18.8945
57	96	18.8863
56	97	18.8863
84	93	18.8844
85	92	18.8844
40	91	18.8763
41	90	18.8763
14	93	18.8757
15	92	18.8757
6	65	-18.8734
7	64	-18.8734
9	58	18.8503
8	59	18.8503
40	89	18.848
41	88	18.848
68	81	18.8361
69	80	18.8361
8	89	18.8165
9	88	18.8165
56	91	18.8149
57	90	18.8149
59	76	-18.8113
58	77	-18.8113
21	98	18.799
20	99	18.799
28	93	-18.7899
29	92	-18.7899
22	71	18.7624
23	70	18.7624
1	22	18.7496
0	23	18.7496
62	69	18.709
63	68	18.709
73	74	18.6538
72	75	18.6538
0	97	-18.6434
1	96	-18.6434
22	83	18.6144
23	82	18.6144
24	85	18.5675
25	84	18.5675
26	37	18.5652
27	36	18.5652
14	29	-18.5646
15	28	-18.5646
14	95	-18.5173
15	94	-18.5173
17	54	18.5114
16	55	18.5114
36	89	18.4997
37	88	18.4997
10	63	18.4861
11	62	18.4861
18	65	18.4797
19	64	18.4797
47	68	-18.4667
46	69	-18.4667
6	35	-18.4418
7	34	-18.4418
3	98	18.4371
2	99	18.4371
14	37	-18.4299
15	36	-18.4299
75	96	18.411
74	97	18.411
25	30	18.3994
24	31	18.3994
74	91	18.3969
75	90	18.3969
17	90	-18.3821
16	91	-18.3821
65	78	-18.3609
64	79	-18.3609
48	55	18.3458
49	54	18.3458
32	49	18.3266
33	48	18.3266
2	89	18.3093
3	88	18.3093
48	77	18.3029
49	76	18.3029
2	55	-18.2952
3	54	-18.2952
14	45	-18.2863
15	44	-18.2863
1	40	-18.2744
0	41	-18.2744
3	16	-18.269
2	17	-18.269
22	33	18.247
23	32	18.247
17	58	-18.2013
16	59	-18.2013
77	96	-18.1887
76	97	-18.1887
31	84	18.1797
30	85	18.1797
49	70	18.176
48	71	18.176
57	72	18.1635
56	73	18.1635
19	42	18.1604
18	43	18.1604
26	51	18.1535
27	50	18.1535
45	88	18.1493
44	89	18.1493
14	85	18.127
15	84	18.127
28	47	-18.1248
29	46	-18.1248
64	87	-18.0881
65	86	-18.0881
41	58	18.0716
40	59	18.0716
6	67	-18.0691
7	66	-18.0691
51	68	18.0213
50	69	18.0213
29	30	-18.011
28	31	-18.011
12	87	-17.9947
13	86	-17.9947
6	13	-17.9885
7	12	-17.9885
5	16	17.9793
4	17	17.9793
2	57	17.9334
3	56	17.9334
0	89	-17.9241
1	88	-17.9241
97	98	17.9157
96	99	17.9157
35	78	-17.9009
34	79	-17.9009
33	54	17.8909
32	55	17.8909
60	67	17.8841
61	66	17.8841
8	55	-17.8499
9	54	-17.8499
38	81	17.8072
39	80	17.8072
51	94	17.7923
50	95	17.7923
88	95	17.7883
89	94	17.7883
28	69	17.7765
29	68	17.7765
90	99	17.7285
91	98	17.7285
5	76	17.7166
4	77	17.7166
1	98	-17.6947
0	99	-17.6947
43	86	-17.6843
42	87	-17.6843
3	22	-17.6797
2	23	-17.6797
49	82	17.6774
48	83	17.6774
55	88	-17.6458
54	89	-17.6458
18	35	17.6421
19	34	17.6421
55	90	-17.6379
54	91	-17.6379
37	98	17.6129
36	99	17.6129
45	98	17.593
44	99	17.593
1	48	17.5905
0	49	17.5905
56	77	-17.5861
57	76	-17.5861
0	57	-17.5541
1	56	-17.5541
40	77	-17.5265
41	76	-17.5265
76	83	17.5183
77	82	17.5183
46	81	-17.5076
47	80	-17.5076
35	60	17.5051
34	61	17.5051
18	67	17.5001
19	66	17.5001
25	36	-17.4983
24	37	-17.4983
67	78	-17.498
66	79	-17.498
8	57	17.4756
9	56	17.4756
14	51	-17.4665
15	50	-17.4665
44	51	17.4481
45	50	17.4481
24	95	-17.4456
25	94	-17.4456
2	75	17.4283
3	74	17.4283
8	17	-17.4244
9	16	-17.4244
0	83	17.4169
1	82	17.4169
23	90	-17.3939
22	91	-17.3939
88	91	17.3837
89	90	17.3837
13	78	-17.3746
12	79	-17.3746
16	57	-17.3318
17	56	-17.3318
7	86	17.3238
6	87	17.3238
26	99	17.2971
27	98	17.2971
15	30	17.2943
14	31	17.2943
27	88	17.272
26	89	17.272
0	5	17.259
1	4	17.259
75	76	-17.2537
74	77	-17.2537
17	74	-17.2195
16	75	-17.2195
94	99	17.2129
95	98	17.2129
71	76	17.1983
70	77	17.1983
24	45	-17.1895
25	44	-17.1895
39	50	17.1821
38	51	17.1821
76	89	-17.1726
77	88	-17.1726
21	40	17.1509
20	41	17.1509
0	75	-17.1278
1	74	-17.1278
88	97	17.1155
89	96	17.1155
17	70	17.0642
16	71	17.0642
36	85	-17.0384
37	84	-17.0384
14	27	-17.0134
15	26	-17.0134
16	83	16.9878
17	82	16.9878
17	96	-16.9378
16	97	-16.9378
62	81	16.9351
63	80	16.9351
78	87	16.9166
79	86	16.9166
0	71	16.9158
1	70	16.9158
34	87	-16.9082
35	86	-16.9082
8	23	-16.8991
9	22	-16.8991
9	74	16.8925
8	75	16.8925
28	51	16.8859
29	50	16.8859
15	20	-16.8767
14	21	-16.8767
76	99	-16.8622
77	98	-16.8622
24	63	-16.8043
25	62	-16.8043
22	59	-16.7695
23	58	-16.7695
24	39	-16.7688
25	38	-16.7688
40	57	16.766
41	56	16.766
62	93	-16.7068
63	92	-16.7068
83	88	-16.643
82	89	-16.643
54	99	-16.6317
55	98	-16.6317
59	72	16.6082
58	73	16.6082
10	29	16.5888
11	28	16.5888
66	87	-16.5859
67	86	-16.5859
25	50	-16.5803
24	51	-16.5803
13	60	16.5729
12	61	16.5729
55	58	-16.5481
54	59	-16.5481
15	38	-16.5089
14	39	-16.5089
16	33	16.4911
17	32	16.4911
59	98	16.4749
58	99	16.4749
20	51	16.4439
21	50	16.4439
2	83	-16.443
3	82	-16.443
7	18	-16.4418
6	19	-16.4418
11	78	16.4252
10	79	16.4252
9	20	16.4159
8	21	16.4159
40	55	-16.4134
41	54	-16.4134
36	51	16.4021
37	50	16.4021
3	48	-16.3672
2	49	-16.3672
30	63	-16.3268
31	62	-16.3268
60	65	16.3047
61	64	16.3047
28	85	-16.2492
29	84	-16.2492
79	80	16.2484
78	81	16.2484
14	63	-16.2418
15	62	-16.2418
38	93	-16.2367
39	92	-16.2367
48	91	-16.2364
49	90	-16.2364
54	97	-16.2304
55	96	-16.2304
47	78	-16.1456
46	79	-16.1456
40	75	16.1141
41	74	16.1141
6	47	-16.0944
7	46	-16.0944
6	11	16.0634
7	10	16.0634
37	92	-16.0598
36	93	-16.0598
9	82	-16.0419
8	83	-16.0419
50	63	16.0381
51	62	16.0381
2	5	-16.024
3	4	-16.024
33	76	16.0068
32	77	16.0068
84	95	-15.9997
85	94	-15.9997
35	46	15.9853
34	47	15.9853
47	60	15.9674
46	61	15.9674
47	66	15.963
46	67	15.963
44	85	-15.9576
45	84	-15.9576
58	89	15.9307
59	88	15.9307
53	86	-15.9021
52	87	-15.9021
49	58	-15.8624
48	59	-15.8624
18	79	-15.858
19	78	-15.858
11	50	15.8295
10	51	15.8295
14	69	-15.8228
15	68	-15.8228
17	40	-15.8049
16	41	-15.8049
19	52	15.7983
18	53	15.7983
3	70	-15.7884
2	71	-15.7884
93	94	-15.7854
92	95	-15.7854
25	26	-15.7822
24	27	-15.7822
22	89	-15.7772
23	88	-15.7772
23	96	-15.7576
22	97	-15.7576
7	80	15.7495
6	81	15.7495
24	69	-15.7154
25	68	-15.7154
37	40	15.6946
36	41	15.6946
37	82	-15.683
36	83	-15.683
21	24	-15.67
20	25	-15.67
83	90	-15.6369
82	91	-15.6369
41	44	15.6227
40	45	15.6227
70	89	-15.6043
71	88	-15.6043
2	21	15.5874
3	20	15.5874
23	56	-15.5687
22	57	-15.5687
44	93	-15.5508
45	92	-15.5508
60	63	-15.5409
61	62	-15.5409
36	55	-15.5183
37	54	-15.5183
29	94	15.5067
28	95	15.5067
5	90	-15.4937
4	91	-15.4937
0	33	15.4936
1	32	15.4936
8	49	-15.4902
9	48	-15.4902
27	40	15.4898
26	41	15.4898
31	38	-15.4654
30	39	-15.4654
82	85	15.4643
83	84	15.4643
50	81	15.429
51	80	15.429
9	36	15.4201
8	37	15.4201
22	75	-15.3759
23	74	-15.3759
5	8	-15.3459
4	9	-15.3459
46	93	15.344
47	92	15.344
16	89	-15.332
17	88	-15.332
24	47	15.2921
25	46	15.2921
83	98	-15.2703
82	99	-15.2703
8	71	-15.2606
9	70	-15.2606
31	46	15.2432
30	47	15.2432
22	41	-15.2231
23	40	-15.2231
40	95	15.1993
41	94	15.1993
4	89	-15.1857
5	88	-15.1857
73	96	15.1418
72	97	15.1418
28	45	15.1163
29	44	15.1163
71	90	-15.1077
70	91	-15.1077
12	43	15.1004
13	42	15.1004
20	55	-15.0939
21	54	-15.0939
72	91	15.0774
73	90	15.0774
46	65	15.071
47	64	15.071
28	81	15.0612
29	80	15.0612
0	21	-15.0335
1	20	-15.0335
9	44	15.0255
8	45	15.0255
17	98	-15.0163
16	99	-15.0163
23	98	-15.0107
22	99	-15.0107
28	37	14.9948
29	36	14.9948
55	56	-14.9743
54	57	-14.9743
46	51	-14.967
47	50	-14.967
48	57	-14.9544
49	56	-14.9544
36	53	-14.9404
37	52	-14.9404
49	74	-14.9133
48	75	-14.9133
50	93	-14.8873
51	92	-14.8873
14	89	-14.881
15	88	-14.881
20	85	-14.8685
21	84	-14.8685
56	99	14.8551
57	98	14.8551
17	72	-14.8327
16	73	-14.8327
69	92	-14.7961
68	93	-14.7961
71	84	14.7923
70	85	14.7923
2	37	14.7831
3	36	14.7831
53	94	-14.7727
52	95	-14.7727
44	53	-14.7664
45	52	-14.7664
5	58	-14.7003
4	59	-14.7003
41	82	-14.6942
40	83	-14.6942
15	46	14.6917
14	47	14.6917
36	71	-14.6847
37	70	-14.6847
30	61	14.6742
31	60	14.6742
86	99	14.6697
87	98	14.6697
63	66	-14.6568
62	67	-14.6568
20	97	14.6428
21	96	14.6428
63	78	14.6231
62	79	14.6231
35	62	-14.6202
34	63	-14.6202
37	42	-14.6109
36	43	-14.6109
21	82	-14.595
20	83	-14.595
8	95	14.588
9	94	14.588
54	75	-14.5877
55	74	-14.5877
0	37	-14.5837
1	36	-14.5837
41	86	14.5707
40	87	14.5707
48	97	-14.5693
49	96	-14.5693
21	90	14.5669
20	91	14.5669
14	53	14.5551
15	52	14.5551
86	89	14.5514
87	88	14.5514
10	35	-14.5501
11	34	-14.5501
6	63	14.5473
7	62	14.5473
13	76	14.5344
12	77	14.5344
43	64	14.5156
42	65	14.5156
59	82	-14.5137
58	83	-14.5137
44	55	-14.5112
45	54	-14.5112
45	82	-14.5038
44	83	-14.5038
1	12	14.4881
0	13	14.4881
8	87	14.4852
9	86	14.4852
85	88	-14.4843
84	89	-14.4843
9	26	14.4776
8	27	14.4776
7	60	-14.4646
6	61	-14.4646
18	55	14.441
19	54	14.441
64	91	-14.4346
65	90	-14.4346
1	64	14.4027
0	65	14.4027
11	66	-14.398
10	67	-14.398
3	64	-14.3855
2	65	-14.3855
26	29	14.3812
27	28	14.3812
64	77	14.3673
65	76	14.3673
1	18	14.3657
0	19	14.3657
6	97	14.3656
7	96	14.3656
28	61	-14.3535
29	60	-14.3535
20	53	-14.3505
21	52	-14.3505
16	67	14.3485
17	66	14.3485
13	46	14.3263
12	47	14.3263
39	78	14.3129
38	79	14.3129
83	96	-14.3086
82	97	-14.3086
39	60	-14.2995
38	61	-14.2995
12	17	14.299
13	16	14.299
35	76	14.2887
34	77	14.2887
49	88	-14.2858
48	89	-14.2858
70	99	-14.2851
71	98	-14.2851
31	36	-14.2809
30	37	-14.2809
58	65	-14.2752
59	64	-14.2752
3	44	14.2743
2	45	14.2743
66	77	14.2707
67	76	14.2707
2	13	-14.2653
3	12	-14.2653
2	33	-14.2576
3	32	-14.2576
43	88	-14.2546
42	89	-14.2546
16	35	14.25
17	34	14.25
83	94	-14.2457
82	95	-14.2457
18	89	-14.2404
19	88	-14.2404
20	77	-14.2305
21	76	-14.2305
2	87	14.2291
3	86	14.2291
2	19	-14.2166
3	18	-14.2166
18	77	14.2121
19	76	14.2121
78	97	14.2108
79	96	14.2108
12	91	-14.2001
13	90	-14.2001
74	99	14.199
75	98	14.199
58	71	-14.1693
59	70	-14.1693
9	64	-14.1688
8	65	-14.1688
57	88	14.1673
56	89	14.1673
1	34	14.1666
0	35	14.1666
54	95	-14.1625
55	94	-14.1625
72	77	-14.1586
73	76	-14.1586
9	18	-14.1582
8	19	-14.1582
43	44	-14.1432
42	45	-14.1432
35	90	-14.143
34	91	-14.143
26	93	-14.1369
27	92	-14.1369
21	92	-14.1336
20	93	-14.1336
24	53	14.1294
25	52	14.1294
7	38	14.1275
6	39	14.1275
6	59	14.1214
7	58	14.1214
34	59	-14.1201
35	58	-14.1201
52	73	-14.1092
53	72	-14.1092
12	23	14.1084
13	22	14.1084
0	67	14.0921
1	66	14.0921
68	95	14.0802
69	94	14.0802
46	73	-14.0719
47	72	-14.0719
11	24	-14.0647
10	25	-14.0647
64	97	-14.061
65	96	-14.061
69	78	14.0607
68	79	14.0607
13	54	14.0528
12	55	14.0528
5	98	-14.0518
4	99	-14.0518
10	65	-14.0515
11	64	-14.0515
43	94	-14.0319
42	95	-14.0319
7	56	14.0317
6	57	14.0317
30	95	-14.0223
31	94	-14.0223
21	42	-14.0158
20	43	-14.0158
17	64	14.0024
16	65	14.0024
87	96	13.9958
86	97	13.9958
3	34	-13.9933
2	35	-13.9933
26	53	-13.991
27	52	-13.991
7	90	13.9854
6	91	13.9854
60	79	-13.9821
61	78	-13.9821
8	13	-13.9809
9	12	-13.9809
67	90	-13.9786
66	91	-13.9786
27	84	-13.9668
26	85	-13.9668
87	90	13.9571
86	91	13.9571
58	67	-13.9543
59	66	-13.9543
4	97	-13.9475
5	96	-13.9475
26	69	13.9467
27	68	13.9467
19	82	13.9443
18	83	13.9443
38	95	13.9402
39	94	13.9402
2	73	13.9353
3	72	13.9353
63	72	13.9248
62	73	13.9248
12	59	-13.9204
13	58	-13.9204
1	44	-13.9093
0	45	-13.9093
40	49	-13.9015
41	48	-13.9015
54	85	13.896
55	84	13.896
36	77	-13.8834
37	76	-13.8834
23	66	13.8773
22	67	13.8773
14	99	-13.8767
15	98	-13.8767
10	15	-13.8763
11	14	-13.8763
58	79	13.8759
59	78	13.8759
57	78	13.872
56	79	13.872
52	89	-13.8706
53	88	-13.8706
0	87	-13.8666
1	86	-13.8666
18	91	-13.8534
19	90	-13.8534
25	88	-13.8514
24	89	-13.8514
18	99	-13.8504
19	98	-13.8504
3	94	13.8491
2	95	13.8491
40	71	-13.8425
41	70	-13.8425
7	74	13.8366
6	75	13.8366
3	66	-13.8365
2	67	-13.8365
5	36	-13.8299
4	37	-13.8299
30	45	-13.8214
31	44	-13.8214
0	73	-13.8093
1	72	-13.8093
4	41	-13.7979
5	40	-13.7979
52	85	13.7966
53	84	13.7966
33	88	-13.7934
32	89	-13.7934
57	64	-13.793
56	65	-13.793
33	90	-13.7905
32	91	-13.7905
30	69	-13.7859
31	68	-13.7859
19	22	13.7824
18	23	13.7824
39	72	13.7742
38	73	13.7742
35	80	-13.7703
34	81	-13.7703
63	84	-13.7582
62	85	-13.7582
18	61	13.7474
19	60	13.7474
7	68	13.7437
6	69	13.7437
22	35	13.7418
23	34	13.7418
6	41	13.7384
7	40	13.7384
6	9	13.7366
7	8	13.7366
35	56	-13.7362
34	57	-13.7362
71	96	-13.7336
70	97	-13.7336
35	38	-13.7234
34	39	-13.7234
33	80	-13.7217
32	81	-13.7217
39	66	-13.7181
38	67	-13.7181
20	87	13.7092
21	86	13.7092
2	7	13.7041
3	6	13.7041
79	90	13.6884
78	91	13.6884
48	99	-13.6837
49	98	-13.6837
21	70	-13.683
20	71	-13.683
75	78	13.6733
74	79	13.6733
10	93	-13.6718
11	92	-13.6718
42	83	13.6659
43	82	13.6659
36	91	13.6648
37	90	13.6648
44	69	13.662
45	68	13.662
49	66	13.657
48	67	13.657
35	74	-13.6537
34	75	-13.6537
42	55	13.6472
43	54	13.6472
65	74	-13.6467
64	75	-13.6467
19	40	-13.6427
18	41	-13.6427
2	27	13.6423
3	26	13.6423
9	32	-13.6407
8	33	-13.6407
44	71	-13.6405
45	70	-13.6405
12	49	13.6365
13	48	13.6365
8	35	-13.6351
9	34	-13.6351
62	65	-13.6329
63	64	-13.6329
34	97	-13.6269
35	96	-13.6269
38	85	-13.6268
39	84	-13.6268
40	65	-13.6063
41	64	-13.6063
17	18	13.5991
16	19	13.5991
13	96	-13.5945
12	97	-13.5945
67	80	-13.5908
66	81	-13.5908
22	65	13.5832
23	64	13.5832
50	85	-13.5784
51	84	-13.5784
42	99	-13.5766
43	98	-13.5766
5	56	-13.576
4	57	-13.576
40	79	13.5723
41	78	13.5723
33	84	13.5713
32	85	13.5713
54	65	13.5633
55	64	13.5633
19	70	13.5631
18	71	13.5631
57	66	-13.5628
56	67	-13.5628
74	89	13.557
75	88	13.557
49	60	13.542
48	61	13.542
42	85	13.5399
43	84	13.5399
21	28	13.5304
20	29	13.5304
47	74	-13.5256
46	75	-13.5256
38	45	13.523
39	44	13.523
64	81	-13.516
65	80	-13.516
1	94	-13.5045
0	95	-13.5045
50	89	13.5036
51	88	13.5036
67	74	-13.4995
66	75	-13.4995
58	87	13.4951
59	86	13.4951
76	87	-13.4597
77	86	-13.4597
9	78	13.4543
8	79	13.4543
35	42	13.4489
34	43	13.4489
5	18	13.4444
4	19	13.4444
34	49	13.4409
35	48	13.4409
8	67	-13.4371
9	66	-13.4371
70	95	-13.433
71	94	-13.433
4	85	13.4268
5	84	13.4268
27	38	13.4042
26	39	13.4042
55	66	13.3958
54	67	13.3958
5	74	-13.3913
4	75	-13.3913
36	97	13.3874
37	96	13.3874
66	97	-13.3828
67	96	-13.3828
17	60	13.38
16	61	13.38
10	61	-13.3787
11	60	-13.3787
2	79	13.3769
3	78	13.3769
52	93	13.3742
53	92	13.3742
35	54	13.3624
34	55	13.3624
14	43	13.3621
15	42	13.3621
22	37	-13.3544
23	36	-13.3544
10	73	13.3537
11	72	13.3537
30	51	-13.3524
31	50	-13.3524
9	72	13.3455
8	73	13.3455
61	92	13.3448
60	93	13.3448
5	12	13.3416
4	13	13.3416
53	98	-13.3355
52	99	-13.3355
12	57	-13.324
13	56	-13.324
14	83	13.314
15	82	13.314
85	98	-13.3136
84	99	-13.3136
26	55	-13.3125
27	54	-13.3125
42	67	13.3072
43	66	13.3072
18	59	-13.3024
19	58	-13.3024
18	97	-13.297
19	96	-13.297
21	22	-13.2853
20	23	-13.2853
46	57	-13.2809
47	56	-13.2809
13	40	-13.2723
12	41	-13.2723
33	36	-13.2601
32	37	-13.2601
62	95	13.259
63	94	13.259
10	13	-13.2474
11	12	-13.2474
44	91	13.2375
45	90	13.2375
5	20	-13.2335
4	21	-13.2335
0	43	13.2321
1	42	13.2321
0	7	-13.2318
1	6	-13.2318
55	86	-13.2213
54	87	-13.2213
11	30	-13.2077
10	31	-13.2077
50	99	13.2058
51	98	13.2058
49	72	-13.2037
48	73	-13.2037
50	53	-13.2028
51	52	-13.2028
44	77	-13.1998
45	76	-13.1998
12	75	-13.1997
13	74	-13.1997
33	58	-13.1921
32	59	-13.1921
27	42	-13.1864
26	43	-13.1864
21	58	13.1841
20	59	13.1841
68	73	13.1756
69	72	13.1756
45	96	13.1689
44	97	13.1689
12	83	13.1666
13	82	13.1666
9	42	-13.1558
8	43	-13.1558
57	82	-13.1465
56	83	-13.1465
0	27	-13.1283
1	26	-13.1283
42	71	13.1135
43	70	13.1135
2	43	-13.1121
3	42	-13.1121
43	72	-13.1113
42	73	-13.1113
37	86	13.1104
36	87	13.1104
33	50	-13.0768
32	51	-13.0768
27	82	-13.0736
26	83	-13.0736
37	38	13.0715
36	39	13.0715
29	72	13.0704
28	73	13.0704
48	65	13.0588
49	64	13.0588
43	76	13.0458
42	77	13.0458
13	70	13.0456
12	71	13.0456
24	81	-13.0421
25	80	-13.0421
22	73	-13.0256
23	72	-13.0256
18	49	13.0209
19	48	13.0209
4	45	-13.0188
5	44	-13.0188
65	98	-13.0147
64	99	-13.0147
60	69	-13.0106
61	68	-13.0106
36	69	13.0089
37	68	13.0089
12	63	-13.0065
13	62	-13.0065
57	70	-13.0056
56	71	-13.0056
7	76	-13.0045
6	77	-13.0045
13	88	-13.0005
12	89	-13.0005
26	97	12.9918
27	96	12.9918
57	86	12.9801
56	87	12.9801
45	86	12.9738
44	87	12.9738
19	20	-12.966
18	21	-12.966
15	80	-12.9658
14	81	-12.9658
18	37	-12.9448
19	36	-12.9448
64	89	-12.9334
65	88	-12.9334
34	41	-12.9302
35	40	-12.9302
23	60	12.9259
22	61	12.9259
10	75	12.921
11	74	12.921
25	42	12.9172
24	43	12.9172
68	85	-12.9117
69	84	-12.9117
5	66	12.9069
4	67	12.9069
7	42	-12.8921
6	43	-12.8921
25	82	12.8896
24	83	12.8896
39	64	-12.8884
38	65	-12.8884
13	98	-12.8847
12	99	-12.8847
35	68	-12.8758
34	69	-12.8758
45	62	12.8753
44	63	12.8753
25	98	-12.8734
24	99	-12.8734
63	74	12.8606
62	75	12.8606
1	78	-12.8456
0	79	-12.8456
90	95	12.845
91	94	12.845
67	68	-12.8429
66	69	-12.8429
13	80	-12.8381
12	81	-12.8381
52	75	-12.8369
53	74	-12.8369
76	95	-12.8284
77	94	-12.8284
27	30	-12.828
26	31	-12.828
74	83	-12.8258
75	82	-12.8258
4	95	-12.819
5	94	-12.819
41	42	-12.8169
40	43	-12.8169
74	87	12.8031
75	86	12.8031
60	87	-12.7857
61	86	-12.7857
95	96	12.7844
94	97	12.7844
27	90	12.7782
26	91	12.7782
11	56	12.7768
10	57	12.7768
7	72	12.7699
6	73	12.7699
7	98	12.7665
6	99	12.7665
71	74	-12.7632
70	75	-12.7632
4	35	12.76
5	34	12.76
8	53	-12.7518
9	52	-12.7518
33	68	-12.7419
32	69	-12.7419
87	94	12.7326
86	95	12.7326
20	31	-12.7298
21	30	-12.7298
42	91	-12.729
43	90	-12.729
88	93	-12.7081
89	92	-12.7081
29	52	-12.7064
28	53	-12.7064
27	86	12.7022
26	87	12.7022
40	73	12.6967
41	72	12.6967
81	92	-12.6864
80	93	-12.6864
5	64	12.6855
4	65	12.6855
41	66	-12.6854
40	67	-12.6854
19	32	12.6812
18	33	12.6812
32	99	-12.6798
33	98	-12.6798
3	52	-12.6773
2	53	-12.6773
22	43	12.6664
23	42	12.6664
16	21	-12.6655
17	20	-12.6655
72	79	12.6504
73	78	12.6504
22	45	-12.65
23	44	-12.65
4	43	12.6422
5	42	12.6422
12	53	12.6387
13	52	12.6387
33	44	-12.6383
32	45	-12.6383
52	57	-12.635
53	56	-12.635
18	57	-12.6295
19	56	-12.6295
0	53	12.6256
1	52	12.6256
14	71	12.6243
15	70	12.6243
34	73	-12.6233
35	72	-12.6233
27	62	12.6043
26	63	12.6043
77	78	-12.6011
76	79	-12.6011
53	54	12.5903
52	55	12.5903
37	62	12.5865
36	63	12.5865
65	72	-12.5856
64	73	-12.5856
41	52	-12.574
40	53	-12.574
13	32	12.5663
12	33	12.5663
79	98	12.5611
78	99	12.5611
64	83	12.5573
65	82	12.5573
47	84	12.5565
46	85	12.5565
32	95	-12.5562
33	94	-12.5562
57	62	12.5484
56	63	12.5484
27	70	-12.5469
26	71	-12.5469
11	32	-12.5458
10	33	-12.5458
39	74	12.5439
38	75	12.5439
21	32	-12.5377
20	33	-12.5377
42	79	-12.5325
43	78	-12.5325
72	87	12.5287
73	86	12.5287
32	97	-12.5172
33	96	-12.5172
19	74	-12.5157
18	75	-12.5157
17	42	12.5124
16	43	12.5124
67	72	-12.5056
66	73	-12.5056
53	90	-12.5042
52	91	-12.5042
26	77	-12.5029
27	76	-12.5029
16	87	-12.5019
17	86	-12.5019
52	83	12.4963
53	82	12.4963
82	87	-12.4935
83	86	-12.4935
47	58	-12.4867
46	59	-12.4867
19	44	-12.477
18	45	-12.477
15	54	12.4672
14	55	12.4672
82	93	12.4645
83	92	12.4645
33	56	-12.4632
32	57	-12.4632
53	58	-12.4631
52	59	-12.4631
60	77	12.4458
61	76	12.4458
29	66	-12.4387
28	67	-12.4387
53	76	12.432
52	77	12.432
20	69	12.4188
21	68	12.4188
66	71	12.4166
67	70	12.4166
65	70	12.4097
64	71	12.4097
6	17	-12.4054
7	16	-12.4054
73	80	12.4046
72	81	12.4046
67	82	12.4
66	83	12.4
20	49	-12.3902
21	48	-12.3902
22	95	-12.3746
23	94	-12.3746
5	26	-12.3717
4	27	-12.3717
33	74	-12.3675
32	75	-12.3675
30	53	12.3667
31	52	12.3667
22	87	-12.3657
23	86	-12.3657
17	36	-12.3595
16	37	-12.3595
43	58	-12.3588
42	59	-12.3588
29	34	-12.3465
28	35	-12.3465
70	81	-12.3441
71	80	-12.3441
34	83	12.3411
35	82	12.3411
33	40	-12.3395
32	41	-12.3395
24	61	12.3276
25	60	12.3276
35	70	12.3196
34	71	12.3196
37	58	12.2999
36	59	12.2999
43	92	12.2917
42	93	12.2917
27	32	-12.2756
26	33	-12.2756
30	81	-12.2711
31	80	-12.2711
12	39	-12.266
13	38	-12.266
34	99	-12.2652
35	98	-12.2652
24	71	12.2474
25	70	12.2474
18	95	-12.2469
19	94	-12.2469
38	57	12.2442
39	56	12.2442
13	72	-12.2412
12	73	-12.2412
42	97	-12.2408
43	96	-12.2408
64	69	-12.2398
65	68	-12.2398
36	49	-12.23
37	48	-12.23
52	65	12.2298
53	64	12.2298
6	89	12.2236
7	88	12.2236
74	81	12.2192
75	80	12.2192
61	80	-12.2162
60	81	-12.2162
42	75	-12.2161
43	74	-12.2161
35	88	-12.2146
34	89	-12.2146
33	66	12.207
32	67	12.207
52	97	-12.2056
53	96	-12.2056
19	72	-12.202
18	73	-12.202
28	79	12.1809
29	78	12.1809
21	38	12.1723
20	39	12.1723
4	81	-12.1618
5	80	-12.1618
57	80	12.1612
56	81	12.1612
41	84	-12.1476
40	85	-12.1476
22	27	-12.1451
23	26	-12.1451
50	71	-12.1307
51	70	-12.1307
43	56	-12.1239
42	57	-12.1239
9	84	-12.1041
8	85	-12.1041
81	84	-12.1025
80	85	-12.1025
5	60	12.0998
4	61	12.0998
7	28	12.0944
6	29	12.0944
14	41	-12.0937
15	40	-12.0937
11	84	-12.0877
10	85	-12.0877
32	43	12.0825
33	42	12.0825
4	51	-12.0758
5	50	-12.0758
23	84	12.074
22	85	12.074
33	34	12.0657
32	35	12.0657
67	98	-12.0621
66	99	-12.0621
66	89	-12.052
67	88	-12.052
69	74	12.0413
68	75	12.0413
0	85	12.0128
1	84	12.0128
16	79	-12.003
17	78	-12.003
70	87	-12.0022
71	86	-12.0022
46	95	-12.0013
47	94	-12.0013
17	52	11.9946
16	53	11.9946
10	95	11.993
11	94	11.993
0	61	11.9908
1	60	11.9908
51	82	-11.9869
50	83	-11.9869
44	59	11.9779
45	58	11.9779
33	64	11.9629
32	65	11.9629
78	89	11.9594
79	88	11.9594
26	49	-11.9483
27	48	-11.9483
11	58	11.943
10	59	11.943
43	48	11.9416
42	49	11.9416
24	55	11.931
25	54	11.931
52	71	11.9231
53	70	11.9231
6	55	-11.9182
7	54	-11.9182
59	60	-11.9137
58	61	-11.9137
51	60	-11.9097
50	61	-11.9097
93	98	-11.9064
92	99	-11.9064
71	92	11.8984
70	93	11.8984
15	32	11.8956
14	33	11.8956
60	75	-11.8836
61	74	-11.8836
55	72	-11.8816
54	73	-11.8816
18	27	-11.8769
19	26	-11.8769
44	49	-11.857
45	48	-11.857
10	27	11.8515
11	26	11.8515
5	86	-11.8388
4	87	-11.8388
42	51	-11.8374
43	50	-11.8374
8	15	-11.8346
9	14	-11.8346
2	85	-11.8318
3	84	-11.8318
17	44	-11.8306
16	45	-11.8306
21	56	11.8041
20	57	11.8041
56	69	11.8037
57	68	11.8037
7	22	-11.8007
6	23	-11.8007
56	61	-11.7907
57	60	-11.7907
60	91	-11.749
61	90	-11.749
22	53	11.7424
23	52	11.7424
5	14	11.7248
4	15	11.7248
55	60	11.7214
54	61	11.7214
13	68	-11.7145
12	69	-11.7145
47	96	-11.7132
46	97	-11.7132
77	84	11.7088
76	85	11.7088
46	91	-11.699
47	90	-11.699
59	62	11.6984
58	63	11.6984
27	58	11.6964
26	59	11.6964
81	82	-11.6904
80	83	-11.6904
44	47	-11.6824
45	46	-11.6824
48	95	-11.6767
49	94	-11.6767
33	60	11.6753
32	61	11.6753
11	44	11.673
10	45	11.673
58	95	11.6601
59	94	11.6601
4	73	-11.6536
5	72	-11.6536
25	72	-11.6368
24	73	-11.6368
40	51	11.6332
41	50	11.6332
17	46	11.6255
16	47	11.6255
31	82	11.6112
30	83	11.6112
20	63	11.6072
21	62	11.6072
19	46	11.6015
18	47	11.6015
30	67	11.588
31	66	11.588
27	80	11.5873
26	81	11.5873
31	88	-11.5832
30	89	-11.5832
11	96	11.5794
10	97	11.5794
55	78	-11.5779
54	79	-11.5779
28	89	11.575
29	88	11.575
48	51	-11.5696
49	50	-11.5696
15	60	11.5628
14	61	11.5628
80	95	11.5627
81	94	11.5627
17	94	-11.5569
16	95	-11.5569
46	87	-11.554
47	86	-11.554
48	87	-11.5538
49	86	-11.5538
27	46	-11.5484
26	47	-11.5484
3	60	-11.5396
2	61	-11.5396
72	93	-11.5385
73	92	-11.5385
16	27	-11.5298
17	26	-11.5298
24	33	11.5205
25	32	11.5205
50	73	11.5044
51	72	11.5044
4	53	11.5043
5	52	11.5043
28	65	-11.5011
29	64	-11.5011
30	79	-11.4952
31	78	-11.4952
60	73	-11.4898
61	72	-11.4898
28	75	11.4889
29	74	11.4889
59	80	11.4722
58	81	11.4722
39	52	-11.47
38	53	-11.47
68	71	-11.4551
69	70	-11.4551
22	79	-11.447
23	78	-11.447
31	34	11.4445
30	35	11.4445
36	47	-11.424
37	46	-11.424
3	14	-11.421
2	15	-11.421
55	92	11.4196
54	93	11.4196
30	43	11.4098
31	42	11.4098
32	39	-11.4091
33	38	-11.4091
14	73	-11.4071
15	72	-11.4071
13	20	-11.4058
12	21	-11.4058
5	68	-11.3935
4	69	-11.3935
18	85	11.3917
19	84	11.3917
53	68	-11.3912
52	69	-11.3912
32	73	-11.3797
33	72	-11.3797
19	80	-11.3794
18	81	-11.3794
50	55	-11.3783
51	54	-11.3783
25	40	-11.3737
24	41	-11.3737
1	14	11.372
0	15	11.372
34	53	11.369
35	52	11.369
20	75	11.3607
21	74	11.3607
61	70	11.3591
60	71	11.3591
80	97	11.3563
81	96	11.3563
39	58	11.3497
38	59	11.3497
11	70	-11.3466
10	71	-11.3466
30	73	-11.3376
31	72	-11.3376
20	65	-11.3361
21	64	-11.3361
10	87	11.3336
11	86	11.3336
80	87	11.3325
81	86	11.3325
7	30	-11.3318
6	31	-11.3318
4	25	11.3252
5	24	11.3252
6	49	-11.3142
7	48	-11.3142
5	10	-11.2981
4	11	-11.2981
49	80	-11.2938
48	81	-11.2938
44	81	11.2924
45	80	11.2924
11	36	11.2672
10	37	11.2672
53	66	11.2541
52	67	11.2541
46	77	11.2527
47	76	11.2527
73	98	11.2515
72	99	11.2515
29	42	-11.2485
28	43	-11.2485
11	18	-11.2384
10	19	-11.2384
6	53	-11.2373
7	52	-11.2373
10	91	11.2368
11	90	11.2368
52	63	-11.2171
53	62	-11.2171
49	84	11.2123
48	85	11.2123
61	96	-11.2054
60	97	-11.2054
30	71	11.2036
31	70	11.2036
6	83	-11.202
7	82	-11.202
4	7	-11.1955
5	6	-11.1955
30	99	-11.1921
31	98	-11.1921
9	24	-11.1754
8	25	-11.1754
29	56	11.1724
28	57	11.1724
12	37	-11.1667
13	36	-11.1667
32	87	-11.1563
33	86	-11.1563
33	92	11.1521
32	93	11.1521
7	70	-11.1471
6	71	-11.1471
49	52	11.1439
48	53	11.1439
8	61	-11.1425
9	60	-11.1425
85	90	-11.1419
84	91	-11.1419
12	29	-11.1346
13	28	-11.1346
3	46	-11.134
2	47	-11.134
22	51	-11.0926
23	50	-11.0926
71	72	-11.0911
70	73	-11.0911
60	83	11.0904
61	82	11.0904
8	51	11.0897
9	50	11.0897
32	79	-11.0886
33	78	-11.0886
61	84	11.0884
60	85	11.0884
1	46	11.078
0	47	11.078
6	33	-11.075
7	32	-11.075
36	57	11.0731
37	56	11.0731
16	63	-11.0714
17	62	-11.0714
85	86	-11.0463
84	87	-11.0463
85	96	-11.0396
84	97	-11.0396
79	82	-11.035
78	83	-11.035
70	79	-11.0344
71	78	-11.0344
52	79	-11.0268
53	78	-11.0268
47	48	11.0266
46	49	11.0266
33	52	11.0264
32	53	11.0264
27	60	-11.0241
26	61	-11.0241
4	79	-11.0151
5	78	-11.0151
49	78	-11.0113
48	79	-11.0113
28	99	11.0086
29	98	11.0086
69	82	-11.004
68	83	-11.004
15	76	10.993
14	77	10.993
22	81	-10.9924
23	80	-10.9924
4	93	10.9859
5	92	10.9859
15	86	-10.9855
14	87	-10.9855
7	20	10.9802
6	21	10.9802
36	65	-10.979
37	64	-10.979
49	68	-10.9783
48	69	-10.9783
63	90	10.9735
62	91	10.9735
15	18	10.9679
14	19	10.9679
36	81	10.9639
37	80	10.9639
67	92	10.9632
66	93	10.9632
59	68	10.9608
58	69	10.9608
63	96	10.9527
62	97	10.9527
10	49	-10.951
11	48	-10.951
16	85	10.9426
17	84	10.9426
15	22	10.9289
14	23	10.9289
80	91	10.9285
81	90	10.9285
33	46	10.9147
32	47	10.9147
73	82	-10.8964
72	83	-10.8964
44	57	10.8876
45	56	10.8876
0	25	10.8796
1	24	10.8796
79	92	-10.8748
78	93	-10.8748
73	88	10.8743
72	89	10.8743
3	24	-10.8713
2	25	-10.8713
35	92	10.8618
34	93	10.8618
40	93	-10.8541
41	92	-10.8541
8	47	-10.8515
9	46	-10.8515
11	82	-10.8499
10	83	-10.8499
11	16	-10.8457
10	17	-10.8457
12	45	-10.8444
13	44	-10.8444
28	83	-10.8416
29	82	-10.8416
20	79	10.8408
21	78	10.8408
11	20	10.8146
10	21	10.8146
22	47	10.7999
23	46	10.7999
40	61	-10.7802
41	60	-10.7802
30	65	10.7771
31	64	10.7771
14	91	-10.7725
15	90	-10.7725
32	63	-10.7641
33	62	-10.7641
26	57	10.7584
27	56	10.7584
37	74	10.755
36	75	10.755
39	96	10.755
38	97	10.755
3	10	10.7527
2	11	10.7527
21	46	-10.7407
20	47	-10.7407
42	61	10.74
43	60	10.74
7	92	-10.7398
6	93	-10.7398
21	34	-10.7351
20	35	-10.7351
19	62	-10.732
18	63	-10.732
55	80	-10.7266
54	81	-10.7266
44	65	-10.7265
45	64	-10.7265
31	54	10.7153
30	55	10.7153
2	51	10.6988
3	50	10.6988
56	95	10.6852
57	94	10.6852
11	22	-10.6813
10	23	-10.6813
11	76	-10.6805
10	77	-10.6805
38	91	10.6772
39	90	10.6772
17	80	-10.6738
16	81	-10.6738
62	87	10.6679
63	86	10.6679
13	94	-10.6669
12	95	-10.6669
63	76	-10.6662
62	77	-10.6662
48	63	-10.6626
49	62	-10.6626
29	32	-10.6582
28	33	-10.6582
50	79	10.6484
51	78	10.6484
30	41	-10.644
31	40	-10.644
16	39	-10.6433
17	38	-10.6433
21	66	-10.631
20	67	-10.631
30	33	10.6285
31	32	10.6285
8	93	-10.6274
9	92	-10.6274
13	26	-10.6229
12	27	-10.6229
14	97	-10.6208
15	96	-10.6208
9	10	10.6172
8	11	10.6172
1	50	-10.6108
0	51	-10.6108
19	24	10.6104
18	25	10.6104
24	77	10.6096
25	76	10.6096
69	88	10.6056
68	89	10.6056
28	71	-10.6038
29	70	-10.6038
1	10	-10.6014
0	11	-10.6014
45	74	10.5998
44	75	10.5998
21	80	10.5973
20	81	10.5973
24	67	10.5937
25	66	10.5937
23	24	10.5896
22	25	10.5896
39	70	-10.5846
38	71	-10.5846
69	96	10.5795
68	97	10.5795
12	31	10.5737
13	30	10.5737
39	48	-10.5676
38	49	-10.5676
2	81	10.5637
3	80	10.5637
64	95	-10.556
65	94	-10.556
51	86	10.5468
50	87	10.5468
76	81	-10.5457
77	80	-10.5457
25	86	-10.5451
24	87	-10.5451
40	47	-10.545
41	46	-10.545
38	89	10.5444
39	88	10.5444
51	66	-10.5414
50	67	-10.5414
10	41	10.5362
11	40	10.5362
78	85	-10.5347
79	84	-10.5347
25	34	10.5329
24	35	10.5329
3	62	10.5319
2	63	10.5319
22	69	-10.5297
23	68	-10.5297
5	38	-10.5294
4	39	-10.5294
46	53	10.5271
47	52	10.5271
28	59	10.5259
29	58	10.5259
26	65	-10.5233
27	64	-10.5233
0	63	-10.5133
1	62	-10.5133
6	51	10.507
7	50	10.507
30	75	-10.5039
31	74	-10.5039
4	31	10.502
5	30	10.502
25	78	-10.5003
24	79	-10.5003
34	37	-10.4905
35	36	-10.4905
26	75	10.4869
27	74	10.4869
61	98	-10.4868
60	99	-10.4868
58	85	-10.4865
59	84	-10.4865
40	81	10.4844
41	80	10.4844
8	81	10.4802
9	80	10.4802
0	81	-10.4718
1	80	-10.4718
0	93	10.4599
1	92	10.4599
35	50	-10.4595
34	51	-10.4595
5	46	10.4552
4	47	10.4552
50	77	-10.4485
51	76	-10.4485
75	94	10.4443
74	95	10.4443
7	36	10.4395
6	37	10.4395
16	69	-10.4321
17	68	-10.4321
14	49	10.4259
15	48	10.4259
36	67	-10.4183
37	66	-10.4183
2	93	-10.4173
3	92	-10.4173
7	24	-10.4145
6	25	-10.4145
10	53	-10.4137
11	52	-10.4137
38	87	10.4136
39	86	10.4136
16	51	-10.4065
17	50	-10.4065
18	39	-10.4055
19	38	-10.4055
68	99	10.4045
69	98	10.4045
60	95	-10.4018
61	94	-10.4018
68	91	10.3998
69	90	10.3998
52	81	-10.3954
53	80	-10.3954
42	81	-10.3918
43	80	-10.3918
25	90	-10.3895
24	91	-10.3895
39	82	-10.3871
38	83	-10.3871
7	44	10.3868
6	45	10.3868
22	63	-10.3823
23	62	-10.3823
18	51	-10.3769
19	50	-10.3769
72	85	-10.3691
73	84	-10.3691
75	92	-10.3642
74	93	-10.3642
30	57	-10.3616
31	56	-10.3616
23	92	10.3601
22	93	10.3601
73	94	10.3597
72	95	10.3597
50	97	10.3547
51	96	10.3547
42	69	-10.3491
43	68	-10.3491
65	92	10.347
64	93	10.347
7	26	10.3448
6	27	10.3448
38	77	-10.3428
39	76	-10.3428
6	85	-10.3391
7	84	-10.3391
62	89	10.3335
63	88	10.3335
9	62	10.3308
8	63	10.3308
11	54	-10.3292
10	55	-10.3292
61	88	-10.3225
60	89	-10.3225
29	54	-10.3171
28	55	-10.3171
20	61	-10.3142
21	60	-10.3142
37	78	10.3139
36	79	10.3139
38	43	-10.3139
39	42	-10.3139
14	17	10.3134
15	16	10.3134
44	61	-10.3121
45	60	-10.3121
2	39	10.3099
3	38	10.3099
76	93	10.3098
77	92	10.3098
51	90	10.3081
50	91	10.3081
38	99	10.3061
39	98	10.3061
25	74	-10.2947
24	75	-10.2947
26	79	10.2912
27	78	10.2912
47	70	10.2911
46	71	10.2911
44	79	10.291
45	78	10.291
18	69	-10.2906
19	68	-10.2906
34	45	-10.2894
35	44	-10.2894
16	29	-10.2864
17	28	-10.2864
55	68	-10.2825
54	69	-10.2825
14	67	10.2824
15	66	10.2824
50	75	10.2811
51	74	10.2811
18	93	10.2763
19	92	10.2763
6	95	10.2731
7	94	10.2731
24	97	-10.2724
25	96	-10.2724
44	73	10.2716
45	72	10.2716
8	31	-10.2593
9	30	-10.2593
46	55	10.2563
47	54	10.2563
14	35	10.2534
15	34	10.2534
22	39	-10.2522
23	38	-10.2522
1	38	-10.249
0	39	-10.249
15	78	-10.2445
14	79	-10.2445
14	59	-10.2419
15	58	-10.2419
68	87	10.2414
69	86	10.2414
4	63	-10.2367
5	62	-10.2367
5	28	-10.2269
4	29	-10.2269
44	67	-10.2267
45	66	-10.2267
12	93	10.2241
13	92	10.2241
87	92	-10.2172
86	93	-10.2172
62	71	-10.212
63	70	-10.212
42	63	-10.2104
43	62	-10.2104
26	35	-10.2078
27	34	-10.2078
57	92	-10.204
56	93	-10.204
30	97	-10.2002
31	96	-10.2002
37	72	10.1999
36	73	10.1999
9	38	10.1977
8	39	10.1977
79	94	10.1975
78	95	10.1975
27	66	-10.1972
26	67	-10.1972
28	41	10.1941
29	40	10.1941
27	72	10.1931
26	73	10.1931
7	14	-10.1928
6	15	-10.1928
16	31	10.1925
17	30	10.1925
35	94	-10.1825
34	95	-10.1825
14	75	-10.1824
15	74	-10.1824
24	65	10.1812
25	64	10.1812
30	87	-10.181
31	86	-10.181
12	85	10.1778
13	84	10.1778
25	48	10.1735
24	49	10.1735
29	90	10.1705
28	91	10.1705
50	57	10.1696
51	56	10.1696
69	76	-10.1628
68	77	-10.1628
16	25	10.1588
17	24	10.1588
12	51	-10.1583
13	50	-10.1583
21	72	10.1532
20	73	10.1532
24	57	-10.1485
25	56	-10.1485
23	30	10.1464
22	31	10.1464
8	29	10.1441
9	28	10.1441
51	64	-10.1414
50	65	-10.1414
40	63	10.1358
41	62	10.1358
63	98	10.1355
62	99	10.1355
66	95	-10.1332
67	94	-10.1332
2	69	10.1259
3	68	10.1259
17	92	10.1241
16	93	10.1241
30	49	10.1218
31	48	10.1218
90	93	-10.1185
91	92	-10.1185
92	97	-10.1183
93	96	-10.1183
63	82	-10.1174
62	83	-10.1174
56	85	-10.1156
57	84	-10.1156
29	48	-10.1152
28	49	-10.1152
1	28	-10.1127
0	29	-10.1127
29	76	-10.1123
28	77	-10.1123
13	24	10.111
12	25	10.111
2	29	10.1108
3	28	10.1108
39	40	10.1095
38	41	10.1095
29	96	10.1081
28	97	10.1081
41	68	10.1062
40	69	10.1062
46	89	-10.1031
47	88	-10.1031
15	56	-10.1001
14	57	-10.1001
46	99	-10.1
47	98	-10.1
47	82	10.0997
46	83	10.0997
3	30	-10.0995
2	31	-10.0995
10	99	10.0993
11	98	10.0993
37	60	-10.099
36	61	-10.099
1	30	10.099
0	31	10.099
30	59	-10.0933
31	58	-10.0933
15	64	10.0882
14	65	10.0882
8	69	10.0835
9	68	10.0835
1	68	-10.0827
0	69	-10.0827
25	58	-10.0826
24	59	-10.0826
13	14	10.077
12	15	10.077
18	29	-10.075
19	28	-10.075
52	61	10.0729
53	60	10.0729
49	92	10.0688
48	93	10.0688
31	76	10.0652
30	77	10.0652
64	85	10.06
65	84	10.06
10	43	-10.059
11	42	-10.059
51	58	10.0526
50	59	10.0526
81	98	10.052
80	99	10.052
28	87	10.0428
29	86	10.0428
11	88	10.0419
10	89	10.0419
75	84	-10.0389
74	85	-10.0389
43	46	10.0306
42	47	10.0306
55	62	-10.0246
54	63	-10.0246
38	55	-10.0225
39	54	-10.0225
19	30	10.0197
18	31	10.0197
66	85	10.0176
67	84	10.0176
30	91	-10.0119
31	90	-10.0119
59	92	-10.0105
58	93	-10.0105
34	85	10.0048
35	84	10.0048
80	89	10.0048
81	88	10.0048
23	28	-10.0024
22	29	-10.0024
44	94	1.99793
34	66	1.99727
56	74	1.99503
6	78	1.99417
0	76	1.99002
2	8	1.98815
2	90	1.98523
70	82	1.98503
12	64	1.98399
14	24	1.97992
34	64	1.9795
0	2	-1.97911
4	70	1.97904
36	44	1.97643
38	62	1.97636
46	62	-1.97407
58	90	1.974
88	98	1.97048
20	44	1.97034
12	34	1.96971
36	94	1.96865
22	48	1.96766
90	96	1.9662
64	66	1.96522
12	66	1.96497
8	40	1.9643
56	58	1.96405
8	90	1.96259
4	32	1.96175
10	80	1.96171
24	92	1.95914
0	90	-1.95805
58	96	1.95615
16	76	1.95604
20	94	1.95567
30	92	1.95537
40	98	1.95459
32	70	1.95316
38	68	1.953
16	22	1.95195
54	82	1.94677
26	94	1.94643
2	76	-1.94613
20	26	1.94589
4	82	1.94565
8	96	1.94453
26	44	1.94412
0	8	-1.94284
38	46	-1.94244
10	68	1.93999
22	54	1.93999
20	36	1.93897
4	22	1.93864
2	96	1.93852
58	74	1.93828
76	90	-1.93459
40	96	1.92927
16	48	1.92694
18	86	-1.92491
42	52	1.92347
22	76	1.92189
2	58	1.92182
28	62	1.91895
2	40	1.9158
4	54	1.91526
54	70	1.91449
54	76	1.91405
4	48	1.91292
8	98	1.90892
0	54	1.90837
0	16	1.90715
10	38	1.90404
24	28	-1.90284
28	38	1.90042
20	88	1.89817
10	46	-1.89357
8	76	-1.89105
12	18	1.89098
0	58	-1.8903
32	82	1.88945
56	96	1.88863
84	92	1.88844
40	90	1.88763
14	92	1.88757
6	64	-1.88734
8	58	1.88503
40	88	1.8848
68	80	1.88361
8	88	1.88165
56	90	1.88149
58	76	-1.88113
20	98	1.8799
28	92	-1.87899
22	70	1.87624
0	22	1.87496
62	68	1.8709
72	74	1.86538
0	96	-1.86434
22	82	1.86144
24	84	1.85675
26	36	1.85652
14	28	-1.85646
14	94	-1.85173
16	54	1.85114
36	88	1.84997
10	62	1.84861
18	64	1.84797
46	68	-1.84667
6	34	-1.84418
2	98	1.84371
14	36	-1.84299
74	96	1.8411
24	30	1.83994
74	90	1.83969
16	90	-1.83821
64	78	-1.83609
48	54	1.83458
32	48	1.83266
2	88	1.83093
48	76	1.83029
2	54	-1.82952
14	44	-1.82863
0	40	-1.82744
2	16	-1.8269
22	32	1.8247
16	58	-1.82013
76	96	-1.81887
30	84	1.81797
48	70	1.8176
56	72	1.81635
18	42	1.81604
26	50	1.81535
44	88	1.81493
14	84	1.8127
28	46	-1.81248
64	86	-1.80881
40	58	1.80716
6	66	-1.80691
50	68	1.80213
28	30	-1.8011
12	86	-1.79947
6	12	-1.79885
4	16	1.79793
2	56	1.79334
0	88	-1.79241
96	98	1.79157
34	78	-1.79009
32	54	1.78909
60	66	1.78841
8	54	-1.78499
38	80	1.78072
50	94	1.77923
88	94	1.77883
28	68	1.77765
90	98	1.77285
4	76	1.77166
0	98	-1.76947
42	86	-1.76843
2	22	-1.76797
48	82	1.76774
54	88	-1.76458
18	34	1.76421
54	90	-1.76379
36	98	1.76129
44	98	1.7593
0	48	1.75905
56	76	-1.75861
0	56	-1.75541
40	76	-1.75265
76	82	1.75183
46	80	-1.75076
34	60	1.75051
18	66	1.75001
24	36	-1.74983
66	78	-1.7498
8	56	1.74756
14	50	-1.74665
44	50	1.74481
24	94	-1.74456
2	74	1.74283
8	16	-1.74244
0	82	1.74169
22	90	-1.73939
88	90	1.73837
12	78	-1.73746
16	56	-1.73318
6	86	1.73238
26	98	1.72971
14	30	1.72943
26	88	1.7272
0	4	1.7259
74	76	-1.72537
16	74	-1.72195
94	98	1.72129
70	76	1.71983
24	44	-1.71895
38	50	1.71821
76	88	-1.71726
20	40	1.71509
0	74	-1.71278
88	96	1.71155
16	70	1.70642
36	84	-1.70384
14	26	-1.70134
16	82	1.69878
16	96	-1.69378
62	80	1.69351
78	86	1.69166
0	70	1.69158
34	86	-1.69082
8	22	-1.68991
8	74	1.68925
28	50	1.68859
14	20	-1.68767
76	98	-1.68622
24	62	-1.68043
22	58	-1.67695
24	38	-1.67688
40	56	1.6766
62	92	-1.67068
82	88	-1.6643
54	98	-1.66317
58	72	1.66082
10	28	1.65888
66	86	-1.65859
24	50	-1.65803
12	60	1.65729
54	58	-1.65481
14	38	-1.65089
16	32	1.64911
58	98	1.64749
20	50	1.64439
2	82	-1.6443
6	18	-1.64418
10	78	1.64252
8	20	1.64159
40	54	-1.64134
36	50	1.64021
2	48	-1.63672
30	62	-1.63268
60	64	1.63047
28	84	-1.62492
78	80	1.62484
14	62	-1.62418
38	92	-1.62367
48	90	-1.62364
54	96	-1.62304
46	78	-1.61456
40	74	1.61141
6	46	-1.60944
6	10	1.60634
36	92	-1.60598
8	82	-1.60419
50	62	1.60381
2	4	-1.6024
32	76	1.60068
84	94	-1.59997
34	46	1.59853
46	60	1.59674
46	66	1.5963
44	84	-1.59576
58	88	1.59307
52	86	-1.59021
48	58	-1.58624
18	78	-1.5858
10	50	1.58295
14	68	-1.58228
16	40	-1.58049
18	52	1.57983
2	70	-1.57884
92	94	-1.57854
24	26	-1.57822
22	88	-1.57772
22	96	-1.57576
6	80	1.57495
24	68	-1.57154
36	40	1.56946
36	82	-1.5683
20	24	-1.567
82	90	-1.56369
40	44	1.56227
70	88	-1.56043
2	20	1.55874
22	56	-1.55687
44	92	-1.55508
60	62	-1.55409
36	54	-1.55183
28	94	1.55067
4	90	-1.54937
0	32	1.54936
8	48	-1.54902
26	40	1.54898
30	38	-1.54654
82	84	1.54643
50	80	1.5429
8	36	1.54201
22	74	-1.53759
4	8	-1.53459
46	92	1.5344
16	88	-1.5332
24	46	1.52921
82	98	-1.52703
8	70	-1.52606
30	46	1.52432
22	40	-1.52231
40	94	1.51993
4	88	-1.51857
72	96	1.51418
28	44	1.51163
70	90	-1.51077
12	42	1.51004
20	54	-1.50939
72	90	1.50774
46	64	1.5071
28	80	1.50612
0	20	-1.50335
8	44	1.50255
16	98	-1.50163
22	98	-1.50107
28	36	1.49948
54	56	-1.49743
46	50	-1.4967
48	56	-1.49544
36	52	-1.49404
48	74	-1.49133
50	92	-1.48873
14	88	-1.4881
20	84	-1.48685
56	98	1.48551
16	72	-1.48327
68	92	-1.47961
70	84	1.47923
2	36	1.47831
52	94	-1.47727
44	52	-1.47664
4	58	-1.47003
40	82	-1.46942
14	46	1.46917
36	70	-1.46847
30	60	1.46742
86	98	1.46697
62	66	-1.46568
20	96	1.46428
62	78	1.46231
34	62	-1.46202
36	42	-1.46109
20	82	-1.4595
8	94	1.4588
54	74	-1.45877
0	36	-1.45837
40	86	1.45707
48	96	-1.45693
20	90	1.45669
14	52	1.45551
86	88	1.45514
10	34	-1.45501
6	62	1.45473
12	76	1.45344
42	64	1.45156
58	82	-1.45137
44	54	-1.45112
44	82	-1.45038
0	12	1.44881
8	86	1.44852
84	88	-1.44843
8	26	1.44776
6	60	-1.44646
18	54	1.4441
64	90	-1.44346
0	64	1.44027
10	66	-1.4398
2	64	-1.43855
26	28	1.43812
64	76	1.43673
0	18	1.43657
6	96	1.43656
28	60	-1.43535
20	52	-1.43505
16	66	1.43485
12	46	1.43263
38	78	1.43129
82	96	-1.43086
38	60	-1.42995
12	16	1.4299
34	76	1.42887
48	88	-1.42858
70	98	-1.42851
30	36	-1.42809
58	64	-1.42752
2	44	1.42743
66	76	1.42707
2	12	-1.42653
2	32	-1.42576
42	88	-1.42546
16	34	1.425
82	94	-1.42457
18	88	-1.42404
20	76	-1.42305
2	86	1.42291
2	18	-1.42166
18	76	1.42121
78	96	1.42108
12	90	-1.42001
74	98	1.4199
58	70	-1.41693
8	64	-1.41688
56	88	1.41673
0	34	1.41666
54	94	-1.41625
72	76	-1.41586
8	18	-1.41582
42	44	-1.41432
34	90	-1.4143
26	92	-1.41369
20	92	-1.41336
24	52	1.41294
6	38	1.41275
6	58	1.41214
34	58	-1.41201
52	72	-1.41092
12	22	1.41084
0	66	1.40921
68	94	1.40802
46	72	-1.40719
10	24	-1.40647
64	96	-1.4061
68	78	1.40607
12	54	1.40528
4	98	-1.40518
10	64	-1.40515
42	94	-1.40319
6	56	1.40317
30	94	-1.40223
20	42	-1.40158
16	64	1.40024
86	96	1.39958
2	34	-1.39933
26	52	-1.3991
6	90	1.39854
60	78	-1.39821
8	12	-1.39809
66	90	-1.39786
26	84	-1.39668
86	90	1.39571
58	66	-1.39543
4	96	-1.39475
26	68	1.39467
18	82	1.39443
38	94	1.39402
2	72	1.39353
62	72	1.39248
12	58	-1.39204
0	44	-1.39093
40	48	-1.39015
54	84	1.3896
36	76	-1.38834
22	66	1.38773
14	98	-1.38767
10	14	-1.38763
58	78	1.38759
56	78	1.3872
52	88	-1.38706
0	86	-1.38666
18	90	-1.38534
24	88	-1.38514
18	98	-1.38504
2	94	1.38491
40	70	-1.38425
6	74	1.38366
2	66	-1.38365
4	36	-1.38299
30	44	-1.38214
0	72	-1.38093
4	40	-1.37979
52	84	1.37966
32	88	-1.37934
56	64	-1.3793
32	90	-1.37905
30	68	-1.37859
18	22	1.37824
38	72	1.37742
34	80	-1.37703
62	84	-1.37582
18	60	1.37474
6	68	1.37437
22	34	1.37418
6	40	1.37384
6	8	1.37366
34	56	-1.37362
70	96	-1.37336
34	38	-1.37234
32	80	-1.37217
38	66	-1.37181
20	86	1.37092
2	6	1.37041
78	90	1.36884
48	98	-1.36837
20	70	-1.3683
74	78	1.36733
10	92	-1.36718
42	82	1.36659
36	90	1.36648
44	68	1.3662
48	66	1.3657
34	74	-1.36537
42	54	1.36472
64	74	-1.36467
18	40	-1.36427
2	26	1.36423
8	32	-1.36407
44	70	-1.36405
12	48	1.36365
8	34	-1.36351
62	64	-1.36329
34	96	-1.36269
38	84	-1.36268
40	64	-1.36063
16	18	1.35991
12	96	-1.35945
66	80	-1.35908
22	64	1.35832
50	84	-1.35784
42	98	-1.35766
4	56	-1.3576
40	78	1.35723
32	84	1.35713
54	64	1.35633
18	70	1.35631
56	66	-1.35628
74	88	1.3557
48	60	1.3542
42	84	1.35399
20	28	1.35304
46	74	-1.35256
38	44	1.3523
64	80	-1.3516
0	94	-1.35045
50	88	1.35036
66	74	-1.34995
58	86	1.34951
76	86	-1.34597
8	78	1.34543
34	42	1.34489
4	18	1.34444
34	48	1.34409
8	66	-1.34371
70	94	-1.3433
4	84	1.34268
26	38	1.34042
54	66	1.33958
4	74	-1.33913
36	96	1.33874
66	96	-1.33828
16	60	1.338
10	60	-1.33787
2	78	1.33769
52	92	1.33742
34	54	1.33624
14	42	1.33621
22	36	-1.33544
10	72	1.33537
30	50	-1.33524
8	72	1.33455
60	92	1.33448
4	12	1.33416
52	98	-1.33355
12	56	-1.3324
14	82	1.3314
84	98	-1.33136
26	54	-1.33125
42	66	1.33072
18	58	-1.33024
18	96	-1.3297
20	22	-1.32853
46	56	-1.32809
12	40	-1.32723
32	36	-1.32601
62	94	1.3259
10	12	-1.32474
44	90	1.32375
4	20	-1.32335
0	42	1.32321
0	6	-1.32318
54	86	-1.32213
10	30	-1.32077
50	98	1.32058
48	72	-1.32037
50	52	-1.32028
44	76	-1.31998
12	74	-1.31997
32	58	-1.31921
26	42	-1.31864
20	58	1.31841
68	72	1.31756
44	96	1.31689
12	82	1.31666
8	42	-1.31558
56	82	-1.31465
0	26	-1.31283
42	70	1.31135
2	42	-1.31121
42	72	-1.31113
36	86	1.31104
32	50	-1.30768
26	82	-1.30736
36	38	1.30715
28	72	1.30704
48	64	1.30588
42	76	1.30458
12	70	1.30456
24	80	-1.30421
22	72	-1.30256
18	48	1.30209
4	44	-1.30188
64	98	-1.30147
60	68	-1.30106
36	68	1.30089
12	62	-1.30065
56	70	-1.30056
6	76	-1.30045
12	88	-1.30005
26	96	1.29918
56	86	1.29801
44	86	1.29738
18	20	-1.2966
14	80	-1.29658
18	36	-1.29448
64	88	-1.29334
34	40	-1.29302
22	60	1.29259
10	74	1.2921
24	42	1.29172
68	84	-1.29117
4	66	1.29069
6	42	-1.28921
24	82	1.28896
38	64	-1.28884
12	98	-1.28847
34	68	-1.28758
44	62	1.28753
24	98	-1.28734
62	74	1.28606
0	78	-1.28456
90	94	1.2845
66	68	-1.28429
12	80	-1.28381
52	74	-1.28369
76	94	-1.28284
26	30	-1.2828
74	82	-1.28258
4	94	-1.2819
40	42	-1.28169
74	86	1.28031
60	86	-1.27857
94	96	1.27844
26	90	1.27782
10	56	1.27768
6	72	1.27699
6	98	1.27665
70	74	-1.27632
4	34	1.276
8	52	-1.27518
32	68	-1.27419
86	94	1.27326
20	30	-1.27298
42	90	-1.2729
88	92	-1.27081
28	52	-1.27064
26	86	1.27022
40	72	1.26967
80	92	-1.26864
4	64	1.26855
40	66	-1.26854
18	32	1.26812
32	98	-1.26798
2	52	-1.26773
22	42	1.26664
16	20	-1.26655
72	78	1.26504
22	44	-1.265
4	42	1.26422
12	52	1.26387
32	44	-1.26383
52	56	-1.2635
18	56	-1.26295
0	52	1.26256
14	70	1.26243
34	72	-1.26233
26	62	1.26043
76	78	-1.26011
52	54	1.25903
36	62	1.25865
64	72	-1.25856
40	52	-1.2574
12	32	1.25663
78	98	1.25611
64	82	1.25573
46	84	1.25565
32	94	-1.25562
56	62	1.25484
26	70	-1.25469
10	32	-1.25458
38	74	1.25439
20	32	-1.25377
42	78	-1.25325
72	86	1.25287
32	96	-1.25172
18	74	-1.25157
16	42	1.25124
66	72	-1.25056
52	90	-1.25042
26	76	-1.25029
16	86	-1.25019
52	82	1.24963
82	86	-1.24935
46	58	-1.24867
18	44	-1.2477
14	54	1.24672
82	92	1.24645
32	56	-1.24632
52	58	-1.24631
60	76	1.24458
28	66	-1.24387
52	76	1.2432
20	68	1.24188
66	70	1.24166
64	70	1.24097
6	16	-1.24054
72	80	1.24046
66	82	1.24
20	48	-1.23902
22	94	-1.23746
4	26	-1.23717
32	74	-1.23675
30	52	1.23667
22	86	-1.23657
16	36	-1.23595
42	58	-1.23588
28	34	-1.23465
70	80	-1.23441
34	82	1.23411
32	40	-1.23395
24	60	1.23276
34	70	1.23196
36	58	1.22999
42	92	1.22917
26	32	-1.22756
30	80	-1.22711
12	38	-1.2266
34	98	-1.22652
24	70	1.22474
18	94	-1.22469
38	56	1.22442
12	72	-1.22412
42	96	-1.22408
64	68	-1.22398
36	48	-1.223
52	64	1.22298
6	88	1.22236
74	80	1.22192
60	80	-1.22162
42	74	-1.22161
34	88	-1.22146
32	66	1.2207
52	96	-1.22056
18	72	-1.2202
28	78	1.21809
20	38	1.21723
4	80	-1.21618
56	80	1.21612
40	84	-1.21476
22	26	-1.21451
50	70	-1.21307
42	56	-1.21239
8	84	-1.21041
80	84	-1.21025
4	60	1.20998
6	28	1.20944
14	40	-1.20937
10	84	-1.20877
32	42	1.20825
4	50	-1.20758
22	84	1.2074
32	34	1.20657
66	98	-1.20621
66	88	-1.2052
68	74	1.20413
0	84	1.20128
16	78	-1.2003
70	86	-1.20022
46	94	-1.20013
16	52	1.19946
10	94	1.1993
0	60	1.19908
50	82	-1.19869
44	58	1.19779
32	64	1.19629
78	88	1.19594
26	48	-1.19483
10	58	1.1943
42	48	1.19416
24	54	1.1931
52	70	1.19231
6	54	-1.19182
58	60	-1.19137
50	60	-1.19097
92	98	-1.19064
70	92	1.18984
14	32	1.18956
60	74	-1.18836
54	72	-1.18816
18	26	-1.18769
44	48	-1.1857
10	26	1.18515
4	86	-1.18388
42	50	-1.18374
8	14	-1.18346
2	84	-1.18318
16	44	-1.18306
20	56	1.18041
56	68	1.18037
6	22	-1.18007
56	60	-1.17907
60	90	-1.1749
22	52	1.17424
4	14	1.17248
54	60	1.17214
12	68	-1.17145
46	96	-1.17132
76	84	1.17088
46	90	-1.1699
58	62	1.16984
26	58	1.16964
80	82	-1.16904
44	46	-1.16824
48	94	-1.16767
32	60	1.16753
10	44	1.1673
58	94	1.16601
4	72	-1.16536
24	72	-1.16368
40	50	1.16332
16	46	1.16255
30	82	1.16112
20	62	1.16072
18	46	1.16015
30	66	1.1588
26	80	1.15873
30	88	-1.15832
10	96	1.15794
54	78	-1.15779
28	88	1.1575
48	50	-1.15696
14	60	1.15628
80	94	1.15627
16	94	-1.15569
46	86	-1.1554
48	86	-1.15538
26	46	-1.15484
2	60	-1.15396
72	92	-1.15385
16	26	-1.15298
24	32	1.15205
50	72	1.15044
4	52	1.15043
28	64	-1.15011
30	78	-1.14952
60	72	-1.14898
28	74	1.14889
58	80	1.14722
38	52	-1.147
68	70	-1.14551
22	78	-1.1447
30	34	1.14445
36	46	-1.1424
2	14	-1.1421
54	92	1.14196
30	42	1.14098
32	38	-1.14091
14	72	-1.14071
12	20	-1.14058
4	68	-1.13935
18	84	1.13917
52	68	-1.13912
32	72	-1.13797
18	80	-1.13794
50	54	-1.13783
24	40	-1.13737
0	14	1.1372
34	52	1.1369
20	74	1.13607
60	70	1.13591
80	96	1.13563
38	58	1.13497
10	70	-1.13466
30	72	-1.13376
20	64	-1.13361
10	86	1.13336
80	86	1.13325
6	30	-1.13318
4	24	1.13252
6	48	-1.13142
4	10	-1.12981
48	80	-1.12938
44	80	1.12924
10	36	1.12672
52	66	1.12541
46	76	1.12527
72	98	1.12515
28	42	-1.12485
10	18	-1.12384
6	52	-1.12373
10	90	1.12368
52	62	-1.12171
48	84	1.12123
60	96	-1.12054
30	70	1.12036
6	82	-1.1202
4	6	-1.11955
30	98	-1.11921
8	24	-1.11754
28	56	1.11724
12	36	-1.11667
32	86	-1.11563
32	92	1.11521
6	70	-1.11471
48	52	1.11439
8	60	-1.11425
84	90	-1.11419
12	28	-1.11346
2	46	-1.1134
22	50	-1.10926
70	72	-1.10911
60	82	1.10904
8	50	1.10897
32	78	-1.10886
60	84	1.10884
0	46	1.1078
6	32	-1.1075
36	56	1.10731
16	62	-1.10714
84	86	-1.10463
84	96	-1.10396
78	82	-1.1035
70	78	-1.10344
52	78	-1.10268
46	48	1.10266
32	52	1.10264
26	60	-1.10241
4	78	-1.10151
48	78	-1.10113
28	98	1.10086
68	82	-1.1004
14	76	1.0993
22	80	-1.09924
4	92	1.09859
14	86	-1.09855
6	20	1.09802
36	64	-1.0979
48	68	-1.09783
62	90	1.09735
14	18	1.09679
36	80	1.09639
66	92	1.09632
58	68	1.09608
62	96	1.09527
10	48	-1.0951
16	84	1.09426
14	22	1.09289
80	90	1.09285
32	46	1.09147
72	82	-1.08964
44	56	1.08876
0	24	1.08796
78	92	-1.08748
72	88	1.08743
2	24	-1.08713
34	92	1.08618
40	92	-1.08541
8	46	-1.08515
10	82	-1.08499
10	16	-1.08457
12	44	-1.08444
28	82	-1.08416
20	78	1.08408
10	20	1.08146
22	46	1.07999
40	60	-1.07802
30	64	1.07771
14	90	-1.07725
32	62	-1.07641
26	56	1.07584
36	74	1.0755
38	96	1.0755
2	10	1.07527
20	46	-1.07407
42	60	1.074
6	92	-1.07398
20	34	-1.07351
18	62	-1.0732
54	80	-1.07266
44	64	-1.07265
30	54	1.07153
2	50	1.06988
56	94	1.06852
10	22	-1.06813
10	76	-1.06805
38	90	1.06772
16	80	-1.06738
62	86	1.06679
12	94	-1.06669
62	76	-1.06662
48	62	-1.06626
28	32	-1.06582
50	78	1.06484
30	40	-1.0644
16	38	-1.06433
20	66	-1.0631
30	32	1.06285
8	92	-1.06274
12	26	-1.06229
14	96	-1.06208
8	10	1.06172
0	50	-1.06108
18	24	1.06104
24	76	1.06096
68	88	1.06056
28	70	-1.06038
0	10	-1.06014
44	74	1.05998
20	80	1.05973
24	66	1.05937
22	24	1.05896
38	70	-1.05846
68	96	1.05795
12	30	1.05737
38	48	-1.05676
2	80	1.05637
64	94	-1.0556
50	86	1.05468
76	80	-1.05457
24	86	-1.05451
40	46	-1.0545
38	88	1.05444
50	66	-1.05414
10	40	1.05362
78	84	-1.05347
24	34	1.05329
2	62	1.05319
22	68	-1.05297
4	38	-1.05294
46	52	1.05271
28	58	1.05259
26	64	-1.05233
0	62	-1.05133
6	50	1.0507
30	74	-1.05039
4	30	1.0502
24	78	-1.05003
34	36	-1.04905
26	74	1.04869
60	98	-1.04868
58	84	-1.04865
40	80	1.04844
8	80	1.04802
0	80	-1.04718
0	92	1.04599
34	50	-1.04595
4	46	1.04552
50	76	-1.04485
74	94	1.04443
6	36	1.04395
16	68	-1.04321
14	48	1.04259
36	66	-1.04183
2	92	-1.04173
6	24	-1.04145
10	52	-1.04137
38	86	1.04136
16	50	-1.04065
18	38	-1.04055
68	98	1.04045
60	94	-1.04018
68	90	1.03998
52	80	-1.03954
42	80	-1.03918
24	90	-1.03895
38	82	-1.03871
6	44	1.03868
22	62	-1.03823
18	50	-1.03769
72	84	-1.03691
74	92	-1.03642
30	56	-1.03616
22	92	1.03601
72	94	1.03597
50	96	1.03547
42	68	-1.03491
64	92	1.0347
6	26	1.03448
38	76	-1.03428
6	84	-1.03391
62	88	1.03335
8	62	1.03308
10	54	-1.03292
60	88	-1.03225
28	54	-1.03171
20	60	-1.03142
36	78	1.03139
38	42	-1.03139
14	16	1.03134
44	60	-1.03121
2	38	1.03099
76	92	1.03098
50	90	1.03081
38	98	1.03061
24	74	-1.02947
26	78	1.02912
46	70	1.02911
44	78	1.0291
18	68	-1.02906
34	44	-1.02894
16	28	-1.02864
54	68	-1.02825
14	66	1.02824
50	74	1.02811
18	92	1.02763
6	94	1.02731
24	96	-1.02724
44	72	1.02716
8	30	-1.02593
46	54	1.02563
14	34	1.02534
22	38	-1.02522
0	38	-1.0249
14	78	-1.02445
14	58	-1.02419
68	86	1.02414
4	62	-1.02367
4	28	-1.02269
44	66	-1.02267
12	92	1.02241
86	92	-1.02172
62	70	-1.0212
42	62	-1.02104
26	34	-1.02078
56	92	-1.0204
30	96	-1.02002
36	72	1.01999
8	38	1.01977
78	94	1.01975
26	66	-1.01972
28	40	1.01941
26	72	1.01931
6	14	-1.01928
16	30	1.01925
34	94	-1.01825
14	74	-1.01824
24	64	1.01812
30	86	-1.0181
12	84	1.01778
24	48	1.01735
28	90	1.01705
50	56	1.01696
68	76	-1.01628
16	24	1.01588
12	50	-1.01583
20	72	1.01532
24	56	-1.01485
22	30	1.01464
8	28	1.01441
50	64	-1.01414
40	62	1.01358
62	98	1.01355
66	94	-1.01332
2	68	1.01259
16	92	1.01241
30	48	1.01218
90	92	-1.01185
92	96	-1.01183
62	82	-1.01174
56	84	-1.01156
28	48	-1.01152
0	28	-1.01127
28	76	-1.01123
12	24	1.0111
2	28	1.01108
38	40	1.01095
28	96	1.01081
40	68	1.01062
46	88	-1.01031
14	56	-1.01001
46	98	-1.01
46	82	1.00997
2	30	-1.00995
10	98	1.00993
36	60	-1.0099
0	30	1.0099
30	58	-1.00933
14	64	1.00882
8	68	1.00835
0	68	-1.00827
24	58	-1.00826
12	14	1.0077
18	28	-1.0075
52	60	1.00729
48	92	1.00688
30	76	1.00652
64	84	1.006
10	42	-1.0059
50	58	1.00526
80	98	1.0052
28	86	1.00428
10	88	1.00419
74	84	-1.00389
42	46	1.00306
54	62	-1.00246
38	54	-1.00225
18	30	1.00197
66	84	1.00176
30	90	-1.00119
58	92	-1.00105
34	84	1.00048
80	88	1.00048
22	28	-1.00024
