id label data 
0 1 0.24933986244755008 0.664518437051412 
1 -1 0.9857864715311095 0.11589893262070547 
2 1 0.3897532686441366 1.098780700534219 
3 1 0.4461018477196246 1.0775361812842126 
4 -1 0.9760696862612921 0.10016556122680532 
5 1 0.3698308530942455 0.35550650360506325 
6 -1 1.3025419407085856 0.7953271428501066 
7 -1 0.98161640905535 0.88854419265349 
8 1 0.3148840406165685 0.5045442164006692 
9 -1 1.2777281148825532 1.0557623711485553 
10 1 0.3602557652920806 0.6969287545905314 
11 -1 0.8983535502962234 0.6129713385701481 
12 1 0.5857821940712843 0.830946398957501 
13 1 0.9317385180400165 0.9864019080174489 
14 -1 0.9844762394090348 0.7433070947197814 
15 -1 0.992873268625202 0.806038730085875 
16 1 0.25347491214224604 0.2600662391830869 
17 -1 0.6163268635856848 0.6683813477662178 
18 -1 1.0611962099314127 0.7032161867199815 
19 1 0.25431369695397227 0.321808414417338 
20 -1 1.10581090467487 0.6017179660056788 
21 -1 0.9928465853946876 0.921469449385863 
22 1 1.2872196765584842 1.08268927207397 
23 1 0.24624889897706662 0.5806921153716151 
24 1 0.4626745482056338 0.33762708434412186 
25 1 0.554145321426735 1.3861454622928735 
26 1 0.8692522910091215 1.1711706858451034 
27 1 0.7137271381341368 1.0223715762978998 
28 1 0.2698312930005367 0.6934070665434999 
29 1 0.3133457046193949 0.5382239804274571 
30 -1 1.096157045591089 0.9021507450650347 
31 1 0.47478497921051305 0.41459036134432464 
32 1 0.1163218360538116 0.84378402669859 
33 -1 1.0249343023624795 0.7845808608927786 
34 -1 1.0880313281378973 0.643560510578979 
35 1 0.24024777492067884 0.9279802080142928 
36 -1 0.8428923035105538 1.0746785892935862 
37 1 0.5124499663728198 1.4337105012409426 
38 1 0.6203158670450813 1.2950081973298033 
39 1 0.3795022804375994 0.46573514097311564 
40 1 0.23748108493891268 0.7662880766334111 
41 -1 0.7822663477960831 0.7165791205827083 
42 -1 0.8583492847832742 0.498974401452015 
43 -1 1.0258112936016912 0.6750667586341745 
44 -1 0.7603564689693534 0.10954095960793407 
45 1 0.39755631956303517 1.0518659998645634 
46 -1 1.218994037099049 0.6285307372846142 
47 -1 1.2673005399038473 0.8052806502976995 
48 1 0.4127540045223882 0.3423364761599733 
49 1 0.8222299995068002 1.0751305983016708 
