id label data 
0 1 0.4399440458081997 1.4190000030658128 
1 -1 1.3288183172264372 0.9038488123954677 
2 -1 1.0472999353775105 0.7206973064730904 
3 -1 0.858922084102797 0.2726783100685814 
4 -1 1.3025419407085856 0.7953271428501066 
5 -1 1.1847891527578325 0.864699897581191 
6 1 0.3602557652920806 0.6969287545905314 
7 -1 1.1386371481696904 0.7644924945228818 
8 1 0.35509938845407796 1.1639083673935695 
9 1 0.3801620340850174 0.2295930604363095 
10 -1 0.8517068475291639 0.19711752243145553 
11 -1 0.992873268625202 0.806038730085875 
12 -1 0.7098406271301186 0.23283541876563868 
13 -1 1.2560763585734365 1.0272331354301394 
14 -1 0.8155425383543132 0.12485147828766958 
15 -1 1.1153299104538803 0.7368578136369114 
16 -1 1.0961843662259851 0.910367400202256 
17 -1 1.0197572659786995 0.6596229286865004 
18 1 0.4251208935204436 0.32763450539583205 
19 -1 0.8777351339537898 0.156268520576576 
20 -1 1.5707963267948966 0.7663994628442511 
21 -1 0.8429957130720267 0.44273795435425345 
22 1 0.7404153642717716 0.8837787081768279 
23 -1 1.0524132054088848 0.8984371780447031 
24 1 1.2872196765584842 1.08268927207397 
25 -1 0.81182907476449 0.35713707449979365 
26 1 0.6900750259708059 1.0282789350709998 
27 -1 1.0864589381485406 0.8185573673843786 
28 1 0.2562917285150932 0.3505278898320528 
29 -1 1.0755992522596347 0.9389582961496846 
30 1 0.3133457046193949 0.5382239804274571 
31 -1 1.1347719740074795 0.5968086118101729 
32 1 0.2894511032050243 0.29897789268632713 
33 1 0.30184476766134444 1.1786728702860143 
34 1 0.5271742812554542 1.3293306197923282 
35 -1 0.9852341835971558 0.1750482797633913 
36 1 0.24024777492067884 0.9279802080142928 
37 1 0.7593177480378771 0.8131937977465461 
38 -1 0.9011574802719717 0.554457534998646 
39 1 0.4976729641139968 0.35461816497320386 
40 1 0.23726107028057325 1.024421099660175 
41 -1 0.8937886320849013 0.7431223668451711 
42 1 0.6836583706013583 0.9646714662549586 
43 1 0.4127540045223882 0.3423364761599733 
44 1 0.2912249896792761 1.2758497782190046 
45 1 0.22850650635699862 1.1707607772072668 
46 1 0.8056557467210295 1.1215292318753718 
47 1 0.8222299995068002 1.0751305983016708 
48 -1 0.8143240274374034 0.5982136397525001 
49 1 0.08888182768263987 0.48558705174279143 
