id label data 
0 1 0.20115180455429452 0.7395395990141289 
1 -1 1.0472999353775105 0.7206973064730904 
2 1 0.22830080801704547 0.3038229677713512 
3 1 0.43812458849881647 0.7963222903953019 
4 -1 0.98531506050538 0.6553129802497649 
5 -1 1.3349929110460876 0.7994160542615634 
6 1 0.21463183931784002 0.5446461325058456 
7 1 0.27637511927796415 0.4264038470305575 
8 -1 1.0138045299155989 0.6150830028692499 
9 1 0.36246100265671233 0.6036754953995573 
10 -1 0.9909645666788476 0.6556057673396698 
11 -1 0.9659100808681609 0.25063842108577017 
12 -1 0.7098406271301186 0.23283541876563868 
13 1 0.5982217129192283 0.7995598146694839 
14 -1 0.8628408941516664 0.7889276804562185 
15 -1 0.8306265833447157 0.7021278470436948 
16 1 0.28667104022865086 1.4364210591665034 
17 -1 0.8777351339537898 0.156268520576576 
18 1 0.3745413074703203 0.8898990453447888 
19 1 0.07694394782450822 0.8601319548460129 
20 1 0.24698255887244458 1.2079200551085558 
21 -1 0.933289940952908 0.6385554407119528 
22 1 0.3071112708823931 0.9347087452766412 
23 1 0.4279137158364328 0.3464119126126672 
24 1 0.5933391103843718 0.4246413705557533 
25 -1 0.8511036863327053 0.6787861537139696 
26 -1 0.9831158664966997 0.8012105854280499 
27 -1 1.244066766437278 0.9518846875259419 
28 1 0.3879190473173465 1.2458793465965854 
29 1 0.41464376738190917 0.9706945363775199 
30 -1 0.7996707891658631 0.608934790091081 
31 -1 1.0479632366430118 0.6318959806059455 
32 1 0.3527117151744594 0.8216417821938562 
33 1 0.46763275464152776 0.6087996441770246 
34 -1 1.0818167668806196 0.7109140727500567 
35 -1 1.2795196979646384 1.070166261118502 
36 1 0.17777304979050076 0.2985911898279991 
37 1 0.3085294969393754 0.6281401788083766 
38 1 0.13347411850120322 0.41281629140198206 
39 1 0.25560982650139047 0.8820958208710693 
40 1 0.563759225555953 0.389101462089321 
41 -1 1.0225994684451185 0.20235662900218843 
42 -1 1.0376532054458558 0.8044033684585079 
43 1 0.19031160910670158 1.1229614201961837 
44 -1 1.126108528886828 0.6536152457270757 
45 -1 1.054340646471895 0.9381643084096855 
46 1 0.4432240560882556 0.9036687647788817 
47 -1 0.8149759702857934 0.5655433206254328 
48 -1 0.8143240274374034 0.5982136397525001 
49 1 0.11922741752756895 0.842671886898129 
