id label data 
0 1 0.4399440458081997 1.4190000030658128 
1 1 0.29640123826161185 0.7520368698697681 
2 1 0.5361831008500642 0.21457492284845373 
3 -1 0.9577069671077425 0.8370748143452438 
4 1 0.29381144515646734 0.5030694612948642 
5 -1 1.1717513254411012 0.9589851861134694 
6 1 0.7188115263488901 1.1558051999914514 
7 1 0.2008743658555899 0.8141374843369394 
8 1 0.42004515467388953 0.656787827330906 
9 1 0.6959363643777802 0.7408428127135503 
10 -1 1.1386371481696904 0.7644924945228818 
11 1 0.7801388799787891 1.2364789479040523 
12 -1 1.1788551409230603 0.8235061052124544 
13 -1 0.8517068475291639 0.19711752243145553 
14 1 0.24434318149497344 0.5029003711490124 
15 -1 0.9974638605676243 0.5450294929948748 
16 -1 1.038674773478111 0.8607975848863517 
17 -1 1.0842092682189095 0.4530176987967489 
18 -1 0.8405911261275127 0.7559074637993662 
19 -1 0.9246897420187169 0.2523510071207107 
20 -1 0.9633790589145357 0.0 
21 1 0.7404153642717716 0.8837787081768279 
22 1 0.6858201734398568 0.8062035406329896 
23 1 0.34114498368852547 0.39819690976538014 
24 1 0.261428657407937 0.2862048787701522 
25 1 0.6900750259708059 1.0282789350709998 
26 -1 0.9063861994448305 0.09640370350793526 
27 -1 1.1228523036076208 0.9496762841920728 
28 -1 0.5116458080221621 0.2708315973626933 
29 -1 1.1934309866189272 0.947000585258029 
30 1 0.5271742812554542 1.3293306197923282 
31 -1 0.9852341835971558 0.1750482797633913 
32 1 0.33244781715840976 0.5525884995207181 
33 -1 0.8078356755031372 0.6584962821016623 
34 1 0.43654624973476364 1.3074090737244524 
35 1 0.8610630037166922 1.1052472103057651 
36 -1 0.9768825340638108 0.0664411447673759 
37 1 0.08031242434431779 0.5710394746387228 
38 1 0.5126975421684646 1.2316711280204335 
39 -1 1.0122933821719469 0.6467318044054164 
40 -1 0.46763734959095626 0.2249101170511281 
41 -1 0.7474164529180063 0.0416215670668649 
42 1 0.26929121935505324 0.7126267092427769 
43 -1 1.0830906892775107 0.777002859258414 
44 -1 1.1750852701158987 0.8283288839124847 
45 1 0.333747337081329 0.9329884588427545 
46 -1 1.0767847286146253 0.8061036113113662 
47 1 0.6896056676644113 1.301490226725859 
48 1 0.2960382845929712 0.17127634044441978 
49 -1 1.1755112544545663 1.020652066924013 
