id label data 
0 -1 1.007179552402094 0.9342287536106552 
1 1 0.7007471732035702 1.270696347756131 
2 -1 1.0472999353775105 0.7206973064730904 
3 -1 1.0500358209379717 0.8578619253421214 
4 -1 0.9857864715311095 0.11589893262070547 
5 1 0.21463183931784002 0.5446461325058456 
6 -1 0.8647453828578417 0.2272845824023621 
7 -1 0.89405980825454 0.27356307359166243 
8 1 0.40331808335291974 1.1850388560014051 
9 1 0.3602557652920806 0.6969287545905314 
10 -1 1.0267465182475128 0.8652354608546561 
11 1 0.5857821940712843 0.830946398957501 
12 1 0.663098539548393 1.0528749646912354 
13 1 0.36246100265671233 0.6036754953995573 
14 -1 0.8517068475291639 0.19711752243145553 
15 -1 0.9233629165693692 0.09290763350697316 
16 -1 1.038674773478111 0.8607975848863517 
17 -1 0.8306265833447157 0.7021278470436948 
18 -1 1.0961843662259851 0.910367400202256 
19 -1 1.1714026848336547 0.7383574454464144 
20 -1 0.8405911261275127 0.7559074637993662 
21 -1 0.7525530628080935 0.44712976399810833 
22 -1 0.8429957130720267 0.44273795435425345 
23 1 0.6900750259708059 1.0282789350709998 
24 -1 0.5116458080221621 0.2708315973626933 
25 -1 0.885989409457147 0.1682231628904429 
26 -1 1.244066766437278 0.9518846875259419 
27 1 0.7057065271559566 1.0571187817527283 
28 -1 1.1934309866189272 0.947000585258029 
29 1 0.47478497921051305 0.41459036134432464 
30 -1 1.2284798084428177 0.30296610295265414 
31 -1 1.0249343023624795 0.7845808608927786 
32 -1 1.0479632366430118 0.6318959806059455 
33 1 0.4058984345574348 1.3398128529874227 
34 1 0.7593177480378771 0.8131937977465461 
35 1 0.46763275464152776 0.6087996441770246 
36 1 0.3895160512200592 1.18658223542633 
37 1 0.3795022804375994 0.46573514097311564 
38 1 0.25560982650139047 0.8820958208710693 
39 -1 0.8583492847832742 0.498974401452015 
40 -1 1.0757422494364655 0.9207038610043365 
41 1 0.4976729641139968 0.35461816497320386 
42 -1 1.0122933821719469 0.6467318044054164 
43 1 0.4127540045223882 0.3423364761599733 
44 1 0.26929121935505324 0.7126267092427769 
45 -1 1.0830906892775107 0.777002859258414 
46 1 0.28356709177904343 1.130557578744899 
47 1 0.4432240560882556 0.9036687647788817 
48 -1 1.1755112544545663 1.020652066924013 
49 -1 0.8149759702857934 0.5655433206254328 
