id label data 
0 1 0.9059899672766388 1.037962368541601 
1 1 0.4399440458081997 1.4190000030658128 
2 1 0.24933986244755008 0.664518437051412 
3 -1 0.9857864715311095 0.11589893262070547 
4 -1 1.3349929110460876 0.7994160542615634 
5 -1 0.8647453828578417 0.2272845824023621 
6 1 0.09877479827553613 0.6259814630936021 
7 1 0.6374590332064813 1.279612213224365 
8 -1 0.7098406271301186 0.23283541876563868 
9 -1 1.2560763585734365 1.0272331354301394 
10 -1 0.8281487192590161 0.17832042093724296 
11 -1 1.0197572659786995 0.6596229286865004 
12 -1 0.8777351339537898 0.156268520576576 
13 -1 0.7861436497892753 0.7260570329860303 
14 -1 0.9969258402443264 0.3888840177136465 
15 1 0.07694394782450822 0.8601319548460129 
16 -1 1.372240365116243 1.1775791200560846 
17 -1 1.5707963267948966 0.7663994628442511 
18 1 0.261428657407937 0.2862048787701522 
19 1 0.4279137158364328 0.3464119126126672 
20 -1 1.0755992522596347 0.9389582961496846 
21 1 0.4103335177042347 0.25178886458443617 
22 -1 1.2284798084428177 0.30296610295265414 
23 1 0.30184476766134444 1.1786728702860143 
24 1 0.1163218360538116 0.84378402669859 
25 -1 1.0479632366430118 0.6318959806059455 
26 -1 0.892392314825284 0.5422474465193122 
27 -1 0.8428923035105538 1.0746785892935862 
28 1 0.43654624973476364 1.3074090737244524 
29 -1 1.2795196979646384 1.070166261118502 
30 1 0.3085294969393754 0.6281401788083766 
31 1 0.8610630037166922 1.1052472103057651 
32 -1 1.0757422494364655 0.9207038610043365 
33 -1 0.8489309905786697 0.2364218498502644 
34 1 0.1404238357567808 0.7192900720321452 
35 1 0.6836583706013583 0.9646714662549586 
36 -1 1.218994037099049 0.6285307372846142 
37 1 0.4127540045223882 0.3423364761599733 
38 -1 1.0830906892775107 0.777002859258414 
39 1 0.2912249896792761 1.2758497782190046 
40 1 0.5468902442438391 1.3325564870825208 
41 1 0.21504229105458733 0.4688880407857955 
42 1 0.8056557467210295 1.1215292318753718 
43 1 0.4432240560882556 0.9036687647788817 
44 -1 1.0094831777272177 0.6189624628238274 
45 1 0.8506767733718653 0.9698054195129194 
46 -1 1.1896757211491877 0.7278482674037895 
47 -1 1.1755112544545663 1.020652066924013 
48 -1 0.9290483426311663 0.6239623109660217 
49 -1 1.1806556860312025 0.8035407132034574 
