id label data 
0 1 0.29640123826161185 0.7520368698697681 
1 -1 0.6486315419333296 0.21995921491212772 
2 -1 0.9577069671077425 0.8370748143452438 
3 -1 0.858922084102797 0.2726783100685814 
4 1 0.3897532686441366 1.098780700534219 
5 1 0.2008743658555899 0.8141374843369394 
6 1 0.42004515467388953 0.656787827330906 
7 -1 0.98161640905535 0.88854419265349 
8 -1 1.1847891527578325 0.864699897581191 
9 1 0.6959363643777802 0.7408428127135503 
10 1 0.09877479827553613 0.6259814630936021 
11 1 0.7801388799787891 1.2364789479040523 
12 1 0.35509938845407796 1.1639083673935695 
13 -1 1.0138045299155989 0.6150830028692499 
14 -1 1.1788551409230603 0.8235061052124544 
15 -1 0.9844762394090348 0.7433070947197814 
16 -1 0.9909645666788476 0.6556057673396698 
17 -1 0.9659100808681609 0.25063842108577017 
18 -1 0.9421381589569805 0.7069862234648645 
19 -1 1.094905242211847 0.16930638945963003 
20 1 0.25347491214224604 0.2600662391830869 
21 -1 1.2560763585734365 1.0272331354301394 
22 1 0.25431369695397227 0.321808414417338 
23 -1 0.8777351339537898 0.156268520576576 
24 1 0.24698255887244458 1.2079200551085558 
25 1 0.14209682198418747 0.4063905780918209 
26 1 0.8692522910091215 1.1711706858451034 
27 -1 1.024790678856445 0.3283886078615583 
28 -1 1.1228523036076208 0.9496762841920728 
29 -1 1.092382068337326 0.3807788027698389 
30 1 0.2698312930005367 0.6934070665434999 
31 1 0.6808195066540308 1.1602387451815355 
32 -1 1.1697181818744418 0.9231158490313023 
33 1 0.07403404920990224 0.7903037084828463 
34 1 0.30996525948139964 0.27905894461944786 
35 1 0.37523899871041744 1.3756435980724526 
36 -1 0.892392314825284 0.5422474465193122 
37 -1 0.7052599275887506 0.7170104409693808 
38 -1 0.8987955455703697 0.2889135424991265 
39 1 0.3085294969393754 0.6281401788083766 
40 -1 0.6078329469207724 0.5982114186761783 
41 -1 0.8489309905786697 0.2364218498502644 
42 1 0.23726107028057325 1.024421099660175 
43 -1 0.7002292210363537 0.2595667344720306 
44 1 0.21504229105458733 0.4688880407857955 
45 1 0.333747337081329 0.9329884588427545 
46 1 0.8222299995068002 1.0751305983016708 
47 -1 1.1896757211491877 0.7278482674037895 
48 -1 0.9290483426311663 0.6239623109660217 
49 1 0.08888182768263987 0.48558705174279143 
