id label data 
0 -1 1.007179552402094 0.9342287536106552 
1 -1 1.3288183172264372 0.9038488123954677 
2 1 0.7007471732035702 1.270696347756131 
3 1 0.4558092078359874 1.3459370300798186 
4 -1 0.934916384895294 0.29604639434717045 
5 -1 0.858922084102797 0.2726783100685814 
6 1 0.6535631696202169 1.258550953829503 
7 1 0.09877479827553613 0.6259814630936021 
8 -1 1.0267465182475128 0.8652354608546561 
9 1 0.35509938845407796 1.1639083673935695 
10 1 0.3801620340850174 0.2295930604363095 
11 -1 0.9421381589569805 0.7069862234648645 
12 -1 0.9233629165693692 0.09290763350697316 
13 -1 1.094905242211847 0.16930638945963003 
14 1 0.2819919987318718 1.226128322097364 
15 -1 0.9801194835752244 0.8809762908173139 
16 -1 0.8281487192590161 0.17832042093724296 
17 -1 1.0197572659786995 0.6596229286865004 
18 -1 1.1533491061074594 0.7093541549965221 
19 -1 0.8568897164112032 0.4408672697343562 
20 -1 1.20338220083216 0.8922081265181722 
21 1 0.14209682198418747 0.4063905780918209 
22 1 0.17291608215999033 1.0330416240125306 
23 1 0.2562917285150932 0.3505278898320528 
24 -1 1.024790678856445 0.3283886078615583 
25 -1 1.122565938875142 0.88370056447266 
26 1 0.23664458803578003 0.22920520734209096 
27 1 0.1368420348667866 0.5391684068107933 
28 1 0.6808195066540308 1.1602387451815355 
29 1 0.29240698009811095 0.9591152368870831 
30 -1 1.1555662171923144 0.4870481062893597 
31 -1 1.2284798084428177 0.30296610295265414 
32 1 0.30996525948139964 0.27905894461944786 
33 1 0.37523899871041744 1.3756435980724526 
34 -1 0.7052599275887506 0.7170104409693808 
35 -1 0.6449914828785902 0.53728839609176 
36 1 0.4068060207428605 0.4357407620999596 
37 -1 1.3713503760027663 0.8357691767205757 
38 -1 0.8987955455703697 0.2889135424991265 
39 -1 1.194105077869864 0.9786372054153595 
40 -1 0.9011574802719717 0.554457534998646 
41 -1 0.7684660105811936 0.7366474703835011 
42 1 0.6836583706013583 0.9646714662549586 
43 -1 0.7002292210363537 0.2595667344720306 
44 1 0.28356709177904343 1.130557578744899 
45 1 0.5468902442438391 1.3325564870825208 
46 1 0.2586361842717621 0.6243891034414797 
47 1 0.479141465084754 0.9280240004064914 
48 -1 1.0094831777272177 0.6189624628238274 
49 -1 1.0651847147836087 0.8498688897845061 
