id label data 
0 1 0.9059899672766388 1.037962368541601 
1 1 0.4399440458081997 1.4190000030658128 
2 -1 1.007179552402094 0.9342287536106552 
3 1 0.29640123826161185 0.7520368698697681 
4 1 0.20115180455429452 0.7395395990141289 
5 -1 1.3288183172264372 0.9038488123954677 
6 1 0.7007471732035702 1.270696347756131 
7 1 0.4558092078359874 1.3459370300798186 
8 -1 1.0472999353775105 0.7206973064730904 
9 1 0.6672622548023835 0.6721635948813427 
10 -1 0.6486315419333296 0.21995921491212772 
11 1 0.43812458849881647 0.7963222903953019 
12 1 0.3140863325078072 1.0024189690607066 
13 -1 0.98531506050538 0.6553129802497649 
14 -1 1.0500358209379717 0.8578619253421214 
15 -1 0.934916384895294 0.29604639434717045 
16 -1 0.9857864715311095 0.11589893262070547 
17 -1 0.858922084102797 0.2726783100685814 
18 1 0.3897532686441366 1.098780700534219 
19 -1 1.1717513254411012 0.9589851861134694 
20 1 0.7188115263488901 1.1558051999914514 
21 -1 1.3349929110460876 0.7994160542615634 
22 1 0.4461018477196246 1.0775361812842126 
23 1 0.21463183931784002 0.5446461325058456 
24 1 0.2008743658555899 0.8141374843369394 
25 -1 0.9760696862612921 0.10016556122680532 
26 1 0.6535631696202169 1.258550953829503 
27 1 0.3698308530942455 0.35550650360506325 
28 -1 1.3025419407085856 0.7953271428501066 
29 -1 0.8647453828578417 0.2272845824023621 
30 1 0.42004515467388953 0.656787827330906 
31 1 0.5104681012358173 1.2161778219292558 
32 -1 0.89405980825454 0.27356307359166243 
33 -1 0.98161640905535 0.88854419265349 
34 1 0.3148840406165685 0.5045442164006692 
35 -1 1.1847891527578325 0.864699897581191 
36 1 0.6959363643777802 0.7408428127135503 
37 1 0.40331808335291974 1.1850388560014051 
38 1 0.09877479827553613 0.6259814630936021 
39 -1 1.2777281148825532 1.0557623711485553 
40 1 0.3602557652920806 0.6969287545905314 
41 -1 1.1386371481696904 0.7644924945228818 
42 1 0.7801388799787891 1.2364789479040523 
43 1 0.27637511927796415 0.4264038470305575 
44 -1 0.8983535502962234 0.6129713385701481 
45 -1 0.9047909900454085 0.747087567515799 
46 1 0.663098539548393 1.0528749646912354 
47 1 0.35509938845407796 1.1639083673935695 
48 -1 1.0138045299155989 0.6150830028692499 
49 1 0.36246100265671233 0.6036754953995573 
50 -1 0.6545444658515374 0.5127936822806617 
51 1 0.18698148570042722 0.8557790232449475 
52 1 0.6374590332064813 1.279612213224365 
53 1 0.9317385180400165 0.9864019080174489 
54 1 0.3801620340850174 0.2295930604363095 
55 -1 1.2018037864636342 0.7086951883817916 
56 -1 0.8517068475291639 0.19711752243145553 
57 -1 0.992873268625202 0.806038730085875 
58 -1 0.9909645666788476 0.6556057673396698 
59 1 0.24434318149497344 0.5029003711490124 
60 -1 0.9974638605676243 0.5450294929948748 
61 -1 0.9659100808681609 0.25063842108577017 
62 -1 0.9233629165693692 0.09290763350697316 
63 -1 1.038674773478111 0.8607975848863517 
64 -1 1.094905242211847 0.16930638945963003 
65 -1 0.7098406271301186 0.23283541876563868 
66 1 0.25347491214224604 0.2600662391830869 
67 1 0.5982217129192283 0.7995598146694839 
68 -1 1.2560763585734365 1.0272331354301394 
69 1 0.2819919987318718 1.226128322097364 
70 -1 0.8155425383543132 0.12485147828766958 
71 -1 1.1153299104538803 0.7368578136369114 
72 -1 1.0842092682189095 0.4530176987967489 
73 -1 0.9801194835752244 0.8809762908173139 
74 -1 0.8628408941516664 0.7889276804562185 
75 -1 1.0961843662259851 0.910367400202256 
76 -1 0.6163268635856848 0.6683813477662178 
77 1 0.2855997546473569 0.9858760546668216 
78 1 0.28667104022865086 1.4364210591665034 
79 -1 1.1714026848336547 0.7383574454464144 
80 1 0.21859640844402456 0.9889139909321103 
81 1 0.3665252374873141 0.5155994621991558 
82 -1 1.0611962099314127 0.7032161867199815 
83 -1 1.0197572659786995 0.6596229286865004 
84 1 0.25431369695397227 0.321808414417338 
85 1 0.4251208935204436 0.32763450539583205 
86 -1 0.8405911261275127 0.7559074637993662 
87 -1 0.8777351339537898 0.156268520576576 
88 1 0.3745413074703203 0.8898990453447888 
89 -1 0.7861436497892753 0.7260570329860303 
90 -1 0.9246897420187169 0.2523510071207107 
91 1 0.07694394782450822 0.8601319548460129 
92 -1 1.372240365116243 1.1775791200560846 
93 -1 0.7525530628080935 0.44712976399810833 
94 -1 1.1533491061074594 0.7093541549965221 
95 1 0.1985796013644643 0.3517840095857636 
96 -1 0.9633790589145357 0.0 
97 -1 0.9928465853946876 0.921469449385863 
98 1 0.13438054812955455 0.8767558774243975 
99 -1 1.5707963267948966 0.7663994628442511 
100 -1 0.8429957130720267 0.44273795435425345 
101 1 0.7404153642717716 0.8837787081768279 
102 -1 0.933289940952908 0.6385554407119528 
103 -1 0.8568897164112032 0.4408672697343562 
104 -1 1.20338220083216 0.8922081265181722 
105 1 0.3071112708823931 0.9347087452766412 
106 1 0.14209682198418747 0.4063905780918209 
107 1 0.6444640578956543 0.4776057144282859 
108 -1 1.0524132054088848 0.8984371780447031 
109 1 1.2872196765584842 1.08268927207397 
110 1 0.34114498368852547 0.39819690976538014 
111 1 0.24624889897706662 0.5806921153716151 
112 1 0.261428657407937 0.2862048787701522 
113 1 0.4626745482056338 0.33762708434412186 
114 1 0.554145321426735 1.3861454622928735 
115 -1 0.81182907476449 0.35713707449979365 
116 1 0.6900750259708059 1.0282789350709998 
117 -1 1.0864589381485406 0.8185573673843786 
118 1 0.2562917285150932 0.3505278898320528 
119 -1 0.9063861994448305 0.09640370350793526 
120 1 0.25451596105178265 0.341528767576834 
121 1 0.8692522910091215 1.1711706858451034 
122 1 0.5933391103843718 0.4246413705557533 
123 -1 1.0755992522596347 0.9389582961496846 
124 -1 1.024790678856445 0.3283886078615583 
125 -1 1.122565938875142 0.88370056447266 
126 1 0.15188571143691074 0.7860028288235695 
127 -1 1.1228523036076208 0.9496762841920728 
128 1 0.7137271381341368 1.0223715762978998 
129 1 0.23664458803578003 0.22920520734209096 
130 -1 0.5116458080221621 0.2708315973626933 
131 -1 1.092382068337326 0.3807788027698389 
132 -1 0.885989409457147 0.1682231628904429 
133 1 0.2698312930005367 0.6934070665434999 
134 1 0.1368420348667866 0.5391684068107933 
135 -1 0.8511036863327053 0.6787861537139696 
136 1 0.6808195066540308 1.1602387451815355 
137 -1 0.8296608745558377 0.17357680651069154 
138 1 0.29240698009811095 0.9591152368870831 
139 -1 1.1555662171923144 0.4870481062893597 
140 -1 1.244066766437278 0.9518846875259419 
141 -1 0.8632603474044431 0.5504335576329457 
142 1 0.3133457046193949 0.5382239804274571 
143 -1 1.1347719740074795 0.5968086118101729 
144 -1 1.096157045591089 0.9021507450650347 
145 1 0.7057065271559566 1.0571187817527283 
146 -1 0.8663422306317591 0.4150434801680037 
147 1 0.2796385390620174 0.539337873313307 
148 -1 1.1697181818744418 0.9231158490313023 
149 1 0.4103335177042347 0.25178886458443617 
150 -1 1.1934309866189272 0.947000585258029 
151 -1 1.1122107486160477 0.9496995180995994 
152 1 0.2894511032050243 0.29897789268632713 
153 1 0.07403404920990224 0.7903037084828463 
154 -1 1.2284798084428177 0.30296610295265414 
155 -1 0.7996707891658631 0.608934790091081 
156 1 0.30184476766134444 1.1786728702860143 
157 1 0.1163218360538116 0.84378402669859 
158 -1 1.0479632366430118 0.6318959806059455 
159 1 0.3527117151744594 0.8216417821938562 
160 1 0.4147060353941515 0.5929935675034647 
161 1 0.4058984345574348 1.3398128529874227 
162 1 0.37523899871041744 1.3756435980724526 
163 1 0.5271742812554542 1.3293306197923282 
164 -1 0.892392314825284 0.5422474465193122 
165 -1 0.7052599275887506 0.7170104409693808 
166 -1 0.6449914828785902 0.53728839609176 
167 1 0.4068060207428605 0.4357407620999596 
168 -1 0.7711735808136642 0.1820121943278473 
169 -1 1.0880313281378973 0.643560510578979 
170 -1 0.9852341835971558 0.1750482797633913 
171 1 0.24024777492067884 0.9279802080142928 
172 -1 1.3713503760027663 0.8357691767205757 
173 1 0.7593177480378771 0.8131937977465461 
174 1 0.33244781715840976 0.5525884995207181 
175 -1 0.8987955455703697 0.2889135424991265 
176 1 0.5124499663728198 1.4337105012409426 
177 1 0.3895160512200592 1.18658223542633 
178 -1 1.0818167668806196 0.7109140727500567 
179 1 0.655329101481203 1.0852884426954792 
180 -1 0.8078356755031372 0.6584962821016623 
181 1 0.43654624973476364 1.3074090737244524 
182 -1 1.2795196979646384 1.070166261118502 
183 -1 1.194105077869864 0.9786372054153595 
184 1 0.17777304979050076 0.2985911898279991 
185 -1 1.1940057175939414 0.6471472483485426 
186 1 0.23748108493891268 0.7662880766334111 
187 1 0.8610630037166922 1.1052472103057651 
188 -1 0.7822663477960831 0.7165791205827083 
189 1 0.25560982650139047 0.8820958208710693 
190 -1 0.9011574802719717 0.554457534998646 
191 -1 0.8583492847832742 0.498974401452015 
192 -1 0.699618502541804 0.17048867494621783 
193 -1 0.9768825340638108 0.0664411447673759 
194 1 0.08031242434431779 0.5710394746387228 
195 1 0.4252348484692767 0.9682155677901172 
196 1 0.4976729641139968 0.35461816497320386 
197 1 0.5126975421684646 1.2316711280204335 
198 -1 1.0225994684451185 0.20235662900218843 
199 -1 0.8200636310336499 0.4722155511905711 
200 -1 0.8489309905786697 0.2364218498502644 
201 -1 0.7684660105811936 0.7366474703835011 
202 1 0.23726107028057325 1.024421099660175 
203 1 0.39755631956303517 1.0518659998645634 
204 1 0.19031160910670158 1.1229614201961837 
205 1 0.1404238357567808 0.7192900720321452 
206 -1 1.126108528886828 0.6536152457270757 
207 -1 1.0122933821719469 0.6467318044054164 
208 -1 0.9165660814190102 0.6630046203343052 
209 -1 0.46763734959095626 0.2249101170511281 
210 -1 0.7474164529180063 0.0416215670668649 
211 -1 0.8937886320849013 0.7431223668451711 
212 1 0.6836583706013583 0.9646714662549586 
213 -1 1.218994037099049 0.6285307372846142 
214 -1 1.2673005399038473 0.8052806502976995 
215 -1 0.9601834013695018 0.7983925189440765 
216 1 0.4127540045223882 0.3423364761599733 
217 1 0.26929121935505324 0.7126267092427769 
218 -1 0.7002292210363537 0.2595667344720306 
219 -1 1.0830906892775107 0.777002859258414 
220 1 0.28356709177904343 1.130557578744899 
221 -1 1.054340646471895 0.9381643084096855 
222 1 0.2912249896792761 1.2758497782190046 
223 1 0.5468902442438391 1.3325564870825208 
224 1 0.22850650635699862 1.1707607772072668 
225 1 0.44846174440517167 0.29903354458201165 
226 1 0.2586361842717621 0.6243891034414797 
227 1 0.479141465084754 0.9280240004064914 
228 1 0.8056557467210295 1.1215292318753718 
229 1 0.4432240560882556 0.9036687647788817 
230 -1 1.1750852701158987 0.8283288839124847 
231 -1 1.0094831777272177 0.6189624628238274 
232 1 0.333747337081329 0.9329884588427545 
233 -1 0.954590754807527 0.7894351929899278 
234 1 0.8506767733718653 0.9698054195129194 
235 -1 1.0767847286146253 0.8061036113113662 
236 -1 1.1946640913123916 0.8757266060899623 
237 1 0.8222299995068002 1.0751305983016708 
238 1 0.8221903672294039 1.0116184717535373 
239 -1 1.1286429925099133 0.8838832631042429 
240 1 0.6896056676644113 1.301490226725859 
241 -1 0.8663265394191422 0.14080350236307065 
242 1 0.2960382845929712 0.17127634044441978 
243 -1 1.1755112544545663 1.020652066924013 
244 -1 0.9290483426311663 0.6239623109660217 
245 -1 0.8149759702857934 0.5655433206254328 
246 -1 1.1806556860312025 0.8035407132034574 
247 -1 1.0800491633698333 0.6979867394908005 
248 -1 0.8143240274374034 0.5982136397525001 
249 1 0.08888182768263987 0.48558705174279143 
