id label data 
0 1 0.43812458849881647 0.7963222903953019 
1 1 0.3140863325078072 1.0024189690607066 
2 -1 1.0500358209379717 0.8578619253421214 
3 1 0.7188115263488901 1.1558051999914514 
4 -1 1.3112293648698878 1.0881096260148018 
5 -1 0.89405980825454 0.27356307359166243 
6 -1 0.98161640905535 0.88854419265349 
7 1 0.5857821940712843 0.830946398957501 
8 1 0.663098539548393 1.0528749646912354 
9 1 0.36246100265671233 0.6036754953995573 
10 -1 0.6545444658515374 0.5127936822806617 
11 1 0.18698148570042722 0.8557790232449475 
12 1 0.9317385180400165 0.9864019080174489 
13 -1 0.8517068475291639 0.19711752243145553 
14 -1 0.9909645666788476 0.6556057673396698 
15 -1 1.038674773478111 0.8607975848863517 
16 -1 1.0231844025279484 0.6706394986056 
17 -1 1.0842092682189095 0.4530176987967489 
18 -1 0.9801194835752244 0.8809762908173139 
19 1 0.21859640844402456 0.9889139909321103 
20 -1 0.933289940952908 0.6385554407119528 
21 -1 0.8568897164112032 0.4408672697343562 
22 1 0.6858201734398568 0.8062035406329896 
23 1 0.4626745482056338 0.33762708434412186 
24 1 0.554145321426735 1.3861454622928735 
25 1 0.2562917285150932 0.3505278898320528 
26 1 0.8692522910091215 1.1711706858451034 
27 -1 1.024790678856445 0.3283886078615583 
28 -1 1.3657598581522956 0.9518060358561575 
29 -1 0.885989409457147 0.1682231628904429 
30 1 0.29240698009811095 0.9591152368870831 
31 -1 0.7052599275887506 0.7170104409693808 
32 1 0.4068060207428605 0.4357407620999596 
33 -1 1.0880313281378973 0.643560510578979 
34 1 0.46763275464152776 0.6087996441770246 
35 -1 0.8987955455703697 0.2889135424991265 
36 1 0.3895160512200592 1.18658223542633 
37 1 0.17777304979050076 0.2985911898279991 
38 1 0.3795022804375994 0.46573514097311564 
39 1 0.563759225555953 0.389101462089321 
40 -1 0.9011574802719717 0.554457534998646 
41 1 0.08031242434431779 0.5710394746387228 
42 -1 0.7603564689693534 0.10954095960793407 
43 -1 1.0225994684451185 0.20235662900218843 
44 1 0.19031160910670158 1.1229614201961837 
45 -1 1.126108528886828 0.6536152457270757 
46 1 0.26929121935505324 0.7126267092427769 
47 1 0.22850650635699862 1.1707607772072668 
48 -1 1.1750852701158987 0.8283288839124847 
49 1 0.11922741752756895 0.842671886898129 
