id label data 
0 -1 0.98531506050538 0.6553129802497649 
1 -1 0.934916384895294 0.29604639434717045 
2 1 0.7188115263488901 1.1558051999914514 
3 -1 1.3349929110460876 0.7994160542615634 
4 1 0.42004515467388953 0.656787827330906 
5 1 0.40331808335291974 1.1850388560014051 
6 1 0.09877479827553613 0.6259814630936021 
7 -1 0.9047909900454085 0.747087567515799 
8 1 0.36246100265671233 0.6036754953995573 
9 1 0.9317385180400165 0.9864019080174489 
10 -1 0.9659100808681609 0.25063842108577017 
11 -1 1.038674773478111 0.8607975848863517 
12 1 0.21859640844402456 0.9889139909321103 
13 1 0.25431369695397227 0.321808414417338 
14 1 0.3745413074703203 0.8898990453447888 
15 -1 1.372240365116243 1.1775791200560846 
16 1 0.13438054812955455 0.8767558774243975 
17 1 0.24624889897706662 0.5806921153716151 
18 1 0.261428657407937 0.2862048787701522 
19 -1 0.9063861994448305 0.09640370350793526 
20 1 0.25451596105178265 0.341528767576834 
21 1 0.15188571143691074 0.7860028288235695 
22 -1 1.1228523036076208 0.9496762841920728 
23 -1 0.5116458080221621 0.2708315973626933 
24 -1 0.885989409457147 0.1682231628904429 
25 1 0.1368420348667866 0.5391684068107933 
26 -1 0.8632603474044431 0.5504335576329457 
27 -1 0.8663422306317591 0.4150434801680037 
28 1 0.07403404920990224 0.7903037084828463 
29 -1 1.0479632366430118 0.6318959806059455 
30 1 0.3527117151744594 0.8216417821938562 
31 1 0.3895160512200592 1.18658223542633 
32 -1 1.0818167668806196 0.7109140727500567 
33 1 0.655329101481203 1.0852884426954792 
34 -1 1.1940057175939414 0.6471472483485426 
35 1 0.23748108493891268 0.7662880766334111 
36 1 0.25560982650139047 0.8820958208710693 
37 1 0.08031242434431779 0.5710394746387228 
38 1 0.4252348484692767 0.9682155677901172 
39 -1 1.0122933821719469 0.6467318044054164 
40 -1 0.9165660814190102 0.6630046203343052 
41 -1 0.7474164529180063 0.0416215670668649 
42 -1 1.2673005399038473 0.8052806502976995 
43 -1 1.0830906892775107 0.777002859258414 
44 1 0.2586361842717621 0.6243891034414797 
45 1 0.479141465084754 0.9280240004064914 
46 -1 1.1946640913123916 0.8757266060899623 
47 1 0.8221903672294039 1.0116184717535373 
48 -1 1.1286429925099133 0.8838832631042429 
49 -1 0.8149759702857934 0.5655433206254328 
