id label data 
0 1 0.6672622548023835 0.6721635948813427 
1 -1 0.8647453828578417 0.2272845824023621 
2 -1 1.0799580699324522 0.17871802949638338 
3 -1 0.9047909900454085 0.747087567515799 
4 1 0.663098539548393 1.0528749646912354 
5 -1 0.6545444658515374 0.5127936822806617 
6 1 0.18698148570042722 0.8557790232449475 
7 -1 1.0231844025279484 0.6706394986056 
8 -1 1.2560763585734365 1.0272331354301394 
9 -1 0.8155425383543132 0.12485147828766958 
10 1 0.2855997546473569 0.9858760546668216 
11 -1 1.1714026848336547 0.7383574454464144 
12 1 0.21859640844402456 0.9889139909321103 
13 1 0.3665252374873141 0.5155994621991558 
14 1 0.8644390816883812 1.1746093386980356 
15 1 0.1985796013644643 0.3517840095857636 
16 1 0.13438054812955455 0.8767558774243975 
17 1 0.5840787779886802 0.9744675581762204 
18 1 0.6444640578956543 0.4776057144282859 
19 -1 0.81182907476449 0.35713707449979365 
20 -1 1.0864589381485406 0.8185573673843786 
21 1 0.25451596105178265 0.341528767576834 
22 -1 1.0755992522596347 0.9389582961496846 
23 1 0.15188571143691074 0.7860028288235695 
24 -1 1.092382068337326 0.3807788027698389 
25 1 0.7057065271559566 1.0571187817527283 
26 -1 0.8663422306317591 0.4150434801680037 
27 1 0.4103335177042347 0.25178886458443617 
28 -1 1.1122107486160477 0.9496995180995994 
29 1 0.30184476766134444 1.1786728702860143 
30 1 0.4147060353941515 0.5929935675034647 
31 1 0.8023924968151134 1.0768723848458055 
32 -1 0.7711735808136642 0.1820121943278473 
33 1 0.7593177480378771 0.8131937977465461 
34 1 0.3895160512200592 1.18658223542633 
35 -1 1.1940057175939414 0.6471472483485426 
36 -1 0.6078329469207724 0.5982114186761783 
37 -1 0.699618502541804 0.17048867494621783 
38 -1 1.0757422494364655 0.9207038610043365 
39 1 0.4976729641139968 0.35461816497320386 
40 1 0.1404238357567808 0.7192900720321452 
41 -1 0.9601834013695018 0.7983925189440765 
42 1 0.2912249896792761 1.2758497782190046 
43 1 0.22850650635699862 1.1707607772072668 
44 1 0.21504229105458733 0.4688880407857955 
45 1 0.44846174440517167 0.29903354458201165 
46 1 0.8056557467210295 1.1215292318753718 
47 1 0.4327800366366 1.1764349353625352 
48 -1 1.1806556860312025 0.8035407132034574 
49 1 0.08888182768263987 0.48558705174279143 
