id label data 
0 1 0.9059899672766388 1.037962368541601 
1 -1 1.007179552402094 0.9342287536106552 
2 1 0.4558092078359874 1.3459370300798186 
3 -1 0.6486315419333296 0.21995921491212772 
4 -1 1.0500358209379717 0.8578619253421214 
5 -1 0.8647453828578417 0.2272845824023621 
6 1 0.3148840406165685 0.5045442164006692 
7 1 0.6959363643777802 0.7408428127135503 
8 1 0.7801388799787891 1.2364789479040523 
9 1 0.27637511927796415 0.4264038470305575 
10 -1 1.0138045299155989 0.6150830028692499 
11 1 0.6374590332064813 1.279612213224365 
12 1 0.5982217129192283 0.7995598146694839 
13 -1 1.0842092682189095 0.4530176987967489 
14 -1 0.6163268635856848 0.6683813477662178 
15 1 0.2855997546473569 0.9858760546668216 
16 1 0.28667104022865086 1.4364210591665034 
17 1 0.3665252374873141 0.5155994621991558 
18 -1 0.8405911261275127 0.7559074637993662 
19 -1 0.7525530628080935 0.44712976399810833 
20 -1 1.1533491061074594 0.7093541549965221 
21 1 0.1985796013644643 0.3517840095857636 
22 -1 0.933289940952908 0.6385554407119528 
23 1 0.6444640578956543 0.4776057144282859 
24 1 0.554145321426735 1.3861454622928735 
25 -1 1.024790678856445 0.3283886078615583 
26 1 0.23664458803578003 0.22920520734209096 
27 1 0.6808195066540308 1.1602387451815355 
28 -1 1.1934309866189272 0.947000585258029 
29 -1 1.1122107486160477 0.9496995180995994 
30 1 0.1163218360538116 0.84378402669859 
31 -1 0.6449914828785902 0.53728839609176 
32 1 0.4068060207428605 0.4357407620999596 
33 1 0.33244781715840976 0.5525884995207181 
34 -1 0.8987955455703697 0.2889135424991265 
35 1 0.43654624973476364 1.3074090737244524 
36 -1 1.2795196979646384 1.070166261118502 
37 -1 1.194105077869864 0.9786372054153595 
38 1 0.8610630037166922 1.1052472103057651 
39 -1 0.699618502541804 0.17048867494621783 
40 -1 0.9768825340638108 0.0664411447673759 
41 1 0.5126975421684646 1.2316711280204335 
42 1 0.39755631956303517 1.0518659998645634 
43 -1 0.46763734959095626 0.2249101170511281 
44 -1 0.9601834013695018 0.7983925189440765 
45 -1 1.054340646471895 0.9381643084096855 
46 1 0.4432240560882556 0.9036687647788817 
47 -1 0.9290483426311663 0.6239623109660217 
48 -1 1.1806556860312025 0.8035407132034574 
49 -1 1.0800491633698333 0.6979867394908005 
