id label data 
0 1 0.9059899672766388 1.037962368541601 
1 -1 1.0750314089915736 1.211609813606369 
2 -1 0.6486315419333296 0.21995921491212772 
3 1 0.3140863325078072 1.0024189690607066 
4 -1 1.0500358209379717 0.8578619253421214 
5 -1 1.3112293648698878 1.0881096260148018 
6 1 0.5104681012358173 1.2161778219292558 
7 -1 0.89405980825454 0.27356307359166243 
8 -1 1.1847891527578325 0.864699897581191 
9 1 0.40331808335291974 1.1850388560014051 
10 1 0.6374590332064813 1.279612213224365 
11 -1 1.2018037864636342 0.7086951883817916 
12 -1 1.1153299104538803 0.7368578136369114 
13 1 0.18268808714064835 0.5662888240052686 
14 -1 1.0961843662259851 0.910367400202256 
15 1 0.4251208935204436 0.32763450539583205 
16 -1 0.7861436497892753 0.7260570329860303 
17 -1 0.9969258402443264 0.3888840177136465 
18 -1 1.372240365116243 1.1775791200560846 
19 -1 0.7525530628080935 0.44712976399810833 
20 -1 1.5707963267948966 0.7663994628442511 
21 -1 0.8429957130720267 0.44273795435425345 
22 -1 1.0524132054088848 0.8984371780447031 
23 -1 1.3657598581522956 0.9518060358561575 
24 -1 0.885989409457147 0.1682231628904429 
25 -1 0.8296608745558377 0.17357680651069154 
26 -1 0.8632603474044431 0.5504335576329457 
27 -1 1.1347719740074795 0.5968086118101729 
28 1 0.2796385390620174 0.539337873313307 
29 -1 1.1697181818744418 0.9231158490313023 
30 1 0.2894511032050243 0.29897789268632713 
31 1 0.07403404920990224 0.7903037084828463 
32 1 0.4058984345574348 1.3398128529874227 
33 -1 0.892392314825284 0.5422474465193122 
34 1 0.655329101481203 1.0852884426954792 
35 1 0.4252348484692767 0.9682155677901172 
36 -1 0.8200636310336499 0.4722155511905711 
37 -1 0.8489309905786697 0.2364218498502644 
38 1 0.23726107028057325 1.024421099660175 
39 -1 0.9165660814190102 0.6630046203343052 
40 -1 0.8937886320849013 0.7431223668451711 
41 -1 0.954590754807527 0.7894351929899278 
42 1 0.8506767733718653 0.9698054195129194 
43 -1 1.1946640913123916 0.8757266060899623 
44 1 0.8221903672294039 1.0116184717535373 
45 -1 1.1286429925099133 0.8838832631042429 
46 -1 0.8663265394191422 0.14080350236307065 
47 -1 1.1896757211491877 0.7278482674037895 
48 -1 0.9290483426311663 0.6239623109660217 
49 -1 1.0800491633698333 0.6979867394908005 
