id label data 
0 1 0.20115180455429452 0.7395395990141289 
1 1 0.4558092078359874 1.3459370300798186 
2 1 0.22830080801704547 0.3038229677713512 
3 1 0.6672622548023835 0.6721635948813427 
4 1 0.3140863325078072 1.0024189690607066 
5 -1 1.3112293648698878 1.0881096260148018 
6 1 0.3148840406165685 0.5045442164006692 
7 -1 1.0799580699324522 0.17871802949638338 
8 1 0.27637511927796415 0.4264038470305575 
9 1 0.9317385180400165 0.9864019080174489 
10 -1 0.9974638605676243 0.5450294929948748 
11 -1 1.1153299104538803 0.7368578136369114 
12 -1 0.9801194835752244 0.8809762908173139 
13 -1 0.8628408941516664 0.7889276804562185 
14 1 0.18268808714064835 0.5662888240052686 
15 1 0.2855997546473569 0.9858760546668216 
16 1 0.3665252374873141 0.5155994621991558 
17 -1 1.372240365116243 1.1775791200560846 
18 1 0.1985796013644643 0.3517840095857636 
19 1 0.7404153642717716 0.8837787081768279 
20 -1 0.933289940952908 0.6385554407119528 
21 1 0.5840787779886802 0.9744675581762204 
22 1 0.17291608215999033 1.0330416240125306 
23 1 0.4279137158364328 0.3464119126126672 
24 -1 0.81182907476449 0.35713707449979365 
25 1 0.2562917285150932 0.3505278898320528 
26 -1 1.122565938875142 0.88370056447266 
27 1 0.23664458803578003 0.22920520734209096 
28 -1 0.8511036863327053 0.6787861537139696 
29 -1 0.8632603474044431 0.5504335576329457 
30 -1 1.1347719740074795 0.5968086118101729 
31 -1 0.6449914828785902 0.53728839609176 
32 1 0.655329101481203 1.0852884426954792 
33 1 0.17777304979050076 0.2985911898279991 
34 1 0.13347411850120322 0.41281629140198206 
35 -1 1.1940057175939414 0.6471472483485426 
36 1 0.8610630037166922 1.1052472103057651 
37 -1 0.9011574802719717 0.554457534998646 
38 -1 0.699618502541804 0.17048867494621783 
39 1 0.08031242434431779 0.5710394746387228 
40 1 0.39755631956303517 1.0518659998645634 
41 -1 1.2673005399038473 0.8052806502976995 
42 1 0.22850650635699862 1.1707607772072668 
43 1 0.44846174440517167 0.29903354458201165 
44 1 0.479141465084754 0.9280240004064914 
45 -1 1.0767847286146253 0.8061036113113662 
46 -1 1.1946640913123916 0.8757266060899623 
47 -1 1.1286429925099133 0.8838832631042429 
48 -1 0.8663265394191422 0.14080350236307065 
49 -1 1.1806556860312025 0.8035407132034574 
