id label data 
0 1 0.29640123826161185 0.7520368698697681 
1 1 0.5361831008500642 0.21457492284845373 
2 -1 1.0472999353775105 0.7206973064730904 
3 1 0.6672622548023835 0.6721635948813427 
4 1 0.21463183931784002 0.5446461325058456 
5 1 0.2008743658555899 0.8141374843369394 
6 -1 1.3025419407085856 0.7953271428501066 
7 1 0.3148840406165685 0.5045442164006692 
8 1 0.3801620340850174 0.2295930604363095 
9 -1 0.9421381589569805 0.7069862234648645 
10 -1 1.094905242211847 0.16930638945963003 
11 -1 0.8155425383543132 0.12485147828766958 
12 1 0.18268808714064835 0.5662888240052686 
13 -1 1.0961843662259851 0.910367400202256 
14 1 0.2855997546473569 0.9858760546668216 
15 1 0.3665252374873141 0.5155994621991558 
16 -1 1.0611962099314127 0.7032161867199815 
17 -1 0.9246897420187169 0.2523510071207107 
18 -1 1.1533491061074594 0.7093541549965221 
19 1 0.1985796013644643 0.3517840095857636 
20 1 0.3071112708823931 0.9347087452766412 
21 1 0.6444640578956543 0.4776057144282859 
22 -1 1.0524132054088848 0.8984371780447031 
23 -1 0.81182907476449 0.35713707449979365 
24 -1 0.9063861994448305 0.09640370350793526 
25 1 0.23664458803578003 0.22920520734209096 
26 -1 0.8511036863327053 0.6787861537139696 
27 -1 1.096157045591089 0.9021507450650347 
28 -1 0.8663422306317591 0.4150434801680037 
29 1 0.2796385390620174 0.539337873313307 
30 -1 1.1697181818744418 0.9231158490313023 
31 1 0.3879190473173465 1.2458793465965854 
32 1 0.41464376738190917 0.9706945363775199 
33 1 0.4058984345574348 1.3398128529874227 
34 -1 0.9852341835971558 0.1750482797633913 
35 1 0.33244781715840976 0.5525884995207181 
36 -1 0.8078356755031372 0.6584962821016623 
37 -1 0.6078329469207724 0.5982114186761783 
38 1 0.4976729641139968 0.35461816497320386 
39 1 0.5126975421684646 1.2316711280204335 
40 -1 0.7684660105811936 0.7366474703835011 
41 -1 0.46763734959095626 0.2249101170511281 
42 -1 0.8937886320849013 0.7431223668451711 
43 -1 1.2673005399038473 0.8052806502976995 
44 -1 1.054340646471895 0.9381643084096855 
45 1 0.44846174440517167 0.29903354458201165 
46 -1 1.0767847286146253 0.8061036113113662 
47 1 0.8221903672294039 1.0116184717535373 
48 1 0.2960382845929712 0.17127634044441978 
49 -1 0.8149759702857934 0.5655433206254328 
