id label data 
0 1 0.9059899672766388 1.037962368541601 
1 1 0.4399440458081997 1.4190000030658128 
2 1 0.5361831008500642 0.21457492284845373 
3 -1 0.98531506050538 0.6553129802497649 
4 -1 0.934916384895294 0.29604639434717045 
5 1 0.7188115263488901 1.1558051999914514 
6 1 0.4461018477196246 1.0775361812842126 
7 1 0.3698308530942455 0.35550650360506325 
8 -1 1.1386371481696904 0.7644924945228818 
9 -1 0.9047909900454085 0.747087567515799 
10 -1 0.992873268625202 0.806038730085875 
11 1 0.5982217129192283 0.7995598146694839 
12 -1 0.6163268635856848 0.6683813477662178 
13 1 0.21859640844402456 0.9889139909321103 
14 -1 1.0611962099314127 0.7032161867199815 
15 1 0.3745413074703203 0.8898990453447888 
16 1 0.07694394782450822 0.8601319548460129 
17 -1 1.1533491061074594 0.7093541549965221 
18 -1 0.9928465853946876 0.921469449385863 
19 -1 1.5707963267948966 0.7663994628442511 
20 1 0.6858201734398568 0.8062035406329896 
21 -1 1.0524132054088848 0.8984371780447031 
22 1 0.554145321426735 1.3861454622928735 
23 -1 0.9063861994448305 0.09640370350793526 
24 1 0.5933391103843718 0.4246413705557533 
25 -1 1.0755992522596347 0.9389582961496846 
26 -1 1.3657598581522956 0.9518060358561575 
27 1 0.15188571143691074 0.7860028288235695 
28 1 0.1368420348667866 0.5391684068107933 
29 1 0.29240698009811095 0.9591152368870831 
30 1 0.3133457046193949 0.5382239804274571 
31 -1 1.096157045591089 0.9021507450650347 
32 1 0.2796385390620174 0.539337873313307 
33 1 0.3879190473173465 1.2458793465965854 
34 1 0.41464376738190917 0.9706945363775199 
35 1 0.4147060353941515 0.5929935675034647 
36 -1 1.0880313281378973 0.643560510578979 
37 -1 0.8428923035105538 1.0746785892935862 
38 1 0.6203158670450813 1.2950081973298033 
39 -1 0.9768825340638108 0.0664411447673759 
40 -1 1.0225994684451185 0.20235662900218843 
41 1 0.19031160910670158 1.1229614201961837 
42 -1 0.9165660814190102 0.6630046203343052 
43 -1 0.7474164529180063 0.0416215670668649 
44 -1 0.8937886320849013 0.7431223668451711 
45 -1 1.218994037099049 0.6285307372846142 
46 1 0.2912249896792761 1.2758497782190046 
47 -1 1.1750852701158987 0.8283288839124847 
48 -1 1.0094831777272177 0.6189624628238274 
49 1 0.11922741752756895 0.842671886898129 
