id label data 
0 1 0.20115180455429452 0.7395395990141289 
1 1 0.4558092078359874 1.3459370300798186 
2 -1 0.6486315419333296 0.21995921491212772 
3 -1 0.98531506050538 0.6553129802497649 
4 -1 0.934916384895294 0.29604639434717045 
5 -1 0.858922084102797 0.2726783100685814 
6 1 0.3897532686441366 1.098780700534219 
7 1 0.4461018477196246 1.0775361812842126 
8 -1 0.8983535502962234 0.6129713385701481 
9 -1 0.9047909900454085 0.747087567515799 
10 -1 1.1788551409230603 0.8235061052124544 
11 -1 0.9844762394090348 0.7433070947197814 
12 1 0.24434318149497344 0.5029003711490124 
13 -1 1.1153299104538803 0.7368578136369114 
14 -1 0.8405911261275127 0.7559074637993662 
15 1 0.3745413074703203 0.8898990453447888 
16 -1 0.7525530628080935 0.44712976399810833 
17 -1 0.8429957130720267 0.44273795435425345 
18 -1 1.20338220083216 0.8922081265181722 
19 1 0.14209682198418747 0.4063905780918209 
20 1 0.24624889897706662 0.5806921153716151 
21 1 0.5933391103843718 0.4246413705557533 
22 -1 1.122565938875142 0.88370056447266 
23 1 0.15188571143691074 0.7860028288235695 
24 1 0.7137271381341368 1.0223715762978998 
25 -1 0.5116458080221621 0.2708315973626933 
26 -1 1.092382068337326 0.3807788027698389 
27 1 0.2698312930005367 0.6934070665434999 
28 1 0.1368420348667866 0.5391684068107933 
29 -1 0.8296608745558377 0.17357680651069154 
30 -1 1.1555662171923144 0.4870481062893597 
31 1 0.2894511032050243 0.29897789268632713 
32 1 0.47478497921051305 0.41459036134432464 
33 1 0.3527117151744594 0.8216417821938562 
34 -1 0.6449914828785902 0.53728839609176 
35 -1 0.7711735808136642 0.1820121943278473 
36 -1 1.3713503760027663 0.8357691767205757 
37 1 0.655329101481203 1.0852884426954792 
38 1 0.13347411850120322 0.41281629140198206 
39 -1 1.1940057175939414 0.6471472483485426 
40 1 0.23748108493891268 0.7662880766334111 
41 -1 0.7822663477960831 0.7165791205827083 
42 -1 0.8583492847832742 0.498974401452015 
43 -1 0.9768825340638108 0.0664411447673759 
44 1 0.23726107028057325 1.024421099660175 
45 1 0.2586361842717621 0.6243891034414797 
46 1 0.333747337081329 0.9329884588427545 
47 -1 0.954590754807527 0.7894351929899278 
48 1 0.8222299995068002 1.0751305983016708 
49 1 0.08888182768263987 0.48558705174279143 
