id label data 
0 -1 0.9577069671077425 0.8370748143452438 
1 1 0.29381144515646734 0.5030694612948642 
2 -1 0.9760696862612921 0.10016556122680532 
3 1 0.6535631696202169 1.258550953829503 
4 1 0.3698308530942455 0.35550650360506325 
5 1 0.5104681012358173 1.2161778219292558 
6 1 0.6959363643777802 0.7408428127135503 
7 -1 1.2777281148825532 1.0557623711485553 
8 -1 1.1386371481696904 0.7644924945228818 
9 1 0.7801388799787891 1.2364789479040523 
10 1 0.27637511927796415 0.4264038470305575 
11 -1 1.0267465182475128 0.8652354608546561 
12 -1 1.0138045299155989 0.6150830028692499 
13 -1 0.9974638605676243 0.5450294929948748 
14 -1 0.9659100808681609 0.25063842108577017 
15 -1 0.9233629165693692 0.09290763350697316 
16 1 0.5982217129192283 0.7995598146694839 
17 1 0.2819919987318718 1.226128322097364 
18 -1 0.8628408941516664 0.7889276804562185 
19 1 0.28667104022865086 1.4364210591665034 
20 -1 1.1714026848336547 0.7383574454464144 
21 1 0.4251208935204436 0.32763450539583205 
22 -1 1.10581090467487 0.6017179660056788 
23 1 0.7404153642717716 0.8837787081768279 
24 1 0.5840787779886802 0.9744675581762204 
25 1 1.2872196765584842 1.08268927207397 
26 1 0.17291608215999033 1.0330416240125306 
27 1 0.6808195066540308 1.1602387451815355 
28 -1 1.244066766437278 0.9518846875259419 
29 -1 0.8632603474044431 0.5504335576329457 
30 -1 0.7996707891658631 0.608934790091081 
31 1 0.30996525948139964 0.27905894461944786 
32 1 0.37523899871041744 1.3756435980724526 
33 1 0.5271742812554542 1.3293306197923282 
34 1 0.7593177480378771 0.8131937977465461 
35 1 0.5124499663728198 1.4337105012409426 
36 -1 1.0818167668806196 0.7109140727500567 
37 -1 1.194105077869864 0.9786372054153595 
38 -1 0.699618502541804 0.17048867494621783 
39 1 0.4252348484692767 0.9682155677901172 
40 1 0.39755631956303517 1.0518659998645634 
41 -1 1.0376532054458558 0.8044033684585079 
42 -1 1.0122933821719469 0.6467318044054164 
43 -1 0.7474164529180063 0.0416215670668649 
44 -1 0.9601834013695018 0.7983925189440765 
45 -1 0.7002292210363537 0.2595667344720306 
46 1 0.28356709177904343 1.130557578744899 
47 1 0.6896056676644113 1.301490226725859 
48 -1 0.8663265394191422 0.14080350236307065 
49 -1 1.0651847147836087 0.8498688897845061 
