id label data 
0 1 0.9059899672766388 1.037962368541601 
1 1 0.4399440458081997 1.4190000030658128 
2 -1 1.007179552402094 0.9342287536106552 
3 -1 1.0750314089915736 1.211609813606369 
4 -1 1.3288183172264372 0.9038488123954677 
5 1 0.5361831008500642 0.21457492284845373 
6 1 0.24933986244755008 0.664518437051412 
7 1 0.7007471732035702 1.270696347756131 
8 1 0.4558092078359874 1.3459370300798186 
9 -1 1.0472999353775105 0.7206973064730904 
10 1 0.22830080801704547 0.3038229677713512 
11 -1 0.6486315419333296 0.21995921491212772 
12 -1 0.9577069671077425 0.8370748143452438 
13 1 0.3140863325078072 1.0024189690607066 
14 -1 0.98531506050538 0.6553129802497649 
15 -1 1.0500358209379717 0.8578619253421214 
16 -1 0.934916384895294 0.29604639434717045 
17 1 0.29381144515646734 0.5030694612948642 
18 -1 0.858922084102797 0.2726783100685814 
19 -1 1.1717513254411012 0.9589851861134694 
20 1 0.7188115263488901 1.1558051999914514 
21 -1 1.3349929110460876 0.7994160542615634 
22 1 0.4461018477196246 1.0775361812842126 
23 -1 0.9760696862612921 0.10016556122680532 
24 1 0.6535631696202169 1.258550953829503 
25 -1 1.3112293648698878 1.0881096260148018 
26 -1 1.3025419407085856 0.7953271428501066 
27 -1 0.8647453828578417 0.2272845824023621 
28 1 0.42004515467388953 0.656787827330906 
29 1 0.5104681012358173 1.2161778219292558 
30 -1 0.89405980825454 0.27356307359166243 
31 1 0.3148840406165685 0.5045442164006692 
32 -1 1.1847891527578325 0.864699897581191 
33 1 0.6959363643777802 0.7408428127135503 
34 1 0.40331808335291974 1.1850388560014051 
35 -1 1.0799580699324522 0.17871802949638338 
36 1 0.09877479827553613 0.6259814630936021 
37 -1 1.2777281148825532 1.0557623711485553 
38 1 0.3602557652920806 0.6969287545905314 
39 -1 1.1386371481696904 0.7644924945228818 
40 1 0.7801388799787891 1.2364789479040523 
41 1 0.27637511927796415 0.4264038470305575 
42 -1 1.0267465182475128 0.8652354608546561 
43 -1 0.8983535502962234 0.6129713385701481 
44 -1 0.9047909900454085 0.747087567515799 
45 1 0.5857821940712843 0.830946398957501 
46 1 0.35509938845407796 1.1639083673935695 
47 -1 1.0138045299155989 0.6150830028692499 
48 1 0.36246100265671233 0.6036754953995573 
49 1 0.6374590332064813 1.279612213224365 
50 1 0.9317385180400165 0.9864019080174489 
51 -1 1.1788551409230603 0.8235061052124544 
52 1 0.3801620340850174 0.2295930604363095 
53 -1 0.9844762394090348 0.7433070947197814 
54 -1 0.8517068475291639 0.19711752243145553 
55 -1 0.992873268625202 0.806038730085875 
56 -1 0.9909645666788476 0.6556057673396698 
57 -1 0.9974638605676243 0.5450294929948748 
58 -1 0.9659100808681609 0.25063842108577017 
59 -1 0.9421381589569805 0.7069862234648645 
60 -1 1.038674773478111 0.8607975848863517 
61 -1 0.7098406271301186 0.23283541876563868 
62 1 0.25347491214224604 0.2600662391830869 
63 1 0.5982217129192283 0.7995598146694839 
64 -1 1.0231844025279484 0.6706394986056 
65 -1 1.2560763585734365 1.0272331354301394 
66 -1 0.8155425383543132 0.12485147828766958 
67 -1 1.1153299104538803 0.7368578136369114 
68 -1 1.0842092682189095 0.4530176987967489 
69 -1 0.9801194835752244 0.8809762908173139 
70 -1 0.8628408941516664 0.7889276804562185 
71 1 0.18268808714064835 0.5662888240052686 
72 -1 0.8306265833447157 0.7021278470436948 
73 -1 1.0961843662259851 0.910367400202256 
74 -1 0.8281487192590161 0.17832042093724296 
75 -1 0.6163268635856848 0.6683813477662178 
76 1 0.2855997546473569 0.9858760546668216 
77 1 0.28667104022865086 1.4364210591665034 
78 1 0.21859640844402456 0.9889139909321103 
79 1 0.3665252374873141 0.5155994621991558 
80 -1 1.0611962099314127 0.7032161867199815 
81 -1 1.0197572659786995 0.6596229286865004 
82 1 0.25431369695397227 0.321808414417338 
83 1 0.4251208935204436 0.32763450539583205 
84 1 0.8644390816883812 1.1746093386980356 
85 -1 0.8405911261275127 0.7559074637993662 
86 -1 0.8777351339537898 0.156268520576576 
87 1 0.3745413074703203 0.8898990453447888 
88 -1 0.9969258402443264 0.3888840177136465 
89 -1 1.372240365116243 1.1775791200560846 
90 -1 0.7525530628080935 0.44712976399810833 
91 -1 1.1533491061074594 0.7093541549965221 
92 1 0.1985796013644643 0.3517840095857636 
93 -1 0.9633790589145357 0.0 
94 -1 1.10581090467487 0.6017179660056788 
95 -1 0.9928465853946876 0.921469449385863 
96 1 0.13438054812955455 0.8767558774243975 
97 -1 1.5707963267948966 0.7663994628442511 
98 -1 0.8429957130720267 0.44273795435425345 
99 1 0.7404153642717716 0.8837787081768279 
100 1 0.24698255887244458 1.2079200551085558 
101 -1 0.933289940952908 0.6385554407119528 
102 1 0.5840787779886802 0.9744675581762204 
103 1 0.3071112708823931 0.9347087452766412 
104 1 0.14209682198418747 0.4063905780918209 
105 1 0.6858201734398568 0.8062035406329896 
106 1 0.6444640578956543 0.4776057144282859 
107 -1 1.0524132054088848 0.8984371780447031 
108 1 1.2872196765584842 1.08268927207397 
109 1 0.34114498368852547 0.39819690976538014 
110 1 0.24624889897706662 0.5806921153716151 
111 1 0.261428657407937 0.2862048787701522 
112 1 0.17291608215999033 1.0330416240125306 
113 1 0.554145321426735 1.3861454622928735 
114 1 0.4279137158364328 0.3464119126126672 
115 -1 0.81182907476449 0.35713707449979365 
116 1 0.6900750259708059 1.0282789350709998 
117 -1 1.0864589381485406 0.8185573673843786 
118 1 0.2562917285150932 0.3505278898320528 
119 -1 0.9063861994448305 0.09640370350793526 
120 1 0.25451596105178265 0.341528767576834 
121 1 0.5933391103843718 0.4246413705557533 
122 -1 1.0755992522596347 0.9389582961496846 
123 -1 1.024790678856445 0.3283886078615583 
124 -1 1.3657598581522956 0.9518060358561575 
125 -1 1.122565938875142 0.88370056447266 
126 1 0.15188571143691074 0.7860028288235695 
127 -1 1.1228523036076208 0.9496762841920728 
128 1 0.23664458803578003 0.22920520734209096 
129 -1 0.5116458080221621 0.2708315973626933 
130 -1 0.885989409457147 0.1682231628904429 
131 1 0.1368420348667866 0.5391684068107933 
132 1 0.6808195066540308 1.1602387451815355 
133 -1 0.8296608745558377 0.17357680651069154 
134 -1 0.9831158664966997 0.8012105854280499 
135 1 0.29240698009811095 0.9591152368870831 
136 -1 0.8632603474044431 0.5504335576329457 
137 1 0.3133457046193949 0.5382239804274571 
138 -1 1.1347719740074795 0.5968086118101729 
139 1 0.7057065271559566 1.0571187817527283 
140 -1 0.8663422306317591 0.4150434801680037 
141 1 0.2796385390620174 0.539337873313307 
142 1 0.3879190473173465 1.2458793465965854 
143 1 0.4103335177042347 0.25178886458443617 
144 -1 1.1934309866189272 0.947000585258029 
145 -1 1.1122107486160477 0.9496995180995994 
146 1 0.2894511032050243 0.29897789268632713 
147 1 0.07403404920990224 0.7903037084828463 
148 1 0.47478497921051305 0.41459036134432464 
149 -1 1.2284798084428177 0.30296610295265414 
150 1 0.41464376738190917 0.9706945363775199 
151 -1 0.7996707891658631 0.608934790091081 
152 1 0.30184476766134444 1.1786728702860143 
153 1 0.1163218360538116 0.84378402669859 
154 -1 1.0249343023624795 0.7845808608927786 
155 -1 1.0479632366430118 0.6318959806059455 
156 1 0.30996525948139964 0.27905894461944786 
157 1 0.3527117151744594 0.8216417821938562 
158 1 0.4147060353941515 0.5929935675034647 
159 1 0.4058984345574348 1.3398128529874227 
160 1 0.8023924968151134 1.0768723848458055 
161 1 0.37523899871041744 1.3756435980724526 
162 1 0.5271742812554542 1.3293306197923282 
163 -1 0.892392314825284 0.5422474465193122 
164 -1 0.6449914828785902 0.53728839609176 
165 1 0.4068060207428605 0.4357407620999596 
166 -1 1.0880313281378973 0.643560510578979 
167 -1 0.9852341835971558 0.1750482797633913 
168 1 0.24024777492067884 0.9279802080142928 
169 -1 0.8428923035105538 1.0746785892935862 
170 1 0.7593177480378771 0.8131937977465461 
171 1 0.46763275464152776 0.6087996441770246 
172 1 0.33244781715840976 0.5525884995207181 
173 -1 0.8987955455703697 0.2889135424991265 
174 1 0.5124499663728198 1.4337105012409426 
175 1 0.3895160512200592 1.18658223542633 
176 -1 1.0818167668806196 0.7109140727500567 
177 1 0.655329101481203 1.0852884426954792 
178 1 0.43654624973476364 1.3074090737244524 
179 -1 1.2795196979646384 1.070166261118502 
180 -1 1.194105077869864 0.9786372054153595 
181 1 0.6203158670450813 1.2950081973298033 
182 1 0.3085294969393754 0.6281401788083766 
183 1 0.13347411850120322 0.41281629140198206 
184 1 0.3795022804375994 0.46573514097311564 
185 -1 1.1940057175939414 0.6471472483485426 
186 1 0.23748108493891268 0.7662880766334111 
187 1 0.8610630037166922 1.1052472103057651 
188 1 0.25560982650139047 0.8820958208710693 
189 1 0.563759225555953 0.389101462089321 
190 -1 0.6078329469207724 0.5982114186761783 
191 -1 0.9011574802719717 0.554457534998646 
192 -1 0.8583492847832742 0.498974401452015 
193 -1 0.699618502541804 0.17048867494621783 
194 -1 1.0757422494364655 0.9207038610043365 
195 -1 0.9768825340638108 0.0664411447673759 
196 -1 1.0258112936016912 0.6750667586341745 
197 1 0.08031242434431779 0.5710394746387228 
198 1 0.4252348484692767 0.9682155677901172 
199 -1 0.7603564689693534 0.10954095960793407 
200 1 0.4976729641139968 0.35461816497320386 
201 1 0.5126975421684646 1.2316711280204335 
202 -1 1.0225994684451185 0.20235662900218843 
203 -1 0.8200636310336499 0.4722155511905711 
204 -1 0.8489309905786697 0.2364218498502644 
205 1 0.23726107028057325 1.024421099660175 
206 1 0.39755631956303517 1.0518659998645634 
207 -1 1.0376532054458558 0.8044033684585079 
208 -1 1.126108528886828 0.6536152457270757 
209 -1 1.0122933821719469 0.6467318044054164 
210 -1 0.9165660814190102 0.6630046203343052 
211 -1 0.46763734959095626 0.2249101170511281 
212 -1 0.7474164529180063 0.0416215670668649 
213 -1 0.8937886320849013 0.7431223668451711 
214 1 0.6836583706013583 0.9646714662549586 
215 -1 1.218994037099049 0.6285307372846142 
216 -1 1.2673005399038473 0.8052806502976995 
217 -1 0.9601834013695018 0.7983925189440765 
218 1 0.4127540045223882 0.3423364761599733 
219 -1 0.7002292210363537 0.2595667344720306 
220 -1 1.0830906892775107 0.777002859258414 
221 1 0.28356709177904343 1.130557578744899 
222 -1 1.054340646471895 0.9381643084096855 
223 1 0.2912249896792761 1.2758497782190046 
224 1 0.22850650635699862 1.1707607772072668 
225 1 0.21504229105458733 0.4688880407857955 
226 1 0.44846174440517167 0.29903354458201165 
227 1 0.2586361842717621 0.6243891034414797 
228 1 0.479141465084754 0.9280240004064914 
229 1 0.8056557467210295 1.1215292318753718 
230 1 0.4432240560882556 0.9036687647788817 
231 -1 1.1750852701158987 0.8283288839124847 
232 -1 1.0094831777272177 0.6189624628238274 
233 1 0.333747337081329 0.9329884588427545 
234 -1 1.1946640913123916 0.8757266060899623 
235 1 0.8222299995068002 1.0751305983016708 
236 1 0.8221903672294039 1.0116184717535373 
237 -1 1.1286429925099133 0.8838832631042429 
238 1 0.4327800366366 1.1764349353625352 
239 1 0.6896056676644113 1.301490226725859 
240 1 0.2960382845929712 0.17127634044441978 
241 -1 1.1896757211491877 0.7278482674037895 
242 -1 0.9290483426311663 0.6239623109660217 
243 -1 0.8149759702857934 0.5655433206254328 
244 -1 1.1806556860312025 0.8035407132034574 
245 -1 1.0651847147836087 0.8498688897845061 
246 -1 1.0800491633698333 0.6979867394908005 
247 -1 0.8143240274374034 0.5982136397525001 
248 1 0.08888182768263987 0.48558705174279143 
249 1 0.11922741752756895 0.842671886898129 
