id label data 
0 1 0.29640123826161185 0.7520368698697681 
1 1 0.20115180455429452 0.7395395990141289 
2 1 0.6672622548023835 0.6721635948813427 
3 1 0.43812458849881647 0.7963222903953019 
4 -1 0.9857864715311095 0.11589893262070547 
5 1 0.3897532686441366 1.098780700534219 
6 1 0.21463183931784002 0.5446461325058456 
7 1 0.2008743658555899 0.8141374843369394 
8 1 0.3698308530942455 0.35550650360506325 
9 -1 0.98161640905535 0.88854419265349 
10 1 0.663098539548393 1.0528749646912354 
11 -1 0.6545444658515374 0.5127936822806617 
12 1 0.18698148570042722 0.8557790232449475 
13 -1 1.2018037864636342 0.7086951883817916 
14 1 0.24434318149497344 0.5029003711490124 
15 -1 0.9233629165693692 0.09290763350697316 
16 -1 1.094905242211847 0.16930638945963003 
17 1 0.2819919987318718 1.226128322097364 
18 -1 1.1714026848336547 0.7383574454464144 
19 -1 0.7861436497892753 0.7260570329860303 
20 -1 0.9246897420187169 0.2523510071207107 
21 1 0.07694394782450822 0.8601319548460129 
22 -1 0.8568897164112032 0.4408672697343562 
23 -1 1.20338220083216 0.8922081265181722 
24 1 0.4626745482056338 0.33762708434412186 
25 1 0.8692522910091215 1.1711706858451034 
26 1 0.7137271381341368 1.0223715762978998 
27 -1 1.092382068337326 0.3807788027698389 
28 1 0.2698312930005367 0.6934070665434999 
29 -1 0.8511036863327053 0.6787861537139696 
30 -1 1.1555662171923144 0.4870481062893597 
31 -1 1.244066766437278 0.9518846875259419 
32 -1 1.096157045591089 0.9021507450650347 
33 -1 1.1697181818744418 0.9231158490313023 
34 -1 0.7052599275887506 0.7170104409693808 
35 -1 0.7711735808136642 0.1820121943278473 
36 -1 1.3713503760027663 0.8357691767205757 
37 -1 0.8078356755031372 0.6584962821016623 
38 1 0.17777304979050076 0.2985911898279991 
39 -1 0.7822663477960831 0.7165791205827083 
40 -1 0.7684660105811936 0.7366474703835011 
41 1 0.19031160910670158 1.1229614201961837 
42 1 0.1404238357567808 0.7192900720321452 
43 1 0.26929121935505324 0.7126267092427769 
44 1 0.5468902442438391 1.3325564870825208 
45 -1 0.954590754807527 0.7894351929899278 
46 1 0.8506767733718653 0.9698054195129194 
47 -1 1.0767847286146253 0.8061036113113662 
48 -1 0.8663265394191422 0.14080350236307065 
49 -1 1.1755112544545663 1.020652066924013 
