id label data 
0 1 0.24933986244755008 0.664518437051412 
1 1 0.29381144515646734 0.5030694612948642 
2 -1 1.3349929110460876 0.7994160542615634 
3 1 0.6535631696202169 1.258550953829503 
4 -1 1.3025419407085856 0.7953271428501066 
5 -1 0.8983535502962234 0.6129713385701481 
6 -1 0.6545444658515374 0.5127936822806617 
7 1 0.6374590332064813 1.279612213224365 
8 1 0.24434318149497344 0.5029003711490124 
9 -1 1.0231844025279484 0.6706394986056 
10 -1 1.0842092682189095 0.4530176987967489 
11 -1 0.8281487192590161 0.17832042093724296 
12 1 0.28667104022865086 1.4364210591665034 
13 -1 1.0197572659786995 0.6596229286865004 
14 -1 0.7861436497892753 0.7260570329860303 
15 -1 1.10581090467487 0.6017179660056788 
16 -1 0.8568897164112032 0.4408672697343562 
17 1 0.34114498368852547 0.39819690976538014 
18 1 0.261428657407937 0.2862048787701522 
19 1 0.4626745482056338 0.33762708434412186 
20 1 0.25451596105178265 0.341528767576834 
21 -1 0.9831158664966997 0.8012105854280499 
22 -1 0.8663422306317591 0.4150434801680037 
23 -1 1.1122107486160477 0.9496995180995994 
24 -1 0.7996707891658631 0.608934790091081 
25 1 0.30184476766134444 1.1786728702860143 
26 1 0.1163218360538116 0.84378402669859 
27 1 0.3527117151744594 0.8216417821938562 
28 1 0.8023924968151134 1.0768723848458055 
29 1 0.24024777492067884 0.9279802080142928 
30 -1 1.3713503760027663 0.8357691767205757 
31 1 0.33244781715840976 0.5525884995207181 
32 1 0.43654624973476364 1.3074090737244524 
33 -1 1.194105077869864 0.9786372054153595 
34 -1 1.0258112936016912 0.6750667586341745 
35 1 0.4252348484692767 0.9682155677901172 
36 -1 0.7603564689693534 0.10954095960793407 
37 -1 0.7684660105811936 0.7366474703835011 
38 1 0.1404238357567808 0.7192900720321452 
39 -1 0.9601834013695018 0.7983925189440765 
40 -1 1.054340646471895 0.9381643084096855 
41 1 0.5468902442438391 1.3325564870825208 
42 1 0.2586361842717621 0.6243891034414797 
43 1 0.8056557467210295 1.1215292318753718 
44 -1 0.954590754807527 0.7894351929899278 
45 1 0.8506767733718653 0.9698054195129194 
46 1 0.6896056676644113 1.301490226725859 
47 1 0.2960382845929712 0.17127634044441978 
48 -1 1.0651847147836087 0.8498688897845061 
49 -1 1.0800491633698333 0.6979867394908005 
