id label data 
0 -1 1.0750314089915736 1.211609813606369 
1 1 0.5361831008500642 0.21457492284845373 
2 1 0.24933986244755008 0.664518437051412 
3 1 0.22830080801704547 0.3038229677713512 
4 -1 0.9577069671077425 0.8370748143452438 
5 1 0.29381144515646734 0.5030694612948642 
6 -1 1.3112293648698878 1.0881096260148018 
7 -1 1.0799580699324522 0.17871802949638338 
8 -1 1.0267465182475128 0.8652354608546561 
9 1 0.5857821940712843 0.830946398957501 
10 -1 1.1788551409230603 0.8235061052124544 
11 -1 0.9844762394090348 0.7433070947197814 
12 -1 0.9421381589569805 0.7069862234648645 
13 -1 1.0231844025279484 0.6706394986056 
14 1 0.18268808714064835 0.5662888240052686 
15 -1 0.8306265833447157 0.7021278470436948 
16 -1 0.8281487192590161 0.17832042093724296 
17 1 0.8644390816883812 1.1746093386980356 
18 -1 0.9969258402443264 0.3888840177136465 
19 -1 1.10581090467487 0.6017179660056788 
20 1 0.24698255887244458 1.2079200551085558 
21 1 0.5840787779886802 0.9744675581762204 
22 1 0.6858201734398568 0.8062035406329896 
23 1 0.17291608215999033 1.0330416240125306 
24 1 0.4279137158364328 0.3464119126126672 
25 -1 1.3657598581522956 0.9518060358561575 
26 -1 0.9831158664966997 0.8012105854280499 
27 1 0.3879190473173465 1.2458793465965854 
28 1 0.47478497921051305 0.41459036134432464 
29 1 0.41464376738190917 0.9706945363775199 
30 -1 1.0249343023624795 0.7845808608927786 
31 1 0.30996525948139964 0.27905894461944786 
32 1 0.8023924968151134 1.0768723848458055 
33 -1 0.8428923035105538 1.0746785892935862 
34 1 0.46763275464152776 0.6087996441770246 
35 1 0.6203158670450813 1.2950081973298033 
36 1 0.3085294969393754 0.6281401788083766 
37 1 0.13347411850120322 0.41281629140198206 
38 1 0.3795022804375994 0.46573514097311564 
39 1 0.563759225555953 0.389101462089321 
40 -1 0.6078329469207724 0.5982114186761783 
41 -1 1.0757422494364655 0.9207038610043365 
42 -1 1.0258112936016912 0.6750667586341745 
43 -1 0.7603564689693534 0.10954095960793407 
44 -1 1.0376532054458558 0.8044033684585079 
45 1 0.21504229105458733 0.4688880407857955 
46 1 0.4327800366366 1.1764349353625352 
47 -1 1.1896757211491877 0.7278482674037895 
48 -1 1.0651847147836087 0.8498688897845061 
49 1 0.11922741752756895 0.842671886898129 
