id label data 
0 -1 1.0750314089915736 1.211609813606369 
1 -1 1.3288183172264372 0.9038488123954677 
2 1 0.43812458849881647 0.7963222903953019 
3 -1 1.1717513254411012 0.9589851861134694 
4 -1 0.9760696862612921 0.10016556122680532 
5 1 0.5104681012358173 1.2161778219292558 
6 -1 1.2777281148825532 1.0557623711485553 
7 1 0.18698148570042722 0.8557790232449475 
8 1 0.3801620340850174 0.2295930604363095 
9 -1 1.2018037864636342 0.7086951883817916 
10 -1 0.7098406271301186 0.23283541876563868 
11 1 0.2819919987318718 1.226128322097364 
12 -1 0.8155425383543132 0.12485147828766958 
13 1 0.4251208935204436 0.32763450539583205 
14 1 0.8644390816883812 1.1746093386980356 
15 -1 0.9969258402443264 0.3888840177136465 
16 -1 0.9246897420187169 0.2523510071207107 
17 -1 0.9633790589145357 0.0 
18 1 0.13438054812955455 0.8767558774243975 
19 -1 1.20338220083216 0.8922081265181722 
20 1 0.3071112708823931 0.9347087452766412 
21 1 0.6444640578956543 0.4776057144282859 
22 1 1.2872196765584842 1.08268927207397 
23 1 0.24624889897706662 0.5806921153716151 
24 -1 1.0864589381485406 0.8185573673843786 
25 1 0.7137271381341368 1.0223715762978998 
26 -1 0.8296608745558377 0.17357680651069154 
27 -1 1.1555662171923144 0.4870481062893597 
28 1 0.4103335177042347 0.25178886458443617 
29 1 0.2894511032050243 0.29897789268632713 
30 1 0.5271742812554542 1.3293306197923282 
31 1 0.4068060207428605 0.4357407620999596 
32 -1 0.7711735808136642 0.1820121943278473 
33 -1 0.9852341835971558 0.1750482797633913 
34 1 0.5124499663728198 1.4337105012409426 
35 -1 1.0818167668806196 0.7109140727500567 
36 -1 0.8078356755031372 0.6584962821016623 
37 -1 1.2795196979646384 1.070166261118502 
38 1 0.23748108493891268 0.7662880766334111 
39 -1 0.7822663477960831 0.7165791205827083 
40 1 0.563759225555953 0.389101462089321 
41 1 0.5126975421684646 1.2316711280204335 
42 -1 0.8200636310336499 0.4722155511905711 
43 -1 1.0376532054458558 0.8044033684585079 
44 -1 1.126108528886828 0.6536152457270757 
45 -1 0.46763734959095626 0.2249101170511281 
46 1 0.6836583706013583 0.9646714662549586 
47 1 0.8221903672294039 1.0116184717535373 
48 1 0.4327800366366 1.1764349353625352 
49 -1 0.8143240274374034 0.5982136397525001 
