id label data 
0 1 0.7007471732035702 1.270696347756131 
1 1 0.3140863325078072 1.0024189690607066 
2 -1 1.1717513254411012 0.9589851861134694 
3 1 0.4461018477196246 1.0775361812842126 
4 -1 0.9760696862612921 0.10016556122680532 
5 1 0.6535631696202169 1.258550953829503 
6 1 0.5104681012358173 1.2161778219292558 
7 -1 0.89405980825454 0.27356307359166243 
8 -1 1.2777281148825532 1.0557623711485553 
9 -1 0.8983535502962234 0.6129713385701481 
10 -1 0.9909645666788476 0.6556057673396698 
11 -1 0.9974638605676243 0.5450294929948748 
12 1 0.25347491214224604 0.2600662391830869 
13 -1 0.9801194835752244 0.8809762908173139 
14 -1 0.8628408941516664 0.7889276804562185 
15 -1 1.0611962099314127 0.7032161867199815 
16 -1 0.9633790589145357 0.0 
17 -1 0.9928465853946876 0.921469449385863 
18 1 0.3071112708823931 0.9347087452766412 
19 1 0.14209682198418747 0.4063905780918209 
20 1 0.34114498368852547 0.39819690976538014 
21 1 0.5933391103843718 0.4246413705557533 
22 -1 1.122565938875142 0.88370056447266 
23 -1 0.8296608745558377 0.17357680651069154 
24 1 0.29240698009811095 0.9591152368870831 
25 1 0.7057065271559566 1.0571187817527283 
26 1 0.2796385390620174 0.539337873313307 
27 1 0.4103335177042347 0.25178886458443617 
28 -1 1.2284798084428177 0.30296610295265414 
29 -1 0.7996707891658631 0.608934790091081 
30 1 0.4147060353941515 0.5929935675034647 
31 1 0.4058984345574348 1.3398128529874227 
32 1 0.37523899871041744 1.3756435980724526 
33 -1 0.892392314825284 0.5422474465193122 
34 -1 1.0880313281378973 0.643560510578979 
35 1 0.5124499663728198 1.4337105012409426 
36 -1 0.8583492847832742 0.498974401452015 
37 -1 1.0225994684451185 0.20235662900218843 
38 -1 0.8200636310336499 0.4722155511905711 
39 -1 0.8489309905786697 0.2364218498502644 
40 -1 1.126108528886828 0.6536152457270757 
41 -1 1.218994037099049 0.6285307372846142 
42 -1 0.7002292210363537 0.2595667344720306 
43 1 0.28356709177904343 1.130557578744899 
44 1 0.44846174440517167 0.29903354458201165 
45 -1 1.1750852701158987 0.8283288839124847 
46 -1 1.0094831777272177 0.6189624628238274 
47 1 0.333747337081329 0.9329884588427545 
48 1 0.6896056676644113 1.301490226725859 
49 1 0.2960382845929712 0.17127634044441978 
