id label data 
0 -1 1.007179552402094 0.9342287536106552 
1 -1 1.0750314089915736 1.211609813606369 
2 -1 1.3288183172264372 0.9038488123954677 
3 1 0.7007471732035702 1.270696347756131 
4 1 0.22830080801704547 0.3038229677713512 
5 -1 1.1717513254411012 0.9589851861134694 
6 1 0.42004515467388953 0.656787827330906 
7 -1 1.1847891527578325 0.864699897581191 
8 1 0.40331808335291974 1.1850388560014051 
9 -1 1.0799580699324522 0.17871802949638338 
10 1 0.3602557652920806 0.6969287545905314 
11 1 0.35509938845407796 1.1639083673935695 
12 -1 1.2018037864636342 0.7086951883817916 
13 -1 0.992873268625202 0.806038730085875 
14 1 0.25347491214224604 0.2600662391830869 
15 -1 0.8306265833447157 0.7021278470436948 
16 -1 0.6163268635856848 0.6683813477662178 
17 1 0.25431369695397227 0.321808414417338 
18 1 0.8644390816883812 1.1746093386980356 
19 -1 0.9633790589145357 0.0 
20 -1 0.9928465853946876 0.921469449385863 
21 1 0.13438054812955455 0.8767558774243975 
22 1 0.24698255887244458 1.2079200551085558 
23 1 0.34114498368852547 0.39819690976538014 
24 1 0.6900750259708059 1.0282789350709998 
25 -1 1.0864589381485406 0.8185573673843786 
26 1 0.25451596105178265 0.341528767576834 
27 -1 1.1228523036076208 0.9496762841920728 
28 -1 0.9831158664966997 0.8012105854280499 
29 1 0.3133457046193949 0.5382239804274571 
30 -1 1.1347719740074795 0.5968086118101729 
31 1 0.7057065271559566 1.0571187817527283 
32 -1 1.1934309866189272 0.947000585258029 
33 -1 1.1122107486160477 0.9496995180995994 
34 1 0.07403404920990224 0.7903037084828463 
35 -1 1.0249343023624795 0.7845808608927786 
36 1 0.4147060353941515 0.5929935675034647 
37 1 0.8023924968151134 1.0768723848458055 
38 1 0.24024777492067884 0.9279802080142928 
39 1 0.6203158670450813 1.2950081973298033 
40 1 0.25560982650139047 0.8820958208710693 
41 -1 1.0258112936016912 0.6750667586341745 
42 -1 0.8200636310336499 0.4722155511905711 
43 -1 0.9165660814190102 0.6630046203343052 
44 1 0.479141465084754 0.9280240004064914 
45 -1 1.1946640913123916 0.8757266060899623 
46 -1 1.1286429925099133 0.8838832631042429 
47 1 0.4327800366366 1.1764349353625352 
48 -1 1.0800491633698333 0.6979867394908005 
49 -1 0.8143240274374034 0.5982136397525001 
