id label data 
0 -1 0.950645467908563 0.34028193619958613 
1 -1 0.6714685218066612 0.37265265892596 
2 1 0.39102360572116296 0.9547785339379025 
3 1 0.27944869063448374 0.9848719526120823 
4 -1 0.9518940365302642 0.6779251592263891 
5 1 0.784639249854425 0.37565895137585964 
6 -1 0.8996609172112003 0.27621758291019904 
7 -1 0.7821007089173081 0.45206158764257925 
8 1 0.023934929946044202 1.099841479192407 
9 1 0.7405791653952554 0.3415668920771554 
10 -1 1.5707963267948966 0.6636541106324042 
11 -1 1.0246634059441424 0.43887867964544625 
12 -1 1.1986303398582947 0.7091133317260313 
13 1 0.6813552400437238 0.4995725627906258 
14 -1 0.9181261712588904 1.030000459298783 
15 -1 0.9382204915982133 0.7076342465354216 
16 -1 1.1044243232809312 0.6059008339696452 
17 -1 0.8249243820666284 0.661613335196954 
18 1 0.8117127755159189 0.6008699718145026 
19 1 0.36146526872302903 0.8756482914112432 
20 1 0.5912002829149174 1.0397890112982502 
21 1 0.14737935922108283 0.9461913322039684 
22 1 0.5053007643221188 0.4185695094347937 
23 1 0.3012331112028759 0.4658170701464848 
24 -1 1.2981726564666338 1.0818338454647303 
25 -1 1.0452782156370868 0.48937214489589015 
26 -1 1.2014498260945676 1.400867348179032 
27 1 0.6462843970488682 0.5967547356050934 
28 -1 1.1746170871991213 0.49464473152903254 
29 -1 0.9625532143831127 1.4238240760364893 
30 1 0.5096938912205127 1.0164408257688664 
31 1 0.2529519033375732 0.9642200288347087 
32 1 0.3907718395490023 1.2533396070954612 
33 1 0.23211314174265482 0.9019397717975239 
34 1 0.23921398882599784 1.317989522200617 
35 1 0.33986633073085726 0.4699530710367342 
36 1 0.3158081357504249 1.0573201266271302 
37 1 0.5188333796660363 0.46212754831208874 
38 -1 1.1232009370797391 0.7104005338503431 
39 -1 0.9993361158780866 0.792714049656987 
40 -1 1.205024285167969 0.8419950284508071 
41 -1 1.1117920237733139 1.2844772757317067 
42 -1 0.8902197198985302 0.351567920327407 
43 -1 1.2606618613455525 1.1575177209756347 
44 1 0.2197779558750646 0.9800624011112428 
45 1 0.5810556076889871 0.2120332441994722 
46 -1 0.6395908331710723 0.4231007077823203 
47 -1 0.9986272711713825 0.4213668407075743 
48 1 0.6575468594714968 0.31672178958822345 
49 -1 1.1734519985909218 0.6249384367087961 
50 -1 0.6667493485087423 0.5109047043138238 
51 -1 0.9772930086385742 1.3969765581138631 
52 -1 0.9284619030913474 0.9992042186432358 
53 -1 0.8635791146877381 0.36589184340360437 
54 -1 0.9988099878339783 0.6511676570976381 
55 1 0.7667872733173986 0.8300892028132194 
56 -1 0.9423843256337059 0.3978359466169762 
57 1 0.04449263446618525 1.2210824012472232 
58 1 0.6724501298759097 0.22520050351165552 
59 -1 0.965763356240688 0.4158444078396544 
60 -1 0.689283560559709 0.42729281094075344 
61 -1 0.9128889648964347 1.1875422330554761 
62 -1 1.1806609738570095 0.7724797319644804 
63 1 0.5161256303916918 0.7719821354269158 
64 1 0.48141070228834787 0.4445689031429175 
65 -1 1.3192631095604508 0.6509466302266471 
66 1 0.24599360976326903 1.0588708520273522 
67 1 0.2607185526585163 0.9748527413940218 
68 -1 0.8680574233888371 0.33041831531707067 
69 1 0.6729415698588588 0.2394222717839973 
70 1 0.41584668878691045 0.7596723692148659 
71 1 0.3944421101166347 1.1120823726173326 
72 1 0.7689134945450296 0.35706043297805884 
73 -1 1.1745590445986873 0.7835093041911574 
74 1 0.3670278967149856 1.0623630851156258 
75 1 0.2297874370473965 1.1397298854955191 
76 1 0.2730826533911676 1.381079547803308 
77 -1 1.0371399772861645 1.4954839930917097 
78 -1 1.3023319171031156 1.1406892268317697 
79 -1 1.2908289411790324 1.0369874312303675 
80 -1 1.2327457402448843 1.2335064572998131 
81 1 0.4495279592756862 0.5017505836733939 
82 -1 1.2106116161901046 1.0787858822694836 
83 1 0.3247423877703615 1.0991708451121587 
84 -1 1.1243597018227025 0.4946703701851028 
85 -1 1.1241963396977706 0.6598854634301543 
86 1 0.3222648851431886 1.0904403391274804 
87 -1 1.3485781822794536 1.0490667198743784 
88 1 0.36540553337570336 1.183141743842185 
89 1 0.6926139857949862 0.7038332609269068 
90 -1 1.020001183439917 0.7505412473983979 
91 1 1.026076366789606 0.4142840578647777 
92 -1 1.0371116683038273 0.49090758608532625 
93 1 0.741281991194481 0.6422705596441902 
94 -1 0.7497328026405629 0.26827604139112554 
95 1 0.9606913973110502 0.44445005552915434 
96 -1 0.8028856791143236 0.4790701968624586 
97 1 0.11757601606677125 0.8731348431838645 
98 -1 1.1174813447089724 0.7138151279454592 
99 1 0.24221606979953436 0.9789013326895508 
100 1 0.004856344401314093 1.2385347617918203 
101 1 0.18007358421658456 1.0619656928941597 
102 1 0.6578580551557414 0.5601266384415062 
103 -1 1.1763152546117366 1.4160257492481316 
104 -1 0.9884537844628712 0.9102945954728315 
105 -1 1.0943562921251535 1.3678972507504041 
106 1 0.49859215058470746 1.054293781257898 
107 -1 1.1293361179324195 0.7233591243105721 
108 1 0.10714331545492431 1.2526760620899362 
109 -1 1.0779335357770479 0.8672900546419983 
110 1 0.9982606015298168 0.3429328934556048 
111 1 0.5243718310513307 0.24049240641230718 
112 -1 1.356072445142349 1.1390214050006597 
113 1 0.7827524191747304 0.39500867046194005 
114 -1 1.2820606072404686 0.8365126042386845 
115 -1 1.126344278241154 1.3077882266723475 
116 -1 1.2639665178272443 0.9129762773746505 
117 1 0.2645404164012114 0.8440870842226589 
118 -1 1.1252916393589572 0.5408990457007672 
119 1 0.508590936083002 0.5350570072224227 
120 -1 1.0060870796074521 0.7406510854656445 
121 1 0.49490570430036224 0.4260963453572069 
122 -1 1.093696932733895 1.328752398081046 
123 1 0.2426711774664555 1.1004780419689673 
124 1 0.35829554457300433 0.8520055949614462 
125 -1 1.052305355627102 0.6991900898899199 
126 -1 0.9785701707878962 1.1227663222404085 
127 1 0.2884230404964752 0.5017228008730888 
128 1 0.19113201023359283 1.0650500820759636 
129 -1 1.1189374773659257 1.3199004961103835 
130 1 0.6627524406254749 0.3367663135345753 
131 1 0.41043557517990903 1.1980394786062545 
132 1 0.46381913587264983 0.45241534316865023 
133 1 0.6716976019304423 0.4393072674330036 
134 1 0.3078793807271881 1.0201471495555474 
135 -1 1.2240815886308014 1.0841164238445373 
136 1 0.35660285318692225 0.3320532064600117 
137 -1 1.2927289276698615 0.9720236573935076 
138 1 0.5150410033049541 0.7846119591351279 
139 1 0.39043796856280755 0.42591190952478375 
140 1 0.2429593665387974 0.9277762510146677 
141 -1 0.8290302753838824 1.449302785966582 
142 1 0.14079520927894545 1.2873820794634028 
143 -1 1.1695882561230915 0.4999559073086525 
144 1 0.32255125831317216 0.6472487164563543 
145 -1 1.019307143647076 0.7891749564263043 
146 -1 0.806777241726217 1.3106068253789995 
147 -1 1.2792113607857158 1.3185233561806207 
148 -1 1.1056672165228554 1.087010701108023 
149 1 0.4607969845775467 0.9712339190835544 
150 -1 0.7062523715923682 0.5296804878868081 
151 -1 0.8420062835672643 1.3232451775434753 
152 -1 1.1929071668383526 0.6726277807232396 
153 1 0.19830140296852303 1.0034804986758874 
154 1 0.3164174439363938 1.2153952809820736 
155 1 0.6230856877861278 0.6100064209473354 
156 -1 0.9587132684664972 0.7773070376770566 
157 1 0.7007244211583684 0.4387226836858446 
158 -1 1.2517682289442187 0.3461656346613498 
159 -1 1.1039195941289257 0.8498121003406078 
160 1 0.47103150502537694 0.9105875795154728 
161 1 0.7445118911876563 0.47358427470467424 
162 1 0.8130468346760996 0.27742146249108796 
163 -1 0.9313524275306391 0.7788714891332773 
164 1 0.5172523480492086 0.3860156698007463 
165 -1 0.8896511737284079 1.5056771790862962 
166 -1 1.1011247170819098 1.2126499215772926 
167 1 0.34015229409988307 0.8473941322375012 
168 1 0.38188834578239905 0.515486244463311 
169 1 0.4577757167243186 0.6630863329177284 
170 -1 1.153909703326599 0.8609670442900287 
171 1 0.5225178520162134 0.7264989371226658 
172 1 0.4175044617736146 0.562079347549001 
173 -1 1.2318751694277854 0.773998976548547 
174 -1 0.862795816589293 0.5650705059134324 
175 1 0.4811890391605923 0.5493104863669074 
176 -1 1.0843045147265753 1.529198857002269 
177 -1 1.0014840772037952 0.6180759201622966 
178 1 0.6591334872333628 0.7478331355569893 
179 1 0.5447562064909348 0.6416144571414204 
