id label data 
0 1 0.5602612744822226 0.5946223606588228 
1 -1 0.9359207129454862 1.1487373666272813 
2 1 0.19113201023359283 1.0650500820759636 
3 1 0.24221606979953436 0.9789013326895508 
4 -1 0.9550442053216044 0.8264205694934237 
5 1 0.46381913587264983 0.45241534316865023 
6 -1 0.8028856791143236 0.4790701968624586 
7 -1 1.2621827664036547 0.5320755809228822 
8 -1 1.394662179314301 0.6720565164771117 
9 -1 1.1117920237733139 1.2844772757317067 
10 -1 1.020001183439917 0.7505412473983979 
11 -1 1.1243597018227025 0.4946703701851028 
12 1 0.07761822292692519 1.354589428686433 
13 -1 0.7821007089173081 0.45206158764257925 
14 1 0.6469229546029751 0.4405056312338304 
15 -1 0.9772930086385742 1.3969765581138631 
16 1 0.2297874370473965 1.1397298854955191 
17 -1 1.0092604259478157 0.338572983619541 
18 1 0.14737935922108283 0.9461913322039684 
19 -1 0.8420062835672643 1.3232451775434753 
20 1 0.3247423877703615 1.0991708451121587 
21 1 0.6462843970488682 0.5967547356050934 
22 1 0.32255125831317216 0.6472487164563543 
23 1 0.6159148163147941 0.34691753858060426 
24 1 0.4607969845775467 0.9712339190835544 
25 -1 1.1929071668383526 0.6726277807232396 
26 1 0.3164174439363938 1.2153952809820736 
27 1 0.27944869063448374 0.9848719526120823 
28 -1 1.0201489787472522 1.2349861064769905 
29 -1 1.2115262982085935 0.7127759840163744 
30 -1 1.1620349452463612 0.5425345931758807 
31 -1 0.6667493485087423 0.5109047043138238 
32 1 0.5447562064909348 0.6416144571414204 
33 1 0.7689134945450296 0.35706043297805884 
34 1 0.5536096782227183 0.5180787935869159 
35 -1 1.1719726098778278 1.040539405162785 
36 1 0.6610851514110223 0.5644635984542264 
37 1 0.7350727233070514 0.6355931246647067 
38 1 0.5595935629184992 0.22481410603507404 
39 -1 0.9625532143831127 1.4238240760364893 
40 1 0.3653594751063816 0.5117939793536572 
41 1 0.2645404164012114 0.8440870842226589 
42 -1 1.1011247170819098 1.2126499215772926 
43 -1 1.2639665178272443 0.9129762773746505 
44 1 0.6237456637026301 0.40397320774158413 
45 1 0.2426711774664555 1.1004780419689673 
46 -1 1.1039195941289257 0.8498121003406078 
47 -1 1.3192631095604508 0.6509466302266471 
48 1 0.6060582753612969 0.622928761621619 
49 -1 1.0943562921251535 1.3678972507504041 
50 -1 0.965763356240688 0.4158444078396544 
51 -1 1.1746170871991213 0.49464473152903254 
52 -1 1.0419353817486452 0.9607143174921653 
53 1 0.43332710125879903 0.4159025182680489 
54 1 0.39848679424815076 0.8299223822709938 
55 -1 1.2752870698150394 0.9775788039332165 
56 -1 1.2792113607857158 1.3185233561806207 
57 1 0.716043032936426 0.44471774060010866 
58 1 0.33986633073085726 0.4699530710367342 
59 -1 0.9423843256337059 0.3978359466169762 
60 1 0.784639249854425 0.37565895137585964 
61 1 0.19830140296852303 1.0034804986758874 
62 1 0.3078793807271881 1.0201471495555474 
63 -1 1.094664122768836 0.2302629402669059 
64 -1 0.8290302753838824 1.449302785966582 
65 -1 1.1293361179324195 0.7233591243105721 
66 -1 0.7722818412676765 1.035302734992593 
67 -1 0.9785701707878962 1.1227663222404085 
68 -1 0.7369800624553723 0.48928404228754857 
69 1 0.7667872733173986 0.8300892028132194 
70 -1 1.0954667839181969 1.0578793128156476 
71 1 0.33911766333774745 0.9576872688717724 
72 1 0.508590936083002 0.5350570072224227 
73 -1 1.0113178895845067 0.3806216132386492 
74 -1 1.1631740970779516 0.5482727317629966 
75 -1 1.2820606072404686 0.8365126042386845 
76 1 0.04449263446618525 1.2210824012472232 
77 1 0.625612646187311 0.2533234328622389 
78 1 0.4905026064519391 0.3743525667645098 
79 1 0.4996660773939391 0.7010101532950457 
80 1 0.3012331112028759 0.4658170701464848 
81 1 0.6544371713491576 0.5956517676071085 
82 -1 1.066348926140017 0.43142982609160363 
83 1 0.39043796856280755 0.42591190952478375 
84 1 0.2715509225960918 1.0851270068587084 
85 -1 1.0841395339644864 0.7932610414419746 
86 1 0.6091444784728615 1.222743501695171 
87 1 0.23921398882599784 1.317989522200617 
88 -1 1.1235426804754747 0.6271312727415373 
89 1 0.004856344401314093 1.2385347617918203 
90 -1 1.052305355627102 0.6991900898899199 
91 1 0.0 1.338226859439006 
92 1 0.8130468346760996 0.27742146249108796 
93 -1 0.8245060276825922 1.4906645575416186 
94 1 0.21580042704790545 0.7844793811256738 
95 -1 1.2509226825246786 0.8967380658099708 
96 1 0.36540553337570336 1.183141743842185 
97 -1 1.1183720173855605 0.6161934964817168 
98 1 0.48141070228834787 0.4445689031429175 
99 -1 1.0745856778443579 0.47048144255402885 
100 -1 1.1763152546117366 1.4160257492481316 
101 1 0.2653015066563458 1.216375702277811 
102 -1 0.9993361158780866 0.792714049656987 
103 -1 1.2379134882893021 1.0686757901934294 
104 1 0.7445118911876563 0.47358427470467424 
105 -1 0.8249243820666284 0.661613335196954 
106 -1 0.9313524275306391 0.7788714891332773 
107 -1 0.862795816589293 0.5650705059134324 
108 -1 1.0779335357770479 0.8672900546419983 
109 -1 1.0452782156370868 0.48937214489589015 
110 1 0.8117127755159189 0.6008699718145026 
111 1 0.4495279592756862 0.5017505836733939 
112 1 0.317040556009064 1.1564058924011948 
113 1 0.6813552400437238 0.4995725627906258 
114 1 0.40471037283642713 0.5325900120569057 
115 -1 0.9107225997947545 0.9863316958367394 
116 -1 1.3403816043278816 0.7304957191772806 
117 1 0.34015229409988307 0.8473941322375012 
118 1 0.9716884810009907 0.8590953393831884 
119 -1 0.6651674563596304 0.5965281830905732 
120 1 0.3719666319439401 1.036169877934714 
121 1 0.5161256303916918 0.7719821354269158 
122 1 0.023934929946044202 1.099841479192407 
123 1 0.19551345800153047 1.03006153549266 
124 -1 1.0746215674185342 1.3204145308684163 
125 -1 1.0246634059441424 0.43887867964544625 
126 -1 0.7497328026405629 0.26827604139112554 
127 -1 0.8996609172112003 0.27621758291019904 
128 -1 1.2927289276698615 0.9720236573935076 
129 1 0.5243718310513307 0.24049240641230718 
130 -1 1.1732420210807855 0.6419765020780921 
131 -1 1.1232009370797391 0.7104005338503431 
132 1 0.36146526872302903 0.8756482914112432 
133 -1 0.9181261712588904 1.030000459298783 
134 1 0.4175044617736146 0.562079347549001 
135 -1 1.1241963396977706 0.6598854634301543 
136 1 0.4987695950234441 0.21559070381087153 
137 -1 1.0843045147265753 1.529198857002269 
138 -1 1.2327457402448843 1.2335064572998131 
139 1 0.6230856877861278 0.6100064209473354 
140 1 0.35660285318692225 0.3320532064600117 
141 -1 1.044335860441801 0.34999068982781967 
142 1 0.2429593665387974 0.9277762510146677 
143 1 0.6724501298759097 0.22520050351165552 
144 -1 1.1745590445986873 0.7835093041911574 
145 -1 1.2517682289442187 0.3461656346613498 
146 1 0.3944421101166347 1.1120823726173326 
147 1 0.9606913973110502 0.44445005552915434 
148 -1 0.689283560559709 0.42729281094075344 
149 -1 1.2920009951314313 1.3685690326565727 
150 -1 0.8635791146877381 0.36589184340360437 
151 -1 1.153154553414733 0.7965599561551266 
152 -1 1.1044243232809312 0.6059008339696452 
153 1 0.5188333796660363 0.46212754831208874 
154 -1 1.153909703326599 0.8609670442900287 
155 1 0.5416271176471013 0.8076505772421245 
156 1 0.14079520927894545 1.2873820794634028 
157 -1 1.1490716486575074 0.671747414471219 
158 -1 0.8632525989614503 0.9674179963278442 
159 -1 0.7949075947739215 0.6187575557866417 
160 -1 1.0014840772037952 0.6180759201622966 
161 -1 0.7062523715923682 0.5296804878868081 
162 1 0.35829554457300433 0.8520055949614462 
163 -1 1.093696932733895 1.328752398081046 
164 -1 0.9128889648964347 1.1875422330554761 
165 1 0.6716976019304423 0.4393072674330036 
166 -1 1.1806609738570095 0.7724797319644804 
167 1 0.6627524406254749 0.3367663135345753 
168 1 0.2607185526585163 0.9748527413940218 
169 -1 1.3485781822794536 1.0490667198743784 
170 -1 0.9884537844628712 0.9102945954728315 
171 -1 1.126344278241154 1.3077882266723475 
172 1 0.2529519033375732 0.9642200288347087 
173 1 0.5450957633337404 0.38390599151856925 
174 1 0.7007244211583684 0.4387226836858446 
175 1 0.18007358421658456 1.0619656928941597 
176 1 0.5810556076889871 0.2120332441994722 
177 1 0.4811890391605923 0.5493104863669074 
178 -1 1.1786591123354708 0.8016986734746565 
179 1 0.6729415698588588 0.2394222717839973 
