id label data 
0 1 0.5172523480492086 0.3860156698007463 
1 -1 0.9107225997947545 0.9863316958367394 
2 1 0.49859215058470746 1.054293781257898 
3 -1 1.0060870796074521 0.7406510854656445 
4 -1 1.1293361179324195 0.7233591243105721 
5 -1 1.1132794636098426 0.5722328636580076 
6 1 0.21580042704790545 0.7844793811256738 
7 1 0.10714331545492431 1.2526760620899362 
8 1 0.27944869063448374 0.9848719526120823 
9 -1 1.1011247170819098 1.2126499215772926 
10 1 0.32255125831317216 0.6472487164563543 
11 -1 0.9884537844628712 0.9102945954728315 
12 -1 1.0201489787472522 1.2349861064769905 
13 1 0.35660285318692225 0.3320532064600117 
14 -1 1.1732420210807855 0.6419765020780921 
15 1 0.7183182751610103 0.7131541222791603 
16 -1 1.0943562921251535 1.3678972507504041 
17 1 0.4808160843737972 0.30175945409654126 
18 1 0.6462843970488682 0.5967547356050934 
19 -1 1.3849599347206545 0.64567054458186 
20 1 0.6230856877861278 0.6100064209473354 
21 -1 0.7369800624553723 0.48928404228754857 
22 1 0.508590936083002 0.5350570072224227 
23 -1 0.8635791146877381 0.36589184340360437 
24 -1 1.0746215674185342 1.3204145308684163 
25 1 0.2529519033375732 0.9642200288347087 
26 -1 0.8896511737284079 1.5056771790862962 
27 -1 1.1188495053103977 0.648300955686393 
28 -1 1.2115262982085935 0.7127759840163744 
29 -1 1.0371116683038273 0.49090758608532625 
30 -1 1.0371399772861645 1.4954839930917097 
31 -1 1.1490716486575074 0.671747414471219 
32 -1 1.1241963396977706 0.6598854634301543 
33 -1 1.394662179314301 0.6720565164771117 
34 -1 0.9986272711713825 0.4213668407075743 
35 -1 0.862795816589293 0.5650705059134324 
36 1 0.3670278967149856 1.0623630851156258 
37 1 0.5760174327792684 0.44748748392966714 
38 -1 0.689283560559709 0.42729281094075344 
39 -1 1.0745788485226508 0.4805018205349766 
40 1 0.5912002829149174 1.0397890112982502 
41 -1 0.969836291282953 0.8207590471287474 
42 -1 0.806777241726217 1.3106068253789995 
43 1 0.8130468346760996 0.27742146249108796 
44 1 0.6544371713491576 0.5956517676071085 
45 1 0.7667872733173986 0.8300892028132194 
46 1 0.3247423877703615 1.0991708451121587 
47 -1 0.9772930086385742 1.3969765581138631 
48 -1 1.1620349452463612 0.5425345931758807 
49 -1 1.093696932733895 1.328752398081046 
50 1 0.5096938912205127 1.0164408257688664 
51 -1 1.1189374773659257 1.3199004961103835 
52 1 0.49490570430036224 0.4260963453572069 
53 -1 0.9313524275306391 0.7788714891332773 
54 1 0.35829554457300433 0.8520055949614462 
55 1 0.6926139857949862 0.7038332609269068 
56 1 0.4114491615390483 0.5652925794018316 
57 1 0.46381913587264983 0.45241534316865023 
58 -1 1.1232009370797391 0.7104005338503431 
59 1 0.6813552400437238 0.4995725627906258 
60 1 1.026076366789606 0.4142840578647777 
61 1 0.680139564969795 0.8465062478193505 
62 1 0.6627524406254749 0.3367663135345753 
63 -1 1.2318751694277854 0.773998976548547 
64 -1 1.2517682289442187 0.3461656346613498 
65 -1 0.8680574233888371 0.33041831531707067 
66 -1 0.9993361158780866 0.792714049656987 
67 -1 1.356072445142349 1.1390214050006597 
68 1 0.24599360976326903 1.0588708520273522 
69 1 0.3533382396776809 0.532334435904901 
70 1 0.5225178520162134 0.7264989371226658 
71 -1 0.7949075947739215 0.6187575557866417 
72 -1 0.9423843256337059 0.3978359466169762 
73 1 0.4987695950234441 0.21559070381087153 
74 1 0.4996660773939391 0.7010101532950457 
75 1 0.5195832109023802 1.0955491310684058 
76 1 0.18007358421658456 1.0619656928941597 
77 -1 1.5707963267948966 0.6636541106324042 
78 1 0.5053007643221188 0.4185695094347937 
79 -1 1.3192631095604508 0.6509466302266471 
80 -1 1.1243597018227025 0.4946703701851028 
81 -1 1.0246634059441424 0.43887867964544625 
82 1 0.716043032936426 0.44471774060010866 
83 -1 1.0841395339644864 0.7932610414419746 
84 1 0.6729415698588588 0.2394222717839973 
85 1 0.6724501298759097 0.22520050351165552 
86 -1 1.193604487810629 1.1417295468226567 
87 -1 1.2920009951314313 1.3685690326565727 
88 1 0.9606913973110502 0.44445005552915434 
89 1 0.9982606015298168 0.3429328934556048 
90 -1 0.9382204915982133 0.7076342465354216 
91 1 0.11757601606677125 0.8731348431838645 
92 1 0.47103150502537694 0.9105875795154728 
93 -1 1.066348926140017 0.43142982609160363 
94 1 0.4811890391605923 0.5493104863669074 
95 1 0.5794847663028484 1.2137914948991828 
96 1 0.6469229546029751 0.4405056312338304 
97 1 0.6060582753612969 0.622928761621619 
98 1 0.48013914620694276 0.4714380883441609 
99 -1 0.7062523715923682 0.5296804878868081 
100 1 0.5188333796660363 0.46212754831208874 
101 -1 1.0452782156370868 0.48937214489589015 
102 -1 1.1240812742352806 1.3387426242372982 
103 1 0.2607185526585163 0.9748527413940218 
104 -1 1.0954667839181969 1.0578793128156476 
105 -1 0.7722818412676765 1.035302734992593 
106 -1 1.1044243232809312 0.6059008339696452 
107 -1 1.0146457450179673 0.8900489863158573 
108 -1 1.0771887610658968 0.4315132023634318 
109 -1 1.1763152546117366 1.4160257492481316 
110 1 0.004856344401314093 1.2385347617918203 
111 1 0.7445118911876563 0.47358427470467424 
112 1 0.6159148163147941 0.34691753858060426 
113 -1 1.1631740970779516 0.5482727317629966 
114 1 0.4577757167243186 0.6630863329177284 
115 -1 1.2606618613455525 1.1575177209756347 
116 -1 1.1235426804754747 0.6271312727415373 
117 -1 1.1252916393589572 0.5408990457007672 
118 -1 0.8632525989614503 0.9674179963278442 
119 1 0.04449263446618525 1.2210824012472232 
