id label data 
0 -1 1.044335860441801 0.34999068982781967 
1 -1 0.9769671200809548 0.8056733003861168 
2 -1 1.0113178895845067 0.3806216132386492 
3 1 0.2940221353848589 0.6413528726834701 
4 -1 0.9107225997947545 0.9863316958367394 
5 -1 1.1620349452463612 0.5425345931758807 
6 1 0.4114491615390483 0.5652925794018316 
7 -1 1.2115262982085935 0.7127759840163744 
8 -1 1.0658138406001052 0.7818842927663324 
9 1 0.4996660773939391 0.7010101532950457 
10 1 0.6469229546029751 0.4405056312338304 
11 1 0.5450957633337404 0.38390599151856925 
12 1 0.5195832109023802 1.0955491310684058 
13 1 0.2715509225960918 1.0851270068587084 
14 1 0.4905026064519391 0.3743525667645098 
15 1 0.2653015066563458 1.216375702277811 
16 -1 1.1786591123354708 0.8016986734746565 
17 -1 0.9550442053216044 0.8264205694934237 
18 -1 1.0419353817486452 0.9607143174921653 
19 -1 1.338586044468526 0.587388268333201 
20 1 0.42961278475041875 0.86899255891013 
21 -1 1.0771887610658968 0.4315132023634318 
22 -1 1.3403816043278816 0.7304957191772806 
23 -1 1.0952633395111353 0.8059349970461703 
24 -1 0.7722818412676765 1.035302734992593 
25 -1 1.153154553414733 0.7965599561551266 
26 1 0.4808160843737972 0.30175945409654126 
27 1 0.0 1.338226859439006 
28 -1 1.1240812742352806 1.3387426242372982 
29 -1 1.0841395339644864 0.7932610414419746 
30 1 0.5602612744822226 0.5946223606588228 
31 -1 1.1903616994604085 1.208999783922692 
32 -1 1.2920009951314313 1.3685690326565727 
33 1 0.6091444784728615 1.222743501695171 
34 -1 1.1415621377944574 0.5031456722247992 
35 1 0.6237456637026301 0.40397320774158413 
36 -1 0.9359207129454862 1.1487373666272813 
37 1 0.7183182751610103 0.7131541222791603 
38 1 0.3533382396776809 0.532334435904901 
39 -1 1.0201489787472522 1.2349861064769905 
40 -1 1.066348926140017 0.43142982609160363 
41 1 0.3719666319439401 1.036169877934714 
42 -1 0.7436484255711815 0.9971988045583408 
43 -1 0.7949075947739215 0.6187575557866417 
44 1 0.19551345800153047 1.03006153549266 
45 1 0.530228215368643 0.5566449435723498 
46 -1 0.6651674563596304 0.5965281830905732 
47 -1 1.1876762134397882 0.5957705989468861 
48 1 0.33911766333774745 0.9576872688717724 
49 1 0.7350727233070514 0.6355931246647067 
50 -1 1.094664122768836 0.2302629402669059 
51 1 0.39848679424815076 0.8299223822709938 
52 1 0.6319027996500166 0.257674775004899 
53 1 0.9137748495387761 0.7652602269655059 
54 -1 1.1826923586041973 0.4773114838113965 
55 -1 1.0092604259478157 0.338572983619541 
56 -1 1.3849599347206545 0.64567054458186 
57 -1 1.0954667839181969 1.0578793128156476 
58 -1 1.1490716486575074 0.671747414471219 
59 -1 1.394662179314301 0.6720565164771117 
60 1 0.4987695950234441 0.21559070381087153 
61 -1 0.8245060276825922 1.4906645575416186 
62 1 0.4499366611692238 0.9845429004769001 
63 -1 1.2509226825246786 0.8967380658099708 
64 1 0.5760174327792684 0.44748748392966714 
65 1 0.48013914620694276 0.4714380883441609 
66 1 0.3653594751063816 0.5117939793536572 
67 -1 1.1732420210807855 0.6419765020780921 
68 -1 0.969836291282953 0.8207590471287474 
69 -1 1.0746215674185342 1.3204145308684163 
70 -1 1.0745856778443579 0.47048144255402885 
71 -1 0.8225680548099772 0.4380787232823969 
72 -1 1.1235426804754747 0.6271312727415373 
73 1 0.6544371713491576 0.5956517676071085 
74 1 0.5416271176471013 0.8076505772421245 
75 -1 1.1631740970779516 0.5482727317629966 
76 1 0.5536096782227183 0.5180787935869159 
77 -1 1.1556697675047114 1.3117133948162722 
78 -1 0.8632525989614503 0.9674179963278442 
79 -1 1.314830181358784 0.9610879216488238 
80 1 0.5794847663028484 1.2137914948991828 
81 -1 1.0745788485226508 0.4805018205349766 
82 -1 1.0146457450179673 0.8900489863158573 
83 1 0.6962559065602019 0.6372458048779581 
84 -1 1.2752870698150394 0.9775788039332165 
85 1 0.6916741139125566 0.8120155940034338 
86 1 0.07761822292692519 1.354589428686433 
87 1 0.680139564969795 0.8465062478193505 
88 1 0.6114814547715403 0.46457731033180766 
89 1 0.6920618188342617 0.33552926733739563 
90 -1 1.1183720173855605 0.6161934964817168 
91 1 0.4391908872389156 0.49668750323459415 
92 -1 1.2621827664036547 0.5320755809228822 
93 -1 1.193604487810629 1.1417295468226567 
94 -1 0.7369800624553723 0.48928404228754857 
95 1 0.6610851514110223 0.5644635984542264 
96 1 0.317040556009064 1.1564058924011948 
97 -1 1.2379134882893021 1.0686757901934294 
98 1 0.6060582753612969 0.622928761621619 
99 1 0.5595935629184992 0.22481410603507404 
100 1 0.43332710125879903 0.4159025182680489 
101 1 0.625612646187311 0.2533234328622389 
102 1 0.9716884810009907 0.8590953393831884 
103 -1 1.2516941364915082 1.1269894026893215 
104 1 0.6159148163147941 0.34691753858060426 
105 -1 0.9473710325174316 0.3185980209326701 
106 -1 1.1719726098778278 1.040539405162785 
107 1 0.716043032936426 0.44471774060010866 
108 -1 0.9961236254792991 1.4231828149503714 
109 -1 1.1132794636098426 0.5722328636580076 
110 -1 1.1952009625443272 1.398486204641309 
111 1 0.6177130937076885 0.9289132961696447 
112 1 0.2785645460327852 1.0910137264942616 
113 -1 1.3673967429162446 0.9388834311894647 
114 1 0.40345012525030527 0.9342045915176799 
115 -1 1.1188495053103977 0.648300955686393 
116 -1 0.8467092597195094 0.41822023836855016 
117 -1 1.206235387430483 1.2174509603384476 
118 1 0.40471037283642713 0.5325900120569057 
119 1 0.21580042704790545 0.7844793811256738 
