id label data 
0 1 0.7827524191747304 0.39500867046194005 
1 1 0.6177130937076885 0.9289132961696447 
2 -1 1.2240815886308014 1.0841164238445373 
3 -1 0.8896511737284079 1.5056771790862962 
4 -1 1.0371116683038273 0.49090758608532625 
5 -1 1.1903616994604085 1.208999783922692 
6 1 0.41043557517990903 1.1980394786062545 
7 1 0.6578580551557414 0.5601266384415062 
8 -1 0.6714685218066612 0.37265265892596 
9 -1 0.9961236254792991 1.4231828149503714 
10 1 0.47103150502537694 0.9105875795154728 
11 1 0.6926139857949862 0.7038332609269068 
12 -1 1.3849599347206545 0.64567054458186 
13 -1 1.0771887610658968 0.4315132023634318 
14 -1 1.0745788485226508 0.4805018205349766 
15 1 0.6920618188342617 0.33552926733739563 
16 1 0.49859215058470746 1.054293781257898 
17 1 0.6319027996500166 0.257674775004899 
18 1 0.38188834578239905 0.515486244463311 
19 -1 0.9587132684664972 0.7773070376770566 
20 1 0.530228215368643 0.5566449435723498 
21 1 0.7183182751610103 0.7131541222791603 
22 -1 1.2516941364915082 1.1269894026893215 
23 -1 1.193604487810629 1.1417295468226567 
24 1 0.4499366611692238 0.9845429004769001 
25 -1 1.1695882561230915 0.4999559073086525 
26 -1 0.8902197198985302 0.351567920327407 
27 1 0.48013914620694276 0.4714380883441609 
28 1 0.4808160843737972 0.30175945409654126 
29 -1 0.8680574233888371 0.33041831531707067 
30 1 0.3222648851431886 1.0904403391274804 
31 -1 1.1132794636098426 0.5722328636580076 
32 1 0.49490570430036224 0.4260963453572069 
33 -1 1.2014498260945676 1.400867348179032 
34 1 0.3158081357504249 1.0573201266271302 
35 -1 1.2318751694277854 0.773998976548547 
36 1 0.2940221353848589 0.6413528726834701 
37 -1 1.206235387430483 1.2174509603384476 
38 1 0.6916741139125566 0.8120155940034338 
39 1 0.741281991194481 0.6422705596441902 
40 1 0.5053007643221188 0.4185695094347937 
41 -1 0.9986272711713825 0.4213668407075743 
42 -1 1.1240812742352806 1.3387426242372982 
43 -1 1.2606618613455525 1.1575177209756347 
44 -1 0.950645467908563 0.34028193619958613 
45 -1 1.1056672165228554 1.087010701108023 
46 1 0.9982606015298168 0.3429328934556048 
47 -1 1.0060870796074521 0.7406510854656445 
48 -1 0.8467092597195094 0.41822023836855016 
49 1 0.6591334872333628 0.7478331355569893 
50 -1 1.205024285167969 0.8419950284508071 
51 1 0.5096938912205127 1.0164408257688664 
52 -1 1.1876762134397882 0.5957705989468861 
53 -1 0.9284619030913474 0.9992042186432358 
54 1 0.2730826533911676 1.381079547803308 
55 -1 1.1415621377944574 0.5031456722247992 
56 -1 1.1952009625443272 1.398486204641309 
57 1 0.3907718395490023 1.2533396070954612 
58 -1 1.338586044468526 0.587388268333201 
59 1 1.026076366789606 0.4142840578647777 
60 1 0.2785645460327852 1.0910137264942616 
61 -1 1.356072445142349 1.1390214050006597 
62 1 0.5912002829149174 1.0397890112982502 
63 1 0.5794847663028484 1.2137914948991828 
64 -1 1.0952633395111353 0.8059349970461703 
65 1 0.10714331545492431 1.2526760620899362 
66 1 0.5172523480492086 0.3860156698007463 
67 -1 1.1174813447089724 0.7138151279454592 
68 -1 1.2106116161901046 1.0787858822694836 
69 1 0.2197779558750646 0.9800624011112428 
70 1 0.41584668878691045 0.7596723692148659 
71 1 0.5150410033049541 0.7846119591351279 
72 -1 1.0371399772861645 1.4954839930917097 
73 -1 1.1826923586041973 0.4773114838113965 
74 1 0.23211314174265482 0.9019397717975239 
75 1 0.4577757167243186 0.6630863329177284 
76 -1 0.9769671200809548 0.8056733003861168 
77 -1 0.9473710325174316 0.3185980209326701 
78 1 0.3670278967149856 1.0623630851156258 
79 1 0.4391908872389156 0.49668750323459415 
80 -1 0.969836291282953 0.8207590471287474 
81 -1 1.2981726564666338 1.0818338454647303 
82 -1 0.806777241726217 1.3106068253789995 
83 -1 1.3023319171031156 1.1406892268317697 
84 -1 1.3673967429162446 0.9388834311894647 
85 -1 0.9518940365302642 0.6779251592263891 
86 1 0.4114491615390483 0.5652925794018316 
87 1 0.6575468594714968 0.31672178958822345 
88 -1 1.0658138406001052 0.7818842927663324 
89 1 0.11757601606677125 0.8731348431838645 
90 1 0.2884230404964752 0.5017228008730888 
91 1 0.40345012525030527 0.9342045915176799 
92 -1 1.0146457450179673 0.8900489863158573 
93 1 0.7405791653952554 0.3415668920771554 
94 -1 1.1556697675047114 1.3117133948162722 
95 -1 1.2908289411790324 1.0369874312303675 
96 -1 1.1734519985909218 0.6249384367087961 
97 -1 0.9382204915982133 0.7076342465354216 
98 1 0.5760174327792684 0.44748748392966714 
99 -1 1.1252916393589572 0.5408990457007672 
100 -1 1.5707963267948966 0.6636541106324042 
101 1 0.680139564969795 0.8465062478193505 
102 1 0.5225178520162134 0.7264989371226658 
103 1 0.6962559065602019 0.6372458048779581 
104 1 0.5195832109023802 1.0955491310684058 
105 -1 0.7436484255711815 0.9971988045583408 
106 1 0.42961278475041875 0.86899255891013 
107 -1 1.019307143647076 0.7891749564263043 
108 -1 0.9988099878339783 0.6511676570976381 
109 -1 1.1189374773659257 1.3199004961103835 
110 -1 0.8225680548099772 0.4380787232823969 
111 -1 1.1188495053103977 0.648300955686393 
112 1 0.39102360572116296 0.9547785339379025 
113 1 0.3533382396776809 0.532334435904901 
114 1 0.24599360976326903 1.0588708520273522 
115 -1 1.1986303398582947 0.7091133317260313 
116 1 0.6114814547715403 0.46457731033180766 
117 -1 1.314830181358784 0.9610879216488238 
118 -1 0.6395908331710723 0.4231007077823203 
119 1 0.9137748495387761 0.7652602269655059 
