id label data 
0 -1 0.8245060276825922 1.4906645575416186 
1 -1 1.126344278241154 1.3077882266723475 
2 -1 1.0658138406001052 0.7818842927663324 
3 -1 1.1746170871991213 0.49464473152903254 
4 1 0.43332710125879903 0.4159025182680489 
5 1 0.6575468594714968 0.31672178958822345 
6 1 0.6610851514110223 0.5644635984542264 
7 -1 0.965763356240688 0.4158444078396544 
8 1 0.6319027996500166 0.257674775004899 
9 -1 0.8225680548099772 0.4380787232823969 
10 -1 1.153909703326599 0.8609670442900287 
11 1 0.40345012525030527 0.9342045915176799 
12 1 0.5595935629184992 0.22481410603507404 
13 -1 0.9128889648964347 1.1875422330554761 
14 1 0.7689134945450296 0.35706043297805884 
15 -1 1.2014498260945676 1.400867348179032 
16 -1 1.1415621377944574 0.5031456722247992 
17 -1 1.3403816043278816 0.7304957191772806 
18 1 0.2429593665387974 0.9277762510146677 
19 1 0.3719666319439401 1.036169877934714 
20 -1 1.0113178895845067 0.3806216132386492 
21 1 0.9716884810009907 0.8590953393831884 
22 -1 1.1986303398582947 0.7091133317260313 
23 1 0.19113201023359283 1.0650500820759636 
24 -1 1.2106116161901046 1.0787858822694836 
25 -1 1.0745856778443579 0.47048144255402885 
26 -1 0.8902197198985302 0.351567920327407 
27 -1 1.0092604259478157 0.338572983619541 
28 -1 1.094664122768836 0.2302629402669059 
29 1 0.07761822292692519 1.354589428686433 
30 1 0.2426711774664555 1.1004780419689673 
31 -1 0.7821007089173081 0.45206158764257925 
32 1 0.14737935922108283 0.9461913322039684 
33 1 0.39848679424815076 0.8299223822709938 
34 1 0.14079520927894545 1.2873820794634028 
35 -1 1.019307143647076 0.7891749564263043 
36 1 0.38188834578239905 0.515486244463311 
37 -1 0.8420062835672643 1.3232451775434753 
38 1 0.5416271176471013 0.8076505772421245 
39 -1 0.6714685218066612 0.37265265892596 
40 1 0.24221606979953436 0.9789013326895508 
41 1 0.33911766333774745 0.9576872688717724 
42 1 0.4905026064519391 0.3743525667645098 
43 1 0.5243718310513307 0.24049240641230718 
44 -1 0.9988099878339783 0.6511676570976381 
45 1 0.4607969845775467 0.9712339190835544 
46 1 0.40471037283642713 0.5325900120569057 
47 -1 1.2927289276698615 0.9720236573935076 
48 1 0.023934929946044202 1.099841479192407 
49 1 0.5602612744822226 0.5946223606588228 
50 1 0.6920618188342617 0.33552926733739563 
51 1 0.33986633073085726 0.4699530710367342 
52 -1 0.8290302753838824 1.449302785966582 
53 -1 0.7497328026405629 0.26827604139112554 
54 -1 1.0779335357770479 0.8672900546419983 
55 -1 1.1952009625443272 1.398486204641309 
56 1 0.5450957633337404 0.38390599151856925 
57 1 0.3158081357504249 1.0573201266271302 
58 1 0.39043796856280755 0.42591190952478375 
59 1 0.42961278475041875 0.86899255891013 
60 -1 1.2509226825246786 0.8967380658099708 
61 -1 1.1719726098778278 1.040539405162785 
62 1 0.3907718395490023 1.2533396070954612 
63 -1 1.2981726564666338 1.0818338454647303 
64 -1 1.1903616994604085 1.208999783922692 
65 1 0.3222648851431886 1.0904403391274804 
66 -1 0.7436484255711815 0.9971988045583408 
67 -1 1.1056672165228554 1.087010701108023 
68 -1 1.1695882561230915 0.4999559073086525 
69 -1 1.1734519985909218 0.6249384367087961 
70 -1 1.052305355627102 0.6991900898899199 
71 1 0.5150410033049541 0.7846119591351279 
72 -1 0.9785701707878962 1.1227663222404085 
73 -1 1.206235387430483 1.2174509603384476 
74 -1 1.1174813447089724 0.7138151279454592 
75 -1 1.1117920237733139 1.2844772757317067 
76 -1 1.3485781822794536 1.0490667198743784 
77 -1 0.9625532143831127 1.4238240760364893 
78 1 0.2645404164012114 0.8440870842226589 
79 1 0.23211314174265482 0.9019397717975239 
80 1 0.6962559065602019 0.6372458048779581 
81 -1 0.9181261712588904 1.030000459298783 
82 -1 0.8467092597195094 0.41822023836855016 
83 -1 1.044335860441801 0.34999068982781967 
84 -1 1.2639665178272443 0.9129762773746505 
85 1 0.48141070228834787 0.4445689031429175 
86 -1 1.020001183439917 0.7505412473983979 
87 -1 1.3023319171031156 1.1406892268317697 
88 -1 1.2908289411790324 1.0369874312303675 
89 -1 1.0843045147265753 1.529198857002269 
90 -1 1.2752870698150394 0.9775788039332165 
91 -1 1.153154553414733 0.7965599561551266 
92 -1 1.1806609738570095 0.7724797319644804 
93 -1 1.1876762134397882 0.5957705989468861 
94 -1 0.9587132684664972 0.7773070376770566 
95 -1 1.2792113607857158 1.3185233561806207 
96 1 0.0 1.338226859439006 
97 1 0.34015229409988307 0.8473941322375012 
98 1 0.2715509225960918 1.0851270068587084 
99 -1 1.0952633395111353 0.8059349970461703 
100 -1 1.2820606072404686 0.8365126042386845 
101 1 0.6716976019304423 0.4393072674330036 
102 1 0.41584668878691045 0.7596723692148659 
103 1 0.2730826533911676 1.381079547803308 
104 1 0.6177130937076885 0.9289132961696447 
105 1 0.7007244211583684 0.4387226836858446 
106 1 0.530228215368643 0.5566449435723498 
107 -1 1.314830181358784 0.9610879216488238 
108 -1 1.1556697675047114 1.3117133948162722 
109 1 0.5447562064909348 0.6416144571414204 
110 -1 0.8249243820666284 0.661613335196954 
111 1 0.7350727233070514 0.6355931246647067 
112 1 0.2197779558750646 0.9800624011112428 
113 -1 0.9518940365302642 0.6779251592263891 
114 -1 1.2379134882893021 1.0686757901934294 
115 1 0.6237456637026301 0.40397320774158413 
116 1 0.4391908872389156 0.49668750323459415 
117 -1 1.1039195941289257 0.8498121003406078 
118 1 0.2785645460327852 1.0910137264942616 
119 1 0.4499366611692238 0.9845429004769001 
120 -1 0.9550442053216044 0.8264205694934237 
121 1 0.4495279592756862 0.5017505836733939 
122 1 0.39102360572116296 0.9547785339379025 
123 1 0.317040556009064 1.1564058924011948 
124 -1 0.9961236254792991 1.4231828149503714 
125 1 0.5161256303916918 0.7719821354269158 
126 -1 1.338586044468526 0.587388268333201 
127 1 0.2940221353848589 0.6413528726834701 
128 1 0.3078793807271881 1.0201471495555474 
129 1 0.3653594751063816 0.5117939793536572 
130 1 0.23921398882599784 1.317989522200617 
131 -1 0.6667493485087423 0.5109047043138238 
132 1 0.8117127755159189 0.6008699718145026 
133 -1 0.9359207129454862 1.1487373666272813 
134 1 0.41043557517990903 1.1980394786062545 
135 -1 0.9473710325174316 0.3185980209326701 
136 -1 0.6395908331710723 0.4231007077823203 
137 1 0.5536096782227183 0.5180787935869159 
138 -1 1.2621827664036547 0.5320755809228822 
139 -1 1.2327457402448843 1.2335064572998131 
140 -1 0.6651674563596304 0.5965281830905732 
141 1 0.36540553337570336 1.183141743842185 
142 -1 1.2516941364915082 1.1269894026893215 
143 -1 0.9769671200809548 0.8056733003861168 
144 1 0.4175044617736146 0.562079347549001 
145 1 0.3944421101166347 1.1120823726173326 
146 -1 1.1826923586041973 0.4773114838113965 
147 1 0.784639249854425 0.37565895137585964 
148 -1 1.3673967429162446 0.9388834311894647 
149 -1 1.1929071668383526 0.6726277807232396 
150 1 0.741281991194481 0.6422705596441902 
151 -1 1.205024285167969 0.8419950284508071 
152 -1 0.8028856791143236 0.4790701968624586 
153 -1 1.1745590445986873 0.7835093041911574 
154 1 0.6591334872333628 0.7478331355569893 
155 1 0.19551345800153047 1.03006153549266 
156 1 0.36146526872302903 0.8756482914112432 
157 1 0.9137748495387761 0.7652602269655059 
158 -1 1.0419353817486452 0.9607143174921653 
159 -1 0.950645467908563 0.34028193619958613 
160 1 0.7405791653952554 0.3415668920771554 
161 1 0.7827524191747304 0.39500867046194005 
162 1 0.2884230404964752 0.5017228008730888 
163 1 0.2653015066563458 1.216375702277811 
164 1 0.3012331112028759 0.4658170701464848 
165 -1 0.8996609172112003 0.27621758291019904 
166 1 0.19830140296852303 1.0034804986758874 
167 -1 1.2240815886308014 1.0841164238445373 
168 -1 1.1786591123354708 0.8016986734746565 
169 -1 1.1183720173855605 0.6161934964817168 
170 1 0.6916741139125566 0.8120155940034338 
171 -1 1.0014840772037952 0.6180759201622966 
172 1 0.3164174439363938 1.2153952809820736 
173 1 0.6114814547715403 0.46457731033180766 
174 1 0.6578580551557414 0.5601266384415062 
175 1 0.6091444784728615 1.222743501695171 
176 1 0.5810556076889871 0.2120332441994722 
177 1 0.625612646187311 0.2533234328622389 
178 1 0.2297874370473965 1.1397298854955191 
179 -1 0.9284619030913474 0.9992042186432358 
