id label data 
0 1 0.530228215368643 0.5566449435723498 
1 -1 0.9284619030913474 0.9992042186432358 
2 1 0.6591334872333628 0.7478331355569893 
3 1 0.4996660773939391 0.7010101532950457 
4 1 0.6916741139125566 0.8120155940034338 
5 1 0.9716884810009907 0.8590953393831884 
6 -1 1.2920009951314313 1.3685690326565727 
7 -1 0.6714685218066612 0.37265265892596 
8 -1 1.3849599347206545 0.64567054458186 
9 -1 1.1620349452463612 0.5425345931758807 
10 1 0.5172523480492086 0.3860156698007463 
11 -1 1.0201489787472522 1.2349861064769905 
12 1 0.5450957633337404 0.38390599151856925 
13 1 0.6920618188342617 0.33552926733739563 
14 -1 1.0113178895845067 0.3806216132386492 
15 -1 1.2318751694277854 0.773998976548547 
16 1 0.7405791653952554 0.3415668920771554 
17 1 0.7007244211583684 0.4387226836858446 
18 1 0.24221606979953436 0.9789013326895508 
19 -1 1.1132794636098426 0.5722328636580076 
20 1 0.3078793807271881 1.0201471495555474 
21 -1 0.7436484255711815 0.9971988045583408 
22 1 0.40471037283642713 0.5325900120569057 
23 -1 1.2509226825246786 0.8967380658099708 
24 1 0.49490570430036224 0.4260963453572069 
25 1 0.5150410033049541 0.7846119591351279 
26 1 0.39848679424815076 0.8299223822709938 
27 1 0.680139564969795 0.8465062478193505 
28 1 0.3653594751063816 0.5117939793536572 
29 -1 0.9550442053216044 0.8264205694934237 
30 -1 1.356072445142349 1.1390214050006597 
31 1 0.5602612744822226 0.5946223606588228 
32 1 0.2429593665387974 0.9277762510146677 
33 -1 1.0371116683038273 0.49090758608532625 
34 -1 1.126344278241154 1.3077882266723475 
35 1 0.6237456637026301 0.40397320774158413 
36 1 0.023934929946044202 1.099841479192407 
37 1 0.2529519033375732 0.9642200288347087 
38 -1 1.3673967429162446 0.9388834311894647 
39 1 0.10714331545492431 1.2526760620899362 
40 -1 1.1986303398582947 0.7091133317260313 
41 -1 1.1719726098778278 1.040539405162785 
42 -1 1.1189374773659257 1.3199004961103835 
43 -1 1.0146457450179673 0.8900489863158573 
44 1 0.6091444784728615 1.222743501695171 
45 1 0.5161256303916918 0.7719821354269158 
46 1 0.625612646187311 0.2533234328622389 
47 -1 1.2517682289442187 0.3461656346613498 
48 1 0.004856344401314093 1.2385347617918203 
49 1 0.36146526872302903 0.8756482914112432 
50 -1 1.1011247170819098 1.2126499215772926 
51 1 0.5595935629184992 0.22481410603507404 
52 -1 1.1240812742352806 1.3387426242372982 
53 1 0.6159148163147941 0.34691753858060426 
54 -1 0.8635791146877381 0.36589184340360437 
55 1 0.19551345800153047 1.03006153549266 
56 -1 1.153154553414733 0.7965599561551266 
57 -1 1.1241963396977706 0.6598854634301543 
58 -1 0.7062523715923682 0.5296804878868081 
59 -1 0.9988099878339783 0.6511676570976381 
60 1 0.14737935922108283 0.9461913322039684 
61 1 0.4175044617736146 0.562079347549001 
62 -1 0.9107225997947545 0.9863316958367394 
63 -1 1.2639665178272443 0.9129762773746505 
64 -1 1.2327457402448843 1.2335064572998131 
65 1 0.6177130937076885 0.9289132961696447 
66 -1 1.0841395339644864 0.7932610414419746 
67 1 0.4987695950234441 0.21559070381087153 
68 -1 0.8225680548099772 0.4380787232823969 
69 1 0.716043032936426 0.44471774060010866 
70 1 0.4114491615390483 0.5652925794018316 
71 1 0.6729415698588588 0.2394222717839973 
72 -1 1.1732420210807855 0.6419765020780921 
73 1 0.6813552400437238 0.4995725627906258 
74 1 0.3247423877703615 1.0991708451121587 
75 1 0.5760174327792684 0.44748748392966714 
76 -1 0.7722818412676765 1.035302734992593 
77 -1 1.0658138406001052 0.7818842927663324 
78 -1 0.965763356240688 0.4158444078396544 
79 -1 0.7821007089173081 0.45206158764257925 
80 1 0.41043557517990903 1.1980394786062545 
81 -1 0.9884537844628712 0.9102945954728315 
82 1 0.46381913587264983 0.45241534316865023 
83 -1 1.193604487810629 1.1417295468226567 
84 1 0.4808160843737972 0.30175945409654126 
85 -1 1.0779335357770479 0.8672900546419983 
86 1 0.2197779558750646 0.9800624011112428 
87 1 0.2607185526585163 0.9748527413940218 
88 1 0.2715509225960918 1.0851270068587084 
89 -1 1.394662179314301 0.6720565164771117 
90 1 0.5416271176471013 0.8076505772421245 
91 -1 0.9518940365302642 0.6779251592263891 
92 1 0.9982606015298168 0.3429328934556048 
93 1 0.39102360572116296 0.9547785339379025 
94 1 0.5053007643221188 0.4185695094347937 
95 -1 1.019307143647076 0.7891749564263043 
96 -1 1.1235426804754747 0.6271312727415373 
97 -1 0.9128889648964347 1.1875422330554761 
98 1 0.317040556009064 1.1564058924011948 
99 1 0.23211314174265482 0.9019397717975239 
100 1 0.14079520927894545 1.2873820794634028 
101 -1 1.1786591123354708 0.8016986734746565 
102 1 0.3907718395490023 1.2533396070954612 
103 1 0.24599360976326903 1.0588708520273522 
104 -1 1.3403816043278816 0.7304957191772806 
105 -1 1.1929071668383526 0.6726277807232396 
106 1 0.32255125831317216 0.6472487164563543 
107 -1 0.8896511737284079 1.5056771790862962 
108 1 0.5225178520162134 0.7264989371226658 
109 -1 0.6395908331710723 0.4231007077823203 
110 -1 1.1746170871991213 0.49464473152903254 
111 -1 1.2115262982085935 0.7127759840163744 
112 1 0.38188834578239905 0.515486244463311 
113 1 0.6926139857949862 0.7038332609269068 
114 -1 1.0371399772861645 1.4954839930917097 
115 -1 1.0746215674185342 1.3204145308684163 
116 1 0.6469229546029751 0.4405056312338304 
117 -1 1.1252916393589572 0.5408990457007672 
118 -1 1.1243597018227025 0.4946703701851028 
119 -1 1.2792113607857158 1.3185233561806207 
