25	41	11.9987
5	73	11.9954
25	63	11.994
41	63	11.9928
45	51	11.9926
49	93	11.9822
21	23	11.9807
15	25	11.977
15	63	11.9675
15	41	11.965
11	83	11.9343
19	47	11.9221
65	87	11.9213
59	91	11.9202
27	49	11.9179
3	67	11.9167
27	93	11.9153
57	99	11.9143
77	97	11.9122
5	19	11.8858
17	85	11.8795
27	71	11.8722
11	57	11.8644
19	73	11.8435
29	67	11.8241
33	37	11.8143
5	47	11.8117
21	93	11.8034
27	77	11.8
35	61	11.7994
13	37	11.7942
71	97	11.792
11	61	11.7836
71	77	11.7713
3	9	11.7578
71	93	11.7553
19	69	11.7541
47	73	11.7503
23	93	11.7479
3	29	11.7453
15	91	11.7401
1	65	11.7394
79	85	11.7383
21	49	11.737
59	75	11.7258
61	99	11.7254
55	89	11.724
13	89	11.7232
31	81	11.7209
35	53	11.7163
47	69	11.7129
43	89	11.7073
47	85	11.7067
57	61	11.6996
47	79	11.6963
45	65	11.6923
49	71	11.6759
13	33	11.6754
43	45	11.6666
11	99	11.66
13	55	11.659
67	73	11.6578
5	79	11.6558
1	7	11.6526
51	55	11.6495
23	49	11.6481
51	65	11.6455
15	59	11.6448
57	83	11.6367
41	75	11.6329
73	79	11.6256
25	91	11.6197
27	97	11.618
31	69	11.6169
25	75	11.6137
43	51	11.6071
61	83	11.5999
5	67	11.5939
41	91	11.5893
25	59	11.5806
41	59	11.5649
45	55	11.5637
51	89	11.5513
63	91	11.5494
7	87	11.5463
9	33	11.5461
3	73	11.5395
41	99	11.5371
63	75	11.5314
15	75	11.5292
45	89	11.5288
63	95	11.5261
1	87	11.5162
9	19	11.5074
63	99	11.505
3	5	11.4956
49	77	11.4935
25	99	11.492
59	63	11.4875
21	27	11.4868
7	65	11.4863
77	93	11.4793
19	79	11.4666
75	91	11.4624
45	87	11.4602
9	67	11.4528
17	81	11.4504
53	61	11.4444
53	95	11.4311
23	27	11.4264
25	95	11.4263
41	95	11.4167
15	95	11.4132
11	35	11.4079
75	99	11.4075
3	19	11.3942
51	87	11.3745
23	71	11.3675
17	47	11.3655
19	85	11.3604
3	33	11.3442
5	69	11.3442
21	71	11.3422
9	69	11.3411
19	67	11.3348
35	83	11.3309
83	99	11.3278
35	97	11.3263
17	31	11.3148
17	79	11.3083
5	9	11.306
9	73	11.2969
15	99	11.2793
93	97	11.2696
5	85	11.2663
1	51	11.259
69	73	11.2543
1	45	11.2537
83	97	11.2315
69	85	11.2247
49	97	11.224
29	89	11.2053
43	55	11.2031
29	43	11.1921
57	75	11.1842
73	85	11.1779
31	47	11.1685
33	89	11.1654
31	85	11.1364
35	77	11.1357
41	57	11.1348
35	99	11.129
37	89	11.1246
9	29	11.121
37	55	11.1108
9	47	11.1096
35	57	11.109
43	65	11.1035
57	63	11.0842
25	57	11.0779
29	73	11.0664
17	69	11.0524
29	33	11.0243
81	85	11.0186
43	87	11.0112
61	95	11.0099
61	63	10.9955
37	39	10.9942
3	47	10.9909
47	67	10.9896
19	31	10.9832
41	61	10.9717
13	43	10.9702
95	99	10.97
5	29	10.9698
13	51	10.943
17	19	10.9423
11	97	10.9401
69	79	10.9328
9	37	10.9298
25	61	10.9214
33	67	10.9172
61	97	10.8985
69	81	10.885
13	45	10.8616
33	39	10.8459
53	99	10.8449
13	29	10.8383
35	95	10.8378
15	57	10.8257
3	69	10.8212
21	77	10.7976
33	55	10.7947
67	79	10.7866
55	65	10.7776
3	13	10.7746
23	77	10.7522
77	83	10.7521
3	89	10.7492
59	99	10.7422
11	53	10.7162
5	17	10.7159
9	13	10.7108
71	83	10.7003
15	61	10.6775
91	95	10.6536
3	37	10.6463
19	29	10.6417
53	63	10.6323
65	89	10.6251
23	97	10.6151
11	41	10.6088
17	73	10.6032
21	97	10.6015
53	57	10.5998
67	69	10.5971
67	89	10.595
47	81	10.592
11	63	10.5831
91	99	10.5801
7	45	10.5687
3	79	10.5659
35	71	10.5607
11	25	10.5472
53	97	10.5385
11	75	10.5352
61	77	10.5284
61	75	10.525
41	53	10.5243
7	51	10.5119
53	83	10.503
57	95	10.5022
1	55	10.501
25	53	10.4999
9	39	10.4755
11	77	10.4542
43	67	10.4503
53	77	10.4502
5	31	10.4408
31	79	10.4299
13	67	10.4228
75	95	10.4221
19	33	10.4181
29	37	10.4109
59	95	10.4084
3	43	10.3937
35	63	10.3822
31	49	-10.3788
55	87	10.3657
57	59	10.357
9	79	10.3507
33	43	10.346
15	53	10.3455
27	35	10.3425
87	89	10.3415
1	43	10.3283
35	41	10.3196
29	55	10.3193
31	73	10.3136
9	89	10.2992
11	71	10.2856
33	73	10.2849
57	97	10.2762
11	15	10.2758
25	35	10.2736
29	45	10.2711
11	95	10.27
9	31	10.268
5	33	10.2655
29	51	10.2345
19	81	10.2305
33	69	10.2293
29	47	10.2142
37	43	10.1941
9	85	10.1829
37	67	10.1768
13	39	10.1652
27	83	10.1549
31	93	-10.1543
41	83	10.1437
49	81	-10.1429
57	91	10.1348
63	83	10.1234
37	51	10.1193
27	31	-10.118
67	85	10.1172
61	71	10.1007
79	81	10.1006
75	83	10.083
25	83	10.0822
27	81	-10.0677
29	79	10.0607
3	85	10.0582
15	35	10.0432
1	89	10.0342
37	45	10.0244
21	39	-10.0091
97	99	10.0077
77	81	-10.001
3	55	9.95466
33	51	9.95178
33	47	9.94664
83	95	9.91049
81	93	-9.91031
33	45	9.88928
23	39	-9.88164
39	69	9.88149
21	31	-9.87061
29	69	9.87019
7	27	-9.84322
59	61	9.83281
1	71	-9.82317
35	93	9.81743
15	83	9.81736
1	97	-9.81133
35	49	9.8066
7	77	-9.80589
13	65	9.80317
9	17	9.7885
57	77	9.78646
7	49	-9.78447
7	43	9.77891
11	27	9.77206
1	77	-9.76767
61	91	9.76066
53	71	9.75745
31	77	-9.75474
55	67	9.75449
65	77	-9.75021
5	81	9.74938
7	93	-9.74711
83	93	9.74709
3	39	9.74542
65	97	-9.74314
27	61	9.72801
35	45	-9.72476
1	27	-9.72152
43	53	-9.71722
19	37	9.71641
11	55	-9.70873
35	75	9.70806
7	71	-9.70363
35	51	-9.69581
77	87	-9.69415
9	43	9.68266
55	83	-9.68021
11	59	9.67535
9	55	9.67194
7	97	-9.66866
49	69	-9.66831
53	75	9.6674
7	59	-9.66508
61	89	-9.65903
51	61	-9.65082
23	31	-9.6506
27	53	9.65049
45	61	-9.64672
55	57	-9.64457
29	95	-9.64175
35	43	-9.63301
49	83	9.633
35	65	-9.62671
13	73	9.62649
37	69	9.62311
13	57	-9.62113
73	81	9.62065
3	31	9.6192
13	99	-9.61792
89	99	-9.59949
73	89	9.5994
87	97	-9.59899
51	83	-9.59851
11	51	-9.59038
1	93	-9.59021
5	13	9.58564
57	71	9.57947
13	19	9.57491
7	91	-9.57368
35	87	-9.57273
77	99	9.56889
55	61	-9.56175
37	73	9.5588
1	49	-9.5493
5	37	9.54881
57	89	-9.54071
33	75	-9.54044
45	83	-9.54014
3	51	9.53997
11	45	-9.53968
43	61	-9.53793
3	45	9.53791
31	71	-9.53125
71	81	-9.53039
51	97	-9.5296
45	67	9.52958
45	97	-9.52828
81	97	-9.52662
55	99	-9.52404
21	69	-9.52103
5	89	9.52059
11	89	-9.517
65	71	-9.51681
51	67	9.51411
3	17	9.51264
7	55	9.50557
17	67	9.50351
11	91	9.50297
9	91	-9.4998
35	89	-9.49671
69	93	-9.49567
27	65	-9.48634
33	41	-9.48479
43	95	-9.47787
3	15	-9.47667
11	13	-9.47368
25	33	-9.47362
37	75	-9.4731
31	39	9.47265
9	15	-9.47163
13	87	9.46815
45	53	-9.45895
67	95	-9.45445
33	63	-9.45045
3	63	-9.44534
19	39	9.44399
7	21	-9.4419
27	87	-9.43114
21	81	-9.42674
53	87	-9.42595
3	25	-9.42517
31	67	9.42513
9	59	-9.42422
51	57	-9.42352
1	83	-9.42274
13	61	-9.42105
15	33	-9.41983
37	57	-9.41683
9	25	-9.41679
33	99	-9.41398
3	95	-9.41157
39	49	-9.40951
3	41	-9.40862
37	99	-9.40856
13	75	-9.40406
61	65	-9.40385
9	41	-9.40185
29	65	9.40152
9	63	-9.39566
53	89	-9.39509
45	77	-9.39314
51	53	-9.39127
7	23	-9.38815
1	13	9.38812
53	91	9.38701
51	99	-9.3852
33	59	-9.38188
83	89	-9.38134
45	57	-9.37398
29	63	-9.37311
51	77	-9.37166
39	93	-9.3696
63	89	-9.36683
43	73	9.3637
41	89	-9.36224
95	97	9.36174
71	87	-9.36001
45	99	-9.35887
35	55	-9.35643
33	79	9.35595
11	93	9.35086
29	85	9.34884
37	47	9.34768
23	69	-9.34554
15	29	-9.34502
25	89	-9.34355
9	81	9.34269
53	65	-9.34001
39	67	9.32519
65	83	-9.32506
19	89	9.32455
13	41	-9.32371
25	29	-9.32221
3	91	-9.31681
29	41	-9.31098
13	83	-9.30664
1	23	-9.30278
89	95	-9.30258
15	67	-9.29893
27	69	-9.29885
13	25	-9.29824
1	35	-9.29804
29	87	9.29536
7	75	-9.29301
1	11	-9.29206
13	63	-9.29134
53	59	9.28827
33	57	-9.28772
33	91	-9.28607
23	83	9.28499
39	89	9.28285
1	21	-9.28052
29	39	9.27409
71	99	9.27356
61	87	-9.27352
63	67	-9.27194
31	97	-9.2719
11	65	-9.27184
43	99	-9.26151
5	43	9.2603
11	49	9.25828
61	93	9.25588
15	89	-9.25239
7	35	-9.247
13	69	9.24602
87	91	-9.24203
49	65	-9.24143
59	83	9.24067
9	75	-9.2365
65	93	-9.2357
29	53	-9.2333
25	67	-9.23311
23	81	-9.23092
7	89	9.23042
43	63	-9.22603
1	59	-9.21936
49	87	-9.21916
33	85	9.21697
59	87	-9.21328
41	67	-9.21259
13	47	9.21129
49	61	9.20771
49	53	9.2065
37	41	-9.19798
53	93	9.19695
11	43	-9.19693
31	33	9.19644
69	91	-9.19637
39	55	9.19232
21	83	9.18892
1	61	-9.18798
13	15	-9.18623
41	43	-9.18554
87	93	-9.1801
25	43	-9.17992
75	89	-9.17739
25	37	-9.17394
51	71	-9.16708
59	65	-9.16644
11	37	-9.1577
45	71	-9.15687
19	91	-9.15468
23	35	9.15417
77	95	9.15163
3	59	-9.15074
7	15	-9.14988
37	63	-9.14292
15	43	-9.13934
43	57	-9.13479
21	35	9.13243
55	75	-9.12697
35	59	9.12612
7	25	-9.1255
37	59	-9.12269
7	41	-9.1221
65	91	-9.12063
17	49	-9.11968
39	47	9.11705
35	91	9.11687
27	57	9.11503
55	97	-9.10537
7	81	9.10302
67	91	-9.09787
43	83	-9.09569
1	57	-9.09389
83	91	9.09127
13	59	-9.09072
65	99	-9.08738
39	75	-9.0813
1	75	-9.07759
57	65	-9.07731
7	61	-9.07653
5	39	9.07458
7	63	-9.07389
15	37	-9.07348
13	35	-9.06653
29	91	-9.0585
55	73	9.05669
39	73	9.05473
83	87	-9.05416
17	27	-9.04792
1	91	-9.044
41	45	-9.04356
59	69	-9.04292
45	63	-9.04088
15	19	-9.03538
9	51	9.03536
7	83	-9.03253
11	87	-9.0308
37	61	-9.02966
9	95	-9.02855
41	51	-9.02742
25	45	-9.02684
13	79	9.0267
59	89	-9.02667
33	61	-9.02662
47	49	-9.02603
37	65	9.01979
43	97	-9.01971
51	63	-9.01926
7	31	9.01601
45	95	-9.01452
41	55	-9.0133
29	99	-9.01312
33	95	-9.01202
29	61	-9.01086
5	55	9.01011
1	99	-9.009
9	45	9.00843
25	51	-9.00838
53	55	-9.00137
15	87	-8.99604
39	81	8.993
63	97	8.99233
27	45	-8.99016
89	91	-8.98982
7	11	-8.98873
49	85	-8.98723
17	93	-8.98545
3	75	-8.98396
25	55	-8.9837
35	81	-8.98355
11	33	-8.98332
55	63	-8.98326
17	33	8.98153
25	87	-8.98122
19	21	-8.98121
15	73	-8.98088
7	99	-8.97989
41	87	-8.978
63	87	-8.97708
27	51	-8.97692
73	95	-8.97617
51	75	-8.97435
37	85	8.9743
5	15	-8.97004
21	47	-8.96977
37	83	-8.96521
13	95	-8.96104
3	99	-8.961
41	97	8.96087
5	91	-8.96064
47	89	8.96055
45	59	-8.95665
51	95	-8.9563
13	91	-8.95398
41	65	-8.95335
15	45	-8.95275
19	43	8.94982
45	75	-8.94941
25	65	-8.94729
19	49	-8.9463
73	91	-8.9459
87	99	-8.94533
37	79	8.94529
51	59	-8.94339
17	77	-8.9404
43	91	-8.93958
63	65	-8.93909
87	95	-8.93782
79	89	8.93739
65	75	-8.9361
47	91	-8.93556
55	79	8.93349
7	53	-8.93348
27	39	-8.93245
19	59	-8.93
37	91	-8.92996
47	93	-8.92918
15	51	-8.92579
15	65	-8.9248
5	95	-8.92425
43	77	-8.92403
17	37	8.92186
25	97	8.91819
9	21	-8.91371
7	57	-8.91257
19	25	-8.91233
23	47	-8.91178
19	23	-8.91117
39	59	-8.91102
9	99	-8.91088
19	63	-8.90643
23	79	-8.90558
13	53	-8.90358
45	91	-8.90201
11	23	8.90092
85	93	-8.90049
29	35	-8.89884
63	73	-8.89053
89	97	-8.89005
27	99	8.88791
53	81	-8.88704
19	41	-8.88248
27	85	-8.8816
59	67	-8.88101
29	59	-8.88057
33	65	8.87842
15	69	-8.87784
5	63	-8.87256
81	87	8.87174
57	87	-8.87019
25	73	-8.86993
51	91	-8.86828
43	59	-8.86384
13	85	8.86124
15	55	-8.85993
19	55	8.85911
75	87	-8.85812
5	25	-8.85594
19	93	-8.85008
41	73	-8.84139
55	77	-8.83997
69	71	-8.83989
55	59	-8.83864
21	79	-8.8383
1	29	8.83811
17	71	-8.83646
69	77	-8.83354
31	37	8.83243
53	67	-8.83159
1	53	-8.83134
3	81	8.8313
65	95	-8.82897
69	89	8.82789
5	41	-8.82699
5	23	-8.82636
23	65	-8.82467
21	65	-8.82467
11	21	8.82357
23	73	-8.81717
17	29	8.81552
5	21	-8.81378
43	75	-8.79922
1	41	-8.79788
9	23	-8.79727
21	73	-8.79275
71	95	8.7882
1	25	-8.78653
27	47	-8.78628
15	47	-8.78418
29	57	-8.78201
21	87	-8.77636
29	75	-8.77282
29	31	8.77188
71	85	-8.77106
3	53	-8.77022
79	93	-8.76807
67	99	-8.7676
21	85	-8.76485
49	79	-8.75824
19	95	-8.75798
37	87	8.75784
23	53	8.75753
57	93	8.75672
23	87	-8.7554
25	69	-8.75454
55	95	-8.75435
55	71	-8.75296
3	61	-8.75134
1	15	-8.75094
17	39	8.75017
33	83	-8.7493
65	67	8.74889
1	63	-8.74751
23	61	8.74448
71	79	-8.74422
55	85	8.74363
17	97	-8.738
23	85	-8.73433
9	49	-8.73402
31	91	-8.73138
15	97	8.72996
41	69	-8.72677
21	53	8.72573
67	81	8.72365
51	73	8.72335
3	57	-8.72175
17	21	-8.72132
63	69	-8.72001
13	17	8.71992
1	37	8.71494
45	93	-8.71393
5	59	-8.71067
63	77	8.70732
45	73	8.70703
51	93	-8.7061
47	59	-8.70181
1	79	8.69685
21	61	8.69616
59	73	-8.69522
67	75	-8.69375
45	49	-8.6929
77	85	-8.68857
55	91	-8.68836
77	89	-8.68814
47	55	8.68785
9	57	-8.68695
49	57	8.68643
37	95	-8.68624
3	65	8.68586
39	43	8.68488
43	79	8.68236
39	91	-8.67916
49	51	-8.67865
75	97	8.67508
41	77	8.67214
17	55	8.67018
11	29	-8.66838
19	27	-8.66226
61	67	-8.66131
39	85	8.65897
25	47	-8.6588
33	87	8.6586
27	79	-8.65725
5	51	8.65715
47	63	-8.6535
5	49	-8.64655
17	23	-8.64394
67	87	8.64258
65	81	8.64018
7	95	-8.63812
9	93	-8.63803
5	45	8.63772
25	77	8.63767
69	75	-8.63067
33	53	-8.63067
41	47	-8.62959
43	47	8.62732
33	35	-8.62677
17	83	-8.6223
35	37	-8.61864
39	71	-8.61862
5	93	-8.61542
31	59	-8.61327
81	83	-8.60806
43	71	-8.60584
7	13	8.59963
49	73	-8.59492
39	41	-8.59464
7	17	8.58777
51	79	8.58729
19	75	-8.58705
25	39	-8.58643
47	71	-8.58618
1	81	8.58043
27	95	8.57848
73	93	-8.57436
85	97	-8.56796
85	89	8.56468
3	87	8.56351
33	81	8.56019
15	39	-8.55902
79	83	-8.55763
83	85	-8.55556
31	87	8.55156
93	99	8.55152
47	95	-8.54891
57	67	-8.54623
9	61	-8.54068
23	67	-8.53533
13	97	-8.53478
39	63	-8.53404
45	79	8.52727
31	35	-8.52608
37	53	-8.52026
1	33	8.51698
39	99	-8.51673
29	83	-8.51642
3	35	-8.51628
3	11	-8.51467
1	85	8.51055
1	17	8.50617
49	99	8.50396
35	67	-8.5036
69	97	-8.50122
21	67	-8.49623
27	43	-8.49609
3	21	-8.4913
55	69	8.49128
21	33	-8.49015
39	57	-8.48939
27	55	-8.48925
37	81	8.48652
15	77	8.48485
85	91	-8.4781
71	89	-8.47566
3	23	-8.4733
39	79	8.46666
7	69	8.46616
47	77	-8.45991
7	85	8.45816
79	95	-8.45738
13	31	8.45057
61	81	-8.44922
79	91	-8.44892
63	71	8.44487
11	81	-8.44365
1	31	8.44281
11	17	-8.44252
19	71	-8.44112
79	97	-8.43896
43	69	8.4384
5	27	-8.435
5	75	-8.43359
15	79	-8.43341
1	67	8.43242
19	51	8.43014
39	51	8.42949
73	75	-8.42879
23	57	8.42521
41	71	8.42247
1	95	-8.41933
77	79	-8.4146
11	67	-8.41266
19	45	8.4084
9	27	-8.40628
9	11	-8.40048
23	33	-8.39603
75	77	8.39549
25	71	8.39451
69	95	-8.39284
27	73	-8.39223
39	45	8.39006
23	45	-8.38911
9	53	-8.38761
23	51	-8.38724
21	37	-8.38576
39	77	-8.38487
5	71	-8.38053
47	75	-8.3804
7	79	8.37663
31	65	8.37649
31	53	-8.37612
7	29	8.37385
11	85	-8.37235
21	57	8.37072
11	79	-8.36921
73	99	-8.36409
23	95	8.36206
17	91	-8.36143
21	45	-8.36113
93	95	8.36066
71	73	-8.36064
17	89	8.35796
63	79	-8.35736
21	51	-8.357
3	83	-8.35354
15	31	-8.34604
5	99	-8.34582
25	79	-8.34352
19	99	-8.34184
1	3	8.33943
15	85	-8.33353
17	87	8.32932
51	85	8.32627
41	79	-8.32296
13	77	-8.32227
17	57	-8.32123
49	95	8.31914
19	77	-8.31844
23	29	-8.31228
53	73	-8.30922
81	91	-8.30754
67	83	-8.30531
23	37	-8.30464
65	79	8.30458
27	89	-8.30374
47	97	-8.30116
17	65	8.29882
59	85	-8.29603
31	83	-8.29602
55	93	-8.29406
9	65	8.28984
47	51	8.28945
33	49	-8.28668
17	35	-8.2834
17	51	8.28015
15	71	8.27888
21	95	8.27849
43	93	-8.27628
71	75	8.27374
3	49	-8.27291
1	73	8.27034
57	85	-8.26929
43	49	-8.26803
45	85	8.26602
5	53	-8.26561
9	35	-8.26117
57	79	-8.26072
21	29	-8.26046
45	47	8.25821
39	95	-8.25734
23	99	8.25626
49	55	-8.25593
59	97	8.25373
29	81	8.2526
25	31	-8.25146
57	73	-8.24908
59	79	-8.24792
1	5	8.24621
27	63	8.24605
25	85	-8.24575
7	47	8.24505
63	85	-8.24055
43	85	8.23984
5	57	-8.23779
3	93	-8.23762
31	75	-8.23694
33	93	-8.23491
31	41	-8.23218
11	39	-8.22868
27	41	8.22857
41	85	-8.22765
17	45	8.22758
9	83	-8.22631
61	73	-8.22587
17	59	-8.22463
31	63	-8.22338
57	81	-8.22322
13	71	-8.22207
45	81	8.2204
21	99	8.21953
65	73	8.21917
29	97	-8.21788
67	93	-8.21707
19	57	-8.21696
49	67	-8.21612
59	81	-8.2149
73	83	-8.21353
91	97	8.21289
65	85	8.21206
39	97	-8.21131
25	27	8.20848
5	83	-8.20746
47	83	-8.20508
69	99	-8.20482
13	81	8.20226
51	81	8.20013
5	61	-8.19869
37	97	-8.19853
9	87	8.19621
1	47	8.19283
85	95	-8.19274
21	59	8.1919
17	53	-8.19178
11	73	-8.19028
47	99	-8.18888
15	17	-8.18214
37	49	-8.18077
5	11	-8.17898
5	65	8.17761
19	97	-8.16792
7	37	8.16702
85	87	8.16433
7	39	8.16383
9	71	-8.16272
5	77	-8.16085
79	99	-8.15625
75	85	-8.15279
23	43	-8.1517
49	59	8.15162
37	93	-8.15141
55	81	8.15136
19	53	-8.15014
31	61	-8.14995
11	31	-8.14982
31	89	8.14952
47	57	-8.14932
17	61	-8.14754
39	61	-8.14545
17	75	-8.14217
79	87	8.14149
7	19	8.14055
81	95	-8.13583
19	61	-8.13477
21	91	8.13235
73	77	-8.13139
23	59	8.1311
59	77	8.13068
17	99	-8.12889
89	93	-8.12857
29	77	-8.12842
15	27	8.12697
11	47	-8.12576
39	83	-8.12569
33	97	-8.12494
39	53	-8.12467
27	75	8.12402
73	87	8.12209
85	99	-8.12103
5	97	-8.11983
51	69	8.1188
75	79	-8.1184
19	83	-8.11798
17	25	-8.11769
9	77	-8.11743
49	89	-8.1168
59	93	8.1138
11	19	-8.11308
23	55	-8.11195
21	43	-8.11079
49	91	8.10767
17	63	-8.10712
73	97	-8.10706
17	41	-8.10606
61	79	-8.10583
35	85	-8.10569
81	99	-8.10548
45	69	8.10546
77	91	8.10482
7	33	8.10318
27	33	-8.10093
35	73	-8.10069
67	71	-8.09951
57	69	-8.09939
1	69	8.09734
3	27	-8.09492
13	27	-8.0922
1	19	8.09142
21	55	-8.09036
21	75	8.09019
23	91	8.08898
5	87	8.0874
7	67	8.08727
63	93	8.0863
69	87	8.08623
31	55	8.08527
1	9	8.08264
5	7	8.08228
29	71	-8.08185
27	67	-8.07911
41	93	8.0779
61	85	-8.07739
5	35	-8.07666
49	63	8.07559
43	81	8.07494
7	73	8.07368
17	43	8.07257
49	75	8.07185
15	81	-8.07134
37	77	-8.07117
75	93	8.07041
41	49	8.07025
13	21	-8.07022
91	93	8.07002
27	59	8.06926
25	93	8.06673
31	95	-8.06549
35	69	-8.0638
47	53	-8.06333
25	49	8.06018
23	75	8.05855
17	95	-8.05644
27	37	-8.05515
59	71	8.05445
33	77	-8.05376
37	71	-8.05346
53	69	-8.05332
29	93	-8.04961
67	97	-8.04947
39	87	8.04553
47	61	-8.04507
75	81	-8.04431
3	7	8.04236
19	65	8.04195
69	83	-8.04136
3	71	-8.0402
53	79	-8.03978
13	49	-8.03975
35	79	-8.03773
13	23	-8.03759
13	93	-8.03645
31	45	8.03634
27	91	8.036
29	49	-8.03592
53	85	-8.03568
39	65	8.0345
47	65	8.03447
7	9	8.03147
25	81	-8.03126
61	69	-8.02968
19	35	-8.02941
31	43	8.02936
63	81	-8.02853
3	97	-8.02688
15	93	8.02675
31	51	8.02588
71	91	8.02524
15	49	8.02516
65	69	8.02488
41	81	-8.02456
33	71	-8.02375
9	97	-8.02303
23	63	8.02235
31	57	-8.02199
23	89	-8.01891
81	89	8.01517
11	69	-8.01461
15	23	8.01324
1	39	8.01045
27	29	-8.01026
23	41	8.01009
23	25	8.00942
35	39	-8.00825
19	87	8.00802
47	87	8.00796
21	89	-8.00629
15	21	8.00527
21	63	8.00511
3	77	-8.00473
67	77	-8.00436
35	47	-8.00182
31	99	-8.00157
21	41	8.00106
21	25	8.00036
68	69	6
72	73	6
48	49	6
24	25	6
20	21	6
90	91	6
40	41	6
34	35	6
50	51	6
92	93	6
22	23	6
32	33	6
56	57	6
94	95	6
96	97	6
70	71	6
38	39	6
36	37	6
26	27	6
74	75	6
82	83	6
46	47	6
30	31	6
60	61	6
28	29	6
54	55	6
80	81	6
16	17	6
62	63	6
44	45	6
58	59	6
86	87	6
52	53	6
66	67	6
18	19	6
14	15	6
76	77	6
42	43	6
88	89	6
84	85	6
64	65	6
78	79	6
0	1	6
98	99	6
10	11	6
6	7	6
2	3	6
4	5	6
8	9	6
12	13	6
25	40	5.99936
24	41	5.99936
4	73	5.99768
5	72	5.99768
24	63	5.99702
25	62	5.99702
41	62	5.99642
40	63	5.99642
44	51	5.9963
45	50	5.9963
49	92	5.99112
48	93	5.99112
21	22	5.99037
20	23	5.99037
15	24	5.98849
14	25	5.98849
15	62	5.98375
14	63	5.98375
14	41	5.9825
15	40	5.9825
10	83	5.96713
11	82	5.96713
18	47	5.96105
19	46	5.96105
65	86	5.96065
64	87	5.96065
59	90	5.96011
58	91	5.96011
26	49	5.95896
27	48	5.95896
2	67	5.95833
3	66	5.95833
27	92	5.95764
26	93	5.95764
57	98	5.95713
56	99	5.95713
76	97	5.9561
77	96	5.9561
4	19	5.94288
5	18	5.94288
16	85	5.93973
17	84	5.93973
27	70	5.93608
26	71	5.93608
11	56	5.9322
10	57	5.9322
19	72	5.92177
18	73	5.92177
28	67	5.91207
29	66	5.91207
32	37	5.90717
33	36	5.90717
5	46	5.90584
4	47	5.90584
21	92	5.90168
20	93	5.90168
27	76	5.9
26	77	5.9
34	61	5.89971
35	60	5.89971
13	36	5.89708
12	37	5.89708
71	96	5.89598
70	97	5.89598
10	61	5.89182
11	60	5.89182
70	77	5.88563
71	76	5.88563
3	8	5.87888
2	9	5.87888
71	92	5.87767
70	93	5.87767
18	69	5.87703
19	68	5.87703
46	73	5.87514
47	72	5.87514
23	92	5.87396
22	93	5.87396
2	29	5.87267
3	28	5.87267
15	90	5.87005
14	91	5.87005
1	64	5.86969
0	65	5.86969
78	85	5.86916
79	84	5.86916
21	48	5.86848
20	49	5.86848
58	75	5.86289
59	74	5.86289
61	98	5.86269
60	99	5.86269
55	88	5.86201
54	89	5.86201
13	88	5.86162
12	89	5.86162
31	80	5.86044
30	81	5.86044
34	53	5.85814
35	52	5.85814
47	68	5.85647
46	69	5.85647
42	89	5.85365
43	88	5.85365
47	84	5.85333
46	85	5.85333
57	60	5.84979
56	61	5.84979
47	78	5.84816
46	79	5.84816
44	65	5.84617
45	64	5.84617
48	71	5.83794
49	70	5.83794
12	33	5.83769
13	32	5.83769
43	44	5.83332
42	45	5.83332
10	99	5.83
11	98	5.83
13	54	5.82948
12	55	5.82948
67	72	5.82891
66	73	5.82891
4	79	5.82788
5	78	5.82788
0	7	5.82632
1	6	5.82632
50	55	5.82473
51	54	5.82473
22	49	5.82404
23	48	5.82404
51	64	5.82274
50	65	5.82274
14	59	5.82241
15	58	5.82241
57	82	5.81837
56	83	5.81837
40	75	5.81645
41	74	5.81645
72	79	5.8128
73	78	5.8128
24	91	5.80983
25	90	5.80983
27	96	5.80898
26	97	5.80898
31	68	5.80844
30	69	5.80844
25	74	5.80687
24	75	5.80687
42	51	5.80357
43	50	5.80357
61	82	5.79996
60	83	5.79996
4	67	5.79694
5	66	5.79694
40	91	5.79466
41	90	5.79466
25	58	5.79032
24	59	5.79032
40	59	5.78245
41	58	5.78245
45	54	5.78184
44	55	5.78184
51	88	5.77564
50	89	5.77564
63	90	5.77471
62	91	5.77471
6	87	5.77314
7	86	5.77314
8	33	5.77304
9	32	5.77304
2	73	5.76974
3	72	5.76974
41	98	5.76857
40	99	5.76857
62	75	5.76569
63	74	5.76569
14	75	5.76462
15	74	5.76462
44	89	5.76442
45	88	5.76442
62	95	5.76307
63	94	5.76307
1	86	5.7581
0	87	5.7581
9	18	5.75371
8	19	5.75371
63	98	5.75251
62	99	5.75251
2	5	5.74781
3	4	5.74781
49	76	5.74677
48	77	5.74677
25	98	5.74598
24	99	5.74598
59	62	5.74375
58	63	5.74375
20	27	5.7434
21	26	5.7434
6	65	5.74314
7	64	5.74314
77	92	5.73963
76	93	5.73963
19	78	5.73331
18	79	5.73331
75	90	5.7312
74	91	5.7312
44	87	5.73011
45	86	5.73011
9	66	5.72641
8	67	5.72641
16	81	5.72521
17	80	5.72521
53	60	5.72218
52	61	5.72218
53	94	5.71555
52	95	5.71555
22	27	5.71318
23	26	5.71318
24	95	5.71316
25	94	5.71316
41	94	5.70836
40	95	5.70836
14	95	5.70661
15	94	5.70661
10	35	5.70396
11	34	5.70396
75	98	5.70375
74	99	5.70375
3	18	5.69712
2	19	5.69712
51	86	5.68725
50	87	5.68725
22	71	5.68375
23	70	5.68375
17	46	5.68276
16	47	5.68276
19	84	5.68019
18	85	5.68019
3	32	5.67211
2	33	5.67211
4	69	5.6721
5	68	5.6721
20	71	5.67111
21	70	5.67111
9	68	5.67053
8	69	5.67053
18	67	5.66741
19	66	5.66741
34	83	5.66544
35	82	5.66544
82	99	5.6639
83	98	5.6639
34	97	5.66315
35	96	5.66315
17	30	5.65739
16	31	5.65739
16	79	5.65413
17	78	5.65413
5	8	5.65299
4	9	5.65299
8	73	5.64846
9	72	5.64846
14	99	5.63966
15	98	5.63966
93	96	5.63478
92	97	5.63478
5	84	5.63315
4	85	5.63315
0	51	5.6295
1	50	5.6295
69	72	5.62715
68	73	5.62715
0	45	5.62684
1	44	5.62684
83	96	5.61575
82	97	5.61575
68	85	5.61236
69	84	5.61236
49	96	5.61201
48	97	5.61201
29	88	5.60265
28	89	5.60265
43	54	5.60153
42	55	5.60153
29	42	5.59603
28	43	5.59603
57	74	5.59211
56	75	5.59211
72	85	5.58897
73	84	5.58897
31	46	5.58424
30	47	5.58424
32	89	5.58271
33	88	5.58271
31	84	5.56819
30	85	5.56819
35	76	5.56783
34	77	5.56783
41	56	5.56742
40	57	5.56742
35	98	5.5645
34	99	5.5645
37	88	5.5623
36	89	5.5623
9	28	5.5605
8	29	5.5605
36	55	5.55541
37	54	5.55541
9	46	5.55479
8	47	5.55479
35	56	5.5545
34	57	5.5545
42	65	5.55174
43	64	5.55174
57	62	5.54212
56	63	5.54212
24	57	5.53896
25	56	5.53896
29	72	5.5332
28	73	5.5332
16	69	5.52618
17	68	5.52618
29	32	5.51214
28	33	5.51214
80	85	5.5093
81	84	5.5093
43	86	5.50561
42	87	5.50561
60	95	5.50497
61	94	5.50497
60	63	5.49775
61	62	5.49775
36	39	5.49709
37	38	5.49709
3	46	5.49545
2	47	5.49545
46	67	5.4948
47	66	5.4948
18	31	5.49158
19	30	5.49158
41	60	5.48583
40	61	5.48583
12	43	5.48509
13	42	5.48509
95	98	5.48502
94	99	5.48502
5	28	5.48488
4	29	5.48488
13	50	5.47151
12	51	5.47151
16	19	5.47113
17	18	5.47113
11	96	5.47006
10	97	5.47006
69	78	5.46641
68	79	5.46641
8	37	5.46491
9	36	5.46491
25	60	5.46068
24	61	5.46068
32	67	5.4586
33	66	5.4586
61	96	5.44924
60	97	5.44924
69	80	5.44251
68	81	5.44251
12	45	5.4308
13	44	5.4308
33	38	5.42297
32	39	5.42297
52	99	5.42247
53	98	5.42247
12	29	5.41914
13	28	5.41914
34	95	5.41888
35	94	5.41888
15	56	5.41285
14	57	5.41285
2	69	5.41059
3	68	5.41059
21	76	5.3988
20	77	5.3988
32	55	5.39736
33	54	5.39736
66	79	5.3933
67	78	5.3933
54	65	5.38878
55	64	5.38878
2	13	5.3873
3	12	5.3873
22	77	5.37611
23	76	5.37611
77	82	5.37605
76	83	5.37605
2	89	5.37462
3	88	5.37462
58	99	5.37112
59	98	5.37112
10	53	5.35812
11	52	5.35812
4	17	5.35796
5	16	5.35796
8	13	5.35538
9	12	5.35538
70	83	5.35017
71	82	5.35017
15	60	5.33876
14	61	5.33876
90	95	5.32682
91	94	5.32682
2	37	5.32316
3	36	5.32316
18	29	5.32087
19	28	5.32087
53	62	5.31613
52	63	5.31613
65	88	5.31257
64	89	5.31257
22	97	5.30754
23	96	5.30754
10	41	5.30441
11	40	5.30441
16	73	5.30162
17	72	5.30162
21	96	5.30074
20	97	5.30074
52	57	5.29991
53	56	5.29991
67	68	5.29854
66	69	5.29854
67	88	5.29748
66	89	5.29748
47	80	5.29598
46	81	5.29598
11	62	5.29154
10	63	5.29154
91	98	5.29003
90	99	5.29003
6	45	5.28434
7	44	5.28434
2	79	5.28296
3	78	5.28296
35	70	5.28037
34	71	5.28037
11	24	5.27359
10	25	5.27359
53	96	5.26925
52	97	5.26925
10	75	5.26762
11	74	5.26762
61	76	5.2642
60	77	5.2642
60	75	5.26251
61	74	5.26251
40	53	5.26215
41	52	5.26215
7	50	5.25596
6	51	5.25596
52	83	5.25151
53	82	5.25151
57	94	5.2511
56	95	5.2511
1	54	5.2505
0	55	5.2505
24	53	5.24997
25	52	5.24997
8	39	5.23776
9	38	5.23776
11	76	5.22712
10	77	5.22712
43	66	5.22516
42	67	5.22516
53	76	5.22509
52	77	5.22509
4	31	5.2204
5	30	5.2204
30	79	5.21495
31	78	5.21495
13	66	5.21141
12	67	5.21141
75	94	5.21105
74	95	5.21105
18	33	5.20904
19	32	5.20904
28	37	5.20543
29	36	5.20543
59	94	5.20422
58	95	5.20422
2	43	5.19683
3	42	5.19683
35	62	5.19109
34	63	5.19109
30	49	-5.18939
31	48	-5.18939
55	86	5.18283
54	87	5.18283
57	58	5.17851
56	59	5.17851
8	79	5.17533
9	78	5.17533
32	43	5.17299
33	42	5.17299
15	52	5.17276
14	53	5.17276
27	34	5.17123
26	35	5.17123
86	89	5.17077
87	88	5.17077
1	42	5.16417
0	43	5.16417
35	40	5.1598
34	41	5.1598
29	54	5.15963
28	55	5.15963
30	73	5.15679
31	72	5.15679
8	89	5.14959
9	88	5.14959
10	71	5.14282
11	70	5.14282
33	72	5.14247
32	73	5.14247
57	96	5.13811
56	97	5.13811
11	14	5.13791
10	15	5.13791
25	34	5.13679
24	35	5.13679
29	44	5.13555
28	45	5.13555
10	95	5.13499
11	94	5.13499
9	30	5.134
8	31	5.134
5	32	5.13277
4	33	5.13277
28	51	5.11725
29	50	5.11725
18	81	5.11526
19	80	5.11526
32	69	5.11467
33	68	5.11467
29	46	5.10709
28	47	5.10709
36	43	5.09707
37	42	5.09707
9	84	5.09144
8	85	5.09144
36	67	5.08839
37	66	5.08839
12	39	5.08262
13	38	5.08262
27	82	5.07746
26	83	5.07746
30	93	-5.07715
31	92	-5.07715
41	82	5.07183
40	83	5.07183
48	81	-5.07145
49	80	-5.07145
57	90	5.06742
56	91	5.06742
62	83	5.06172
63	82	5.06172
37	50	5.05963
36	51	5.05963
27	30	-5.05899
26	31	-5.05899
67	84	5.0586
66	85	5.0586
61	70	5.05037
60	71	5.05037
79	80	5.05031
78	81	5.05031
75	82	5.0415
74	83	5.0415
25	82	5.0411
24	83	5.0411
26	81	-5.03383
27	80	-5.03383
29	78	5.03034
28	79	5.03034
2	85	5.02912
3	84	5.02912
15	34	5.02159
14	35	5.02159
1	88	5.01708
0	89	5.01708
36	45	5.01219
37	44	5.01219
21	38	-5.00455
20	39	-5.00455
96	99	5.00387
97	98	5.00387
76	81	-5.00049
77	80	-5.00049
3	54	4.97733
2	55	4.97733
33	50	4.97589
32	51	4.97589
33	46	4.97332
32	47	4.97332
82	95	4.95524
83	94	4.95524
81	92	-4.95515
80	93	-4.95515
32	45	4.94464
33	44	4.94464
22	39	-4.94082
23	38	-4.94082
39	68	4.94074
38	69	4.94074
21	30	-4.93531
20	31	-4.93531
29	68	4.93509
28	69	4.93509
6	27	-4.92161
7	26	-4.92161
59	60	4.9164
58	61	4.9164
0	71	-4.91159
1	70	-4.91159
34	93	4.90872
35	92	4.90872
15	82	4.90868
14	83	4.90868
0	97	-4.90567
1	96	-4.90567
34	49	4.9033
35	48	4.9033
6	77	-4.90294
7	76	-4.90294
13	64	4.90159
12	65	4.90159
9	16	4.89425
8	17	4.89425
57	76	4.89323
56	77	4.89323
6	49	-4.89223
7	48	-4.89223
6	43	4.88945
7	42	4.88945
10	27	4.88603
11	26	4.88603
0	77	-4.88383
1	76	-4.88383
61	90	4.88033
60	91	4.88033
52	71	4.87872
53	70	4.87872
31	76	-4.87737
30	77	-4.87737
54	67	4.87725
55	66	4.87725
64	77	-4.8751
65	76	-4.8751
5	80	4.87469
4	81	4.87469
6	93	-4.87355
7	92	-4.87355
83	92	4.87355
82	93	4.87355
2	39	4.87271
3	38	4.87271
64	97	-4.87157
65	96	-4.87157
27	60	4.864
26	61	4.864
35	44	-4.86238
34	45	-4.86238
1	26	-4.86076
0	27	-4.86076
43	52	-4.85861
42	53	-4.85861
19	36	4.85821
18	37	4.85821
10	55	-4.85436
11	54	-4.85436
35	74	4.85403
34	75	4.85403
6	71	-4.85182
7	70	-4.85182
35	50	-4.84791
34	51	-4.84791
77	86	-4.84708
76	87	-4.84708
8	43	4.84133
9	42	4.84133
54	83	-4.8401
55	82	-4.8401
11	58	4.83768
10	59	4.83768
9	54	4.83597
8	55	4.83597
7	96	-4.83433
6	97	-4.83433
48	69	-4.83416
49	68	-4.83416
52	75	4.8337
53	74	4.8337
6	59	-4.83254
7	58	-4.83254
60	89	-4.82952
61	88	-4.82952
50	61	-4.82541
51	60	-4.82541
23	30	-4.8253
22	31	-4.8253
27	52	4.82524
26	53	4.82524
44	61	-4.82336
45	60	-4.82336
55	56	-4.82229
54	57	-4.82229
29	94	-4.82087
28	95	-4.82087
34	43	-4.81651
35	42	-4.81651
48	83	4.8165
49	82	4.8165
34	65	-4.81335
35	64	-4.81335
13	72	4.81324
12	73	4.81324
37	68	4.81156
36	69	4.81156
13	56	-4.81057
12	57	-4.81057
73	80	4.81032
72	81	4.81032
2	31	4.8096
3	30	4.8096
13	98	-4.80896
12	99	-4.80896
89	98	-4.79975
88	99	-4.79975
73	88	4.7997
72	89	4.7997
86	97	-4.7995
87	96	-4.7995
51	82	-4.79926
50	83	-4.79926
11	50	-4.79519
10	51	-4.79519
0	93	-4.7951
1	92	-4.7951
5	12	4.79282
4	13	4.79282
56	71	4.78973
57	70	4.78973
12	19	4.78745
13	18	4.78745
6	91	-4.78684
7	90	-4.78684
34	87	-4.78636
35	86	-4.78636
77	98	4.78445
76	99	4.78445
54	61	-4.78088
55	60	-4.78088
36	73	4.7794
37	72	4.7794
1	48	-4.77465
0	49	-4.77465
4	37	4.7744
5	36	4.7744
56	89	-4.77035
57	88	-4.77035
32	75	-4.77022
33	74	-4.77022
44	83	-4.77007
45	82	-4.77007
2	51	4.76998
3	50	4.76998
10	45	-4.76984
11	44	-4.76984
43	60	-4.76897
42	61	-4.76897
3	44	4.76896
2	45	4.76896
31	70	-4.76562
30	71	-4.76562
71	80	-4.76519
70	81	-4.76519
50	97	-4.7648
51	96	-4.7648
44	67	4.76479
45	66	4.76479
44	97	-4.76414
45	96	-4.76414
81	96	-4.76331
80	97	-4.76331
54	99	-4.76202
55	98	-4.76202
20	69	-4.76052
21	68	-4.76052
5	88	4.76029
4	89	4.76029
11	88	-4.7585
10	89	-4.7585
65	70	-4.75841
64	71	-4.75841
50	67	4.75705
51	66	4.75705
2	17	4.75632
3	16	4.75632
6	55	4.75278
7	54	4.75278
17	66	4.75176
16	67	4.75176
10	91	4.75148
11	90	4.75148
8	91	-4.7499
9	90	-4.7499
35	88	-4.74836
34	89	-4.74836
69	92	-4.74783
68	93	-4.74783
26	65	-4.74317
27	64	-4.74317
33	40	-4.7424
32	41	-4.7424
43	94	-4.73894
42	95	-4.73894
3	14	-4.73833
2	15	-4.73833
10	13	-4.73684
11	12	-4.73684
25	32	-4.73681
24	33	-4.73681
36	75	-4.73655
37	74	-4.73655
30	39	4.73633
31	38	4.73633
8	15	-4.73581
9	14	-4.73581
13	86	4.73407
12	87	4.73407
45	52	-4.72947
44	53	-4.72947
66	95	-4.72722
67	94	-4.72722
33	62	-4.72523
32	63	-4.72523
2	63	-4.72267
3	62	-4.72267
19	38	4.72199
18	39	4.72199
6	21	-4.72095
7	20	-4.72095
27	86	-4.71557
26	87	-4.71557
21	80	-4.71337
20	81	-4.71337
53	86	-4.71297
52	87	-4.71297
2	25	-4.71258
3	24	-4.71258
30	67	4.71256
31	66	4.71256
9	58	-4.71211
8	59	-4.71211
51	56	-4.71176
50	57	-4.71176
1	82	-4.71137
0	83	-4.71137
13	60	-4.71053
12	61	-4.71053
14	33	-4.70992
15	32	-4.70992
36	57	-4.70842
37	56	-4.70842
9	24	-4.70839
8	25	-4.70839
33	98	-4.70699
32	99	-4.70699
2	95	-4.70578
3	94	-4.70578
38	49	-4.70475
39	48	-4.70475
3	40	-4.70431
2	41	-4.70431
36	99	-4.70428
37	98	-4.70428
13	74	-4.70203
12	75	-4.70203
61	64	-4.70193
60	65	-4.70193
9	40	-4.70092
8	41	-4.70092
29	64	4.70076
28	65	4.70076
9	62	-4.69783
8	63	-4.69783
53	88	-4.69754
52	89	-4.69754
44	77	-4.69657
45	76	-4.69657
50	53	-4.69564
51	52	-4.69564
6	23	-4.69408
7	22	-4.69408
1	12	4.69406
0	13	4.69406
52	91	4.69351
53	90	4.69351
50	99	-4.6926
51	98	-4.6926
33	58	-4.69094
32	59	-4.69094
83	88	-4.69067
82	89	-4.69067
45	56	-4.68699
44	57	-4.68699
28	63	-4.68656
29	62	-4.68656
51	76	-4.68583
50	77	-4.68583
38	93	-4.6848
39	92	-4.6848
62	89	-4.68342
63	88	-4.68342
43	72	4.68185
42	73	4.68185
40	89	-4.68112
41	88	-4.68112
94	97	4.68087
95	96	4.68087
71	86	-4.68001
70	87	-4.68001
44	99	-4.67944
45	98	-4.67944
34	55	-4.67822
35	54	-4.67822
33	78	4.67797
32	79	4.67797
11	92	4.67543
10	93	4.67543
29	84	4.67442
28	85	4.67442
36	47	4.67384
37	46	4.67384
22	69	-4.67277
23	68	-4.67277
15	28	-4.67251
14	29	-4.67251
24	89	-4.67178
25	88	-4.67178
8	81	4.67135
9	80	4.67135
52	65	-4.67001
53	64	-4.67001
38	67	4.6626
39	66	4.6626
65	82	-4.66253
64	83	-4.66253
18	89	4.66228
19	88	4.66228
12	41	-4.66185
13	40	-4.66185
25	28	-4.6611
24	29	-4.6611
3	90	-4.65841
2	91	-4.65841
29	40	-4.65549
28	41	-4.65549
12	83	-4.65332
13	82	-4.65332
0	23	-4.65139
1	22	-4.65139
88	95	-4.65129
89	94	-4.65129
14	67	-4.64946
15	66	-4.64946
26	69	-4.64943
27	68	-4.64943
13	24	-4.64912
12	25	-4.64912
0	35	-4.64902
1	34	-4.64902
28	87	4.64768
29	86	4.64768
6	75	-4.64651
7	74	-4.64651
0	11	-4.64603
1	10	-4.64603
12	63	-4.64567
13	62	-4.64567
53	58	4.64414
52	59	4.64414
33	56	-4.64386
32	57	-4.64386
32	91	-4.64304
33	90	-4.64304
22	83	4.64249
23	82	4.64249
38	89	4.64143
39	88	4.64143
0	21	-4.64026
1	20	-4.64026
28	39	4.63705
29	38	4.63705
70	99	4.63678
71	98	4.63678
61	86	-4.63676
60	87	-4.63676
63	66	-4.63597
62	67	-4.63597
30	97	-4.63595
31	96	-4.63595
10	65	-4.63592
11	64	-4.63592
43	98	-4.63076
42	99	-4.63076
5	42	4.63015
4	43	4.63015
10	49	4.62914
11	48	4.62914
61	92	4.62794
60	93	4.62794
15	88	-4.6262
14	89	-4.6262
7	34	-4.6235
6	35	-4.6235
12	69	4.62301
13	68	4.62301
86	91	-4.62102
87	90	-4.62102
48	65	-4.62072
49	64	-4.62072
59	82	4.62034
58	83	4.62034
8	75	-4.61825
9	74	-4.61825
64	93	-4.61785
65	92	-4.61785
29	52	-4.61665
28	53	-4.61665
25	66	-4.61655
24	67	-4.61655
22	81	-4.61546
23	80	-4.61546
6	89	4.61521
7	88	4.61521
43	62	-4.61301
42	63	-4.61301
1	58	-4.60968
0	59	-4.60968
49	86	-4.60958
48	87	-4.60958
32	85	4.60848
33	84	4.60848
58	87	-4.60664
59	86	-4.60664
40	67	-4.60629
41	66	-4.60629
12	47	4.60564
13	46	4.60564
49	60	4.60386
48	61	4.60386
49	52	4.60325
48	53	4.60325
37	40	-4.59899
36	41	-4.59899
53	92	4.59848
52	93	4.59848
10	43	-4.59846
11	42	-4.59846
31	32	4.59822
30	33	4.59822
68	91	-4.59819
69	90	-4.59819
39	54	4.59616
38	55	4.59616
21	82	4.59446
20	83	4.59446
1	60	-4.59399
0	61	-4.59399
12	15	-4.59311
13	14	-4.59311
41	42	-4.59277
40	43	-4.59277
86	93	-4.59005
87	92	-4.59005
25	42	-4.58996
24	43	-4.58996
74	89	-4.5887
75	88	-4.5887
25	36	-4.58697
24	37	-4.58697
51	70	-4.58354
50	71	-4.58354
58	65	-4.58322
59	64	-4.58322
10	37	-4.57885
11	36	-4.57885
45	70	-4.57843
44	71	-4.57843
19	90	-4.57734
18	91	-4.57734
22	35	4.57708
23	34	4.57708
77	94	4.57582
76	95	4.57582
2	59	-4.57537
3	58	-4.57537
6	15	-4.57494
7	14	-4.57494
37	62	-4.57146
36	63	-4.57146
14	43	-4.56967
15	42	-4.56967
42	57	-4.56739
43	56	-4.56739
21	34	4.56622
20	35	4.56622
54	75	-4.56348
55	74	-4.56348
34	59	4.56306
35	58	4.56306
7	24	-4.56275
6	25	-4.56275
37	58	-4.56135
36	59	-4.56135
7	40	-4.56105
6	41	-4.56105
64	91	-4.56032
65	90	-4.56032
17	48	-4.55984
16	49	-4.55984
39	46	4.55853
38	47	4.55853
35	90	4.55844
34	91	4.55844
27	56	4.55751
26	57	4.55751
55	96	-4.55268
54	97	-4.55268
7	80	4.55151
6	81	4.55151
67	90	-4.54893
66	91	-4.54893
43	82	-4.54784
42	83	-4.54784
0	57	-4.54694
1	56	-4.54694
82	91	4.54563
83	90	4.54563
12	59	-4.54536
13	58	-4.54536
64	99	-4.54369
65	98	-4.54369
38	75	-4.54065
39	74	-4.54065
1	74	-4.53879
0	75	-4.53879
57	64	-4.53865
56	65	-4.53865
7	60	-4.53826
6	61	-4.53826
5	38	4.53729
4	39	4.53729
6	63	-4.53695
7	62	-4.53695
14	37	-4.53674
15	36	-4.53674
12	35	-4.53327
13	34	-4.53327
29	90	-4.52925
28	91	-4.52925
54	73	4.52834
55	72	4.52834
38	73	4.52736
39	72	4.52736
82	87	-4.52708
83	86	-4.52708
17	26	-4.52396
16	27	-4.52396
0	91	-4.522
1	90	-4.522
40	45	-4.52178
41	44	-4.52178
58	69	-4.52146
59	68	-4.52146
44	63	-4.52044
45	62	-4.52044
14	19	-4.51769
15	18	-4.51769
8	51	4.51768
9	50	4.51768
7	82	-4.51626
6	83	-4.51626
10	87	-4.5154
11	86	-4.5154
36	61	-4.51483
37	60	-4.51483
9	94	-4.51427
8	95	-4.51427
41	50	-4.51371
40	51	-4.51371
25	44	-4.51342
24	45	-4.51342
13	78	4.51335
12	79	4.51335
58	89	-4.51333
59	88	-4.51333
32	61	-4.51331
33	60	-4.51331
47	48	-4.51302
46	49	-4.51302
36	65	4.50989
37	64	4.50989
43	96	-4.50985
42	97	-4.50985
50	63	-4.50963
51	62	-4.50963
7	30	4.508
6	31	4.508
45	94	-4.50726
44	95	-4.50726
40	55	-4.50665
41	54	-4.50665
28	99	-4.50656
29	98	-4.50656
33	94	-4.50601
32	95	-4.50601
29	60	-4.50543
28	61	-4.50543
5	54	4.50505
4	55	4.50505
0	99	-4.5045
1	98	-4.5045
8	45	4.50421
9	44	4.50421
24	51	-4.50419
25	50	-4.50419
53	54	-4.50069
52	55	-4.50069
14	87	-4.49802
15	86	-4.49802
38	81	4.4965
39	80	4.4965
62	97	4.49617
63	96	4.49617
27	44	-4.49508
26	45	-4.49508
89	90	-4.49491
88	91	-4.49491
7	10	-4.49436
6	11	-4.49436
48	85	-4.49361
49	84	-4.49361
16	93	-4.49272
17	92	-4.49272
3	74	-4.49198
2	75	-4.49198
25	54	-4.49185
24	55	-4.49185
35	80	-4.49177
34	81	-4.49177
11	32	-4.49166
10	33	-4.49166
54	63	-4.49163
55	62	-4.49163
16	33	4.49076
17	32	4.49076
24	87	-4.49061
25	86	-4.49061
19	20	-4.49061
18	21	-4.49061
15	72	-4.49044
14	73	-4.49044
7	98	-4.48995
6	99	-4.48995
41	86	-4.489
40	87	-4.489
63	86	-4.48854
62	87	-4.48854
27	50	-4.48846
26	51	-4.48846
73	94	-4.48808
72	95	-4.48808
50	75	-4.48717
51	74	-4.48717
36	85	4.48715
37	84	4.48715
4	15	-4.48502
5	14	-4.48502
20	47	-4.48488
21	46	-4.48488
36	83	-4.48261
37	82	-4.48261
12	95	-4.48052
13	94	-4.48052
3	98	-4.4805
2	99	-4.4805
40	97	4.48043
41	96	4.48043
5	90	-4.48032
4	91	-4.48032
47	88	4.48028
46	89	4.48028
45	58	-4.47833
44	59	-4.47833
50	95	-4.47815
51	94	-4.47815
13	90	-4.47699
12	91	-4.47699
40	65	-4.47668
41	64	-4.47668
14	45	-4.47637
15	44	-4.47637
18	43	4.47491
19	42	4.47491
45	74	-4.47471
44	75	-4.47471
24	65	-4.47364
25	64	-4.47364
18	49	-4.47315
19	48	-4.47315
73	90	-4.47295
72	91	-4.47295
86	99	-4.47266
87	98	-4.47266
36	79	4.47265
37	78	4.47265
50	59	-4.47169
51	58	-4.47169
16	77	-4.4702
17	76	-4.4702
43	90	-4.46979
42	91	-4.46979
63	64	-4.46955
62	65	-4.46955
86	95	-4.46891
87	94	-4.46891
79	88	4.46869
78	89	4.46869
64	75	-4.46805
65	74	-4.46805
47	90	-4.46778
46	91	-4.46778
54	79	4.46674
55	78	4.46674
6	53	-4.46674
7	52	-4.46674
27	38	-4.46623
26	39	-4.46623
19	58	-4.465
18	59	-4.465
36	91	-4.46498
37	90	-4.46498
47	92	-4.46459
46	93	-4.46459
15	50	-4.4629
14	51	-4.4629
15	64	-4.4624
14	65	-4.4624
5	94	-4.46212
4	95	-4.46212
43	76	-4.46201
42	77	-4.46201
17	36	4.46093
16	37	4.46093
24	97	4.45909
25	96	4.45909
8	21	-4.45686
9	20	-4.45686
7	56	-4.45628
6	57	-4.45628
18	25	-4.45616
19	24	-4.45616
23	46	-4.45589
22	47	-4.45589
19	22	-4.45558
18	23	-4.45558
38	59	-4.45551
39	58	-4.45551
8	99	-4.45544
9	98	-4.45544
19	62	-4.45321
18	63	-4.45321
23	78	-4.45279
22	79	-4.45279
13	52	-4.45179
12	53	-4.45179
45	90	-4.451
44	91	-4.451
10	23	4.45046
11	22	4.45046
84	93	-4.45025
85	92	-4.45025
29	34	-4.44942
28	35	-4.44942
63	72	-4.44526
62	73	-4.44526
88	97	-4.44502
89	96	-4.44502
27	98	4.44396
26	99	4.44396
53	80	-4.44352
52	81	-4.44352
19	40	-4.44124
18	41	-4.44124
27	84	-4.4408
26	85	-4.4408
58	67	-4.4405
59	66	-4.4405
28	59	-4.44029
29	58	-4.44029
33	64	4.43921
32	65	4.43921
15	68	-4.43892
14	69	-4.43892
5	62	-4.43628
4	63	-4.43628
81	86	4.43587
80	87	4.43587
56	87	-4.4351
57	86	-4.4351
25	72	-4.43497
24	73	-4.43497
50	91	-4.43414
51	90	-4.43414
43	58	-4.43192
42	59	-4.43192
12	85	4.43062
13	84	4.43062
14	55	-4.42996
15	54	-4.42996
18	55	4.42956
19	54	4.42956
75	86	-4.42906
74	87	-4.42906
4	25	-4.42797
5	24	-4.42797
19	92	-4.42504
18	93	-4.42504
41	72	-4.4207
40	73	-4.4207
55	76	-4.41998
54	77	-4.41998
69	70	-4.41994
68	71	-4.41994
55	58	-4.41932
54	59	-4.41932
21	78	-4.41915
20	79	-4.41915
0	29	4.41905
1	28	4.41905
17	70	-4.41823
16	71	-4.41823
68	77	-4.41677
69	76	-4.41677
30	37	4.41622
31	36	4.41622
52	67	-4.41579
53	66	-4.41579
0	53	-4.41567
1	52	-4.41567
3	80	4.41565
2	81	4.41565
65	94	-4.41449
64	95	-4.41449
68	89	4.41394
69	88	4.41394
5	40	-4.4135
4	41	-4.4135
4	23	-4.41318
5	22	-4.41318
23	64	-4.41234
22	65	-4.41234
20	65	-4.41233
21	64	-4.41233
10	21	4.41179
11	20	4.41179
22	73	-4.40858
23	72	-4.40858
17	28	4.40776
16	29	4.40776
5	20	-4.40689
4	21	-4.40689
43	74	-4.39961
42	75	-4.39961
0	41	-4.39894
1	40	-4.39894
8	23	-4.39863
9	22	-4.39863
21	72	-4.39637
20	73	-4.39637
71	94	4.3941
70	95	4.3941
1	24	-4.39326
0	25	-4.39326
27	46	-4.39314
26	47	-4.39314
15	46	-4.39209
14	47	-4.39209
29	56	-4.39101
28	57	-4.39101
21	86	-4.38818
20	87	-4.38818
29	74	-4.38641
28	75	-4.38641
28	31	4.38594
29	30	4.38594
71	84	-4.38553
70	85	-4.38553
2	53	-4.38511
3	52	-4.38511
79	92	-4.38403
78	93	-4.38403
66	99	-4.3838
67	98	-4.3838
20	85	-4.38243
21	84	-4.38243
49	78	-4.37912
48	79	-4.37912
18	95	-4.37899
19	94	-4.37899
37	86	4.37892
36	87	4.37892
22	53	4.37877
23	52	4.37877
56	93	4.37836
57	92	4.37836
23	86	-4.3777
22	87	-4.3777
24	69	-4.37727
25	68	-4.37727
55	94	-4.37717
54	95	-4.37717
55	70	-4.37648
54	71	-4.37648
2	61	-4.37567
3	60	-4.37567
0	15	-4.37547
1	14	-4.37547
17	38	4.37508
16	39	4.37508
33	82	-4.37465
32	83	-4.37465
65	66	4.37444
64	67	4.37444
0	63	-4.37375
1	62	-4.37375
22	61	4.37224
23	60	4.37224
71	78	-4.37211
70	79	-4.37211
54	85	4.37181
55	84	4.37181
16	97	-4.369
17	96	-4.369
23	84	-4.36716
22	85	-4.36716
9	48	-4.36701
8	49	-4.36701
31	90	-4.36569
30	91	-4.36569
14	97	4.36498
15	96	4.36498
41	68	-4.36339
40	69	-4.36339
20	53	4.36286
21	52	4.36286
67	80	4.36182
66	81	4.36182
50	73	4.36167
51	72	4.36167
2	57	-4.36087
3	56	-4.36087
16	21	-4.36066
17	20	-4.36066
63	68	-4.36
62	69	-4.36
12	17	4.35996
13	16	4.35996
0	37	4.35747
1	36	4.35747
44	93	-4.35696
45	92	-4.35696
4	59	-4.35533
5	58	-4.35533
62	77	4.35366
63	76	4.35366
45	72	4.35351
44	73	4.35351
51	92	-4.35305
50	93	-4.35305
46	59	-4.35091
47	58	-4.35091
0	79	4.34842
1	78	4.34842
20	61	4.34808
21	60	4.34808
58	73	-4.34761
59	72	-4.34761
67	74	-4.34688
66	75	-4.34688
44	49	-4.34645
45	48	-4.34645
76	85	-4.34429
77	84	-4.34429
55	90	-4.34418
54	91	-4.34418
77	88	-4.34407
76	89	-4.34407
46	55	4.34392
47	54	4.34392
9	56	-4.34348
8	57	-4.34348
49	56	4.34321
48	57	4.34321
36	95	-4.34312
37	94	-4.34312
2	65	4.34293
3	64	4.34293
38	43	4.34244
39	42	4.34244
43	78	4.34118
42	79	4.34118
38	91	-4.33958
39	90	-4.33958
48	51	-4.33933
49	50	-4.33933
75	96	4.33754
74	97	4.33754
41	76	4.33607
40	77	4.33607
16	55	4.33509
17	54	4.33509
10	29	-4.33419
11	28	-4.33419
18	27	-4.33113
19	26	-4.33113
61	66	-4.33065
60	67	-4.33065
38	85	4.32949
39	84	4.32949
24	47	-4.3294
25	46	-4.3294
32	87	4.3293
33	86	4.3293
26	79	-4.32863
27	78	-4.32863
5	50	4.32858
4	51	4.32858
47	62	-4.32675
46	63	-4.32675
5	48	-4.32327
4	49	-4.32327
17	22	-4.32197
16	23	-4.32197
66	87	4.32129
67	86	4.32129
64	81	4.32009
65	80	4.32009
7	94	-4.31906
6	95	-4.31906
8	93	-4.31902
9	92	-4.31902
4	45	4.31886
5	44	4.31886
25	76	4.31884
24	77	4.31884
68	75	-4.31534
69	74	-4.31534
33	52	-4.31533
32	53	-4.31533
41	46	-4.31479
40	47	-4.31479
43	46	4.31366
42	47	4.31366
32	35	-4.31338
33	34	-4.31338
17	82	-4.31115
16	83	-4.31115
35	36	-4.30932
34	37	-4.30932
38	71	-4.30931
39	70	-4.30931
5	92	-4.30771
4	93	-4.30771
30	59	-4.30663
31	58	-4.30663
81	82	-4.30403
80	83	-4.30403
42	71	-4.30292
43	70	-4.30292
6	13	4.29981
7	12	4.29981
49	72	-4.29746
48	73	-4.29746
39	40	-4.29732
38	41	-4.29732
7	16	4.29388
6	17	4.29388
51	78	4.29365
50	79	4.29365
18	75	-4.29353
19	74	-4.29353
25	38	-4.29322
24	39	-4.29322
47	70	-4.29309
46	71	-4.29309
0	81	4.29022
1	80	4.29022
26	95	4.28924
27	94	4.28924
72	93	-4.28718
73	92	-4.28718
84	97	-4.28398
85	96	-4.28398
84	89	4.28234
85	88	4.28234
2	87	4.28176
3	86	4.28176
33	80	4.28009
32	81	4.28009
14	39	-4.27951
15	38	-4.27951
78	83	-4.27882
79	82	-4.27882
82	85	-4.27778
83	84	-4.27778
31	86	4.27578
30	87	4.27578
93	98	4.27576
92	99	4.27576
46	95	-4.27446
47	94	-4.27446
57	66	-4.27311
56	67	-4.27311
8	61	-4.27034
9	60	-4.27034
23	66	-4.26766
22	67	-4.26766
13	96	-4.26739
12	97	-4.26739
38	63	-4.26702
39	62	-4.26702
45	78	4.26363
44	79	4.26363
30	35	-4.26304
31	34	-4.26304
37	52	-4.26013
36	53	-4.26013
1	32	4.25849
0	33	4.25849
39	98	-4.25837
38	99	-4.25837
28	83	-4.25821
29	82	-4.25821
2	35	-4.25814
3	34	-4.25814
2	11	-4.25734
3	10	-4.25734
0	85	4.25527
1	84	4.25527
0	17	4.25309
1	16	4.25309
48	99	4.25198
49	98	4.25198
35	66	-4.2518
34	67	-4.2518
69	96	-4.25061
68	97	-4.25061
20	67	-4.24811
21	66	-4.24811
26	43	-4.24805
27	42	-4.24805
3	20	-4.24565
2	21	-4.24565
54	69	4.24564
55	68	4.24564
20	33	-4.24508
21	32	-4.24508
39	56	-4.2447
38	57	-4.2447
27	54	-4.24463
26	55	-4.24463
37	80	4.24326
36	81	4.24326
14	77	4.24243
15	76	4.24243
85	90	-4.23905
84	91	-4.23905
71	88	-4.23783
70	89	-4.23783
3	22	-4.23665
2	23	-4.23665
39	78	4.23333
38	79	4.23333
7	68	4.23308
6	69	4.23308
47	76	-4.22996
46	77	-4.22996
7	84	4.22908
6	85	4.22908
79	94	-4.22869
78	95	-4.22869
13	30	4.22528
12	31	4.22528
60	81	-4.22461
61	80	-4.22461
79	90	-4.22446
78	91	-4.22446
63	70	4.22243
62	71	4.22243
11	80	-4.22183
10	81	-4.22183
0	31	4.2214
1	30	4.2214
11	16	-4.22126
10	17	-4.22126
19	70	-4.22056
18	71	-4.22056
79	96	-4.21948
78	97	-4.21948
42	69	4.2192
43	68	4.2192
4	27	-4.2175
5	26	-4.2175
4	75	-4.2168
5	74	-4.2168
15	78	-4.21671
14	79	-4.21671
1	66	4.21621
0	67	4.21621
19	50	4.21507
18	51	4.21507
38	51	4.21475
39	50	4.21475
72	75	-4.21439
73	74	-4.21439
23	56	4.2126
22	57	4.2126
41	70	4.21123
40	71	4.21123
0	95	-4.20966
1	94	-4.20966
76	79	-4.2073
77	78	-4.2073
10	67	-4.20633
11	66	-4.20633
19	44	4.2042
18	45	4.2042
8	27	-4.20314
9	26	-4.20314
8	11	-4.20024
9	10	-4.20024
22	33	-4.19802
23	32	-4.19802
75	76	4.19775
74	77	4.19775
24	71	4.19726
25	70	4.19726
69	94	-4.19642
68	95	-4.19642
26	73	-4.19612
27	72	-4.19612
38	45	4.19503
39	44	4.19503
22	45	-4.19455
23	44	-4.19455
8	53	-4.19381
9	52	-4.19381
22	51	-4.19362
23	50	-4.19362
21	36	-4.19288
20	37	-4.19288
39	76	-4.19244
38	77	-4.19244
5	70	-4.19026
4	71	-4.19026
47	74	-4.1902
46	75	-4.1902
6	79	4.18832
7	78	4.18832
31	64	4.18824
30	65	4.18824
31	52	-4.18806
30	53	-4.18806
6	29	4.18692
7	28	4.18692
11	84	-4.18618
10	85	-4.18618
20	57	4.18536
21	56	4.18536
10	79	-4.18461
11	78	-4.18461
72	99	-4.18205
73	98	-4.18205
23	94	4.18103
22	95	4.18103
16	91	-4.18071
17	90	-4.18071
20	45	-4.18056
21	44	-4.18056
93	94	4.18033
92	95	4.18033
70	73	-4.18032
71	72	-4.18032
17	88	4.17898
16	89	4.17898
62	79	-4.17868
63	78	-4.17868
21	50	-4.1785
20	51	-4.1785
3	82	-4.17677
2	83	-4.17677
15	30	-4.17302
14	31	-4.17302
5	98	-4.17291
4	99	-4.17291
24	79	-4.17176
25	78	-4.17176
19	98	-4.17092
18	99	-4.17092
0	3	4.16972
1	2	4.16972
15	84	-4.16677
14	85	-4.16677
17	86	4.16466
16	87	4.16466
51	84	4.16313
50	85	4.16313
41	78	-4.16148
40	79	-4.16148
12	77	-4.16114
13	76	-4.16114
16	57	-4.16061
17	56	-4.16061
48	95	4.15957
49	94	4.15957
18	77	-4.15922
19	76	-4.15922
23	28	-4.15614
22	29	-4.15614
53	72	-4.15461
52	73	-4.15461
80	91	-4.15377
81	90	-4.15377
67	82	-4.15265
66	83	-4.15265
23	36	-4.15232
22	37	-4.15232
64	79	4.15229
65	78	4.15229
26	89	-4.15187
27	88	-4.15187
47	96	-4.15058
46	97	-4.15058
17	64	4.14941
16	65	4.14941
58	85	-4.14802
59	84	-4.14802
30	83	-4.14801
31	82	-4.14801
55	92	-4.14703
54	93	-4.14703
8	65	4.14492
9	64	4.14492
47	50	4.14472
46	51	4.14472
33	48	-4.14334
32	49	-4.14334
16	35	-4.1417
17	34	-4.1417
17	50	4.14007
16	51	4.14007
15	70	4.13944
14	71	4.13944
21	94	4.13925
20	95	4.13925
43	92	-4.13814
42	93	-4.13814
71	74	4.13687
70	75	4.13687
3	48	-4.13646
2	49	-4.13646
1	72	4.13517
0	73	4.13517
57	84	-4.13465
56	85	-4.13465
43	48	-4.13402
42	49	-4.13402
45	84	4.13301
44	85	4.13301
4	53	-4.13281
5	52	-4.13281
8	35	-4.13058
9	34	-4.13058
56	79	-4.13036
57	78	-4.13036
21	28	-4.13023
20	29	-4.13023
44	47	4.1291
45	46	4.1291
38	95	-4.12867
39	94	-4.12867
23	98	4.12813
22	99	4.12813
48	55	-4.12797
49	54	-4.12797
58	97	4.12686
59	96	4.12686
28	81	4.1263
29	80	4.1263
24	31	-4.12573
25	30	-4.12573
57	72	-4.12454
56	73	-4.12454
59	78	-4.12396
58	79	-4.12396
0	5	4.12311
1	4	4.12311
27	62	4.12303
26	63	4.12303
25	84	-4.12287
24	85	-4.12287
6	47	4.12252
7	46	4.12252
63	84	-4.12028
62	85	-4.12028
42	85	4.11992
43	84	4.11992
4	57	-4.1189
5	56	-4.1189
2	93	-4.11881
3	92	-4.11881
31	74	-4.11847
30	75	-4.11847
32	93	-4.11746
33	92	-4.11746
31	40	-4.11609
30	41	-4.11609
11	38	-4.11434
10	39	-4.11434
27	40	4.11429
26	41	4.11429
41	84	-4.11382
40	85	-4.11382
17	44	4.11379
16	45	4.11379
8	83	-4.11315
9	82	-4.11315
60	73	-4.11294
61	72	-4.11294
17	58	-4.11231
16	59	-4.11231
30	63	-4.11169
31	62	-4.11169
57	80	-4.11161
56	81	-4.11161
13	70	-4.11104
12	71	-4.11104
45	80	4.1102
44	81	4.1102
21	98	4.10977
20	99	4.10977
64	73	4.10959
65	72	4.10959
29	96	-4.10894
28	97	-4.10894
67	92	-4.10853
66	93	-4.10853
18	57	-4.10848
19	56	-4.10848
49	66	-4.10806
48	67	-4.10806
59	80	-4.10745
58	81	-4.10745
72	83	-4.10677
73	82	-4.10677
90	97	4.10644
91	96	4.10644
65	84	4.10603
64	85	4.10603
39	96	-4.10566
38	97	-4.10566
24	27	4.10424
25	26	4.10424
4	83	-4.10373
5	82	-4.10373
47	82	-4.10254
46	83	-4.10254
68	99	-4.10241
69	98	-4.10241
13	80	4.10113
12	81	4.10113
51	80	4.10007
50	81	4.10007
4	61	-4.09935
5	60	-4.09935
36	97	-4.09927
37	96	-4.09927
9	86	4.09811
8	87	4.09811
0	47	4.09642
1	46	4.09642
85	94	-4.09637
84	95	-4.09637
21	58	4.09595
20	59	4.09595
17	52	-4.09589
16	53	-4.09589
11	72	-4.09514
10	73	-4.09514
46	99	-4.09444
47	98	-4.09444
15	16	-4.09107
14	17	-4.09107
37	48	-4.09038
36	49	-4.09038
5	10	-4.08949
4	11	-4.08949
5	64	4.08881
4	65	4.08881
18	97	-4.08396
19	96	-4.08396
6	37	4.08351
7	36	4.08351
84	87	4.08216
85	86	4.08216
6	39	4.08192
7	38	4.08192
8	71	-4.08136
9	70	-4.08136
4	77	-4.08043
5	76	-4.08043
79	98	-4.07813
78	99	-4.07813
74	85	-4.0764
75	84	-4.0764
22	43	-4.07585
23	42	-4.07585
49	58	4.07581
48	59	4.07581
36	93	-4.0757
37	92	-4.0757
54	81	4.07568
55	80	4.07568
18	53	-4.07507
19	52	-4.07507
31	60	-4.07497
30	61	-4.07497
11	30	-4.07491
10	31	-4.07491
31	88	4.07476
30	89	4.07476
46	57	-4.07466
47	56	-4.07466
17	60	-4.07377
16	61	-4.07377
39	60	-4.07272
38	61	-4.07272
16	75	-4.07109
17	74	-4.07109
79	86	4.07075
78	87	4.07075
7	18	4.07027
6	19	4.07027
80	95	-4.06791
81	94	-4.06791
19	60	-4.06738
18	61	-4.06738
21	90	4.06618
20	91	4.06618
73	76	-4.06569
72	77	-4.06569
23	58	4.06555
22	59	4.06555
59	76	4.06534
58	77	4.06534
16	99	-4.06444
17	98	-4.06444
89	92	-4.06428
88	93	-4.06428
29	76	-4.06421
28	77	-4.06421
14	27	4.06348
15	26	4.06348
10	47	-4.06288
11	46	-4.06288
39	82	-4.06285
38	83	-4.06285
33	96	-4.06247
32	97	-4.06247
38	53	-4.06234
39	52	-4.06234
27	74	4.06201
26	75	4.06201
73	86	4.06105
72	87	4.06105
84	99	-4.06051
85	98	-4.06051
5	96	-4.05992
4	97	-4.05992
50	69	4.0594
51	68	4.0594
75	78	-4.0592
74	79	-4.0592
18	83	-4.05899
19	82	-4.05899
16	25	-4.05884
17	24	-4.05884
9	76	-4.05872
8	77	-4.05872
49	88	-4.0584
48	89	-4.0584
58	93	4.0569
59	92	4.0569
11	18	-4.05654
10	19	-4.05654
22	55	-4.05597
23	54	-4.05597
21	42	-4.05539
20	43	-4.05539
49	90	4.05383
48	91	4.05383
17	62	-4.05356
16	63	-4.05356
73	96	-4.05353
72	97	-4.05353
17	40	-4.05303
16	41	-4.05303
61	78	-4.05291
60	79	-4.05291
35	84	-4.05284
34	85	-4.05284
80	99	-4.05274
81	98	-4.05274
45	68	4.05273
44	69	4.05273
77	90	4.05241
76	91	4.05241
7	32	4.05159
6	33	4.05159
27	32	-4.05046
26	33	-4.05046
35	72	-4.05035
34	73	-4.05035
66	71	-4.04976
67	70	-4.04976
57	68	-4.04969
56	69	-4.04969
0	69	4.04867
1	68	4.04867
3	26	-4.04746
2	27	-4.04746
12	27	-4.0461
13	26	-4.0461
0	19	4.04571
1	18	4.04571
21	54	-4.04518
20	55	-4.04518
21	74	4.04509
20	75	4.04509
22	91	4.04449
23	90	4.04449
5	86	4.0437
4	87	4.0437
7	66	4.04364
6	67	4.04364
62	93	4.04315
63	92	4.04315
69	86	4.04312
68	87	4.04312
31	54	4.04264
30	55	4.04264
1	8	4.04132
0	9	4.04132
5	6	4.04114
4	7	4.04114
29	70	-4.04092
28	71	-4.04092
26	67	-4.03955
27	66	-4.03955
40	93	4.03895
41	92	4.03895
60	85	-4.0387
61	84	-4.0387
5	34	-4.03833
4	35	-4.03833
48	63	4.0378
49	62	4.0378
42	81	4.03747
43	80	4.03747
6	73	4.03684
7	72	4.03684
17	42	4.03628
16	43	4.03628
49	74	4.03592
48	75	4.03592
14	81	-4.03567
15	80	-4.03567
36	77	-4.03558
37	76	-4.03558
74	93	4.03521
75	92	4.03521
41	48	4.03512
40	49	4.03512
12	21	-4.03511
13	20	-4.03511
91	92	4.03501
90	93	4.03501
26	59	4.03463
27	58	4.03463
25	92	4.03336
24	93	4.03336
30	95	-4.03275
31	94	-4.03275
35	68	-4.0319
34	69	-4.0319
46	53	-4.03167
47	52	-4.03167
25	48	4.03009
24	49	4.03009
22	75	4.02928
23	74	4.02928
17	94	-4.02822
16	95	-4.02822
27	36	-4.02758
26	37	-4.02758
59	70	4.02722
58	71	4.02722
32	77	-4.02688
33	76	-4.02688
37	70	-4.02673
36	71	-4.02673
53	68	-4.02666
52	69	-4.02666
28	93	-4.0248
29	92	-4.0248
66	97	-4.02474
67	96	-4.02474
39	86	4.02277
38	87	4.02277
46	61	-4.02253
47	60	-4.02253
74	81	-4.02215
75	80	-4.02215
3	6	4.02118
2	7	4.02118
19	64	4.02098
18	65	4.02098
68	83	-4.02068
69	82	-4.02068
3	70	-4.0201
2	71	-4.0201
52	79	-4.01989
53	78	-4.01989
12	49	-4.01988
13	48	-4.01988
34	79	-4.01886
35	78	-4.01886
13	22	-4.0188
12	23	-4.0188
13	92	-4.01823
12	93	-4.01823
30	45	4.01817
31	44	4.01817
27	90	4.018
26	91	4.018
28	49	-4.01796
29	48	-4.01796
52	85	-4.01784
53	84	-4.01784
38	65	4.01725
39	64	4.01725
47	64	4.01723
46	65	4.01723
6	9	4.01574
7	8	4.01574
25	80	-4.01563
24	81	-4.01563
60	69	-4.01484
61	68	-4.01484
18	35	-4.0147
19	34	-4.0147
30	43	4.01468
31	42	4.01468
63	80	-4.01426
62	81	-4.01426
3	96	-4.01344
2	97	-4.01344
15	92	4.01337
14	93	4.01337
30	51	4.01294
31	50	4.01294
71	90	4.01262
70	91	4.01262
15	48	4.01258
14	49	4.01258
64	69	4.01244
65	68	4.01244
41	80	-4.01228
40	81	-4.01228
32	71	-4.01187
33	70	-4.01187
8	97	-4.01151
9	96	-4.01151
22	63	4.01117
23	62	4.01117
30	57	-4.011
31	56	-4.011
23	88	-4.00946
22	89	-4.00946
80	89	4.00759
81	88	4.00759
11	68	-4.0073
10	69	-4.0073
14	23	4.00662
15	22	4.00662
0	39	4.00522
1	38	4.00522
26	29	-4.00513
27	28	-4.00513
23	40	4.00505
22	41	4.00505
22	25	4.00471
23	24	4.00471
35	38	-4.00413
34	39	-4.00413
19	86	4.00401
18	87	4.00401
47	86	4.00398
46	87	4.00398
20	89	-4.00314
21	88	-4.00314
14	21	4.00263
15	20	4.00263
20	63	4.00255
21	62	4.00255
3	76	-4.00236
2	77	-4.00236
67	76	-4.00218
66	77	-4.00218
34	47	-4.00091
35	46	-4.00091
31	98	-4.00078
30	99	-4.00078
20	41	4.00053
21	40	4.00053
21	24	4.00018
20	25	4.00018
24	40	2.99968
4	72	2.99884
24	62	2.99851
40	62	2.99821
44	50	2.99815
48	92	2.99556
20	22	2.99518
14	24	2.99425
14	62	2.99188
14	40	2.99125
10	82	2.98356
18	46	2.98053
64	86	2.98033
58	90	2.98006
26	48	2.97948
2	66	2.97917
26	92	2.97882
56	98	2.97857
76	96	2.97805
4	18	2.97144
16	84	2.96987
26	70	2.96804
10	56	2.9661
18	72	2.96089
28	66	2.95603
32	36	2.95358
4	46	2.95292
20	92	2.95084
26	76	2.95
34	60	2.94985
12	36	2.94854
70	96	2.94799
10	60	2.94591
70	76	2.94282
2	8	2.93944
70	92	2.93883
18	68	2.93851
46	72	2.93757
22	92	2.93698
2	28	2.93633
14	90	2.93503
0	64	2.93484
78	84	2.93458
20	48	2.93424
58	74	2.93145
60	98	2.93135
54	88	2.93101
12	88	2.93081
30	80	2.93022
34	52	2.92907
46	68	2.92824
42	88	2.92683
46	84	2.92666
56	60	2.92489
46	78	2.92408
44	64	2.92309
48	70	2.91897
12	32	2.91885
42	44	2.91666
10	98	2.915
12	54	2.91474
66	72	2.91445
4	78	2.91394
0	6	2.91316
50	54	2.91237
22	48	2.91202
50	64	2.91137
14	58	2.91121
56	82	2.90919
40	74	2.90823
72	78	2.9064
24	90	2.90491
26	96	2.90449
30	68	2.90422
24	74	2.90343
42	50	2.90179
60	82	2.89998
4	66	2.89847
40	90	2.89733
24	58	2.89516
40	58	2.89123
44	54	2.89092
50	88	2.88782
62	90	2.88736
6	86	2.88657
8	32	2.88652
2	72	2.88487
40	98	2.88428
62	74	2.88285
14	74	2.88231
44	88	2.88221
62	94	2.88154
0	86	2.87905
8	18	2.87686
62	98	2.87625
2	4	2.8739
48	76	2.87339
24	98	2.87299
58	62	2.87188
20	26	2.8717
6	64	2.87157
76	92	2.86982
18	78	2.86666
74	90	2.8656
44	86	2.86506
8	66	2.86321
16	80	2.8626
52	60	2.86109
52	94	2.85777
22	26	2.85659
24	94	2.85658
40	94	2.85418
14	94	2.85331
10	34	2.85198
74	98	2.85188
2	18	2.84856
50	86	2.84363
22	70	2.84188
16	46	2.84138
18	84	2.84009
2	32	2.83606
4	68	2.83605
20	70	2.83556
8	68	2.83527
18	66	2.8337
34	82	2.83272
82	98	2.83195
34	96	2.83157
16	30	2.82869
16	78	2.82707
4	8	2.8265
8	72	2.82423
14	98	2.81983
92	96	2.81739
4	84	2.81658
0	50	2.81475
68	72	2.81357
0	44	2.81342
82	96	2.80787
68	84	2.80618
48	96	2.80601
28	88	2.80133
42	54	2.80077
28	42	2.79801
56	74	2.79606
72	84	2.79449
30	46	2.79212
32	88	2.79135
30	84	2.78409
34	76	2.78392
40	56	2.78371
34	98	2.78225
36	88	2.78115
8	28	2.78025
36	54	2.7777
8	46	2.77739
34	56	2.77725
42	64	2.77587
56	62	2.77106
24	56	2.76948
28	72	2.7666
16	68	2.76309
28	32	2.75607
80	84	2.75465
42	86	2.75281
60	94	2.75249
60	62	2.74888
36	38	2.74854
2	46	2.74772
46	66	2.7474
18	30	2.74579
40	60	2.74291
12	42	2.74255
94	98	2.74251
4	28	2.74244
12	50	2.73576
16	18	2.73556
10	96	2.73503
68	78	2.73321
8	36	2.73246
24	60	2.73034
32	66	2.7293
60	96	2.72462
68	80	2.72125
12	44	2.7154
32	38	2.71148
52	98	2.71124
12	28	2.70957
34	94	2.70944
14	56	2.70642
2	68	2.7053
20	76	2.6994
32	54	2.69868
66	78	2.69665
54	64	2.69439
2	12	2.69365
22	76	2.68805
76	82	2.68802
2	88	2.68731
58	98	2.68556
10	52	2.67906
4	16	2.67898
8	12	2.67769
70	82	2.67508
14	60	2.66938
90	94	2.66341
2	36	2.66158
18	28	2.66043
52	62	2.65806
64	88	2.65629
22	96	2.65377
10	40	2.6522
16	72	2.65081
20	96	2.65037
52	56	2.64995
66	68	2.64927
66	88	2.64874
46	80	2.64799
10	62	2.64577
90	98	2.64502
6	44	2.64217
2	78	2.64148
34	70	2.64018
10	24	2.6368
52	96	2.63462
10	74	2.63381
60	76	2.6321
60	74	2.63125
40	52	2.63107
6	50	2.62798
52	82	2.62576
56	94	2.62555
0	54	2.62525
24	52	2.62499
8	38	2.61888
10	76	2.61356
42	66	2.61258
52	76	2.61255
4	30	2.6102
30	78	2.60748
12	66	2.60571
74	94	2.60553
18	32	2.60452
28	36	2.60272
58	94	2.60211
2	42	2.59842
34	62	2.59554
30	48	-2.59469
54	86	2.59142
56	58	2.58925
8	78	2.58767
32	42	2.58649
14	52	2.58638
26	34	2.58561
86	88	2.58538
0	42	2.58209
34	40	2.5799
28	54	2.57981
30	72	2.5784
8	88	2.57479
10	70	2.57141
32	72	2.57124
56	96	2.56906
10	14	2.56895
24	34	2.5684
28	44	2.56777
10	94	2.56749
8	30	2.567
4	32	2.56638
28	50	2.55863
18	80	2.55763
32	68	2.55733
28	46	2.55355
36	42	2.54853
8	84	2.54572
36	66	2.54419
12	38	2.54131
26	82	2.53873
30	92	-2.53857
40	82	2.53591
48	80	-2.53572
56	90	2.53371
62	82	2.53086
36	50	2.52981
26	30	-2.5295
66	84	2.5293
60	70	2.52518
78	80	2.52515
74	82	2.52075
24	82	2.52055
26	80	-2.51691
28	78	2.51517
2	84	2.51456
14	34	2.5108
0	88	2.50854
36	44	2.5061
20	38	-2.50228
96	98	2.50194
76	80	-2.50025
2	54	2.48867
32	50	2.48795
32	46	2.48666
82	94	2.47762
80	92	-2.47758
32	44	2.47232
22	38	-2.47041
38	68	2.47037
20	30	-2.46765
28	68	2.46755
6	26	-2.46081
58	60	2.4582
0	70	-2.45579
34	92	2.45436
14	82	2.45434
0	96	-2.45283
34	48	2.45165
6	76	-2.45147
12	64	2.45079
8	16	2.44713
56	76	2.44662
6	48	-2.44612
6	42	2.44473
10	26	2.44302
0	76	-2.44192
60	90	2.44016
52	70	2.43936
30	76	-2.43869
54	66	2.43862
64	76	-2.43755
4	80	2.43735
6	92	-2.43678
82	92	2.43677
2	38	2.43636
64	96	-2.43579
26	60	2.432
34	44	-2.43119
0	26	-2.43038
42	52	-2.42931
18	36	2.4291
10	54	-2.42718
34	74	2.42701
6	70	-2.42591
34	50	-2.42395
76	86	-2.42354
8	42	2.42066
54	82	-2.42005
10	58	2.41884
8	54	2.41799
6	96	-2.41717
48	68	-2.41708
52	74	2.41685
6	58	-2.41627
60	88	-2.41476
50	60	-2.41271
22	30	-2.41265
26	52	2.41262
44	60	-2.41168
54	56	-2.41114
28	94	-2.41044
34	42	-2.40825
48	82	2.40825
34	64	-2.40668
12	72	2.40662
36	68	2.40578
12	56	-2.40528
72	80	2.40516
2	30	2.4048
12	98	-2.40448
88	98	-2.39987
72	88	2.39985
86	96	-2.39975
50	82	-2.39963
10	50	-2.39759
0	92	-2.39755
4	12	2.39641
56	70	2.39487
12	18	2.39373
6	90	-2.39342
34	86	-2.39318
76	98	2.39222
54	60	-2.39044
36	72	2.3897
0	48	-2.38733
4	36	2.3872
56	88	-2.38518
32	74	-2.38511
44	82	-2.38504
2	50	2.38499
10	44	-2.38492
42	60	-2.38448
2	44	2.38448
30	70	-2.38281
70	80	-2.3826
50	96	-2.3824
44	66	2.38239
44	96	-2.38207
80	96	-2.38166
54	98	-2.38101
20	68	-2.38026
4	88	2.38015
10	88	-2.37925
64	70	-2.3792
50	66	2.37853
2	16	2.37816
6	54	2.37639
16	66	2.37588
10	90	2.37574
8	90	-2.37495
34	88	-2.37418
68	92	-2.37392
26	64	-2.37158
32	40	-2.3712
42	94	-2.36947
2	14	-2.36917
10	12	-2.36842
24	32	-2.36841
36	74	-2.36827
30	38	2.36816
8	14	-2.36791
12	86	2.36704
44	52	-2.36474
66	94	-2.36361
32	62	-2.36261
2	62	-2.36134
18	38	2.361
6	20	-2.36047
26	86	-2.35779
20	80	-2.35669
52	86	-2.35649
2	24	-2.35629
30	66	2.35628
8	58	-2.35605
50	56	-2.35588
0	82	-2.35568
12	60	-2.35526
14	32	-2.35496
36	56	-2.35421
8	24	-2.3542
32	98	-2.35349
2	94	-2.35289
38	48	-2.35238
2	40	-2.35216
36	98	-2.35214
12	74	-2.35102
60	64	-2.35096
8	40	-2.35046
28	64	2.35038
8	62	-2.34891
52	88	-2.34877
44	76	-2.34829
50	52	-2.34782
6	22	-2.34704
0	12	2.34703
52	90	2.34675
50	98	-2.3463
32	58	-2.34547
82	88	-2.34533
44	56	-2.34349
28	62	-2.34328
50	76	-2.34292
38	92	-2.3424
62	88	-2.34171
42	72	2.34093
40	88	-2.34056
94	96	2.34044
70	86	-2.34
44	98	-2.33972
34	54	-2.33911
32	78	2.33899
10	92	2.33772
28	84	2.33721
36	46	2.33692
22	68	-2.33639
14	28	-2.33625
24	88	-2.33589
8	80	2.33567
52	64	-2.335
38	66	2.3313
64	82	-2.33127
18	88	2.33114
12	40	-2.33093
24	28	-2.33055
2	90	-2.3292
28	40	-2.32775
12	82	-2.32666
0	22	-2.3257
88	94	-2.32564
14	66	-2.32473
26	68	-2.32471
12	24	-2.32456
0	34	-2.32451
28	86	2.32384
6	74	-2.32325
0	10	-2.32301
12	62	-2.32283
52	58	2.32207
32	56	-2.32193
32	90	-2.32152
22	82	2.32125
38	88	2.32071
0	20	-2.32013
28	38	2.31852
70	98	2.31839
60	86	-2.31838
62	66	-2.31799
30	96	-2.31798
10	64	-2.31796
42	98	-2.31538
4	42	2.31508
10	48	2.31457
60	92	2.31397
14	88	-2.3131
6	34	-2.31175
12	68	2.31151
86	90	-2.31051
48	64	-2.31036
58	82	2.31017
8	74	-2.30913
64	92	-2.30893
28	52	-2.30833
24	66	-2.30828
22	80	-2.30773
6	88	2.30761
42	62	-2.30651
0	58	-2.30484
48	86	-2.30479
32	84	2.30424
58	86	-2.30332
40	66	-2.30315
12	46	2.30282
48	60	2.30193
48	52	2.30163
36	40	-2.29949
52	92	2.29924
10	42	-2.29923
30	32	2.29911
68	90	-2.29909
38	54	2.29808
20	82	2.29723
0	60	-2.297
12	14	-2.29656
40	42	-2.29639
86	92	-2.29502
24	42	-2.29498
74	88	-2.29435
24	36	-2.29348
50	70	-2.29177
58	64	-2.29161
10	36	-2.28942
44	70	-2.28922
18	90	-2.28867
22	34	2.28854
76	94	2.28791
2	58	-2.28769
6	14	-2.28747
36	62	-2.28573
14	42	-2.28484
42	56	-2.2837
20	34	2.28311
54	74	-2.28174
34	58	2.28153
6	24	-2.28137
36	58	-2.28067
6	40	-2.28053
64	90	-2.28016
16	48	-2.27992
38	46	2.27926
34	90	2.27922
26	56	2.27876
54	96	-2.27634
6	80	2.27576
66	90	-2.27447
42	82	-2.27392
0	56	-2.27347
82	90	2.27282
12	58	-2.27268
64	98	-2.27184
38	74	-2.27032
0	74	-2.2694
56	64	-2.26933
6	60	-2.26913
4	38	2.26865
6	62	-2.26847
14	36	-2.26837
12	34	-2.26663
28	90	-2.26462
54	72	2.26417
38	72	2.26368
82	86	-2.26354
16	26	-2.26198
0	90	-2.261
40	44	-2.26089
58	68	-2.26073
44	62	-2.26022
14	18	-2.25885
8	50	2.25884
6	82	-2.25813
10	86	-2.2577
36	60	-2.25741
8	94	-2.25714
40	50	-2.25686
24	44	-2.25671
12	78	2.25667
58	88	-2.25667
32	60	-2.25666
46	48	-2.25651
36	64	2.25495
42	96	-2.25493
50	62	-2.25481
6	30	2.254
44	94	-2.25363
40	54	-2.25333
28	98	-2.25328
32	94	-2.25301
28	60	-2.25271
4	54	2.25253
0	98	-2.25225
8	44	2.25211
24	50	-2.25209
52	54	-2.25034
14	86	-2.24901
38	80	2.24825
62	96	2.24808
26	44	-2.24754
88	90	-2.24745
6	10	-2.24718
48	84	-2.24681
16	92	-2.24636
2	74	-2.24599
24	54	-2.24592
34	80	-2.24589
10	32	-2.24583
54	62	-2.24581
16	32	2.24538
24	86	-2.2453
18	20	-2.2453
14	72	-2.24522
6	98	-2.24497
40	86	-2.2445
62	86	-2.24427
26	50	-2.24423
72	94	-2.24404
50	74	-2.24359
36	84	2.24357
4	14	-2.24251
20	46	-2.24244
36	82	-2.2413
12	94	-2.24026
2	98	-2.24025
40	96	2.24022
4	90	-2.24016
46	88	2.24014
44	58	-2.23916
50	94	-2.23908
12	90	-2.23849
40	64	-2.23834
14	44	-2.23819
18	42	2.23746
44	74	-2.23735
24	64	-2.23682
18	48	-2.23658
72	90	-2.23647
86	98	-2.23633
36	78	2.23632
50	58	-2.23585
16	76	-2.2351
42	90	-2.2349
62	64	-2.23477
86	94	-2.23445
78	88	2.23435
64	74	-2.23403
46	90	-2.23389
54	78	2.23337
6	52	-2.23337
26	38	-2.23311
18	58	-2.2325
36	90	-2.23249
46	92	-2.2323
14	50	-2.23145
14	64	-2.2312
4	94	-2.23106
42	76	-2.23101
16	36	2.23047
24	96	2.22955
8	20	-2.22843
6	56	-2.22814
18	24	-2.22808
22	46	-2.22795
18	22	-2.22779
38	58	-2.22776
8	98	-2.22772
18	62	-2.22661
22	78	-2.22639
12	52	-2.22589
44	90	-2.2255
10	22	2.22523
84	92	-2.22512
28	34	-2.22471
62	72	-2.22263
88	96	-2.22251
26	98	2.22198
52	80	-2.22176
18	40	-2.22062
26	84	-2.2204
58	66	-2.22025
28	58	-2.22014
32	64	2.2196
14	68	-2.21946
4	62	-2.21814
80	86	2.21794
56	86	-2.21755
24	72	-2.21748
50	90	-2.21707
42	58	-2.21596
12	84	2.21531
14	54	-2.21498
18	54	2.21478
74	86	-2.21453
4	24	-2.21398
18	92	-2.21252
40	72	-2.21035
54	76	-2.20999
68	70	-2.20997
54	58	-2.20966
20	78	-2.20957
0	28	2.20953
16	70	-2.20912
68	76	-2.20838
30	36	2.20811
52	66	-2.2079
0	52	-2.20783
2	80	2.20783
64	94	-2.20724
68	88	2.20697
4	40	-2.20675
4	22	-2.20659
22	64	-2.20617
20	64	-2.20617
10	20	2.20589
22	72	-2.20429
16	28	2.20388
4	20	-2.20344
42	74	-2.19981
0	40	-2.19947
8	22	-2.19932
20	72	-2.19819
70	94	2.19705
0	24	-2.19663
26	46	-2.19657
14	46	-2.19604
28	56	-2.1955
20	86	-2.19409
28	74	-2.1932
28	30	2.19297
70	84	-2.19276
2	52	-2.19255
78	92	-2.19202
66	98	-2.1919
20	84	-2.19121
48	78	-2.18956
18	94	-2.1895
36	86	2.18946
22	52	2.18938
56	92	2.18918
22	86	-2.18885
24	68	-2.18863
54	94	-2.18859
54	70	-2.18824
2	60	-2.18784
0	14	-2.18774
16	38	2.18754
32	82	-2.18733
64	66	2.18722
0	62	-2.18688
22	60	2.18612
70	78	-2.18605
54	84	2.18591
16	96	-2.1845
22	84	-2.18358
8	48	-2.18351
30	90	-2.18284
14	96	2.18249
40	68	-2.18169
20	52	2.18143
66	80	2.18091
50	72	2.18084
2	56	-2.18044
16	20	-2.18033
62	68	-2.18
12	16	2.17998
0	36	2.17874
44	92	-2.17848
4	58	-2.17767
62	76	2.17683
44	72	2.17676
50	92	-2.17653
46	58	-2.17545
0	78	2.17421
20	60	2.17404
58	72	-2.17381
66	74	-2.17344
44	48	-2.17322
76	84	-2.17214
54	90	-2.17209
76	88	-2.17204
46	54	2.17196
8	56	-2.17174
48	56	2.17161
36	94	-2.17156
2	64	2.17147
38	42	2.17122
42	78	2.17059
38	90	-2.16979
48	50	-2.16966
74	96	2.16877
40	76	2.16804
16	54	2.16754
10	28	-2.16709
18	26	-2.16556
60	66	-2.16533
38	84	2.16474
24	46	-2.1647
32	86	2.16465
26	78	-2.16431
4	50	2.16429
46	62	-2.16338
4	48	-2.16164
16	22	-2.16098
66	86	2.16064
64	80	2.16004
6	94	-2.15953
8	92	-2.15951
4	44	2.15943
24	76	2.15942
68	74	-2.15767
32	52	-2.15767
40	46	-2.1574
42	46	2.15683
32	34	-2.15669
16	82	-2.15557
34	36	-2.15466
38	70	-2.15466
4	92	-2.15385
30	58	-2.15332
80	82	-2.15202
42	70	-2.15146
6	12	2.14991
48	72	-2.14873
38	40	-2.14866
6	16	2.14694
50	78	2.14682
18	74	-2.14676
24	38	-2.14661
46	70	-2.14655
0	80	2.14511
26	94	2.14462
72	92	-2.14359
84	96	-2.14199
84	88	2.14117
2	86	2.14088
32	80	2.14005
14	38	-2.13976
78	82	-2.13941
82	84	-2.13889
30	86	2.13789
92	98	2.13788
46	94	-2.13723
56	66	-2.13656
8	60	-2.13517
22	66	-2.13383
12	96	-2.1337
38	62	-2.13351
44	78	2.13182
30	34	-2.13152
36	52	-2.13007
0	32	2.12924
38	98	-2.12918
28	82	-2.1291
2	34	-2.12907
2	10	-2.12867
0	84	2.12764
0	16	2.12654
48	98	2.12599
34	66	-2.1259
68	96	-2.1253
20	66	-2.12406
26	42	-2.12402
2	20	-2.12283
54	68	2.12282
20	32	-2.12254
38	56	-2.12235
26	54	-2.12231
36	80	2.12163
14	76	2.12121
84	90	-2.11953
70	88	-2.11891
2	22	-2.11832
38	78	2.11666
6	68	2.11654
46	76	-2.11498
6	84	2.11454
78	94	-2.11435
12	30	2.11264
60	80	-2.11231
78	90	-2.11223
62	70	2.11122
10	80	-2.11091
0	30	2.1107
10	16	-2.11063
18	70	-2.11028
78	96	-2.10974
42	68	2.1096
4	26	-2.10875
4	74	-2.1084
14	78	-2.10835
0	66	2.1081
18	50	2.10754
38	50	2.10737
72	74	-2.1072
22	56	2.1063
40	70	2.10562
0	94	-2.10483
76	78	-2.10365
10	66	-2.10317
18	44	2.1021
8	26	-2.10157
8	10	-2.10012
22	32	-2.09901
74	76	2.09887
24	70	2.09863
68	94	-2.09821
26	72	-2.09806
38	44	2.09751
22	44	-2.09728
8	52	-2.0969
22	50	-2.09681
20	36	-2.09644
38	76	-2.09622
4	70	-2.09513
46	74	-2.0951
6	78	2.09416
30	64	2.09412
30	52	-2.09403
6	28	2.09346
10	84	-2.09309
20	56	2.09268
10	78	-2.0923
72	98	-2.09102
22	94	2.09052
16	90	-2.09036
20	44	-2.09028
92	94	2.09017
70	72	-2.09016
16	88	2.08949
62	78	-2.08934
20	50	-2.08925
2	82	-2.08839
14	30	-2.08651
4	98	-2.08645
24	78	-2.08588
18	98	-2.08546
0	2	2.08486
14	84	-2.08338
16	86	2.08233
50	84	2.08157
40	78	-2.08074
12	76	-2.08057
16	56	-2.08031
48	94	2.07979
18	76	-2.07961
22	28	-2.07807
52	72	-2.0773
80	90	-2.07689
66	82	-2.07633
22	36	-2.07616
64	78	2.07615
26	88	-2.07593
46	96	-2.07529
16	64	2.07471
58	84	-2.07401
30	82	-2.07401
54	92	-2.07351
8	64	2.07246
46	50	2.07236
32	48	-2.07167
16	34	-2.07085
16	50	2.07004
14	70	2.06972
20	94	2.06962
42	92	-2.06907
70	74	2.06843
2	48	-2.06823
0	72	2.06758
56	84	-2.06732
42	48	-2.06701
44	84	2.06651
4	52	-2.0664
8	34	-2.06529
56	78	-2.06518
20	28	-2.06511
44	46	2.06455
38	94	-2.06434
22	98	2.06406
48	54	-2.06398
58	96	2.06343
28	80	2.06315
24	30	-2.06287
56	72	-2.06227
58	78	-2.06198
0	4	2.06155
26	62	2.06151
24	84	-2.06144
6	46	2.06126
62	84	-2.06014
42	84	2.05996
4	56	-2.05945
2	92	-2.0594
30	74	-2.05923
32	92	-2.05873
30	40	-2.05804
10	38	-2.05717
26	40	2.05714
40	84	-2.05691
16	44	2.0569
8	82	-2.05658
60	72	-2.05647
16	58	-2.05616
30	62	-2.05585
56	80	-2.05581
12	70	-2.05552
44	80	2.0551
20	98	2.05488
64	72	2.05479
28	96	-2.05447
66	92	-2.05427
18	56	-2.05424
48	66	-2.05403
58	80	-2.05373
72	82	-2.05338
90	96	2.05322
64	84	2.05301
38	96	-2.05283
24	26	2.05212
4	82	-2.05186
46	82	-2.05127
68	98	-2.0512
12	80	2.05056
50	80	2.05003
4	60	-2.04967
36	96	-2.04963
8	86	2.04905
0	46	2.04821
84	94	-2.04818
20	58	2.04797
16	52	-2.04794
10	72	-2.04757
46	98	-2.04722
14	16	-2.04554
36	48	-2.04519
4	10	-2.04475
4	64	2.0444
18	96	-2.04198
6	36	2.04175
84	86	2.04108
6	38	2.04096
8	70	-2.04068
4	76	-2.04021
78	98	-2.03906
74	84	-2.0382
22	42	-2.03793
48	58	2.03791
36	92	-2.03785
54	80	2.03784
18	52	-2.03754
30	60	-2.03749
10	30	-2.03745
30	88	2.03738
46	56	-2.03733
16	60	-2.03689
38	60	-2.03636
16	74	-2.03554
78	86	2.03537
6	18	2.03514
80	94	-2.03396
18	60	-2.03369
20	90	2.03309
72	76	-2.03285
22	58	2.03278
58	76	2.03267
16	98	-2.03222
88	92	-2.03214
28	76	-2.0321
14	26	2.03174
10	46	-2.03144
38	82	-2.03142
32	96	-2.03124
38	52	-2.03117
26	74	2.03101
72	86	2.03052
84	98	-2.03026
4	96	-2.02996
50	68	2.0297
74	78	-2.0296
18	82	-2.0295
16	24	-2.02942
8	76	-2.02936
48	88	-2.0292
58	92	2.02845
10	18	-2.02827
22	54	-2.02799
20	42	-2.0277
48	90	2.02692
16	62	-2.02678
72	96	-2.02676
16	40	-2.02652
60	78	-2.02646
34	84	-2.02642
80	98	-2.02637
44	68	2.02636
76	90	2.02621
6	32	2.02579
26	32	-2.02523
34	72	-2.02517
66	70	-2.02488
56	68	-2.02485
0	68	2.02433
2	26	-2.02373
12	26	-2.02305
0	18	2.02286
20	54	-2.02259
20	74	2.02255
22	90	2.02225
4	86	2.02185
6	66	2.02182
62	92	2.02158
68	86	2.02156
30	54	2.02132
0	8	2.02066
4	6	2.02057
28	70	-2.02046
26	66	-2.01978
40	92	2.01948
60	84	-2.01935
4	34	-2.01917
48	62	2.0189
42	80	2.01873
6	72	2.01842
16	42	2.01814
48	74	2.01796
14	80	-2.01783
36	76	-2.01779
74	92	2.0176
40	48	2.01756
12	20	-2.01756
90	92	2.01751
26	58	2.01732
24	92	2.01668
30	94	-2.01637
34	68	-2.01595
46	52	-2.01583
24	48	2.01504
22	74	2.01464
16	94	-2.01411
26	36	-2.01379
58	70	2.01361
32	76	-2.01344
36	70	-2.01337
52	68	-2.01333
28	92	-2.0124
66	96	-2.01237
38	86	2.01138
46	60	-2.01127
74	80	-2.01108
2	6	2.01059
18	64	2.01049
68	82	-2.01034
2	70	-2.01005
52	78	-2.00995
12	48	-2.00994
34	78	-2.00943
12	22	-2.0094
12	92	-2.00911
30	44	2.00908
26	90	2.009
28	48	-2.00898
52	84	-2.00892
38	64	2.00863
46	64	2.00862
6	8	2.00787
24	80	-2.00782
60	68	-2.00742
18	34	-2.00735
30	42	2.00734
62	80	-2.00713
2	96	-2.00672
14	92	2.00669
30	50	2.00647
70	90	2.00631
14	48	2.00629
64	68	2.00622
40	80	-2.00614
32	70	-2.00594
8	96	-2.00576
22	62	2.00559
30	56	-2.0055
22	88	-2.00473
80	88	2.00379
10	68	-2.00365
14	22	2.00331
0	38	2.00261
26	28	-2.00257
22	40	2.00252
22	24	2.00235
34	38	-2.00206
18	86	2.002
46	86	2.00199
20	88	-2.00157
14	20	2.00132
20	62	2.00128
2	76	-2.00118
66	76	-2.00109
34	46	-2.00046
30	98	-2.00039
20	40	2.00027
20	24	2.00009
