3	59	11.9992
69	85	11.9961
23	79	11.9954
1	19	11.9939
51	85	11.9881
11	35	-11.9872
51	69	11.9865
7	77	11.9763
63	99	11.9721
61	67	11.9645
17	75	11.9542
35	57	11.954
85	89	11.9478
39	49	-11.9454
15	83	11.9408
83	97	11.9377
47	73	11.9367
69	89	11.9348
11	25	11.9291
75	95	11.9071
73	97	11.9049
9	45	11.9009
11	57	-11.8986
77	81	11.8981
51	89	11.8876
31	39	11.8863
25	35	-11.8829
17	95	11.8579
9	69	11.8554
5	33	11.8416
9	51	11.8396
25	55	-11.8323
31	49	-11.8297
3	29	11.822
71	89	11.8134
29	59	11.8103
9	85	11.8085
23	71	11.7962
7	81	11.7913
13	89	11.7846
7	49	-11.777
73	83	11.7766
15	97	11.7682
57	81	11.7538
71	79	11.7503
5	55	11.7474
71	85	11.7337
47	97	11.7148
13	71	11.7141
39	65	11.7066
25	57	-11.6997
19	67	11.6947
49	65	-11.6934
3	17	11.6911
33	95	11.6901
81	99	-11.682
51	71	11.6777
41	53	11.6752
17	59	11.6737
69	71	11.6709
1	67	11.6706
33	55	11.6691
7	31	11.6638
49	77	-11.6533
57	77	11.6486
9	89	11.6446
19	65	-11.6442
31	77	11.636
53	63	11.6201
31	81	11.6151
11	99	11.6136
11	55	-11.6128
57	99	-11.6111
47	83	11.5994
15	73	11.5945
35	99	-11.5934
23	53	11.5911
21	33	-11.5835
45	69	11.582
15	37	11.5808
37	87	11.5759
7	39	11.5741
1	65	-11.5559
53	99	11.5557
43	59	11.5524
35	81	11.549
53	79	11.5423
13	85	11.5383
19	61	11.536
3	43	11.529
31	41	-11.5248
33	75	11.5241
45	51	11.5233
41	79	11.518
63	81	-11.5131
45	85	11.5035
13	69	11.5031
23	41	11.4979
1	61	11.4897
35	55	11.4858
15	87	11.4784
5	75	11.4763
7	57	11.4757
15	47	11.4666
11	81	-11.4517
39	77	11.4516
17	43	11.4483
11	63	11.4481
5	95	11.4463
3	75	11.446
59	75	11.4203
35	63	-11.4045
57	63	-11.4009
13	51	11.3973
49	81	-11.3948
53	81	-11.3731
35	77	11.3713
31	53	-11.3531
45	89	11.3474
43	95	11.3319
37	83	11.3308
25	99	11.316
27	43	11.3109
17	29	11.3104
53	71	11.2958
13	23	11.2885
65	67	-11.2864
77	99	-11.278
21	55	-11.2777
31	65	11.2739
37	47	11.2717
61	65	-11.27
45	93	11.2698
17	33	11.2684
23	89	11.2619
13	79	11.2614
39	81	11.2554
5	25	-11.2514
3	95	11.2271
39	41	-11.2262
11	77	-11.2209
59	95	11.21
43	75	11.1884
79	89	11.1856
9	21	11.1785
55	57	11.1686
5	17	11.1619
23	85	11.1594
7	35	11.1563
25	63	11.1518
9	71	11.1469
41	91	11.143
27	47	11.1365
83	87	11.1267
37	73	11.1261
21	95	-11.1157
25	33	-11.1113
23	51	11.1098
7	65	11.0872
21	63	11.0781
37	97	11.068
29	75	11.0667
79	85	11.0637
5	21	-11.0611
23	69	11.0572
25	81	-11.0501
7	99	-11.0456
63	77	-11.0454
39	61	-11.0427
9	13	11.0264
51	63	11.025
51	79	11.0069
7	11	-10.9847
55	99	-10.9812
21	45	10.9763
31	99	-10.9733
21	51	10.9719
69	79	10.9582
53	77	-10.9544
41	81	-10.9518
19	39	-10.9458
41	49	10.9433
21	99	10.9394
61	91	10.9224
27	59	10.9119
51	53	10.9063
29	43	10.9017
55	63	-10.8951
21	25	10.8913
39	67	-10.889
31	57	10.8883
63	85	10.8812
3	27	10.863
55	95	10.8595
53	85	10.8504
63	71	10.8504
5	11	-10.848
41	71	10.8457
23	63	10.8451
65	77	10.8443
21	69	10.834
63	69	10.8324
31	63	-10.8308
39	53	-10.83
11	21	10.8251
19	49	10.8142
25	77	-10.8127
1	39	-10.8074
7	63	-10.8025
7	53	-10.801
11	33	-10.7952
21	85	10.7936
53	57	-10.7768
41	63	10.7711
53	69	10.7562
41	99	10.7487
63	79	10.7447
51	99	10.7432
9	93	10.7428
53	89	10.7427
13	45	10.7368
49	57	-10.7367
55	75	10.7283
49	61	10.7216
87	97	10.7169
27	73	10.7147
49	53	10.7022
41	77	-10.6962
79	91	10.6912
29	95	10.6801
21	75	-10.6779
1	49	10.674
5	35	10.6718
27	37	10.6699
45	71	10.6678
23	99	10.6526
7	41	-10.6497
21	35	-10.6378
9	63	10.6317
35	53	-10.6236
67	91	10.6216
31	61	-10.6118
11	53	10.6078
49	67	10.5954
33	35	10.5938
85	99	10.592
71	99	10.587
63	89	10.5825
23	91	10.5774
7	25	-10.5601
79	99	10.5572
69	99	10.542
31	35	10.5345
23	31	-10.5189
31	79	-10.5037
73	87	10.4965
41	61	10.4952
49	99	10.4809
39	57	10.4735
17	21	-10.4521
47	87	10.4513
65	81	10.4331
27	29	10.4152
33	43	10.4128
41	65	-10.4067
55	81	10.4034
13	53	10.3996
21	89	10.3924
11	31	-10.3881
39	99	-10.387
31	67	-10.3862
9	23	10.3814
29	47	10.3645
33	63	-10.3557
9	99	10.3531
21	57	-10.3446
17	55	10.344
19	31	-10.3386
35	49	-10.333
33	99	-10.3244
47	59	10.2992
89	99	10.2879
49	63	10.2747
23	81	-10.2703
3	33	10.2657
9	79	10.2651
5	57	10.2629
31	91	-10.2627
3	47	10.2589
33	59	10.2372
9	53	10.2357
39	91	-10.2177
39	63	-10.2154
79	81	-10.2062
29	73	10.195
33	57	10.1949
17	27	10.1921
27	97	10.1919
1	31	-10.1886
25	53	10.1864
3	5	10.18
53	91	10.1705
41	67	10.1702
11	49	10.1451
69	93	10.142
5	59	10.1413
41	57	-10.1278
45	63	10.1176
21	71	10.1104
5	99	-10.1067
25	95	-10.0962
27	83	10.0831
41	89	10.075
35	39	10.0718
21	53	10.0705
5	63	-10.0702
55	77	10.0661
13	41	10.0656
9	33	-10.0653
15	27	10.0592
39	79	-10.0541
23	39	-10.0519
41	85	10.0427
41	51	10.0426
21	43	-10.0359
51	93	10.0263
5	43	10.0254
85	93	10.0239
59	73	10.006
43	93	-9.9843
3	73	9.97054
7	19	-9.95632
71	81	-9.95348
31	71	-9.94939
25	75	-9.94796
43	47	9.93411
21	81	-9.93001
41	69	9.92746
13	63	9.91985
33	45	-9.91423
89	93	9.90657
11	39	-9.89768
25	31	-9.89289
21	93	9.8888
51	81	-9.88466
35	41	-9.88112
45	99	9.86153
7	61	-9.85584
53	65	-9.8551
27	95	9.84518
45	95	-9.84466
33	51	-9.84331
5	29	9.82282
27	75	9.82111
23	45	9.82003
23	77	-9.81681
49	91	9.81628
1	7	-9.81169
23	49	9.81096
11	41	9.80968
11	51	9.80793
53	55	-9.80631
9	95	-9.80597
49	79	9.79711
7	55	9.79084
81	85	-9.77171
77	79	-9.76546
65	91	-9.76137
29	33	9.75737
19	41	9.75007
19	91	9.74178
71	91	9.73536
11	95	-9.72584
1	29	-9.71604
69	81	-9.7133
45	79	9.70897
33	69	-9.70641
35	51	-9.70576
7	67	-9.70424
7	23	-9.69614
57	65	9.69513
9	55	-9.69499
29	97	9.69327
51	55	-9.69218
19	77	-9.68684
27	61	-9.68643
1	91	9.67678
19	29	-9.67663
33	85	-9.67364
25	49	9.67239
61	77	-9.65755
51	57	-9.65598
45	53	9.6534
7	79	-9.652
13	99	9.64557
43	45	-9.64481
27	67	-9.64282
23	57	-9.64207
9	11	9.63678
11	85	9.63357
39	73	9.6334
1	59	-9.62676
1	41	9.62629
1	3	-9.62326
11	69	9.61064
21	23	9.60516
37	41	-9.60491
13	21	9.59721
25	51	9.58902
39	47	9.58845
39	97	9.58813
31	97	9.58785
19	59	-9.5832
31	83	9.57899
11	23	9.57791
3	19	-9.57785
57	79	-9.57225
49	73	-9.57012
49	97	-9.56624
81	89	-9.56279
31	73	9.55991
17	25	-9.55901
23	35	-9.55535
1	77	-9.54393
35	85	-9.53964
43	73	9.53456
11	75	-9.52745
15	31	9.52319
9	35	-9.52272
35	95	9.52253
35	69	-9.5148
53	87	-9.51361
55	85	-9.51337
55	69	-9.51312
57	85	-9.50607
39	83	9.50379
11	71	9.50266
11	79	9.50258
9	25	9.49421
31	47	9.49306
65	73	9.49157
21	79	9.48895
71	77	-9.48843
67	77	-9.48762
39	71	-9.48516
31	51	-9.48409
27	93	-9.48386
35	79	-9.48372
53	61	9.483
59	67	-9.48182
33	81	9.48102
3	21	-9.47777
57	69	-9.47536
47	61	-9.47275
47	49	-9.46867
57	71	-9.46683
9	81	-9.46594
21	59	-9.46276
3	67	-9.46228
7	97	9.45491
47	65	9.45482
59	97	9.4486
31	85	-9.44393
49	83	-9.44387
43	67	-9.44322
41	87	-9.44251
47	67	-9.44131
35	71	-9.44035
13	93	9.43954
45	55	-9.43615
21	77	-9.43545
5	81	9.43531
77	97	9.43501
61	81	-9.42961
65	99	-9.42945
9	57	-9.429
5	9	-9.42881
81	83	9.42497
25	39	-9.42312
51	77	-9.41924
27	87	9.41743
3	97	9.41742
25	85	9.41428
81	91	-9.41152
93	95	-9.40471
25	41	9.40354
51	95	-9.40315
15	53	-9.40203
25	69	9.40022
23	87	-9.3998
81	97	9.39937
15	41	-9.39798
31	89	-9.39367
63	95	-9.39311
15	39	9.39052
45	75	-9.38757
61	79	9.3778
65	97	9.37675
79	87	-9.37653
9	75	-9.37478
77	83	9.37175
17	45	-9.36884
7	71	-9.36282
31	69	-9.36272
43	55	9.35928
7	83	9.35644
15	81	9.35558
49	71	9.35478
37	53	-9.3537
7	91	-9.35011
33	89	-9.3456
35	75	9.33689
5	51	-9.33582
77	85	-9.33499
69	95	-9.33471
29	67	-9.33448
43	61	-9.33354
77	91	-9.331
7	73	9.33082
29	83	9.33003
9	43	-9.32831
11	45	9.32679
95	99	-9.32116
65	79	-9.3211
13	91	9.31974
59	61	-9.31636
19	47	-9.31534
61	73	-9.31102
23	65	-9.30593
11	89	9.30591
23	61	9.30493
9	41	9.30244
19	81	-9.30196
67	73	-9.29794
23	25	9.29553
35	65	9.29494
3	61	-9.2936
69	77	-9.2905
9	17	-9.28933
3	55	9.28715
19	73	-9.28658
15	49	-9.28405
85	95	-9.27862
37	79	-9.27798
37	91	-9.27517
73	77	9.27513
1	47	-9.27018
41	83	-9.26808
23	37	-9.26612
53	83	-9.26583
7	51	-9.26418
63	65	-9.25962
31	37	9.25849
55	59	9.25615
25	71	9.25305
5	45	-9.25103
13	31	-9.25084
29	65	9.25072
71	87	-9.25029
55	71	-9.2484
33	53	-9.24814
1	73	-9.2431
17	47	9.23672
31	55	9.23456
25	79	9.2333
35	45	-9.23225
35	89	-9.22894
25	45	9.22841
15	77	9.22713
57	89	-9.22536
67	81	-9.22495
41	47	-9.22137
27	91	-9.21508
63	87	-9.21427
15	99	-9.21131
5	69	-9.21023
33	93	-9.20631
1	43	-9.20355
53	67	9.20135
7	85	-9.20078
5	85	-9.20048
73	81	9.19737
65	83	9.19664
7	15	9.18854
1	17	-9.1878
55	89	-9.18629
77	89	-9.18393
33	71	-9.18068
7	21	-9.17864
15	63	-9.17601
11	17	-9.16985
19	43	-9.16779
1	81	-9.16612
29	61	-9.16321
19	27	-9.16306
83	99	-9.16287
7	69	-9.1603
41	73	-9.16018
23	55	-9.15111
57	95	9.14953
45	57	-9.14906
37	61	-9.14806
59	83	9.14712
7	47	9.14514
1	27	-9.14114
41	97	-9.13698
19	97	-9.13449
87	99	-9.13096
5	77	9.13022
13	81	-9.12401
11	65	-9.11858
37	59	9.11751
3	83	9.11588
71	93	9.11377
37	39	9.11242
17	19	-9.11234
61	97	-9.10888
67	79	9.10525
63	91	9.10496
67	97	-9.10411
33	77	9.10387
91	99	9.10249
29	37	9.09936
37	43	9.09904
1	97	-9.09764
9	77	-9.09672
45	81	-9.09668
25	89	9.09454
61	83	-9.09116
7	89	-9.09067
63	83	-9.09046
53	97	-9.08989
55	79	-9.08974
15	61	-9.08948
15	29	9.0846
17	93	-9.08452
3	37	9.08305
47	77	9.08121
63	75	-9.07368
51	75	-9.07362
67	83	-9.06856
5	53	-9.0654
57	83	9.06008
51	87	-9.05811
31	87	9.05745
59	65	9.05574
13	29	-9.04479
3	65	9.04431
15	67	-9.04282
57	97	9.04177
23	67	9.03785
13	39	-9.03539
85	87	-9.03476
89	95	-9.03414
17	67	-9.03328
69	75	-9.02935
75	99	-9.02786
39	89	-9.02531
49	51	9.02134
21	41	9.01626
97	99	-9.01561
19	53	9.01541
39	51	-9.01491
47	81	9.01471
15	65	9.0131
37	67	-9.0116
49	89	9.00988
49	85	9.00884
59	93	-9.0086
39	85	-9.00728
43	97	9.00423
1	75	-8.99739
17	35	8.99466
13	65	-8.99397
75	85	-8.98973
19	83	-8.98935
69	87	-8.98864
3	93	-8.98826
75	93	-8.98023
87	89	-8.97914
21	31	-8.97705
49	55	-8.97671
41	55	-8.97598
89	91	8.97411
5	89	-8.97368
13	49	8.97219
57	93	-8.97141
21	29	-8.97112
57	75	8.97106
15	57	8.9685
7	9	-8.96827
17	73	8.96777
35	93	-8.96686
5	71	-8.96638
27	65	8.96594
53	73	-8.96546
87	91	-8.96331
49	69	8.95701
1	83	-8.95668
15	59	8.95662
1	13	8.95306
3	45	-8.95194
11	93	8.95178
45	59	-8.94974
9	31	-8.94938
39	69	-8.94142
27	39	8.94104
25	93	8.93896
13	19	8.93788
17	51	-8.93769
65	71	-8.93547
7	93	-8.9323
29	55	8.92887
81	87	8.92657
3	15	8.92565
15	23	-8.91931
63	97	-8.9173
19	75	-8.91615
47	53	-8.9142
17	69	-8.91413
57	91	-8.91372
27	33	8.91165
55	93	-8.90981
63	93	8.90866
37	71	-8.90549
35	83	8.9052
1	53	8.90261
37	49	-8.90163
47	75	8.90128
5	7	8.90128
19	79	8.89962
15	79	-8.89724
13	33	-8.89094
77	93	-8.88406
37	81	8.88159
45	77	-8.86948
17	85	-8.86785
7	33	8.867
23	33	-8.86283
35	97	8.86156
13	77	-8.85832
19	23	8.85711
75	89	-8.84943
27	41	-8.84885
11	83	-8.84837
15	19	-8.84546
17	61	-8.84427
15	35	8.83704
1	79	8.83655
7	13	-8.83565
93	99	8.83462
61	87	-8.8336
37	63	-8.82789
85	91	8.82743
1	95	-8.82454
39	87	8.81914
67	75	-8.81823
43	83	8.8166
1	15	-8.81502
5	23	-8.81369
41	45	8.80665
29	45	-8.80509
17	63	-8.80508
37	99	-8.80453
11	15	-8.79831
13	75	-8.79666
33	79	-8.7966
7	45	-8.79499
1	23	8.79313
39	55	8.78955
11	97	-8.78638
35	91	-8.78615
5	79	-8.7836
5	13	-8.78299
51	91	8.77912
3	9	-8.77774
57	73	8.77697
13	87	-8.77017
9	59	-8.7689
43	51	-8.76606
43	69	-8.76405
47	91	-8.76381
27	31	8.76165
73	99	-8.76011
67	95	-8.75817
11	13	8.75645
17	99	-8.75247
47	95	8.75201
19	95	-8.74955
17	89	-8.74951
67	87	-8.749
5	93	-8.74842
65	89	-8.74789
5	27	8.74292
29	93	-8.74285
25	43	-8.74265
13	95	-8.74254
25	65	-8.74214
13	55	-8.73953
69	91	8.7359
71	95	-8.73498
27	49	-8.73359
9	87	-8.73137
37	77	8.72762
15	43	8.72649
61	99	8.72367
13	57	-8.72257
11	91	8.72235
29	39	8.72103
13	17	-8.72038
23	83	-8.71848
57	61	-8.70885
81	93	-8.7049
13	35	-8.70275
7	37	8.69909
79	83	-8.69708
37	65	8.69384
43	85	-8.69111
29	89	-8.69101
29	49	-8.6766
15	91	-8.67659
9	29	-8.67544
17	57	8.67464
65	93	-8.67368
63	73	-8.67311
73	75	8.67293
9	49	8.66976
15	71	-8.6671
19	57	-8.6645
49	93	8.66067
77	87	8.6602
61	71	8.65885
49	87	-8.653
3	25	-8.64894
61	63	8.64768
43	65	8.64707
25	91	8.64355
27	45	-8.64292
61	75	-8.63521
71	75	-8.63513
25	59	-8.62555
21	27	-8.62244
65	85	-8.61859
13	25	8.61795
3	13	-8.61596
31	45	-8.61372
21	49	8.60808
25	83	-8.60752
47	99	-8.60355
39	59	8.59989
9	39	-8.5916
81	95	8.59128
57	87	8.59053
13	59	-8.58817
35	73	8.58777
61	95	-8.58756
65	69	-8.58752
3	39	8.58267
7	87	8.58239
29	69	-8.58129
19	71	8.57736
19	37	-8.57005
51	65	-8.56923
73	91	-8.56834
47	57	8.56645
1	57	-8.56405
47	79	-8.56367
15	25	-8.56341
11	87	-8.55871
57	67	-8.55856
29	85	-8.55757
23	47	-8.55709
17	97	8.55278
25	97	-8.55069
23	97	-8.54884
1	71	8.54589
35	87	8.54577
67	99	8.54149
47	63	-8.53695
13	61	8.53322
79	97	-8.53201
43	91	-8.53071
21	87	-8.53071
1	37	-8.53034
31	33	8.53031
83	91	-8.52703
37	89	-8.52689
19	99	8.52675
19	93	8.52433
23	73	-8.52388
21	39	-8.52278
43	89	-8.52167
73	95	8.52089
37	51	-8.52045
1	93	8.52009
73	79	-8.51972
45	49	8.51942
37	85	-8.5192
53	95	-8.51541
11	73	-8.51242
49	59	-8.51025
29	51	-8.50332
15	51	-8.50287
29	87	8.50283
11	43	-8.50265
13	67	8.502
17	71	-8.49893
3	49	-8.49639
3	69	-8.49591
19	89	8.49549
13	37	-8.49398
67	71	8.49301
1	89	8.49016
29	71	-8.48786
17	65	8.48763
5	31	8.48757
71	83	-8.48582
59	69	-8.4808
47	93	-8.47438
37	57	8.47292
63	67	8.46827
37	69	-8.46796
15	85	-8.46505
3	51	-8.46479
45	87	-8.46375
23	93	8.46149
3	89	-8.46073
33	41	-8.45923
3	85	-8.45657
67	93	8.45215
35	61	-8.45067
5	41	-8.45063
51	59	-8.45038
53	93	8.44787
59	89	-8.44158
59	85	-8.4409
17	37	8.44024
39	93	-8.43578
1	99	8.43553
73	93	-8.43544
19	63	8.43206
91	97	-8.43036
55	91	-8.42631
15	69	-8.42615
75	81	8.42227
65	87	8.40823
43	63	-8.40607
29	31	8.40157
25	29	-8.40141
61	93	8.40083
15	89	-8.39943
79	93	8.39924
19	35	-8.39794
25	87	-8.39771
39	45	-8.39369
35	47	8.39352
5	91	-8.39155
35	43	8.387
3	11	-8.38511
23	95	-8.38499
35	37	8.37634
17	83	8.37054
45	65	-8.36997
19	87	-8.36958
11	59	-8.36843
59	91	-8.36704
9	65	-8.36388
93	97	-8.36368
23	75	-8.36308
59	87	8.36282
39	43	8.36212
9	27	-8.35856
31	93	-8.35693
3	91	-8.35658
1	87	-8.35568
51	83	-8.35535
11	61	8.35231
11	37	-8.3504
1	63	8.35032
7	27	8.34834
3	87	8.34797
75	79	-8.3461
77	95	8.34523
71	97	-8.34467
79	95	-8.34356
75	97	8.34034
53	75	-8.33765
43	99	-8.33679
55	83	8.33433
29	79	-8.3342
27	53	-8.3307
11	47	-8.3301
27	79	-8.32695
15	55	8.32684
35	67	-8.32356
83	85	-8.32353
65	75	8.32189
1	35	-8.32073
29	91	-8.32071
33	49	-8.32014
23	29	-8.31755
5	49	-8.31631
15	21	-8.31618
1	33	-8.31382
31	59	8.31202
19	85	8.31172
55	87	8.3077
25	73	-8.30477
1	85	8.30084
19	69	8.29859
11	19	8.29775
3	31	8.29702
1	5	-8.29677
13	43	-8.29528
7	29	8.2952
9	91	8.29407
23	27	-8.29288
69	83	-8.29279
27	55	8.29104
1	69	8.29094
71	73	-8.28972
3	35	8.28671
27	77	8.28148
1	45	8.27981
55	65	8.27536
47	71	-8.27409
37	75	8.27318
83	89	-8.27273
35	59	8.2724
15	17	8.26985
61	89	8.26715
43	87	8.26573
55	97	8.26531
19	45	8.26493
19	33	-8.25652
13	15	-8.25087
9	15	-8.24981
43	49	-8.244
3	71	-8.24381
17	81	8.24215
21	83	-8.24143
33	67	-8.24028
19	51	8.24025
11	67	8.2379
75	77	8.23738
5	19	-8.2372
29	41	-8.23641
17	23	-8.23591
95	97	8.23402
1	11	8.23213
51	97	-8.23045
33	39	8.22988
1	51	8.22692
59	71	-8.22553
17	79	-8.22376
9	37	-8.22279
27	81	8.21899
7	95	8.21737
85	97	-8.2153
17	91	-8.21445
25	37	-8.21244
5	39	8.2097
65	95	8.20835
67	89	8.20704
43	57	8.20514
75	83	8.20361
75	91	-8.20287
83	93	-8.19979
37	93	-8.19882
89	97	-8.19828
69	97	-8.19399
29	77	8.19187
43	71	-8.19039
11	29	-8.19039
3	63	-8.18874
37	95	8.1885
91	93	8.18847
17	53	-8.18799
1	9	8.18489
61	85	8.18146
59	63	-8.18032
13	73	-8.17899
9	19	8.17785
5	67	-8.17779
33	47	8.17653
31	43	8.16968
13	83	-8.16896
41	59	-8.16549
13	97	-8.1641
7	59	8.16386
3	99	-8.16137
51	61	8.15936
25	47	-8.15853
33	87	8.15838
25	61	8.15837
3	7	8.15667
9	83	-8.1556
3	41	-8.15495
59	99	-8.15381
13	47	-8.14749
73	89	-8.1469
41	43	-8.14463
61	69	8.1439
83	95	8.1426
17	39	8.14211
7	75	8.14067
3	57	8.13646
33	61	-8.13484
5	47	8.13389
73	85	-8.13133
51	73	-8.13084
29	35	8.13052
15	75	8.13044
21	97	-8.12863
57	59	8.12779
5	87	8.12349
19	25	8.11875
33	91	-8.11859
17	77	8.11453
67	85	8.11415
69	73	-8.11301
3	79	-8.11291
91	95	-8.1048
21	37	-8.10441
15	33	8.10403
3	23	-8.10314
21	91	8.1029
59	79	-8.10198
17	49	-8.10195
55	73	8.10155
47	89	-8.10044
21	65	-8.09993
59	77	8.09991
33	83	8.0991
33	73	8.09867
15	95	8.09625
45	91	8.09602
3	77	8.09463
9	97	-8.09316
5	61	-8.09291
23	59	-8.09217
15	93	-8.09041
27	69	-8.09034
67	69	8.08972
37	55	8.08832
15	45	-8.08797
51	67	8.08794
27	51	-8.08657
21	67	8.08545
31	95	8.08501
45	67	8.08306
1	25	8.08225
47	85	-8.08217
47	51	-8.08096
25	67	8.08067
37	45	-8.07979
5	73	8.07419
25	27	-8.07319
33	97	8.07108
41	93	8.06943
29	81	8.06834
27	85	-8.06688
45	97	-8.06457
5	83	8.06437
1	21	8.0641
47	69	-8.06359
7	17	8.06202
41	95	-8.0615
43	53	-8.05856
21	47	-8.0573
39	75	8.05685
5	97	8.05556
45	73	-8.05528
5	15	8.05523
29	63	-8.05441
29	53	-8.05346
5	37	8.05297
45	83	-8.05244
29	57	8.05221
27	71	-8.05157
59	81	8.04837
45	47	-8.04771
21	61	8.04737
27	63	-8.04706
27	99	-8.04646
3	81	8.04586
49	75	-8.04578
21	73	-8.04382
1	55	-8.04373
39	95	8.04307
17	87	8.0417
49	95	-8.04059
19	21	8.04041
47	55	8.03823
33	65	8.03777
43	81	8.03692
45	61	8.03441
29	99	-8.03416
41	75	-8.0331
17	31	8.03285
19	55	-8.03218
9	73	-8.03208
5	65	8.03162
31	75	8.03116
27	89	-8.02601
87	93	-8.02541
27	57	8.02488
7	43	8.0209
75	87	8.01806
9	67	8.01353
23	43	-8.01299
11	27	-8.00828
9	61	8.00816
43	77	8.0062
27	35	8.00548
55	61	-8.00514
43	79	-8.00482
55	67	-8.00425
87	95	8.00364
17	41	-8.00364
13	27	-8.00344
9	47	-8.0032
33	37	8.00108
53	59	-8.00057
3	53	-8.00006
40	41	6
20	21	6
96	97	6
34	35	6
42	43	6
60	61	6
70	71	6
16	17	6
62	63	6
64	65	6
78	79	6
36	37	6
66	67	6
18	19	6
28	29	6
94	95	6
32	33	6
80	81	6
38	39	6
76	77	6
58	59	6
86	87	6
48	49	6
46	47	6
68	69	6
72	73	6
74	75	6
90	91	6
24	25	6
26	27	6
44	45	6
50	51	6
22	23	6
54	55	6
14	15	6
82	83	6
30	31	6
92	93	6
56	57	6
88	89	6
52	53	6
84	85	6
0	1	6
98	99	6
2	3	6
4	5	6
6	7	6
8	9	6
12	13	6
10	11	6
3	58	5.99958
2	59	5.99958
68	85	5.99807
69	84	5.99807
23	78	5.99768
22	79	5.99768
1	18	5.99693
0	19	5.99693
50	85	5.99404
51	84	5.99404
10	35	-5.9936
11	34	-5.9936
50	69	5.99323
51	68	5.99323
7	76	5.98816
6	77	5.98816
63	98	5.98603
62	99	5.98603
61	66	5.98226
60	67	5.98226
16	75	5.97709
17	74	5.97709
34	57	5.977
35	56	5.977
85	88	5.97392
84	89	5.97392
39	48	-5.97272
38	49	-5.97272
15	82	5.97039
14	83	5.97039
83	96	5.96885
82	97	5.96885
46	73	5.96833
47	72	5.96833
69	88	5.9674
68	89	5.9674
11	24	5.96456
10	25	5.96456
74	95	5.95355
75	94	5.95355
73	96	5.95246
72	97	5.95246
8	45	5.95043
9	44	5.95043
11	56	-5.94932
10	57	-5.94932
76	81	5.94907
77	80	5.94907
51	88	5.94381
50	89	5.94381
30	39	5.94317
31	38	5.94317
24	35	-5.94146
25	34	-5.94146
17	94	5.92895
16	95	5.92895
9	68	5.9277
8	69	5.9277
4	33	5.9208
5	32	5.9208
8	51	5.91978
9	50	5.91978
24	55	-5.91613
25	54	-5.91613
31	48	-5.91487
30	49	-5.91487
2	29	5.91099
3	28	5.91099
71	88	5.90671
70	89	5.90671
28	59	5.90516
29	58	5.90516
9	84	5.90426
8	85	5.90426
23	70	5.89809
22	71	5.89809
6	81	5.89564
7	80	5.89564
12	89	5.89232
13	88	5.89232
6	49	-5.88851
7	48	-5.88851
73	82	5.88831
72	83	5.88831
15	96	5.88408
14	97	5.88408
56	81	5.87692
57	80	5.87692
70	79	5.87517
71	78	5.87517
4	55	5.87369
5	54	5.87369
70	85	5.86686
71	84	5.86686
47	96	5.8574
46	97	5.8574
12	71	5.85706
13	70	5.85706
39	64	5.85329
38	65	5.85329
24	57	-5.84986
25	56	-5.84986
18	67	5.84735
19	66	5.84735
48	65	-5.84671
49	64	-5.84671
2	17	5.84555
3	16	5.84555
33	94	5.84504
32	95	5.84504
81	98	-5.84098
80	99	-5.84098
50	71	5.83883
51	70	5.83883
41	52	5.83761
40	53	5.83761
17	58	5.83686
16	59	5.83686
68	71	5.83544
69	70	5.83544
0	67	5.83532
1	66	5.83532
33	54	5.83456
32	55	5.83456
6	31	5.83191
7	30	5.83191
49	76	-5.82667
48	77	-5.82667
57	76	5.82432
56	77	5.82432
9	88	5.8223
8	89	5.8223
18	65	-5.82209
19	64	-5.82209
30	77	5.81799
31	76	5.81799
53	62	5.81007
52	63	5.81007
31	80	5.80754
30	81	5.80754
10	99	5.80678
11	98	5.80678
10	55	-5.80641
11	54	-5.80641
56	99	-5.80554
57	98	-5.80554
46	83	5.79968
47	82	5.79968
14	73	5.79727
15	72	5.79727
35	98	-5.79669
34	99	-5.79669
23	52	5.79557
22	53	5.79557
21	32	-5.79176
20	33	-5.79176
45	68	5.79098
44	69	5.79098
14	37	5.79042
15	36	5.79042
36	87	5.78794
37	86	5.78794
7	38	5.78707
6	39	5.78707
1	64	-5.77795
0	65	-5.77795
53	98	5.77786
52	99	5.77786
43	58	5.77622
42	59	5.77622
35	80	5.77451
34	81	5.77451
53	78	5.77116
52	79	5.77116
12	85	5.76916
13	84	5.76916
18	61	5.76802
19	60	5.76802
3	42	5.76449
2	43	5.76449
30	41	-5.76238
31	40	-5.76238
33	74	5.76204
32	75	5.76204
45	50	5.76166
44	51	5.76166
40	79	5.75902
41	78	5.75902
62	81	-5.75655
63	80	-5.75655
45	84	5.75174
44	85	5.75174
12	69	5.75157
13	68	5.75157
22	41	5.74897
23	40	5.74897
1	60	5.74487
0	61	5.74487
34	55	5.74288
35	54	5.74288
14	87	5.73918
15	86	5.73918
5	74	5.73814
4	75	5.73814
6	57	5.73787
7	56	5.73787
15	46	5.73329
14	47	5.73329
10	81	-5.72586
11	80	-5.72586
39	76	5.72582
38	77	5.72582
17	42	5.72417
16	43	5.72417
10	63	5.72405
11	62	5.72405
4	95	5.72314
5	94	5.72314
3	74	5.723
2	75	5.723
59	74	5.71014
58	75	5.71014
34	63	-5.70225
35	62	-5.70225
56	63	-5.70044
57	62	-5.70044
12	51	5.69863
13	50	5.69863
49	80	-5.69741
48	81	-5.69741
53	80	-5.68654
52	81	-5.68654
34	77	5.68567
35	76	5.68567
31	52	-5.67655
30	53	-5.67655
45	88	5.67371
44	89	5.67371
42	95	5.66597
43	94	5.66597
36	83	5.66541
37	82	5.66541
24	99	5.65799
25	98	5.65799
27	42	5.65543
26	43	5.65543
17	28	5.65521
16	29	5.65521
53	70	5.64791
52	71	5.64791
13	22	5.64425
12	23	5.64425
64	67	-5.64318
65	66	-5.64318
77	98	-5.63901
76	99	-5.63901
21	54	-5.63886
20	55	-5.63886
30	65	5.63693
31	64	5.63693
37	46	5.63585
36	47	5.63585
60	65	-5.635
61	64	-5.635
45	92	5.63491
44	93	5.63491
17	32	5.63422
16	33	5.63422
23	88	5.63097
22	89	5.63097
13	78	5.6307
12	79	5.6307
39	80	5.62768
38	81	5.62768
4	25	-5.62569
5	24	-5.62569
2	95	5.61355
3	94	5.61355
38	41	-5.61311
39	40	-5.61311
11	76	-5.61045
10	77	-5.61045
59	94	5.605
58	95	5.605
42	75	5.59418
43	74	5.59418
79	88	5.59279
78	89	5.59279
8	21	5.58927
9	20	5.58927
54	57	5.58432
55	56	5.58432
4	17	5.58093
5	16	5.58093
22	85	5.57968
23	84	5.57968
6	35	5.57814
7	34	5.57814
24	63	5.57588
25	62	5.57588
9	70	5.57345
8	71	5.57345
40	91	5.57148
41	90	5.57148
26	47	5.56827
27	46	5.56827
83	86	5.56333
82	87	5.56333
37	72	5.56307
36	73	5.56307
21	94	-5.55787
20	95	-5.55787
25	32	-5.55566
24	33	-5.55566
22	51	5.55492
23	50	5.55492
7	64	5.54359
6	65	5.54359
20	63	5.53906
21	62	5.53906
37	96	5.534
36	97	5.534
28	75	5.53334
29	74	5.53334
78	85	5.53186
79	84	5.53186
4	21	-5.53053
5	20	-5.53053
22	69	5.52861
23	68	5.52861
24	81	-5.52505
25	80	-5.52505
7	98	-5.52281
6	99	-5.52281
62	77	-5.52271
63	76	-5.52271
39	60	-5.52134
38	61	-5.52134
8	13	5.51322
9	12	5.51322
50	63	5.51252
51	62	5.51252
50	79	5.50347
51	78	5.50347
6	11	-5.49233
7	10	-5.49233
54	99	-5.49059
55	98	-5.49059
20	45	5.48813
21	44	5.48813
30	99	-5.48665
31	98	-5.48665
20	51	5.48596
21	50	5.48596
69	78	5.47912
68	79	5.47912
53	76	-5.47719
52	77	-5.47719
41	80	-5.47589
40	81	-5.47589
18	39	-5.47289
19	38	-5.47289
41	48	5.47163
40	49	5.47163
21	98	5.46968
20	99	5.46968
61	90	5.46122
60	91	5.46122
27	58	5.45597
26	59	5.45597
50	53	5.45317
51	52	5.45317
29	42	5.45087
28	43	5.45087
54	63	-5.44753
55	62	-5.44753
20	25	5.44564
21	24	5.44564
38	67	-5.44449
39	66	-5.44449
31	56	5.44413
30	57	5.44413
63	84	5.44059
62	85	5.44059
3	26	5.43148
2	27	5.43148
54	95	5.42973
55	94	5.42973
53	84	5.42522
52	85	5.42522
62	71	5.42519
63	70	5.42519
4	11	-5.42399
5	10	-5.42399
40	71	5.42287
41	70	5.42287
22	63	5.42255
23	62	5.42255
64	77	5.42217
65	76	5.42217
21	68	5.41701
20	69	5.41701
63	68	5.4162
62	69	5.4162
30	63	-5.41542
31	62	-5.41542
39	52	-5.41502
38	53	-5.41502
10	21	5.41254
11	20	5.41254
18	49	5.40711
19	48	5.40711
24	77	-5.40634
25	76	-5.40634
1	38	-5.40371
0	39	-5.40371
6	63	-5.40127
7	62	-5.40127
7	52	-5.40051
6	53	-5.40051
10	33	-5.39758
11	32	-5.39758
21	84	5.39679
20	85	5.39679
53	56	-5.38841
52	57	-5.38841
40	63	5.38557
41	62	5.38557
52	69	5.37812
53	68	5.37812
41	98	5.37436
40	99	5.37436
62	79	5.37236
63	78	5.37236
50	99	5.37161
51	98	5.37161
9	92	5.37141
8	93	5.37141
52	89	5.37135
53	88	5.37135
12	45	5.36838
13	44	5.36838
49	56	-5.36833
48	57	-5.36833
55	74	5.36417
54	75	5.36417
48	61	5.36079
49	60	5.36079
87	96	5.35847
86	97	5.35847
27	72	5.35733
26	73	5.35733
48	53	5.35111
49	52	5.35111
41	76	-5.34808
40	77	-5.34808
79	90	5.34562
78	91	5.34562
29	94	5.34006
28	95	5.34006
20	75	-5.33893
21	74	-5.33893
1	48	5.33702
0	49	5.33702
5	34	5.33589
4	35	5.33589
26	37	5.33494
27	36	5.33494
44	71	5.3339
45	70	5.3339
22	99	5.32629
23	98	5.32629
7	40	-5.32487
6	41	-5.32487
21	34	-5.3189
20	35	-5.3189
9	62	5.31583
8	63	5.31583
35	52	-5.31179
34	53	-5.31179
66	91	5.3108
67	90	5.3108
31	60	-5.30592
30	61	-5.30592
11	52	5.30389
10	53	5.30389
49	66	5.2977
48	67	5.2977
32	35	5.2969
33	34	5.2969
84	99	5.296
85	98	5.296
70	99	5.29348
71	98	5.29348
62	89	5.29126
63	88	5.29126
22	91	5.28872
23	90	5.28872
6	25	-5.28004
7	24	-5.28004
78	99	5.27858
79	98	5.27858
69	98	5.27098
68	99	5.27098
31	34	5.26724
30	35	5.26724
22	31	-5.25943
23	30	-5.25943
31	78	-5.25186
30	79	-5.25186
73	86	5.24824
72	87	5.24824
40	61	5.24762
41	60	5.24762
48	99	5.24043
49	98	5.24043
38	57	5.23677
39	56	5.23677
17	20	-5.22603
16	21	-5.22603
47	86	5.22564
46	87	5.22564
65	80	5.21655
64	81	5.21655
27	28	5.20759
26	29	5.20759
33	42	5.2064
32	43	5.2064
40	65	-5.20333
41	64	-5.20333
54	81	5.20172
55	80	5.20172
13	52	5.19981
12	53	5.19981
21	88	5.19621
20	89	5.19621
10	31	-5.19407
11	30	-5.19407
39	98	-5.19349
38	99	-5.19349
30	67	-5.19308
31	66	-5.19308
8	23	5.1907
9	22	5.1907
29	46	5.18224
28	47	5.18224
33	62	-5.17786
32	63	-5.17786
8	99	5.17656
9	98	5.17656
21	56	-5.1723
20	57	-5.1723
17	54	5.17202
16	55	5.17202
18	31	-5.16932
19	30	-5.16932
34	49	-5.16649
35	48	-5.16649
32	99	-5.16221
33	98	-5.16221
46	59	5.14958
47	58	5.14958
88	99	5.14397
89	98	5.14397
48	63	5.13737
49	62	5.13737
22	81	-5.13516
23	80	-5.13516
2	33	5.13283
3	32	5.13283
8	79	5.13253
9	78	5.13253
4	57	5.13145
5	56	5.13145
31	90	-5.13133
30	91	-5.13133
3	46	5.12945
2	47	5.12945
33	58	5.11862
32	59	5.11862
8	53	5.11785
9	52	5.11785
39	90	-5.10886
38	91	-5.10886
39	62	-5.1077
38	63	-5.1077
79	80	-5.10312
78	81	-5.10312
28	73	5.09748
29	72	5.09748
33	56	5.09747
32	57	5.09747
17	26	5.09603
16	27	5.09603
26	97	5.09593
27	96	5.09593
0	31	-5.09431
1	30	-5.09431
24	53	5.09318
25	52	5.09318
2	5	5.09001
3	4	5.09001
52	91	5.08526
53	90	5.08526
41	66	5.08509
40	67	5.08509
11	48	5.07257
10	49	5.07257
69	92	5.07101
68	93	5.07101
5	58	5.07065
4	59	5.07065
40	57	-5.0639
41	56	-5.0639
45	62	5.05879
44	63	5.05879
21	70	5.05518
20	71	5.05518
5	98	-5.05334
4	99	-5.05334
25	94	-5.04812
24	95	-5.04812
26	83	5.04155
27	82	5.04155
41	88	5.03752
40	89	5.03752
35	38	5.03589
34	39	5.03589
21	52	5.03526
20	53	5.03526
5	62	-5.03512
4	63	-5.03512
54	77	5.03306
55	76	5.03306
13	40	5.03282
12	41	5.03282
8	33	-5.03263
9	32	-5.03263
14	27	5.0296
15	26	5.0296
38	79	-5.02705
39	78	-5.02705
23	38	-5.02596
22	39	-5.02596
41	84	5.02134
40	85	5.02134
40	51	5.0213
41	50	5.0213
21	42	-5.01793
20	43	-5.01793
51	92	5.01315
50	93	5.01315
5	42	5.01271
4	43	5.01271
85	92	5.01195
84	93	5.01195
58	73	5.00302
59	72	5.00302
43	92	-4.99215
42	93	-4.99215
2	73	4.98527
3	72	4.98527
7	18	-4.97816
6	19	-4.97816
70	81	-4.97674
71	80	-4.97674
31	70	-4.97469
30	71	-4.97469
25	74	-4.97398
24	75	-4.97398
43	46	4.96705
42	47	4.96705
20	81	-4.965
21	80	-4.965
40	69	4.96373
41	68	4.96373
12	63	4.95992
13	62	4.95992
32	45	-4.95711
33	44	-4.95711
89	92	4.95328
88	93	4.95328
11	38	-4.94884
10	39	-4.94884
25	30	-4.94645
24	31	-4.94645
20	93	4.9444
21	92	4.9444
50	81	-4.94233
51	80	-4.94233
34	41	-4.94056
35	40	-4.94056
44	99	4.93076
45	98	4.93076
7	60	-4.92792
6	61	-4.92792
53	64	-4.92755
52	65	-4.92755
27	94	4.92259
26	95	4.92259
45	94	-4.92233
44	95	-4.92233
32	51	-4.92165
33	50	-4.92165
5	28	4.91141
4	29	4.91141
27	74	4.91056
26	75	4.91056
23	44	4.91002
22	45	4.91002
23	76	-4.9084
22	77	-4.9084
48	91	4.90814
49	90	4.90814
1	6	-4.90584
0	7	-4.90584
23	48	4.90548
22	49	4.90548
11	40	4.90484
10	41	4.90484
11	50	4.90396
10	51	4.90396
52	55	-4.90315
53	54	-4.90315
8	95	-4.90299
9	94	-4.90299
49	78	4.89856
48	79	4.89856
6	55	4.89542
7	54	4.89542
80	85	-4.88586
81	84	-4.88586
77	78	-4.88273
76	79	-4.88273
64	91	-4.88068
65	90	-4.88068
28	33	4.87869
29	32	4.87869
18	41	4.87503
19	40	4.87503
19	90	4.87089
18	91	4.87089
71	90	4.86768
70	91	4.86768
11	94	-4.86292
10	95	-4.86292
1	28	-4.85802
0	29	-4.85802
68	81	-4.85665
69	80	-4.85665
44	79	4.85448
45	78	4.85448
32	69	-4.8532
33	68	-4.8532
34	51	-4.85288
35	50	-4.85288
6	67	-4.85212
7	66	-4.85212
7	22	-4.84807
6	23	-4.84807
56	65	4.84757
57	64	4.84757
9	54	-4.8475
8	55	-4.8475
28	97	4.84664
29	96	4.84664
51	54	-4.84609
50	55	-4.84609
19	76	-4.84342
18	77	-4.84342
26	61	-4.84321
27	60	-4.84321
0	91	4.83839
1	90	4.83839
19	28	-4.83831
18	29	-4.83831
32	85	-4.83682
33	84	-4.83682
25	48	4.83619
24	49	4.83619
61	76	-4.82878
60	77	-4.82878
50	57	-4.82799
51	56	-4.82799
45	52	4.8267
44	53	4.8267
6	79	-4.826
7	78	-4.826
13	98	4.82279
12	99	4.82279
43	44	-4.8224
42	45	-4.8224
26	67	-4.82141
27	66	-4.82141
23	56	-4.82103
22	57	-4.82103
9	10	4.81839
8	11	4.81839
11	84	4.81679
10	85	4.81679
38	73	4.8167
39	72	4.8167
1	58	-4.81338
0	59	-4.81338
0	41	4.81314
1	40	4.81314
0	3	-4.81163
1	2	-4.81163
10	69	4.80532
11	68	4.80532
20	23	4.80258
21	22	4.80258
37	40	-4.80246
36	41	-4.80246
12	21	4.7986
13	20	4.7986
24	51	4.79451
25	50	4.79451
39	46	4.79423
38	47	4.79423
38	97	4.79406
39	96	4.79406
31	96	4.79393
30	97	4.79393
18	59	-4.7916
19	58	-4.7916
30	83	4.78949
31	82	4.78949
11	22	4.78896
10	23	4.78896
3	18	-4.78892
2	19	-4.78892
57	78	-4.78612
56	79	-4.78612
49	72	-4.78506
48	73	-4.78506
49	96	-4.78312
48	97	-4.78312
81	88	-4.78139
80	89	-4.78139
30	73	4.77996
31	72	4.77996
16	25	-4.77951
17	24	-4.77951
22	35	-4.77767
23	34	-4.77767
1	76	-4.77197
0	77	-4.77197
35	84	-4.76982
34	85	-4.76982
42	73	4.76728
43	72	4.76728
10	75	-4.76373
11	74	-4.76373
15	30	4.76159
14	31	4.76159
8	35	-4.76136
9	34	-4.76136
34	95	4.76126
35	94	4.76126
34	69	-4.7574
35	68	-4.7574
52	87	-4.7568
53	86	-4.7568
55	84	-4.75668
54	85	-4.75668
55	68	-4.75656
54	69	-4.75656
56	85	-4.75303
57	84	-4.75303
38	83	4.75189
39	82	4.75189
11	70	4.75133
10	71	4.75133
11	78	4.75129
10	79	4.75129
8	25	4.7471
9	24	4.7471
31	46	4.74653
30	47	4.74653
64	73	4.74579
65	72	4.74579
21	78	4.74448
20	79	4.74448
71	76	-4.74422
70	77	-4.74422
67	76	-4.74381
66	77	-4.74381
38	71	-4.74258
39	70	-4.74258
31	50	-4.74205
30	51	-4.74205
26	93	-4.74193
27	92	-4.74193
35	78	-4.74186
34	79	-4.74186
52	61	4.7415
53	60	4.7415
59	66	-4.74091
58	67	-4.74091
33	80	4.74051
32	81	4.74051
3	20	-4.73888
2	21	-4.73888
56	69	-4.73768
57	68	-4.73768
46	61	-4.73638
47	60	-4.73638
47	48	-4.73434
46	49	-4.73434
56	71	-4.73341
57	70	-4.73341
8	81	-4.73297
9	80	-4.73297
21	58	-4.73138
20	59	-4.73138
3	66	-4.73114
2	67	-4.73114
7	96	4.72746
6	97	4.72746
47	64	4.72741
46	65	4.72741
59	96	4.7243
58	97	4.7243
30	85	-4.72197
31	84	-4.72197
49	82	-4.72194
48	83	-4.72194
42	67	-4.72161
43	66	-4.72161
40	87	-4.72126
41	86	-4.72126
47	66	-4.72065
46	67	-4.72065
35	70	-4.72018
34	71	-4.72018
13	92	4.71977
12	93	4.71977
45	54	-4.71808
44	55	-4.71808
21	76	-4.71772
20	77	-4.71772
5	80	4.71765
4	81	4.71765
77	96	4.7175
76	97	4.7175
61	80	-4.71481
60	81	-4.71481
65	98	-4.71473
64	99	-4.71473
8	57	-4.7145
9	56	-4.7145
5	8	-4.7144
4	9	-4.7144
81	82	4.71249
80	83	4.71249
24	39	-4.71156
25	38	-4.71156
51	76	-4.70962
50	77	-4.70962
27	86	4.70871
26	87	4.70871
2	97	4.70871
3	96	4.70871
24	85	4.70714
25	84	4.70714
80	91	-4.70576
81	90	-4.70576
92	95	-4.70236
93	94	-4.70236
25	40	4.70177
24	41	4.70177
50	95	-4.70157
51	94	-4.70157
15	52	-4.70101
14	53	-4.70101
24	69	4.70011
25	68	4.70011
23	86	-4.6999
22	87	-4.6999
80	97	4.69968
81	96	4.69968
15	40	-4.69899
14	41	-4.69899
30	89	-4.69683
31	88	-4.69683
62	95	-4.69656
63	94	-4.69656
14	39	4.69526
15	38	4.69526
44	75	-4.69378
45	74	-4.69378
61	78	4.6889
60	79	4.6889
64	97	4.68838
65	96	4.68838
79	86	-4.68826
78	87	-4.68826
9	74	-4.68739
8	75	-4.68739
77	82	4.68587
76	83	4.68587
16	45	-4.68442
17	44	-4.68442
6	71	-4.68141
7	70	-4.68141
30	69	-4.68136
31	68	-4.68136
42	55	4.67964
43	54	4.67964
7	82	4.67822
6	83	4.67822
15	80	4.67779
14	81	4.67779
49	70	4.67739
48	71	4.67739
36	53	-4.67685
37	52	-4.67685
7	90	-4.67506
6	91	-4.67506
33	88	-4.6728
32	89	-4.6728
35	74	4.66844
34	75	4.66844
4	51	-4.66791
5	50	-4.66791
77	84	-4.6675
76	85	-4.6675
68	95	-4.66735
69	94	-4.66735
29	66	-4.66724
28	67	-4.66724
43	60	-4.66677
42	61	-4.66677
76	91	-4.6655
77	90	-4.6655
6	73	4.66541
7	72	4.66541
29	82	4.66501
28	83	4.66501
8	43	-4.66415
9	42	-4.66415
10	45	4.6634
11	44	4.6634
95	98	-4.66058
94	99	-4.66058
64	79	-4.66055
65	78	-4.66055
13	90	4.65987
12	91	4.65987
58	61	-4.65818
59	60	-4.65818
19	46	-4.65767
18	47	-4.65767
61	72	-4.65551
60	73	-4.65551
22	65	-4.65296
23	64	-4.65296
11	88	4.65295
10	89	4.65295
22	61	4.65247
23	60	4.65247
8	41	4.65122
9	40	4.65122
18	81	-4.65098
19	80	-4.65098
66	73	-4.64897
67	72	-4.64897
22	25	4.64777
23	24	4.64777
35	64	4.64747
34	65	4.64747
2	61	-4.6468
3	60	-4.6468
68	77	-4.64525
69	76	-4.64525
8	17	-4.64466
9	16	-4.64466
3	54	4.64358
2	55	4.64358
18	73	-4.64329
19	72	-4.64329
15	48	-4.64202
14	49	-4.64202
84	95	-4.63931
85	94	-4.63931
37	78	-4.63899
36	79	-4.63899
37	90	-4.63759
36	91	-4.63759
72	77	4.63756
73	76	4.63756
0	47	-4.63509
1	46	-4.63509
41	82	-4.63404
40	83	-4.63404
23	36	-4.63306
22	37	-4.63306
53	82	-4.63292
52	83	-4.63292
6	51	-4.63209
7	50	-4.63209
62	65	-4.62981
63	64	-4.62981
31	36	4.62924
30	37	4.62924
55	58	4.62807
54	59	4.62807
25	70	4.62653
24	71	4.62653
5	44	-4.62551
4	45	-4.62551
12	31	-4.62542
13	30	-4.62542
28	65	4.62536
29	64	4.62536
71	86	-4.62514
70	87	-4.62514
54	71	-4.6242
55	70	-4.6242
33	52	-4.62407
32	53	-4.62407
0	73	-4.62155
1	72	-4.62155
17	46	4.61836
16	47	4.61836
30	55	4.61728
31	54	4.61728
24	79	4.61665
25	78	4.61665
35	44	-4.61612
34	45	-4.61612
35	88	-4.61447
34	89	-4.61447
25	44	4.61421
24	45	4.61421
14	77	4.61357
15	76	4.61357
57	88	-4.61268
56	89	-4.61268
66	81	-4.61248
67	80	-4.61248
40	47	-4.61069
41	46	-4.61069
26	91	-4.60754
27	90	-4.60754
62	87	-4.60713
63	86	-4.60713
15	98	-4.60566
14	99	-4.60566
5	68	-4.60511
4	69	-4.60511
32	93	-4.60316
33	92	-4.60316
1	42	-4.60178
0	43	-4.60178
53	66	4.60067
52	67	4.60067
6	85	-4.60039
7	84	-4.60039
4	85	-4.60024
5	84	-4.60024
72	81	4.59869
73	80	4.59869
65	82	4.59832
64	83	4.59832
7	14	4.59427
6	15	4.59427
0	17	-4.5939
1	16	-4.5939
55	88	-4.59314
54	89	-4.59314
76	89	-4.59197
77	88	-4.59197
33	70	-4.59034
32	71	-4.59034
6	21	-4.58932
7	20	-4.58932
14	63	-4.58801
15	62	-4.58801
11	16	-4.58493
10	17	-4.58493
18	43	-4.5839
19	42	-4.5839
0	81	-4.58306
1	80	-4.58306
29	60	-4.5816
28	61	-4.5816
18	27	-4.58153
19	26	-4.58153
83	98	-4.58144
82	99	-4.58144
7	68	-4.58015
6	69	-4.58015
40	73	-4.58009
41	72	-4.58009
23	54	-4.57555
22	55	-4.57555
56	95	4.57476
57	94	4.57476
45	56	-4.57453
44	57	-4.57453
36	61	-4.57403
37	60	-4.57403
59	82	4.57356
58	83	4.57356
7	46	4.57257
6	47	4.57257
1	26	-4.57057
0	27	-4.57057
41	96	-4.56849
40	97	-4.56849
18	97	-4.56724
19	96	-4.56724
87	98	-4.56548
86	99	-4.56548
4	77	4.56511
5	76	4.56511
13	80	-4.56201
12	81	-4.56201
11	64	-4.55929
10	65	-4.55929
37	58	4.55875
36	59	4.55875
3	82	4.55794
2	83	4.55794
71	92	4.55689
70	93	4.55689
37	38	4.55621
36	39	4.55621
17	18	-4.55617
16	19	-4.55617
61	96	-4.55444
60	97	-4.55444
67	78	4.55262
66	79	4.55262
63	90	4.55248
62	91	4.55248
66	97	-4.55205
67	96	-4.55205
33	76	4.55193
32	77	4.55193
91	98	4.55124
90	99	4.55124
28	37	4.54968
29	36	4.54968
37	42	4.54952
36	43	4.54952
0	97	-4.54882
1	96	-4.54882
8	77	-4.54836
9	76	-4.54836
44	81	-4.54834
45	80	-4.54834
24	89	4.54727
25	88	4.54727
61	82	-4.54558
60	83	-4.54558
7	88	-4.54534
6	89	-4.54534
62	83	-4.54523
63	82	-4.54523
52	97	-4.54495
53	96	-4.54495
54	79	-4.54487
55	78	-4.54487
15	60	-4.54474
14	61	-4.54474
14	29	4.5423
15	28	4.5423
17	92	-4.54226
16	93	-4.54226
2	37	4.54153
3	36	4.54153
47	76	4.54061
46	77	4.54061
63	74	-4.53684
62	75	-4.53684
51	74	-4.53681
50	75	-4.53681
67	82	-4.53428
66	83	-4.53428
4	53	-4.5327
5	52	-4.5327
57	82	4.53004
56	83	4.53004
51	86	-4.52906
50	87	-4.52906
31	86	4.52873
30	87	4.52873
58	65	4.52787
59	64	4.52787
13	28	-4.5224
12	29	-4.5224
3	64	4.52215
2	65	4.52215
15	66	-4.52141
14	67	-4.52141
56	97	4.52089
57	96	4.52089
23	66	4.51892
22	67	4.51892
12	39	-4.5177
13	38	-4.5177
85	86	-4.51738
84	87	-4.51738
88	95	-4.51707
89	94	-4.51707
17	66	-4.51664
16	67	-4.51664
69	74	-4.51467
68	75	-4.51467
75	98	-4.51393
74	99	-4.51393
38	89	-4.51265
39	88	-4.51265
49	50	4.51067
48	51	4.51067
21	40	4.50813
20	41	4.50813
97	98	-4.5078
96	99	-4.5078
18	53	4.5077
19	52	4.5077
39	50	-4.50745
38	51	-4.50745
47	80	4.50735
46	81	4.50735
14	65	4.50655
15	64	4.50655
37	66	-4.5058
36	67	-4.5058
49	88	4.50494
48	89	4.50494
48	85	4.50442
49	84	4.50442
58	93	-4.5043
59	92	-4.5043
39	84	-4.50364
38	85	-4.50364
42	97	4.50212
43	96	4.50212
1	74	-4.4987
0	75	-4.4987
16	35	4.49733
17	34	4.49733
12	65	-4.49698
13	64	-4.49698
74	85	-4.49487
75	84	-4.49487
18	83	-4.49467
19	82	-4.49467
68	87	-4.49432
69	86	-4.49432
2	93	-4.49413
3	92	-4.49413
75	92	-4.49012
74	93	-4.49012
87	88	-4.48957
86	89	-4.48957
20	31	-4.48852
21	30	-4.48852
49	54	-4.48836
48	55	-4.48836
41	54	-4.48799
40	55	-4.48799
88	91	4.48705
89	90	4.48705
4	89	-4.48684
5	88	-4.48684
12	49	4.4861
13	48	4.4861
57	92	-4.4857
56	93	-4.4857
21	28	-4.48556
20	29	-4.48556
57	74	4.48553
56	75	4.48553
14	57	4.48425
15	56	4.48425
7	8	-4.48413
6	9	-4.48413
16	73	4.48388
17	72	4.48388
35	92	-4.48343
34	93	-4.48343
4	71	-4.48319
5	70	-4.48319
26	65	4.48297
27	64	4.48297
52	73	-4.48273
53	72	-4.48273
86	91	-4.48166
87	90	-4.48166
49	68	4.4785
48	69	4.4785
1	82	-4.47834
0	83	-4.47834
15	58	4.47831
14	59	4.47831
0	13	4.47653
1	12	4.47653
2	45	-4.47597
3	44	-4.47597
11	92	4.47589
10	93	4.47589
44	59	-4.47487
45	58	-4.47487
8	31	-4.47469
9	30	-4.47469
39	68	-4.47071
38	69	-4.47071
27	38	4.47052
26	39	4.47052
25	92	4.46948
24	93	4.46948
12	19	4.46894
13	18	4.46894
16	51	-4.46885
17	50	-4.46885
65	70	-4.46773
64	71	-4.46773
7	92	-4.46615
6	93	-4.46615
28	55	4.46443
29	54	4.46443
81	86	4.46329
80	87	4.46329
2	15	4.46282
3	14	4.46282
15	22	-4.45965
14	23	-4.45965
63	96	-4.45865
62	97	-4.45865
18	75	-4.45808
19	74	-4.45808
47	52	-4.4571
46	53	-4.4571
17	68	-4.45707
16	69	-4.45707
57	90	-4.45686
56	91	-4.45686
27	32	4.45582
26	33	4.45582
55	92	-4.4549
54	93	-4.4549
63	92	4.45433
62	93	4.45433
37	70	-4.45274
36	71	-4.45274
35	82	4.4526
34	83	4.4526
0	53	4.45131
1	52	4.45131
36	49	-4.45082
37	48	-4.45082
47	74	4.45064
46	75	4.45064
5	6	4.45064
4	7	4.45064
18	79	4.44981
19	78	4.44981
14	79	-4.44862
15	78	-4.44862
13	32	-4.44547
12	33	-4.44547
77	92	-4.44203
76	93	-4.44203
37	80	4.4408
36	81	4.4408
45	76	-4.43474
44	77	-4.43474
17	84	-4.43393
16	85	-4.43393
6	33	4.4335
7	32	4.4335
23	32	-4.43141
22	33	-4.43141
34	97	4.43078
35	96	4.43078
12	77	-4.42916
13	76	-4.42916
18	23	4.42856
19	22	4.42856
75	88	-4.42471
74	89	-4.42471
26	41	-4.42442
27	40	-4.42442
10	83	-4.42418
11	82	-4.42418
14	19	-4.42273
15	18	-4.42273
16	61	-4.42213
17	60	-4.42213
15	34	4.41852
14	35	4.41852
1	78	4.41827
0	79	4.41827
7	12	-4.41782
6	13	-4.41782
92	99	4.41731
93	98	4.41731
61	86	-4.4168
60	87	-4.4168
36	63	-4.41394
37	62	-4.41394
85	90	4.41372
84	91	4.41372
0	95	-4.41227
1	94	-4.41227
38	87	4.40957
39	86	4.40957
67	74	-4.40911
66	75	-4.40911
43	82	4.4083
42	83	4.4083
0	15	-4.40751
1	14	-4.40751
4	23	-4.40684
5	22	-4.40684
41	44	4.40332
40	45	4.40332
28	45	-4.40255
29	44	-4.40255
17	62	-4.40254
16	63	-4.40254
37	98	-4.40227
36	99	-4.40227
10	15	-4.39915
11	14	-4.39915
12	75	-4.39833
13	74	-4.39833
32	79	-4.3983
33	78	-4.3983
7	44	-4.3975
6	45	-4.3975
1	22	4.39657
0	23	4.39657
38	55	4.39477
39	54	4.39477
11	96	-4.39319
10	97	-4.39319
34	91	-4.39307
35	90	-4.39307
5	78	-4.3918
4	79	-4.3918
5	12	-4.3915
4	13	-4.3915
51	90	4.38956
50	91	4.38956
2	9	-4.38887
3	8	-4.38887
57	72	4.38848
56	73	4.38848
12	87	-4.38508
13	86	-4.38508
8	59	-4.38445
9	58	-4.38445
42	51	-4.38303
43	50	-4.38303
42	69	-4.38202
43	68	-4.38202
47	90	-4.38191
46	91	-4.38191
26	31	4.38082
27	30	4.38082
72	99	-4.38006
73	98	-4.38006
67	94	-4.37908
66	95	-4.37908
11	12	4.37823
10	13	4.37823
16	99	-4.37623
17	98	-4.37623
46	95	4.37601
47	94	4.37601
19	94	-4.37478
18	95	-4.37478
16	89	-4.37475
17	88	-4.37475
67	86	-4.3745
66	87	-4.3745
4	93	-4.37421
5	92	-4.37421
65	88	-4.37395
64	89	-4.37395
5	26	4.37146
4	27	4.37146
29	92	-4.37143
28	93	-4.37143
25	42	-4.37132
24	43	-4.37132
12	95	-4.37127
13	94	-4.37127
25	64	-4.37107
24	65	-4.37107
13	54	-4.36976
12	55	-4.36976
69	90	4.36795
68	91	4.36795
71	94	-4.36749
70	95	-4.36749
27	48	-4.36679
26	49	-4.36679
9	86	-4.36568
8	87	-4.36568
36	77	4.36381
37	76	4.36381
14	43	4.36325
15	42	4.36325
61	98	4.36184
60	99	4.36184
13	56	-4.36128
12	57	-4.36128
11	90	4.36117
10	91	4.36117
29	38	4.36051
28	39	4.36051
12	17	-4.36019
13	16	-4.36019
23	82	-4.35924
22	83	-4.35924
56	61	-4.35442
57	60	-4.35442
80	93	-4.35245
81	92	-4.35245
12	35	-4.35137
13	34	-4.35137
7	36	4.34955
6	37	4.34955
79	82	-4.34854
78	83	-4.34854
36	65	4.34692
37	64	4.34692
43	84	-4.34556
42	85	-4.34556
29	88	-4.34551
28	89	-4.34551
29	48	-4.3383
28	49	-4.3383
15	90	-4.33829
14	91	-4.33829
8	29	-4.33772
9	28	-4.33772
17	56	4.33732
16	57	4.33732
64	93	-4.33684
65	92	-4.33684
63	72	-4.33656
62	73	-4.33656
72	75	4.33647
73	74	4.33647
8	49	4.33488
9	48	4.33488
15	70	-4.33355
14	71	-4.33355
19	56	-4.33225
18	57	-4.33225
49	92	4.33034
48	93	4.33034
76	87	4.3301
77	86	4.3301
60	71	4.32943
61	70	4.32943
49	86	-4.3265
48	87	-4.3265
3	24	-4.32447
2	25	-4.32447
60	63	4.32384
61	62	4.32384
43	64	4.32354
42	65	4.32354
24	91	4.32177
25	90	4.32177
27	44	-4.32146
26	45	-4.32146
60	75	-4.3176
61	74	-4.3176
71	74	-4.31756
70	75	-4.31756
25	58	-4.31277
24	59	-4.31277
21	26	-4.31122
20	27	-4.31122
64	85	-4.30929
65	84	-4.30929
13	24	4.30898
12	25	4.30898
2	13	-4.30798
3	12	-4.30798
31	44	-4.30686
30	45	-4.30686
21	48	4.30404
20	49	4.30404
24	83	-4.30376
25	82	-4.30376
46	99	-4.30178
47	98	-4.30178
38	59	4.29994
39	58	4.29994
8	39	-4.2958
9	38	-4.2958
81	94	4.29564
80	95	4.29564
56	87	4.29527
57	86	4.29527
13	58	-4.29408
12	59	-4.29408
34	73	4.29389
35	72	4.29389
60	95	-4.29378
61	94	-4.29378
65	68	-4.29376
64	69	-4.29376
3	38	4.29134
2	39	4.29134
6	87	4.29119
7	86	4.29119
28	69	-4.29065
29	68	-4.29065
19	70	4.28868
18	71	4.28868
18	37	-4.28503
19	36	-4.28503
50	65	-4.28461
51	64	-4.28461
72	91	-4.28417
73	90	-4.28417
47	56	4.28323
46	57	4.28323
1	56	-4.28203
0	57	-4.28203
47	78	-4.28183
46	79	-4.28183
15	24	-4.28171
14	25	-4.28171
10	87	-4.27936
11	86	-4.27936
56	67	-4.27928
57	66	-4.27928
28	85	-4.27879
29	84	-4.27879
22	47	-4.27855
23	46	-4.27855
16	97	4.27639
17	96	4.27639
25	96	-4.27535
24	97	-4.27535
22	97	-4.27442
23	96	-4.27442
1	70	4.27295
0	71	4.27295
35	86	4.27288
34	87	4.27288
66	99	4.27074
67	98	4.27074
47	62	-4.26848
46	63	-4.26848
12	61	4.26661
13	60	4.26661
79	96	-4.266
78	97	-4.266
42	91	-4.26536
43	90	-4.26536
20	87	-4.26535
21	86	-4.26535
1	36	-4.26517
0	37	-4.26517
31	32	4.26516
30	33	4.26516
82	91	-4.26351
83	90	-4.26351
36	89	-4.26344
37	88	-4.26344
18	99	4.26337
19	98	4.26337
19	92	4.26217
18	93	4.26217
23	72	-4.26194
22	73	-4.26194
20	39	-4.26139
21	38	-4.26139
42	89	-4.26084
43	88	-4.26084
72	95	4.26044
73	94	4.26044
36	51	-4.26023
37	50	-4.26023
1	92	4.26004
0	93	4.26004
73	78	-4.25986
72	79	-4.25986
44	49	4.25971
45	48	4.25971
36	85	-4.2596
37	84	-4.2596
53	94	-4.2577
52	95	-4.2577
10	73	-4.25621
11	72	-4.25621
48	59	-4.25512
49	58	-4.25512
29	50	-4.25166
28	51	-4.25166
15	50	-4.25144
14	51	-4.25144
28	87	4.25141
29	86	4.25141
11	42	-4.25133
10	43	-4.25133
12	67	4.251
13	66	4.251
16	71	-4.24946
17	70	-4.24946
3	48	-4.24819
2	49	-4.24819
2	69	-4.24795
3	68	-4.24795
19	88	4.24775
18	89	4.24775
12	37	-4.24699
13	36	-4.24699
67	70	4.24651
66	71	4.24651
0	89	4.24508
1	88	4.24508
29	70	-4.24393
28	71	-4.24393
16	65	4.24381
17	64	4.24381
5	30	4.24379
4	31	4.24379
71	82	-4.24291
70	83	-4.24291
58	69	-4.2404
59	68	-4.2404
47	92	-4.23719
46	93	-4.23719
37	56	4.23646
36	57	4.23646
62	67	4.23413
63	66	4.23413
37	68	-4.23398
36	69	-4.23398
14	85	-4.23252
15	84	-4.23252
3	50	-4.2324
2	51	-4.2324
45	86	-4.23187
44	87	-4.23187
22	93	4.23074
23	92	4.23074
3	88	-4.23036
2	89	-4.23036
32	41	-4.22961
33	40	-4.22961
2	85	-4.22829
3	84	-4.22829
66	93	4.22607
67	92	4.22607
35	60	-4.22533
34	61	-4.22533
4	41	-4.22531
5	40	-4.22531
51	58	-4.22519
50	59	-4.22519
53	92	4.22394
52	93	4.22394
59	88	-4.22079
58	89	-4.22079
59	84	-4.22045
58	85	-4.22045
17	36	4.22012
16	37	4.22012
38	93	-4.21789
39	92	-4.21789
0	99	4.21776
1	98	4.21776
73	92	-4.21772
72	93	-4.21772
19	62	4.21603
18	63	4.21603
90	97	-4.21518
91	96	-4.21518
54	91	-4.21315
55	90	-4.21315
15	68	-4.21307
14	69	-4.21307
75	80	4.21114
74	81	4.21114
64	87	4.20412
65	86	4.20412
42	63	-4.20303
43	62	-4.20303
29	30	4.20078
28	31	4.20078
25	28	-4.20071
24	29	-4.20071
61	92	4.20041
60	93	4.20041
15	88	-4.19972
14	89	-4.19972
78	93	4.19962
79	92	4.19962
18	35	-4.19897
19	34	-4.19897
25	86	-4.19885
24	87	-4.19885
38	45	-4.19685
39	44	-4.19685
34	47	4.19676
35	46	4.19676
4	91	-4.19578
5	90	-4.19578
35	42	4.1935
34	43	4.1935
2	11	-4.19255
3	10	-4.19255
23	94	-4.1925
22	95	-4.1925
34	37	4.18817
35	36	4.18817
17	82	4.18527
16	83	4.18527
44	65	-4.18499
45	64	-4.18499
18	87	-4.18479
19	86	-4.18479
10	59	-4.18421
11	58	-4.18421
59	90	-4.18352
58	91	-4.18352
8	65	-4.18194
9	64	-4.18194
92	97	-4.18184
93	96	-4.18184
22	75	-4.18154
23	74	-4.18154
59	86	4.18141
58	87	4.18141
38	43	4.18106
39	42	4.18106
9	26	-4.17928
8	27	-4.17928
30	93	-4.17847
31	92	-4.17847
3	90	-4.17829
2	91	-4.17829
1	86	-4.17784
0	87	-4.17784
50	83	-4.17767
51	82	-4.17767
11	60	4.17616
10	61	4.17616
10	37	-4.1752
11	36	-4.1752
1	62	4.17516
0	63	4.17516
7	26	4.17417
6	27	4.17417
2	87	4.17399
3	86	4.17399
74	79	-4.17305
75	78	-4.17305
76	95	4.17262
77	94	4.17262
71	96	-4.17234
70	97	-4.17234
79	94	-4.17178
78	95	-4.17178
74	97	4.17017
75	96	4.17017
53	74	-4.16882
52	75	-4.16882
42	99	-4.16839
43	98	-4.16839
54	83	4.16717
55	82	4.16717
28	79	-4.1671
29	78	-4.1671
27	52	-4.16535
26	53	-4.16535
11	46	-4.16505
10	47	-4.16505
27	78	-4.16348
26	79	-4.16348
15	54	4.16342
14	55	4.16342
34	67	-4.16178
35	66	-4.16178
82	85	-4.16177
83	84	-4.16177
65	74	4.16094
64	75	4.16094
1	34	-4.16036
0	35	-4.16036
28	91	-4.16036
29	90	-4.16036
32	49	-4.16007
33	48	-4.16007
23	28	-4.15878
22	29	-4.15878
5	48	-4.15815
4	49	-4.15815
15	20	-4.15809
14	21	-4.15809
0	33	-4.15691
1	32	-4.15691
31	58	4.15601
30	59	4.15601
18	85	4.15586
19	84	4.15586
55	86	4.15385
54	87	4.15385
24	73	-4.15239
25	72	-4.15239
0	85	4.15042
1	84	4.15042
19	68	4.14929
18	69	4.14929
10	19	4.14887
11	18	4.14887
2	31	4.14851
3	30	4.14851
1	4	-4.14839
0	5	-4.14839
13	42	-4.14764
12	43	-4.14764
7	28	4.1476
6	29	4.1476
8	91	4.14703
9	90	4.14703
23	26	-4.14644
22	27	-4.14644
69	82	-4.1464
68	83	-4.1464
27	54	4.14552
26	55	4.14552
0	69	4.14547
1	68	4.14547
71	72	-4.14486
70	73	-4.14486
3	34	4.14336
2	35	4.14336
27	76	4.14074
26	77	4.14074
0	45	4.13991
1	44	4.13991
55	64	4.13768
54	65	4.13768
47	70	-4.13705
46	71	-4.13705
36	75	4.13659
37	74	4.13659
83	88	-4.13637
82	89	-4.13637
35	58	4.1362
34	59	4.1362
15	16	4.13492
14	17	4.13492
61	88	4.13358
60	89	4.13358
43	86	4.13286
42	87	4.13286
55	96	4.13266
54	97	4.13266
19	44	4.13246
18	45	4.13246
19	32	-4.12826
18	33	-4.12826
13	14	-4.12544
12	15	-4.12544
8	15	-4.1249
9	14	-4.1249
43	48	-4.122
42	49	-4.122
2	71	-4.1219
3	70	-4.1219
17	80	4.12107
16	81	4.12107
20	83	-4.12071
21	82	-4.12071
33	66	-4.12014
32	67	-4.12014
19	50	4.12012
18	51	4.12012
10	67	4.11895
11	66	4.11895
75	76	4.11869
74	77	4.11869
4	19	-4.1186
5	18	-4.1186
28	41	-4.1182
29	40	-4.1182
16	23	-4.11796
17	22	-4.11796
95	96	4.11701
94	97	4.11701
0	11	4.11607
1	10	4.11607
50	97	-4.11522
51	96	-4.11522
33	38	4.11494
32	39	4.11494
1	50	4.11346
0	51	4.11346
59	70	-4.11277
58	71	-4.11277
16	79	-4.11188
17	78	-4.11188
8	37	-4.1114
9	36	-4.1114
27	80	4.1095
26	81	4.1095
7	94	4.10869
6	95	4.10869
85	96	-4.10765
84	97	-4.10765
17	90	-4.10722
16	91	-4.10722
25	36	-4.10622
24	37	-4.10622
4	39	4.10485
5	38	4.10485
64	95	4.10417
65	94	4.10417
67	88	4.10352
66	89	4.10352
43	56	4.10257
42	57	4.10257
74	83	4.1018
75	82	4.1018
74	91	-4.10143
75	90	-4.10143
83	92	-4.0999
82	93	-4.0999
37	92	-4.09941
36	93	-4.09941
89	96	-4.09914
88	97	-4.09914
68	97	-4.09699
69	96	-4.09699
29	76	4.09593
28	77	4.09593
42	71	-4.0952
43	70	-4.0952
11	28	-4.09519
10	29	-4.09519
2	63	-4.09437
3	62	-4.09437
37	94	4.09425
36	95	4.09425
91	92	4.09423
90	93	4.09423
16	53	-4.09399
17	52	-4.09399
0	9	4.09244
1	8	4.09244
60	85	4.09073
61	84	4.09073
59	62	-4.09016
58	63	-4.09016
13	72	-4.08949
12	73	-4.08949
8	19	4.08893
9	18	4.08893
4	67	-4.0889
5	66	-4.0889
32	47	4.08826
33	46	4.08826
30	43	4.08484
31	42	4.08484
12	83	-4.08448
13	82	-4.08448
40	59	-4.08274
41	58	-4.08274
12	97	-4.08205
13	96	-4.08205
6	59	4.08193
7	58	4.08193
3	98	-4.08068
2	99	-4.08068
51	60	4.07968
50	61	4.07968
24	47	-4.07927
25	46	-4.07927
32	87	4.07919
33	86	4.07919
25	60	4.07919
24	61	4.07919
3	6	4.07834
2	7	4.07834
8	83	-4.0778
9	82	-4.0778
3	40	-4.07747
2	41	-4.07747
59	98	-4.0769
58	99	-4.0769
12	47	-4.07375
13	46	-4.07375
72	89	-4.07345
73	88	-4.07345
41	42	-4.07232
40	43	-4.07232
61	68	4.07195
60	69	4.07195
83	94	4.0713
82	95	4.0713
17	38	4.07105
16	39	4.07105
6	75	4.07033
7	74	4.07033
2	57	4.06823
3	56	4.06823
33	60	-4.06742
32	61	-4.06742
5	46	4.06695
4	47	4.06695
72	85	-4.06567
73	84	-4.06567
51	72	-4.06542
50	73	-4.06542
29	34	4.06526
28	35	4.06526
14	75	4.06522
15	74	4.06522
20	97	-4.06431
21	96	-4.06431
57	58	4.0639
56	59	4.0639
4	87	4.06174
5	86	4.06174
19	24	4.05937
18	25	4.05937
33	90	-4.0593
32	91	-4.0593
16	77	4.05727
17	76	4.05727
67	84	4.05708
66	85	4.05708
69	72	-4.0565
68	73	-4.0565
3	78	-4.05646
2	79	-4.05646
90	95	-4.0524
91	94	-4.0524
20	37	-4.0522
21	36	-4.0522
15	32	4.05201
14	33	4.05201
3	22	-4.05157
2	23	-4.05157
21	90	4.05145
20	91	4.05145
59	78	-4.05099
58	79	-4.05099
17	48	-4.05098
16	49	-4.05098
55	72	4.05077
54	73	4.05077
47	88	-4.05022
46	89	-4.05022
20	65	-4.04997
21	64	-4.04997
59	76	4.04996
58	77	4.04996
33	82	4.04955
32	83	4.04955
33	72	4.04933
32	73	4.04933
14	95	4.04812
15	94	4.04812
45	90	4.04801
44	91	4.04801
2	77	4.04731
3	76	4.04731
8	97	-4.04658
9	96	-4.04658
4	61	-4.04645
5	60	-4.04645
23	58	-4.04608
22	59	-4.04608
14	93	-4.0452
15	92	-4.0452
26	69	-4.04517
27	68	-4.04517
67	68	4.04486
66	69	4.04486
37	54	4.04416
36	55	4.04416
15	44	-4.04398
14	45	-4.04398
51	66	4.04397
50	67	4.04397
26	51	-4.04329
27	50	-4.04329
20	67	4.04273
21	66	4.04273
31	94	4.0425
30	95	4.0425
44	67	4.04153
45	66	4.04153
1	24	4.04113
0	25	4.04113
46	85	-4.04109
47	84	-4.04109
47	50	-4.04048
46	51	-4.04048
25	66	4.04034
24	67	4.04034
36	45	-4.0399
37	44	-4.0399
5	72	4.0371
4	73	4.0371
24	27	-4.0366
25	26	-4.0366
32	97	4.03554
33	96	4.03554
40	93	4.03472
41	92	4.03472
28	81	4.03417
29	80	4.03417
26	85	-4.03344
27	84	-4.03344
44	97	-4.03228
45	96	-4.03228
5	82	4.03218
4	83	4.03218
0	21	4.03205
1	20	4.03205
46	69	-4.0318
47	68	-4.0318
6	17	4.03101
7	16	4.03101
40	95	-4.03075
41	94	-4.03075
43	52	-4.02928
42	53	-4.02928
20	47	-4.02865
21	46	-4.02865
38	75	4.02843
39	74	4.02843
4	97	4.02778
5	96	4.02778
45	72	-4.02764
44	73	-4.02764
4	15	4.02762
5	14	4.02762
29	62	-4.0272
28	63	-4.0272
28	53	-4.02673
29	52	-4.02673
4	37	4.02649
5	36	4.02649
44	83	-4.02622
45	82	-4.02622
29	56	4.02611
28	57	4.02611
26	71	-4.02578
27	70	-4.02578
58	81	4.02419
59	80	4.02419
45	46	-4.02385
44	47	-4.02385
20	61	4.02369
21	60	4.02369
27	62	-4.02353
26	63	-4.02353
26	99	-4.02323
27	98	-4.02323
3	80	4.02293
2	81	4.02293
48	75	-4.02289
49	74	-4.02289
21	72	-4.02191
20	73	-4.02191
0	55	-4.02186
1	54	-4.02186
39	94	4.02153
38	95	4.02153
17	86	4.02085
16	87	4.02085
48	95	-4.02029
49	94	-4.02029
19	20	4.02021
18	21	4.02021
46	55	4.01911
47	54	4.01911
33	64	4.01888
32	65	4.01888
42	81	4.01846
43	80	4.01846
45	60	4.0172
44	61	4.0172
29	98	-4.01708
28	99	-4.01708
40	75	-4.01655
41	74	-4.01655
17	30	4.01643
16	31	4.01643
18	55	-4.01609
19	54	-4.01609
9	72	-4.01604
8	73	-4.01604
5	64	4.01581
4	65	4.01581
31	74	4.01558
30	75	4.01558
26	89	-4.01301
27	88	-4.01301
87	92	-4.01271
86	93	-4.01271
27	56	4.01244
26	57	4.01244
6	43	4.01045
7	42	4.01045
75	86	4.00903
74	87	4.00903
8	67	4.00677
9	66	4.00677
22	43	-4.00649
23	42	-4.00649
10	27	-4.00414
11	26	-4.00414
9	60	4.00408
8	61	4.00408
42	77	4.0031
43	76	4.0031
27	34	4.00274
26	35	4.00274
55	60	-4.00257
54	61	-4.00257
43	78	-4.00241
42	79	-4.00241
54	67	-4.00213
55	66	-4.00213
87	94	4.00182
86	95	4.00182
17	40	-4.00182
16	41	-4.00182
13	26	-4.00172
12	27	-4.00172
8	47	-4.0016
9	46	-4.0016
32	37	4.00054
33	36	4.00054
53	58	-4.00028
52	59	-4.00028
3	52	-4.00003
2	53	-4.00003
2	58	2.99979
68	84	2.99904
22	78	2.99884
0	18	2.99846
50	84	2.99702
10	34	-2.9968
50	68	2.99661
6	76	2.99408
62	98	2.99301
60	66	2.99113
16	74	2.98854
34	56	2.9885
84	88	2.98696
38	48	-2.98636
14	82	2.9852
82	96	2.98442
46	72	2.98416
68	88	2.9837
10	24	2.98228
74	94	2.97678
72	96	2.97623
8	44	2.97522
10	56	-2.97466
76	80	2.97453
50	88	2.97191
30	38	2.97158
24	34	-2.97073
16	94	2.96447
8	68	2.96385
4	32	2.9604
8	50	2.95989
24	54	-2.95807
30	48	-2.95744
2	28	2.9555
70	88	2.95336
28	58	2.95258
8	84	2.95213
22	70	2.94904
6	80	2.94782
12	88	2.94616
6	48	-2.94426
72	82	2.94415
14	96	2.94204
56	80	2.93846
70	78	2.93759
4	54	2.93684
70	84	2.93343
46	96	2.9287
12	70	2.92853
38	64	2.92664
24	56	-2.92493
18	66	2.92367
48	64	-2.92336
2	16	2.92277
32	94	2.92252
80	98	-2.92049
50	70	2.91941
40	52	2.91881
16	58	2.91843
68	70	2.91772
0	66	2.91766
32	54	2.91728
6	30	2.91596
48	76	-2.91334
56	76	2.91216
8	88	2.91115
18	64	-2.91104
30	76	2.909
52	62	2.90503
30	80	2.90377
10	98	2.90339
10	54	-2.9032
56	98	-2.90277
46	82	2.89984
14	72	2.89863
34	98	-2.89834
22	52	2.89778
20	32	-2.89588
44	68	2.89549
14	36	2.89521
36	86	2.89397
6	38	2.89353
0	64	-2.88897
52	98	2.88893
42	58	2.88811
34	80	2.88726
52	78	2.88558
12	84	2.88458
18	60	2.88401
2	42	2.88225
30	40	-2.88119
32	74	2.88102
44	50	2.88083
40	78	2.87951
62	80	-2.87828
44	84	2.87587
12	68	2.87578
22	40	2.87449
0	60	2.87244
34	54	2.87144
14	86	2.86959
4	74	2.86907
6	56	2.86894
14	46	2.86664
10	80	-2.86293
38	76	2.86291
16	42	2.86209
10	62	2.86202
4	94	2.86157
2	74	2.8615
58	74	2.85507
34	62	-2.85112
56	62	-2.85022
12	50	2.84932
48	80	-2.8487
52	80	-2.84327
34	76	2.84283
30	52	-2.83827
44	88	2.83686
42	94	2.83299
36	82	2.8327
24	98	2.82899
26	42	2.82771
16	28	2.8276
52	70	2.82395
12	22	2.82213
64	66	-2.82159
76	98	-2.8195
20	54	-2.81943
30	64	2.81847
36	46	2.81793
60	64	-2.8175
44	92	2.81745
16	32	2.81711
22	88	2.81548
12	78	2.81535
38	80	2.81384
4	24	-2.81284
2	94	2.80678
38	40	-2.80655
10	76	-2.80523
58	94	2.8025
42	74	2.79709
78	88	2.79639
8	20	2.79463
54	56	2.79216
4	16	2.79047
22	84	2.78984
6	34	2.78907
24	62	2.78794
8	70	2.78673
40	90	2.78574
26	46	2.78414
82	86	2.78167
36	72	2.78154
20	94	-2.77893
24	32	-2.77783
22	50	2.77746
6	64	2.7718
20	62	2.76953
36	96	2.767
28	74	2.76667
78	84	2.76593
4	20	-2.76527
22	68	2.76431
24	80	-2.76252
6	98	-2.7614
62	76	-2.76136
38	60	-2.76067
8	12	2.75661
50	62	2.75626
50	78	2.75174
6	10	-2.74616
54	98	-2.74529
20	44	2.74406
30	98	-2.74333
20	50	2.74298
68	78	2.73956
52	76	-2.7386
40	80	-2.73795
18	38	-2.73644
40	48	2.73581
20	98	2.73484
60	90	2.73061
26	58	2.72799
50	52	2.72658
28	42	2.72543
54	62	-2.72377
20	24	2.72282
38	66	-2.72225
30	56	2.72206
62	84	2.7203
2	26	2.71574
54	94	2.71486
52	84	2.71261
62	70	2.7126
4	10	-2.71199
40	70	2.71144
22	62	2.71128
64	76	2.71108
20	68	2.7085
62	68	2.7081
30	62	-2.70771
38	52	-2.70751
10	20	2.70627
18	48	2.70356
24	76	-2.70317
0	38	-2.70185
6	62	-2.70063
6	52	-2.70026
10	32	-2.69879
20	84	2.69839
52	56	-2.69421
40	62	2.69278
52	68	2.68906
40	98	2.68718
62	78	2.68618
50	98	2.6858
8	92	2.6857
52	88	2.68567
12	44	2.68419
48	56	-2.68417
54	74	2.68209
48	60	2.68039
86	96	2.67923
26	72	2.67867
48	52	2.67555
40	76	-2.67404
78	90	2.67281
28	94	2.67003
20	74	-2.66946
0	48	2.66851
4	34	2.66795
26	36	2.66747
44	70	2.66695
22	98	2.66315
6	40	-2.66244
20	34	-2.65945
8	62	2.65792
34	52	-2.65589
66	90	2.6554
30	60	-2.65296
10	52	2.65194
48	66	2.64885
32	34	2.64845
84	98	2.648
70	98	2.64674
62	88	2.64563
22	90	2.64436
6	24	-2.64002
78	98	2.63929
68	98	2.63549
30	34	2.63362
22	30	-2.62971
30	78	-2.62593
72	86	2.62412
40	60	2.62381
48	98	2.62021
38	56	2.61838
16	20	-2.61301
46	86	2.61282
64	80	2.60827
26	28	2.6038
32	42	2.6032
40	64	-2.60166
54	80	2.60086
12	52	2.5999
20	88	2.59811
10	30	-2.59703
38	98	-2.59675
30	66	-2.59654
8	22	2.59535
28	46	2.59112
32	62	-2.58893
8	98	2.58828
20	56	-2.58615
16	54	2.58601
18	30	-2.58466
34	48	-2.58325
32	98	-2.5811
46	58	2.57479
88	98	2.57198
48	62	2.56868
22	80	-2.56758
2	32	2.56641
8	78	2.56626
4	56	2.56572
30	90	-2.56566
2	46	2.56473
32	58	2.55931
8	52	2.55892
38	90	-2.55443
38	62	-2.55385
78	80	-2.55156
28	72	2.54874
32	56	2.54874
16	26	2.54801
26	96	2.54797
0	30	-2.54715
24	52	2.54659
2	4	2.545
52	90	2.54263
40	66	2.54255
10	48	2.53629
68	92	2.5355
4	58	2.53532
40	56	-2.53195
44	62	2.52939
20	70	2.52759
4	98	-2.52667
24	94	-2.52406
26	82	2.52077
40	88	2.51876
34	38	2.51795
20	52	2.51763
4	62	-2.51756
54	76	2.51653
12	40	2.51641
8	32	-2.51631
14	26	2.5148
38	78	-2.51353
22	38	-2.51298
40	84	2.51067
40	50	2.51065
20	42	-2.50896
50	92	2.50657
4	42	2.50636
84	92	2.50597
58	72	2.50151
42	92	-2.49608
2	72	2.49264
6	18	-2.48908
70	80	-2.48837
30	70	-2.48735
24	74	-2.48699
42	46	2.48353
20	80	-2.4825
40	68	2.48187
12	62	2.47996
32	44	-2.47856
88	92	2.47664
10	38	-2.47442
24	30	-2.47322
20	92	2.4722
50	80	-2.47117
34	40	-2.47028
44	98	2.46538
6	60	-2.46396
52	64	-2.46378
26	94	2.4613
44	94	-2.46116
32	50	-2.46083
4	28	2.45571
26	74	2.45528
22	44	2.45501
22	76	-2.4542
48	90	2.45407
0	6	-2.45292
22	48	2.45274
10	40	2.45242
10	50	2.45198
52	54	-2.45158
8	94	-2.45149
48	78	2.44928
6	54	2.44771
80	84	-2.44293
76	78	-2.44136
64	90	-2.44034
28	32	2.43934
18	40	2.43752
18	90	2.43544
70	90	2.43384
10	94	-2.43146
0	28	-2.42901
68	80	-2.42833
44	78	2.42724
32	68	-2.4266
34	50	-2.42644
6	66	-2.42606
6	22	-2.42403
56	64	2.42378
8	54	-2.42375
28	96	2.42332
50	54	-2.42304
18	76	-2.42171
26	60	-2.42161
0	90	2.41919
18	28	-2.41916
32	84	-2.41841
24	48	2.4181
60	76	-2.41439
50	56	-2.414
44	52	2.41335
6	78	-2.413
12	98	2.41139
42	44	-2.4112
26	66	-2.41071
22	56	-2.41052
8	10	2.4092
10	84	2.40839
38	72	2.40835
0	58	-2.40669
0	40	2.40657
0	2	-2.40581
10	68	2.40266
20	22	2.40129
36	40	-2.40123
12	20	2.3993
24	50	2.39726
38	46	2.39711
38	96	2.39703
30	96	2.39696
18	58	-2.3958
30	82	2.39475
10	22	2.39448
2	18	-2.39446
56	78	-2.39306
48	72	-2.39253
48	96	-2.39156
80	88	-2.3907
30	72	2.38998
16	24	-2.38975
22	34	-2.38884
0	76	-2.38598
34	84	-2.38491
42	72	2.38364
10	74	-2.38186
14	30	2.3808
8	34	-2.38068
34	94	2.38063
34	68	-2.3787
52	86	-2.3784
54	84	-2.37834
54	68	-2.37828
56	84	-2.37652
38	82	2.37595
10	70	2.37566
10	78	2.37565
8	24	2.37355
30	46	2.37326
64	72	2.37289
20	78	2.37224
70	76	-2.37211
66	76	-2.3719
38	70	-2.37129
30	50	-2.37102
26	92	-2.37096
34	78	-2.37093
52	60	2.37075
58	66	-2.37045
32	80	2.37026
2	20	-2.36944
56	68	-2.36884
46	60	-2.36819
46	48	-2.36717
56	70	-2.36671
8	80	-2.36649
20	58	-2.36569
2	66	-2.36557
6	96	2.36373
46	64	2.36371
58	96	2.36215
30	84	-2.36098
48	82	-2.36097
42	66	-2.3608
40	86	-2.36063
46	66	-2.36033
34	70	-2.36009
12	92	2.35989
44	54	-2.35904
20	76	-2.35886
4	80	2.35883
76	96	2.35875
60	80	-2.3574
64	98	-2.35736
8	56	-2.35725
4	8	-2.3572
80	82	2.35624
24	38	-2.35578
50	76	-2.35481
26	86	2.35436
2	96	2.35436
24	84	2.35357
80	90	-2.35288
92	94	-2.35118
24	40	2.35088
50	94	-2.35079
14	52	-2.35051
24	68	2.35006
22	86	-2.34995
80	96	2.34984
14	40	-2.34949
30	88	-2.34842
62	94	-2.34828
14	38	2.34763
44	74	-2.34689
60	78	2.34445
64	96	2.34419
78	86	-2.34413
8	74	-2.3437
76	82	2.34294
16	44	-2.34221
6	70	-2.34071
30	68	-2.34068
42	54	2.33982
6	82	2.33911
14	80	2.3389
48	70	2.33869
36	52	-2.33843
6	90	-2.33753
32	88	-2.3364
34	74	2.33422
4	50	-2.33395
76	84	-2.33375
68	94	-2.33368
28	66	-2.33362
42	60	-2.33338
76	90	-2.33275
6	72	2.33271
28	82	2.33251
8	42	-2.33208
10	44	2.3317
94	98	-2.33029
64	78	-2.33028
12	90	2.32993
58	60	-2.32909
18	46	-2.32884
60	72	-2.32776
22	64	-2.32648
10	88	2.32648
22	60	2.32623
8	40	2.32561
18	80	-2.32549
66	72	-2.32449
22	24	2.32388
34	64	2.32374
2	60	-2.3234
68	76	-2.32263
8	16	-2.32233
2	54	2.32179
18	72	-2.32164
14	48	-2.32101
84	94	-2.31965
36	78	-2.31949
36	90	-2.31879
72	76	2.31878
0	46	-2.31754
40	82	-2.31702
22	36	-2.31653
52	82	-2.31646
6	50	-2.31605
62	64	-2.3149
30	36	2.31462
54	58	2.31404
24	70	2.31326
4	44	-2.31276
12	30	-2.31271
28	64	2.31268
70	86	-2.31257
54	70	-2.3121
32	52	-2.31203
0	72	-2.31077
16	46	2.30918
30	54	2.30864
24	78	2.30833
34	44	-2.30806
34	88	-2.30724
24	44	2.3071
14	76	2.30678
56	88	-2.30634
66	80	-2.30624
40	46	-2.30534
26	90	-2.30377
62	86	-2.30357
14	98	-2.30283
4	68	-2.30256
32	92	-2.30158
0	42	-2.30089
52	66	2.30034
6	84	-2.30019
4	84	-2.30012
72	80	2.29934
64	82	2.29916
6	14	2.29714
0	16	-2.29695
54	88	-2.29657
76	88	-2.29598
32	70	-2.29517
6	20	-2.29466
14	62	-2.294
10	16	-2.29246
18	42	-2.29195
0	80	-2.29153
28	60	-2.2908
18	26	-2.29077
82	98	-2.29072
6	68	-2.29008
40	72	-2.29005
22	54	-2.28778
56	94	2.28738
44	56	-2.28727
36	60	-2.28702
58	82	2.28678
6	46	2.28629
0	26	-2.28528
40	96	-2.28424
18	96	-2.28362
86	98	-2.28274
4	76	2.28256
12	80	-2.281
10	64	-2.27965
36	58	2.27938
2	82	2.27897
70	92	2.27844
36	38	2.27811
16	18	-2.27809
60	96	-2.27722
66	78	2.27631
62	90	2.27624
66	96	-2.27603
32	76	2.27597
90	98	2.27562
28	36	2.27484
36	42	2.27476
0	96	-2.27441
8	76	-2.27418
44	80	-2.27417
24	88	2.27364
60	82	-2.27279
6	88	-2.27267
62	82	-2.27262
52	96	-2.27247
54	78	-2.27244
14	60	-2.27237
14	28	2.27115
16	92	-2.27113
2	36	2.27076
46	76	2.2703
62	74	-2.26842
50	74	-2.26841
66	82	-2.26714
4	52	-2.26635
56	82	2.26502
50	86	-2.26453
30	86	2.26436
58	64	2.26393
12	28	-2.2612
2	64	2.26108
14	66	-2.2607
56	96	2.26044
22	66	2.25946
12	38	-2.25885
84	86	-2.25869
88	94	-2.25853
16	66	-2.25832
68	74	-2.25734
74	98	-2.25696
38	88	-2.25633
48	50	2.25533
20	40	2.25407
96	98	-2.2539
18	52	2.25385
38	50	-2.25373
46	80	2.25368
14	64	2.25327
36	66	-2.2529
48	88	2.25247
48	84	2.25221
58	92	-2.25215
38	84	-2.25182
42	96	2.25106
0	74	-2.24935
16	34	2.24867
12	64	-2.24849
74	84	-2.24743
18	82	-2.24734
68	86	-2.24716
2	92	-2.24706
74	92	-2.24506
86	88	-2.24479
20	30	-2.24426
48	54	-2.24418
40	54	-2.24399
88	90	2.24353
4	88	-2.24342
12	48	2.24305
56	92	-2.24285
20	28	-2.24278
56	74	2.24276
14	56	2.24212
6	8	-2.24207
16	72	2.24194
34	92	-2.24172
4	70	-2.24159
26	64	2.24149
52	72	-2.24136
86	90	-2.24083
48	68	2.23925
0	82	-2.23917
14	58	2.23915
0	12	2.23826
2	44	-2.23798
10	92	2.23795
44	58	-2.23743
8	30	-2.23735
38	68	-2.23535
26	38	2.23526
24	92	2.23474
12	18	2.23447
16	50	-2.23442
64	70	-2.23387
6	92	-2.23307
28	54	2.23222
80	86	2.23164
2	14	2.23141
14	22	-2.22983
62	96	-2.22932
18	74	-2.22904
46	52	-2.22855
16	68	-2.22853
56	90	-2.22843
26	32	2.22791
54	92	-2.22745
62	92	2.22717
36	70	-2.22637
34	82	2.2263
0	52	2.22565
36	48	-2.22541
46	74	2.22532
4	6	2.22532
18	78	2.22491
14	78	-2.22431
12	32	-2.22273
76	92	-2.22102
36	80	2.2204
44	76	-2.21737
16	84	-2.21696
6	32	2.21675
22	32	-2.21571
34	96	2.21539
12	76	-2.21458
18	22	2.21428
74	88	-2.21236
26	40	-2.21221
10	82	-2.21209
14	18	-2.21136
16	60	-2.21107
14	34	2.20926
0	78	2.20914
6	12	-2.20891
92	98	2.20866
60	86	-2.2084
36	62	-2.20697
84	90	2.20686
0	94	-2.20614
38	86	2.20478
66	74	-2.20456
42	82	2.20415
0	14	-2.20376
4	22	-2.20342
40	44	2.20166
28	44	-2.20127
16	62	-2.20127
36	98	-2.20113
10	14	-2.19958
12	74	-2.19917
32	78	-2.19915
6	44	-2.19875
0	22	2.19828
38	54	2.19739
10	96	-2.19659
34	90	-2.19654
4	78	-2.1959
4	12	-2.19575
50	90	2.19478
2	8	-2.19443
56	72	2.19424
12	86	-2.19254
8	58	-2.19223
42	50	-2.19152
42	68	-2.19101
46	90	-2.19095
26	30	2.19041
72	98	-2.19003
66	94	-2.18954
10	12	2.18911
16	98	-2.18812
46	94	2.188
18	94	-2.18739
16	88	-2.18738
66	86	-2.18725
4	92	-2.1871
64	88	-2.18697
4	26	2.18573
28	92	-2.18571
24	42	-2.18566
12	94	-2.18564
24	64	-2.18553
12	54	-2.18488
68	90	2.18397
70	94	-2.18375
26	48	-2.1834
8	86	-2.18284
36	76	2.1819
14	42	2.18162
60	98	2.18092
12	56	-2.18064
10	90	2.18059
28	38	2.18026
12	16	-2.1801
22	82	-2.17962
56	60	-2.17721
80	92	-2.17623
12	34	-2.17569
6	36	2.17477
78	82	-2.17427
36	64	2.17346
42	84	-2.17278
28	88	-2.17275
28	48	-2.16915
14	90	-2.16915
8	28	-2.16886
16	56	2.16866
64	92	-2.16842
62	72	-2.16828
72	74	2.16823
8	48	2.16744
14	70	-2.16677
18	56	-2.16613
48	92	2.16517
76	86	2.16505
60	70	2.16471
48	86	-2.16325
2	24	-2.16224
60	62	2.16192
42	64	2.16177
24	90	2.16089
26	44	-2.16073
60	74	-2.1588
70	74	-2.15878
24	58	-2.15639
20	26	-2.15561
64	84	-2.15465
12	24	2.15449
2	12	-2.15399
30	44	-2.15343
20	48	2.15202
24	82	-2.15188
46	98	-2.15089
38	58	2.14997
8	38	-2.1479
80	94	2.14782
56	86	2.14763
12	58	-2.14704
34	72	2.14694
60	94	-2.14689
64	68	-2.14688
2	38	2.14567
6	86	2.1456
28	68	-2.14532
18	70	2.14434
18	36	-2.14251
50	64	-2.14231
72	90	-2.14208
46	56	2.14161
0	56	-2.14101
46	78	-2.14092
14	24	-2.14085
10	86	-2.13968
56	66	-2.13964
28	84	-2.13939
22	46	-2.13927
16	96	2.1382
24	96	-2.13767
22	96	-2.13721
0	70	2.13647
34	86	2.13644
66	98	2.13537
46	62	-2.13424
12	60	2.13331
78	96	-2.133
42	90	-2.13268
20	86	-2.13268
0	36	-2.13258
30	32	2.13258
82	90	-2.13176
36	88	-2.13172
18	98	2.13169
18	92	2.13108
22	72	-2.13097
20	38	-2.1307
42	88	-2.13042
72	94	2.13022
36	50	-2.13011
0	92	2.13002
72	78	-2.12993
44	48	2.12986
36	84	-2.1298
52	94	-2.12885
10	72	-2.1281
48	58	-2.12756
28	50	-2.12583
14	50	-2.12572
28	86	2.12571
10	42	-2.12566
12	66	2.1255
16	70	-2.12473
2	48	-2.1241
2	68	-2.12398
18	88	2.12387
12	36	-2.1235
66	70	2.12325
0	88	2.12254
28	70	-2.12197
16	64	2.12191
4	30	2.12189
70	82	-2.12146
58	68	-2.1202
46	92	-2.11859
36	56	2.11823
62	66	2.11707
36	68	-2.11699
14	84	-2.11626
2	50	-2.1162
44	86	-2.11594
22	92	2.11537
2	88	-2.11518
32	40	-2.11481
2	84	-2.11414
66	92	2.11304
34	60	-2.11267
4	40	-2.11266
50	58	-2.11259
52	92	2.11197
58	88	-2.11039
58	84	-2.11023
16	36	2.11006
38	92	-2.10895
0	98	2.10888
72	92	-2.10886
18	62	2.10802
90	96	-2.10759
54	90	-2.10658
14	68	-2.10654
74	80	2.10557
64	86	2.10206
42	62	-2.10152
28	30	2.10039
24	28	-2.10035
60	92	2.10021
14	88	-2.09986
78	92	2.09981
18	34	-2.09949
24	86	-2.09943
38	44	-2.09842
34	46	2.09838
4	90	-2.09789
34	42	2.09675
2	10	-2.09628
22	94	-2.09625
34	36	2.09408
16	82	2.09263
44	64	-2.09249
18	86	-2.0924
10	58	-2.09211
58	90	-2.09176
8	64	-2.09097
92	96	-2.09092
22	74	-2.09077
58	86	2.0907
38	42	2.09053
8	26	-2.08964
30	92	-2.08923
2	90	-2.08914
0	86	-2.08892
50	82	-2.08884
10	60	2.08808
10	36	-2.0876
0	62	2.08758
6	26	2.08709
2	86	2.08699
74	78	-2.08652
76	94	2.08631
70	96	-2.08617
78	94	-2.08589
74	96	2.08508
52	74	-2.08441
42	98	-2.0842
54	82	2.08358
28	78	-2.08355
26	52	-2.08267
10	46	-2.08253
26	78	-2.08174
14	54	2.08171
34	66	-2.08089
82	84	-2.08088
64	74	2.08047
0	34	-2.08018
28	90	-2.08018
32	48	-2.08003
22	28	-2.07939
4	48	-2.07908
14	20	-2.07905
0	32	-2.07845
30	58	2.07801
18	84	2.07793
54	86	2.07692
24	72	-2.07619
0	84	2.07521
18	68	2.07465
10	18	2.07444
2	30	2.07426
0	4	-2.07419
12	42	-2.07382
6	28	2.0738
8	90	2.07352
22	26	-2.07322
68	82	-2.0732
26	54	2.07276
0	68	2.07274
70	72	-2.07243
2	34	2.07168
26	76	2.07037
0	44	2.06995
54	64	2.06884
46	70	-2.06852
36	74	2.06829
82	88	-2.06818
34	58	2.0681
14	16	2.06746
60	88	2.06679
42	86	2.06643
54	96	2.06633
18	44	2.06623
18	32	-2.06413
12	14	-2.06272
8	14	-2.06245
42	48	-2.061
2	70	-2.06095
16	80	2.06054
20	82	-2.06036
32	66	-2.06007
18	50	2.06006
10	66	2.05947
74	76	2.05935
4	18	-2.0593
28	40	-2.0591
16	22	-2.05898
94	96	2.05851
0	10	2.05803
50	96	-2.05761
32	38	2.05747
0	50	2.05673
58	70	-2.05638
16	78	-2.05594
8	36	-2.0557
26	80	2.05475
6	94	2.05434
84	96	-2.05382
16	90	-2.05361
24	36	-2.05311
4	38	2.05242
64	94	2.05209
66	88	2.05176
42	56	2.05129
74	82	2.0509
74	90	-2.05072
82	92	-2.04995
36	92	-2.04971
88	96	-2.04957
68	96	-2.0485
28	76	2.04797
42	70	-2.0476
10	28	-2.0476
2	62	-2.04718
36	94	2.04712
90	92	2.04712
16	52	-2.047
0	8	2.04622
60	84	2.04536
58	62	-2.04508
12	72	-2.04475
8	18	2.04446
4	66	-2.04445
32	46	2.04413
30	42	2.04242
12	82	-2.04224
40	58	-2.04137
12	96	-2.04102
6	58	2.04096
2	98	-2.04034
50	60	2.03984
24	46	-2.03963
32	86	2.03959
24	60	2.03959
2	6	2.03917
8	82	-2.0389
2	40	-2.03874
58	98	-2.03845
12	46	-2.03687
72	88	-2.03673
40	42	-2.03616
60	68	2.03597
82	94	2.03565
16	38	2.03553
6	74	2.03517
2	56	2.03412
32	60	-2.03371
4	46	2.03347
72	84	-2.03283
50	72	-2.03271
28	34	2.03263
14	74	2.03261
20	96	-2.03216
56	58	2.03195
4	86	2.03087
18	24	2.02969
32	90	-2.02965
16	76	2.02863
66	84	2.02854
68	72	-2.02825
2	78	-2.02823
90	94	-2.0262
20	36	-2.0261
14	32	2.02601
2	22	-2.02578
20	90	2.02572
58	78	-2.0255
16	48	-2.02549
54	72	2.02539
46	88	-2.02511
20	64	-2.02498
58	76	2.02498
32	82	2.02477
32	72	2.02467
14	94	2.02406
44	90	2.024
2	76	2.02366
8	96	-2.02329
4	60	-2.02323
22	58	-2.02304
14	92	-2.0226
26	68	-2.02258
66	68	2.02243
36	54	2.02208
14	44	-2.02199
50	66	2.02198
26	50	-2.02164
20	66	2.02136
30	94	2.02125
44	66	2.02077
0	24	2.02056
46	84	-2.02054
46	50	-2.02024
24	66	2.02017
36	44	-2.01995
4	72	2.01855
24	26	-2.0183
32	96	2.01777
40	92	2.01736
28	80	2.01709
26	84	-2.01672
44	96	-2.01614
4	82	2.01609
0	20	2.01602
46	68	-2.0159
6	16	2.0155
40	94	-2.01538
42	52	-2.01464
20	46	-2.01432
38	74	2.01421
4	96	2.01389
44	72	-2.01382
4	14	2.01381
28	62	-2.0136
28	52	-2.01336
4	36	2.01324
44	82	-2.01311
28	56	2.01305
26	70	-2.01289
58	80	2.01209
44	46	-2.01193
20	60	2.01184
26	62	-2.01176
26	98	-2.01161
2	80	2.01146
48	74	-2.01144
20	72	-2.01095
0	54	-2.01093
38	94	2.01077
16	86	2.01043
48	94	-2.01015
18	20	2.0101
46	54	2.00956
32	64	2.00944
42	80	2.00923
44	60	2.0086
28	98	-2.00854
40	74	-2.00827
16	30	2.00821
18	54	-2.00805
8	72	-2.00802
4	64	2.0079
30	74	2.00779
26	88	-2.0065
86	92	-2.00635
26	56	2.00622
6	42	2.00522
74	86	2.00451
8	66	2.00338
22	42	-2.00325
10	26	-2.00207
8	60	2.00204
42	76	2.00155
26	34	2.00137
54	60	-2.00129
42	78	-2.00121
54	66	-2.00106
86	94	2.00091
16	40	-2.00091
12	26	-2.00086
8	46	-2.0008
32	36	2.00027
52	58	-2.00014
2	52	-2.00001
