59	87	11.996
3	19	11.9939
17	75	11.9907
59	67	11.9777
29	35	-11.9768
43	55	-11.9705
51	77	11.9689
67	87	11.9683
53	81	11.9681
51	61	11.9656
81	83	11.9635
31	81	11.9571
53	83	11.9563
39	87	11.9552
7	31	11.955
73	79	11.9433
31	53	11.9432
33	89	11.9364
49	95	11.9356
39	59	11.925
5	35	-11.9231
23	71	11.9167
5	49	11.9159
5	95	11.9152
13	29	11.9089
45	77	11.9063
61	77	11.9013
15	43	11.9001
15	55	-11.8986
19	45	11.897
65	77	11.8963
93	99	11.8888
39	67	11.8849
15	39	-11.8815
21	63	11.8752
45	61	11.8745
31	83	11.8574
45	51	11.8572
3	45	11.8492
13	35	-11.8428
5	29	11.8366
7	81	11.831
9	13	11.8285
47	49	11.8236
7	53	11.8114
51	65	11.8031
7	67	11.7849
73	89	11.7814
15	37	-11.7686
27	63	11.7644
19	61	11.7644
9	65	11.7498
3	61	11.7438
5	13	11.7362
27	93	11.7301
1	79	-11.7219
7	59	11.7218
47	65	11.7147
35	95	-11.7139
41	81	11.7025
31	41	11.7023
15	87	-11.6975
35	49	-11.6923
7	41	11.6884
37	55	11.6777
45	65	11.6712
39	43	-11.6643
17	71	11.6607
7	83	11.6603
33	83	11.6602
7	87	11.6572
19	77	11.6462
9	47	11.6432
33	73	11.6391
19	51	11.6372
5	47	11.6371
15	59	-11.6281
71	75	11.6256
61	65	11.6251
41	67	11.6247
9	77	11.6129
3	51	11.5927
39	55	11.5911
3	77	11.5814
31	67	11.5808
21	27	11.5782
9	45	11.569
15	67	-11.5658
29	49	11.5638
47	95	11.5591
29	95	11.5503
79	89	11.5429
13	49	11.5394
37	43	-11.5307
41	83	11.5283
37	39	11.5282
13	47	11.5204
23	69	11.5107
9	29	11.5103
41	53	11.5092
23	95	11.4824
31	59	11.4772
1	73	-11.4665
69	71	11.4449
33	81	11.4447
41	59	11.4403
21	57	11.4252
43	87	-11.4226
9	35	-11.4173
33	53	11.4165
27	99	11.4081
5	9	11.4025
7	39	11.3995
41	87	11.3993
25	33	11.3984
31	87	11.3954
83	89	11.3939
13	95	11.3913
35	47	-11.3881
9	51	11.3827
69	95	11.3586
9	49	11.3549
23	49	11.3544
67	81	11.352
29	55	-11.3457
43	59	-11.3353
35	55	11.3332
33	79	11.3303
29	47	11.3219
47	77	11.3112
55	87	11.3097
63	93	11.2978
37	69	-11.2927
13	65	11.29
17	23	11.2885
37	87	11.2795
73	83	11.2712
1	97	11.2606
47	91	11.2559
19	65	11.2522
53	67	11.2502
23	75	11.2376
79	97	-11.237
39	41	11.2361
37	67	11.2333
25	89	11.2267
35	37	11.2212
55	59	11.2134
9	61	11.2064
59	81	11.2058
43	67	-11.2018
37	59	11.1984
9	19	11.1821
49	65	11.1721
81	89	11.1616
73	81	11.155
3	65	11.1544
31	33	11.1434
65	91	11.1361
29	43	11.1342
53	59	11.1322
41	73	11.1267
81	87	11.1146
47	51	11.11
55	67	11.1065
37	95	-11.0987
35	43	-11.0982
31	39	11.0905
63	99	11.0903
29	37	-11.0889
53	89	11.0839
5	37	-11.0803
71	95	11.0788
5	23	11.0576
3	9	11.055
67	83	11.051
9	95	11.0418
53	87	11.0315
41	79	11.0275
13	77	11.0057
17	69	11.0056
5	69	10.9899
5	55	-10.9866
5	65	10.9821
49	69	10.9775
45	47	10.9741
25	57	10.9726
13	45	10.964
53	73	10.9533
79	83	10.9505
23	47	10.934
73	97	-10.9318
15	35	-10.9307
49	71	10.9032
13	55	-10.8957
15	29	10.8936
1	89	-10.8916
57	89	10.8915
59	83	10.8912
33	41	10.8891
3	85	10.8821
79	81	10.8676
57	63	10.8633
41	97	-10.8612
69	75	10.8604
29	65	10.8524
7	15	-10.848
25	83	10.8449
31	73	10.8433
21	93	10.8397
31	89	10.8165
35	65	-10.8097
15	41	-10.8095
49	91	10.8094
47	61	10.8074
37	41	10.8
51	91	10.7903
39	81	10.789
83	87	10.7885
7	33	10.7853
61	85	10.7745
77	91	10.772
35	69	-10.7635
19	85	10.7539
55	95	-10.7472
11	63	10.7427
65	95	10.7382
11	21	10.7255
37	49	-10.7156
41	89	10.7121
5	43	10.7102
13	51	10.6953
13	43	10.6778
39	53	10.6744
25	53	10.6603
69	97	10.6505
33	57	10.6475
49	77	10.6419
53	79	10.6207
23	35	-10.6179
5	15	10.6159
5	71	10.5859
23	91	10.5774
31	79	10.5643
13	37	-10.5504
7	73	10.5479
1	33	-10.5264
13	19	10.5239
29	69	10.5072
61	91	10.5062
21	99	10.505
49	55	-10.5045
25	81	10.4994
15	31	-10.4873
5	77	10.4834
15	95	10.4799
29	77	10.4727
15	69	10.4727
13	61	10.4691
7	37	10.4666
51	85	10.4563
91	95	10.4522
25	73	10.4514
43	95	10.4502
47	71	10.4479
7	89	10.4465
39	83	10.4334
9	91	10.4227
27	57	10.4222
19	47	10.4168
29	45	10.4052
7	43	-10.405
55	69	-10.3983
11	25	10.3904
3	13	10.3751
35	77	-10.374
49	51	10.3712
45	85	10.3659
23	29	10.3592
11	57	10.3573
23	37	-10.3552
13	15	10.3528
45	49	10.3325
5	91	10.3298
35	39	10.3052
7	79	10.3025
3	47	10.2876
5	45	10.2665
7	55	10.2629
35	45	-10.2539
41	43	-10.2535
29	39	-10.2527
1	41	-10.2488
71	91	10.2451
57	73	10.2357
45	91	10.2268
41	55	10.2249
47	69	10.222
43	49	10.2168
13	23	10.2099
25	31	10.2078
39	69	-10.183
77	85	10.18
5	51	10.1739
17	97	10.1731
77	95	10.1718
15	81	-10.1711
31	37	10.164
15	49	10.1542
35	71	-10.1417
29	51	10.1395
17	95	10.1373
37	97	-10.1281
9	55	-10.1227
43	69	10.1208
41	69	-10.108
13	69	10.1076
89	97	-10.0992
81	97	-10.0916
37	71	-10.0703
67	73	10.0685
13	91	10.0592
25	79	10.0589
49	61	10.0455
75	95	10.0453
35	51	-10.0439
15	53	-10.0278
33	67	10.0256
67	69	-10.025
75	97	10.0159
31	43	-10.0091
5	39	-10.0078
57	79	10.0072
83	97	-10.0022
23	65	10.001
1	83	-10
9	23	9.99932
37	47	-9.9691
21	25	9.96634
47	55	-9.95816
67	97	-9.95761
69	87	-9.95622
33	97	-9.95597
19	29	9.94486
67	79	9.94451
39	95	-9.93892
1	81	-9.93309
31	97	-9.93038
37	81	9.92559
35	91	-9.92335
17	49	9.91571
9	43	9.90725
35	87	9.90586
59	69	-9.89375
45	95	9.89099
29	61	9.89043
29	71	9.88662
51	95	9.88532
31	55	9.87726
11	27	9.87507
5	61	9.87202
33	85	-9.86045
49	75	9.85144
29	87	-9.84812
7	97	-9.84074
59	73	9.8303
33	59	9.82736
7	25	9.82282
29	91	9.82147
1	57	-9.80723
15	83	-9.80027
3	29	9.79469
85	89	-9.78981
35	59	9.789
53	97	-9.78712
83	85	-9.78087
19	49	9.77916
35	61	-9.77497
9	37	-9.77291
19	35	-9.76776
73	87	9.75703
71	97	9.74549
67	89	9.74329
19	91	9.74178
13	71	9.741
5	19	9.73789
39	97	-9.72997
29	59	-9.72923
51	57	-9.72554
33	87	9.72349
35	67	9.72085
37	53	9.71881
87	97	-9.71775
3	25	-9.71604
59	97	-9.7154
57	77	-9.71507
57	61	-9.71088
43	47	9.70929
59	79	9.70772
13	39	-9.69007
81	85	-9.68519
1	53	-9.67764
3	91	9.67678
19	25	-9.67663
53	85	-9.67341
43	81	-9.67093
5	17	9.66948
1	31	-9.664
73	85	-9.65886
79	87	9.64991
3	49	9.64411
23	55	-9.64207
29	67	-9.64144
45	57	-9.64091
5	87	-9.63348
57	65	-9.62932
15	97	9.62859
3	35	-9.6199
85	99	-9.60693
87	95	-9.60345
65	85	9.60322
9	21	-9.59524
3	5	9.59431
39	49	-9.59127
5	75	9.58597
25	41	9.58585
15	23	9.57791
37	83	9.57498
27	49	-9.57125
61	95	9.56971
9	69	9.56918
57	83	9.5666
43	53	-9.56185
55	81	9.55904
9	71	9.55862
21	65	-9.5561
65	71	9.55557
9	15	9.55438
27	95	-9.55253
13	63	-9.54564
21	47	-9.54095
31	85	-9.53976
5	63	-9.53951
59	89	9.53816
15	47	9.53038
35	63	9.53026
5	27	-9.52914
5	59	-9.52702
25	85	-9.5258
39	73	9.51628
29	63	-9.51533
13	21	-9.51379
59	95	-9.50954
23	97	9.50725
9	63	-9.50168
67	95	-9.50167
27	47	-9.49048
79	85	-9.48966
19	57	-9.48586
5	67	-9.48483
7	69	-9.48191
17	47	9.47891
11	99	9.47704
21	77	-9.47548
1	7	-9.47542
49	63	-9.46486
93	95	-9.46206
11	93	9.4614
47	75	9.461
25	63	9.46021
3	57	-9.45921
39	79	9.45811
17	37	-9.4523
23	77	9.45087
25	45	-9.45014
47	63	-9.44571
87	89	9.44497
57	93	9.44322
5	21	-9.43303
21	89	9.43266
9	57	-9.4298
53	55	9.42869
21	49	-9.42808
1	25	-9.40234
63	95	-9.40187
21	51	-9.40072
25	61	-9.39872
33	39	9.39036
21	29	-9.38696
27	35	9.38624
41	85	-9.38608
21	35	9.38566
61	89	-9.38269
49	93	-9.38123
23	43	9.38031
5	93	-9.37815
21	45	-9.3768
19	95	9.37391
37	99	9.37107
75	91	9.36717
69	93	-9.36715
63	65	-9.36259
7	85	-9.35304
69	91	9.35269
17	35	-9.3384
55	65	-9.33729
31	69	-9.33313
21	61	-9.32849
43	83	-9.32017
17	91	9.31974
95	99	-9.31783
3	33	-9.31534
37	75	-9.31136
55	97	-9.30843
1	67	-9.30496
13	87	-9.30467
11	13	-9.29901
3	89	-9.29804
27	29	-9.29276
5	99	-9.29206
15	71	9.29161
55	71	-9.28854
21	95	-9.2847
23	39	-9.28383
69	99	-9.2801
11	19	-9.27583
9	11	-9.27528
33	61	-9.2733
53	57	9.2727
13	27	-9.2699
63	77	-9.26912
47	57	-9.2689
49	87	-9.26571
27	65	-9.26331
23	51	9.25738
35	75	-9.2521
19	33	-9.25141
3	11	-9.24933
35	93	9.24814
19	89	-9.24677
3	95	9.2459
57	81	9.24413
25	51	-9.23992
35	99	9.23845
51	89	-9.23327
21	33	9.23185
69	81	-9.22978
43	97	9.22927
85	93	-9.22847
9	27	-9.22386
65	69	9.22253
37	93	9.2198
49	99	-9.21607
55	83	9.21247
25	77	-9.20785
11	45	-9.2049
47	93	-9.20125
45	63	-9.19787
37	79	9.19569
13	59	-9.19522
51	63	-9.18693
49	59	-9.17614
11	29	-9.16941
23	45	9.16877
17	29	9.16656
23	27	-9.16614
57	85	-9.16028
69	79	-9.15949
23	93	-9.15221
39	89	9.14988
43	65	9.14944
19	21	-9.14757
1	59	-9.14482
95	97	9.14264
49	67	-9.14101
29	99	-9.14074
37	73	9.13581
37	65	-9.13138
25	75	-9.13121
61	63	-9.13078
29	93	-9.12725
45	89	-9.12458
23	87	-9.12088
23	67	-9.11696
1	87	-9.11674
9	85	9.10685
27	69	-9.10651
13	67	-9.10471
11	89	9.10208
3	21	-9.10122
33	51	-9.09697
13	17	9.09542
41	95	-9.09338
71	77	9.09313
39	71	-9.0911
29	75	9.09081
27	77	-9.08643
35	41	9.08277
23	59	-9.081
11	33	9.08065
13	57	-9.07914
77	89	-9.07869
57	99	9.07865
15	79	-9.07637
15	73	-9.07263
53	69	-9.06053
33	45	-9.05974
3	75	9.05825
43	71	9.05473
13	75	9.05175
27	51	-9.04651
17	25	-9.04479
47	99	-9.03968
19	75	9.03665
1	85	9.03315
61	73	-9.0303
11	35	9.02776
15	99	-9.02768
67	71	-9.02689
41	71	-9.02421
63	85	-9.02401
13	93	-9.0221
13	99	-9.01831
1	39	-9.01733
85	91	9.01267
55	99	9.0111
17	41	-9.00673
69	83	-9.00542
39	47	-9.00268
19	63	-9.00161
9	75	9.00134
9	17	8.99984
23	61	8.99591
1	69	8.99316
25	67	8.99109
71	87	-8.98912
55	77	-8.98804
65	93	-8.98411
23	41	-8.98385
61	99	-8.98281
69	73	-8.98124
27	37	8.96883
59	71	-8.96813
45	55	-8.96732
5	41	-8.96411
29	41	-8.96376
3	63	-8.96374
51	99	-8.95726
9	39	-8.95628
27	61	-8.95527
33	77	-8.9535
3	17	8.95306
55	63	8.9491
71	93	-8.9459
11	77	-8.9441
17	19	8.93788
31	57	8.937
65	99	-8.93463
25	97	-8.93326
21	85	-8.93252
37	63	8.93007
51	71	8.92932
9	93	-8.92706
41	75	-8.92642
53	75	-8.92376
67	85	-8.92203
25	27	8.92191
77	99	-8.9188
9	99	-8.91841
55	91	-8.91372
45	71	8.91279
27	91	-8.91129
7	35	8.91021
27	71	-8.90963
57	91	-8.90711
27	85	-8.90598
11	75	-8.90451
49	57	-8.90026
25	65	-8.89971
65	75	8.89524
27	45	-8.89494
51	73	-8.89306
61	79	-8.89203
51	93	-8.88875
17	53	-8.88717
23	99	-8.8855
25	59	8.87913
11	17	-8.8757
15	65	8.87557
77	93	-8.87372
11	61	-8.86751
17	65	8.86669
15	33	-8.86484
5	97	8.86265
43	91	8.86218
3	73	-8.86124
43	99	-8.86096
7	71	-8.86051
63	89	8.85799
37	91	-8.8572
19	23	8.85711
61	93	-8.85579
9	25	-8.85422
39	99	8.85356
45	75	8.85331
75	83	-8.8495
1	37	-8.84934
3	83	-8.84804
21	73	8.8458
35	97	-8.84094
1	17	8.84065
55	93	8.83993
31	75	-8.8383
7	29	-8.83625
43	77	8.83399
75	81	-8.83373
7	95	-8.8319
45	99	-8.83184
85	97	8.83158
11	65	-8.8306
17	31	-8.82738
5	11	-8.82561
17	83	-8.82469
17	81	-8.82461
43	45	8.82293
21	91	-8.81901
11	51	-8.81855
5	57	-8.81814
15	93	-8.81455
7	23	-8.81369
59	85	-8.81192
19	73	-8.8076
43	63	-8.80558
29	57	-8.79795
3	23	8.79313
31	71	-8.79275
1	11	-8.79202
1	15	8.78912
25	87	8.78657
7	75	-8.78442
7	17	-8.78299
3	99	-8.78272
17	45	8.78241
11	55	8.77933
65	89	-8.77428
51	79	-8.77409
33	37	8.77373
23	63	-8.76844
63	69	-8.76825
19	99	-8.76696
19	83	-8.76602
27	55	8.76498
15	17	8.75645
1	61	8.75628
5	7	-8.75555
19	71	8.75523
35	57	8.75449
17	79	-8.75379
85	87	-8.75128
69	77	8.74956
11	43	-8.74861
49	97	8.74845
1	75	8.74665
53	71	-8.73929
61	71	8.73677
17	67	-8.73376
47	87	-8.73193
75	77	8.73189
51	55	-8.73159
67	99	8.73108
15	63	-8.73092
37	77	-8.72791
17	55	-8.72257
15	91	8.72235
3	71	8.72199
41	57	8.7192
47	85	8.71916
87	99	8.71747
45	93	-8.71534
91	93	-8.71507
41	49	-8.71499
29	97	8.7136
73	77	-8.71323
21	23	-8.71251
3	53	-8.71098
33	63	8.70971
45	73	-8.70516
61	83	-8.7004
43	79	-8.69934
21	79	8.69762
23	31	-8.69617
71	81	-8.69572
1	51	8.69088
15	89	-8.68758
71	99	-8.68505
3	79	-8.68426
67	75	-8.68067
43	93	-8.67916
59	99	8.67862
1	21	-8.6781
17	77	8.67804
11	85	-8.67536
75	79	-8.67272
11	47	-8.67268
43	73	-8.6698
21	55	8.66786
55	79	8.66536
41	99	8.66528
19	55	-8.6645
75	85	8.66193
17	39	-8.66187
47	59	-8.66036
15	75	8.65946
19	27	-8.65916
57	95	-8.65818
37	89	8.65115
9	87	-8.64893
3	81	-8.64813
7	57	8.64523
31	35	8.64114
37	45	-8.63932
11	49	-8.63777
19	79	-8.63754
17	59	-8.6366
15	27	-8.63403
63	91	-8.63396
17	87	-8.63381
33	65	-8.63296
55	73	8.63053
19	53	-8.6292
3	27	-8.62816
55	75	-8.62653
1	43	8.62624
51	75	8.62165
11	73	8.61583
17	73	-8.61383
31	95	-8.61324
39	93	8.6128
21	37	8.61148
71	83	-8.61122
61	75	8.60996
27	43	-8.60995
43	51	8.60466
33	75	-8.60297
47	67	-8.59959
59	75	-8.59437
77	79	-8.59394
45	69	8.59378
39	75	-8.59039
23	53	-8.58917
75	87	-8.58484
39	91	-8.58158
11	95	-8.57707
17	33	-8.57694
57	97	-8.57671
19	93	-8.57153
23	81	-8.57108
29	31	-8.57053
19	81	-8.56994
3	93	-8.56868
97	99	-8.56823
9	59	-8.56713
17	85	8.56626
11	79	8.56501
3	55	-8.56405
55	61	-8.56117
17	51	8.56045
45	79	-8.5598
73	75	-8.55909
39	85	-8.55808
15	77	8.5567
1	55	-8.55581
19	43	8.5548
87	91	-8.55065
51	69	8.55057
17	43	8.54871
7	49	-8.54778
21	69	-8.5464
59	91	-8.54319
21	43	-8.53935
53	61	-8.53928
27	89	8.53895
17	61	8.53594
11	97	-8.53084
13	41	-8.52992
25	71	-8.52694
1	77	8.52584
51	83	-8.52301
5	31	-8.52233
15	45	8.52224
17	93	-8.52098
61	81	-8.51838
91	99	-8.51705
45	83	-8.5158
25	39	8.51415
63	71	-8.51341
37	51	-8.50523
13	85	8.5042
33	69	-8.50243
33	43	-8.50185
1	3	8.50122
13	25	-8.49978
9	67	-8.49688
67	93	8.47906
1	19	8.47852
3	31	-8.47841
87	93	8.47803
11	15	-8.47566
93	97	-8.4724
9	89	-8.47029
11	83	8.46757
43	75	8.46666
21	71	-8.46384
3	43	8.46379
65	73	-8.45995
35	81	8.45755
1	45	8.45704
23	83	-8.45678
81	95	-8.45409
25	47	-8.45213
43	61	8.45174
75	93	-8.44892
69	89	-8.44803
21	83	8.44469
33	55	8.44302
59	93	8.44161
39	65	-8.44122
7	13	-8.43827
15	21	-8.43645
39	63	8.43333
75	89	-8.43079
17	89	-8.42452
71	79	-8.42278
17	27	-8.42239
67	91	-8.42191
1	91	8.41277
41	93	8.41161
13	97	8.40682
19	31	-8.40613
7	99	8.4049
1	71	8.40478
63	73	8.40278
11	37	8.39947
77	83	-8.39695
27	33	8.39599
29	81	-8.39272
7	91	-8.39155
9	33	-8.39048
11	71	-8.38796
27	39	8.38761
45	53	-8.37998
51	53	-8.3794
25	93	8.37632
27	75	-8.37588
53	95	-8.37488
65	79	-8.37476
61	69	8.36615
43	89	-8.36462
5	81	-8.36352
15	51	8.36305
11	53	8.3618
1	65	8.36139
31	49	-8.35972
51	81	-8.35963
35	53	8.35954
89	91	-8.3585
19	37	-8.35738
19	69	8.35332
31	61	-8.34857
37	61	-8.34501
45	81	-8.34391
17	99	-8.32914
11	69	-8.32168
25	91	-8.32071
55	89	8.32044
53	91	-8.31994
23	25	-8.31755
71	73	-8.31694
31	99	8.31287
1	63	-8.30852
31	91	-8.30573
29	53	-8.30473
63	79	8.30186
23	79	-8.30147
21	53	8.29932
15	19	8.29775
3	7	-8.29677
11	23	-8.29619
3	69	8.29612
23	57	-8.29431
3	37	-8.28307
5	53	-8.28121
47	89	-8.27889
83	95	-8.2776
11	81	8.27576
63	87	8.27424
53	77	-8.27007
15	85	8.26983
35	83	8.26608
21	81	8.26522
33	91	-8.26415
75	99	-8.26117
47	97	8.25981
1	23	8.2591
3	41	-8.2591
81	99	8.25427
27	87	8.25405
65	87	-8.25255
25	29	-8.25096
49	85	8.2486
13	31	-8.2482
79	91	-8.24746
77	81	-8.24726
33	71	-8.24666
73	91	-8.24655
41	47	-8.24443
27	73	8.23841
7	19	-8.2372
15	61	8.23706
59	63	8.23302
3	15	8.23213
41	61	-8.23196
11	39	8.23126
49	81	-8.22799
37	85	-8.22696
71	85	8.22025
27	59	8.21996
1	27	-8.21874
27	67	8.21824
29	83	-8.21787
63	67	8.21777
31	51	-8.21687
25	99	8.21411
57	67	8.21082
23	73	-8.21061
83	91	-8.21053
39	77	-8.2098
25	49	-8.20945
81	91	-8.20834
19	41	-8.20821
79	95	-8.2076
59	65	-8.20698
31	45	-8.20444
7	93	8.20407
29	85	8.20267
5	83	-8.1981
7	47	-8.19696
7	61	-8.19278
15	25	-8.19039
27	79	8.19007
21	39	8.18817
49	53	-8.18561
39	45	-8.1843
17	63	-8.18282
25	69	-8.1822
25	35	8.18125
33	47	-8.1791
9	73	-8.17309
53	99	8.17285
5	25	-8.1717
5	85	8.1714
63	83	8.16787
65	83	-8.16588
11	31	8.16252
3	97	8.1622
63	75	-8.16048
13	89	-8.1593
17	21	-8.15925
65	67	-8.15713
79	99	8.15613
73	95	-8.15539
83	99	8.15321
21	75	-8.15264
57	71	-8.1511
9	41	-8.15083
35	85	-8.15068
57	59	8.14829
61	97	8.14114
13	81	-8.13958
21	31	8.13784
19	97	8.1369
27	97	-8.13521
73	99	8.13413
31	93	8.13235
41	51	-8.13147
71	89	-8.13141
55	57	8.12959
31	77	-8.12764
35	79	8.12466
11	87	8.12293
13	33	-8.11832
9	97	8.11805
23	85	8.11742
5	79	-8.11615
57	87	8.11519
57	75	-8.11471
23	33	-8.11393
1	9	8.11285
89	93	8.1118
49	83	-8.10781
1	95	8.10776
25	37	8.107
27	41	8.10633
47	73	-8.10473
9	79	-8.10283
35	73	8.10183
39	51	-8.10082
25	95	-8.10018
69	85	8.09805
41	45	-8.09798
7	51	-8.09792
11	59	8.09727
43	85	8.0949
7	9	-8.0945
5	73	-8.09181
17	57	-8.09088
53	65	-8.09056
53	63	8.09013
13	53	-8.08952
81	93	8.08772
79	93	8.08765
41	63	8.08625
31	47	-8.08596
7	45	-8.08519
37	57	8.08494
21	87	8.08254
77	87	-8.08192
85	95	8.08083
63	81	8.07896
29	79	-8.07885
51	97	8.07817
21	41	8.07763
1	35	-8.07716
25	43	-8.07637
1	29	8.0762
43	57	-8.07607
47	79	-8.07591
55	85	-8.07525
89	99	8.07427
19	39	-8.07336
49	79	-8.07322
1	47	8.073
73	93	8.07157
65	81	-8.07105
7	11	8.06889
57	69	-8.06822
41	91	-8.06764
41	77	-8.06642
45	87	-8.06499
29	73	-8.06291
21	59	8.05964
1	99	-8.058
11	67	8.05708
49	89	-8.05664
11	91	-8.0562
33	93	8.0556
13	83	-8.05539
59	77	-8.05535
9	83	-8.05515
49	73	-8.05384
21	67	8.0534
1	93	-8.05231
25	55	8.05221
3	67	-8.05196
33	99	8.05134
29	89	-8.05052
3	39	-8.04918
45	97	8.04886
91	97	8.04805
7	21	8.04753
53	93	8.0475
5	89	-8.04615
35	89	8.04583
29	33	-8.04399
1	5	8.04295
33	35	8.04244
23	89	-8.04232
45	59	-8.04195
27	83	8.0408
39	57	8.04015
39	61	-8.0391
7	77	-8.03837
1	13	8.03781
19	67	-8.03607
31	63	8.03334
67	77	-8.03238
7	63	8.03122
45	67	-8.03078
83	93	8.0304
7	27	8.03031
3	59	-8.03007
15	57	-8.02989
11	41	8.02867
21	97	-8.02843
47	53	-8.02764
89	95	-8.02722
9	31	-8.02658
5	33	-8.02513
3	87	-8.02482
19	87	-8.02446
41	65	-8.02368
51	87	-8.02362
47	81	-8.02283
19	59	-8.02256
13	73	-8.0223
77	97	8.02196
33	95	-8.02193
9	81	-8.02117
1	49	8.01775
31	65	-8.01723
33	49	-8.01601
9	53	-8.01532
63	97	-8.0153
27	53	8.01488
61	67	-8.01202
51	59	-8.0115
65	97	8.00603
13	79	-8.005
7	65	-8.00477
27	81	8.00467
27	31	8.00249
47	83	-8.00208
51	67	-8.00204
61	87	-8.00095
59	61	-8.00069
52	53	6
92	93	6
76	77	6
78	79	6
20	21	6
28	29	6
70	71	6
84	85	6
40	41	6
94	95	6
34	35	6
38	39	6
36	37	6
64	65	6
16	17	6
96	97	6
50	51	6
30	31	6
46	47	6
66	67	6
62	63	6
24	25	6
88	89	6
48	49	6
82	83	6
68	69	6
60	61	6
32	33	6
72	73	6
26	27	6
44	45	6
86	87	6
74	75	6
80	81	6
22	23	6
42	43	6
14	15	6
18	19	6
58	59	6
90	91	6
56	57	6
54	55	6
0	1	6
98	99	6
4	5	6
12	13	6
2	3	6
8	9	6
6	7	6
10	11	6
58	87	5.99802
59	86	5.99802
3	18	5.99693
2	19	5.99693
16	75	5.99534
17	74	5.99534
58	67	5.98887
59	66	5.98887
28	35	-5.98842
29	34	-5.98842
42	55	-5.98524
43	54	-5.98524
51	76	5.98443
50	77	5.98443
67	86	5.98417
66	87	5.98417
53	80	5.98407
52	81	5.98407
51	60	5.98278
50	61	5.98278
80	83	5.98175
81	82	5.98175
31	80	5.97856
30	81	5.97856
52	83	5.97817
53	82	5.97817
39	86	5.97761
38	87	5.97761
7	30	5.97751
6	31	5.97751
73	78	5.97167
72	79	5.97167
31	52	5.97158
30	53	5.97158
32	89	5.96818
33	88	5.96818
48	95	5.96782
49	94	5.96782
39	58	5.96251
38	59	5.96251
5	34	-5.96157
4	35	-5.96157
23	70	5.95835
22	71	5.95835
4	49	5.95795
5	48	5.95795
4	95	5.95758
5	94	5.95758
12	29	5.95447
13	28	5.95447
45	76	5.95317
44	77	5.95317
61	76	5.95063
60	77	5.95063
14	43	5.95007
15	42	5.95007
15	54	-5.94932
14	55	-5.94932
19	44	5.9485
18	45	5.9485
64	77	5.94817
65	76	5.94817
93	98	5.94438
92	99	5.94438
39	66	5.94246
38	67	5.94246
14	39	-5.94074
15	38	-5.94074
20	63	5.93759
21	62	5.93759
45	60	5.93723
44	61	5.93723
30	83	5.92869
31	82	5.92869
44	51	5.92861
45	50	5.92861
2	45	5.92459
3	44	5.92459
13	34	-5.92142
12	35	-5.92142
5	28	5.91831
4	29	5.91831
7	80	5.91551
6	81	5.91551
8	13	5.91424
9	12	5.91424
47	48	5.91179
46	49	5.91179
7	52	5.90571
6	53	5.90571
51	64	5.90153
50	65	5.90153
6	67	5.89245
7	66	5.89245
72	89	5.89068
73	88	5.89068
15	36	-5.88428
14	37	-5.88428
27	62	5.88221
26	63	5.88221
18	61	5.8822
19	60	5.8822
8	65	5.87492
9	64	5.87492
3	60	5.8719
2	61	5.8719
4	13	5.86808
5	12	5.86808
26	93	5.86503
27	92	5.86503
0	79	-5.86096
1	78	-5.86096
6	59	5.86091
7	58	5.86091
46	65	5.85737
47	64	5.85737
35	94	-5.85696
34	95	-5.85696
40	81	5.85125
41	80	5.85125
30	41	5.85114
31	40	5.85114
15	86	-5.84874
14	87	-5.84874
35	48	-5.84615
34	49	-5.84615
7	40	5.8442
6	41	5.8442
36	55	5.83886
37	54	5.83886
44	65	5.83561
45	64	5.83561
39	42	-5.83217
38	43	-5.83217
17	70	5.83037
16	71	5.83037
7	82	5.83016
6	83	5.83016
33	82	5.83009
32	83	5.83009
7	86	5.82861
6	87	5.82861
18	77	5.82308
19	76	5.82308
9	46	5.82162
8	47	5.82162
33	72	5.81955
32	73	5.81955
19	50	5.8186
18	51	5.8186
5	46	5.81853
4	47	5.81853
14	59	-5.81404
15	58	-5.81404
70	75	5.8128
71	74	5.8128
60	65	5.81254
61	64	5.81254
41	66	5.81233
40	67	5.81233
9	76	5.80644
8	77	5.80644
2	51	5.79635
3	50	5.79635
38	55	5.79554
39	54	5.79554
2	77	5.79071
3	76	5.79071
30	67	5.79042
31	66	5.79042
21	26	5.78909
20	27	5.78909
8	45	5.78449
9	44	5.78449
15	66	-5.78288
14	67	-5.78288
29	48	5.78189
28	49	5.78189
46	95	5.77953
47	94	5.77953
29	94	5.77516
28	95	5.77516
78	89	5.77147
79	88	5.77147
13	48	5.76969
12	49	5.76969
37	42	-5.76535
36	43	-5.76535
41	82	5.76413
40	83	5.76413
36	39	5.76408
37	38	5.76408
12	47	5.76022
13	46	5.76022
23	68	5.75534
22	69	5.75534
9	28	5.75517
8	29	5.75517
41	52	5.75462
40	53	5.75462
23	94	5.74122
22	95	5.74122
30	59	5.73862
31	58	5.73862
1	72	-5.73324
0	73	-5.73324
68	71	5.72245
69	70	5.72245
32	81	5.72237
33	80	5.72237
41	58	5.72016
40	59	5.72016
20	57	5.71259
21	56	5.71259
43	86	-5.71128
42	87	-5.71128
9	34	-5.70865
8	35	-5.70865
33	52	5.70827
32	53	5.70827
27	98	5.70405
26	99	5.70405
4	9	5.70123
5	8	5.70123
7	38	5.69973
6	39	5.69973
40	87	5.69964
41	86	5.69964
25	32	5.69918
24	33	5.69918
31	86	5.69771
30	87	5.69771
82	89	5.69693
83	88	5.69693
13	94	5.69567
12	95	5.69567
35	46	-5.69407
34	47	-5.69407
8	51	5.69134
9	50	5.69134
69	94	5.67932
68	95	5.67932
8	49	5.67747
9	48	5.67747
23	48	5.6772
22	49	5.6772
66	81	5.67599
67	80	5.67599
29	54	-5.67283
28	55	-5.67283
43	58	-5.66764
42	59	-5.66764
35	54	5.66661
34	55	5.66661
33	78	5.66516
32	79	5.66516
29	46	5.66094
28	47	5.66094
47	76	5.65558
46	77	5.65558
54	87	5.65486
55	86	5.65486
63	92	5.64891
62	93	5.64891
36	69	-5.64634
37	68	-5.64634
13	64	5.64502
12	65	5.64502
16	23	5.64425
17	22	5.64425
36	87	5.63975
37	86	5.63975
72	83	5.63561
73	82	5.63561
1	96	5.63028
0	97	5.63028
47	90	5.62797
46	91	5.62797
19	64	5.62608
18	65	5.62608
52	67	5.62511
53	66	5.62511
22	75	5.61879
23	74	5.61879
79	96	-5.61852
78	97	-5.61852
39	40	5.61806
38	41	5.61806
37	66	5.61665
36	67	5.61665
25	88	5.61335
24	89	5.61335
34	37	5.61058
35	36	5.61058
55	58	5.60668
54	59	5.60668
8	61	5.60322
9	60	5.60322
58	81	5.60288
59	80	5.60288
43	66	-5.60092
42	67	-5.60092
37	58	5.59922
36	59	5.59922
8	19	5.59107
9	18	5.59107
48	65	5.58606
49	64	5.58606
81	88	5.5808
80	89	5.5808
73	80	5.57748
72	81	5.57748
3	64	5.57719
2	65	5.57719
30	33	5.57169
31	32	5.57169
64	91	5.56806
65	90	5.56806
29	42	5.56711
28	43	5.56711
52	59	5.56609
53	58	5.56609
41	72	5.56333
40	73	5.56333
80	87	5.55732
81	86	5.55732
46	51	5.55498
47	50	5.55498
54	67	5.55323
55	66	5.55323
37	94	-5.54934
36	95	-5.54934
34	43	-5.54911
35	42	-5.54911
31	38	5.54526
30	39	5.54526
63	98	5.54513
62	99	5.54513
28	37	-5.54446
29	36	-5.54446
53	88	5.54197
52	89	5.54197
4	37	-5.54017
5	36	-5.54017
70	95	5.53941
71	94	5.53941
5	22	5.52881
4	23	5.52881
2	9	5.52748
3	8	5.52748
67	82	5.52551
66	83	5.52551
9	94	5.5209
8	95	5.5209
52	87	5.51575
53	86	5.51575
40	79	5.51373
41	78	5.51373
12	77	5.50287
13	76	5.50287
17	68	5.50278
16	69	5.50278
5	68	5.49496
4	69	5.49496
5	54	-5.49331
4	55	-5.49331
5	64	5.49107
4	65	5.49107
49	68	5.48873
48	69	5.48873
45	46	5.48703
44	47	5.48703
24	57	5.48631
25	56	5.48631
13	44	5.48199
12	45	5.48199
53	72	5.47667
52	73	5.47667
78	83	5.47525
79	82	5.47525
22	47	5.46699
23	46	5.46699
73	96	-5.4659
72	97	-5.4659
15	34	-5.46533
14	35	-5.46533
48	71	5.45162
49	70	5.45162
13	54	-5.44786
12	55	-5.44786
14	29	5.4468
15	28	5.4468
0	89	-5.44581
1	88	-5.44581
57	88	5.44576
56	89	5.44576
58	83	5.4456
59	82	5.4456
33	40	5.44455
32	41	5.44455
3	84	5.44103
2	85	5.44103
78	81	5.4338
79	80	5.4338
56	63	5.43167
57	62	5.43167
40	97	-5.43061
41	96	-5.43061
68	75	5.43019
69	74	5.43019
28	65	5.42621
29	64	5.42621
6	15	-5.42399
7	14	-5.42399
24	83	5.42245
25	82	5.42245
31	72	5.42165
30	73	5.42165
20	93	5.41985
21	92	5.41985
31	88	5.40825
30	89	5.40825
35	64	-5.40484
34	65	-5.40484
14	41	-5.40473
15	40	-5.40473
49	90	5.4047
48	91	5.4047
47	60	5.40371
46	61	5.40371
37	40	5.39998
36	41	5.39998
51	90	5.39515
50	91	5.39515
39	80	5.39449
38	81	5.39449
83	86	5.39423
82	87	5.39423
6	33	5.39265
7	32	5.39265
61	84	5.38723
60	85	5.38723
77	90	5.38601
76	91	5.38601
35	68	-5.38174
34	69	-5.38174
18	85	5.37696
19	84	5.37696
54	95	-5.37361
55	94	-5.37361
10	63	5.37135
11	62	5.37135
64	95	5.36912
65	94	5.36912
11	20	5.36277
10	21	5.36277
37	48	-5.3578
36	49	-5.3578
40	89	5.35606
41	88	5.35606
4	43	5.35512
5	42	5.35512
12	51	5.34764
13	50	5.34764
12	43	5.33888
13	42	5.33888
39	52	5.33719
38	53	5.33719
24	53	5.33017
25	52	5.33017
69	96	5.32525
68	97	5.32525
32	57	5.32377
33	56	5.32377
49	76	5.32095
48	77	5.32095
53	78	5.31036
52	79	5.31036
22	35	-5.30893
23	34	-5.30893
5	14	5.30797
4	15	5.30797
5	70	5.29297
4	71	5.29297
22	91	5.28872
23	90	5.28872
31	78	5.28214
30	79	5.28214
12	37	-5.27521
13	36	-5.27521
6	73	5.27393
7	72	5.27393
0	33	-5.2632
1	32	-5.2632
13	18	5.26193
12	19	5.26193
28	69	5.25361
29	68	5.25361
60	91	5.25312
61	90	5.25312
21	98	5.25248
20	99	5.25248
48	55	-5.25227
49	54	-5.25227
24	81	5.24971
25	80	5.24971
15	30	-5.24365
14	31	-5.24365
4	77	5.2417
5	76	5.2417
15	94	5.23993
14	95	5.23993
28	77	5.23636
29	76	5.23636
14	69	5.23634
15	68	5.23634
13	60	5.23457
12	61	5.23457
6	37	5.23329
7	36	5.23329
50	85	5.22816
51	84	5.22816
91	94	5.22608
90	95	5.22608
24	73	5.2257
25	72	5.2257
42	95	5.22509
43	94	5.22509
47	70	5.22394
46	71	5.22394
6	89	5.22327
7	88	5.22327
39	82	5.21669
38	83	5.21669
9	90	5.21137
8	91	5.21137
26	57	5.21109
27	56	5.21109
18	47	5.2084
19	46	5.2084
28	45	5.20259
29	44	5.20259
7	42	-5.2025
6	43	-5.2025
55	68	-5.19913
54	69	-5.19913
11	24	5.19522
10	25	5.19522
2	13	5.18756
3	12	5.18756
35	76	-5.18699
34	77	-5.18699
48	51	5.18558
49	50	5.18558
44	85	5.18295
45	84	5.18295
23	28	5.17959
22	29	5.17959
11	56	5.17866
10	57	5.17866
22	37	-5.1776
23	36	-5.1776
12	15	5.1764
13	14	5.1764
45	48	5.16627
44	49	5.16627
4	91	5.16491
5	90	5.16491
35	38	5.1526
34	39	5.1526
7	78	5.15126
6	79	5.15126
3	46	5.1438
2	47	5.1438
4	45	5.13326
5	44	5.13326
6	55	5.13145
7	54	5.13145
34	45	-5.12696
35	44	-5.12696
40	43	-5.12673
41	42	-5.12673
29	38	-5.12637
28	39	-5.12637
1	40	-5.1244
0	41	-5.1244
70	91	5.12256
71	90	5.12256
57	72	5.11785
56	73	5.11785
44	91	5.11339
45	90	5.11339
40	55	5.11245
41	54	5.11245
46	69	5.111
47	68	5.111
43	48	5.10842
42	49	5.10842
12	23	5.10497
13	22	5.10497
24	31	5.1039
25	30	5.1039
39	68	-5.09149
38	69	-5.09149
77	84	5.09001
76	85	5.09001
5	50	5.08693
4	51	5.08693
17	96	5.08653
16	97	5.08653
77	94	5.08588
76	95	5.08588
14	81	-5.08556
15	80	-5.08556
30	37	5.08198
31	36	5.08198
15	48	5.07709
14	49	5.07709
35	70	-5.07086
34	71	-5.07086
29	50	5.06973
28	51	5.06973
16	95	5.06865
17	94	5.06865
36	97	-5.06404
37	96	-5.06404
9	54	-5.06133
8	55	-5.06133
43	68	5.06041
42	69	5.06041
40	69	-5.05402
41	68	-5.05402
12	69	5.05382
13	68	5.05382
89	96	-5.04962
88	97	-5.04962
80	97	-5.04579
81	96	-5.04579
36	71	-5.03514
37	70	-5.03514
66	73	5.03425
67	72	5.03425
12	91	5.02961
13	90	5.02961
24	79	5.02946
25	78	5.02946
49	60	5.02273
48	61	5.02273
75	94	5.02263
74	95	5.02263
35	50	-5.02194
34	51	-5.02194
15	52	-5.01391
14	53	-5.01391
32	67	5.01278
33	66	5.01278
66	69	-5.0125
67	68	-5.0125
74	97	5.00796
75	96	5.00796
30	43	-5.00455
31	42	-5.00455
4	39	-5.00389
5	38	-5.00389
57	78	5.0036
56	79	5.0036
83	96	-5.0011
82	97	-5.0011
22	65	5.00052
23	64	5.00052
1	82	-5.00002
0	83	-5.00002
8	23	4.99966
9	22	4.99966
36	47	-4.98455
37	46	-4.98455
20	25	4.98317
21	24	4.98317
47	54	-4.97908
46	55	-4.97908
66	97	-4.9788
67	96	-4.9788
68	87	-4.97811
69	86	-4.97811
32	97	-4.97799
33	96	-4.97799
19	28	4.97243
18	29	4.97243
67	78	4.97226
66	79	4.97226
39	94	-4.96946
38	95	-4.96946
0	81	-4.96655
1	80	-4.96655
31	96	-4.96519
30	97	-4.96519
37	80	4.9628
36	81	4.9628
34	91	-4.96168
35	90	-4.96168
17	48	4.95785
16	49	4.95785
8	43	4.95363
9	42	4.95363
34	87	4.95293
35	86	4.95293
58	69	-4.94688
59	68	-4.94688
44	95	4.9455
45	94	4.9455
28	61	4.94521
29	60	4.94521
29	70	4.94331
28	71	4.94331
50	95	4.94266
51	94	4.94266
30	55	4.93863
31	54	4.93863
11	26	4.93754
10	27	4.93754
4	61	4.93601
5	60	4.93601
32	85	-4.93023
33	84	-4.93023
49	74	4.92572
48	75	4.92572
28	87	-4.92406
29	86	-4.92406
7	96	-4.92037
6	97	-4.92037
59	72	4.91515
58	73	4.91515
32	59	4.91368
33	58	4.91368
7	24	4.91141
6	25	4.91141
29	90	4.91074
28	91	4.91074
1	56	-4.90361
0	57	-4.90361
14	83	-4.90014
15	82	-4.90014
3	28	4.89735
2	29	4.89735
84	89	-4.89491
85	88	-4.89491
34	59	4.8945
35	58	4.8945
53	96	-4.89356
52	97	-4.89356
83	84	-4.89043
82	85	-4.89043
18	49	4.88958
19	48	4.88958
35	60	-4.88748
34	61	-4.88748
8	37	-4.88646
9	36	-4.88646
18	35	-4.88388
19	34	-4.88388
72	87	4.87851
73	86	4.87851
71	96	4.87275
70	97	4.87275
67	88	4.87164
66	89	4.87164
18	91	4.87089
19	90	4.87089
13	70	4.8705
12	71	4.8705
5	18	4.86894
4	19	4.86894
38	97	-4.86498
39	96	-4.86498
29	58	-4.86462
28	59	-4.86462
50	57	-4.86277
51	56	-4.86277
32	87	4.86175
33	86	4.86175
34	67	4.86042
35	66	4.86042
36	53	4.85941
37	52	4.85941
86	97	-4.85887
87	96	-4.85887
3	24	-4.85802
2	25	-4.85802
59	96	-4.8577
58	97	-4.8577
57	76	-4.85753
56	77	-4.85753
56	61	-4.85544
57	60	-4.85544
43	46	4.85465
42	47	4.85465
59	78	4.85386
58	79	4.85386
13	38	-4.84504
12	39	-4.84504
80	85	-4.84259
81	84	-4.84259
0	53	-4.83882
1	52	-4.83882
2	91	4.83839
3	90	4.83839
19	24	-4.83831
18	25	-4.83831
53	84	-4.83671
52	85	-4.83671
43	80	-4.83547
42	81	-4.83547
4	17	4.83474
5	16	4.83474
0	31	-4.832
1	30	-4.832
73	84	-4.82943
72	85	-4.82943
79	86	4.82496
78	87	4.82496
2	49	4.82205
3	48	4.82205
23	54	-4.82103
22	55	-4.82103
29	66	-4.82072
28	67	-4.82072
45	56	-4.82045
44	57	-4.82045
4	87	-4.81674
5	86	-4.81674
57	64	-4.81466
56	65	-4.81466
14	97	4.8143
15	96	4.8143
3	34	-4.80995
2	35	-4.80995
85	98	-4.80347
84	99	-4.80347
87	94	-4.80172
86	95	-4.80172
65	84	4.80161
64	85	4.80161
8	21	-4.79762
9	20	-4.79762
3	4	4.79716
2	5	4.79716
38	49	-4.79564
39	48	-4.79564
5	74	4.79299
4	75	4.79299
24	41	4.79293
25	40	4.79293
14	23	4.78896
15	22	4.78896
37	82	4.78749
36	83	4.78749
26	49	-4.78562
27	48	-4.78562
60	95	4.78486
61	94	4.78486
9	68	4.78459
8	69	4.78459
57	82	4.7833
56	83	4.7833
43	52	-4.78093
42	53	-4.78093
55	80	4.77952
54	81	4.77952
8	71	4.77931
9	70	4.77931
21	64	-4.77805
20	65	-4.77805
65	70	4.77779
64	71	4.77779
9	14	4.77719
8	15	4.77719
27	94	-4.77626
26	95	-4.77626
13	62	-4.77282
12	63	-4.77282
20	47	-4.77048
21	46	-4.77048
31	84	-4.76988
30	85	-4.76988
5	62	-4.76976
4	63	-4.76976
58	89	4.76908
59	88	4.76908
15	46	4.76519
14	47	4.76519
35	62	4.76513
34	63	4.76513
5	26	-4.76457
4	27	-4.76457
4	59	-4.76351
5	58	-4.76351
25	84	-4.7629
24	85	-4.7629
39	72	4.75814
38	73	4.75814
28	63	-4.75767
29	62	-4.75767
13	20	-4.75689
12	21	-4.75689
59	94	-4.75477
58	95	-4.75477
22	97	4.75362
23	96	4.75362
8	63	-4.75084
9	62	-4.75084
66	95	-4.75083
67	94	-4.75083
27	46	-4.74524
26	47	-4.74524
79	84	-4.74483
78	85	-4.74483
18	57	-4.74293
19	56	-4.74293
4	67	-4.74242
5	66	-4.74242
6	69	-4.74096
7	68	-4.74096
16	47	4.73945
17	46	4.73945
10	99	4.73852
11	98	4.73852
20	77	-4.73774
21	76	-4.73774
1	6	-4.73771
0	7	-4.73771
48	63	-4.73243
49	62	-4.73243
92	95	-4.73103
93	94	-4.73103
11	92	4.7307
10	93	4.7307
47	74	4.7305
46	75	4.7305
25	62	4.73011
24	63	4.73011
2	57	-4.7296
3	56	-4.7296
39	78	4.72905
38	79	4.72905
16	37	-4.72615
17	36	-4.72615
23	76	4.72544
22	77	4.72544
24	45	-4.72507
25	44	-4.72507
46	63	-4.72285
47	62	-4.72285
86	89	4.72248
87	88	4.72248
57	92	4.72161
56	93	4.72161
4	21	-4.71651
5	20	-4.71651
20	89	4.71633
21	88	4.71633
9	56	-4.7149
8	57	-4.7149
53	54	4.71434
52	55	4.71434
21	48	-4.71404
20	49	-4.71404
0	25	-4.70117
1	24	-4.70117
62	95	-4.70094
63	94	-4.70094
21	50	-4.70036
20	51	-4.70036
24	61	-4.69936
25	60	-4.69936
33	38	4.69518
32	39	4.69518
21	28	-4.69348
20	29	-4.69348
27	34	4.69312
26	35	4.69312
40	85	-4.69304
41	84	-4.69304
20	35	4.69283
21	34	4.69283
60	89	-4.69134
61	88	-4.69134
48	93	-4.69062
49	92	-4.69062
22	43	4.69015
23	42	4.69015
5	92	-4.68908
4	93	-4.68908
20	45	-4.6884
21	44	-4.6884
19	94	4.68696
18	95	4.68696
36	99	4.68553
37	98	4.68553
74	91	4.68358
75	90	4.68358
68	93	-4.68357
69	92	-4.68357
63	64	-4.6813
62	65	-4.6813
6	85	-4.67652
7	84	-4.67652
68	91	4.67635
69	90	4.67635
17	34	-4.6692
16	35	-4.6692
55	64	-4.66865
54	65	-4.66865
30	69	-4.66656
31	68	-4.66656
20	61	-4.66425
21	60	-4.66425
43	82	-4.66009
42	83	-4.66009
16	91	4.65987
17	90	4.65987
95	98	-4.65892
94	99	-4.65892
2	33	-4.65767
3	32	-4.65767
37	74	-4.65568
36	75	-4.65568
55	96	-4.65421
54	97	-4.65421
0	67	-4.65248
1	66	-4.65248
12	87	-4.65234
13	86	-4.65234
10	13	-4.6495
11	12	-4.6495
3	88	-4.64902
2	89	-4.64902
26	29	-4.64638
27	28	-4.64638
4	99	-4.64603
5	98	-4.64603
14	71	4.64581
15	70	4.64581
54	71	-4.64427
55	70	-4.64427
21	94	-4.64235
20	95	-4.64235
23	38	-4.64192
22	39	-4.64192
68	99	-4.64005
69	98	-4.64005
10	19	-4.63791
11	18	-4.63791
8	11	-4.63764
9	10	-4.63764
33	60	-4.63665
32	61	-4.63665
53	56	4.63635
52	57	4.63635
13	26	-4.63495
12	27	-4.63495
62	77	-4.63456
63	76	-4.63456
46	57	-4.63445
47	56	-4.63445
49	86	-4.63285
48	87	-4.63285
27	64	-4.63165
26	65	-4.63165
22	51	4.62869
23	50	4.62869
34	75	-4.62605
35	74	-4.62605
18	33	-4.62571
19	32	-4.62571
2	11	-4.62466
3	10	-4.62466
34	93	4.62407
35	92	4.62407
19	88	-4.62338
18	89	-4.62338
3	94	4.62295
2	95	4.62295
57	80	4.62206
56	81	4.62206
24	51	-4.61996
25	50	-4.61996
35	98	4.61923
34	99	4.61923
50	89	-4.61663
51	88	-4.61663
21	32	4.61593
20	33	4.61593
68	81	-4.61489
69	80	-4.61489
43	96	4.61464
42	97	4.61464
84	93	-4.61423
85	92	-4.61423
8	27	-4.61193
9	26	-4.61193
64	69	4.61127
65	68	4.61127
37	92	4.6099
36	93	4.6099
49	98	-4.60804
48	99	-4.60804
54	83	4.60624
55	82	4.60624
25	76	-4.60392
24	77	-4.60392
11	44	-4.60245
10	45	-4.60245
47	92	-4.60062
46	93	-4.60062
44	63	-4.59893
45	62	-4.59893
36	79	4.59785
37	78	4.59785
13	58	-4.59761
12	59	-4.59761
50	63	-4.59346
51	62	-4.59346
49	58	-4.58807
48	59	-4.58807
10	29	-4.58471
11	28	-4.58471
22	45	4.58439
23	44	4.58439
17	28	4.58328
16	29	4.58328
22	27	-4.58307
23	26	-4.58307
57	84	-4.58014
56	85	-4.58014
69	78	-4.57974
68	79	-4.57974
22	93	-4.5761
23	92	-4.5761
39	88	4.57494
38	89	4.57494
43	64	4.57472
42	65	4.57472
19	20	-4.57378
18	21	-4.57378
1	58	-4.57241
0	59	-4.57241
94	97	4.57132
95	96	4.57132
49	66	-4.5705
48	67	-4.5705
29	98	-4.57037
28	99	-4.57037
37	72	4.5679
36	73	4.5679
37	64	-4.56569
36	65	-4.56569
24	75	-4.56561
25	74	-4.56561
60	63	-4.56539
61	62	-4.56539
28	93	-4.56362
29	92	-4.56362
45	88	-4.56229
44	89	-4.56229
22	87	-4.56044
23	86	-4.56044
23	66	-4.55848
22	67	-4.55848
0	87	-4.55837
1	86	-4.55837
9	84	4.55342
8	85	4.55342
27	68	-4.55325
26	69	-4.55325
13	66	-4.55235
12	67	-4.55235
11	88	4.55104
10	89	4.55104
2	21	-4.55061
3	20	-4.55061
32	51	-4.54849
33	50	-4.54849
13	16	4.54771
12	17	4.54771
41	94	-4.54669
40	95	-4.54669
70	77	4.54656
71	76	4.54656
39	70	-4.54555
38	71	-4.54555
29	74	4.5454
28	75	4.5454
27	76	-4.54321
26	77	-4.54321
34	41	4.54138
35	40	4.54138
23	58	-4.5405
22	59	-4.5405
11	32	4.54032
10	33	4.54032
12	57	-4.53957
13	56	-4.53957
76	89	-4.53935
77	88	-4.53935
57	98	4.53933
56	99	4.53933
15	78	-4.53818
14	79	-4.53818
14	73	-4.53631
15	72	-4.53631
52	69	-4.53026
53	68	-4.53026
33	44	-4.52987
32	45	-4.52987
3	74	4.52912
2	75	4.52912
43	70	4.52736
42	71	4.52736
13	74	4.52588
12	75	4.52588
27	50	-4.52325
26	51	-4.52325
17	24	-4.5224
16	25	-4.5224
46	99	-4.51984
47	98	-4.51984
18	75	4.51833
19	74	4.51833
1	84	4.51657
0	85	4.51657
61	72	-4.51515
60	73	-4.51515
11	34	4.51388
10	35	4.51388
14	99	-4.51384
15	98	-4.51384
67	70	-4.51344
66	71	-4.51344
40	71	-4.5121
41	70	-4.5121
62	85	-4.51201
63	84	-4.51201
12	93	-4.51105
13	92	-4.51105
13	98	-4.50916
12	99	-4.50916
1	38	-4.50866
0	39	-4.50866
84	91	4.50634
85	90	4.50634
54	99	4.50555
55	98	4.50555
16	41	-4.50336
17	40	-4.50336
69	82	-4.50271
68	83	-4.50271
39	46	-4.50134
38	47	-4.50134
18	63	-4.50081
19	62	-4.50081
9	74	4.50067
8	75	4.50067
9	16	4.49992
8	17	4.49992
23	60	4.49795
22	61	4.49795
0	69	4.49658
1	68	4.49658
24	67	4.49555
25	66	4.49555
71	86	-4.49456
70	87	-4.49456
54	77	-4.49402
55	76	-4.49402
64	93	-4.49205
65	92	-4.49205
23	40	-4.49193
22	41	-4.49193
61	98	-4.49141
60	99	-4.49141
68	73	-4.49062
69	72	-4.49062
26	37	4.48442
27	36	4.48442
58	71	-4.48406
59	70	-4.48406
44	55	-4.48366
45	54	-4.48366
5	40	-4.48205
4	41	-4.48205
29	40	-4.48188
28	41	-4.48188
3	62	-4.48187
2	63	-4.48187
50	99	-4.47863
51	98	-4.47863
8	39	-4.47814
9	38	-4.47814
27	60	-4.47764
26	61	-4.47764
32	77	-4.47675
33	76	-4.47675
3	16	4.47653
2	17	4.47653
55	62	4.47455
54	63	4.47455
71	92	-4.47295
70	93	-4.47295
11	76	-4.47205
10	77	-4.47205
17	18	4.46894
16	19	4.46894
31	56	4.4685
30	57	4.4685
65	98	-4.46732
64	99	-4.46732
25	96	-4.46663
24	97	-4.46663
21	84	-4.46626
20	85	-4.46626
36	63	4.46503
37	62	4.46503
51	70	4.46466
50	71	4.46466
9	92	-4.46353
8	93	-4.46353
40	75	-4.46321
41	74	-4.46321
52	75	-4.46188
53	74	-4.46188
66	85	-4.46102
67	84	-4.46102
25	26	4.46096
24	27	4.46096
76	99	-4.4594
77	98	-4.4594
9	98	-4.45921
8	99	-4.45921
55	90	-4.45686
54	91	-4.45686
45	70	4.4564
44	71	4.4564
26	91	-4.45564
27	90	-4.45564
7	34	4.45511
6	35	4.45511
27	70	-4.45481
26	71	-4.45481
56	91	-4.45356
57	90	-4.45356
26	85	-4.45299
27	84	-4.45299
11	74	-4.45226
10	75	-4.45226
49	56	-4.45013
48	57	-4.45013
25	64	-4.44985
24	65	-4.44985
64	75	4.44762
65	74	4.44762
26	45	-4.44747
27	44	-4.44747
51	72	-4.44653
50	73	-4.44653
61	78	-4.44602
60	79	-4.44602
50	93	-4.44438
51	92	-4.44438
17	52	-4.44358
16	53	-4.44358
22	99	-4.44275
23	98	-4.44275
25	58	4.43957
24	59	4.43957
11	16	-4.43785
10	17	-4.43785
14	65	4.43778
15	64	4.43778
76	93	-4.43686
77	92	-4.43686
11	60	-4.43376
10	61	-4.43376
16	65	4.43334
17	64	4.43334
14	33	-4.43242
15	32	-4.43242
5	96	4.43133
4	97	4.43133
42	91	4.43109
43	90	4.43109
3	72	-4.43062
2	73	-4.43062
43	98	-4.43048
42	99	-4.43048
6	71	-4.43025
7	70	-4.43025
63	88	4.42899
62	89	4.42899
37	90	-4.4286
36	91	-4.4286
18	23	4.42856
19	22	4.42856
60	93	-4.4279
61	92	-4.4279
8	25	-4.42711
9	24	-4.42711
38	99	4.42678
39	98	4.42678
44	75	4.42666
45	74	4.42666
75	82	-4.42475
74	83	-4.42475
1	36	-4.42467
0	37	-4.42467
2	83	-4.42402
3	82	-4.42402
20	73	4.4229
21	72	4.4229
34	97	-4.42047
35	96	-4.42047
1	16	4.42032
0	17	4.42032
55	92	4.41997
54	93	4.41997
30	75	-4.41915
31	74	-4.41915
6	29	-4.41813
7	28	-4.41813
43	76	4.417
42	77	4.417
75	80	-4.41686
74	81	-4.41686
7	94	-4.41595
6	95	-4.41595
45	98	-4.41592
44	99	-4.41592
84	97	4.41579
85	96	4.41579
11	64	-4.4153
10	65	-4.4153
16	31	-4.41369
17	30	-4.41369
5	10	-4.4128
4	11	-4.4128
17	82	-4.41235
16	83	-4.41235
17	80	-4.4123
16	81	-4.4123
43	44	4.41146
42	45	4.41146
21	90	-4.4095
20	91	-4.4095
10	51	-4.40928
11	50	-4.40928
5	56	-4.40907
4	57	-4.40907
15	92	-4.40727
14	93	-4.40727
6	23	-4.40684
7	22	-4.40684
59	84	-4.40596
58	85	-4.40596
19	72	-4.4038
18	73	-4.4038
43	62	-4.40279
42	63	-4.40279
29	56	-4.39898
28	57	-4.39898
2	23	4.39657
3	22	4.39657
31	70	-4.39637
30	71	-4.39637
1	10	-4.39601
0	11	-4.39601
0	15	4.39456
1	14	4.39456
24	87	4.39329
25	86	4.39329
6	75	-4.39221
7	74	-4.39221
7	16	-4.3915
6	17	-4.3915
2	99	-4.39136
3	98	-4.39136
16	45	4.39121
17	44	4.39121
10	55	4.38966
11	54	4.38966
65	88	-4.38714
64	89	-4.38714
50	79	-4.38705
51	78	-4.38705
33	36	4.38687
32	37	4.38687
23	62	-4.38422
22	63	-4.38422
63	68	-4.38412
62	69	-4.38412
18	99	-4.38348
19	98	-4.38348
18	83	-4.38301
19	82	-4.38301
27	54	4.38249
26	55	4.38249
15	16	4.37823
14	17	4.37823
1	60	4.37814
0	61	4.37814
4	7	-4.37777
5	6	-4.37777
18	71	4.37762
19	70	4.37762
34	57	4.37724
35	56	4.37724
17	78	-4.3769
16	79	-4.3769
84	87	-4.37564
85	86	-4.37564
69	76	4.37478
68	77	4.37478
10	43	-4.37431
11	42	-4.37431
49	96	4.37422
48	97	4.37422
0	75	4.37333
1	74	4.37333
52	71	-4.36965
53	70	-4.36965
61	70	4.36838
60	71	4.36838
16	67	-4.36688
17	66	-4.36688
46	87	-4.36597
47	86	-4.36597
75	76	4.36594
74	77	4.36594
51	54	-4.36579
50	55	-4.36579
67	98	4.36554
66	99	4.36554
14	63	-4.36546
15	62	-4.36546
37	76	-4.36396
36	77	-4.36396
16	55	-4.36128
17	54	-4.36128
14	91	4.36117
15	90	4.36117
2	71	4.36099
3	70	4.36099
40	57	4.3596
41	56	4.3596
47	84	4.35958
46	85	4.35958
87	98	4.35874
86	99	4.35874
45	92	-4.35767
44	93	-4.35767
90	93	-4.35753
91	92	-4.35753
40	49	-4.3575
41	48	-4.3575
28	97	4.3568
29	96	4.3568
72	77	-4.35661
73	76	-4.35661
20	23	-4.35625
21	22	-4.35625
2	53	-4.35549
3	52	-4.35549
33	62	4.35485
32	63	4.35485
45	72	-4.35258
44	73	-4.35258
61	82	-4.3502
60	83	-4.3502
42	79	-4.34967
43	78	-4.34967
21	78	4.34881
20	79	4.34881
22	31	-4.34809
23	30	-4.34809
70	81	-4.34786
71	80	-4.34786
0	51	4.34544
1	50	4.34544
15	88	-4.34379
14	89	-4.34379
70	99	-4.34252
71	98	-4.34252
2	79	-4.34213
3	78	-4.34213
67	74	-4.34034
66	75	-4.34034
43	92	-4.33958
42	93	-4.33958
59	98	4.33931
58	99	4.33931
0	21	-4.33905
1	20	-4.33905
17	76	4.33902
16	77	4.33902
10	85	-4.33768
11	84	-4.33768
74	79	-4.33636
75	78	-4.33636
11	46	-4.33634
10	47	-4.33634
43	72	-4.3349
42	73	-4.3349
21	54	4.33393
20	55	4.33393
55	78	4.33268
54	79	4.33268
40	99	4.33264
41	98	4.33264
18	55	-4.33225
19	54	-4.33225
74	85	4.33097
75	84	4.33097
17	38	-4.33094
16	39	-4.33094
47	58	-4.33018
46	59	-4.33018
14	75	4.32973
15	74	4.32973
18	27	-4.32958
19	26	-4.32958
57	94	-4.32909
56	95	-4.32909
36	89	4.32558
37	88	4.32558
8	87	-4.32447
9	86	-4.32447
3	80	-4.32407
2	81	-4.32407
7	56	4.32262
6	57	4.32262
31	34	4.32057
30	35	4.32057
36	45	-4.31966
37	44	-4.31966
11	48	-4.31889
10	49	-4.31889
19	78	-4.31877
18	79	-4.31877
16	59	-4.3183
17	58	-4.3183
15	26	-4.31702
14	27	-4.31702
62	91	-4.31698
63	90	-4.31698
16	87	-4.3169
17	86	-4.3169
32	65	-4.31648
33	64	-4.31648
55	72	4.31526
54	73	4.31526
19	52	-4.3146
18	53	-4.3146
2	27	-4.31408
3	26	-4.31408
54	75	-4.31327
55	74	-4.31327
1	42	4.31312
0	43	4.31312
51	74	4.31083
50	75	4.31083
11	72	4.30791
10	73	4.30791
17	72	-4.30691
16	73	-4.30691
30	95	-4.30662
31	94	-4.30662
39	92	4.3064
38	93	4.3064
21	36	4.30574
20	37	4.30574
70	83	-4.30561
71	82	-4.30561
61	74	4.30498
60	75	4.30498
26	43	-4.30497
27	42	-4.30497
43	50	4.30233
42	51	4.30233
32	75	-4.30148
33	74	-4.30148
47	66	-4.2998
46	67	-4.2998
59	74	-4.29718
58	75	-4.29718
77	78	-4.29697
76	79	-4.29697
44	69	4.29689
45	68	4.29689
39	74	-4.2952
38	75	-4.2952
23	52	-4.29458
22	53	-4.29458
75	86	-4.29242
74	87	-4.29242
38	91	-4.29079
39	90	-4.29079
11	94	-4.28854
10	95	-4.28854
17	32	-4.28847
16	33	-4.28847
56	97	-4.28835
57	96	-4.28835
19	92	-4.28576
18	93	-4.28576
23	80	-4.28554
22	81	-4.28554
29	30	-4.28526
28	31	-4.28526
18	81	-4.28497
19	80	-4.28497
2	93	-4.28434
3	92	-4.28434
96	99	-4.28411
97	98	-4.28411
8	59	-4.28356
9	58	-4.28356
17	84	4.28313
16	85	4.28313
11	78	4.2825
10	79	4.2825
3	54	-4.28203
2	55	-4.28203
55	60	-4.28059
54	61	-4.28059
17	50	4.28022
16	51	4.28022
45	78	-4.2799
44	79	-4.2799
72	75	-4.27955
73	74	-4.27955
39	84	-4.27904
38	85	-4.27904
14	77	4.27835
15	76	4.27835
0	55	-4.27791
1	54	-4.27791
18	43	4.2774
19	42	4.2774
86	91	-4.27532
87	90	-4.27532
51	68	4.27529
50	69	4.27529
17	42	4.27435
16	43	4.27435
6	49	-4.27389
7	48	-4.27389
21	68	-4.2732
20	69	-4.2732
58	91	-4.2716
59	90	-4.2716
20	43	-4.26967
21	42	-4.26967
53	60	-4.26964
52	61	-4.26964
26	89	4.26948
27	88	4.26948
16	61	4.26797
17	60	4.26797
10	97	-4.26542
11	96	-4.26542
13	40	-4.26496
12	41	-4.26496
24	71	-4.26347
25	70	-4.26347
0	77	4.26292
1	76	4.26292
51	82	-4.2615
50	83	-4.2615
5	30	-4.26117
4	31	-4.26117
14	45	4.26112
15	44	4.26112
17	92	-4.26049
16	93	-4.26049
61	80	-4.25919
60	81	-4.25919
91	98	-4.25852
90	99	-4.25852
44	83	-4.2579
45	82	-4.2579
24	39	4.25708
25	38	4.25708
62	71	-4.25671
63	70	-4.25671
37	50	-4.25262
36	51	-4.25262
13	84	4.2521
12	85	4.2521
32	69	-4.25121
33	68	-4.25121
32	43	-4.25093
33	42	-4.25093
1	2	4.25061
0	3	4.25061
13	24	-4.24989
12	25	-4.24989
9	66	-4.24844
8	67	-4.24844
66	93	4.23953
67	92	4.23953
0	19	4.23926
1	18	4.23926
3	30	-4.2392
2	31	-4.2392
87	92	4.23902
86	93	4.23902
10	15	-4.23783
11	14	-4.23783
92	97	-4.2362
93	96	-4.2362
8	89	-4.23515
9	88	-4.23515
10	83	4.23379
11	82	4.23379
43	74	4.23333
42	75	4.23333
20	71	-4.23192
21	70	-4.23192
2	43	4.23189
3	42	4.23189
64	73	-4.22998
65	72	-4.22998
35	80	4.22877
34	81	4.22877
1	44	4.22852
0	45	4.22852
23	82	-4.22839
22	83	-4.22839
80	95	-4.22705
81	94	-4.22705
25	46	-4.22607
24	47	-4.22607
43	60	4.22587
42	61	4.22587
75	92	-4.22446
74	93	-4.22446
69	88	-4.22401
68	89	-4.22401
20	83	4.22235
21	82	4.22235
32	55	4.22151
33	54	4.22151
59	92	4.2208
58	93	4.2208
39	64	-4.22061
38	65	-4.22061
7	12	-4.21913
6	13	-4.21913
14	21	-4.21823
15	20	-4.21823
38	63	4.21666
39	62	4.21666
75	88	-4.21539
74	89	-4.21539
17	88	-4.21226
16	89	-4.21226
70	79	-4.21139
71	78	-4.21139
16	27	-4.21119
17	26	-4.21119
67	90	-4.21096
66	91	-4.21096
0	91	4.20639
1	90	4.20639
40	93	4.20581
41	92	4.20581
12	97	4.20341
13	96	4.20341
18	31	-4.20307
19	30	-4.20307
7	98	4.20245
6	99	4.20245
0	71	4.20239
1	70	4.20239
62	73	4.20139
63	72	4.20139
10	37	4.19974
11	36	4.19974
77	82	-4.19848
76	83	-4.19848
26	33	4.19799
27	32	4.19799
28	81	-4.19636
29	80	-4.19636
6	91	-4.19578
7	90	-4.19578
9	32	-4.19524
8	33	-4.19524
11	70	-4.19398
10	71	-4.19398
26	39	4.1938
27	38	4.1938
45	52	-4.18999
44	53	-4.18999
51	52	-4.1897
50	53	-4.1897
25	92	4.18816
24	93	4.18816
27	74	-4.18794
26	75	-4.18794
53	94	-4.18744
52	95	-4.18744
65	78	-4.18738
64	79	-4.18738
60	69	4.18307
61	68	4.18307
42	89	-4.18231
43	88	-4.18231
5	80	-4.18176
4	81	-4.18176
15	50	4.18152
14	51	4.18152
10	53	4.1809
11	52	4.1809
0	65	4.18069
1	64	4.18069
31	48	-4.17986
30	49	-4.17986
51	80	-4.17981
50	81	-4.17981
35	52	4.17977
34	53	4.17977
88	91	-4.17925
89	90	-4.17925
18	37	-4.17869
19	36	-4.17869
18	69	4.17666
19	68	4.17666
31	60	-4.17429
30	61	-4.17429
37	60	-4.1725
36	61	-4.1725
45	80	-4.17196
44	81	-4.17196
17	98	-4.16457
16	99	-4.16457
11	68	-4.16084
10	69	-4.16084
25	90	-4.16036
24	91	-4.16036
54	89	4.16022
55	88	4.16022
53	90	-4.15997
52	91	-4.15997
23	24	-4.15878
22	25	-4.15878
71	72	-4.15847
70	73	-4.15847
31	98	4.15643
30	99	4.15643
1	62	-4.15426
0	63	-4.15426
31	90	-4.15287
30	91	-4.15287
29	52	-4.15237
28	53	-4.15237
62	79	4.15093
63	78	4.15093
22	79	-4.15073
23	78	-4.15073
20	53	4.14966
21	52	4.14966
15	18	4.14887
14	19	4.14887
3	6	-4.14839
2	7	-4.14839
11	22	-4.1481
10	23	-4.1481
3	68	4.14806
2	69	4.14806
22	57	-4.14716
23	56	-4.14716
2	37	-4.14154
3	36	-4.14154
4	53	-4.14061
5	52	-4.14061
47	88	-4.13944
46	89	-4.13944
83	94	-4.1388
82	95	-4.1388
11	80	4.13788
10	81	4.13788
62	87	4.13712
63	86	4.13712
53	76	-4.13503
52	77	-4.13503
15	84	4.13492
14	85	4.13492
34	83	4.13304
35	82	4.13304
21	80	4.13261
20	81	4.13261
32	91	-4.13208
33	90	-4.13208
74	99	-4.13059
75	98	-4.13059
47	96	4.1299
46	97	4.1299
1	22	4.12955
0	23	4.12955
2	41	-4.12955
3	40	-4.12955
81	98	4.12713
80	99	4.12713
26	87	4.12702
27	86	4.12702
64	87	-4.12627
65	86	-4.12627
24	29	-4.12548
25	28	-4.12548
48	85	4.1243
49	84	4.1243
13	30	-4.1241
12	31	-4.1241
78	91	-4.12373
79	90	-4.12373
76	81	-4.12363
77	80	-4.12363
33	70	-4.12333
32	71	-4.12333
73	90	-4.12327
72	91	-4.12327
40	47	-4.12221
41	46	-4.12221
26	73	4.1192
27	72	4.1192
6	19	-4.1186
7	18	-4.1186
15	60	4.11853
14	61	4.11853
59	62	4.11651
58	63	4.11651
3	14	4.11607
2	15	4.11607
41	60	-4.11598
40	61	-4.11598
11	38	4.11563
10	39	4.11563
49	80	-4.114
48	81	-4.114
37	84	-4.11348
36	85	-4.11348
70	85	4.11013
71	84	4.11013
26	59	4.10998
27	58	4.10998
1	26	-4.10937
0	27	-4.10937
27	66	4.10912
26	67	4.10912
28	83	-4.10894
29	82	-4.10894
63	66	4.10888
62	67	4.10888
31	50	-4.10843
30	51	-4.10843
25	98	4.10706
24	99	4.10706
56	67	4.10541
57	66	4.10541
23	72	-4.1053
22	73	-4.1053
83	90	-4.10527
82	91	-4.10527
38	77	-4.1049
39	76	-4.1049
24	49	-4.10472
25	48	-4.10472
81	90	-4.10417
80	91	-4.10417
18	41	-4.10411
19	40	-4.10411
78	95	-4.1038
79	94	-4.1038
58	65	-4.10349
59	64	-4.10349
31	44	-4.10222
30	45	-4.10222
6	93	4.10204
7	92	4.10204
29	84	4.10133
28	85	4.10133
4	83	-4.09905
5	82	-4.09905
7	46	-4.09848
6	47	-4.09848
6	61	-4.09639
7	60	-4.09639
15	24	-4.09519
14	25	-4.09519
27	78	4.09503
26	79	4.09503
20	39	4.09408
21	38	4.09408
48	53	-4.0928
49	52	-4.0928
39	44	-4.09215
38	45	-4.09215
16	63	-4.09141
17	62	-4.09141
25	68	-4.0911
24	69	-4.0911
25	34	4.09062
24	35	4.09062
33	46	-4.08955
32	47	-4.08955
9	72	-4.08655
8	73	-4.08655
53	98	4.08642
52	99	4.08642
5	24	-4.08585
4	25	-4.08585
5	84	4.0857
4	85	4.0857
63	82	4.08394
62	83	4.08394
65	82	-4.08294
64	83	-4.08294
11	30	4.08126
10	31	4.08126
3	96	4.0811
2	97	4.0811
62	75	-4.08024
63	74	-4.08024
12	89	-4.07965
13	88	-4.07965
17	20	-4.07963
16	21	-4.07963
65	66	-4.07856
64	67	-4.07856
78	99	4.07806
79	98	4.07806
73	94	-4.07769
72	95	-4.07769
83	98	4.07661
82	99	4.07661
21	74	-4.07632
20	75	-4.07632
57	70	-4.07555
56	71	-4.07555
8	41	-4.07541
9	40	-4.07541
35	84	-4.07534
34	85	-4.07534
56	59	4.07414
57	58	4.07414
61	96	4.07057
60	97	4.07057
13	80	-4.06979
12	81	-4.06979
21	30	4.06892
20	31	4.06892
18	97	4.06845
19	96	4.06845
27	96	-4.0676
26	97	-4.0676
73	98	4.06707
72	99	4.06707
31	92	4.06618
30	93	4.06618
41	50	-4.06573
40	51	-4.06573
71	88	-4.0657
70	89	-4.0657
54	57	4.0648
55	56	4.0648
30	77	-4.06382
31	76	-4.06382
34	79	4.06233
35	78	4.06233
11	86	4.06147
10	87	4.06147
12	33	-4.05916
13	32	-4.05916
9	96	4.05902
8	97	4.05902
23	84	4.05871
22	85	4.05871
5	78	-4.05808
4	79	-4.05808
56	87	4.05759
57	86	4.05759
56	75	-4.05735
57	74	-4.05735
23	32	-4.05696
22	33	-4.05696
1	8	4.05642
0	9	4.05642
89	92	4.0559
88	93	4.0559
49	82	-4.05391
48	83	-4.05391
1	94	4.05388
0	95	4.05388
24	37	4.0535
25	36	4.0535
26	41	4.05316
27	40	4.05316
46	73	-4.05236
47	72	-4.05236
9	78	-4.05142
8	79	-4.05142
35	72	4.05091
34	73	4.05091
39	50	-4.05041
38	51	-4.05041
25	94	-4.05009
24	95	-4.05009
69	84	4.04902
68	85	4.04902
41	44	-4.04899
40	45	-4.04899
7	50	-4.04896
6	51	-4.04896
10	59	4.04863
11	58	4.04863
43	84	4.04745
42	85	4.04745
7	8	-4.04725
6	9	-4.04725
4	73	-4.04591
5	72	-4.04591
17	56	-4.04544
16	57	-4.04544
52	65	-4.04528
53	64	-4.04528
52	63	4.04507
53	62	4.04507
13	52	-4.04476
12	53	-4.04476
81	92	4.04386
80	93	4.04386
78	93	4.04383
79	92	4.04383
41	62	4.04312
40	63	4.04312
30	47	-4.04298
31	46	-4.04298
6	45	-4.0426
7	44	-4.0426
36	57	4.04247
37	56	4.04247
21	86	4.04127
20	87	4.04127
77	86	-4.04096
76	87	-4.04096
85	94	4.04041
84	95	4.04041
62	81	4.03948
63	80	4.03948
28	79	-4.03943
29	78	-4.03943
51	96	4.03909
50	97	4.03909
21	40	4.03881
20	41	4.03881
0	35	-4.03858
1	34	-4.03858
24	43	-4.03818
25	42	-4.03818
0	29	4.0381
1	28	4.0381
43	56	-4.03804
42	57	-4.03804
47	78	-4.03796
46	79	-4.03796
55	84	-4.03762
54	85	-4.03762
88	99	4.03714
89	98	4.03714
18	39	-4.03668
19	38	-4.03668
48	79	-4.03661
49	78	-4.03661
0	47	4.0365
1	46	4.0365
72	93	4.03579
73	92	4.03579
64	81	-4.03553
65	80	-4.03553
6	11	4.03445
7	10	4.03445
57	68	-4.03411
56	69	-4.03411
41	90	-4.03382
40	91	-4.03382
41	76	-4.03321
40	77	-4.03321
44	87	-4.03249
45	86	-4.03249
28	73	-4.03145
29	72	-4.03145
21	58	4.02982
20	59	4.02982
0	99	-4.029
1	98	-4.029
10	67	4.02854
11	66	4.02854
48	89	-4.02832
49	88	-4.02832
10	91	-4.0281
11	90	-4.0281
33	92	4.0278
32	93	4.0278
12	83	-4.0277
13	82	-4.0277
58	77	-4.02768
59	76	-4.02768
9	82	-4.02758
8	83	-4.02758
48	73	-4.02692
49	72	-4.02692
20	67	4.0267
21	66	4.0267
1	92	-4.02616
0	93	-4.02616
24	55	4.02611
25	54	4.02611
3	66	-4.02598
2	67	-4.02598
32	99	4.02567
33	98	4.02567
28	89	-4.02526
29	88	-4.02526
3	38	-4.02459
2	39	-4.02459
45	96	4.02443
44	97	4.02443
91	96	4.02403
90	97	4.02403
7	20	4.02377
6	21	4.02377
52	93	4.02375
53	92	4.02375
4	89	-4.02308
5	88	-4.02308
35	88	4.02291
34	89	4.02291
28	33	-4.022
29	32	-4.022
0	5	4.02147
1	4	4.02147
33	34	4.02122
32	35	4.02122
22	89	-4.02116
23	88	-4.02116
45	58	-4.02097
44	59	-4.02097
27	82	4.0204
26	83	4.0204
38	57	4.02008
39	56	4.02008
39	60	-4.01955
38	61	-4.01955
6	77	-4.01919
7	76	-4.01919
1	12	4.01891
0	13	4.01891
19	66	-4.01803
18	67	-4.01803
30	63	4.01667
31	62	4.01667
66	77	-4.01619
67	76	-4.01619
6	63	4.01561
7	62	4.01561
44	67	-4.01539
45	66	-4.01539
82	93	4.0152
83	92	4.0152
6	27	4.01516
7	26	4.01516
2	59	-4.01504
3	58	-4.01504
15	56	-4.01495
14	57	-4.01495
10	41	4.01433
11	40	4.01433
21	96	-4.01422
20	97	-4.01422
46	53	-4.01382
47	52	-4.01382
89	94	-4.01361
88	95	-4.01361
9	30	-4.01329
8	31	-4.01329
4	33	-4.01256
5	32	-4.01256
2	87	-4.01241
3	86	-4.01241
19	86	-4.01223
18	87	-4.01223
40	65	-4.01184
41	64	-4.01184
50	87	-4.01181
51	86	-4.01181
47	80	-4.01141
46	81	-4.01141
19	58	-4.01128
18	59	-4.01128
13	72	-4.01115
12	73	-4.01115
76	97	4.01098
77	96	4.01098
32	95	-4.01096
33	94	-4.01096
9	80	-4.01058
8	81	-4.01058
0	49	4.00888
1	48	4.00888
31	64	-4.00862
30	65	-4.00862
32	49	-4.00801
33	48	-4.00801
9	52	-4.00766
8	53	-4.00766
62	97	-4.00765
63	96	-4.00765
26	53	4.00744
27	52	4.00744
61	66	-4.00601
60	67	-4.00601
51	58	-4.00575
50	59	-4.00575
64	97	4.00301
65	96	4.00301
13	78	-4.0025
12	79	-4.0025
6	65	-4.00239
7	64	-4.00239
27	80	4.00233
26	81	4.00233
26	31	4.00124
27	30	4.00124
46	83	-4.00104
47	82	-4.00104
50	67	-4.00102
51	66	-4.00102
61	86	-4.00048
60	87	-4.00048
59	60	-4.00034
58	61	-4.00034
58	86	2.99901
2	18	2.99846
16	74	2.99767
58	66	2.99444
28	34	-2.99421
42	54	-2.99262
50	76	2.99221
66	86	2.99208
52	80	2.99203
50	60	2.99139
80	82	2.99087
30	80	2.98928
52	82	2.98909
38	86	2.98881
6	30	2.98876
72	78	2.98584
30	52	2.98579
32	88	2.98409
48	94	2.98391
38	58	2.98125
4	34	-2.98079
22	70	2.97917
4	48	2.97897
4	94	2.97879
12	28	2.97724
44	76	2.97658
60	76	2.97531
14	42	2.97504
14	54	-2.97466
18	44	2.97425
64	76	2.97408
92	98	2.97219
38	66	2.97123
14	38	-2.97037
20	62	2.9688
44	60	2.96861
30	82	2.96434
44	50	2.96431
2	44	2.96229
12	34	-2.96071
4	28	2.95915
6	80	2.95775
8	12	2.95712
46	48	2.95589
6	52	2.95285
50	64	2.95076
6	66	2.94622
72	88	2.94534
14	36	-2.94214
26	62	2.94111
18	60	2.9411
8	64	2.93746
2	60	2.93595
4	12	2.93404
26	92	2.93251
0	78	-2.93048
6	58	2.93045
46	64	2.92868
34	94	-2.92848
40	80	2.92563
30	40	2.92557
14	86	-2.92437
34	48	-2.92308
6	40	2.9221
36	54	2.91943
44	64	2.91781
38	42	-2.91608
16	70	2.91518
6	82	2.91508
32	82	2.91505
6	86	2.9143
18	76	2.91154
8	46	2.91081
32	72	2.90977
18	50	2.9093
4	46	2.90926
14	58	-2.90702
70	74	2.9064
60	64	2.90627
40	66	2.90617
8	76	2.90322
2	50	2.89817
38	54	2.89777
2	76	2.89536
30	66	2.89521
20	26	2.89455
8	44	2.89224
14	66	-2.89144
28	48	2.89095
46	94	2.88976
28	94	2.88758
78	88	2.88573
12	48	2.88484
36	42	-2.88267
40	82	2.88207
36	38	2.88204
12	46	2.88011
22	68	2.87767
8	28	2.87758
40	52	2.87731
22	94	2.87061
30	58	2.86931
0	72	-2.86662
68	70	2.86123
32	80	2.86118
40	58	2.86008
20	56	2.8563
42	86	-2.85564
8	34	-2.85432
32	52	2.85413
26	98	2.85202
4	8	2.85061
6	38	2.84986
40	86	2.84982
24	32	2.84959
30	86	2.84886
82	88	2.84847
12	94	2.84783
34	46	-2.84703
8	50	2.84567
68	94	2.83966
8	48	2.83873
22	48	2.8386
66	80	2.838
28	54	-2.83641
42	58	-2.83382
34	54	2.8333
32	78	2.83258
28	46	2.83047
46	76	2.82779
54	86	2.82743
62	92	2.82446
36	68	-2.82317
12	64	2.82251
16	22	2.82213
36	86	2.81988
72	82	2.81781
0	96	2.81514
46	90	2.81399
18	64	2.81304
52	66	2.81256
22	74	2.8094
78	96	-2.80926
38	40	2.80903
36	66	2.80832
24	88	2.80667
34	36	2.80529
54	58	2.80334
8	60	2.80161
58	80	2.80144
42	66	-2.80046
36	58	2.79961
8	18	2.79553
48	64	2.79303
80	88	2.7904
72	80	2.78874
2	64	2.7886
30	32	2.78584
64	90	2.78403
28	42	2.78355
52	58	2.78305
40	72	2.78167
80	86	2.77866
46	50	2.77749
54	66	2.77661
36	94	-2.77467
34	42	-2.77456
30	38	2.77263
62	98	2.77257
28	36	-2.77223
52	88	2.77098
4	36	-2.77008
70	94	2.7697
4	22	2.7644
2	8	2.76374
66	82	2.76276
8	94	2.76045
52	86	2.75787
40	78	2.75686
12	76	2.75144
16	68	2.75139
4	68	2.74748
4	54	-2.74666
4	64	2.74553
48	68	2.74437
44	46	2.74352
24	56	2.74316
12	44	2.74099
52	72	2.73833
78	82	2.73763
22	46	2.73349
72	96	-2.73295
14	34	-2.73267
48	70	2.72581
12	54	-2.72393
14	28	2.7234
0	88	-2.7229
56	88	2.72288
58	82	2.7228
32	40	2.72228
2	84	2.72051
78	80	2.7169
56	62	2.71583
40	96	-2.71531
68	74	2.7151
28	64	2.71311
6	14	-2.71199
24	82	2.71123
30	72	2.71083
20	92	2.70993
30	88	2.70412
34	64	-2.70242
14	40	-2.70237
48	90	2.70235
46	60	2.70185
36	40	2.69999
50	90	2.69757
38	80	2.69724
82	86	2.69712
6	32	2.69632
60	84	2.69362
76	90	2.693
34	68	-2.69087
18	84	2.68848
54	94	-2.68681
10	62	2.68568
64	94	2.68456
10	20	2.68139
36	48	-2.6789
40	88	2.67803
4	42	2.67756
12	50	2.67382
12	42	2.66944
38	52	2.6686
24	52	2.66508
68	96	2.66263
32	56	2.66189
48	76	2.66047
52	78	2.65518
22	34	-2.65447
4	14	2.65398
4	70	2.64648
22	90	2.64436
30	78	2.64107
12	36	-2.6376
6	72	2.63696
0	32	-2.6316
12	18	2.63096
28	68	2.6268
60	90	2.62656
20	98	2.62624
48	54	-2.62613
24	80	2.62485
14	30	-2.62182
4	76	2.62085
14	94	2.61997
28	76	2.61818
14	68	2.61817
12	60	2.61728
6	36	2.61664
50	84	2.61408
90	94	2.61304
24	72	2.61285
42	94	2.61254
46	70	2.61197
6	88	2.61164
38	82	2.60834
8	90	2.60568
26	56	2.60555
18	46	2.6042
28	44	2.6013
6	42	-2.60125
54	68	-2.59957
10	24	2.59761
2	12	2.59378
34	76	-2.59349
48	50	2.59279
44	84	2.59147
22	28	2.58979
10	56	2.58933
22	36	-2.5888
12	14	2.5882
44	48	2.58313
4	90	2.58245
34	38	2.5763
6	78	2.57563
2	46	2.5719
4	44	2.56663
6	54	2.56572
34	44	-2.56348
40	42	-2.56336
28	38	-2.56318
0	40	-2.5622
70	90	2.56128
56	72	2.55892
44	90	2.5567
40	54	2.55623
46	68	2.5555
42	48	2.55421
12	22	2.55248
24	30	2.55195
38	68	-2.54575
76	84	2.545
4	50	2.54347
16	96	2.54326
76	94	2.54294
14	80	-2.54278
30	36	2.54099
14	48	2.53854
34	70	-2.53543
28	50	2.53486
16	94	2.53433
36	96	-2.53202
8	54	-2.53067
42	68	2.53021
40	68	-2.52701
12	68	2.52691
88	96	-2.52481
80	96	-2.52289
36	70	-2.51757
66	72	2.51712
12	90	2.5148
24	78	2.51473
48	60	2.51136
74	94	2.51131
34	50	-2.51097
14	52	-2.50695
32	66	2.50639
66	68	-2.50625
74	96	2.50398
30	42	-2.50228
4	38	-2.50194
56	78	2.5018
82	96	-2.50055
22	64	2.50026
0	82	-2.50001
8	22	2.49983
36	46	-2.49228
20	24	2.49158
46	54	-2.48954
66	96	-2.4894
68	86	-2.48906
32	96	-2.48899
18	28	2.48622
66	78	2.48613
38	94	-2.48473
0	80	-2.48327
30	96	-2.48259
36	80	2.4814
34	90	-2.48084
16	48	2.47893
8	42	2.47681
34	86	2.47647
58	68	-2.47344
44	94	2.47275
28	60	2.47261
28	70	2.47165
50	94	2.47133
30	54	2.46932
10	26	2.46877
4	60	2.468
32	84	-2.46511
48	74	2.46286
28	86	-2.46203
6	96	-2.46018
58	72	2.45758
32	58	2.45684
6	24	2.45571
28	90	2.45537
0	56	-2.45181
14	82	-2.45007
2	28	2.44867
84	88	-2.44745
34	58	2.44725
52	96	-2.44678
82	84	-2.44522
18	48	2.44479
34	60	-2.44374
8	36	-2.44323
18	34	-2.44194
72	86	2.43926
70	96	2.43637
66	88	2.43582
18	90	2.43544
12	70	2.43525
4	18	2.43447
38	96	-2.43249
28	58	-2.43231
50	56	-2.43139
32	86	2.43087
34	66	2.43021
36	52	2.4297
86	96	-2.42944
2	24	-2.42901
58	96	-2.42885
56	76	-2.42877
56	60	-2.42772
42	46	2.42732
58	78	2.42693
12	38	-2.42252
80	84	-2.4213
0	52	-2.41941
2	90	2.41919
18	24	-2.41916
52	84	-2.41835
42	80	-2.41773
4	16	2.41737
0	30	-2.416
72	84	-2.41472
78	86	2.41248
2	48	2.41103
22	54	-2.41052
28	66	-2.41036
44	56	-2.41023
4	86	-2.40837
56	64	-2.40733
14	96	2.40715
2	34	-2.40498
84	98	-2.40173
86	94	-2.40086
64	84	2.40081
8	20	-2.39881
2	4	2.39858
38	48	-2.39782
4	74	2.39649
24	40	2.39646
14	22	2.39448
36	82	2.39374
26	48	-2.39281
60	94	2.39243
8	68	2.39229
56	82	2.39165
42	52	-2.39046
54	80	2.38976
8	70	2.38965
20	64	-2.38902
64	70	2.38889
8	14	2.38859
26	94	-2.38813
12	62	-2.38641
20	46	-2.38524
30	84	-2.38494
4	62	-2.38488
58	88	2.38454
14	46	2.3826
34	62	2.38257
4	26	-2.38229
4	58	-2.38176
24	84	-2.38145
38	72	2.37907
28	62	-2.37883
12	20	-2.37845
58	94	-2.37739
22	96	2.37681
8	62	-2.37542
66	94	-2.37542
26	46	-2.37262
78	84	-2.37242
18	56	-2.37147
4	66	-2.37121
6	68	-2.37048
16	46	2.36973
10	98	2.36926
20	76	-2.36887
0	6	-2.36885
48	62	-2.36621
92	94	-2.36552
10	92	2.36535
46	74	2.36525
24	62	2.36505
2	56	-2.3648
38	78	2.36453
16	36	-2.36308
22	76	2.36272
24	44	-2.36254
46	62	-2.36143
86	88	2.36124
56	92	2.36081
4	20	-2.35826
20	88	2.35816
8	56	-2.35745
52	54	2.35717
20	48	-2.35702
0	24	-2.35058
62	94	-2.35047
20	50	-2.35018
24	60	-2.34968
32	38	2.34759
20	28	-2.34674
26	34	2.34656
40	84	-2.34652
20	34	2.34641
60	88	-2.34567
48	92	-2.34531
22	42	2.34508
4	92	-2.34454
20	44	-2.3442
18	94	2.34348
36	98	2.34277
74	90	2.34179
68	92	-2.34179
62	64	-2.34065
6	84	-2.33826
68	90	2.33817
16	34	-2.3346
54	64	-2.33432
30	68	-2.33328
20	60	-2.33212
42	82	-2.33004
16	90	2.32993
94	98	-2.32946
2	32	-2.32883
36	74	-2.32784
54	96	-2.32711
0	66	-2.32624
12	86	-2.32617
10	12	-2.32475
2	88	-2.32451
26	28	-2.32319
4	98	-2.32301
14	70	2.3229
54	70	-2.32214
20	94	-2.32118
22	38	-2.32096
68	98	-2.32002
10	18	-2.31896
8	10	-2.31882
32	60	-2.31833
52	56	2.31818
12	26	-2.31748
62	76	-2.31728
46	56	-2.31722
48	86	-2.31643
26	64	-2.31583
22	50	2.31435
34	74	-2.31303
18	32	-2.31285
2	10	-2.31233
34	92	2.31203
18	88	-2.31169
2	94	2.31148
56	80	2.31103
24	50	-2.30998
34	98	2.30961
50	88	-2.30832
20	32	2.30796
68	80	-2.30745
42	96	2.30732
84	92	-2.30712
8	26	-2.30597
64	68	2.30563
36	92	2.30495
48	98	-2.30402
54	82	2.30312
24	76	-2.30196
10	44	-2.30122
46	92	-2.30031
44	62	-2.29947
36	78	2.29892
12	58	-2.2988
50	62	-2.29673
48	58	-2.29404
10	28	-2.29235
22	44	2.29219
16	28	2.29164
22	26	-2.29154
56	84	-2.29007
68	78	-2.28987
22	92	-2.28805
38	88	2.28747
42	64	2.28736
18	20	-2.28689
0	58	-2.28621
94	96	2.28566
48	66	-2.28525
28	98	-2.28518
36	72	2.28395
36	64	-2.28284
24	74	-2.2828
60	62	-2.2827
28	92	-2.28181
44	88	-2.28115
22	86	-2.28022
22	66	-2.27924
0	86	-2.27919
8	84	2.27671
26	68	-2.27663
12	66	-2.27618
10	88	2.27552
2	20	-2.27531
32	50	-2.27424
12	16	2.27385
40	94	-2.27334
70	76	2.27328
38	70	-2.27278
28	74	2.2727
26	76	-2.27161
34	40	2.27069
22	58	-2.27025
10	32	2.27016
12	56	-2.26979
76	88	-2.26967
56	98	2.26966
14	78	-2.26909
14	72	-2.26816
52	68	-2.26513
32	44	-2.26493
2	74	2.26456
42	70	2.26368
12	74	2.26294
26	50	-2.26163
16	24	-2.2612
46	98	-2.25992
18	74	2.25916
0	84	2.25829
60	72	-2.25757
10	34	2.25694
14	98	-2.25692
66	70	-2.25672
40	70	-2.25605
62	84	-2.256
12	92	-2.25552
12	98	-2.25458
0	38	-2.25433
84	90	2.25317
54	98	2.25278
16	40	-2.25168
68	82	-2.25136
38	46	-2.25067
18	62	-2.2504
8	74	2.25033
8	16	2.24996
22	60	2.24898
0	68	2.24829
24	66	2.24777
70	86	-2.24728
54	76	-2.24701
64	92	-2.24603
22	40	-2.24596
60	98	-2.2457
68	72	-2.24531
26	36	2.24221
58	70	-2.24203
44	54	-2.24183
4	40	-2.24103
28	40	-2.24094
2	62	-2.24094
50	98	-2.23931
8	38	-2.23907
26	60	-2.23882
32	76	-2.23837
2	16	2.23826
54	62	2.23728
70	92	-2.23647
10	76	-2.23602
16	18	2.23447
30	56	2.23425
64	98	-2.23366
24	96	-2.23331
20	84	-2.23313
36	62	2.23252
50	70	2.23233
8	92	-2.23176
40	74	-2.23161
52	74	-2.23094
66	84	-2.23051
24	26	2.23048
76	98	-2.2297
8	98	-2.2296
54	90	-2.22843
44	70	2.2282
26	90	-2.22782
6	34	2.22755
26	70	-2.22741
56	90	-2.22678
26	84	-2.22649
10	74	-2.22613
48	56	-2.22507
24	64	-2.22493
64	74	2.22381
26	44	-2.22374
50	72	-2.22326
60	78	-2.22301
50	92	-2.22219
16	52	-2.22179
22	98	-2.22137
24	58	2.21978
10	16	-2.21893
14	64	2.21889
76	92	-2.21843
10	60	-2.21688
16	64	2.21667
14	32	-2.21621
4	96	2.21566
42	90	2.21554
2	72	-2.21531
42	98	-2.21524
6	70	-2.21513
62	88	2.2145
36	90	-2.2143
18	22	2.21428
60	92	-2.21395
8	24	-2.21356
38	98	2.21339
44	74	2.21333
74	82	-2.21237
0	36	-2.21233
2	82	-2.21201
20	72	2.21145
34	96	-2.21023
0	16	2.21016
54	92	2.20998
30	74	-2.20957
6	28	-2.20906
42	76	2.2085
74	80	-2.20843
6	94	-2.20798
44	98	-2.20796
84	96	2.20789
10	64	-2.20765
16	30	-2.20684
4	10	-2.2064
16	82	-2.20617
16	80	-2.20615
42	44	2.20573
20	90	-2.20475
10	50	-2.20464
4	56	-2.20453
14	92	-2.20364
6	22	-2.20342
58	84	-2.20298
18	72	-2.2019
42	62	-2.2014
28	56	-2.19949
2	22	2.19828
30	70	-2.19819
0	10	-2.19801
0	14	2.19728
24	86	2.19664
6	74	-2.1961
6	16	-2.19575
2	98	-2.19568
16	44	2.1956
10	54	2.19483
64	88	-2.19357
50	78	-2.19352
32	36	2.19343
22	62	-2.19211
62	68	-2.19206
18	98	-2.19174
18	82	-2.1915
26	54	2.19125
14	16	2.18911
0	60	2.18907
4	6	-2.18889
18	70	2.18881
34	56	2.18862
16	78	-2.18845
84	86	-2.18782
68	76	2.18739
10	42	-2.18715
48	96	2.18711
0	74	2.18666
52	70	-2.18482
60	70	2.18419
16	66	-2.18344
46	86	-2.18298
74	76	2.18297
50	54	-2.1829
66	98	2.18277
14	62	-2.18273
36	76	-2.18198
16	54	-2.18064
14	90	2.18059
2	70	2.1805
40	56	2.1798
46	84	2.17979
86	98	2.17937
44	92	-2.17884
90	92	-2.17877
40	48	-2.17875
28	96	2.1784
72	76	-2.17831
20	22	-2.17813
2	52	-2.17775
32	62	2.17743
44	72	-2.17629
60	82	-2.1751
42	78	-2.17484
20	78	2.17441
22	30	-2.17404
70	80	-2.17393
0	50	2.17272
14	88	-2.1719
70	98	-2.17126
2	78	-2.17107
66	74	-2.17017
42	92	-2.16979
58	98	2.16966
0	20	-2.16952
16	76	2.16951
10	84	-2.16884
74	78	-2.16818
10	46	-2.16817
42	72	-2.16745
20	54	2.16696
54	78	2.16634
40	98	2.16632
18	54	-2.16613
74	84	2.16548
16	38	-2.16547
46	58	-2.16509
14	74	2.16486
18	26	-2.16479
56	94	-2.16455
36	88	2.16279
8	86	-2.16223
2	80	-2.16203
6	56	2.16131
30	34	2.16028
36	44	-2.15983
10	48	-2.15944
18	78	-2.15938
16	58	-2.15915
14	26	-2.15851
62	90	-2.15849
16	86	-2.15845
32	64	-2.15824
54	72	2.15763
18	52	-2.1573
2	26	-2.15704
54	74	-2.15663
0	42	2.15656
50	74	2.15541
10	72	2.15396
16	72	-2.15346
30	94	-2.15331
38	92	2.1532
20	36	2.15287
70	82	-2.15281
60	74	2.15249
26	42	-2.15249
42	50	2.15117
32	74	-2.15074
46	66	-2.1499
58	74	-2.14859
76	78	-2.14849
44	68	2.14844
38	74	-2.1476
22	52	-2.14729
74	86	-2.14621
38	90	-2.1454
10	94	-2.14427
16	32	-2.14423
56	96	-2.14418
18	92	-2.14288
22	80	-2.14277
28	30	-2.14263
18	80	-2.14249
2	92	-2.14217
96	98	-2.14206
8	58	-2.14178
16	84	2.14156
10	78	2.14125
2	54	-2.14101
54	60	-2.14029
16	50	2.14011
44	78	-2.13995
72	74	-2.13977
38	84	-2.13952
14	76	2.13917
0	54	-2.13895
18	42	2.1387
86	90	-2.13766
50	68	2.13764
16	42	2.13718
6	48	-2.13695
20	68	-2.1366
58	90	-2.1358
20	42	-2.13484
52	60	-2.13482
26	88	2.13474
16	60	2.13399
10	96	-2.13271
12	40	-2.13248
24	70	-2.13174
0	76	2.13146
50	82	-2.13075
4	30	-2.13058
14	44	2.13056
16	92	-2.13024
60	80	-2.1296
90	98	-2.12926
44	82	-2.12895
24	38	2.12854
62	70	-2.12835
36	50	-2.12631
12	84	2.12605
32	68	-2.12561
32	42	-2.12546
0	2	2.1253
12	24	-2.12495
8	66	-2.12422
66	92	2.11976
0	18	2.11963
2	30	-2.1196
86	92	2.11951
10	14	-2.11891
92	96	-2.1181
8	88	-2.11757
10	82	2.11689
42	74	2.11666
20	70	-2.11596
2	42	2.11595
64	72	-2.11499
34	80	2.11439
0	44	2.11426
22	82	-2.11419
80	94	-2.11352
24	46	-2.11303
42	60	2.11293
74	92	-2.11223
68	88	-2.11201
20	82	2.11117
32	54	2.11075
58	92	2.1104
38	64	-2.11031
6	12	-2.10957
14	20	-2.10911
38	62	2.10833
74	88	-2.1077
16	88	-2.10613
70	78	-2.1057
16	26	-2.1056
66	90	-2.10548
0	90	2.10319
40	92	2.1029
12	96	2.1017
18	30	-2.10153
6	98	2.10122
0	70	2.10119
62	72	2.10069
10	36	2.09987
76	82	-2.09924
26	32	2.099
28	80	-2.09818
6	90	-2.09789
8	32	-2.09762
10	70	-2.09699
26	38	2.0969
44	52	-2.095
50	52	-2.09485
24	92	2.09408
26	74	-2.09397
52	94	-2.09372
64	78	-2.09369
60	68	2.09154
42	88	-2.09115
4	80	-2.09088
14	50	2.09076
10	52	2.09045
0	64	2.09035
30	48	-2.08993
50	80	-2.08991
34	52	2.08989
88	90	-2.08963
18	36	-2.08935
18	68	2.08833
30	60	-2.08714
36	60	-2.08625
44	80	-2.08598
16	98	-2.08228
10	68	-2.08042
24	90	-2.08018
54	88	2.08011
52	90	-2.07998
22	24	-2.07939
70	72	-2.07923
30	98	2.07822
0	62	-2.07713
30	90	-2.07643
28	52	-2.07618
62	78	2.07547
22	78	-2.07537
20	52	2.07483
14	18	2.07444
2	6	-2.07419
10	22	-2.07405
2	68	2.07403
22	56	-2.07358
2	36	-2.07077
4	52	-2.0703
46	88	-2.06972
82	94	-2.0694
10	80	2.06894
62	86	2.06856
52	76	-2.06752
14	84	2.06746
34	82	2.06652
20	80	2.0663
32	90	-2.06604
74	98	-2.06529
46	96	2.06495
0	22	2.06478
2	40	-2.06477
80	98	2.06357
26	86	2.06351
64	86	-2.06314
24	28	-2.06274
48	84	2.06215
12	30	-2.06205
78	90	-2.06186
76	80	-2.06181
32	70	-2.06166
72	90	-2.06164
40	46	-2.06111
26	72	2.0596
6	18	-2.0593
14	60	2.05927
58	62	2.05826
2	14	2.05803
40	60	-2.05799
10	38	2.05781
48	80	-2.057
36	84	-2.05674
70	84	2.05506
26	58	2.05499
0	26	-2.05468
26	66	2.05456
28	82	-2.05447
62	66	2.05444
30	50	-2.05422
24	98	2.05353
56	66	2.0527
22	72	-2.05265
82	90	-2.05263
38	76	-2.05245
24	48	-2.05236
80	90	-2.05209
18	40	-2.05205
78	94	-2.0519
58	64	-2.05175
30	44	-2.05111
6	92	2.05102
28	84	2.05067
4	82	-2.04952
6	46	-2.04924
6	60	-2.0482
14	24	-2.0476
26	78	2.04752
20	38	2.04704
48	52	-2.0464
38	44	-2.04607
16	62	-2.04571
24	68	-2.04555
24	34	2.04531
32	46	-2.04477
8	72	-2.04327
52	98	2.04321
4	24	-2.04293
4	84	2.04285
62	82	2.04197
64	82	-2.04147
10	30	2.04063
2	96	2.04055
62	74	-2.04012
12	88	-2.03983
16	20	-2.03981
64	66	-2.03928
78	98	2.03903
72	94	-2.03885
82	98	2.0383
20	74	-2.03816
56	70	-2.03777
8	40	-2.03771
34	84	-2.03767
56	58	2.03707
60	96	2.03528
12	80	-2.0349
20	30	2.03446
18	96	2.03423
26	96	-2.0338
72	98	2.03353
30	92	2.03309
40	50	-2.03287
70	88	-2.03285
54	56	2.0324
30	76	-2.03191
34	78	2.03117
10	86	2.03073
12	32	-2.02958
8	96	2.02951
22	84	2.02935
4	78	-2.02904
56	86	2.0288
56	74	-2.02868
22	32	-2.02848
0	8	2.02821
88	92	2.02795
48	82	-2.02695
0	94	2.02694
24	36	2.02675
26	40	2.02658
46	72	-2.02618
8	78	-2.02571
34	72	2.02546
38	50	-2.02521
24	94	-2.02504
68	84	2.02451
40	44	-2.0245
6	50	-2.02448
10	58	2.02432
42	84	2.02373
6	8	-2.02362
4	72	-2.02295
16	56	-2.02272
52	64	-2.02264
52	62	2.02253
12	52	-2.02238
80	92	2.02193
78	92	2.02191
40	62	2.02156
30	46	-2.02149
6	44	-2.0213
36	56	2.02124
20	86	2.02064
76	86	-2.02048
84	94	2.02021
62	80	2.01974
28	78	-2.01971
50	96	2.01954
20	40	2.01941
0	34	-2.01929
24	42	-2.01909
0	28	2.01905
42	56	-2.01902
46	78	-2.01898
54	84	-2.01881
88	98	2.01857
18	38	-2.01834
48	78	-2.0183
0	46	2.01825
72	92	2.01789
64	80	-2.01776
6	10	2.01722
56	68	-2.01705
40	90	-2.01691
40	76	-2.01661
44	86	-2.01625
28	72	-2.01573
20	58	2.01491
0	98	-2.0145
10	66	2.01427
48	88	-2.01416
10	90	-2.01405
32	92	2.0139
12	82	-2.01385
58	76	-2.01384
8	82	-2.01379
48	72	-2.01346
20	66	2.01335
0	92	-2.01308
24	54	2.01305
2	66	-2.01299
32	98	2.01284
28	88	-2.01263
2	38	-2.0123
44	96	2.01221
90	96	2.01201
6	20	2.01188
52	92	2.01187
4	88	-2.01154
34	88	2.01146
28	32	-2.011
0	4	2.01074
32	34	2.01061
22	88	-2.01058
44	58	-2.01049
26	82	2.0102
38	56	2.01004
38	60	-2.00977
6	76	-2.00959
0	12	2.00945
18	66	-2.00902
30	62	2.00834
66	76	-2.0081
6	62	2.00781
44	66	-2.00769
82	92	2.0076
6	26	2.00758
2	58	-2.00752
14	56	-2.00747
10	40	2.00717
20	96	-2.00711
46	52	-2.00691
88	94	-2.00681
8	30	-2.00664
4	32	-2.00628
2	86	-2.0062
18	86	-2.00612
40	64	-2.00592
50	86	-2.0059
46	80	-2.00571
18	58	-2.00564
12	72	-2.00558
76	96	2.00549
32	94	-2.00548
8	80	-2.00529
0	48	2.00444
30	64	-2.00431
32	48	-2.004
8	52	-2.00383
62	96	-2.00383
26	52	2.00372
60	66	-2.003
50	58	-2.00288
64	96	2.00151
12	78	-2.00125
6	64	-2.00119
26	80	2.00117
26	30	2.00062
46	82	-2.00052
50	66	-2.00051
60	86	-2.00024
58	60	-2.00017
