id label data 
0 1 0.5794847663028484 1.2137914948991828 
1 -1 0.9986272711713825 0.4213668407075743 
2 -1 1.1415621377944574 0.5031456722247992 
3 -1 0.8680574233888371 0.33041831531707067 
4 -1 1.338586044468526 0.587388268333201 
5 -1 1.1174813447089724 0.7138151279454592 
6 1 0.4499366611692238 0.9845429004769001 
7 -1 1.193604487810629 1.1417295468226567 
8 1 1.026076366789606 0.4142840578647777 
9 1 0.5912002829149174 1.0397890112982502 
10 -1 1.1240812742352806 1.3387426242372982 
11 -1 1.2516941364915082 1.1269894026893215 
12 -1 1.2014498260945676 1.400867348179032 
13 -1 0.9284619030913474 0.9992042186432358 
14 -1 0.950645467908563 0.34028193619958613 
15 -1 1.1695882561230915 0.4999559073086525 
16 -1 1.1876762134397882 0.5957705989468861 
17 -1 1.2318751694277854 0.773998976548547 
18 1 0.3907718395490023 1.2533396070954612 
19 -1 1.2106116161901046 1.0787858822694836 
20 -1 1.1952009625443272 1.398486204641309 
21 -1 1.0952633395111353 0.8059349970461703 
22 1 0.9982606015298168 0.3429328934556048 
23 -1 1.206235387430483 1.2174509603384476 
24 1 0.2197779558750646 0.9800624011112428 
25 -1 1.0060870796074521 0.7406510854656445 
26 1 0.48013914620694276 0.4714380883441609 
27 -1 1.205024285167969 0.8419950284508071 
28 1 0.49490570430036224 0.4260963453572069 
29 -1 1.1132794636098426 0.5722328636580076 
30 1 0.2785645460327852 1.0910137264942616 
31 -1 1.1056672165228554 1.087010701108023 
32 1 0.3158081357504249 1.0573201266271302 
33 1 0.5172523480492086 0.3860156698007463 
34 1 0.5053007643221188 0.4185695094347937 
35 -1 1.2606618613455525 1.1575177209756347 
36 1 0.2940221353848589 0.6413528726834701 
37 1 0.4808160843737972 0.30175945409654126 
38 -1 1.356072445142349 1.1390214050006597 
39 1 0.7183182751610103 0.7131541222791603 
40 1 0.3222648851431886 1.0904403391274804 
41 -1 0.8467092597195094 0.41822023836855016 
42 1 0.5096938912205127 1.0164408257688664 
43 1 0.530228215368643 0.5566449435723498 
44 1 0.6916741139125566 0.8120155940034338 
45 1 0.10714331545492431 1.2526760620899362 
46 1 0.6591334872333628 0.7478331355569893 
47 1 0.2730826533911676 1.381079547803308 
48 -1 0.8902197198985302 0.351567920327407 
49 1 0.741281991194481 0.6422705596441902 
