id label data 
0 1 0.5794847663028484 1.2137914948991828 
1 1 0.6724501298759097 0.22520050351165552 
2 1 0.6060582753612969 0.622928761621619 
3 -1 1.1243597018227025 0.4946703701851028 
4 1 0.6469229546029751 0.4405056312338304 
5 -1 1.5707963267948966 0.6636541106324042 
6 1 0.716043032936426 0.44471774060010866 
7 1 0.9606913973110502 0.44445005552915434 
8 1 0.04449263446618525 1.2210824012472232 
9 1 0.6729415698588588 0.2394222717839973 
10 -1 1.193604487810629 1.1417295468226567 
11 1 0.2607185526585163 0.9748527413940218 
12 -1 1.3192631095604508 0.6509466302266471 
13 -1 1.1240812742352806 1.3387426242372982 
14 1 0.7445118911876563 0.47358427470467424 
15 -1 1.1252916393589572 0.5408990457007672 
16 -1 1.0841395339644864 0.7932610414419746 
17 -1 0.7062523715923682 0.5296804878868081 
18 -1 0.7949075947739215 0.6187575557866417 
19 -1 1.0246634059441424 0.43887867964544625 
20 -1 0.9382204915982133 0.7076342465354216 
21 1 0.9982606015298168 0.3429328934556048 
22 1 0.6159148163147941 0.34691753858060426 
23 1 0.4577757167243186 0.6630863329177284 
24 1 0.4996660773939391 0.7010101532950457 
25 1 0.48013914620694276 0.4714380883441609 
26 -1 1.1631740970779516 0.5482727317629966 
27 -1 0.9423843256337059 0.3978359466169762 
28 -1 1.0954667839181969 1.0578793128156476 
29 -1 1.0771887610658968 0.4315132023634318 
30 1 0.5053007643221188 0.4185695094347937 
31 -1 1.2606618613455525 1.1575177209756347 
32 1 0.4811890391605923 0.5493104863669074 
33 -1 1.0452782156370868 0.48937214489589015 
34 1 0.47103150502537694 0.9105875795154728 
35 1 0.18007358421658456 1.0619656928941597 
36 -1 0.8632525989614503 0.9674179963278442 
37 1 0.004856344401314093 1.2385347617918203 
38 1 0.5188333796660363 0.46212754831208874 
39 -1 0.7722818412676765 1.035302734992593 
40 -1 1.1044243232809312 0.6059008339696452 
41 -1 1.1235426804754747 0.6271312727415373 
42 1 0.4987695950234441 0.21559070381087153 
43 -1 1.066348926140017 0.43142982609160363 
44 -1 1.0146457450179673 0.8900489863158573 
45 1 0.11757601606677125 0.8731348431838645 
46 -1 1.1763152546117366 1.4160257492481316 
47 1 0.5225178520162134 0.7264989371226658 
48 1 0.5195832109023802 1.0955491310684058 
49 -1 1.2920009951314313 1.3685690326565727 
