id label data 
0 -1 0.9625532143831127 1.4238240760364893 
1 1 0.6060582753612969 0.622928761621619 
2 1 0.5447562064909348 0.6416144571414204 
3 1 0.19113201023359283 1.0650500820759636 
4 -1 1.1243597018227025 0.4946703701851028 
5 1 0.6469229546029751 0.4405056312338304 
6 -1 1.2639665178272443 0.9129762773746505 
7 -1 1.0943562921251535 1.3678972507504041 
8 -1 1.394662179314301 0.6720565164771117 
9 1 0.6237456637026301 0.40397320774158413 
10 -1 1.3192631095604508 0.6509466302266471 
11 -1 0.6667493485087423 0.5109047043138238 
12 -1 0.9772930086385742 1.3969765581138631 
13 -1 1.1011247170819098 1.2126499215772926 
14 1 0.2645404164012114 0.8440870842226589 
15 -1 1.0092604259478157 0.338572983619541 
16 -1 1.1620349452463612 0.5425345931758807 
17 1 0.6462843970488682 0.5967547356050934 
18 -1 1.1117920237733139 1.2844772757317067 
19 -1 1.1929071668383526 0.6726277807232396 
20 1 0.7689134945450296 0.35706043297805884 
21 1 0.32255125831317216 0.6472487164563543 
22 1 0.6159148163147941 0.34691753858060426 
23 1 0.46381913587264983 0.45241534316865023 
24 1 0.2426711774664555 1.1004780419689673 
25 -1 1.1719726098778278 1.040539405162785 
26 -1 0.8420062835672643 1.3232451775434753 
27 1 0.6610851514110223 0.5644635984542264 
28 1 0.7350727233070514 0.6355931246647067 
29 1 0.07761822292692519 1.354589428686433 
30 -1 0.9359207129454862 1.1487373666272813 
31 1 0.3247423877703615 1.0991708451121587 
32 1 0.3164174439363938 1.2153952809820736 
33 -1 1.2621827664036547 0.5320755809228822 
34 1 0.5602612744822226 0.5946223606588228 
35 1 0.5536096782227183 0.5180787935869159 
36 1 0.24221606979953436 0.9789013326895508 
37 1 0.4607969845775467 0.9712339190835544 
38 1 0.3653594751063816 0.5117939793536572 
39 1 0.14737935922108283 0.9461913322039684 
40 -1 0.8028856791143236 0.4790701968624586 
41 -1 1.0201489787472522 1.2349861064769905 
42 -1 1.1039195941289257 0.8498121003406078 
43 -1 0.9550442053216044 0.8264205694934237 
44 -1 0.7821007089173081 0.45206158764257925 
45 1 0.2297874370473965 1.1397298854955191 
46 1 0.27944869063448374 0.9848719526120823 
47 -1 1.020001183439917 0.7505412473983979 
48 -1 1.2115262982085935 0.7127759840163744 
49 1 0.5595935629184992 0.22481410603507404 
