id label data 
0 1 0.6920618188342617 0.33552926733739563 
1 1 0.5794847663028484 1.2137914948991828 
2 1 0.5447562064909348 0.6416144571414204 
3 -1 0.6651674563596304 0.5965281830905732 
4 -1 1.0113178895845067 0.3806216132386492 
5 -1 1.3849599347206545 0.64567054458186 
6 1 0.7667872733173986 0.8300892028132194 
7 1 0.5450957633337404 0.38390599151856925 
8 -1 1.2014498260945676 1.400867348179032 
9 -1 0.9284619030913474 0.9992042186432358 
10 -1 1.1620349452463612 0.5425345931758807 
11 -1 1.2318751694277854 0.773998976548547 
12 -1 1.2106116161901046 1.0787858822694836 
13 -1 1.044335860441801 0.34999068982781967 
14 -1 1.1117920237733139 1.2844772757317067 
15 1 0.9716884810009907 0.8590953393831884 
16 -1 0.9785701707878962 1.1227663222404085 
17 -1 1.1952009625443272 1.398486204641309 
18 1 0.4996660773939391 0.7010101532950457 
19 1 0.2426711774664555 1.1004780419689673 
20 -1 1.1132794636098426 0.5722328636580076 
21 1 0.7405791653952554 0.3415668920771554 
22 -1 0.969836291282953 0.8207590471287474 
23 1 0.5172523480492086 0.3860156698007463 
24 1 0.7007244211583684 0.4387226836858446 
25 -1 0.8245060276825922 1.4906645575416186 
26 -1 1.2908289411790324 1.0369874312303675 
27 -1 1.2621827664036547 0.5320755809228822 
28 1 0.47103150502537694 0.9105875795154728 
29 -1 0.6714685218066612 0.37265265892596 
30 1 0.24221606979953436 0.9789013326895508 
31 1 0.18007358421658456 1.0619656928941597 
32 -1 1.0201489787472522 1.2349861064769905 
33 -1 1.3023319171031156 1.1406892268317697 
34 1 0.2653015066563458 1.216375702277811 
35 1 0.5096938912205127 1.0164408257688664 
36 -1 0.9473710325174316 0.3185980209326701 
37 1 0.530228215368643 0.5566449435723498 
38 -1 1.066348926140017 0.43142982609160363 
39 1 0.6916741139125566 0.8120155940034338 
40 1 0.6230856877861278 0.6100064209473354 
41 1 0.2297874370473965 1.1397298854955191 
42 1 0.6591334872333628 0.7478331355569893 
43 1 0.6319027996500166 0.257674775004899 
44 -1 1.1188495053103977 0.648300955686393 
45 1 0.34015229409988307 0.8473941322375012 
46 -1 1.020001183439917 0.7505412473983979 
47 -1 1.2920009951314313 1.3685690326565727 
48 -1 1.3485781822794536 1.0490667198743784 
49 -1 1.2240815886308014 1.0841164238445373 
