id label data 
0 1 0.5243718310513307 0.24049240641230718 
1 1 0.35829554457300433 0.8520055949614462 
2 1 0.19113201023359283 1.0650500820759636 
3 1 0.35660285318692225 0.3320532064600117 
4 1 0.5150410033049541 0.7846119591351279 
5 -1 1.2639665178272443 0.9129762773746505 
6 1 0.6716976019304423 0.4393072674330036 
7 -1 1.0943562921251535 1.3678972507504041 
8 1 0.14079520927894545 1.2873820794634028 
9 1 0.3078793807271881 1.0201471495555474 
10 -1 1.1252916393589572 0.5408990457007672 
11 -1 1.1695882561230915 0.4999559073086525 
12 -1 1.1189374773659257 1.3199004961103835 
13 -1 1.019307143647076 0.7891749564263043 
14 1 0.2645404164012114 0.8440870842226589 
15 1 0.49859215058470746 1.054293781257898 
16 1 0.6578580551557414 0.5601266384415062 
17 -1 0.9785701707878962 1.1227663222404085 
18 1 0.7827524191747304 0.39500867046194005 
19 1 0.9982606015298168 0.3429328934556048 
20 -1 1.126344278241154 1.3077882266723475 
21 1 0.32255125831317216 0.6472487164563543 
22 1 0.46381913587264983 0.45241534316865023 
23 1 0.2426711774664555 1.1004780419689673 
24 -1 1.0060870796074521 0.7406510854656445 
25 1 0.49490570430036224 0.4260963453572069 
26 -1 0.806777241726217 1.3106068253789995 
27 1 0.6627524406254749 0.3367663135345753 
28 -1 1.2927289276698615 0.9720236573935076 
29 -1 1.2792113607857158 1.3185233561806207 
30 -1 1.1056672165228554 1.087010701108023 
31 -1 1.093696932733895 1.328752398081046 
32 1 0.39043796856280755 0.42591190952478375 
33 1 0.2429593665387974 0.9277762510146677 
34 1 0.4607969845775467 0.9712339190835544 
35 -1 1.1293361179324195 0.7233591243105721 
36 1 0.18007358421658456 1.0619656928941597 
37 -1 1.356072445142349 1.1390214050006597 
38 -1 0.9884537844628712 0.9102945954728315 
39 1 0.004856344401314093 1.2385347617918203 
40 1 0.41043557517990903 1.1980394786062545 
41 -1 1.2820606072404686 0.8365126042386845 
42 1 0.10714331545492431 1.2526760620899362 
43 1 0.2884230404964752 0.5017228008730888 
44 1 0.508590936083002 0.5350570072224227 
45 -1 1.1763152546117366 1.4160257492481316 
46 -1 1.052305355627102 0.6991900898899199 
47 -1 0.8290302753838824 1.449302785966582 
48 -1 1.0779335357770479 0.8672900546419983 
49 -1 1.2240815886308014 1.0841164238445373 
