id label data 
0 -1 1.0745856778443579 0.47048144255402885 
1 -1 0.7369800624553723 0.48928404228754857 
2 1 0.716043032936426 0.44471774060010866 
3 -1 1.0113178895845067 0.3806216132386492 
4 1 0.04449263446618525 1.2210824012472232 
5 1 0.0 1.338226859439006 
6 1 0.7667872733173986 0.8300892028132194 
7 -1 1.1183720173855605 0.6161934964817168 
8 1 0.39848679424815076 0.8299223822709938 
9 1 0.3078793807271881 1.0201471495555474 
10 -1 0.965763356240688 0.4158444078396544 
11 -1 1.0841395339644864 0.7932610414419746 
12 1 0.625612646187311 0.2533234328622389 
13 1 0.36540553337570336 1.183141743842185 
14 1 0.43332710125879903 0.4159025182680489 
15 -1 0.9785701707878962 1.1227663222404085 
16 1 0.3012331112028759 0.4658170701464848 
17 1 0.784639249854425 0.37565895137585964 
18 1 0.4996660773939391 0.7010101532950457 
19 -1 1.1631740970779516 0.5482727317629966 
20 1 0.19830140296852303 1.0034804986758874 
21 1 0.21580042704790545 0.7844793811256738 
22 -1 0.9423843256337059 0.3978359466169762 
23 -1 1.0954667839181969 1.0578793128156476 
24 -1 1.2509226825246786 0.8967380658099708 
25 1 0.6544371713491576 0.5956517676071085 
26 -1 1.2792113607857158 1.3185233561806207 
27 -1 1.0419353817486452 0.9607143174921653 
28 1 0.48141070228834787 0.4445689031429175 
29 -1 0.8245060276825922 1.4906645575416186 
30 1 0.4905026064519391 0.3743525667645098 
31 1 0.6091444784728615 1.222743501695171 
32 -1 1.1746170871991213 0.49464473152903254 
33 1 0.39043796856280755 0.42591190952478375 
34 -1 1.1293361179324195 0.7233591243105721 
35 1 0.23921398882599784 1.317989522200617 
36 1 0.33911766333774745 0.9576872688717724 
37 1 0.004856344401314093 1.2385347617918203 
38 1 0.2715509225960918 1.0851270068587084 
39 -1 0.7722818412676765 1.035302734992593 
40 -1 1.2752870698150394 0.9775788039332165 
41 -1 1.1235426804754747 0.6271312727415373 
42 -1 1.2820606072404686 0.8365126042386845 
43 -1 1.066348926140017 0.43142982609160363 
44 1 0.8130468346760996 0.27742146249108796 
45 1 0.508590936083002 0.5350570072224227 
46 -1 1.052305355627102 0.6991900898899199 
47 1 0.33986633073085726 0.4699530710367342 
48 -1 0.8290302753838824 1.449302785966582 
49 -1 1.094664122768836 0.2302629402669059 
