id label data 
0 -1 0.9625532143831127 1.4238240760364893 
1 -1 0.9986272711713825 0.4213668407075743 
2 1 0.023934929946044202 1.099841479192407 
3 -1 1.5707963267948966 0.6636541106324042 
4 -1 0.9518940365302642 0.6779251592263891 
5 1 0.23211314174265482 0.9019397717975239 
6 -1 0.6395908331710723 0.4231007077823203 
7 1 0.36146526872302903 0.8756482914112432 
8 1 0.5912002829149174 1.0397890112982502 
9 -1 0.9181261712588904 1.030000459298783 
10 -1 1.2014498260945676 1.400867348179032 
11 1 0.6813552400437238 0.4995725627906258 
12 -1 0.950645467908563 0.34028193619958613 
13 1 0.3907718395490023 1.2533396070954612 
14 1 0.6462843970488682 0.5967547356050934 
15 -1 1.1117920237733139 1.2844772757317067 
16 -1 1.0246634059441424 0.43887867964544625 
17 -1 0.9382204915982133 0.7076342465354216 
18 1 0.3012331112028759 0.4658170701464848 
19 -1 0.9993361158780866 0.792714049656987 
20 1 0.6575468594714968 0.31672178958822345 
21 1 0.5810556076889871 0.2120332441994722 
22 1 0.2197779558750646 0.9800624011112428 
23 1 0.784639249854425 0.37565895137585964 
24 -1 1.205024285167969 0.8419950284508071 
25 1 0.8117127755159189 0.6008699718145026 
26 -1 1.2981726564666338 1.0818338454647303 
27 -1 1.1232009370797391 0.7104005338503431 
28 1 0.7405791653952554 0.3415668920771554 
29 1 0.3158081357504249 1.0573201266271302 
30 1 0.5053007643221188 0.4185695094347937 
31 1 0.2529519033375732 0.9642200288347087 
32 -1 0.8996609172112003 0.27621758291019904 
33 -1 1.2606618613455525 1.1575177209756347 
34 1 0.39102360572116296 0.9547785339379025 
35 -1 1.1746170871991213 0.49464473152903254 
36 -1 1.0452782156370868 0.48937214489589015 
37 -1 0.6714685218066612 0.37265265892596 
38 1 0.23921398882599784 1.317989522200617 
39 -1 0.8249243820666284 0.661613335196954 
40 1 0.14737935922108283 0.9461913322039684 
41 1 0.5188333796660363 0.46212754831208874 
42 -1 1.1734519985909218 0.6249384367087961 
43 -1 0.7821007089173081 0.45206158764257925 
44 -1 1.1986303398582947 0.7091133317260313 
45 -1 1.1044243232809312 0.6059008339696452 
46 1 0.5096938912205127 1.0164408257688664 
47 1 0.33986633073085726 0.4699530710367342 
48 1 0.27944869063448374 0.9848719526120823 
49 -1 0.8902197198985302 0.351567920327407 
