id label data 
0 1 0.023934929946044202 1.099841479192407 
1 1 0.5150410033049541 0.7846119591351279 
2 -1 1.153154553414733 0.7965599561551266 
3 1 0.716043032936426 0.44471774060010866 
4 -1 1.2639665178272443 0.9129762773746505 
5 -1 0.7436484255711815 0.9971988045583408 
6 -1 1.2327457402448843 1.2335064572998131 
7 1 0.6237456637026301 0.40397320774158413 
8 1 0.19551345800153047 1.03006153549266 
9 1 0.39848679424815076 0.8299223822709938 
10 -1 0.9107225997947545 0.9863316958367394 
11 1 0.36146526872302903 0.8756482914112432 
12 1 0.3078793807271881 1.0201471495555474 
13 -1 1.1240812742352806 1.3387426242372982 
14 -1 0.9988099878339783 0.6511676570976381 
15 -1 1.0841395339644864 0.7932610414419746 
16 -1 1.1011247170819098 1.2126499215772926 
17 -1 0.7062523715923682 0.5296804878868081 
18 -1 1.1189374773659257 1.3199004961103835 
19 1 0.625612646187311 0.2533234328622389 
20 -1 1.126344278241154 1.3077882266723475 
21 -1 1.2517682289442187 0.3461656346613498 
22 1 0.6159148163147941 0.34691753858060426 
23 1 0.4175044617736146 0.562079347549001 
24 1 0.6177130937076885 0.9289132961696447 
25 1 0.49490570430036224 0.4260963453572069 
26 1 0.5161256303916918 0.7719821354269158 
27 -1 1.0371116683038273 0.49090758608532625 
28 -1 1.1719726098778278 1.040539405162785 
29 -1 1.2509226825246786 0.8967380658099708 
30 1 0.680139564969795 0.8465062478193505 
31 -1 1.1241963396977706 0.6598854634301543 
32 1 0.2529519033375732 0.9642200288347087 
33 -1 1.3673967429162446 0.9388834311894647 
34 1 0.5602612744822226 0.5946223606588228 
35 -1 0.8635791146877381 0.36589184340360437 
36 1 0.6091444784728615 1.222743501695171 
37 1 0.2429593665387974 0.9277762510146677 
38 1 0.3653594751063816 0.5117939793536572 
39 1 0.14737935922108283 0.9461913322039684 
40 -1 1.356072445142349 1.1390214050006597 
41 1 0.004856344401314093 1.2385347617918203 
42 -1 0.9550442053216044 0.8264205694934237 
43 -1 0.8225680548099772 0.4380787232823969 
44 1 0.40471037283642713 0.5325900120569057 
45 -1 1.1986303398582947 0.7091133317260313 
46 1 0.4987695950234441 0.21559070381087153 
47 1 0.10714331545492431 1.2526760620899362 
48 -1 1.0146457450179673 0.8900489863158573 
49 1 0.5595935629184992 0.22481410603507404 
