id label data 
0 1 0.6920618188342617 0.33552926733739563 
1 -1 0.9625532143831127 1.4238240760364893 
2 -1 1.1806609738570095 0.7724797319644804 
3 1 0.5150410033049541 0.7846119591351279 
4 -1 1.153154553414733 0.7965599561551266 
5 -1 1.2639665178272443 0.9129762773746505 
6 1 0.23211314174265482 0.9019397717975239 
7 -1 0.7436484255711815 0.9971988045583408 
8 -1 1.1174813447089724 0.7138151279454592 
9 1 0.0 1.338226859439006 
10 1 0.5450957633337404 0.38390599151856925 
11 -1 0.9181261712588904 1.030000459298783 
12 -1 1.1695882561230915 0.4999559073086525 
13 1 0.2645404164012114 0.8440870842226589 
14 -1 1.1876762134397882 0.5957705989468861 
15 1 0.3907718395490023 1.2533396070954612 
16 -1 1.044335860441801 0.34999068982781967 
17 -1 1.1117920237733139 1.2844772757317067 
18 -1 0.9785701707878962 1.1227663222404085 
19 -1 1.1903616994604085 1.208999783922692 
20 -1 1.1952009625443272 1.398486204641309 
21 -1 1.0952633395111353 0.8059349970461703 
22 -1 1.206235387430483 1.2174509603384476 
23 -1 1.1719726098778278 1.040539405162785 
24 -1 1.2509226825246786 0.8967380658099708 
25 -1 1.2981726564666338 1.0818338454647303 
26 -1 1.2792113607857158 1.3185233561806207 
27 -1 1.1056672165228554 1.087010701108023 
28 1 0.6962559065602019 0.6372458048779581 
29 -1 0.7497328026405629 0.26827604139112554 
30 1 0.3158081357504249 1.0573201266271302 
31 1 0.48141070228834787 0.4445689031429175 
32 1 0.42961278475041875 0.86899255891013 
33 -1 1.2908289411790324 1.0369874312303675 
34 1 0.39043796856280755 0.42591190952478375 
35 1 0.2715509225960918 1.0851270068587084 
36 -1 1.1734519985909218 0.6249384367087961 
37 -1 1.3023319171031156 1.1406892268317697 
38 1 0.3222648851431886 1.0904403391274804 
39 -1 1.2752870698150394 0.9775788039332165 
40 -1 0.8467092597195094 0.41822023836855016 
41 -1 1.0843045147265753 1.529198857002269 
42 1 0.34015229409988307 0.8473941322375012 
43 -1 1.052305355627102 0.6991900898899199 
44 1 0.33986633073085726 0.4699530710367342 
45 -1 0.8290302753838824 1.449302785966582 
46 -1 1.0779335357770479 0.8672900546419983 
47 -1 1.020001183439917 0.7505412473983979 
48 -1 1.3485781822794536 1.0490667198743784 
49 -1 0.9587132684664972 0.7773070376770566 
