id label data 
0 1 0.6920618188342617 0.33552926733739563 
1 1 0.5794847663028484 1.2137914948991828 
2 -1 1.1490716486575074 0.671747414471219 
3 1 0.6724501298759097 0.22520050351165552 
4 1 0.5243718310513307 0.24049240641230718 
5 -1 0.9625532143831127 1.4238240760364893 
6 -1 0.9986272711713825 0.4213668407075743 
7 1 0.6060582753612969 0.622928761621619 
8 1 0.5447562064909348 0.6416144571414204 
9 1 0.3533382396776809 0.532334435904901 
10 1 0.35829554457300433 0.8520055949614462 
11 -1 1.1415621377944574 0.5031456722247992 
12 1 0.19113201023359283 1.0650500820759636 
13 1 0.35660285318692225 0.3320532064600117 
14 -1 1.1806609738570095 0.7724797319644804 
15 1 0.023934929946044202 1.099841479192407 
16 1 0.5150410033049541 0.7846119591351279 
17 -1 1.0745856778443579 0.47048144255402885 
18 -1 1.153154553414733 0.7965599561551266 
19 -1 0.7369800624553723 0.48928404228754857 
20 -1 0.6651674563596304 0.5965281830905732 
21 -1 0.8680574233888371 0.33041831531707067 
22 1 0.3944421101166347 1.1120823726173326 
23 -1 1.5707963267948966 0.6636541106324042 
24 1 0.716043032936426 0.44471774060010866 
25 -1 1.0113178895845067 0.3806216132386492 
26 1 0.4391908872389156 0.49668750323459415 
27 1 0.3719666319439401 1.036169877934714 
28 1 0.9606913973110502 0.44445005552915434 
29 -1 1.2639665178272443 0.9129762773746505 
30 -1 1.338586044468526 0.587388268333201 
31 -1 1.3849599347206545 0.64567054458186 
32 1 0.04449263446618525 1.2210824012472232 
33 -1 0.7436484255711815 0.9971988045583408 
34 -1 1.2327457402448843 1.2335064572998131 
35 1 0.6716976019304423 0.4393072674330036 
36 -1 1.1174813447089724 0.7138151279454592 
37 1 0.0 1.338226859439006 
38 -1 1.0943562921251535 1.3678972507504041 
39 1 0.7667872733173986 0.8300892028132194 
40 1 0.4499366611692238 0.9845429004769001 
41 -1 0.9769671200809548 0.8056733003861168 
42 -1 1.1183720173855605 0.6161934964817168 
43 1 0.6237456637026301 0.40397320774158413 
44 1 0.19551345800153047 1.03006153549266 
45 1 1.026076366789606 0.4142840578647777 
46 1 0.39848679424815076 0.8299223822709938 
47 -1 0.9107225997947545 0.9863316958367394 
48 1 0.36146526872302903 0.8756482914112432 
49 1 0.5450957633337404 0.38390599151856925 
50 1 0.3078793807271881 1.0201471495555474 
51 -1 1.3192631095604508 0.6509466302266471 
52 1 0.5912002829149174 1.0397890112982502 
53 -1 0.6667493485087423 0.5109047043138238 
54 -1 0.9181261712588904 1.030000459298783 
55 -1 1.1240812742352806 1.3387426242372982 
56 -1 1.2516941364915082 1.1269894026893215 
57 -1 0.9988099878339783 0.6511676570976381 
58 1 0.7445118911876563 0.47358427470467424 
59 -1 0.9772930086385742 1.3969765581138631 
60 -1 1.0841395339644864 0.7932610414419746 
61 -1 0.689283560559709 0.42729281094075344 
62 -1 1.2014498260945676 1.400867348179032 
63 1 0.41584668878691045 0.7596723692148659 
64 -1 1.1011247170819098 1.2126499215772926 
65 -1 0.9284619030913474 0.9992042186432358 
66 -1 0.950645467908563 0.34028193619958613 
67 -1 1.1695882561230915 0.4999559073086525 
68 -1 0.7062523715923682 0.5296804878868081 
69 -1 1.1189374773659257 1.3199004961103835 
70 1 0.2645404164012114 0.8440870842226589 
71 -1 1.0092604259478157 0.338572983619541 
72 -1 1.1876762134397882 0.5957705989468861 
73 -1 1.1620349452463612 0.5425345931758807 
74 -1 0.9961236254792991 1.4231828149503714 
75 1 0.49859215058470746 1.054293781257898 
76 1 0.625612646187311 0.2533234328622389 
77 1 0.6578580551557414 0.5601266384415062 
78 -1 1.1556697675047114 1.3117133948162722 
79 -1 1.2318751694277854 0.773998976548547 
80 1 0.36540553337570336 1.183141743842185 
81 1 0.6462843970488682 0.5967547356050934 
82 -1 0.7949075947739215 0.6187575557866417 
83 -1 1.2106116161901046 1.0787858822694836 
84 1 0.43332710125879903 0.4159025182680489 
85 -1 1.044335860441801 0.34999068982781967 
86 -1 1.1117920237733139 1.2844772757317067 
87 -1 1.0246634059441424 0.43887867964544625 
88 1 0.9716884810009907 0.8590953393831884 
89 -1 0.9785701707878962 1.1227663222404085 
90 -1 1.1903616994604085 1.208999783922692 
91 -1 1.0745788485226508 0.4805018205349766 
92 1 0.7827524191747304 0.39500867046194005 
93 -1 0.9382204915982133 0.7076342465354216 
94 -1 1.314830181358784 0.9610879216488238 
95 1 0.3012331112028759 0.4658170701464848 
96 -1 1.1952009625443272 1.398486204641309 
97 -1 1.0952633395111353 0.8059349970461703 
98 1 0.7689134945450296 0.35706043297805884 
99 -1 1.126344278241154 1.3077882266723475 
100 -1 1.2517682289442187 0.3461656346613498 
101 -1 0.9993361158780866 0.792714049656987 
102 1 0.6575468594714968 0.31672178958822345 
103 1 0.3670278967149856 1.0623630851156258 
104 1 0.6159148163147941 0.34691753858060426 
105 1 0.5810556076889871 0.2120332441994722 
106 -1 1.206235387430483 1.2174509603384476 
107 1 0.4577757167243186 0.6630863329177284 
108 1 0.784639249854425 0.37565895137585964 
109 1 0.4996660773939391 0.7010101532950457 
110 1 0.4175044617736146 0.562079347549001 
111 1 0.6177130937076885 0.9289132961696447 
112 1 0.2426711774664555 1.1004780419689673 
113 -1 1.0060870796074521 0.7406510854656445 
114 1 0.48013914620694276 0.4714380883441609 
115 -1 1.205024285167969 0.8419950284508071 
116 1 0.49490570430036224 0.4260963453572069 
117 -1 1.1631740970779516 0.5482727317629966 
118 1 0.19830140296852303 1.0034804986758874 
119 1 0.5161256303916918 0.7719821354269158 
120 1 0.40345012525030527 0.9342045915176799 
121 -1 1.1132794636098426 0.5722328636580076 
122 -1 1.0371116683038273 0.49090758608532625 
123 -1 1.1719726098778278 1.040539405162785 
124 -1 0.806777241726217 1.3106068253789995 
125 1 0.21580042704790545 0.7844793811256738 
126 -1 0.9423843256337059 0.3978359466169762 
127 1 0.8117127755159189 0.6008699718145026 
128 1 0.6627524406254749 0.3367663135345753 
129 -1 1.0954667839181969 1.0578793128156476 
130 -1 1.1745590445986873 0.7835093041911574 
131 -1 1.2509226825246786 0.8967380658099708 
132 1 0.4495279592756862 0.5017505836733939 
133 1 0.6544371713491576 0.5956517676071085 
134 -1 1.2927289276698615 0.9720236573935076 
135 -1 1.2981726564666338 1.0818338454647303 
136 -1 0.8420062835672643 1.3232451775434753 
137 1 0.680139564969795 0.8465062478193505 
138 -1 1.1232009370797391 0.7104005338503431 
139 1 0.2785645460327852 1.0910137264942616 
140 -1 1.1056672165228554 1.087010701108023 
141 -1 1.2379134882893021 1.0686757901934294 
142 1 0.9137748495387761 0.7652602269655059 
143 -1 1.0419353817486452 0.9607143174921653 
144 1 0.6962559065602019 0.6372458048779581 
145 -1 0.7497328026405629 0.26827604139112554 
146 1 0.6610851514110223 0.5644635984542264 
147 1 0.7405791653952554 0.3415668920771554 
148 -1 1.0771887610658968 0.4315132023634318 
149 -1 1.0014840772037952 0.6180759201622966 
150 1 0.3158081357504249 1.0573201266271302 
151 1 0.48141070228834787 0.4445689031429175 
152 1 0.7350727233070514 0.6355931246647067 
153 -1 0.969836291282953 0.8207590471287474 
154 1 0.07761822292692519 1.354589428686433 
155 1 0.5172523480492086 0.3860156698007463 
156 1 0.7007244211583684 0.4387226836858446 
157 -1 0.9359207129454862 1.1487373666272813 
158 -1 0.8245060276825922 1.4906645575416186 
159 1 0.4905026064519391 0.3743525667645098 
160 1 0.6114814547715403 0.46457731033180766 
161 1 0.42961278475041875 0.86899255891013 
162 1 0.3164174439363938 1.2153952809820736 
163 -1 1.2908289411790324 1.0369874312303675 
164 -1 1.1241963396977706 0.6598854634301543 
165 -1 1.093696932733895 1.328752398081046 
166 1 0.2529519033375732 0.9642200288347087 
167 -1 0.8996609172112003 0.27621758291019904 
168 -1 1.3673967429162446 0.9388834311894647 
169 -1 1.2606618613455525 1.1575177209756347 
170 1 0.2940221353848589 0.6413528726834701 
171 -1 0.862795816589293 0.5650705059134324 
172 -1 1.2621827664036547 0.5320755809228822 
173 1 0.5602612744822226 0.5946223606588228 
174 1 0.4811890391605923 0.5493104863669074 
175 -1 0.8635791146877381 0.36589184340360437 
176 1 0.6091444784728615 1.222743501695171 
177 1 0.39043796856280755 0.42591190952478375 
178 -1 1.0452782156370868 0.48937214489589015 
179 1 0.47103150502537694 0.9105875795154728 
180 -1 0.6714685218066612 0.37265265892596 
181 1 0.5536096782227183 0.5180787935869159 
182 1 0.2429593665387974 0.9277762510146677 
183 1 0.24221606979953436 0.9789013326895508 
184 1 0.4607969845775467 0.9712339190835544 
185 1 0.3653594751063816 0.5117939793536572 
186 -1 1.1293361179324195 0.7233591243105721 
187 1 0.23921398882599784 1.317989522200617 
188 1 0.18007358421658456 1.0619656928941597 
189 -1 0.8249243820666284 0.661613335196954 
190 1 0.33911766333774745 0.9576872688717724 
191 1 0.14737935922108283 0.9461913322039684 
192 -1 0.8028856791143236 0.4790701968624586 
193 -1 1.356072445142349 1.1390214050006597 
194 -1 1.1826923586041973 0.4773114838113965 
195 -1 1.0201489787472522 1.2349861064769905 
196 -1 0.8632525989614503 0.9674179963278442 
197 -1 1.1039195941289257 0.8498121003406078 
198 1 0.004856344401314093 1.2385347617918203 
199 -1 0.9550442053216044 0.8264205694934237 
200 1 0.7183182751610103 0.7131541222791603 
201 1 0.5188333796660363 0.46212754831208874 
202 -1 0.8225680548099772 0.4380787232823969 
203 -1 1.1734519985909218 0.6249384367087961 
204 -1 1.3023319171031156 1.1406892268317697 
205 -1 0.9313524275306391 0.7788714891332773 
206 1 0.3222648851431886 1.0904403391274804 
207 1 0.40471037283642713 0.5325900120569057 
208 1 0.2653015066563458 1.216375702277811 
209 -1 1.1986303398582947 0.7091133317260313 
210 -1 1.2752870698150394 0.9775788039332165 
211 -1 1.1044243232809312 0.6059008339696452 
212 -1 0.8467092597195094 0.41822023836855016 
213 1 0.5096938912205127 1.0164408257688664 
214 -1 0.9473710325174316 0.3185980209326701 
215 -1 1.2820606072404686 0.8365126042386845 
216 1 0.530228215368643 0.5566449435723498 
217 1 0.4987695950234441 0.21559070381087153 
218 -1 1.066348926140017 0.43142982609160363 
219 -1 1.153909703326599 0.8609670442900287 
220 1 0.6916741139125566 0.8120155940034338 
221 1 0.6230856877861278 0.6100064209473354 
222 1 0.10714331545492431 1.2526760620899362 
223 1 0.2297874370473965 1.1397298854955191 
224 1 0.2884230404964752 0.5017228008730888 
225 1 0.8130468346760996 0.27742146249108796 
226 1 0.508590936083002 0.5350570072224227 
227 1 0.6591334872333628 0.7478331355569893 
228 1 0.6319027996500166 0.257674775004899 
229 -1 1.0146457450179673 0.8900489863158573 
230 -1 1.1188495053103977 0.648300955686393 
231 1 0.11757601606677125 0.8731348431838645 
232 -1 1.0843045147265753 1.529198857002269 
233 1 0.34015229409988307 0.8473941322375012 
234 -1 1.1763152546117366 1.4160257492481316 
235 -1 1.052305355627102 0.6991900898899199 
236 1 0.2730826533911676 1.381079547803308 
237 1 0.33986633073085726 0.4699530710367342 
238 -1 0.8290302753838824 1.449302785966582 
239 1 0.27944869063448374 0.9848719526120823 
240 1 0.5195832109023802 1.0955491310684058 
241 -1 1.020001183439917 0.7505412473983979 
242 -1 1.2920009951314313 1.3685690326565727 
243 -1 1.3485781822794536 1.0490667198743784 
244 -1 1.094664122768836 0.2302629402669059 
245 -1 1.2240815886308014 1.0841164238445373 
246 -1 0.9587132684664972 0.7773070376770566 
247 -1 0.8902197198985302 0.351567920327407 
248 1 0.741281991194481 0.6422705596441902 
249 1 0.5595935629184992 0.22481410603507404 
