id label data 
0 1 0.6724501298759097 0.22520050351165552 
1 -1 1.1806609738570095 0.7724797319644804 
2 -1 1.1243597018227025 0.4946703701851028 
3 -1 0.8680574233888371 0.33041831531707067 
4 1 0.3944421101166347 1.1120823726173326 
5 1 0.9606913973110502 0.44445005552915434 
6 1 0.04449263446618525 1.2210824012472232 
7 -1 1.2327457402448843 1.2335064572998131 
8 -1 1.1174813447089724 0.7138151279454592 
9 1 0.6729415698588588 0.2394222717839973 
10 1 0.7667872733173986 0.8300892028132194 
11 1 0.2607185526585163 0.9748527413940218 
12 1 1.026076366789606 0.4142840578647777 
13 -1 0.9128889648964347 1.1875422330554761 
14 -1 1.3192631095604508 0.6509466302266471 
15 -1 0.6667493485087423 0.5109047043138238 
16 -1 0.9988099878339783 0.6511676570976381 
17 -1 0.965763356240688 0.4158444078396544 
18 -1 0.9772930086385742 1.3969765581138631 
19 -1 0.689283560559709 0.42729281094075344 
20 1 0.41584668878691045 0.7596723692148659 
21 -1 0.9284619030913474 0.9992042186432358 
22 1 0.36540553337570336 1.183141743842185 
23 -1 1.2106116161901046 1.0787858822694836 
24 1 0.7689134945450296 0.35706043297805884 
25 1 0.3670278967149856 1.0623630851156258 
26 1 0.5161256303916918 0.7719821354269158 
27 -1 1.0371116683038273 0.49090758608532625 
28 -1 0.9423843256337059 0.3978359466169762 
29 -1 1.1745590445986873 0.7835093041911574 
30 1 0.4495279592756862 0.5017505836733939 
31 1 0.6926139857949862 0.7038332609269068 
32 -1 0.7497328026405629 0.26827604139112554 
33 1 0.48141070228834787 0.4445689031429175 
34 1 0.3247423877703615 1.0991708451121587 
35 1 0.24599360976326903 1.0588708520273522 
36 -1 1.2908289411790324 1.0369874312303675 
37 -1 1.1241963396977706 0.6598854634301543 
38 -1 0.8635791146877381 0.36589184340360437 
39 1 0.24221606979953436 0.9789013326895508 
40 -1 0.8028856791143236 0.4790701968624586 
41 -1 1.3023319171031156 1.1406892268317697 
42 1 0.3222648851431886 1.0904403391274804 
43 -1 1.0371399772861645 1.4954839930917097 
44 1 0.2297874370473965 1.1397298854955191 
45 1 0.11757601606677125 0.8731348431838645 
46 1 0.2730826533911676 1.381079547803308 
47 -1 1.020001183439917 0.7505412473983979 
48 -1 1.3485781822794536 1.0490667198743784 
49 1 0.741281991194481 0.6422705596441902 
