id label data 
0 1 0.6920618188342617 0.33552926733739563 
1 -1 1.1490716486575074 0.671747414471219 
2 1 0.35829554457300433 0.8520055949614462 
3 -1 1.1806609738570095 0.7724797319644804 
4 -1 1.153154553414733 0.7965599561551266 
5 -1 1.3849599347206545 0.64567054458186 
6 1 0.6716976019304423 0.4393072674330036 
7 1 0.6729415698588588 0.2394222717839973 
8 1 0.2607185526585163 0.9748527413940218 
9 1 0.14079520927894545 1.2873820794634028 
10 -1 0.9128889648964347 1.1875422330554761 
11 1 0.5450957633337404 0.38390599151856925 
12 1 0.5416271176471013 0.8076505772421245 
13 -1 0.7062523715923682 0.5296804878868081 
14 -1 0.9961236254792991 1.4231828149503714 
15 1 0.49859215058470746 1.054293781257898 
16 1 0.38188834578239905 0.515486244463311 
17 1 0.6578580551557414 0.5601266384415062 
18 -1 0.7949075947739215 0.6187575557866417 
19 -1 1.1903616994604085 1.208999783922692 
20 -1 1.0745788485226508 0.4805018205349766 
21 1 0.7827524191747304 0.39500867046194005 
22 -1 1.126344278241154 1.3077882266723475 
23 1 0.5810556076889871 0.2120332441994722 
24 1 0.6177130937076885 0.9289132961696447 
25 -1 1.0371116683038273 0.49090758608532625 
26 1 0.6627524406254749 0.3367663135345753 
27 1 0.6926139857949862 0.7038332609269068 
28 -1 1.0771887610658968 0.4315132023634318 
29 -1 1.0014840772037952 0.6180759201622966 
30 1 0.7007244211583684 0.4387226836858446 
31 -1 1.093696932733895 1.328752398081046 
32 1 0.2529519033375732 0.9642200288347087 
33 1 0.4811890391605923 0.5493104863669074 
34 -1 0.8635791146877381 0.36589184340360437 
35 1 0.47103150502537694 0.9105875795154728 
36 -1 0.6714685218066612 0.37265265892596 
37 -1 0.8896511737284079 1.5056771790862962 
38 1 0.18007358421658456 1.0619656928941597 
39 -1 0.9884537844628712 0.9102945954728315 
40 -1 0.8632525989614503 0.9674179963278442 
41 1 0.5188333796660363 0.46212754831208874 
42 1 0.41043557517990903 1.1980394786062545 
43 -1 1.1044243232809312 0.6059008339696452 
44 -1 1.1786591123354708 0.8016986734746565 
45 -1 1.153909703326599 0.8609670442900287 
46 1 0.6319027996500166 0.257674775004899 
47 -1 1.3485781822794536 1.0490667198743784 
48 -1 1.2240815886308014 1.0841164238445373 
49 -1 0.9587132684664972 0.7773070376770566 
