id label data 
0 1 0.35660285318692225 0.3320532064600117 
1 -1 1.3849599347206545 0.64567054458186 
2 -1 1.0943562921251535 1.3678972507504041 
3 -1 1.1183720173855605 0.6161934964817168 
4 1 0.19551345800153047 1.03006153549266 
5 -1 0.9107225997947545 0.9863316958367394 
6 1 0.36146526872302903 0.8756482914112432 
7 -1 1.1011247170819098 1.2126499215772926 
8 -1 0.9284619030913474 0.9992042186432358 
9 -1 0.950645467908563 0.34028193619958613 
10 1 0.49859215058470746 1.054293781257898 
11 -1 1.1732420210807855 0.6419765020780921 
12 1 0.625612646187311 0.2533234328622389 
13 1 0.6578580551557414 0.5601266384415062 
14 1 0.6462843970488682 0.5967547356050934 
15 1 0.7827524191747304 0.39500867046194005 
16 1 0.3012331112028759 0.4658170701464848 
17 1 0.32255125831317216 0.6472487164563543 
18 1 0.5810556076889871 0.2120332441994722 
19 -1 1.0060870796074521 0.7406510854656445 
20 -1 1.205024285167969 0.8419950284508071 
21 1 0.19830140296852303 1.0034804986758874 
22 -1 1.1132794636098426 0.5722328636580076 
23 1 0.21580042704790545 0.7844793811256738 
24 -1 1.1745590445986873 0.7835093041911574 
25 1 0.9137748495387761 0.7652602269655059 
26 -1 1.0419353817486452 0.9607143174921653 
27 1 0.7405791653952554 0.3415668920771554 
28 -1 1.0014840772037952 0.6180759201622966 
29 1 0.5172523480492086 0.3860156698007463 
30 1 0.6114814547715403 0.46457731033180766 
31 1 0.3164174439363938 1.2153952809820736 
32 -1 0.8996609172112003 0.27621758291019904 
33 1 0.4808160843737972 0.30175945409654126 
34 1 0.6091444784728615 1.222743501695171 
35 -1 1.1293361179324195 0.7233591243105721 
36 -1 0.8028856791143236 0.4790701968624586 
37 -1 0.9884537844628712 0.9102945954728315 
38 -1 1.0201489787472522 1.2349861064769905 
39 1 0.7183182751610103 0.7131541222791603 
40 1 0.2653015066563458 1.216375702277811 
41 -1 1.1786591123354708 0.8016986734746565 
42 1 0.6916741139125566 0.8120155940034338 
43 1 0.10714331545492431 1.2526760620899362 
44 1 0.2297874370473965 1.1397298854955191 
45 1 0.2884230404964752 0.5017228008730888 
46 1 0.6591334872333628 0.7478331355569893 
47 1 0.27944869063448374 0.9848719526120823 
48 -1 1.2240815886308014 1.0841164238445373 
49 1 0.741281991194481 0.6422705596441902 
