id label data 
0 1 0.6920618188342617 0.33552926733739563 
1 1 0.5794847663028484 1.2137914948991828 
2 1 0.6724501298759097 0.22520050351165552 
3 1 0.5243718310513307 0.24049240641230718 
4 1 0.6060582753612969 0.622928761621619 
5 1 0.5447562064909348 0.6416144571414204 
6 1 0.35829554457300433 0.8520055949614462 
7 -1 1.1415621377944574 0.5031456722247992 
8 1 0.35660285318692225 0.3320532064600117 
9 -1 1.1806609738570095 0.7724797319644804 
10 -1 1.1243597018227025 0.4946703701851028 
11 1 0.023934929946044202 1.099841479192407 
12 1 0.5150410033049541 0.7846119591351279 
13 -1 1.0745856778443579 0.47048144255402885 
14 -1 1.153154553414733 0.7965599561551266 
15 -1 0.7369800624553723 0.48928404228754857 
16 -1 0.6651674563596304 0.5965281830905732 
17 1 0.6469229546029751 0.4405056312338304 
18 -1 0.8680574233888371 0.33041831531707067 
19 1 0.3944421101166347 1.1120823726173326 
20 1 0.716043032936426 0.44471774060010866 
21 -1 1.0113178895845067 0.3806216132386492 
22 1 0.4391908872389156 0.49668750323459415 
23 1 0.3719666319439401 1.036169877934714 
24 1 0.9606913973110502 0.44445005552915434 
25 -1 0.9518940365302642 0.6779251592263891 
26 1 0.4114491615390483 0.5652925794018316 
27 1 0.317040556009064 1.1564058924011948 
28 -1 1.2639665178272443 0.9129762773746505 
29 -1 1.338586044468526 0.587388268333201 
30 -1 1.3849599347206545 0.64567054458186 
31 1 0.23211314174265482 0.9019397717975239 
32 -1 0.7436484255711815 0.9971988045583408 
33 -1 1.2327457402448843 1.2335064572998131 
34 1 0.6716976019304423 0.4393072674330036 
35 1 0.6729415698588588 0.2394222717839973 
36 1 0.7667872733173986 0.8300892028132194 
37 -1 0.6395908331710723 0.4231007077823203 
38 -1 1.193604487810629 1.1417295468226567 
39 1 0.2607185526585163 0.9748527413940218 
40 1 0.14079520927894545 1.2873820794634028 
41 -1 1.394662179314301 0.6720565164771117 
42 -1 0.9769671200809548 0.8056733003861168 
43 -1 1.1183720173855605 0.6161934964817168 
44 1 0.6237456637026301 0.40397320774158413 
45 1 0.19551345800153047 1.03006153549266 
46 -1 0.9128889648964347 1.1875422330554761 
47 1 0.39848679424815076 0.8299223822709938 
48 -1 0.9107225997947545 0.9863316958367394 
49 1 0.36146526872302903 0.8756482914112432 
50 1 0.5450957633337404 0.38390599151856925 
51 1 0.3078793807271881 1.0201471495555474 
52 -1 1.3192631095604508 0.6509466302266471 
53 1 0.5912002829149174 1.0397890112982502 
54 -1 0.6667493485087423 0.5109047043138238 
55 -1 1.1240812742352806 1.3387426242372982 
56 -1 0.9988099878339783 0.6511676570976381 
57 1 0.7445118911876563 0.47358427470467424 
58 -1 1.1252916393589572 0.5408990457007672 
59 -1 0.965763356240688 0.4158444078396544 
60 -1 0.9772930086385742 1.3969765581138631 
61 -1 1.0746215674185342 1.3204145308684163 
62 -1 1.0841395339644864 0.7932610414419746 
63 -1 0.689283560559709 0.42729281094075344 
64 -1 1.2014498260945676 1.400867348179032 
65 1 0.5416271176471013 0.8076505772421245 
66 -1 1.1011247170819098 1.2126499215772926 
67 -1 0.9284619030913474 0.9992042186432358 
68 1 0.6813552400437238 0.4995725627906258 
69 -1 0.950645467908563 0.34028193619958613 
70 -1 1.1695882561230915 0.4999559073086525 
71 -1 0.7062523715923682 0.5296804878868081 
72 -1 1.1189374773659257 1.3199004961103835 
73 -1 1.019307143647076 0.7891749564263043 
74 1 0.2645404164012114 0.8440870842226589 
75 -1 1.1876762134397882 0.5957705989468861 
76 -1 1.1620349452463612 0.5425345931758807 
77 1 0.49859215058470746 1.054293781257898 
78 1 0.38188834578239905 0.515486244463311 
79 -1 1.1732420210807855 0.6419765020780921 
80 1 0.625612646187311 0.2533234328622389 
81 1 0.6578580551557414 0.5601266384415062 
82 -1 1.1556697675047114 1.3117133948162722 
83 -1 1.2318751694277854 0.773998976548547 
84 1 0.3907718395490023 1.2533396070954612 
85 -1 0.7949075947739215 0.6187575557866417 
86 -1 1.2106116161901046 1.0787858822694836 
87 1 0.43332710125879903 0.4159025182680489 
88 -1 1.044335860441801 0.34999068982781967 
89 -1 1.1117920237733139 1.2844772757317067 
90 -1 1.0246634059441424 0.43887867964544625 
91 1 0.9716884810009907 0.8590953393831884 
92 -1 0.9785701707878962 1.1227663222404085 
93 -1 1.1903616994604085 1.208999783922692 
94 -1 1.0745788485226508 0.4805018205349766 
95 1 0.7827524191747304 0.39500867046194005 
96 -1 1.1929071668383526 0.6726277807232396 
97 -1 1.1952009625443272 1.398486204641309 
98 -1 1.0952633395111353 0.8059349970461703 
99 1 0.9982606015298168 0.3429328934556048 
100 -1 1.126344278241154 1.3077882266723475 
101 1 0.32255125831317216 0.6472487164563543 
102 -1 1.2517682289442187 0.3461656346613498 
103 -1 0.9993361158780866 0.792714049656987 
104 1 0.6575468594714968 0.31672178958822345 
105 1 0.3670278967149856 1.0623630851156258 
106 1 0.6159148163147941 0.34691753858060426 
107 1 0.5810556076889871 0.2120332441994722 
108 -1 1.206235387430483 1.2174509603384476 
109 1 0.2197779558750646 0.9800624011112428 
110 1 0.784639249854425 0.37565895137585964 
111 1 0.4996660773939391 0.7010101532950457 
112 1 0.46381913587264983 0.45241534316865023 
113 1 0.4175044617736146 0.562079347549001 
114 1 0.6177130937076885 0.9289132961696447 
115 1 0.2426711774664555 1.1004780419689673 
116 -1 1.0060870796074521 0.7406510854656445 
117 1 0.49490570430036224 0.4260963453572069 
118 -1 1.1631740970779516 0.5482727317629966 
119 1 0.5161256303916918 0.7719821354269158 
120 1 0.40345012525030527 0.9342045915176799 
121 -1 1.1132794636098426 0.5722328636580076 
122 -1 1.0371116683038273 0.49090758608532625 
123 -1 1.1719726098778278 1.040539405162785 
124 -1 0.806777241726217 1.3106068253789995 
125 1 0.21580042704790545 0.7844793811256738 
126 1 0.8117127755159189 0.6008699718145026 
127 1 0.6627524406254749 0.3367663135345753 
128 -1 1.0954667839181969 1.0578793128156476 
129 -1 1.1745590445986873 0.7835093041911574 
130 -1 1.2509226825246786 0.8967380658099708 
131 1 0.4495279592756862 0.5017505836733939 
132 1 0.6544371713491576 0.5956517676071085 
133 -1 1.2927289276698615 0.9720236573935076 
134 1 0.6926139857949862 0.7038332609269068 
135 -1 1.2981726564666338 1.0818338454647303 
136 1 0.680139564969795 0.8465062478193505 
137 -1 1.1232009370797391 0.7104005338503431 
138 -1 1.3403816043278816 0.7304957191772806 
139 -1 1.2792113607857158 1.3185233561806207 
140 -1 1.2379134882893021 1.0686757901934294 
141 -1 1.0419353817486452 0.9607143174921653 
142 1 0.6962559065602019 0.6372458048779581 
143 -1 0.7497328026405629 0.26827604139112554 
144 1 0.6610851514110223 0.5644635984542264 
145 1 0.7405791653952554 0.3415668920771554 
146 1 0.3158081357504249 1.0573201266271302 
147 1 0.7350727233070514 0.6355931246647067 
148 -1 0.969836291282953 0.8207590471287474 
149 1 0.07761822292692519 1.354589428686433 
150 -1 1.0658138406001052 0.7818842927663324 
151 1 0.5172523480492086 0.3860156698007463 
152 1 0.7007244211583684 0.4387226836858446 
153 -1 0.8245060276825922 1.4906645575416186 
154 1 0.3247423877703615 1.0991708451121587 
155 1 0.4905026064519391 0.3743525667645098 
156 1 0.42961278475041875 0.86899255891013 
157 1 0.24599360976326903 1.0588708520273522 
158 1 0.5053007643221188 0.4185695094347937 
159 -1 1.2908289411790324 1.0369874312303675 
160 -1 1.1241963396977706 0.6598854634301543 
161 -1 1.093696932733895 1.328752398081046 
162 1 0.2529519033375732 0.9642200288347087 
163 -1 0.8996609172112003 0.27621758291019904 
164 -1 1.3673967429162446 0.9388834311894647 
165 -1 1.2606618613455525 1.1575177209756347 
166 -1 0.862795816589293 0.5650705059134324 
167 -1 1.2621827664036547 0.5320755809228822 
168 1 0.4808160843737972 0.30175945409654126 
169 1 0.5602612744822226 0.5946223606588228 
170 1 0.4811890391605923 0.5493104863669074 
171 -1 0.8635791146877381 0.36589184340360437 
172 1 0.39102360572116296 0.9547785339379025 
173 1 0.6091444784728615 1.222743501695171 
174 -1 1.1746170871991213 0.49464473152903254 
175 1 0.39043796856280755 0.42591190952478375 
176 -1 1.0452782156370868 0.48937214489589015 
177 1 0.47103150502537694 0.9105875795154728 
178 -1 0.6714685218066612 0.37265265892596 
179 -1 0.8896511737284079 1.5056771790862962 
180 1 0.2429593665387974 0.9277762510146677 
181 1 0.24221606979953436 0.9789013326895508 
182 1 0.4607969845775467 0.9712339190835544 
183 1 0.3653594751063816 0.5117939793536572 
184 -1 1.1293361179324195 0.7233591243105721 
185 1 0.23921398882599784 1.317989522200617 
186 1 0.18007358421658456 1.0619656928941597 
187 -1 0.8249243820666284 0.661613335196954 
188 1 0.14737935922108283 0.9461913322039684 
189 -1 0.8028856791143236 0.4790701968624586 
190 -1 1.356072445142349 1.1390214050006597 
191 -1 1.1826923586041973 0.4773114838113965 
192 -1 0.9884537844628712 0.9102945954728315 
193 -1 1.0201489787472522 1.2349861064769905 
194 -1 0.8632525989614503 0.9674179963278442 
195 1 0.004856344401314093 1.2385347617918203 
196 1 0.2715509225960918 1.0851270068587084 
197 -1 0.9550442053216044 0.8264205694934237 
198 1 0.7183182751610103 0.7131541222791603 
199 1 0.5188333796660363 0.46212754831208874 
200 -1 0.8225680548099772 0.4380787232823969 
201 -1 1.3023319171031156 1.1406892268317697 
202 -1 0.9313524275306391 0.7788714891332773 
203 1 0.3222648851431886 1.0904403391274804 
204 1 0.41043557517990903 1.1980394786062545 
205 -1 0.7821007089173081 0.45206158764257925 
206 1 0.40471037283642713 0.5325900120569057 
207 1 0.2653015066563458 1.216375702277811 
208 -1 1.1986303398582947 0.7091133317260313 
209 -1 0.7722818412676765 1.035302734992593 
210 -1 1.1044243232809312 0.6059008339696452 
211 -1 1.1235426804754747 0.6271312727415373 
212 -1 0.8467092597195094 0.41822023836855016 
213 1 0.5096938912205127 1.0164408257688664 
214 -1 0.9473710325174316 0.3185980209326701 
215 -1 1.2820606072404686 0.8365126042386845 
216 -1 1.1786591123354708 0.8016986734746565 
217 1 0.530228215368643 0.5566449435723498 
218 1 0.4987695950234441 0.21559070381087153 
219 -1 1.0371399772861645 1.4954839930917097 
220 -1 1.066348926140017 0.43142982609160363 
221 1 0.5760174327792684 0.44748748392966714 
222 -1 1.153909703326599 0.8609670442900287 
223 1 0.6916741139125566 0.8120155940034338 
224 1 0.6230856877861278 0.6100064209473354 
225 1 0.10714331545492431 1.2526760620899362 
226 1 0.2297874370473965 1.1397298854955191 
227 1 0.2884230404964752 0.5017228008730888 
228 1 0.8130468346760996 0.27742146249108796 
229 1 0.6591334872333628 0.7478331355569893 
230 1 0.6319027996500166 0.257674775004899 
231 -1 1.0146457450179673 0.8900489863158573 
232 -1 1.1188495053103977 0.648300955686393 
233 1 0.11757601606677125 0.8731348431838645 
234 -1 1.0843045147265753 1.529198857002269 
235 1 0.34015229409988307 0.8473941322375012 
236 -1 1.1763152546117366 1.4160257492481316 
237 1 0.2730826533911676 1.381079547803308 
238 1 0.33986633073085726 0.4699530710367342 
239 1 0.5225178520162134 0.7264989371226658 
240 -1 1.0779335357770479 0.8672900546419983 
241 1 0.5195832109023802 1.0955491310684058 
242 -1 1.020001183439917 0.7505412473983979 
243 -1 1.2920009951314313 1.3685690326565727 
244 -1 1.3485781822794536 1.0490667198743784 
245 -1 1.094664122768836 0.2302629402669059 
246 -1 1.2240815886308014 1.0841164238445373 
247 -1 1.2115262982085935 0.7127759840163744 
248 1 0.741281991194481 0.6422705596441902 
249 1 0.5595935629184992 0.22481410603507404 
