id label data 
0 1 0.6920618188342617 0.33552926733739563 
1 1 0.5794847663028484 1.2137914948991828 
2 1 0.6060582753612969 0.622928761621619 
3 -1 1.0745856778443579 0.47048144255402885 
4 -1 0.7369800624553723 0.48928404228754857 
5 1 0.716043032936426 0.44471774060010866 
6 1 0.4391908872389156 0.49668750323459415 
7 1 0.317040556009064 1.1564058924011948 
8 -1 1.193604487810629 1.1417295468226567 
9 -1 1.1183720173855605 0.6161934964817168 
10 -1 1.2516941364915082 1.1269894026893215 
11 1 0.5416271176471013 0.8076505772421245 
12 -1 0.9961236254792991 1.4231828149503714 
13 1 0.625612646187311 0.2533234328622389 
14 -1 1.1556697675047114 1.3117133948162722 
15 1 0.43332710125879903 0.4159025182680489 
16 1 0.9716884810009907 0.8590953393831884 
17 -1 1.0745788485226508 0.4805018205349766 
18 -1 1.314830181358784 0.9610879216488238 
19 -1 1.1952009625443272 1.398486204641309 
20 1 0.6159148163147941 0.34691753858060426 
21 -1 1.206235387430483 1.2174509603384476 
22 1 0.6177130937076885 0.9289132961696447 
23 -1 1.1631740970779516 0.5482727317629966 
24 1 0.40345012525030527 0.9342045915176799 
25 -1 1.1132794636098426 0.5722328636580076 
26 -1 1.1719726098778278 1.040539405162785 
27 1 0.21580042704790545 0.7844793811256738 
28 1 0.6544371713491576 0.5956517676071085 
29 1 0.680139564969795 0.8465062478193505 
30 1 0.2785645460327852 1.0910137264942616 
31 -1 1.2379134882893021 1.0686757901934294 
32 1 0.6962559065602019 0.6372458048779581 
33 1 0.6610851514110223 0.5644635984542264 
34 1 0.07761822292692519 1.354589428686433 
35 1 0.6114814547715403 0.46457731033180766 
36 -1 1.3673967429162446 0.9388834311894647 
37 -1 1.2621827664036547 0.5320755809228822 
38 1 0.5536096782227183 0.5180787935869159 
39 -1 0.8632525989614503 0.9674179963278442 
40 -1 0.8225680548099772 0.4380787232823969 
41 1 0.40471037283642713 0.5325900120569057 
42 -1 1.2752870698150394 0.9775788039332165 
43 -1 1.1235426804754747 0.6271312727415373 
44 -1 0.8467092597195094 0.41822023836855016 
45 -1 0.9473710325174316 0.3185980209326701 
46 1 0.6916741139125566 0.8120155940034338 
47 -1 1.0146457450179673 0.8900489863158573 
48 -1 1.1188495053103977 0.648300955686393 
49 1 0.5595935629184992 0.22481410603507404 
