id label data 
0 1 0.6920618188342617 0.33552926733739563 
1 1 0.5794847663028484 1.2137914948991828 
2 -1 1.1490716486575074 0.671747414471219 
3 1 0.6724501298759097 0.22520050351165552 
4 -1 0.9625532143831127 1.4238240760364893 
5 -1 0.9986272711713825 0.4213668407075743 
6 1 0.6060582753612969 0.622928761621619 
7 1 0.5447562064909348 0.6416144571414204 
8 1 0.3533382396776809 0.532334435904901 
9 -1 1.1415621377944574 0.5031456722247992 
10 1 0.19113201023359283 1.0650500820759636 
11 1 0.35660285318692225 0.3320532064600117 
12 -1 1.1243597018227025 0.4946703701851028 
13 1 0.023934929946044202 1.099841479192407 
14 1 0.5150410033049541 0.7846119591351279 
15 -1 1.153154553414733 0.7965599561551266 
16 -1 0.6651674563596304 0.5965281830905732 
17 1 0.6469229546029751 0.4405056312338304 
18 -1 1.5707963267948966 0.6636541106324042 
19 1 0.716043032936426 0.44471774060010866 
20 -1 1.0113178895845067 0.3806216132386492 
21 1 0.3719666319439401 1.036169877934714 
22 1 0.9606913973110502 0.44445005552915434 
23 -1 0.9518940365302642 0.6779251592263891 
24 1 0.4114491615390483 0.5652925794018316 
25 1 0.317040556009064 1.1564058924011948 
26 -1 1.2639665178272443 0.9129762773746505 
27 -1 1.338586044468526 0.587388268333201 
28 -1 1.3849599347206545 0.64567054458186 
29 1 0.04449263446618525 1.2210824012472232 
30 1 0.23211314174265482 0.9019397717975239 
31 -1 0.7436484255711815 0.9971988045583408 
32 -1 1.2327457402448843 1.2335064572998131 
33 1 0.6716976019304423 0.4393072674330036 
34 -1 1.1174813447089724 0.7138151279454592 
35 1 0.6729415698588588 0.2394222717839973 
36 1 0.0 1.338226859439006 
37 -1 1.0943562921251535 1.3678972507504041 
38 1 0.7667872733173986 0.8300892028132194 
39 -1 0.6395908331710723 0.4231007077823203 
40 1 0.4499366611692238 0.9845429004769001 
41 -1 1.193604487810629 1.1417295468226567 
42 1 0.2607185526585163 0.9748527413940218 
43 1 0.14079520927894545 1.2873820794634028 
44 -1 1.394662179314301 0.6720565164771117 
45 1 0.6237456637026301 0.40397320774158413 
46 1 0.19551345800153047 1.03006153549266 
47 1 1.026076366789606 0.4142840578647777 
48 -1 0.9128889648964347 1.1875422330554761 
49 1 0.39848679424815076 0.8299223822709938 
50 -1 0.9107225997947545 0.9863316958367394 
51 1 0.36146526872302903 0.8756482914112432 
52 1 0.5450957633337404 0.38390599151856925 
53 1 0.3078793807271881 1.0201471495555474 
54 1 0.5912002829149174 1.0397890112982502 
55 -1 0.9181261712588904 1.030000459298783 
56 -1 1.1240812742352806 1.3387426242372982 
57 -1 1.2516941364915082 1.1269894026893215 
58 -1 0.9988099878339783 0.6511676570976381 
59 -1 1.1252916393589572 0.5408990457007672 
60 -1 0.965763356240688 0.4158444078396544 
61 -1 0.9772930086385742 1.3969765581138631 
62 -1 1.0746215674185342 1.3204145308684163 
63 -1 1.0841395339644864 0.7932610414419746 
64 -1 0.689283560559709 0.42729281094075344 
65 -1 1.2014498260945676 1.400867348179032 
66 1 0.41584668878691045 0.7596723692148659 
67 1 0.5416271176471013 0.8076505772421245 
68 -1 1.1011247170819098 1.2126499215772926 
69 -1 0.9284619030913474 0.9992042186432358 
70 1 0.6813552400437238 0.4995725627906258 
71 -1 0.950645467908563 0.34028193619958613 
72 -1 0.7062523715923682 0.5296804878868081 
73 -1 1.1189374773659257 1.3199004961103835 
74 -1 1.019307143647076 0.7891749564263043 
75 1 0.2645404164012114 0.8440870842226589 
76 -1 1.0092604259478157 0.338572983619541 
77 -1 1.1876762134397882 0.5957705989468861 
78 -1 1.1620349452463612 0.5425345931758807 
79 -1 0.9961236254792991 1.4231828149503714 
80 1 0.49859215058470746 1.054293781257898 
81 1 0.38188834578239905 0.515486244463311 
82 -1 1.1732420210807855 0.6419765020780921 
83 1 0.625612646187311 0.2533234328622389 
84 1 0.6578580551557414 0.5601266384415062 
85 -1 1.1556697675047114 1.3117133948162722 
86 -1 1.2318751694277854 0.773998976548547 
87 1 0.36540553337570336 1.183141743842185 
88 1 0.3907718395490023 1.2533396070954612 
89 1 0.6462843970488682 0.5967547356050934 
90 -1 1.2106116161901046 1.0787858822694836 
91 -1 1.044335860441801 0.34999068982781967 
92 -1 1.1117920237733139 1.2844772757317067 
93 -1 1.0246634059441424 0.43887867964544625 
94 1 0.9716884810009907 0.8590953393831884 
95 -1 0.9785701707878962 1.1227663222404085 
96 -1 1.0745788485226508 0.4805018205349766 
97 1 0.7827524191747304 0.39500867046194005 
98 -1 0.9382204915982133 0.7076342465354216 
99 -1 1.1929071668383526 0.6726277807232396 
100 -1 1.314830181358784 0.9610879216488238 
101 1 0.3012331112028759 0.4658170701464848 
102 -1 1.1952009625443272 1.398486204641309 
103 1 0.9982606015298168 0.3429328934556048 
104 1 0.7689134945450296 0.35706043297805884 
105 -1 1.126344278241154 1.3077882266723475 
106 1 0.32255125831317216 0.6472487164563543 
107 -1 1.2517682289442187 0.3461656346613498 
108 1 0.6575468594714968 0.31672178958822345 
109 1 0.6159148163147941 0.34691753858060426 
110 1 0.5810556076889871 0.2120332441994722 
111 -1 1.206235387430483 1.2174509603384476 
112 1 0.2197779558750646 0.9800624011112428 
113 1 0.4577757167243186 0.6630863329177284 
114 1 0.4996660773939391 0.7010101532950457 
115 1 0.46381913587264983 0.45241534316865023 
116 1 0.4175044617736146 0.562079347549001 
117 1 0.6177130937076885 0.9289132961696447 
118 1 0.2426711774664555 1.1004780419689673 
119 -1 1.0060870796074521 0.7406510854656445 
120 1 0.48013914620694276 0.4714380883441609 
121 -1 1.205024285167969 0.8419950284508071 
122 1 0.49490570430036224 0.4260963453572069 
123 -1 1.1631740970779516 0.5482727317629966 
124 1 0.19830140296852303 1.0034804986758874 
125 1 0.5161256303916918 0.7719821354269158 
126 -1 1.1132794636098426 0.5722328636580076 
127 -1 1.0371116683038273 0.49090758608532625 
128 -1 1.1719726098778278 1.040539405162785 
129 -1 0.9423843256337059 0.3978359466169762 
130 1 0.6627524406254749 0.3367663135345753 
131 -1 1.2509226825246786 0.8967380658099708 
132 -1 1.2927289276698615 0.9720236573935076 
133 1 0.6926139857949862 0.7038332609269068 
134 -1 0.8420062835672643 1.3232451775434753 
135 1 0.680139564969795 0.8465062478193505 
136 -1 1.3403816043278816 0.7304957191772806 
137 -1 1.2792113607857158 1.3185233561806207 
138 1 0.2785645460327852 1.0910137264942616 
139 -1 1.1056672165228554 1.087010701108023 
140 -1 1.2379134882893021 1.0686757901934294 
141 1 0.9137748495387761 0.7652602269655059 
142 -1 1.0419353817486452 0.9607143174921653 
143 1 0.6962559065602019 0.6372458048779581 
144 -1 0.7497328026405629 0.26827604139112554 
145 1 0.6610851514110223 0.5644635984542264 
146 1 0.7405791653952554 0.3415668920771554 
147 -1 1.0771887610658968 0.4315132023634318 
148 -1 1.0014840772037952 0.6180759201622966 
149 1 0.48141070228834787 0.4445689031429175 
150 -1 0.969836291282953 0.8207590471287474 
151 1 0.07761822292692519 1.354589428686433 
152 -1 1.0658138406001052 0.7818842927663324 
153 1 0.5172523480492086 0.3860156698007463 
154 1 0.7007244211583684 0.4387226836858446 
155 -1 0.9359207129454862 1.1487373666272813 
156 -1 0.8245060276825922 1.4906645575416186 
157 1 0.3247423877703615 1.0991708451121587 
158 1 0.6114814547715403 0.46457731033180766 
159 1 0.42961278475041875 0.86899255891013 
160 1 0.3164174439363938 1.2153952809820736 
161 1 0.24599360976326903 1.0588708520273522 
162 1 0.5053007643221188 0.4185695094347937 
163 -1 1.2908289411790324 1.0369874312303675 
164 -1 1.1241963396977706 0.6598854634301543 
165 1 0.2529519033375732 0.9642200288347087 
166 -1 1.3673967429162446 0.9388834311894647 
167 -1 1.2606618613455525 1.1575177209756347 
168 1 0.2940221353848589 0.6413528726834701 
169 -1 1.2621827664036547 0.5320755809228822 
170 1 0.4808160843737972 0.30175945409654126 
171 1 0.5602612744822226 0.5946223606588228 
172 1 0.4811890391605923 0.5493104863669074 
173 -1 0.8635791146877381 0.36589184340360437 
174 1 0.39102360572116296 0.9547785339379025 
175 1 0.6091444784728615 1.222743501695171 
176 -1 1.1746170871991213 0.49464473152903254 
177 -1 1.0452782156370868 0.48937214489589015 
178 1 0.47103150502537694 0.9105875795154728 
179 -1 0.6714685218066612 0.37265265892596 
180 -1 0.8896511737284079 1.5056771790862962 
181 1 0.5536096782227183 0.5180787935869159 
182 1 0.2429593665387974 0.9277762510146677 
183 1 0.24221606979953436 0.9789013326895508 
184 1 0.3653594751063816 0.5117939793536572 
185 1 0.18007358421658456 1.0619656928941597 
186 1 0.33911766333774745 0.9576872688717724 
187 1 0.14737935922108283 0.9461913322039684 
188 -1 0.8028856791143236 0.4790701968624586 
189 -1 1.356072445142349 1.1390214050006597 
190 -1 0.9884537844628712 0.9102945954728315 
191 -1 1.0201489787472522 1.2349861064769905 
192 -1 1.1039195941289257 0.8498121003406078 
193 1 0.004856344401314093 1.2385347617918203 
194 1 0.2715509225960918 1.0851270068587084 
195 -1 0.9550442053216044 0.8264205694934237 
196 1 0.7183182751610103 0.7131541222791603 
197 1 0.5188333796660363 0.46212754831208874 
198 -1 0.8225680548099772 0.4380787232823969 
199 -1 1.1734519985909218 0.6249384367087961 
200 -1 1.3023319171031156 1.1406892268317697 
201 -1 0.9313524275306391 0.7788714891332773 
202 1 0.41043557517990903 1.1980394786062545 
203 -1 0.7821007089173081 0.45206158764257925 
204 1 0.40471037283642713 0.5325900120569057 
205 1 0.2653015066563458 1.216375702277811 
206 -1 1.1986303398582947 0.7091133317260313 
207 -1 0.7722818412676765 1.035302734992593 
208 -1 1.2752870698150394 0.9775788039332165 
209 -1 1.1044243232809312 0.6059008339696452 
210 -1 1.1235426804754747 0.6271312727415373 
211 -1 0.8467092597195094 0.41822023836855016 
212 1 0.5096938912205127 1.0164408257688664 
213 -1 0.9473710325174316 0.3185980209326701 
214 -1 1.2820606072404686 0.8365126042386845 
215 -1 1.1786591123354708 0.8016986734746565 
216 1 0.530228215368643 0.5566449435723498 
217 1 0.4987695950234441 0.21559070381087153 
218 -1 1.0371399772861645 1.4954839930917097 
219 -1 1.066348926140017 0.43142982609160363 
220 1 0.5760174327792684 0.44748748392966714 
221 -1 1.153909703326599 0.8609670442900287 
222 1 0.6916741139125566 0.8120155940034338 
223 1 0.6230856877861278 0.6100064209473354 
224 1 0.10714331545492431 1.2526760620899362 
225 1 0.2297874370473965 1.1397298854955191 
226 1 0.2884230404964752 0.5017228008730888 
227 1 0.508590936083002 0.5350570072224227 
228 1 0.6591334872333628 0.7478331355569893 
229 1 0.6319027996500166 0.257674775004899 
230 -1 1.0146457450179673 0.8900489863158573 
231 -1 1.1188495053103977 0.648300955686393 
232 1 0.34015229409988307 0.8473941322375012 
233 -1 1.1763152546117366 1.4160257492481316 
234 -1 1.052305355627102 0.6991900898899199 
235 1 0.33986633073085726 0.4699530710367342 
236 -1 0.8290302753838824 1.449302785966582 
237 1 0.27944869063448374 0.9848719526120823 
238 1 0.5225178520162134 0.7264989371226658 
239 -1 1.0779335357770479 0.8672900546419983 
240 1 0.5195832109023802 1.0955491310684058 
241 -1 1.020001183439917 0.7505412473983979 
242 -1 1.2920009951314313 1.3685690326565727 
243 -1 1.3485781822794536 1.0490667198743784 
244 -1 1.094664122768836 0.2302629402669059 
245 -1 1.2240815886308014 1.0841164238445373 
246 -1 1.2115262982085935 0.7127759840163744 
247 -1 0.9587132684664972 0.7773070376770566 
248 -1 0.8902197198985302 0.351567920327407 
249 1 0.5595935629184992 0.22481410603507404 
