id label data 
0 1 0.6724501298759097 0.22520050351165552 
1 1 0.5243718310513307 0.24049240641230718 
2 1 0.35660285318692225 0.3320532064600117 
3 1 0.023934929946044202 1.099841479192407 
4 -1 0.6651674563596304 0.5965281830905732 
5 1 0.3944421101166347 1.1120823726173326 
6 1 0.3719666319439401 1.036169877934714 
7 1 0.9606913973110502 0.44445005552915434 
8 1 0.317040556009064 1.1564058924011948 
9 -1 1.2327457402448843 1.2335064572998131 
10 1 0.19551345800153047 1.03006153549266 
11 -1 0.9107225997947545 0.9863316958367394 
12 1 0.36146526872302903 0.8756482914112432 
13 -1 0.9181261712588904 1.030000459298783 
14 1 0.7445118911876563 0.47358427470467424 
15 -1 1.0746215674185342 1.3204145308684163 
16 -1 0.689283560559709 0.42729281094075344 
17 1 0.6813552400437238 0.4995725627906258 
18 -1 1.1732420210807855 0.6419765020780921 
19 -1 1.044335860441801 0.34999068982781967 
20 -1 1.0246634059441424 0.43887867964544625 
21 1 0.9716884810009907 0.8590953393831884 
22 -1 1.2517682289442187 0.3461656346613498 
23 -1 0.9993361158780866 0.792714049656987 
24 1 0.4175044617736146 0.562079347549001 
25 1 0.5161256303916918 0.7719821354269158 
26 1 0.8117127755159189 0.6008699718145026 
27 -1 1.1745590445986873 0.7835093041911574 
28 1 0.4495279592756862 0.5017505836733939 
29 -1 1.2927289276698615 0.9720236573935076 
30 -1 1.1232009370797391 0.7104005338503431 
31 -1 1.3403816043278816 0.7304957191772806 
32 -1 1.2379134882893021 1.0686757901934294 
33 -1 0.7497328026405629 0.26827604139112554 
34 -1 1.1241963396977706 0.6598854634301543 
35 -1 0.8996609172112003 0.27621758291019904 
36 -1 0.862795816589293 0.5650705059134324 
37 -1 1.0452782156370868 0.48937214489589015 
38 1 0.2429593665387974 0.9277762510146677 
39 -1 0.8249243820666284 0.661613335196954 
40 -1 0.9313524275306391 0.7788714891332773 
41 1 0.40471037283642713 0.5325900120569057 
42 1 0.2653015066563458 1.216375702277811 
43 1 0.4987695950234441 0.21559070381087153 
44 1 0.6230856877861278 0.6100064209473354 
45 -1 1.0843045147265753 1.529198857002269 
46 1 0.34015229409988307 0.8473941322375012 
47 -1 1.1763152546117366 1.4160257492481316 
48 -1 1.0779335357770479 0.8672900546419983 
49 -1 1.2920009951314313 1.3685690326565727 
