id label data 
0 1 0.3533382396776809 0.532334435904901 
1 1 0.5150410033049541 0.7846119591351279 
2 -1 1.5707963267948966 0.6636541106324042 
3 1 0.4391908872389156 0.49668750323459415 
4 -1 0.9518940365302642 0.6779251592263891 
5 1 0.4114491615390483 0.5652925794018316 
6 1 0.23211314174265482 0.9019397717975239 
7 -1 0.7436484255711815 0.9971988045583408 
8 -1 0.6395908331710723 0.4231007077823203 
9 -1 0.9769671200809548 0.8056733003861168 
10 -1 0.9988099878339783 0.6511676570976381 
11 -1 1.1252916393589572 0.5408990457007672 
12 1 0.41584668878691045 0.7596723692148659 
13 -1 1.1189374773659257 1.3199004961103835 
14 -1 1.019307143647076 0.7891749564263043 
15 -1 1.1556697675047114 1.3117133948162722 
16 -1 0.9382204915982133 0.7076342465354216 
17 -1 1.314830181358784 0.9610879216488238 
18 1 0.6575468594714968 0.31672178958822345 
19 1 0.3670278967149856 1.0623630851156258 
20 1 0.4577757167243186 0.6630863329177284 
21 1 0.40345012525030527 0.9342045915176799 
22 -1 0.806777241726217 1.3106068253789995 
23 -1 1.2981726564666338 1.0818338454647303 
24 1 0.680139564969795 0.8465062478193505 
25 1 0.9137748495387761 0.7652602269655059 
26 1 0.6962559065602019 0.6372458048779581 
27 1 0.7405791653952554 0.3415668920771554 
28 -1 0.969836291282953 0.8207590471287474 
29 -1 1.0658138406001052 0.7818842927663324 
30 1 0.6114814547715403 0.46457731033180766 
31 1 0.42961278475041875 0.86899255891013 
32 1 0.24599360976326903 1.0588708520273522 
33 -1 1.2908289411790324 1.0369874312303675 
34 -1 1.3673967429162446 0.9388834311894647 
35 1 0.39102360572116296 0.9547785339379025 
36 -1 1.1826923586041973 0.4773114838113965 
37 -1 0.8225680548099772 0.4380787232823969 
38 -1 1.1734519985909218 0.6249384367087961 
39 -1 1.3023319171031156 1.1406892268317697 
40 -1 1.1986303398582947 0.7091133317260313 
41 -1 0.9473710325174316 0.3185980209326701 
42 -1 1.0371399772861645 1.4954839930917097 
43 1 0.5760174327792684 0.44748748392966714 
44 1 0.2884230404964752 0.5017228008730888 
45 -1 1.0146457450179673 0.8900489863158573 
46 -1 1.1188495053103977 0.648300955686393 
47 1 0.11757601606677125 0.8731348431838645 
48 1 0.5225178520162134 0.7264989371226658 
49 1 0.5195832109023802 1.0955491310684058 
