id label data 
0 -1 1.1243597018227025 0.4946703701851028 
1 1 0.6469229546029751 0.4405056312338304 
2 -1 0.9518940365302642 0.6779251592263891 
3 1 0.4114491615390483 0.5652925794018316 
4 1 0.317040556009064 1.1564058924011948 
5 1 0.23211314174265482 0.9019397717975239 
6 1 0.6729415698588588 0.2394222717839973 
7 -1 0.6395908331710723 0.4231007077823203 
8 -1 1.193604487810629 1.1417295468226567 
9 1 0.2607185526585163 0.9748527413940218 
10 1 0.14079520927894545 1.2873820794634028 
11 -1 1.394662179314301 0.6720565164771117 
12 -1 0.9128889648964347 1.1875422330554761 
13 -1 1.1252916393589572 0.5408990457007672 
14 -1 0.965763356240688 0.4158444078396544 
15 -1 1.0746215674185342 1.3204145308684163 
16 1 0.5416271176471013 0.8076505772421245 
17 1 0.6813552400437238 0.4995725627906258 
18 -1 1.019307143647076 0.7891749564263043 
19 1 0.38188834578239905 0.515486244463311 
20 -1 1.1732420210807855 0.6419765020780921 
21 1 0.3907718395490023 1.2533396070954612 
22 -1 1.1929071668383526 0.6726277807232396 
23 1 0.9982606015298168 0.3429328934556048 
24 1 0.32255125831317216 0.6472487164563543 
25 1 0.2197779558750646 0.9800624011112428 
26 1 0.46381913587264983 0.45241534316865023 
27 1 0.6926139857949862 0.7038332609269068 
28 -1 1.3403816043278816 0.7304957191772806 
29 -1 1.2792113607857158 1.3185233561806207 
30 -1 1.0658138406001052 0.7818842927663324 
31 1 0.3247423877703615 1.0991708451121587 
32 1 0.24599360976326903 1.0588708520273522 
33 1 0.5053007643221188 0.4185695094347937 
34 1 0.4808160843737972 0.30175945409654126 
35 1 0.39102360572116296 0.9547785339379025 
36 -1 1.1746170871991213 0.49464473152903254 
37 -1 0.8896511737284079 1.5056771790862962 
38 -1 0.9884537844628712 0.9102945954728315 
39 1 0.2715509225960918 1.0851270068587084 
40 1 0.41043557517990903 1.1980394786062545 
41 -1 0.7821007089173081 0.45206158764257925 
42 -1 0.7722818412676765 1.035302734992593 
43 -1 1.1235426804754747 0.6271312727415373 
44 -1 1.1786591123354708 0.8016986734746565 
45 -1 1.0371399772861645 1.4954839930917097 
46 1 0.5760174327792684 0.44748748392966714 
47 1 0.5225178520162134 0.7264989371226658 
48 -1 1.0779335357770479 0.8672900546419983 
49 -1 1.2115262982085935 0.7127759840163744 
