id label data 
0 1 0.6724501298759097 0.22520050351165552 
1 1 0.6060582753612969 0.622928761621619 
2 -1 1.1415621377944574 0.5031456722247992 
3 1 0.35660285318692225 0.3320532064600117 
4 1 0.3719666319439401 1.036169877934714 
5 1 0.9606913973110502 0.44445005552915434 
6 -1 1.338586044468526 0.587388268333201 
7 1 0.6716976019304423 0.4393072674330036 
8 1 0.5912002829149174 1.0397890112982502 
9 -1 0.9772930086385742 1.3969765581138631 
10 -1 0.689283560559709 0.42729281094075344 
11 -1 0.950645467908563 0.34028193619958613 
12 1 0.2645404164012114 0.8440870842226589 
13 -1 1.1876762134397882 0.5957705989468861 
14 1 0.49859215058470746 1.054293781257898 
15 1 0.6578580551557414 0.5601266384415062 
16 -1 1.1556697675047114 1.3117133948162722 
17 -1 1.0246634059441424 0.43887867964544625 
18 -1 1.0745788485226508 0.4805018205349766 
19 1 0.7827524191747304 0.39500867046194005 
20 1 0.6575468594714968 0.31672178958822345 
21 1 0.5810556076889871 0.2120332441994722 
22 -1 1.206235387430483 1.2174509603384476 
23 -1 1.0060870796074521 0.7406510854656445 
24 -1 1.1631740970779516 0.5482727317629966 
25 1 0.6627524406254749 0.3367663135345753 
26 -1 1.2927289276698615 0.9720236573935076 
27 -1 1.2379134882893021 1.0686757901934294 
28 -1 1.0419353817486452 0.9607143174921653 
29 1 0.6962559065602019 0.6372458048779581 
30 -1 0.7497328026405629 0.26827604139112554 
31 1 0.6610851514110223 0.5644635984542264 
32 1 0.07761822292692519 1.354589428686433 
33 1 0.42961278475041875 0.86899255891013 
34 -1 1.2606618613455525 1.1575177209756347 
35 1 0.4811890391605923 0.5493104863669074 
36 -1 1.0452782156370868 0.48937214489589015 
37 -1 0.8028856791143236 0.4790701968624586 
38 1 0.7183182751610103 0.7131541222791603 
39 1 0.5188333796660363 0.46212754831208874 
40 -1 0.9313524275306391 0.7788714891332773 
41 -1 1.1044243232809312 0.6059008339696452 
42 -1 0.8467092597195094 0.41822023836855016 
43 -1 1.2820606072404686 0.8365126042386845 
44 -1 1.153909703326599 0.8609670442900287 
45 1 0.2884230404964752 0.5017228008730888 
46 -1 1.1763152546117366 1.4160257492481316 
47 1 0.33986633073085726 0.4699530710367342 
48 1 0.5195832109023802 1.0955491310684058 
49 -1 1.094664122768836 0.2302629402669059 
