id label data 
0 1 0.5243718310513307 0.24049240641230718 
1 -1 1.1415621377944574 0.5031456722247992 
2 1 0.19113201023359283 1.0650500820759636 
3 1 0.023934929946044202 1.099841479192407 
4 -1 1.0745856778443579 0.47048144255402885 
5 -1 1.0113178895845067 0.3806216132386492 
6 1 0.3719666319439401 1.036169877934714 
7 1 0.14079520927894545 1.2873820794634028 
8 -1 0.9128889648964347 1.1875422330554761 
9 1 0.39848679424815076 0.8299223822709938 
10 -1 0.9988099878339783 0.6511676570976381 
11 -1 0.965763356240688 0.4158444078396544 
12 -1 1.2014498260945676 1.400867348179032 
13 1 0.5416271176471013 0.8076505772421245 
14 -1 1.019307143647076 0.7891749564263043 
15 -1 1.0092604259478157 0.338572983619541 
16 1 0.38188834578239905 0.515486244463311 
17 -1 1.2106116161901046 1.0787858822694836 
18 1 0.43332710125879903 0.4159025182680489 
19 1 0.9716884810009907 0.8590953393831884 
20 1 0.7689134945450296 0.35706043297805884 
21 -1 1.126344278241154 1.3077882266723475 
22 1 0.6575468594714968 0.31672178958822345 
23 1 0.2426711774664555 1.1004780419689673 
24 1 0.40345012525030527 0.9342045915176799 
25 -1 1.2927289276698615 0.9720236573935076 
26 -1 0.8420062835672643 1.3232451775434753 
27 -1 1.3403816043278816 0.7304957191772806 
28 1 0.6610851514110223 0.5644635984542264 
29 1 0.07761822292692519 1.354589428686433 
30 -1 1.0658138406001052 0.7818842927663324 
31 -1 0.8245060276825922 1.4906645575416186 
32 1 0.4905026064519391 0.3743525667645098 
33 1 0.5602612744822226 0.5946223606588228 
34 -1 1.1746170871991213 0.49464473152903254 
35 -1 0.6714685218066612 0.37265265892596 
36 1 0.2429593665387974 0.9277762510146677 
37 1 0.24221606979953436 0.9789013326895508 
38 1 0.4607969845775467 0.9712339190835544 
39 1 0.33911766333774745 0.9576872688717724 
40 1 0.14737935922108283 0.9461913322039684 
41 -1 0.8225680548099772 0.4380787232823969 
42 -1 0.7821007089173081 0.45206158764257925 
43 1 0.40471037283642713 0.5325900120569057 
44 -1 1.1986303398582947 0.7091133317260313 
45 -1 1.153909703326599 0.8609670442900287 
46 1 0.6319027996500166 0.257674775004899 
47 -1 1.094664122768836 0.2302629402669059 
48 -1 0.8902197198985302 0.351567920327407 
49 1 0.5595935629184992 0.22481410603507404 
