id label data 
0 1 0.5243718310513307 0.24049240641230718 
1 1 0.35829554457300433 0.8520055949614462 
2 -1 1.1806609738570095 0.7724797319644804 
3 -1 1.0745856778443579 0.47048144255402885 
4 -1 0.7369800624553723 0.48928404228754857 
5 -1 0.8680574233888371 0.33041831531707067 
6 1 0.3944421101166347 1.1120823726173326 
7 1 0.4391908872389156 0.49668750323459415 
8 -1 0.9769671200809548 0.8056733003861168 
9 -1 1.1183720173855605 0.6161934964817168 
10 -1 1.3192631095604508 0.6509466302266471 
11 -1 0.6667493485087423 0.5109047043138238 
12 1 0.7445118911876563 0.47358427470467424 
13 -1 1.1695882561230915 0.4999559073086525 
14 -1 0.7949075947739215 0.6187575557866417 
15 1 0.43332710125879903 0.4159025182680489 
16 -1 1.1903616994604085 1.208999783922692 
17 -1 1.0952633395111353 0.8059349970461703 
18 -1 0.9993361158780866 0.792714049656987 
19 1 0.3670278967149856 1.0623630851156258 
20 1 0.784639249854425 0.37565895137585964 
21 1 0.40345012525030527 0.9342045915176799 
22 -1 0.806777241726217 1.3106068253789995 
23 1 0.21580042704790545 0.7844793811256738 
24 1 0.8117127755159189 0.6008699718145026 
25 -1 1.0954667839181969 1.0578793128156476 
26 -1 1.1745590445986873 0.7835093041911574 
27 1 0.4495279592756862 0.5017505836733939 
28 1 0.6544371713491576 0.5956517676071085 
29 -1 1.2981726564666338 1.0818338454647303 
30 -1 1.1232009370797391 0.7104005338503431 
31 1 0.3158081357504249 1.0573201266271302 
32 1 0.7350727233070514 0.6355931246647067 
33 1 0.4905026064519391 0.3743525667645098 
34 -1 1.093696932733895 1.328752398081046 
35 -1 0.8996609172112003 0.27621758291019904 
36 -1 0.862795816589293 0.5650705059134324 
37 1 0.39043796856280755 0.42591190952478375 
38 1 0.4607969845775467 0.9712339190835544 
39 -1 1.1293361179324195 0.7233591243105721 
40 1 0.23921398882599784 1.317989522200617 
41 -1 0.8249243820666284 0.661613335196954 
42 -1 1.1826923586041973 0.4773114838113965 
43 -1 0.8632525989614503 0.9674179963278442 
44 1 0.3222648851431886 1.0904403391274804 
45 1 0.8130468346760996 0.27742146249108796 
46 1 0.11757601606677125 0.8731348431838645 
47 -1 1.0843045147265753 1.529198857002269 
48 1 0.2730826533911676 1.381079547803308 
49 1 0.741281991194481 0.6422705596441902 
