id label data 
0 -1 1.1490716486575074 0.671747414471219 
1 1 0.3533382396776809 0.532334435904901 
2 -1 1.1415621377944574 0.5031456722247992 
3 -1 1.153154553414733 0.7965599561551266 
4 -1 0.6651674563596304 0.5965281830905732 
5 1 0.3719666319439401 1.036169877934714 
6 -1 1.3849599347206545 0.64567054458186 
7 -1 0.7436484255711815 0.9971988045583408 
8 1 0.0 1.338226859439006 
9 1 0.4499366611692238 0.9845429004769001 
10 -1 1.394662179314301 0.6720565164771117 
11 1 0.6237456637026301 0.40397320774158413 
12 1 0.19551345800153047 1.03006153549266 
13 1 0.39848679424815076 0.8299223822709938 
14 -1 1.1240812742352806 1.3387426242372982 
15 -1 1.0746215674185342 1.3204145308684163 
16 -1 1.0841395339644864 0.7932610414419746 
17 -1 1.0092604259478157 0.338572983619541 
18 -1 1.1876762134397882 0.5957705989468861 
19 -1 1.1732420210807855 0.6419765020780921 
20 -1 0.7949075947739215 0.6187575557866417 
21 -1 1.1903616994604085 1.208999783922692 
22 -1 1.0952633395111353 0.8059349970461703 
23 1 0.48013914620694276 0.4714380883441609 
24 -1 1.0954667839181969 1.0578793128156476 
25 -1 1.2509226825246786 0.8967380658099708 
26 -1 1.3403816043278816 0.7304957191772806 
27 1 0.9137748495387761 0.7652602269655059 
28 -1 1.0771887610658968 0.4315132023634318 
29 1 0.7350727233070514 0.6355931246647067 
30 -1 0.969836291282953 0.8207590471287474 
31 -1 0.9359207129454862 1.1487373666272813 
32 -1 0.8245060276825922 1.4906645575416186 
33 1 0.42961278475041875 0.86899255891013 
34 1 0.4808160843737972 0.30175945409654126 
35 1 0.5602612744822226 0.5946223606588228 
36 1 0.6091444784728615 1.222743501695171 
37 1 0.3653594751063816 0.5117939793536572 
38 1 0.33911766333774745 0.9576872688717724 
39 -1 1.1826923586041973 0.4773114838113965 
40 -1 1.0201489787472522 1.2349861064769905 
41 1 0.7183182751610103 0.7131541222791603 
42 -1 0.7722818412676765 1.035302734992593 
43 1 0.530228215368643 0.5566449435723498 
44 1 0.4987695950234441 0.21559070381087153 
45 -1 1.066348926140017 0.43142982609160363 
46 1 0.5760174327792684 0.44748748392966714 
47 1 0.6319027996500166 0.257674775004899 
48 -1 1.2920009951314313 1.3685690326565727 
49 -1 1.094664122768836 0.2302629402669059 
