id label data 
0 -1 1.1490716486575074 0.671747414471219 
1 -1 0.9986272711713825 0.4213668407075743 
2 1 0.3533382396776809 0.532334435904901 
3 1 0.35829554457300433 0.8520055949614462 
4 -1 0.7369800624553723 0.48928404228754857 
5 -1 0.8680574233888371 0.33041831531707067 
6 1 0.4114491615390483 0.5652925794018316 
7 1 0.7667872733173986 0.8300892028132194 
8 -1 1.394662179314301 0.6720565164771117 
9 1 1.026076366789606 0.4142840578647777 
10 1 0.5912002829149174 1.0397890112982502 
11 -1 0.9772930086385742 1.3969765581138631 
12 -1 1.0746215674185342 1.3204145308684163 
13 -1 0.689283560559709 0.42729281094075344 
14 1 0.6813552400437238 0.4995725627906258 
15 -1 1.1189374773659257 1.3199004961103835 
16 -1 1.1620349452463612 0.5425345931758807 
17 -1 1.2318751694277854 0.773998976548547 
18 -1 1.0745788485226508 0.4805018205349766 
19 -1 1.2517682289442187 0.3461656346613498 
20 -1 0.9993361158780866 0.792714049656987 
21 1 0.3670278967149856 1.0623630851156258 
22 1 0.46381913587264983 0.45241534316865023 
23 1 0.49490570430036224 0.4260963453572069 
24 -1 1.0371116683038273 0.49090758608532625 
25 -1 0.806777241726217 1.3106068253789995 
26 1 0.6627524406254749 0.3367663135345753 
27 1 0.6544371713491576 0.5956517676071085 
28 1 0.6926139857949862 0.7038332609269068 
29 1 0.680139564969795 0.8465062478193505 
30 -1 1.1232009370797391 0.7104005338503431 
31 -1 0.969836291282953 0.8207590471287474 
32 1 0.3247423877703615 1.0991708451121587 
33 1 0.24599360976326903 1.0588708520273522 
34 -1 1.1241963396977706 0.6598854634301543 
35 -1 1.093696932733895 1.328752398081046 
36 1 0.2529519033375732 0.9642200288347087 
37 -1 0.862795816589293 0.5650705059134324 
38 -1 0.8635791146877381 0.36589184340360437 
39 -1 0.8896511737284079 1.5056771790862962 
40 -1 1.356072445142349 1.1390214050006597 
41 -1 0.9313524275306391 0.7788714891332773 
42 1 0.5096938912205127 1.0164408257688664 
43 -1 1.0371399772861645 1.4954839930917097 
44 1 0.5760174327792684 0.44748748392966714 
45 1 0.6230856877861278 0.6100064209473354 
46 1 0.8130468346760996 0.27742146249108796 
47 1 0.508590936083002 0.5350570072224227 
48 -1 1.1188495053103977 0.648300955686393 
49 -1 1.2115262982085935 0.7127759840163744 
