id label data 
0 1 0.5447562064909348 0.6416144571414204 
1 1 0.6469229546029751 0.4405056312338304 
2 -1 1.0113178895845067 0.3806216132386492 
3 1 0.4114491615390483 0.5652925794018316 
4 -1 1.338586044468526 0.587388268333201 
5 -1 0.9769671200809548 0.8056733003861168 
6 -1 0.9107225997947545 0.9863316958367394 
7 1 0.5450957633337404 0.38390599151856925 
8 1 0.7445118911876563 0.47358427470467424 
9 -1 1.1011247170819098 1.2126499215772926 
10 -1 0.7062523715923682 0.5296804878868081 
11 -1 1.1620349452463612 0.5425345931758807 
12 1 0.38188834578239905 0.515486244463311 
13 -1 1.2318751694277854 0.773998976548547 
14 -1 1.044335860441801 0.34999068982781967 
15 -1 1.1929071668383526 0.6726277807232396 
16 -1 1.2517682289442187 0.3461656346613498 
17 1 0.4577757167243186 0.6630863329177284 
18 1 0.4996660773939391 0.7010101532950457 
19 1 0.4175044617736146 0.562079347549001 
20 1 0.19830140296852303 1.0034804986758874 
21 -1 0.8420062835672643 1.3232451775434753 
22 -1 1.0419353817486452 0.9607143174921653 
23 -1 1.0014840772037952 0.6180759201622966 
24 -1 1.0658138406001052 0.7818842927663324 
25 1 0.5172523480492086 0.3860156698007463 
26 1 0.7007244211583684 0.4387226836858446 
27 1 0.4905026064519391 0.3743525667645098 
28 1 0.3164174439363938 1.2153952809820736 
29 1 0.2940221353848589 0.6413528726834701 
30 -1 0.862795816589293 0.5650705059134324 
31 1 0.4811890391605923 0.5493104863669074 
32 1 0.47103150502537694 0.9105875795154728 
33 -1 0.8896511737284079 1.5056771790862962 
34 -1 1.1039195941289257 0.8498121003406078 
35 1 0.2715509225960918 1.0851270068587084 
36 -1 0.9550442053216044 0.8264205694934237 
37 -1 0.9313524275306391 0.7788714891332773 
38 1 0.2653015066563458 1.216375702277811 
39 -1 1.1786591123354708 0.8016986734746565 
40 -1 1.153909703326599 0.8609670442900287 
41 1 0.6230856877861278 0.6100064209473354 
42 1 0.8130468346760996 0.27742146249108796 
43 1 0.6591334872333628 0.7478331355569893 
44 -1 1.0843045147265753 1.529198857002269 
45 1 0.34015229409988307 0.8473941322375012 
46 1 0.5225178520162134 0.7264989371226658 
47 1 0.5195832109023802 1.0955491310684058 
48 -1 1.2115262982085935 0.7127759840163744 
49 -1 0.9587132684664972 0.7773070376770566 
