id label data 
0 -1 1.1490716486575074 0.671747414471219 
1 -1 0.9625532143831127 1.4238240760364893 
2 -1 0.9986272711713825 0.4213668407075743 
3 1 0.3533382396776809 0.532334435904901 
4 1 0.19113201023359283 1.0650500820759636 
5 -1 1.5707963267948966 0.6636541106324042 
6 1 0.04449263446618525 1.2210824012472232 
7 -1 1.1174813447089724 0.7138151279454592 
8 1 0.0 1.338226859439006 
9 -1 1.0943562921251535 1.3678972507504041 
10 1 0.4499366611692238 0.9845429004769001 
11 1 1.026076366789606 0.4142840578647777 
12 -1 0.9181261712588904 1.030000459298783 
13 -1 1.2516941364915082 1.1269894026893215 
14 1 0.41584668878691045 0.7596723692148659 
15 -1 1.0092604259478157 0.338572983619541 
16 -1 0.9961236254792991 1.4231828149503714 
17 1 0.36540553337570336 1.183141743842185 
18 1 0.6462843970488682 0.5967547356050934 
19 -1 0.9382204915982133 0.7076342465354216 
20 -1 1.314830181358784 0.9610879216488238 
21 1 0.3012331112028759 0.4658170701464848 
22 1 0.7689134945450296 0.35706043297805884 
23 1 0.4577757167243186 0.6630863329177284 
24 1 0.48013914620694276 0.4714380883441609 
25 -1 1.205024285167969 0.8419950284508071 
26 1 0.19830140296852303 1.0034804986758874 
27 -1 0.9423843256337059 0.3978359466169762 
28 -1 0.8420062835672643 1.3232451775434753 
29 1 0.2785645460327852 1.0910137264942616 
30 -1 1.1056672165228554 1.087010701108023 
31 1 0.9137748495387761 0.7652602269655059 
32 -1 1.0771887610658968 0.4315132023634318 
33 -1 1.0014840772037952 0.6180759201622966 
34 1 0.48141070228834787 0.4445689031429175 
35 -1 0.9359207129454862 1.1487373666272813 
36 1 0.6114814547715403 0.46457731033180766 
37 1 0.3164174439363938 1.2153952809820736 
38 1 0.2940221353848589 0.6413528726834701 
39 1 0.5536096782227183 0.5180787935869159 
40 1 0.33911766333774745 0.9576872688717724 
41 -1 1.1039195941289257 0.8498121003406078 
42 -1 1.1734519985909218 0.6249384367087961 
43 -1 1.2752870698150394 0.9775788039332165 
44 1 0.508590936083002 0.5350570072224227 
45 -1 1.052305355627102 0.6991900898899199 
46 -1 0.8290302753838824 1.449302785966582 
47 1 0.27944869063448374 0.9848719526120823 
48 -1 0.9587132684664972 0.7773070376770566 
49 -1 0.8902197198985302 0.351567920327407 
