id label data 
0 1 0.5447562064909348 0.6416144571414204 
1 -1 0.6651674563596304 0.5965281830905732 
2 1 0.3944421101166347 1.1120823726173326 
3 1 0.4391908872389156 0.49668750323459415 
4 -1 0.9518940365302642 0.6779251592263891 
5 1 0.317040556009064 1.1564058924011948 
6 -1 1.338586044468526 0.587388268333201 
7 -1 1.2327457402448843 1.2335064572998131 
8 1 0.6716976019304423 0.4393072674330036 
9 -1 0.6395908331710723 0.4231007077823203 
10 1 0.4499366611692238 0.9845429004769001 
11 -1 0.9769671200809548 0.8056733003861168 
12 1 0.6237456637026301 0.40397320774158413 
13 1 0.3078793807271881 1.0201471495555474 
14 -1 0.6667493485087423 0.5109047043138238 
15 -1 1.2516941364915082 1.1269894026893215 
16 1 0.41584668878691045 0.7596723692148659 
17 -1 0.9961236254792991 1.4231828149503714 
18 -1 1.1556697675047114 1.3117133948162722 
19 1 0.36540553337570336 1.183141743842185 
20 -1 1.1929071668383526 0.6726277807232396 
21 -1 1.314830181358784 0.9610879216488238 
22 1 0.2197779558750646 0.9800624011112428 
23 1 0.784639249854425 0.37565895137585964 
24 1 0.4175044617736146 0.562079347549001 
25 1 0.6177130937076885 0.9289132961696447 
26 1 0.5161256303916918 0.7719821354269158 
27 1 0.8117127755159189 0.6008699718145026 
28 1 0.4495279592756862 0.5017505836733939 
29 1 0.2785645460327852 1.0910137264942616 
30 -1 1.2379134882893021 1.0686757901934294 
31 1 0.7350727233070514 0.6355931246647067 
32 1 0.7007244211583684 0.4387226836858446 
33 -1 0.9359207129454862 1.1487373666272813 
34 -1 1.3673967429162446 0.9388834311894647 
35 1 0.2940221353848589 0.6413528726834701 
36 -1 1.2621827664036547 0.5320755809228822 
37 1 0.39102360572116296 0.9547785339379025 
38 1 0.5536096782227183 0.5180787935869159 
39 1 0.3653594751063816 0.5117939793536572 
40 1 0.23921398882599784 1.317989522200617 
41 -1 0.8249243820666284 0.661613335196954 
42 -1 1.1826923586041973 0.4773114838113965 
43 -1 1.1039195941289257 0.8498121003406078 
44 -1 0.9550442053216044 0.8264205694934237 
45 1 0.41043557517990903 1.1980394786062545 
46 -1 0.9473710325174316 0.3185980209326701 
47 -1 1.2820606072404686 0.8365126042386845 
48 1 0.530228215368643 0.5566449435723498 
49 1 0.2730826533911676 1.381079547803308 
