23	95	199.942
43	73	199.856
29	91	199.788
17	87	199.785
51	93	199.641
85	89	199.621
53	67	199.583
59	87	199.578
79	97	199.526
49	75	199.187
9	45	199.025
17	59	198.986
17	91	198.857
49	93	198.434
7	77	198.364
29	45	198.302
55	99	198.21
17	29	197.853
87	91	197.803
79	81	197.798
45	91	197.417
49	51	197.301
9	25	197.221
25	99	197.035
25	95	196.879
23	25	196.862
59	91	196.822
29	87	196.638
7	71	196.599
83	99	196.509
75	93	196.321
35	67	196.287
11	47	196.216
27	57	196.073
13	69	196.04
9	95	196.006
1	45	-195.952
29	59	195.926
35	53	195.683
13	65	195.593
51	75	195.589
33	97	195.581
81	97	195.34
9	23	195.244
45	95	195.24
15	75	195.14
15	39	195.08
9	29	195.074
33	79	194.959
91	95	194.543
1	9	-194.284
23	45	194.204
9	91	194.07
69	89	193.874
39	43	193.868
39	73	193.855
29	95	193.788
1	89	193.743
25	45	193.699
23	91	193.533
81	83	193.469
33	67	193.243
69	85	193.181
55	83	193.112
1	29	-193.042
83	85	-193.04
17	45	193.005
25	55	192.731
23	29	192.644
15	49	192.316
1	85	192.044
33	53	192.032
17	95	191.844
67	97	191.83
15	43	191.328
9	85	-191.179
11	37	191.096
17	23	190.921
53	73	190.9
9	99	190.892
45	87	190.724
13	19	190.6
1	91	-190.58
71	77	190.531
41	47	190.315
33	81	190.277
9	89	-190.213
25	83	190.179
43	53	190.172
39	75	190.092
31	57	190.012
15	73	189.779
83	89	-189.656
45	59	189.294
87	95	189.286
27	31	188.92
35	43	188.867
23	99	188.866
95	99	188.58
53	97	188.44
9	17	188.409
23	87	188.305
3	11	188.264
35	73	188.186
67	79	188.057
25	29	188.023
21	65	187.846
45	85	-187.741
25	91	187.685
45	89	-187.683
85	99	-187.656
1	21	187.496
19	69	187.39
67	73	187.314
25	85	-187.269
43	67	186.701
9	83	185.89
59	95	185.687
13	89	185.495
9	87	185.414
79	83	185.368
57	63	185.068
55	81	185.045
65	69	185.041
3	47	184.882
81	99	184.813
1	25	-184.786
45	99	184.602
15	93	184.557
25	89	-184.519
23	59	184.481
39	49	184.356
53	79	184.324
1	17	-184.313
23	55	184.265
35	97	184.068
11	41	184.01
89	99	-183.805
1	95	-183.577
69	83	-183.464
55	95	183.452
9	59	183.131
21	89	183.12
9	55	182.923
13	21	182.903
13	85	182.901
15	51	182.504
1	59	-182.426
5	31	-182.3
1	87	-182.128
1	23	-181.913
17	25	181.828
33	35	181.339
19	65	180.771
83	97	180.607
5	51	180.378
55	79	179.96
37	47	179.637
29	89	-179.342
81	85	-179.304
27	63	179.21
35	79	178.856
33	71	-178.809
1	69	178.787
45	83	178.756
29	85	-178.756
55	85	-178.551
31	61	178.484
21	85	178.482
3	59	178.176
85	95	-178.172
25	87	178.171
21	69	178.042
83	95	177.65
23	83	177.538
69	81	-177.493
67	81	177.463
43	75	177.147
23	85	-177.065
1	99	-176.947
39	93	176.755
79	99	176.712
1	83	-176.633
55	97	176.621
39	51	176.515
5	93	176.379
5	57	-176.359
89	95	-176.187
89	91	-176.165
85	91	-175.797
29	99	175.641
37	41	175.621
73	75	175.58
45	55	175.472
47	59	175.166
65	89	174.948
81	89	-174.921
23	89	-174.875
91	99	174.78
25	59	174.313
55	89	-173.792
53	81	173.124
3	87	173.083
47	87	172.477
39	53	172.444
9	69	-172.172
1	13	172.132
97	99	172.129
21	45	-172.118
27	61	171.808
25	81	171.781
15	35	171.628
33	73	171.494
43	49	170.98
69	99	-170.792
33	83	170.744
65	85	170.685
3	17	169.696
33	43	169.689
19	71	169.615
35	39	169.563
3	37	169.293
21	29	-169.264
49	73	169.075
9	21	-168.991
53	71	-168.509
17	47	168.356
45	69	-168.166
15	53	167.805
19	89	167.751
29	83	167.548
13	83	-167.177
17	99	167.114
25	69	-167.057
39	67	167.034
17	89	-167.022
19	85	166.907
1	65	166.772
79	85	-166.614
17	85	-166.505
29	55	166.22
5	49	166.204
35	81	166.149
69	79	-165.914
67	71	-165.903
55	91	165.838
1	55	-165.72
83	91	165.539
21	91	-165.327
7	33	-164.552
3	91	164.473
9	81	164.277
3	29	164.169
11	59	163.555
87	89	-163.551
19	81	-163.512
73	97	163.359
15	67	163.357
5	75	163.333
5	27	-163.171
87	99	162.789
85	87	-162.778
59	89	-162.536
43	97	162.418
19	33	-162.098
79	89	-161.712
13	81	-161.493
55	69	-161.383
25	79	161.288
59	85	-161.22
71	97	-160.968
71	79	-160.85
71	73	-160.675
33	55	160.615
33	69	-160.563
85	97	-160.353
21	59	-160.193
69	97	-160.087
43	93	160.005
9	13	-159.557
11	87	159.502
3	41	159.207
19	83	-159.201
47	91	159.071
57	61	158.866
31	63	158.678
17	21	-158.67
17	55	158.66
59	99	158.56
73	93	158.214
43	51	158.141
29	69	-157.884
33	99	157.83
7	53	-157.755
71	81	-157.705
73	79	157.562
13	45	-157.491
43	71	-157.423
21	87	-157.414
7	19	156.985
51	73	156.575
29	47	156.528
43	79	156.472
17	83	156.195
25	97	156.005
7	73	-155.828
19	79	-155.768
21	83	-155.658
69	95	-155.574
23	81	155.554
21	25	-155.549
89	97	-155.373
19	21	155.343
81	95	155.321
45	81	155.236
11	17	155.068
1	81	-154.595
67	83	154.583
23	69	-154.391
55	87	154.295
69	91	-154.293
7	67	-154.262
33	77	-153.885
1	3	-153.836
33	85	-153.549
13	99	-153.482
3	45	153.106
41	59	153.048
21	95	-152.459
7	43	-152.423
83	87	151.768
9	79	151.743
41	87	151.7
13	25	-151.559
19	97	-151.559
7	39	-151.412
55	67	151.292
65	83	-150.814
39	71	-150.662
35	75	150.527
73	77	-150.43
21	23	-150.408
13	79	-150.403
21	99	-150.107
3	21	-149.87
5	63	-149.714
33	39	149.656
55	59	149.557
35	71	-149.528
45	65	-149.457
39	77	-149.453
53	77	-149.342
33	89	-149.284
53	83	149.265
9	65	-149.222
13	29	-149.156
59	83	148.392
13	33	-148.051
53	75	147.784
17	41	147.724
1	19	147.465
43	77	-147.069
61	83	-146.926
19	77	146.858
61	81	-146.825
7	97	-146.372
11	91	146.372
69	71	146.25
9	31	-146.006
37	61	-146
35	55	145.943
9	97	145.88
67	77	-145.687
7	79	-145.666
13	91	-145.511
35	49	145.387
53	55	145.275
13	97	-145.249
31	45	-145.197
51	57	-145.082
23	79	145.015
67	99	144.934
17	69	-144.919
21	27	144.879
35	83	144.529
79	95	144.513
11	29	144.48
25	31	-144.337
73	81	144.31
1	57	144.235
65	81	-144.154
45	47	144.028
61	85	143.974
29	65	-143.771
1	31	143.751
3	9	143.736
19	99	-143.621
5	17	143.617
3	95	143.608
13	55	-143.593
31	85	143.429
27	89	143.34
5	87	143.335
43	81	143.071
31	89	142.979
61	79	-142.853
1	27	142.832
29	81	142.785
67	75	142.785
61	69	142.729
47	95	142.719
21	57	142.67
29	31	-142.643
31	95	-142.589
13	95	-142.57
5	91	142.548
45	79	142.464
61	89	142.461
15	33	142.401
23	31	-142.12
3	23	142.047
5	15	142.04
5	59	141.991
25	33	141.938
31	91	-141.885
61	99	-141.835
13	71	141.805
23	47	141.792
7	81	-141.722
31	99	-141.708
31	51	-141.705
27	85	141.629
5	95	141.61
69	87	-141.609
49	53	141.493
5	29	141.484
5	23	141.436
5	39	141.275
13	23	-141.208
9	19	-141.036
1	79	-140.984
81	91	140.757
59	69	-140.691
19	67	-140.665
15	41	140.603
27	69	140.585
57	93	-140.582
41	75	140.577
13	27	140.525
21	63	140.33
61	97	-140.314
5	61	-140.23
41	49	140.197
65	91	-140.159
31	83	-140.125
23	97	140.04
19	53	-139.902
27	65	139.899
57	89	139.673
7	35	-139.669
21	55	-139.575
45	57	-139.566
55	61	-139.532
95	97	139.451
39	97	139.402
53	99	139.233
21	81	-139.223
5	45	139.136
11	39	138.981
25	65	-138.974
65	99	-138.864
67	69	-138.846
47	75	138.815
17	31	-138.753
29	57	-138.53
71	83	-138.322
19	25	-138.176
41	91	138.137
41	93	138.101
57	85	137.907
9	57	-137.877
35	99	137.861
33	61	-137.663
39	47	137.654
1	47	-137.641
13	17	-137.623
25	61	-137.451
41	51	137.43
31	87	-137.378
5	9	137.366
31	93	-137.357
31	55	-137.173
77	97	-137.103
37	73	136.965
19	45	-136.933
57	91	-136.873
9	61	-136.862
49	67	136.859
19	55	-136.818
47	51	136.793
45	97	136.751
31	59	-136.695
15	71	-136.69
47	49	136.571
37	43	136.253
15	97	136.156
77	79	-136.107
37	39	136.076
15	47	135.947
27	45	-135.864
9	47	135.72
5	25	135.631
53	69	-135.595
47	93	135.566
39	41	135.558
9	27	-135.488
29	41	135.31
13	59	-135.255
13	87	-135.232
7	15	-135.095
1	97	-135.045
65	79	-134.981
1	61	134.935
37	59	134.926
13	61	134.874
31	69	134.412
67	85	-134.302
9	33	134.296
45	61	-134.059
39	79	133.96
57	59	-133.935
49	57	-133.88
17	65	-133.866
19	61	133.845
11	61	-133.73
59	65	-133.693
17	57	-133.623
35	93	133.618
57	75	-133.511
11	15	133.452
11	75	133.435
11	73	133.248
35	77	-133.025
51	63	-132.948
11	43	132.932
27	29	-132.894
57	87	-132.839
65	95	-132.807
41	43	132.558
11	45	132.557
65	87	-132.459
33	65	-132.414
51	87	132.351
1	5	-132.318
57	69	132.157
15	77	-132.139
37	53	132.099
77	81	-131.915
51	59	131.895
17	81	131.888
3	25	131.756
57	65	131.747
21	31	131.411
25	57	-131.394
41	73	131.352
23	65	-131.294
65	97	-131.281
13	57	131.228
31	37	-131.218
37	87	131.199
27	51	-131.163
27	83	-131.116
7	69	131.063
57	95	-131.028
17	51	130.923
29	79	130.819
27	91	-130.775
35	51	130.762
5	47	130.676
61	95	-130.588
53	93	130.55
63	75	-130.493
15	79	130.49
3	89	-130.474
23	61	-130.213
67	89	-130.17
23	57	-130.026
53	85	-129.96
37	67	129.902
7	75	-129.876
55	65	-129.867
29	61	-129.81
71	85	129.789
11	49	129.737
3	39	129.705
87	93	129.664
61	63	129.66
15	37	129.658
25	27	-129.657
39	63	-129.588
63	93	-129.477
43	47	129.463
63	65	129.457
75	77	-129.32
13	67	-129.225
11	51	129.22
79	91	129.197
19	95	-129.152
47	73	129.147
59	93	129.109
11	95	129.087
25	67	129.057
3	57	-129.001
1	11	-128.989
1	63	128.905
19	35	-128.86
61	91	-128.66
19	23	-128.633
51	53	128.552
19	29	-128.487
31	81	-128.474
7	13	128.408
13	31	128.331
17	93	128.206
35	69	-128.16
49	63	-128.123
11	23	128.097
21	79	-128.091
27	93	-128.026
81	87	127.929
71	75	-127.866
21	47	-127.777
27	99	-127.767
31	49	-127.727
11	93	127.694
71	89	127.671
25	47	127.665
5	99	127.665
35	37	127.494
3	85	-127.423
65	71	127.368
3	61	-127.365
17	37	127.307
55	71	-127.28
1	33	-127.238
61	67	-127.022
57	83	-126.915
13	53	-126.914
57	99	-126.754
23	33	126.713
41	95	126.671
19	27	126.66
17	27	-126.484
27	59	-126.477
27	95	-126.436
33	95	126.381
23	41	126.263
33	45	126.245
51	91	126.19
67	93	126.19
19	91	-126.171
53	89	-126.112
71	99	-126.054
37	75	125.996
7	49	-125.983
29	97	125.742
21	61	125.642
23	27	-125.469
49	77	-125.464
59	75	125.44
27	87	-125.419
5	11	125.41
31	75	-125.4
17	61	-125.388
47	61	-125.361
19	73	-125.227
49	87	125.213
49	59	125.2
61	65	125.175
5	41	125.124
41	45	124.991
59	81	124.979
35	85	-124.97
75	87	124.923
33	75	124.784
59	61	-124.72
51	77	-124.66
9	11	124.648
3	31	-124.616
3	5	124.53
15	63	-124.528
3	75	124.479
61	87	-124.466
7	83	-124.456
11	31	-124.439
3	27	-124.427
53	61	-124.354
29	51	124.312
91	97	124.31
5	85	-124.257
19	43	-124.185
3	63	-124.15
51	67	124.133
5	89	-124.105
77	93	-124.095
25	53	124.087
49	71	-124.05
33	37	123.974
5	55	123.911
21	97	-123.746
17	49	123.432
7	93	-123.388
11	21	-123.383
91	93	123.362
7	51	-123.289
31	65	123.276
25	35	123.136
41	65	-123.008
17	75	122.927
3	51	122.879
27	37	-122.864
5	37	122.701
31	47	-122.675
39	81	122.648
63	89	122.605
13	35	-122.573
27	49	-122.398
13	63	122.347
39	57	-122.33
35	41	122.259
37	49	122.103
27	55	-122.014
73	83	121.86
63	77	121.831
27	81	-121.628
69	77	121.626
61	71	121.594
17	79	121.582
35	89	-121.537
37	57	-121.47
29	93	121.449
35	65	-121.422
3	65	-121.421
51	95	121.403
23	51	121.232
31	79	-121.187
3	15	121.167
65	67	-121.146
11	53	121.145
29	63	-121.046
43	83	121.031
37	51	121.015
27	75	-120.909
55	57	-120.882
45	63	-120.817
3	49	120.758
5	83	120.568
9	67	120.508
5	43	120.489
17	19	-120.474
3	93	120.339
37	91	120.294
35	61	-120.277
1	41	-120.135
3	73	119.989
33	49	119.908
37	71	-119.897
71	93	-119.895
5	73	119.878
13	77	119.836
63	85	119.795
37	93	119.717
15	57	-119.686
21	41	-119.593
11	57	-119.419
21	33	-119.388
15	81	119.367
53	65	-119.324
3	43	119.286
63	91	-119.264
55	73	119.149
7	55	-119.037
93	95	119.034
51	71	-118.992
41	53	118.978
23	93	118.924
29	37	118.916
9	41	118.912
59	63	-118.846
3	99	118.835
43	55	118.825
45	51	118.68
37	97	118.619
19	31	118.442
11	35	118.422
19	87	-118.418
49	91	118.388
75	97	118.275
11	67	118.265
9	63	-118.248
63	69	118.207
79	87	118.199
47	89	-118.044
5	21	-118.007
49	65	-117.846
75	91	117.829
31	97	-117.819
39	59	117.404
17	97	117.403
41	61	-117.329
47	57	-117.294
7	37	-117.242
15	19	-117.172
19	59	-117.121
77	83	-117.114
43	63	-116.968
17	63	-116.91
41	67	116.895
7	65	116.875
11	25	116.863
15	65	-116.86
7	85	116.836
63	73	-116.77
63	87	-116.766
29	49	116.638
11	27	-116.604
29	33	116.488
23	67	116.465
65	93	-116.459
25	71	-116.45
7	99	-116.434
9	53	116.43
47	85	-116.406
37	79	116.22
29	75	116.214
55	77	-116.029
45	93	116.008
3	13	-115.999
67	95	115.975
19	57	115.879
19	49	-115.877
15	59	115.614
39	87	115.599
59	79	115.582
3	69	-115.531
9	51	115.292
7	89	115.198
57	81	-115.01
33	91	114.993
19	93	-114.964
69	73	-114.913
47	53	114.897
47	99	114.88
19	39	-114.873
65	75	-114.695
3	77	-114.69
9	35	114.67
13	41	-114.661
15	87	114.646
35	47	114.507
27	79	-114.479
73	99	114.462
31	41	-114.444
47	65	-114.361
87	97	114.357
7	63	114.315
49	97	114.286
37	77	-114.258
43	69	-114.161
51	65	-114.111
75	79	114.1
5	77	-114.031
43	99	114.019
19	41	-113.977
25	41	113.963
45	67	113.906
3	83	113.538
17	39	113.42
5	69	-113.413
19	75	-113.345
1	67	-113.285
49	95	113.187
1	51	-113.128
23	49	113.015
7	11	-112.979
9	93	112.855
7	61	112.808
3	55	112.796
25	51	112.756
43	65	-112.735
3	7	-112.684
15	17	112.638
23	35	112.623
23	53	112.568
63	95	-112.491
25	63	-112.42
77	99	-112.414
13	73	-112.387
13	43	-112.345
19	51	-112.336
47	67	112.319
9	71	-112.314
33	93	112.31
11	71	-112.241
11	77	-112.231
27	47	-112.226
53	95	112.158
35	95	112.055
31	33	-112.028
59	97	111.981
23	63	-111.798
65	73	-111.702
75	95	111.569
27	97	-111.528
5	13	-111.372
31	39	-111.327
23	75	111.302
5	65	-111.264
11	89	-111.263
45	49	111.187
35	63	-111.122
37	45	110.963
33	51	110.94
11	33	110.897
15	27	-110.872
1	93	-110.821
37	81	110.76
25	93	110.681
65	77	110.62
49	79	110.61
45	53	110.585
15	31	-110.575
45	75	110.501
47	55	110.491
27	39	-110.351
21	35	-110.331
1	71	110.321
1	53	-110.231
13	49	-110.153
77	85	110.06
13	15	-109.908
21	67	-109.774
13	93	-109.771
11	85	-109.753
7	25	-109.699
5	7	-109.649
11	63	-109.599
63	99	-109.581
23	71	-109.527
21	71	109.453
17	33	109.342
39	91	109.274
63	83	-109.242
13	47	-109.212
1	37	-109.195
35	45	109.17
71	95	-109.056
73	85	-109.047
37	95	109.004
27	33	-108.897
77	89	108.726
41	89	-108.706
3	71	-108.692
61	73	-108.691
11	65	-108.685
21	51	-108.597
1	35	-108.494
23	37	108.479
57	79	-108.445
43	85	-108.431
37	63	-108.425
5	81	108.372
29	39	108.366
15	91	108.279
3	53	108.26
47	83	108.247
21	93	-108.125
13	51	-108.12
9	49	108.112
43	61	-108.087
61	77	108.085
55	63	-108.051
21	37	-108.017
45	71	-107.965
51	61	-107.758
7	47	-107.711
21	49	-107.689
47	77	-107.63
13	75	-107.613
43	57	-107.537
21	53	-107.536
25	77	-107.521
93	97	107.508
41	71	-107.502
19	63	107.429
11	99	107.404
57	73	-107.363
1	49	-107.343
9	75	107.25
29	67	107.228
47	63	-107.227
33	41	107.223
47	69	-107.194
5	19	-107.192
33	87	107.173
41	85	-107.163
41	69	-107.145
15	29	107.116
39	65	-107.11
73	89	-107.024
1	75	-107.01
23	77	-106.963
21	75	-106.883
7	23	-106.843
7	41	-106.827
39	83	106.824
75	81	106.772
9	37	106.659
43	59	106.656
11	97	106.548
59	73	106.525
43	89	-106.511
67	91	106.499
41	57	-106.478
47	71	-106.427
61	93	-106.311
51	97	106.272
7	95	-106.141
77	95	-106.113
63	71	106.065
57	97	-105.966
25	49	105.959
3	67	105.941
51	99	105.864
33	59	105.792
53	63	-105.785
57	77	105.684
25	73	105.617
41	77	-105.597
15	21	-105.584
3	35	105.533
7	9	-105.517
43	87	105.487
15	83	105.407
41	99	105.374
25	43	105.368
73	87	105.298
51	89	-105.286
15	69	-105.252
41	97	105.1
39	55	105.069
15	55	105.016
29	53	104.975
79	93	104.941
63	67	-104.891
33	47	104.886
25	75	104.847
11	79	104.835
51	85	-104.733
31	67	-104.721
13	39	-104.584
49	81	104.495
93	99	104.451
53	91	104.383
11	55	104.321
5	79	104.169
29	35	104.131
17	43	104.125
89	93	-104.116
39	69	-104.108
5	71	-104.03
11	13	-104.016
51	55	104.006
39	45	103.976
51	79	103.969
17	73	103.96
19	47	-103.88
11	83	103.741
35	91	103.735
15	95	103.555
7	21	103.542
5	53	103.532
85	93	-103.532
69	93	-103.499
41	55	103.48
27	41	-103.471
1	7	103.466
17	67	103.445
25	37	103.413
5	35	103.409
15	23	103.391
33	57	-103.337
29	71	-103.324
49	69	-103.311
9	77	-103.179
41	79	103.165
39	95	103.148
15	45	103.081
31	53	-103.079
39	99	103.061
37	83	103.024
19	37	-103.019
55	93	103.004
63	81	-102.97
51	69	-102.968
3	33	102.954
11	69	-102.909
23	39	102.86
71	91	-102.835
3	81	102.796
7	45	-102.788
47	97	102.733
5	97	102.731
15	99	102.662
27	35	-102.574
27	71	102.544
9	73	102.544
21	39	-102.522
1	39	-102.49
3	19	-102.482
49	61	-102.447
67	87	102.424
7	57	102.359
27	67	-102.357
21	43	-102.333
9	43	102.319
77	87	-102.319
37	65	-102.169
17	53	102.16
11	81	102.156
17	77	-102.14
31	35	-102.114
69	75	-102.106
5	67	102.08
59	77	-102.07
43	91	102.019
27	43	-102.009
9	39	101.977
73	91	101.973
51	83	101.912
37	55	101.906
49	89	-101.883
17	35	101.861
31	71	101.831
59	67	101.803
21	73	-101.78
37	99	101.771
63	97	-101.767
47	79	101.754
31	77	101.753
27	73	-101.693
41	83	101.656
49	99	101.632
29	73	101.629
29	43	101.624
31	43	-101.606
63	79	-101.583
31	73	-101.575
53	87	101.571
1	15	-101.538
21	77	101.526
37	89	-101.522
23	73	101.458
23	43	101.455
73	95	101.418
43	95	101.41
37	85	-101.408
9	15	101.386
45	77	-101.366
53	59	101.342
35	87	101.303
49	85	-101.298
27	53	-101.284
17	71	-101.276
75	99	101.244
81	93	101.244
47	81	101.236
77	91	-101.23
39	61	-101.204
61	75	-101.2
45	73	101.186
75	89	-101.165
7	17	-101.122
7	87	-101.12
39	85	-101.116
49	55	101.112
83	93	101.076
43	45	101.056
25	39	101.031
55	75	101.012
35	57	-101.01
15	25	100.962
1	77	100.959
7	91	-100.944
35	59	100.89
27	77	100.852
51	81	100.826
3	79	100.815
7	59	-100.807
7	29	-100.785
29	77	-100.751
71	87	-100.726
75	85	-100.719
15	85	-100.664
3	97	100.659
1	73	-100.625
37	69	-100.615
11	19	-100.611
15	61	-100.576
39	89	-100.525
75	83	100.518
7	31	100.516
41	81	100.507
41	63	-100.492
5	33	100.481
15	89	-100.463
1	43	-100.459
57	71	100.422
7	27	100.306
33	63	-100.306
59	71	-100.187
49	83	100.164
13	37	-100.103
57	67	-100.062
53	57	-100.054
96	97	20
90	91	20
24	25	20
26	27	20
38	39	20
92	93	20
36	37	20
94	95	20
68	69	20
66	67	20
64	65	20
48	49	20
54	55	20
50	51	20
74	75	20
16	17	20
62	63	20
88	89	20
58	59	20
32	33	20
42	43	20
20	21	20
30	31	20
72	73	20
52	53	20
60	61	20
44	45	20
80	81	20
18	19	20
34	35	20
76	77	20
28	29	20
70	71	20
82	83	20
84	85	20
86	87	20
22	23	20
40	41	20
46	47	20
14	15	20
56	57	20
78	79	20
0	1	20
98	99	20
10	11	20
2	3	20
4	5	20
8	9	20
12	13	20
6	7	20
23	94	19.9942
22	95	19.9942
42	73	19.9856
43	72	19.9856
28	91	19.9788
29	90	19.9788
16	87	19.9785
17	86	19.9785
51	92	19.9641
50	93	19.9641
85	88	19.9621
84	89	19.9621
52	67	19.9583
53	66	19.9583
59	86	19.9578
58	87	19.9578
79	96	19.9526
78	97	19.9526
48	75	19.9187
49	74	19.9187
9	44	19.9025
8	45	19.9025
16	59	19.8986
17	58	19.8986
16	91	19.8857
17	90	19.8857
49	92	19.8434
48	93	19.8434
6	77	19.8364
7	76	19.8364
29	44	19.8302
28	45	19.8302
55	98	19.821
54	99	19.821
17	28	19.7853
16	29	19.7853
86	91	19.7803
87	90	19.7803
79	80	19.7798
78	81	19.7798
45	90	19.7417
44	91	19.7417
49	50	19.7301
48	51	19.7301
8	25	19.7221
9	24	19.7221
24	99	19.7035
25	98	19.7035
24	95	19.6879
25	94	19.6879
22	25	19.6862
23	24	19.6862
58	91	19.6822
59	90	19.6822
29	86	19.6638
28	87	19.6638
7	70	19.6599
6	71	19.6599
83	98	19.6509
82	99	19.6509
74	93	19.6321
75	92	19.6321
34	67	19.6287
35	66	19.6287
10	47	19.6216
11	46	19.6216
27	56	19.6073
26	57	19.6073
12	69	19.604
13	68	19.604
9	94	19.6006
8	95	19.6006
1	44	-19.5952
0	45	-19.5952
29	58	19.5926
28	59	19.5926
34	53	19.5683
35	52	19.5683
12	65	19.5593
13	64	19.5593
51	74	19.5589
50	75	19.5589
32	97	19.5581
33	96	19.5581
81	96	19.534
80	97	19.534
8	23	19.5244
9	22	19.5244
45	94	19.524
44	95	19.524
14	75	19.514
15	74	19.514
15	38	19.508
14	39	19.508
9	28	19.5074
8	29	19.5074
32	79	19.4959
33	78	19.4959
91	94	19.4543
90	95	19.4543
0	9	-19.4284
1	8	-19.4284
23	44	19.4204
22	45	19.4204
9	90	19.407
8	91	19.407
69	88	19.3874
68	89	19.3874
38	43	19.3868
39	42	19.3868
38	73	19.3855
39	72	19.3855
28	95	19.3788
29	94	19.3788
1	88	19.3743
0	89	19.3743
25	44	19.3699
24	45	19.3699
23	90	19.3533
22	91	19.3533
81	82	19.3469
80	83	19.3469
33	66	19.3243
32	67	19.3243
68	85	19.3181
69	84	19.3181
55	82	19.3112
54	83	19.3112
0	29	-19.3042
1	28	-19.3042
82	85	-19.304
83	84	-19.304
16	45	19.3005
17	44	19.3005
25	54	19.2731
24	55	19.2731
23	28	19.2644
22	29	19.2644
15	48	19.2316
14	49	19.2316
1	84	19.2044
0	85	19.2044
33	52	19.2032
32	53	19.2032
17	94	19.1844
16	95	19.1844
66	97	19.183
67	96	19.183
15	42	19.1328
14	43	19.1328
8	85	-19.1179
9	84	-19.1179
10	37	19.1096
11	36	19.1096
16	23	19.0921
17	22	19.0921
52	73	19.09
53	72	19.09
8	99	19.0892
9	98	19.0892
44	87	19.0724
45	86	19.0724
12	19	19.06
13	18	19.06
0	91	-19.058
1	90	-19.058
71	76	19.0531
70	77	19.0531
41	46	19.0315
40	47	19.0315
32	81	19.0277
33	80	19.0277
8	89	-19.0213
9	88	-19.0213
24	83	19.0179
25	82	19.0179
42	53	19.0172
43	52	19.0172
39	74	19.0092
38	75	19.0092
30	57	19.0012
31	56	19.0012
14	73	18.9779
15	72	18.9779
82	89	-18.9656
83	88	-18.9656
44	59	18.9294
45	58	18.9294
86	95	18.9286
87	94	18.9286
27	30	18.892
26	31	18.892
35	42	18.8867
34	43	18.8867
23	98	18.8866
22	99	18.8866
95	98	18.858
94	99	18.858
52	97	18.844
53	96	18.844
8	17	18.8409
9	16	18.8409
22	87	18.8305
23	86	18.8305
3	10	18.8264
2	11	18.8264
34	73	18.8186
35	72	18.8186
67	78	18.8057
66	79	18.8057
25	28	18.8023
24	29	18.8023
20	65	18.7846
21	64	18.7846
45	84	-18.7741
44	85	-18.7741
25	90	18.7685
24	91	18.7685
45	88	-18.7683
44	89	-18.7683
85	98	-18.7656
84	99	-18.7656
1	20	18.7496
0	21	18.7496
19	68	18.739
18	69	18.739
66	73	18.7314
67	72	18.7314
24	85	-18.7269
25	84	-18.7269
43	66	18.6701
42	67	18.6701
8	83	18.589
9	82	18.589
58	95	18.5687
59	94	18.5687
13	88	18.5495
12	89	18.5495
9	86	18.5414
8	87	18.5414
78	83	18.5368
79	82	18.5368
56	63	18.5068
57	62	18.5068
54	81	18.5045
55	80	18.5045
64	69	18.5041
65	68	18.5041
2	47	18.4882
3	46	18.4882
81	98	18.4813
80	99	18.4813
0	25	-18.4786
1	24	-18.4786
45	98	18.4602
44	99	18.4602
15	92	18.4557
14	93	18.4557
25	88	-18.4519
24	89	-18.4519
22	59	18.4481
23	58	18.4481
39	48	18.4356
38	49	18.4356
52	79	18.4324
53	78	18.4324
1	16	-18.4313
0	17	-18.4313
23	54	18.4265
22	55	18.4265
34	97	18.4068
35	96	18.4068
10	41	18.401
11	40	18.401
88	99	-18.3805
89	98	-18.3805
0	95	-18.3577
1	94	-18.3577
69	82	-18.3464
68	83	-18.3464
54	95	18.3452
55	94	18.3452
8	59	18.3131
9	58	18.3131
20	89	18.312
21	88	18.312
8	55	18.2923
9	54	18.2923
12	21	18.2903
13	20	18.2903
13	84	18.2901
12	85	18.2901
14	51	18.2504
15	50	18.2504
1	58	-18.2426
0	59	-18.2426
5	30	-18.23
4	31	-18.23
1	86	-18.2128
0	87	-18.2128
1	22	-18.1913
0	23	-18.1913
16	25	18.1828
17	24	18.1828
33	34	18.1339
32	35	18.1339
19	64	18.0771
18	65	18.0771
83	96	18.0607
82	97	18.0607
4	51	18.0378
5	50	18.0378
55	78	17.996
54	79	17.996
37	46	17.9637
36	47	17.9637
28	89	-17.9342
29	88	-17.9342
80	85	-17.9304
81	84	-17.9304
26	63	17.921
27	62	17.921
34	79	17.8856
35	78	17.8856
32	71	-17.8809
33	70	-17.8809
0	69	17.8787
1	68	17.8787
44	83	17.8756
45	82	17.8756
28	85	-17.8756
29	84	-17.8756
54	85	-17.8551
55	84	-17.8551
30	61	17.8484
31	60	17.8484
21	84	17.8482
20	85	17.8482
2	59	17.8176
3	58	17.8176
84	95	-17.8172
85	94	-17.8172
25	86	17.8171
24	87	17.8171
20	69	17.8042
21	68	17.8042
82	95	17.765
83	94	17.765
22	83	17.7538
23	82	17.7538
69	80	-17.7493
68	81	-17.7493
67	80	17.7463
66	81	17.7463
42	75	17.7147
43	74	17.7147
23	84	-17.7065
22	85	-17.7065
0	99	-17.6947
1	98	-17.6947
39	92	17.6755
38	93	17.6755
78	99	17.6712
79	98	17.6712
0	83	-17.6633
1	82	-17.6633
54	97	17.6621
55	96	17.6621
39	50	17.6515
38	51	17.6515
4	93	17.6379
5	92	17.6379
5	56	-17.6359
4	57	-17.6359
89	94	-17.6187
88	95	-17.6187
89	90	-17.6165
88	91	-17.6165
84	91	-17.5797
85	90	-17.5797
28	99	17.5641
29	98	17.5641
36	41	17.5621
37	40	17.5621
72	75	17.558
73	74	17.558
44	55	17.5472
45	54	17.5472
46	59	17.5166
47	58	17.5166
65	88	17.4948
64	89	17.4948
81	88	-17.4921
80	89	-17.4921
23	88	-17.4875
22	89	-17.4875
90	99	17.478
91	98	17.478
25	58	17.4313
24	59	17.4313
54	89	-17.3792
55	88	-17.3792
52	81	17.3124
53	80	17.3124
2	87	17.3083
3	86	17.3083
47	86	17.2477
46	87	17.2477
38	53	17.2444
39	52	17.2444
9	68	-17.2172
8	69	-17.2172
0	13	17.2132
1	12	17.2132
96	99	17.2129
97	98	17.2129
21	44	-17.2118
20	45	-17.2118
27	60	17.1808
26	61	17.1808
24	81	17.1781
25	80	17.1781
15	34	17.1628
14	35	17.1628
32	73	17.1494
33	72	17.1494
43	48	17.098
42	49	17.098
69	98	-17.0792
68	99	-17.0792
32	83	17.0744
33	82	17.0744
65	84	17.0685
64	85	17.0685
2	17	16.9696
3	16	16.9696
33	42	16.9689
32	43	16.9689
19	70	16.9615
18	71	16.9615
34	39	16.9563
35	38	16.9563
2	37	16.9293
3	36	16.9293
20	29	-16.9264
21	28	-16.9264
48	73	16.9075
49	72	16.9075
8	21	-16.8991
9	20	-16.8991
53	70	-16.8509
52	71	-16.8509
17	46	16.8356
16	47	16.8356
45	68	-16.8166
44	69	-16.8166
14	53	16.7805
15	52	16.7805
18	89	16.7751
19	88	16.7751
29	82	16.7548
28	83	16.7548
12	83	-16.7177
13	82	-16.7177
16	99	16.7114
17	98	16.7114
25	68	-16.7057
24	69	-16.7057
39	66	16.7034
38	67	16.7034
17	88	-16.7022
16	89	-16.7022
19	84	16.6907
18	85	16.6907
1	64	16.6772
0	65	16.6772
78	85	-16.6614
79	84	-16.6614
17	84	-16.6505
16	85	-16.6505
28	55	16.622
29	54	16.622
4	49	16.6204
5	48	16.6204
35	80	16.6149
34	81	16.6149
68	79	-16.5914
69	78	-16.5914
66	71	-16.5903
67	70	-16.5903
54	91	16.5838
55	90	16.5838
0	55	-16.572
1	54	-16.572
83	90	16.5539
82	91	16.5539
20	91	-16.5327
21	90	-16.5327
6	33	-16.4552
7	32	-16.4552
2	91	16.4473
3	90	16.4473
8	81	16.4277
9	80	16.4277
2	29	16.4169
3	28	16.4169
10	59	16.3555
11	58	16.3555
86	89	-16.3551
87	88	-16.3551
19	80	-16.3512
18	81	-16.3512
73	96	16.3359
72	97	16.3359
14	67	16.3357
15	66	16.3357
5	74	16.3333
4	75	16.3333
4	27	-16.3171
5	26	-16.3171
86	99	16.2789
87	98	16.2789
84	87	-16.2778
85	86	-16.2778
59	88	-16.2536
58	89	-16.2536
42	97	16.2418
43	96	16.2418
18	33	-16.2098
19	32	-16.2098
78	89	-16.1712
79	88	-16.1712
13	80	-16.1493
12	81	-16.1493
54	69	-16.1383
55	68	-16.1383
25	78	16.1288
24	79	16.1288
59	84	-16.122
58	85	-16.122
71	96	-16.0968
70	97	-16.0968
71	78	-16.085
70	79	-16.085
71	72	-16.0675
70	73	-16.0675
33	54	16.0615
32	55	16.0615
32	69	-16.0563
33	68	-16.0563
84	97	-16.0353
85	96	-16.0353
21	58	-16.0193
20	59	-16.0193
69	96	-16.0087
68	97	-16.0087
42	93	16.0005
43	92	16.0005
8	13	-15.9557
9	12	-15.9557
11	86	15.9502
10	87	15.9502
2	41	15.9207
3	40	15.9207
19	82	-15.9201
18	83	-15.9201
46	91	15.9071
47	90	15.9071
56	61	15.8866
57	60	15.8866
31	62	15.8678
30	63	15.8678
17	20	-15.867
16	21	-15.867
17	54	15.866
16	55	15.866
58	99	15.856
59	98	15.856
73	92	15.8214
72	93	15.8214
42	51	15.8141
43	50	15.8141
28	69	-15.7884
29	68	-15.7884
32	99	15.783
33	98	15.783
7	52	-15.7755
6	53	-15.7755
70	81	-15.7705
71	80	-15.7705
72	79	15.7562
73	78	15.7562
12	45	-15.7491
13	44	-15.7491
43	70	-15.7423
42	71	-15.7423
20	87	-15.7414
21	86	-15.7414
7	18	15.6985
6	19	15.6985
50	73	15.6575
51	72	15.6575
29	46	15.6528
28	47	15.6528
42	79	15.6472
43	78	15.6472
16	83	15.6195
17	82	15.6195
25	96	15.6005
24	97	15.6005
7	72	-15.5828
6	73	-15.5828
19	78	-15.5768
18	79	-15.5768
20	83	-15.5658
21	82	-15.5658
69	94	-15.5574
68	95	-15.5574
23	80	15.5554
22	81	15.5554
21	24	-15.5549
20	25	-15.5549
88	97	-15.5373
89	96	-15.5373
19	20	15.5343
18	21	15.5343
81	94	15.5321
80	95	15.5321
44	81	15.5236
45	80	15.5236
10	17	15.5068
11	16	15.5068
1	80	-15.4595
0	81	-15.4595
67	82	15.4583
66	83	15.4583
23	68	-15.4391
22	69	-15.4391
55	86	15.4295
54	87	15.4295
68	91	-15.4293
69	90	-15.4293
6	67	-15.4262
7	66	-15.4262
32	77	-15.3885
33	76	-15.3885
1	2	-15.3836
0	3	-15.3836
32	85	-15.3549
33	84	-15.3549
12	99	-15.3482
13	98	-15.3482
3	44	15.3106
2	45	15.3106
41	58	15.3048
40	59	15.3048
21	94	-15.2459
20	95	-15.2459
6	43	-15.2423
7	42	-15.2423
83	86	15.1768
82	87	15.1768
9	78	15.1743
8	79	15.1743
40	87	15.17
41	86	15.17
12	25	-15.1559
13	24	-15.1559
18	97	-15.1559
19	96	-15.1559
7	38	-15.1412
6	39	-15.1412
55	66	15.1292
54	67	15.1292
65	82	-15.0814
64	83	-15.0814
39	70	-15.0662
38	71	-15.0662
34	75	15.0527
35	74	15.0527
72	77	-15.043
73	76	-15.043
21	22	-15.0408
20	23	-15.0408
12	79	-15.0403
13	78	-15.0403
20	99	-15.0107
21	98	-15.0107
2	21	-14.987
3	20	-14.987
5	62	-14.9714
4	63	-14.9714
32	39	14.9656
33	38	14.9656
55	58	14.9557
54	59	14.9557
34	71	-14.9528
35	70	-14.9528
44	65	-14.9457
45	64	-14.9457
39	76	-14.9453
38	77	-14.9453
52	77	-14.9342
53	76	-14.9342
32	89	-14.9284
33	88	-14.9284
52	83	14.9265
53	82	14.9265
9	64	-14.9222
8	65	-14.9222
13	28	-14.9156
12	29	-14.9156
58	83	14.8392
59	82	14.8392
13	32	-14.8051
12	33	-14.8051
53	74	14.7784
52	75	14.7784
17	40	14.7724
16	41	14.7724
0	19	14.7465
1	18	14.7465
43	76	-14.7069
42	77	-14.7069
61	82	-14.6926
60	83	-14.6926
18	77	14.6858
19	76	14.6858
60	81	-14.6825
61	80	-14.6825
7	96	-14.6372
6	97	-14.6372
11	90	14.6372
10	91	14.6372
68	71	14.625
69	70	14.625
9	30	-14.6006
8	31	-14.6006
36	61	-14.6
37	60	-14.6
35	54	14.5943
34	55	14.5943
9	96	14.588
8	97	14.588
66	77	-14.5687
67	76	-14.5687
6	79	-14.5666
7	78	-14.5666
13	90	-14.5511
12	91	-14.5511
34	49	14.5387
35	48	14.5387
52	55	14.5275
53	54	14.5275
13	96	-14.5249
12	97	-14.5249
31	44	-14.5197
30	45	-14.5197
50	57	-14.5082
51	56	-14.5082
22	79	14.5015
23	78	14.5015
67	98	14.4934
66	99	14.4934
17	68	-14.4919
16	69	-14.4919
21	26	14.4879
20	27	14.4879
35	82	14.4529
34	83	14.4529
79	94	14.4513
78	95	14.4513
10	29	14.448
11	28	14.448
24	31	-14.4337
25	30	-14.4337
73	80	14.431
72	81	14.431
1	56	14.4235
0	57	14.4235
65	80	-14.4154
64	81	-14.4154
45	46	14.4028
44	47	14.4028
61	84	14.3974
60	85	14.3974
28	65	-14.3771
29	64	-14.3771
0	31	14.3751
1	30	14.3751
3	8	14.3736
2	9	14.3736
18	99	-14.3621
19	98	-14.3621
4	17	14.3617
5	16	14.3617
3	94	14.3608
2	95	14.3608
12	55	-14.3593
13	54	-14.3593
30	85	14.3429
31	84	14.3429
27	88	14.334
26	89	14.334
4	87	14.3335
5	86	14.3335
42	81	14.3071
43	80	14.3071
30	89	14.2979
31	88	14.2979
61	78	-14.2853
60	79	-14.2853
0	27	14.2832
1	26	14.2832
29	80	14.2785
28	81	14.2785
67	74	14.2785
66	75	14.2785
61	68	14.2729
60	69	14.2729
46	95	14.2719
47	94	14.2719
21	56	14.267
20	57	14.267
29	30	-14.2643
28	31	-14.2643
31	94	-14.2589
30	95	-14.2589
12	95	-14.257
13	94	-14.257
5	90	14.2548
4	91	14.2548
45	78	14.2464
44	79	14.2464
60	89	14.2461
61	88	14.2461
14	33	14.2401
15	32	14.2401
23	30	-14.212
22	31	-14.212
2	23	14.2047
3	22	14.2047
4	15	14.204
5	14	14.204
4	59	14.1991
5	58	14.1991
25	32	14.1938
24	33	14.1938
30	91	-14.1885
31	90	-14.1885
60	99	-14.1835
61	98	-14.1835
13	70	14.1805
12	71	14.1805
23	46	14.1792
22	47	14.1792
6	81	-14.1722
7	80	-14.1722
30	99	-14.1708
31	98	-14.1708
30	51	-14.1705
31	50	-14.1705
26	85	14.1629
27	84	14.1629
5	94	14.161
4	95	14.161
68	87	-14.1609
69	86	-14.1609
49	52	14.1493
48	53	14.1493
5	28	14.1484
4	29	14.1484
5	22	14.1436
4	23	14.1436
5	38	14.1275
4	39	14.1275
13	22	-14.1208
12	23	-14.1208
8	19	-14.1036
9	18	-14.1036
0	79	-14.0984
1	78	-14.0984
81	90	14.0757
80	91	14.0757
59	68	-14.0691
58	69	-14.0691
19	66	-14.0665
18	67	-14.0665
15	40	14.0603
14	41	14.0603
26	69	14.0585
27	68	14.0585
57	92	-14.0582
56	93	-14.0582
40	75	14.0577
41	74	14.0577
12	27	14.0525
13	26	14.0525
21	62	14.033
20	63	14.033
60	97	-14.0314
61	96	-14.0314
4	61	-14.023
5	60	-14.023
41	48	14.0197
40	49	14.0197
65	90	-14.0159
64	91	-14.0159
31	82	-14.0125
30	83	-14.0125
23	96	14.004
22	97	14.004
19	52	-13.9902
18	53	-13.9902
26	65	13.9899
27	64	13.9899
57	88	13.9673
56	89	13.9673
7	34	-13.9669
6	35	-13.9669
21	54	-13.9575
20	55	-13.9575
45	56	-13.9566
44	57	-13.9566
55	60	-13.9532
54	61	-13.9532
95	96	13.9451
94	97	13.9451
38	97	13.9402
39	96	13.9402
53	98	13.9233
52	99	13.9233
20	81	-13.9223
21	80	-13.9223
5	44	13.9136
4	45	13.9136
10	39	13.8981
11	38	13.8981
24	65	-13.8974
25	64	-13.8974
65	98	-13.8864
64	99	-13.8864
66	69	-13.8846
67	68	-13.8846
46	75	13.8815
47	74	13.8815
16	31	-13.8753
17	30	-13.8753
28	57	-13.853
29	56	-13.853
71	82	-13.8322
70	83	-13.8322
18	25	-13.8176
19	24	-13.8176
41	90	13.8137
40	91	13.8137
41	92	13.8101
40	93	13.8101
56	85	13.7907
57	84	13.7907
8	57	-13.7877
9	56	-13.7877
35	98	13.7861
34	99	13.7861
32	61	-13.7663
33	60	-13.7663
38	47	13.7654
39	46	13.7654
1	46	-13.7641
0	47	-13.7641
13	16	-13.7623
12	17	-13.7623
25	60	-13.7451
24	61	-13.7451
40	51	13.743
41	50	13.743
31	86	-13.7378
30	87	-13.7378
4	9	13.7366
5	8	13.7366
31	92	-13.7357
30	93	-13.7357
30	55	-13.7173
31	54	-13.7173
77	96	-13.7103
76	97	-13.7103
36	73	13.6965
37	72	13.6965
18	45	-13.6933
19	44	-13.6933
56	91	-13.6873
57	90	-13.6873
8	61	-13.6862
9	60	-13.6862
49	66	13.6859
48	67	13.6859
19	54	-13.6818
18	55	-13.6818
46	51	13.6793
47	50	13.6793
45	96	13.6751
44	97	13.6751
31	58	-13.6695
30	59	-13.6695
15	70	-13.669
14	71	-13.669
47	48	13.6571
46	49	13.6571
37	42	13.6253
36	43	13.6253
15	96	13.6156
14	97	13.6156
76	79	-13.6107
77	78	-13.6107
36	39	13.6076
37	38	13.6076
14	47	13.5947
15	46	13.5947
26	45	-13.5864
27	44	-13.5864
8	47	13.572
9	46	13.572
5	24	13.5631
4	25	13.5631
52	69	-13.5595
53	68	-13.5595
47	92	13.5566
46	93	13.5566
39	40	13.5558
38	41	13.5558
8	27	-13.5488
9	26	-13.5488
29	40	13.531
28	41	13.531
13	58	-13.5255
12	59	-13.5255
13	86	-13.5232
12	87	-13.5232
7	14	-13.5095
6	15	-13.5095
0	97	-13.5045
1	96	-13.5045
65	78	-13.4981
64	79	-13.4981
1	60	13.4935
0	61	13.4935
36	59	13.4926
37	58	13.4926
13	60	13.4874
12	61	13.4874
30	69	13.4412
31	68	13.4412
67	84	-13.4302
66	85	-13.4302
8	33	13.4296
9	32	13.4296
44	61	-13.4059
45	60	-13.4059
38	79	13.396
39	78	13.396
57	58	-13.3935
56	59	-13.3935
48	57	-13.388
49	56	-13.388
17	64	-13.3866
16	65	-13.3866
19	60	13.3845
18	61	13.3845
11	60	-13.373
10	61	-13.373
59	64	-13.3693
58	65	-13.3693
16	57	-13.3623
17	56	-13.3623
35	92	13.3618
34	93	13.3618
57	74	-13.3511
56	75	-13.3511
11	14	13.3452
10	15	13.3452
10	75	13.3435
11	74	13.3435
11	72	13.3248
10	73	13.3248
34	77	-13.3025
35	76	-13.3025
51	62	-13.2948
50	63	-13.2948
11	42	13.2932
10	43	13.2932
26	29	-13.2894
27	28	-13.2894
57	86	-13.2839
56	87	-13.2839
65	94	-13.2807
64	95	-13.2807
40	43	13.2558
41	42	13.2558
11	44	13.2557
10	45	13.2557
65	86	-13.2459
64	87	-13.2459
32	65	-13.2414
33	64	-13.2414
51	86	13.2351
50	87	13.2351
0	5	-13.2318
1	4	-13.2318
57	68	13.2157
56	69	13.2157
15	76	-13.2139
14	77	-13.2139
36	53	13.2099
37	52	13.2099
77	80	-13.1915
76	81	-13.1915
51	58	13.1895
50	59	13.1895
17	80	13.1888
16	81	13.1888
3	24	13.1756
2	25	13.1756
56	65	13.1747
57	64	13.1747
21	30	13.1411
20	31	13.1411
25	56	-13.1394
24	57	-13.1394
40	73	13.1352
41	72	13.1352
23	64	-13.1294
22	65	-13.1294
65	96	-13.1281
64	97	-13.1281
13	56	13.1228
12	57	13.1228
30	37	-13.1218
31	36	-13.1218
37	86	13.1199
36	87	13.1199
26	51	-13.1163
27	50	-13.1163
26	83	-13.1116
27	82	-13.1116
7	68	13.1063
6	69	13.1063
57	94	-13.1028
56	95	-13.1028
17	50	13.0923
16	51	13.0923
29	78	13.0819
28	79	13.0819
26	91	-13.0775
27	90	-13.0775
34	51	13.0762
35	50	13.0762
4	47	13.0676
5	46	13.0676
60	95	-13.0588
61	94	-13.0588
53	92	13.055
52	93	13.055
62	75	-13.0493
63	74	-13.0493
14	79	13.049
15	78	13.049
3	88	-13.0474
2	89	-13.0474
23	60	-13.0213
22	61	-13.0213
66	89	-13.017
67	88	-13.017
22	57	-13.0026
23	56	-13.0026
53	84	-12.996
52	85	-12.996
37	66	12.9902
36	67	12.9902
6	75	-12.9876
7	74	-12.9876
55	64	-12.9867
54	65	-12.9867
28	61	-12.981
29	60	-12.981
70	85	12.9789
71	84	12.9789
10	49	12.9737
11	48	12.9737
3	38	12.9705
2	39	12.9705
87	92	12.9664
86	93	12.9664
61	62	12.966
60	63	12.966
14	37	12.9658
15	36	12.9658
24	27	-12.9657
25	26	-12.9657
38	63	-12.9588
39	62	-12.9588
62	93	-12.9477
63	92	-12.9477
42	47	12.9463
43	46	12.9463
63	64	12.9457
62	65	12.9457
74	77	-12.932
75	76	-12.932
12	67	-12.9225
13	66	-12.9225
11	50	12.922
10	51	12.922
78	91	12.9197
79	90	12.9197
19	94	-12.9152
18	95	-12.9152
47	72	12.9147
46	73	12.9147
59	92	12.9109
58	93	12.9109
10	95	12.9087
11	94	12.9087
25	66	12.9057
24	67	12.9057
2	57	-12.9001
3	56	-12.9001
0	11	-12.8989
1	10	-12.8989
0	63	12.8905
1	62	12.8905
19	34	-12.886
18	35	-12.886
60	91	-12.866
61	90	-12.866
18	23	-12.8633
19	22	-12.8633
50	53	12.8552
51	52	12.8552
19	28	-12.8487
18	29	-12.8487
31	80	-12.8474
30	81	-12.8474
6	13	12.8408
7	12	12.8408
13	30	12.8331
12	31	12.8331
17	92	12.8206
16	93	12.8206
35	68	-12.816
34	69	-12.816
48	63	-12.8123
49	62	-12.8123
11	22	12.8097
10	23	12.8097
21	78	-12.8091
20	79	-12.8091
27	92	-12.8026
26	93	-12.8026
81	86	12.7929
80	87	12.7929
71	74	-12.7866
70	75	-12.7866
20	47	-12.7777
21	46	-12.7777
26	99	-12.7767
27	98	-12.7767
31	48	-12.7727
30	49	-12.7727
10	93	12.7694
11	92	12.7694
70	89	12.7671
71	88	12.7671
25	46	12.7665
24	47	12.7665
5	98	12.7665
4	99	12.7665
35	36	12.7494
34	37	12.7494
2	85	-12.7423
3	84	-12.7423
65	70	12.7368
64	71	12.7368
2	61	-12.7365
3	60	-12.7365
16	37	12.7307
17	36	12.7307
54	71	-12.728
55	70	-12.728
0	33	-12.7238
1	32	-12.7238
60	67	-12.7022
61	66	-12.7022
57	82	-12.6915
56	83	-12.6915
13	52	-12.6914
12	53	-12.6914
57	98	-12.6754
56	99	-12.6754
22	33	12.6713
23	32	12.6713
40	95	12.6671
41	94	12.6671
18	27	12.666
19	26	12.666
16	27	-12.6484
17	26	-12.6484
27	58	-12.6477
26	59	-12.6477
27	94	-12.6436
26	95	-12.6436
32	95	12.6381
33	94	12.6381
22	41	12.6263
23	40	12.6263
33	44	12.6245
32	45	12.6245
51	90	12.619
50	91	12.619
67	92	12.619
66	93	12.619
19	90	-12.6171
18	91	-12.6171
53	88	-12.6112
52	89	-12.6112
71	98	-12.6054
70	99	-12.6054
37	74	12.5996
36	75	12.5996
7	48	-12.5983
6	49	-12.5983
29	96	12.5742
28	97	12.5742
21	60	12.5642
20	61	12.5642
23	26	-12.5469
22	27	-12.5469
48	77	-12.5464
49	76	-12.5464
58	75	12.544
59	74	12.544
27	86	-12.5419
26	87	-12.5419
4	11	12.541
5	10	12.541
31	74	-12.54
30	75	-12.54
16	61	-12.5388
17	60	-12.5388
47	60	-12.5361
46	61	-12.5361
18	73	-12.5227
19	72	-12.5227
49	86	12.5213
48	87	12.5213
48	59	12.52
49	58	12.52
60	65	12.5175
61	64	12.5175
4	41	12.5124
5	40	12.5124
41	44	12.4991
40	45	12.4991
58	81	12.4979
59	80	12.4979
34	85	-12.497
35	84	-12.497
74	87	12.4923
75	86	12.4923
32	75	12.4784
33	74	12.4784
58	61	-12.472
59	60	-12.472
50	77	-12.466
51	76	-12.466
8	11	12.4648
9	10	12.4648
3	30	-12.4616
2	31	-12.4616
3	4	12.453
2	5	12.453
15	62	-12.4528
14	63	-12.4528
3	74	12.4479
2	75	12.4479
61	86	-12.4466
60	87	-12.4466
7	82	-12.4456
6	83	-12.4456
10	31	-12.4439
11	30	-12.4439
2	27	-12.4427
3	26	-12.4427
52	61	-12.4354
53	60	-12.4354
29	50	12.4312
28	51	12.4312
91	96	12.431
90	97	12.431
4	85	-12.4257
5	84	-12.4257
19	42	-12.4185
18	43	-12.4185
2	63	-12.415
3	62	-12.415
51	66	12.4133
50	67	12.4133
5	88	-12.4105
4	89	-12.4105
76	93	-12.4095
77	92	-12.4095
24	53	12.4087
25	52	12.4087
49	70	-12.405
48	71	-12.405
33	36	12.3974
32	37	12.3974
4	55	12.3911
5	54	12.3911
20	97	-12.3746
21	96	-12.3746
17	48	12.3432
16	49	12.3432
6	93	-12.3388
7	92	-12.3388
11	20	-12.3383
10	21	-12.3383
91	92	12.3362
90	93	12.3362
7	50	-12.3289
6	51	-12.3289
31	64	12.3276
30	65	12.3276
24	35	12.3136
25	34	12.3136
41	64	-12.3008
40	65	-12.3008
16	75	12.2927
17	74	12.2927
3	50	12.2879
2	51	12.2879
26	37	-12.2864
27	36	-12.2864
5	36	12.2701
4	37	12.2701
31	46	-12.2675
30	47	-12.2675
38	81	12.2648
39	80	12.2648
63	88	12.2605
62	89	12.2605
13	34	-12.2573
12	35	-12.2573
27	48	-12.2398
26	49	-12.2398
12	63	12.2347
13	62	12.2347
38	57	-12.233
39	56	-12.233
35	40	12.2259
34	41	12.2259
36	49	12.2103
37	48	12.2103
27	54	-12.2014
26	55	-12.2014
72	83	12.186
73	82	12.186
62	77	12.1831
63	76	12.1831
26	81	-12.1628
27	80	-12.1628
69	76	12.1626
68	77	12.1626
61	70	12.1594
60	71	12.1594
16	79	12.1582
17	78	12.1582
34	89	-12.1537
35	88	-12.1537
36	57	-12.147
37	56	-12.147
28	93	12.1449
29	92	12.1449
35	64	-12.1422
34	65	-12.1422
2	65	-12.1421
3	64	-12.1421
50	95	12.1403
51	94	12.1403
23	50	12.1232
22	51	12.1232
31	78	-12.1187
30	79	-12.1187
3	14	12.1167
2	15	12.1167
64	67	-12.1146
65	66	-12.1146
10	53	12.1145
11	52	12.1145
28	63	-12.1046
29	62	-12.1046
43	82	12.1031
42	83	12.1031
36	51	12.1015
37	50	12.1015
26	75	-12.0909
27	74	-12.0909
54	57	-12.0882
55	56	-12.0882
44	63	-12.0817
45	62	-12.0817
2	49	12.0758
3	48	12.0758
4	83	12.0568
5	82	12.0568
8	67	12.0508
9	66	12.0508
5	42	12.0489
4	43	12.0489
17	18	-12.0474
16	19	-12.0474
3	92	12.0339
2	93	12.0339
37	90	12.0294
36	91	12.0294
34	61	-12.0277
35	60	-12.0277
1	40	-12.0135
0	41	-12.0135
2	73	11.9989
3	72	11.9989
32	49	11.9908
33	48	11.9908
36	71	-11.9897
37	70	-11.9897
70	93	-11.9895
71	92	-11.9895
5	72	11.9878
4	73	11.9878
12	77	11.9836
13	76	11.9836
63	84	11.9795
62	85	11.9795
36	93	11.9717
37	92	11.9717
15	56	-11.9686
14	57	-11.9686
20	41	-11.9593
21	40	-11.9593
10	57	-11.9419
11	56	-11.9419
21	32	-11.9388
20	33	-11.9388
14	81	11.9367
15	80	11.9367
52	65	-11.9324
53	64	-11.9324
3	42	11.9286
2	43	11.9286
63	90	-11.9264
62	91	-11.9264
55	72	11.9149
54	73	11.9149
6	55	-11.9037
7	54	-11.9037
92	95	11.9034
93	94	11.9034
50	71	-11.8992
51	70	-11.8992
40	53	11.8978
41	52	11.8978
23	92	11.8924
22	93	11.8924
28	37	11.8916
29	36	11.8916
8	41	11.8912
9	40	11.8912
59	62	-11.8846
58	63	-11.8846
3	98	11.8835
2	99	11.8835
43	54	11.8825
42	55	11.8825
45	50	11.868
44	51	11.868
37	96	11.8619
36	97	11.8619
19	30	11.8442
18	31	11.8442
11	34	11.8422
10	35	11.8422
19	86	-11.8418
18	87	-11.8418
49	90	11.8388
48	91	11.8388
74	97	11.8275
75	96	11.8275
10	67	11.8265
11	66	11.8265
9	62	-11.8248
8	63	-11.8248
63	68	11.8207
62	69	11.8207
79	86	11.8199
78	87	11.8199
46	89	-11.8044
47	88	-11.8044
4	21	-11.8007
5	20	-11.8007
48	65	-11.7846
49	64	-11.7846
74	91	11.7829
75	90	11.7829
31	96	-11.7819
30	97	-11.7819
39	58	11.7404
38	59	11.7404
16	97	11.7403
17	96	11.7403
41	60	-11.7329
40	61	-11.7329
47	56	-11.7294
46	57	-11.7294
7	36	-11.7242
6	37	-11.7242
15	18	-11.7172
14	19	-11.7172
19	58	-11.7121
18	59	-11.7121
76	83	-11.7114
77	82	-11.7114
43	62	-11.6968
42	63	-11.6968
17	62	-11.691
16	63	-11.691
41	66	11.6895
40	67	11.6895
7	64	11.6875
6	65	11.6875
11	24	11.6863
10	25	11.6863
14	65	-11.686
15	64	-11.686
6	85	11.6836
7	84	11.6836
63	72	-11.677
62	73	-11.677
62	87	-11.6766
63	86	-11.6766
28	49	11.6638
29	48	11.6638
11	26	-11.6604
10	27	-11.6604
28	33	11.6488
29	32	11.6488
23	66	11.6465
22	67	11.6465
64	93	-11.6459
65	92	-11.6459
24	71	-11.645
25	70	-11.645
6	99	-11.6434
7	98	-11.6434
9	52	11.643
8	53	11.643
47	84	-11.6406
46	85	-11.6406
37	78	11.622
36	79	11.622
29	74	11.6214
28	75	11.6214
54	77	-11.6029
55	76	-11.6029
45	92	11.6008
44	93	11.6008
3	12	-11.5999
2	13	-11.5999
66	95	11.5975
67	94	11.5975
19	56	11.5879
18	57	11.5879
18	49	-11.5877
19	48	-11.5877
15	58	11.5614
14	59	11.5614
39	86	11.5599
38	87	11.5599
59	78	11.5582
58	79	11.5582
3	68	-11.5531
2	69	-11.5531
9	50	11.5292
8	51	11.5292
7	88	11.5198
6	89	11.5198
56	81	-11.501
57	80	-11.501
33	90	11.4993
32	91	11.4993
18	93	-11.4964
19	92	-11.4964
69	72	-11.4913
68	73	-11.4913
46	53	11.4897
47	52	11.4897
46	99	11.488
47	98	11.488
19	38	-11.4873
18	39	-11.4873
65	74	-11.4695
64	75	-11.4695
2	77	-11.469
3	76	-11.469
8	35	11.467
9	34	11.467
13	40	-11.4661
12	41	-11.4661
15	86	11.4646
14	87	11.4646
34	47	11.4507
35	46	11.4507
27	78	-11.4479
26	79	-11.4479
73	98	11.4462
72	99	11.4462
30	41	-11.4444
31	40	-11.4444
46	65	-11.4361
47	64	-11.4361
87	96	11.4357
86	97	11.4357
7	62	11.4315
6	63	11.4315
49	96	11.4286
48	97	11.4286
37	76	-11.4258
36	77	-11.4258
43	68	-11.4161
42	69	-11.4161
50	65	-11.4111
51	64	-11.4111
74	79	11.41
75	78	11.41
5	76	-11.4031
4	77	-11.4031
43	98	11.4019
42	99	11.4019
18	41	-11.3977
19	40	-11.3977
24	41	11.3963
25	40	11.3963
45	66	11.3906
44	67	11.3906
2	83	11.3538
3	82	11.3538
17	38	11.342
16	39	11.342
5	68	-11.3413
4	69	-11.3413
19	74	-11.3345
18	75	-11.3345
1	66	-11.3285
0	67	-11.3285
48	95	11.3187
49	94	11.3187
0	51	-11.3128
1	50	-11.3128
23	48	11.3015
22	49	11.3015
6	11	-11.2979
7	10	-11.2979
9	92	11.2855
8	93	11.2855
7	60	11.2808
6	61	11.2808
3	54	11.2796
2	55	11.2796
25	50	11.2756
24	51	11.2756
43	64	-11.2735
42	65	-11.2735
2	7	-11.2684
3	6	-11.2684
14	17	11.2638
15	16	11.2638
22	35	11.2623
23	34	11.2623
22	53	11.2568
23	52	11.2568
62	95	-11.2491
63	94	-11.2491
25	62	-11.242
24	63	-11.242
76	99	-11.2414
77	98	-11.2414
12	73	-11.2387
13	72	-11.2387
12	43	-11.2345
13	42	-11.2345
19	50	-11.2336
18	51	-11.2336
47	66	11.2319
46	67	11.2319
9	70	-11.2314
8	71	-11.2314
32	93	11.231
33	92	11.231
11	70	-11.2241
10	71	-11.2241
11	76	-11.2231
10	77	-11.2231
26	47	-11.2226
27	46	-11.2226
53	94	11.2158
52	95	11.2158
35	94	11.2055
34	95	11.2055
31	32	-11.2028
30	33	-11.2028
58	97	11.1981
59	96	11.1981
23	62	-11.1798
22	63	-11.1798
65	72	-11.1702
64	73	-11.1702
75	94	11.1569
74	95	11.1569
27	96	-11.1528
26	97	-11.1528
4	13	-11.1372
5	12	-11.1372
30	39	-11.1327
31	38	-11.1327
23	74	11.1302
22	75	11.1302
4	65	-11.1264
5	64	-11.1264
11	88	-11.1263
10	89	-11.1263
45	48	11.1187
44	49	11.1187
34	63	-11.1122
35	62	-11.1122
37	44	11.0963
36	45	11.0963
33	50	11.094
32	51	11.094
10	33	11.0897
11	32	11.0897
15	26	-11.0872
14	27	-11.0872
0	93	-11.0821
1	92	-11.0821
36	81	11.076
37	80	11.076
24	93	11.0681
25	92	11.0681
65	76	11.062
64	77	11.062
48	79	11.061
49	78	11.061
44	53	11.0585
45	52	11.0585
14	31	-11.0575
15	30	-11.0575
44	75	11.0501
45	74	11.0501
46	55	11.0491
47	54	11.0491
26	39	-11.0351
27	38	-11.0351
21	34	-11.0331
20	35	-11.0331
0	71	11.0321
1	70	11.0321
0	53	-11.0231
1	52	-11.0231
13	48	-11.0153
12	49	-11.0153
77	84	11.006
76	85	11.006
13	14	-10.9908
12	15	-10.9908
21	66	-10.9774
20	67	-10.9774
13	92	-10.9771
12	93	-10.9771
11	84	-10.9753
10	85	-10.9753
6	25	-10.9699
7	24	-10.9699
4	7	-10.9649
5	6	-10.9649
10	63	-10.9599
11	62	-10.9599
62	99	-10.9581
63	98	-10.9581
22	71	-10.9527
23	70	-10.9527
20	71	10.9453
21	70	10.9453
16	33	10.9342
17	32	10.9342
38	91	10.9274
39	90	10.9274
63	82	-10.9242
62	83	-10.9242
13	46	-10.9212
12	47	-10.9212
0	37	-10.9195
1	36	-10.9195
34	45	10.917
35	44	10.917
71	94	-10.9056
70	95	-10.9056
72	85	-10.9047
73	84	-10.9047
36	95	10.9004
37	94	10.9004
26	33	-10.8897
27	32	-10.8897
77	88	10.8726
76	89	10.8726
40	89	-10.8706
41	88	-10.8706
3	70	-10.8692
2	71	-10.8692
61	72	-10.8691
60	73	-10.8691
11	64	-10.8685
10	65	-10.8685
20	51	-10.8597
21	50	-10.8597
1	34	-10.8494
0	35	-10.8494
22	37	10.8479
23	36	10.8479
56	79	-10.8445
57	78	-10.8445
43	84	-10.8431
42	85	-10.8431
37	62	-10.8425
36	63	-10.8425
5	80	10.8372
4	81	10.8372
29	38	10.8366
28	39	10.8366
15	90	10.8279
14	91	10.8279
3	52	10.826
2	53	10.826
46	83	10.8247
47	82	10.8247
21	92	-10.8125
20	93	-10.8125
13	50	-10.812
12	51	-10.812
8	49	10.8112
9	48	10.8112
42	61	-10.8087
43	60	-10.8087
60	77	10.8085
61	76	10.8085
55	62	-10.8051
54	63	-10.8051
20	37	-10.8017
21	36	-10.8017
45	70	-10.7965
44	71	-10.7965
50	61	-10.7758
51	60	-10.7758
7	46	-10.7711
6	47	-10.7711
21	48	-10.7689
20	49	-10.7689
46	77	-10.763
47	76	-10.763
13	74	-10.7613
12	75	-10.7613
43	56	-10.7537
42	57	-10.7537
20	53	-10.7536
21	52	-10.7536
25	76	-10.7521
24	77	-10.7521
93	96	10.7508
92	97	10.7508
40	71	-10.7502
41	70	-10.7502
18	63	10.7429
19	62	10.7429
11	98	10.7404
10	99	10.7404
57	72	-10.7363
56	73	-10.7363
0	49	-10.7343
1	48	-10.7343
8	75	10.725
9	74	10.725
29	66	10.7228
28	67	10.7228
47	62	-10.7227
46	63	-10.7227
33	40	10.7223
32	41	10.7223
46	69	-10.7194
47	68	-10.7194
4	19	-10.7192
5	18	-10.7192
32	87	10.7173
33	86	10.7173
41	84	-10.7163
40	85	-10.7163
41	68	-10.7145
40	69	-10.7145
14	29	10.7116
15	28	10.7116
38	65	-10.711
39	64	-10.711
73	88	-10.7024
72	89	-10.7024
1	74	-10.701
0	75	-10.701
23	76	-10.6963
22	77	-10.6963
21	74	-10.6883
20	75	-10.6883
7	22	-10.6843
6	23	-10.6843
7	40	-10.6827
6	41	-10.6827
39	82	10.6824
38	83	10.6824
75	80	10.6772
74	81	10.6772
9	36	10.6659
8	37	10.6659
43	58	10.6656
42	59	10.6656
11	96	10.6548
10	97	10.6548
58	73	10.6525
59	72	10.6525
43	88	-10.6511
42	89	-10.6511
67	90	10.6499
66	91	10.6499
40	57	-10.6478
41	56	-10.6478
46	71	-10.6427
47	70	-10.6427
61	92	-10.6311
60	93	-10.6311
50	97	10.6272
51	96	10.6272
7	94	-10.6141
6	95	-10.6141
77	94	-10.6113
76	95	-10.6113
63	70	10.6065
62	71	10.6065
57	96	-10.5966
56	97	-10.5966
25	48	10.5959
24	49	10.5959
3	66	10.5941
2	67	10.5941
50	99	10.5864
51	98	10.5864
32	59	10.5792
33	58	10.5792
53	62	-10.5785
52	63	-10.5785
56	77	10.5684
57	76	10.5684
24	73	10.5617
25	72	10.5617
40	77	-10.5597
41	76	-10.5597
15	20	-10.5584
14	21	-10.5584
3	34	10.5533
2	35	10.5533
7	8	-10.5517
6	9	-10.5517
43	86	10.5487
42	87	10.5487
15	82	10.5407
14	83	10.5407
40	99	10.5374
41	98	10.5374
24	43	10.5368
25	42	10.5368
72	87	10.5298
73	86	10.5298
50	89	-10.5286
51	88	-10.5286
15	68	-10.5252
14	69	-10.5252
40	97	10.51
41	96	10.51
39	54	10.5069
38	55	10.5069
15	54	10.5016
14	55	10.5016
29	52	10.4975
28	53	10.4975
78	93	10.4941
79	92	10.4941
63	66	-10.4891
62	67	-10.4891
32	47	10.4886
33	46	10.4886
25	74	10.4847
24	75	10.4847
10	79	10.4835
11	78	10.4835
51	84	-10.4733
50	85	-10.4733
30	67	-10.4721
31	66	-10.4721
12	39	-10.4584
13	38	-10.4584
48	81	10.4495
49	80	10.4495
92	99	10.4451
93	98	10.4451
53	90	10.4383
52	91	10.4383
10	55	10.4321
11	54	10.4321
4	79	10.4169
5	78	10.4169
29	34	10.4131
28	35	10.4131
17	42	10.4125
16	43	10.4125
88	93	-10.4116
89	92	-10.4116
38	69	-10.4108
39	68	-10.4108
5	70	-10.403
4	71	-10.403
10	13	-10.4016
11	12	-10.4016
51	54	10.4006
50	55	10.4006
38	45	10.3976
39	44	10.3976
50	79	10.3969
51	78	10.3969
17	72	10.396
16	73	10.396
19	46	-10.388
18	47	-10.388
11	82	10.3741
10	83	10.3741
35	90	10.3735
34	91	10.3735
14	95	10.3555
15	94	10.3555
7	20	10.3542
6	21	10.3542
5	52	10.3532
4	53	10.3532
84	93	-10.3532
85	92	-10.3532
69	92	-10.3499
68	93	-10.3499
41	54	10.348
40	55	10.348
27	40	-10.3471
26	41	-10.3471
1	6	10.3466
0	7	10.3466
17	66	10.3445
16	67	10.3445
24	37	10.3413
25	36	10.3413
5	34	10.3409
4	35	10.3409
14	23	10.3391
15	22	10.3391
32	57	-10.3337
33	56	-10.3337
28	71	-10.3324
29	70	-10.3324
48	69	-10.3311
49	68	-10.3311
9	76	-10.3179
8	77	-10.3179
41	78	10.3165
40	79	10.3165
38	95	10.3148
39	94	10.3148
14	45	10.3081
15	44	10.3081
30	53	-10.3079
31	52	-10.3079
38	99	10.3061
39	98	10.3061
36	83	10.3024
37	82	10.3024
19	36	-10.3019
18	37	-10.3019
55	92	10.3004
54	93	10.3004
62	81	-10.297
63	80	-10.297
51	68	-10.2968
50	69	-10.2968
2	33	10.2954
3	32	10.2954
10	69	-10.2909
11	68	-10.2909
22	39	10.286
23	38	10.286
71	90	-10.2835
70	91	-10.2835
3	80	10.2796
2	81	10.2796
6	45	-10.2788
7	44	-10.2788
47	96	10.2733
46	97	10.2733
5	96	10.2731
4	97	10.2731
14	99	10.2662
15	98	10.2662
27	34	-10.2574
26	35	-10.2574
26	71	10.2544
27	70	10.2544
8	73	10.2544
9	72	10.2544
21	38	-10.2522
20	39	-10.2522
0	39	-10.249
1	38	-10.249
2	19	-10.2482
3	18	-10.2482
48	61	-10.2447
49	60	-10.2447
66	87	10.2424
67	86	10.2424
6	57	10.2359
7	56	10.2359
26	67	-10.2357
27	66	-10.2357
20	43	-10.2333
21	42	-10.2333
8	43	10.2319
9	42	10.2319
76	87	-10.2319
77	86	-10.2319
37	64	-10.2169
36	65	-10.2169
17	52	10.216
16	53	10.216
11	80	10.2156
10	81	10.2156
17	76	-10.214
16	77	-10.214
31	34	-10.2114
30	35	-10.2114
68	75	-10.2106
69	74	-10.2106
4	67	10.208
5	66	10.208
58	77	-10.207
59	76	-10.207
43	90	10.2019
42	91	10.2019
27	42	-10.2009
26	43	-10.2009
9	38	10.1977
8	39	10.1977
72	91	10.1973
73	90	10.1973
50	83	10.1912
51	82	10.1912
37	54	10.1906
36	55	10.1906
49	88	-10.1883
48	89	-10.1883
16	35	10.1861
17	34	10.1861
30	71	10.1831
31	70	10.1831
59	66	10.1803
58	67	10.1803
21	72	-10.178
20	73	-10.178
37	98	10.1771
36	99	10.1771
63	96	-10.1767
62	97	-10.1767
47	78	10.1754
46	79	10.1754
30	77	10.1753
31	76	10.1753
27	72	-10.1693
26	73	-10.1693
41	82	10.1656
40	83	10.1656
49	98	10.1632
48	99	10.1632
28	73	10.1629
29	72	10.1629
28	43	10.1624
29	42	10.1624
30	43	-10.1606
31	42	-10.1606
62	79	-10.1583
63	78	-10.1583
31	72	-10.1575
30	73	-10.1575
52	87	10.1571
53	86	10.1571
1	14	-10.1538
0	15	-10.1538
21	76	10.1526
20	77	10.1526
37	88	-10.1522
36	89	-10.1522
22	73	10.1458
23	72	10.1458
23	42	10.1455
22	43	10.1455
72	95	10.1418
73	94	10.1418
43	94	10.141
42	95	10.141
36	85	-10.1408
37	84	-10.1408
9	14	10.1386
8	15	10.1386
45	76	-10.1366
44	77	-10.1366
52	59	10.1342
53	58	10.1342
34	87	10.1303
35	86	10.1303
48	85	-10.1298
49	84	-10.1298
27	52	-10.1284
26	53	-10.1284
16	71	-10.1276
17	70	-10.1276
75	98	10.1244
74	99	10.1244
80	93	10.1244
81	92	10.1244
46	81	10.1236
47	80	10.1236
77	90	-10.123
76	91	-10.123
39	60	-10.1204
38	61	-10.1204
61	74	-10.12
60	75	-10.12
44	73	10.1186
45	72	10.1186
75	88	-10.1165
74	89	-10.1165
7	16	-10.1122
6	17	-10.1122
7	86	-10.112
6	87	-10.112
39	84	-10.1116
38	85	-10.1116
48	55	10.1112
49	54	10.1112
82	93	10.1076
83	92	10.1076
43	44	10.1056
42	45	10.1056
25	38	10.1031
24	39	10.1031
55	74	10.1012
54	75	10.1012
34	57	-10.101
35	56	-10.101
15	24	10.0962
14	25	10.0962
1	76	10.0959
0	77	10.0959
6	91	-10.0944
7	90	-10.0944
34	59	10.089
35	58	10.089
26	77	10.0852
27	76	10.0852
51	80	10.0826
50	81	10.0826
2	79	10.0815
3	78	10.0815
7	58	-10.0807
6	59	-10.0807
7	28	-10.0785
6	29	-10.0785
29	76	-10.0751
28	77	-10.0751
71	86	-10.0726
70	87	-10.0726
75	84	-10.0719
74	85	-10.0719
14	85	-10.0664
15	84	-10.0664
3	96	10.0659
2	97	10.0659
0	73	-10.0625
1	72	-10.0625
37	68	-10.0615
36	69	-10.0615
10	19	-10.0611
11	18	-10.0611
14	61	-10.0576
15	60	-10.0576
39	88	-10.0525
38	89	-10.0525
75	82	10.0518
74	83	10.0518
6	31	10.0516
7	30	10.0516
41	80	10.0507
40	81	10.0507
41	62	-10.0492
40	63	-10.0492
5	32	10.0481
4	33	10.0481
15	88	-10.0463
14	89	-10.0463
0	43	-10.0459
1	42	-10.0459
57	70	10.0422
56	71	10.0422
6	27	10.0306
7	26	10.0306
32	63	-10.0306
33	62	-10.0306
59	70	-10.0187
58	71	-10.0187
49	82	10.0164
48	83	10.0164
13	36	-10.0103
12	37	-10.0103
57	66	-10.0062
56	67	-10.0062
52	57	-10.0054
53	56	-10.0054
22	94	1.99942
42	72	1.99856
28	90	1.99788
16	86	1.99785
50	92	1.99641
84	88	1.99621
52	66	1.99583
58	86	1.99578
78	96	1.99526
48	74	1.99187
8	44	1.99025
16	58	1.98986
16	90	1.98857
48	92	1.98434
6	76	1.98364
28	44	1.98302
54	98	1.9821
16	28	1.97853
86	90	1.97803
78	80	1.97798
44	90	1.97417
48	50	1.97301
8	24	1.97221
24	98	1.97035
24	94	1.96879
22	24	1.96862
58	90	1.96822
28	86	1.96638
6	70	1.96599
82	98	1.96509
74	92	1.96321
34	66	1.96287
10	46	1.96216
26	56	1.96073
12	68	1.9604
8	94	1.96006
0	44	-1.95952
28	58	1.95926
34	52	1.95683
12	64	1.95593
50	74	1.95589
32	96	1.95581
80	96	1.9534
8	22	1.95244
44	94	1.9524
14	74	1.9514
14	38	1.9508
8	28	1.95074
32	78	1.94959
90	94	1.94543
0	8	-1.94284
22	44	1.94204
8	90	1.9407
68	88	1.93874
38	42	1.93868
38	72	1.93855
28	94	1.93788
0	88	1.93743
24	44	1.93699
22	90	1.93533
80	82	1.93469
32	66	1.93243
68	84	1.93181
54	82	1.93112
0	28	-1.93042
82	84	-1.9304
16	44	1.93005
24	54	1.92731
22	28	1.92644
14	48	1.92316
0	84	1.92044
32	52	1.92032
16	94	1.91844
66	96	1.9183
14	42	1.91328
8	84	-1.91179
10	36	1.91096
16	22	1.90921
52	72	1.909
8	98	1.90892
44	86	1.90724
12	18	1.906
0	90	-1.9058
70	76	1.90531
40	46	1.90315
32	80	1.90277
8	88	-1.90213
24	82	1.90179
42	52	1.90172
38	74	1.90092
30	56	1.90012
14	72	1.89779
82	88	-1.89656
44	58	1.89294
86	94	1.89286
26	30	1.8892
34	42	1.88867
22	98	1.88866
94	98	1.8858
52	96	1.8844
8	16	1.88409
22	86	1.88305
2	10	1.88264
34	72	1.88186
66	78	1.88057
24	28	1.88023
20	64	1.87846
44	84	-1.87741
24	90	1.87685
44	88	-1.87683
84	98	-1.87656
0	20	1.87496
18	68	1.8739
66	72	1.87314
24	84	-1.87269
42	66	1.86701
8	82	1.8589
58	94	1.85687
12	88	1.85495
8	86	1.85414
78	82	1.85368
56	62	1.85068
54	80	1.85045
64	68	1.85041
2	46	1.84882
80	98	1.84813
0	24	-1.84786
44	98	1.84602
14	92	1.84557
24	88	-1.84519
22	58	1.84481
38	48	1.84356
52	78	1.84324
0	16	-1.84313
22	54	1.84265
34	96	1.84068
10	40	1.8401
88	98	-1.83805
0	94	-1.83577
68	82	-1.83464
54	94	1.83452
8	58	1.83131
20	88	1.8312
8	54	1.82923
12	20	1.82903
12	84	1.82901
14	50	1.82504
0	58	-1.82426
4	30	-1.823
0	86	-1.82128
0	22	-1.81913
16	24	1.81828
32	34	1.81339
18	64	1.80771
82	96	1.80607
4	50	1.80378
54	78	1.7996
36	46	1.79637
28	88	-1.79342
80	84	-1.79304
26	62	1.7921
34	78	1.78856
32	70	-1.78809
0	68	1.78787
44	82	1.78756
28	84	-1.78756
54	84	-1.78551
30	60	1.78484
20	84	1.78482
2	58	1.78176
84	94	-1.78172
24	86	1.78171
20	68	1.78042
82	94	1.7765
22	82	1.77538
68	80	-1.77493
66	80	1.77463
42	74	1.77147
22	84	-1.77065
0	98	-1.76947
38	92	1.76755
78	98	1.76712
0	82	-1.76633
54	96	1.76621
38	50	1.76515
4	92	1.76379
4	56	-1.76359
88	94	-1.76187
88	90	-1.76165
84	90	-1.75797
28	98	1.75641
36	40	1.75621
72	74	1.7558
44	54	1.75472
46	58	1.75166
64	88	1.74948
80	88	-1.74921
22	88	-1.74875
90	98	1.7478
24	58	1.74313
54	88	-1.73792
52	80	1.73124
2	86	1.73083
46	86	1.72477
38	52	1.72444
8	68	-1.72172
0	12	1.72132
96	98	1.72129
20	44	-1.72118
26	60	1.71808
24	80	1.71781
14	34	1.71628
32	72	1.71494
42	48	1.7098
68	98	-1.70792
32	82	1.70744
64	84	1.70685
2	16	1.69696
32	42	1.69689
18	70	1.69615
34	38	1.69563
2	36	1.69293
20	28	-1.69264
48	72	1.69075
8	20	-1.68991
52	70	-1.68509
16	46	1.68356
44	68	-1.68166
14	52	1.67805
18	88	1.67751
28	82	1.67548
12	82	-1.67177
16	98	1.67114
24	68	-1.67057
38	66	1.67034
16	88	-1.67022
18	84	1.66907
0	64	1.66772
78	84	-1.66614
16	84	-1.66505
28	54	1.6622
4	48	1.66204
34	80	1.66149
68	78	-1.65914
66	70	-1.65903
54	90	1.65838
0	54	-1.6572
82	90	1.65539
20	90	-1.65327
6	32	-1.64552
2	90	1.64473
8	80	1.64277
2	28	1.64169
10	58	1.63555
86	88	-1.63551
18	80	-1.63512
72	96	1.63359
14	66	1.63357
4	74	1.63333
4	26	-1.63171
86	98	1.62789
84	86	-1.62778
58	88	-1.62536
42	96	1.62418
18	32	-1.62098
78	88	-1.61712
12	80	-1.61493
54	68	-1.61383
24	78	1.61288
58	84	-1.6122
70	96	-1.60968
70	78	-1.6085
70	72	-1.60675
32	54	1.60615
32	68	-1.60563
84	96	-1.60353
20	58	-1.60193
68	96	-1.60087
42	92	1.60005
8	12	-1.59557
10	86	1.59502
2	40	1.59207
18	82	-1.59201
46	90	1.59071
56	60	1.58866
30	62	1.58678
16	20	-1.5867
16	54	1.5866
58	98	1.5856
72	92	1.58214
42	50	1.58141
28	68	-1.57884
32	98	1.5783
6	52	-1.57755
70	80	-1.57705
72	78	1.57562
12	44	-1.57491
42	70	-1.57423
20	86	-1.57414
6	18	1.56985
50	72	1.56575
28	46	1.56528
42	78	1.56472
16	82	1.56195
24	96	1.56005
6	72	-1.55828
18	78	-1.55768
20	82	-1.55658
68	94	-1.55574
22	80	1.55554
20	24	-1.55549
88	96	-1.55373
18	20	1.55343
80	94	1.55321
44	80	1.55236
10	16	1.55068
0	80	-1.54595
66	82	1.54583
22	68	-1.54391
54	86	1.54295
68	90	-1.54293
6	66	-1.54262
32	76	-1.53885
0	2	-1.53836
32	84	-1.53549
12	98	-1.53482
2	44	1.53106
40	58	1.53048
20	94	-1.52459
6	42	-1.52423
82	86	1.51768
8	78	1.51743
40	86	1.517
12	24	-1.51559
18	96	-1.51559
6	38	-1.51412
54	66	1.51292
64	82	-1.50814
38	70	-1.50662
34	74	1.50527
72	76	-1.5043
20	22	-1.50408
12	78	-1.50403
20	98	-1.50107
2	20	-1.4987
4	62	-1.49714
32	38	1.49656
54	58	1.49557
34	70	-1.49528
44	64	-1.49457
38	76	-1.49453
52	76	-1.49342
32	88	-1.49284
52	82	1.49265
8	64	-1.49222
12	28	-1.49156
58	82	1.48392
12	32	-1.48051
52	74	1.47784
16	40	1.47724
0	18	1.47465
42	76	-1.47069
60	82	-1.46926
18	76	1.46858
60	80	-1.46825
6	96	-1.46372
10	90	1.46372
68	70	1.4625
8	30	-1.46006
36	60	-1.46
34	54	1.45943
8	96	1.4588
66	76	-1.45687
6	78	-1.45666
12	90	-1.45511
34	48	1.45387
52	54	1.45275
12	96	-1.45249
30	44	-1.45197
50	56	-1.45082
22	78	1.45015
66	98	1.44934
16	68	-1.44919
20	26	1.44879
34	82	1.44529
78	94	1.44513
10	28	1.4448
24	30	-1.44337
72	80	1.4431
0	56	1.44235
64	80	-1.44154
44	46	1.44028
60	84	1.43974
28	64	-1.43771
0	30	1.43751
2	8	1.43736
18	98	-1.43621
4	16	1.43617
2	94	1.43608
12	54	-1.43593
30	84	1.43429
26	88	1.4334
4	86	1.43335
42	80	1.43071
30	88	1.42979
60	78	-1.42853
0	26	1.42832
28	80	1.42785
66	74	1.42785
60	68	1.42729
46	94	1.42719
20	56	1.4267
28	30	-1.42643
30	94	-1.42589
12	94	-1.4257
4	90	1.42548
44	78	1.42464
60	88	1.42461
14	32	1.42401
22	30	-1.4212
2	22	1.42047
4	14	1.4204
4	58	1.41991
24	32	1.41938
30	90	-1.41885
60	98	-1.41835
12	70	1.41805
22	46	1.41792
6	80	-1.41722
30	98	-1.41708
30	50	-1.41705
26	84	1.41629
4	94	1.4161
68	86	-1.41609
48	52	1.41493
4	28	1.41484
4	22	1.41436
4	38	1.41275
12	22	-1.41208
8	18	-1.41036
0	78	-1.40984
80	90	1.40757
58	68	-1.40691
18	66	-1.40665
14	40	1.40603
26	68	1.40585
56	92	-1.40582
40	74	1.40577
12	26	1.40525
20	62	1.4033
60	96	-1.40314
4	60	-1.4023
40	48	1.40197
64	90	-1.40159
30	82	-1.40125
22	96	1.4004
18	52	-1.39902
26	64	1.39899
56	88	1.39673
6	34	-1.39669
20	54	-1.39575
44	56	-1.39566
54	60	-1.39532
94	96	1.39451
38	96	1.39402
52	98	1.39233
20	80	-1.39223
4	44	1.39136
10	38	1.38981
24	64	-1.38974
64	98	-1.38864
66	68	-1.38846
46	74	1.38815
16	30	-1.38753
28	56	-1.3853
70	82	-1.38322
18	24	-1.38176
40	90	1.38137
40	92	1.38101
56	84	1.37907
8	56	-1.37877
34	98	1.37861
32	60	-1.37663
38	46	1.37654
0	46	-1.37641
12	16	-1.37623
24	60	-1.37451
40	50	1.3743
30	86	-1.37378
4	8	1.37366
30	92	-1.37357
30	54	-1.37173
76	96	-1.37103
36	72	1.36965
18	44	-1.36933
56	90	-1.36873
8	60	-1.36862
48	66	1.36859
18	54	-1.36818
46	50	1.36793
44	96	1.36751
30	58	-1.36695
14	70	-1.3669
46	48	1.36571
36	42	1.36253
14	96	1.36156
76	78	-1.36107
36	38	1.36076
14	46	1.35947
26	44	-1.35864
8	46	1.3572
4	24	1.35631
52	68	-1.35595
46	92	1.35566
38	40	1.35558
8	26	-1.35488
28	40	1.3531
12	58	-1.35255
12	86	-1.35232
6	14	-1.35095
0	96	-1.35045
64	78	-1.34981
0	60	1.34935
36	58	1.34926
12	60	1.34874
30	68	1.34412
66	84	-1.34302
8	32	1.34296
44	60	-1.34059
38	78	1.3396
56	58	-1.33935
48	56	-1.3388
16	64	-1.33866
18	60	1.33845
10	60	-1.3373
58	64	-1.33693
16	56	-1.33623
34	92	1.33618
56	74	-1.33511
10	14	1.33452
10	74	1.33435
10	72	1.33248
34	76	-1.33025
50	62	-1.32948
10	42	1.32932
26	28	-1.32894
56	86	-1.32839
64	94	-1.32807
40	42	1.32558
10	44	1.32557
64	86	-1.32459
32	64	-1.32414
50	86	1.32351
0	4	-1.32318
56	68	1.32157
14	76	-1.32139
36	52	1.32099
76	80	-1.31915
50	58	1.31895
16	80	1.31888
2	24	1.31756
56	64	1.31747
20	30	1.31411
24	56	-1.31394
40	72	1.31352
22	64	-1.31294
64	96	-1.31281
12	56	1.31228
30	36	-1.31218
36	86	1.31199
26	50	-1.31163
26	82	-1.31116
6	68	1.31063
56	94	-1.31028
16	50	1.30923
28	78	1.30819
26	90	-1.30775
34	50	1.30762
4	46	1.30676
60	94	-1.30588
52	92	1.3055
62	74	-1.30493
14	78	1.3049
2	88	-1.30474
22	60	-1.30213
66	88	-1.3017
22	56	-1.30026
52	84	-1.2996
36	66	1.29902
6	74	-1.29876
54	64	-1.29867
28	60	-1.2981
70	84	1.29789
10	48	1.29737
2	38	1.29705
86	92	1.29664
60	62	1.2966
14	36	1.29658
24	26	-1.29657
38	62	-1.29588
62	92	-1.29477
42	46	1.29463
62	64	1.29457
74	76	-1.2932
12	66	-1.29225
10	50	1.2922
78	90	1.29197
18	94	-1.29152
46	72	1.29147
58	92	1.29109
10	94	1.29087
24	66	1.29057
2	56	-1.29001
0	10	-1.28989
0	62	1.28905
18	34	-1.2886
60	90	-1.2866
18	22	-1.28633
50	52	1.28552
18	28	-1.28487
30	80	-1.28474
6	12	1.28408
12	30	1.28331
16	92	1.28206
34	68	-1.2816
48	62	-1.28123
10	22	1.28097
20	78	-1.28091
26	92	-1.28026
80	86	1.27929
70	74	-1.27866
20	46	-1.27777
26	98	-1.27767
30	48	-1.27727
10	92	1.27694
70	88	1.27671
24	46	1.27665
4	98	1.27665
34	36	1.27494
2	84	-1.27423
64	70	1.27368
2	60	-1.27365
16	36	1.27307
54	70	-1.2728
0	32	-1.27238
60	66	-1.27022
56	82	-1.26915
12	52	-1.26914
56	98	-1.26754
22	32	1.26713
40	94	1.26671
18	26	1.2666
16	26	-1.26484
26	58	-1.26477
26	94	-1.26436
32	94	1.26381
22	40	1.26263
32	44	1.26245
50	90	1.2619
66	92	1.2619
18	90	-1.26171
52	88	-1.26112
70	98	-1.26054
36	74	1.25996
6	48	-1.25983
28	96	1.25742
20	60	1.25642
22	26	-1.25469
48	76	-1.25464
58	74	1.2544
26	86	-1.25419
4	10	1.2541
30	74	-1.254
16	60	-1.25388
46	60	-1.25361
18	72	-1.25227
48	86	1.25213
48	58	1.252
60	64	1.25175
4	40	1.25124
40	44	1.24991
58	80	1.24979
34	84	-1.2497
74	86	1.24923
32	74	1.24784
58	60	-1.2472
50	76	-1.2466
8	10	1.24648
2	30	-1.24616
2	4	1.2453
14	62	-1.24528
2	74	1.24479
60	86	-1.24466
6	82	-1.24456
10	30	-1.24439
2	26	-1.24427
52	60	-1.24354
28	50	1.24312
90	96	1.2431
4	84	-1.24257
18	42	-1.24185
2	62	-1.2415
50	66	1.24133
4	88	-1.24105
76	92	-1.24095
24	52	1.24087
48	70	-1.2405
32	36	1.23974
4	54	1.23911
20	96	-1.23746
16	48	1.23432
6	92	-1.23388
10	20	-1.23383
90	92	1.23362
6	50	-1.23289
30	64	1.23276
24	34	1.23136
40	64	-1.23008
16	74	1.22927
2	50	1.22879
26	36	-1.22864
4	36	1.22701
30	46	-1.22675
38	80	1.22648
62	88	1.22605
12	34	-1.22573
26	48	-1.22398
12	62	1.22347
38	56	-1.2233
34	40	1.22259
36	48	1.22103
26	54	-1.22014
72	82	1.2186
62	76	1.21831
26	80	-1.21628
68	76	1.21626
60	70	1.21594
16	78	1.21582
34	88	-1.21537
36	56	-1.2147
28	92	1.21449
34	64	-1.21422
2	64	-1.21421
50	94	1.21403
22	50	1.21232
30	78	-1.21187
2	14	1.21167
64	66	-1.21146
10	52	1.21145
28	62	-1.21046
42	82	1.21031
36	50	1.21015
26	74	-1.20909
54	56	-1.20882
44	62	-1.20817
2	48	1.20758
4	82	1.20568
8	66	1.20508
4	42	1.20489
16	18	-1.20474
2	92	1.20339
36	90	1.20294
34	60	-1.20277
0	40	-1.20135
2	72	1.19989
32	48	1.19908
36	70	-1.19897
70	92	-1.19895
4	72	1.19878
12	76	1.19836
62	84	1.19795
36	92	1.19717
14	56	-1.19686
20	40	-1.19593
10	56	-1.19419
20	32	-1.19388
14	80	1.19367
52	64	-1.19324
2	42	1.19286
62	90	-1.19264
54	72	1.19149
6	54	-1.19037
92	94	1.19034
50	70	-1.18992
40	52	1.18978
22	92	1.18924
28	36	1.18916
8	40	1.18912
58	62	-1.18846
2	98	1.18835
42	54	1.18825
44	50	1.1868
36	96	1.18619
18	30	1.18442
10	34	1.18422
18	86	-1.18418
48	90	1.18388
74	96	1.18275
10	66	1.18265
8	62	-1.18248
62	68	1.18207
78	86	1.18199
46	88	-1.18044
4	20	-1.18007
48	64	-1.17846
74	90	1.17829
30	96	-1.17819
38	58	1.17404
16	96	1.17403
40	60	-1.17329
46	56	-1.17294
6	36	-1.17242
14	18	-1.17172
18	58	-1.17121
76	82	-1.17114
42	62	-1.16968
16	62	-1.1691
40	66	1.16895
6	64	1.16875
10	24	1.16863
14	64	-1.1686
6	84	1.16836
62	72	-1.1677
62	86	-1.16766
28	48	1.16638
10	26	-1.16604
28	32	1.16488
22	66	1.16465
64	92	-1.16459
24	70	-1.1645
6	98	-1.16434
8	52	1.1643
46	84	-1.16406
36	78	1.1622
28	74	1.16214
54	76	-1.16029
44	92	1.16008
2	12	-1.15999
66	94	1.15975
18	56	1.15879
18	48	-1.15877
14	58	1.15614
38	86	1.15599
58	78	1.15582
2	68	-1.15531
8	50	1.15292
6	88	1.15198
56	80	-1.1501
32	90	1.14993
18	92	-1.14964
68	72	-1.14913
46	52	1.14897
46	98	1.1488
18	38	-1.14873
64	74	-1.14695
2	76	-1.1469
8	34	1.1467
12	40	-1.14661
14	86	1.14646
34	46	1.14507
26	78	-1.14479
72	98	1.14462
30	40	-1.14444
46	64	-1.14361
86	96	1.14357
6	62	1.14315
48	96	1.14286
36	76	-1.14258
42	68	-1.14161
50	64	-1.14111
74	78	1.141
4	76	-1.14031
42	98	1.14019
18	40	-1.13977
24	40	1.13963
44	66	1.13906
2	82	1.13538
16	38	1.1342
4	68	-1.13413
18	74	-1.13345
0	66	-1.13285
48	94	1.13187
0	50	-1.13128
22	48	1.13015
6	10	-1.12979
8	92	1.12855
6	60	1.12808
2	54	1.12796
24	50	1.12756
42	64	-1.12735
2	6	-1.12684
14	16	1.12638
22	34	1.12623
22	52	1.12568
62	94	-1.12491
24	62	-1.1242
76	98	-1.12414
12	72	-1.12387
12	42	-1.12345
18	50	-1.12336
46	66	1.12319
8	70	-1.12314
32	92	1.1231
10	70	-1.12241
10	76	-1.12231
26	46	-1.12226
52	94	1.12158
34	94	1.12055
30	32	-1.12028
58	96	1.11981
22	62	-1.11798
64	72	-1.11702
74	94	1.11569
26	96	-1.11528
4	12	-1.11372
30	38	-1.11327
22	74	1.11302
4	64	-1.11264
10	88	-1.11263
44	48	1.11187
34	62	-1.11122
36	44	1.10963
32	50	1.1094
10	32	1.10897
14	26	-1.10872
0	92	-1.10821
36	80	1.1076
24	92	1.10681
64	76	1.1062
48	78	1.1061
44	52	1.10585
14	30	-1.10575
44	74	1.10501
46	54	1.10491
26	38	-1.10351
20	34	-1.10331
0	70	1.10321
0	52	-1.10231
12	48	-1.10153
76	84	1.1006
12	14	-1.09908
20	66	-1.09774
12	92	-1.09771
10	84	-1.09753
6	24	-1.09699
4	6	-1.09649
10	62	-1.09599
62	98	-1.09581
22	70	-1.09527
20	70	1.09453
16	32	1.09342
38	90	1.09274
62	82	-1.09242
12	46	-1.09212
0	36	-1.09195
34	44	1.0917
70	94	-1.09056
72	84	-1.09047
36	94	1.09004
26	32	-1.08897
76	88	1.08726
40	88	-1.08706
2	70	-1.08692
60	72	-1.08691
10	64	-1.08685
20	50	-1.08597
0	34	-1.08494
22	36	1.08479
56	78	-1.08445
42	84	-1.08431
36	62	-1.08425
4	80	1.08372
28	38	1.08366
14	90	1.08279
2	52	1.0826
46	82	1.08247
20	92	-1.08125
12	50	-1.0812
8	48	1.08112
42	60	-1.08087
60	76	1.08085
54	62	-1.08051
20	36	-1.08017
44	70	-1.07965
50	60	-1.07758
6	46	-1.07711
20	48	-1.07689
46	76	-1.0763
12	74	-1.07613
42	56	-1.07537
20	52	-1.07536
24	76	-1.07521
92	96	1.07508
40	70	-1.07502
18	62	1.07429
10	98	1.07404
56	72	-1.07363
0	48	-1.07343
8	74	1.0725
28	66	1.07228
46	62	-1.07227
32	40	1.07223
46	68	-1.07194
4	18	-1.07192
32	86	1.07173
40	84	-1.07163
40	68	-1.07145
14	28	1.07116
38	64	-1.0711
72	88	-1.07024
0	74	-1.0701
22	76	-1.06963
20	74	-1.06883
6	22	-1.06843
6	40	-1.06827
38	82	1.06824
74	80	1.06772
8	36	1.06659
42	58	1.06656
10	96	1.06548
58	72	1.06525
42	88	-1.06511
66	90	1.06499
40	56	-1.06478
46	70	-1.06427
60	92	-1.06311
50	96	1.06272
6	94	-1.06141
76	94	-1.06113
62	70	1.06065
56	96	-1.05966
24	48	1.05959
2	66	1.05941
50	98	1.05864
32	58	1.05792
52	62	-1.05785
56	76	1.05684
24	72	1.05617
40	76	-1.05597
14	20	-1.05584
2	34	1.05533
6	8	-1.05517
42	86	1.05487
14	82	1.05407
40	98	1.05374
24	42	1.05368
72	86	1.05298
50	88	-1.05286
14	68	-1.05252
40	96	1.051
38	54	1.05069
14	54	1.05016
28	52	1.04975
78	92	1.04941
62	66	-1.04891
32	46	1.04886
24	74	1.04847
10	78	1.04835
50	84	-1.04733
30	66	-1.04721
12	38	-1.04584
48	80	1.04495
92	98	1.04451
52	90	1.04383
10	54	1.04321
4	78	1.04169
28	34	1.04131
16	42	1.04125
88	92	-1.04116
38	68	-1.04108
4	70	-1.0403
10	12	-1.04016
50	54	1.04006
38	44	1.03976
50	78	1.03969
16	72	1.0396
18	46	-1.0388
10	82	1.03741
34	90	1.03735
14	94	1.03555
6	20	1.03542
4	52	1.03532
84	92	-1.03532
68	92	-1.03499
40	54	1.0348
26	40	-1.03471
0	6	1.03466
16	66	1.03445
24	36	1.03413
4	34	1.03409
14	22	1.03391
32	56	-1.03337
28	70	-1.03324
48	68	-1.03311
8	76	-1.03179
40	78	1.03165
38	94	1.03148
14	44	1.03081
30	52	-1.03079
38	98	1.03061
36	82	1.03024
18	36	-1.03019
54	92	1.03004
62	80	-1.0297
50	68	-1.02968
2	32	1.02954
10	68	-1.02909
22	38	1.0286
70	90	-1.02835
2	80	1.02796
6	44	-1.02788
46	96	1.02733
4	96	1.02731
14	98	1.02662
26	34	-1.02574
26	70	1.02544
8	72	1.02544
20	38	-1.02522
0	38	-1.0249
2	18	-1.02482
48	60	-1.02447
66	86	1.02424
6	56	1.02359
26	66	-1.02357
20	42	-1.02333
8	42	1.02319
76	86	-1.02319
36	64	-1.02169
16	52	1.0216
10	80	1.02156
16	76	-1.0214
30	34	-1.02114
68	74	-1.02106
4	66	1.0208
58	76	-1.0207
42	90	1.02019
26	42	-1.02009
8	38	1.01977
72	90	1.01973
50	82	1.01912
36	54	1.01906
48	88	-1.01883
16	34	1.01861
30	70	1.01831
58	66	1.01803
20	72	-1.0178
36	98	1.01771
62	96	-1.01767
46	78	1.01754
30	76	1.01753
26	72	-1.01693
40	82	1.01656
48	98	1.01632
28	72	1.01629
28	42	1.01624
30	42	-1.01606
62	78	-1.01583
30	72	-1.01575
52	86	1.01571
0	14	-1.01538
20	76	1.01526
36	88	-1.01522
22	72	1.01458
22	42	1.01455
72	94	1.01418
42	94	1.0141
36	84	-1.01408
8	14	1.01386
44	76	-1.01366
52	58	1.01342
34	86	1.01303
48	84	-1.01298
26	52	-1.01284
16	70	-1.01276
74	98	1.01244
80	92	1.01244
46	80	1.01236
76	90	-1.0123
38	60	-1.01204
60	74	-1.012
44	72	1.01186
74	88	-1.01165
6	16	-1.01122
6	86	-1.0112
38	84	-1.01116
48	54	1.01112
82	92	1.01076
42	44	1.01056
24	38	1.01031
54	74	1.01012
34	56	-1.0101
14	24	1.00962
0	76	1.00959
6	90	-1.00944
34	58	1.0089
26	76	1.00852
50	80	1.00826
2	78	1.00815
6	58	-1.00807
6	28	-1.00785
28	76	-1.00751
70	86	-1.00726
74	84	-1.00719
14	84	-1.00664
2	96	1.00659
0	72	-1.00625
36	68	-1.00615
10	18	-1.00611
14	60	-1.00576
38	88	-1.00525
74	82	1.00518
6	30	1.00516
40	80	1.00507
40	62	-1.00492
4	32	1.00481
14	88	-1.00463
0	42	-1.00459
56	70	1.00422
6	26	1.00306
32	62	-1.00306
58	70	-1.00187
48	82	1.00164
12	36	-1.00103
56	66	-1.00062
52	56	-1.00054
